-12.5 441.1 2718.8  0.9983235598 0.0023910326 -0.0578308553 -0.0045506898 0.9992959499 -0.0372415669 0.0577010959 0.0374423005 0.9976315498
-12.9 244.7 2711.4 0.9983235598 0.0023910326 -0.0578308553 -0.0045506898 0.9992959499 -0.0372415669 0.0577010959 0.0374423005 0.9976315498
-12.7 50.8 2704.9 0.9983258247 -0.0011824645 -0.0578285940 -0.0007567861 0.9994384050 -0.0335010663 0.0578357317 0.0334887430 0.9977642894
-149.3 244.8 2703.5 0.2195192128 -0.6782717109 -0.7012551427 0.9755728245 0.1587296724 0.1518636048 0.0083052041 -0.7174624205 0.6965476871
-207.1 -12.0 2701.3 -0.0275565349 -0.6793316603 -0.7333137989 0.9601417184 0.1861401498 -0.2085179090 0.2781519592 -0.7098312378 0.6471252441
123.4 244.6 2719.3 0.1923478693 0.6413688064 0.7427303195 -0.9789339304 0.1782296598 0.0996120721 -0.0684885010 -0.7462440729 0.6621397734
169.7 9.4 2702.9 -0.0119633768 0.6414561272 0.7670664191 -0.9681982994 0.1842846274 -0.1692075431 -0.2498977780 -0.7446967363 0.6188520789
-100.5 -140.9 2690.3 0.9985532165 -0.0197022762 -0.0500333644 0.0219078287 0.9987946749 0.0439227670 0.0491076820 -0.0449553430 0.9977812767
-92.8 -528.6 2707.8 0.9987277985 -0.0092363795 -0.0495723709 0.0102977306 0.9997222424 0.0211976264 0.0493628159 -0.0216811411 0.9985455871
78.3 -141.2 2702.0 0.9938447475 0.0781558529 -0.0785129368 -0.0744250789 0.9960035682 0.0493744127 0.0820580646 -0.0432271697 0.9956896305
48.0 -527.8 2718.8 0.9936927557 -0.0756362304 -0.0827878192 0.0753343627 0.9971353412 -0.0067685409 0.0830626041 0.0004890831 0.9965441823
-200.1 -255.7 2630.7 0 0 0 0 0 0 0 0 0
166.6 -237.8 2639.1 0 0 0 0 0 0 0 0 0
-90.1 -819.8 2714.1 0 0 0 0 0 0 0 0 0
70.2 -821.0 2718.7 0 0 0 0 0 0 0 0 0
-11.6 440.0 2717.9  0.9992045164 0.0060719824 -0.0394147374 -0.0074456646 0.9993665814 -0.0347993001 0.0391784683 0.0350650847 0.9986168146
-12.8 243.8 2711.0 0.9992045164 0.0060719824 -0.0394147374 -0.0074456646 0.9993665814 -0.0347993001 0.0391784683 0.0350650847 0.9986168146
-13.1 49.8 2705.3 0.9992217422 0.0020522652 -0.0393920466 -0.0032047681 0.9995679855 -0.0292164404 0.0393150672 0.0293199439 0.9987965822
-149.3 244.3 2705.6 0.2178650498 -0.6893381476 -0.6909035444 0.9758542180 0.1651759148 0.1429178566 0.0156018948 -0.7053579092 0.7086796165
-207.1 -14.8 2701.5 -0.0313631371 -0.6901543140 -0.7229822278 0.9580339193 0.1854475737 -0.2185868323 0.2849339545 -0.6994971037 0.6553750634
123.7 243.4 2716.4 0.1910253912 0.6313382983 0.7516124845 -0.9806855917 0.1555247307 0.1186078489 -0.0420126468 -0.7597526312 0.6488535404
169.9 6.6 2706.2 -0.0158711895 0.6324327588 0.7744526863 -0.9649721980 0.1931699663 -0.1775218397 -0.2618716061 -0.7501427531 0.6072142124
-101.9 -143.2 2693.3 0.9992923141 -0.0216112081 -0.0307872724 0.0221553706 0.9996023178 0.0174448062 0.0303980261 -0.0181145631 0.9993737340
-93.5 -531.1 2700.3 0.9994265437 -0.0122854346 -0.0315539576 0.0139732976 0.9984517694 0.0538401790 0.0308436546 -0.0542502180 0.9980508685
77.0 -143.3 2703.6 0.9949962497 0.0796682239 -0.0602946766 -0.0767852366 0.9958569407 0.0487129800 0.0639257506 -0.0438394919 0.9969912767
46.0 -529.9 2720.6 0.9938647151 -0.0884397998 -0.0664180666 0.0865820125 0.9957822561 -0.0303528178 0.0688223243 0.0244159847 0.9973301291
-199.1 -258.0 2629.2 0 0 0 0 0 0 0 0 0
165.8 -239.8 2639.4 0 0 0 0 0 0 0 0 0
-89.9 -821.8 2716.1 0 0 0 0 0 0 0 0 0
71.8 -819.5 2713.5 0 0 0 0 0 0 0 0 0
-13.2 438.9 2717.9  0.9990462065 0.0071675787 -0.0430734865 -0.0086657982 0.9993602633 -0.0346974358 0.0427972339 0.0350376070 0.9984692335
-14.6 243.0 2711.1 0.9990462065 0.0071675787 -0.0430734865 -0.0086657982 0.9993602633 -0.0346974358 0.0427972339 0.0350376070 0.9984692335
-15.6 49.0 2705.2 0.9990609288 0.0049554235 -0.0430434868 -0.0062395711 0.9995378852 -0.0297507998 0.0428761654 0.0299914330 0.9986301064
-151.1 243.8 2705.2 0.2110868245 -0.6878660917 -0.6944656968 0.9773235917 0.1607069224 0.1378834099 0.0167601258 -0.7078230977 0.7061908841
-207.0 -15.0 2700.8 -0.0281809941 -0.6888105273 -0.7243934870 0.9592197537 0.1852653325 -0.2134813070 0.2812531590 -0.7008686662 0.6554996371
121.8 242.1 2716.9 0.1977772713 0.6328868866 0.7485575080 -0.9792283177 0.1623651981 0.1214473099 -0.0446772873 -0.7570282221 0.6518529058
169.8 4.6 2706.1 -0.0172706731 0.6336928010 0.7733920217 -0.9651407003 0.1914743185 -0.1784405857 -0.2611612082 -0.7495138645 0.6082957983
-103.0 -143.9 2696.1 0.9992126226 -0.0196947698 -0.0344428122 0.0205388647 0.9994930625 0.0243274849 0.0339462273 -0.0250157472 0.9991105199
-95.4 -531.9 2705.8 0.9991610050 -0.0217079371 -0.0347286947 0.0230601653 0.9989722371 0.0390222445 0.0338459089 -0.0397903547 0.9986346364
76.0 -144.5 2703.1 0.9950574040 0.0766414255 -0.0631414950 -0.0731897205 0.9957848787 0.0552790500 0.0671120062 -0.0503845178 0.9964724779
46.2 -531.1 2722.7 0.9931654930 -0.0933073163 -0.0701143146 0.0907183290 0.9951027632 -0.0392509811 0.0734333545 0.0326220691 0.9967664480
-199.9 -258.5 2629.4 0 0 0 0 0 0 0 0 0
165.4 -241.9 2639.4 0 0 0 0 0 0 0 0 0
-89.1 -822.2 2717.4 0 0 0 0 0 0 0 0 0
73.5 -822.1 2713.2 0 0 0 0 0 0 0 0 0
-12.9 439.4 2717.4  0.9986626506 0.0076343808 -0.0511329696 -0.0094044004 0.9993616343 -0.0344653651 0.0508372039 0.0349001512 0.9980969429
-14.4 243.3 2710.6 0.9986626506 0.0076343808 -0.0511329696 -0.0094044004 0.9993616343 -0.0344653651 0.0508372039 0.0349001512 0.9980969429
-15.4 49.2 2704.5 0.9986786246 0.0053705717 -0.0511094965 -0.0069541899 0.9994996190 -0.0308575984 0.0509181954 0.0311722476 0.9982162118
-150.8 244.2 2703.6 0.2107745260 -0.6830440760 -0.6993031502 0.9774385691 0.1572943628 0.1409691572 0.0137083046 -0.7132385969 0.7007872462
-206.9 -15.9 2700.0 -0.0261581074 -0.6841109991 -0.7289087176 0.9601974487 0.1856498122 -0.2086983323 0.2780945897 -0.7053554058 0.6520254016
122.0 242.3 2717.6 0.1962851882 0.6381303668 0.7444875836 -0.9791897535 0.1674960703 0.1145970896 -0.0515708700 -0.7514883280 0.6577277184
169.7 4.5 2705.0 -0.0178086236 0.6386892796 0.7692586184 -0.9654177427 0.1891624629 -0.1794049442 -0.2600988746 -0.7458508611 0.6132332683
-106.1 -144.5 2695.6 0.9987571239 -0.0256762467 -0.0427188314 0.0271403417 0.9990514517 0.0340533406 0.0418039449 -0.0351704210 0.9985066056
-96.1 -532.3 2709.2 0.9988175035 -0.0237323493 -0.0424312539 0.0247224662 0.9994305372 0.0229641423 0.0418621004 -0.0239859913 0.9988354445
73.0 -145.6 2703.3 0.9949457049 0.0707694590 -0.0712372437 -0.0670890734 0.9963490963 0.0527968816 0.0747135729 -0.0477507897 0.9960610867
45.5 -532.4 2721.8 0.9921128154 -0.0988067761 -0.0771322772 0.0964098796 0.9947535396 -0.0342128649 0.0801080689 0.0265067089 0.9964336753
-200.3 -259.6 2629.4 0 0 0 0 0 0 0 0 0
165.2 -242.1 2638.6 0 0 0 0 0 0 0 0 0
-89.2 -822.0 2716.2 0 0 0 0 0 0 0 0 0
74.2 -821.6 2714.1 0 0 0 0 0 0 0 0 0
-14.0 443.1 2725.7  0.9977653623 0.0049863132 -0.0666290075 -0.0089407675 0.9982070327 -0.0591846555 0.0662144348 0.0596481152 0.9960209727
-14.9 246.6 2714.0 0.9977653623 0.0049863132 -0.0666290075 -0.0089407675 0.9982070327 -0.0591846555 0.0662144348 0.0596481152 0.9960209727
-15.1 52.8 2703.6 0.9977784753 0.0009905730 -0.0666116476 -0.0045552244 0.9985637069 -0.0533833802 0.0664630905 0.0535682216 0.9963498712
-151.2 247.2 2704.9 0.2070027143 -0.6746222973 -0.7085440159 0.9780512452 0.1603033990 0.1331110299 0.0237823501 -0.7205467224 0.6929984093
-206.8 -15.3 2698.5 -0.0254517123 -0.6757348180 -0.7367052436 0.9595757127 0.1901163906 -0.2075336277 0.2802974582 -0.7122065425 0.6435799599
121.4 245.9 2723.0 0.1951255947 0.6480167508 0.7362067103 -0.9772368670 0.1921889037 0.0898420140 -0.0832716301 -0.7369787693 0.6707667708
169.5 4.8 2702.5 -0.0176501498 0.6478860378 0.7615327835 -0.9666213393 0.1836517602 -0.1786481440 -0.2556004822 -0.7392669916 0.6230189800
-105.9 -144.2 2693.9 0.9978455305 -0.0288155880 -0.0589405075 0.0304762833 0.9991578460 0.0274735074 0.0580992065 -0.0292106047 0.9978833795
-94.8 -532.0 2705.3 0.9980267882 -0.0202912092 -0.0594208427 0.0229505207 0.9987493157 0.0444188043 0.0584452152 -0.0456948951 0.9972442985
73.0 -145.4 2703.1 0.9941375256 0.0653426424 -0.0861444771 -0.0617716201 0.9971423745 0.0434900783 0.0887400582 -0.0379138365 0.9953329563
47.6 -532.5 2717.8 0.9925569892 -0.0831019059 -0.0890208110 0.0832725018 0.9965251684 -0.0018023184 0.0888612568 -0.0056240819 0.9960281253
-200.3 -258.9 2627.3 0 0 0 0 0 0 0 0 0
165.0 -242.1 2637.2 0 0 0 0 0 0 0 0 0
-88.8 -826.6 2718.8 0 0 0 0 0 0 0 0 0
72.2 -827.1 2719.4 0 0 0 0 0 0 0 0 0
-14.4 443.9 2730.8  0.9972304702 0.0007417176 -0.0743698701 -0.0060521155 0.9974433184 -0.0712053552 0.0741269141 0.0714582428 0.9946853518
-14.5 248.2 2716.8 0.9972304702 0.0007417176 -0.0743698701 -0.0060521155 0.9974433184 -0.0712053552 0.0741269141 0.0714582428 0.9946853518
-14.1 54.5 2704.7 0.9972281456 -0.0020767106 -0.0743757039 -0.0025821081 0.9980423450 -0.0624880977 0.0743598714 0.0625069365 0.9952705503
-150.8 248.6 2706.7 0.2142131478 -0.6692734957 -0.7114672661 0.9764739275 0.1651646048 0.1386335939 0.0247254223 -0.7244264483 0.6889085770
-208.4 -14.2 2700.0 -0.0289927553 -0.6701368690 -0.7416710854 0.9601329565 0.1877147257 -0.2071423233 0.2780362964 -0.7181084156 0.6379781365
121.7 247.8 2727.0 0.1963228434 0.6531376243 0.7313471437 -0.9760538340 0.2014329731 0.0821199790 -0.0936817825 -0.7299562097 0.6770433187
169.7 9.5 2704.1 -0.0076802392 0.6531027555 0.7572303414 -0.9643366337 0.1955128759 -0.1784084886 -0.2645673454 -0.7315952182 0.6283093095
-104.6 -140.6 2687.2 0.9973441958 -0.0272594355 -0.0675391108 0.0299499016 0.9987844825 0.0391485766 0.0663898438 -0.0410673916 0.9969483018
-94.0 -528.3 2703.2 0.9975874424 -0.0149432402 -0.0677933544 0.0182600580 0.9986527562 0.0485725626 0.0669761896 -0.0496932901 0.9965162873
74.1 -141.5 2699.1 0.9929009080 0.0739579424 -0.0931560099 -0.0696287379 0.9963737726 0.0488998927 0.0964347422 -0.0420664102 0.9944499731
45.4 -528.3 2715.5 0.9909436703 -0.0930756629 -0.0967859402 0.0933519080 0.9956317544 -0.0016800395 0.0965195224 -0.0073703276 0.9953038096
-201.0 -257.9 2629.4 0 0 0 0 0 0 0 0 0
167.7 -236.7 2636.5 0 0 0 0 0 0 0 0 0
-89.7 -819.6 2717.7 0 0 0 0 0 0 0 0 0
72.9 -822.2 2717.6 0 0 0 0 0 0 0 0 0
-15.4 443.5 2733.4  0.9970704913 -0.0002729553 -0.0764874294 -0.0057510464 0.9968954325 -0.0785267130 0.0762714073 0.0787365511 0.9939734340
-15.3 248.1 2718.0 0.9970704913 -0.0002729553 -0.0764874294 -0.0057510464 0.9968954325 -0.0785267130 0.0762714073 0.0787365511 0.9939734340
-14.6 54.5 2704.5 0.9970622063 -0.0037240346 -0.0765054300 -0.0016102192 0.9975776076 -0.0695441067 0.0765790865 0.0694629923 0.9946408868
-151.5 248.3 2707.5 0.2107051462 -0.6687917113 -0.7129663825 0.9771438241 0.1651080698 0.1339001805 0.0281651709 -0.7248841524 0.6882947683
-207.6 -11.8 2700.0 -0.0262760855 -0.6695784926 -0.7422763705 0.9610702395 0.1873849779 -0.2030538917 0.2750519514 -0.7187151909 0.6385881901
120.9 247.9 2728.4 0.2004481256 0.6524915099 0.7308046222 -0.9733988047 0.2171366811 0.0731195807 -0.1109745875 -0.7260209918 0.6786590815
169.5 11.8 2701.5 -0.0097027188 0.6525511146 0.7576825619 -0.9681639075 0.1834056526 -0.1703554839 -0.2501289248 -0.7352138162 0.6299969554
-103.0 -139.0 2685.9 0.9972283244 -0.0252471548 -0.0699872524 0.0279600229 0.9988843203 0.0380575284 0.0689483285 -0.0399088897 0.9968216419
-93.2 -526.7 2701.4 0.9974479079 -0.0110497158 -0.0705376044 0.0153364548 0.9980489612 0.0605231375 0.0697312206 -0.0614504740 0.9956713319
75.7 -139.4 2699.2 0.9925085902 0.0768906549 -0.0949448124 -0.0725276470 0.9961823821 0.0485840514 0.0983180106 -0.0413339660 0.9942962527
45.8 -526.2 2715.3 0.9908989072 -0.0911919847 -0.0990120396 0.0910433456 0.9958286881 -0.0060279826 0.0991487354 -0.0030412662 0.9950679541
-201.0 -255.8 2630.2 0 0 0 0 0 0 0 0 0
167.0 -235.4 2637.7 0 0 0 0 0 0 0 0 0
-90.0 -819.6 2719.4 0 0 0 0 0 0 0 0 0
72.5 -817.8 2716.2 0 0 0 0 0 0 0 0 0
-15.8 442.3 2724.2  0.9956042171 -0.0028729143 -0.0936159045 -0.0024508017 0.9983880520 -0.0567031018 0.0936279073 0.0566832833 0.9939923882
-15.2 246.3 2713.1 0.9956042171 -0.0028729143 -0.0936159045 -0.0024508017 0.9983880520 -0.0567031018 0.0936279073 0.0566832833 0.9939923882
-13.8 52.4 2703.6 0.9955782294 -0.0072918441 -0.0936525762 0.0026590764 0.9987707138 -0.0494974293 0.0938983783 0.0490295365 0.9943737984
-151.2 245.9 2700.2 0.2120707333 -0.6571707726 -0.7232928872 0.9772484899 0.1451653242 0.1546363831 0.0033745370 -0.7396307588 0.6730044484
-207.2 -11.9 2699.3 -0.0247294046 -0.6590094566 -0.7517279983 0.9616956711 0.1896663159 -0.1979094148 0.2730016708 -0.7278277874 0.6290761828
120.8 246.7 2725.9 0.2034711242 0.6635076404 0.7199702263 -0.9744151235 0.2089368552 0.0828286111 -0.0954708979 -0.7184030414 0.6890445352
169.6 12.8 2703.0 -0.0094067492 0.6634962559 0.7481204867 -0.9675770402 0.1828034371 -0.1742916405 -0.2524008453 -0.7255037427 0.6402641535
-103.2 -139.0 2684.2 0.9958720207 -0.0255993232 -0.0870835856 0.0296080597 0.9985455275 0.0450572632 0.0858034864 -0.0474496447 0.9951815605
-93.2 -526.7 2702.6 0.9961199164 -0.0123184556 -0.0871398598 0.0164852627 0.9987465739 0.0472606160 0.0864484608 -0.0485137627 0.9950743914
75.5 -139.3 2697.9 0.9906824231 0.0749280080 -0.1137283072 -0.0695633739 0.9963018894 0.0504333563 0.1170865968 -0.0420521162 0.9922310114
46.4 -526.1 2714.2 0.9888880253 -0.0906060413 -0.1178599894 0.0903998539 0.9958801866 -0.0071052662 0.1180182099 -0.0036282132 0.9930047989
-200.9 -256.0 2630.0 0 0 0 0 0 0 0 0 0
167.2 -234.3 2638.5 0 0 0 0 0 0 0 0 0
-89.6 -818.5 2716.7 0 0 0 0 0 0 0 0 0
72.7 -815.6 2715.3 0 0 0 0 0 0 0 0 0
-15.8 440.8 2730.1  0.9973475337 -0.0024352996 -0.0727458224 -0.0025113765 0.9976936579 -0.0678306818 0.0727432296 0.0678334534 0.9950412512
-15.3 244.2 2716.7 0.9973475337 -0.0024352996 -0.0727458224 -0.0025113765 0.9976936579 -0.0678306818 0.0727432296 0.0678334534 0.9950412512
-14.5 50.4 2705.9 0.9973386526 -0.0042428514 -0.0727849230 0.0001503079 0.9984228015 -0.0561414585 0.0729083270 0.0559811033 0.9957662821
-151.5 244.1 2706.8 0.2106707394 -0.6698476076 -0.7119845748 0.9772420526 0.1627996415 0.1359936297 0.0248158276 -0.7244311571 0.6889003515
-207.1 -13.6 2700.2 -0.0250535849 -0.6710783243 -0.7409630418 0.9581525326 0.1953060180 -0.2092827559 0.2851596475 -0.7151989341 0.6381022334
120.9 244.2 2726.7 0.2031803429 0.6497387290 0.7325007319 -0.9744487405 0.2073347420 0.0863827243 -0.0957466587 -0.7313356996 0.6752634048
169.6 10.9 2703.7 -0.0077104820 0.6497070193 0.7601456046 -0.9667236209 0.1895429194 -0.1718108505 -0.2557069361 -0.7361754775 0.6266255975
-101.6 -141.6 2685.6 0.9975703955 -0.0217224136 -0.0661924481 0.0248160195 0.9986202717 0.0462784357 0.0650958419 -0.0478086323 0.9967330694
-93.2 -529.3 2704.2 0.9977208972 -0.0139981573 -0.0660080686 0.0165260453 0.9991446137 0.0379074514 0.0654209703 -0.0389119089 0.9970987439
76.7 -141.1 2702.5 0.9925587773 0.0794433877 -0.0922810435 -0.0751407966 0.9959582090 0.0492043979 0.0958170295 -0.0419041850 0.9945165515
45.9 -527.8 2718.7 0.9905627966 -0.0961733833 -0.0976528451 0.0945486501 0.9952957034 -0.0211420506 0.0992267579 0.0117095839 0.9949959517
-200.7 -256.8 2627.8 0 0 0 0 0 0 0 0 0
167.6 -235.9 2638.4 0 0 0 0 0 0 0 0 0
-89.1 -820.8 2715.5 0 0 0 0 0 0 0 0 0
73.4 -812.6 2715.4 0 0 0 0 0 0 0 0 0
-17.3 425.2 2714.5  0.9968050122 -0.0036658500 -0.0797892809 0.0007582610 0.9993355274 -0.0364406817 0.0798698440 0.0362637527 0.9961454272
-16.6 228.7 2707.4 0.9968050122 -0.0036658500 -0.0797892809 0.0007582610 0.9993355274 -0.0364406817 0.0798698440 0.0362637527 0.9961454272
-15.3 34.7 2702.2 0.9967866540 -0.0065295682 -0.0798353031 0.0043521351 0.9996145964 -0.0274177156 0.0799835548 0.0269821603 0.9964309335
-152.7 228.1 2696.5 0.2177385390 -0.6654898524 -0.7139419913 0.9759030342 0.1377651095 0.1692160219 -0.0142552378 -0.7335830331 0.6794503331
-207.0 -15.1 2700.0 -0.0242128838 -0.6678494811 -0.7439023852 0.9603696465 0.1911460459 -0.2028627843 0.2776758075 -0.7193331718 0.6367542148
119.6 229.3 2718.3 0.2196431309 0.6516414285 0.7260305285 -0.9729509950 0.2009166628 0.1140122786 -0.0715765134 -0.7314341664 0.6781451702
169.5 8.3 2702.1 -0.0105352178 0.6515617371 0.7585224509 -0.9660176039 0.1892870218 -0.1760124415 -0.2582614422 -0.7346003652 0.6274259686
-103.0 -143.4 2688.5 0.9971634746 -0.0195914041 -0.0726715401 0.0224738903 0.9989840388 0.0390612744 0.0718324408 -0.0405836888 0.9965907335
-95.4 -531.3 2704.2 0.9970345497 -0.0256172586 -0.0725659281 0.0281234570 0.9990352988 0.0337281451 0.0716318935 -0.0356689319 0.9967931509
75.6 -143.4 2701.5 0.9918850064 0.0774337873 -0.1008371413 -0.0715268850 0.9955754876 0.0609372593 0.1051095873 -0.0532301888 0.9930350184
45.6 -529.9 2722.2 0.9893501997 -0.0975325331 -0.1080444306 0.0938725919 0.9948406816 -0.0384699553 0.1112390682 0.0279178470 0.9934014678
-200.8 -258.9 2629.5 0 0 0 0 0 0 0 0 0
166.8 -238.4 2636.1 0 0 0 0 0 0 0 0 0
-88.0 -819.7 2714.5 0 0 0 0 0 0 0 0 0
73.5 -814.8 2714.2 0 0 0 0 0 0 0 0 0
-17.1 434.0 2724.7  0.9972314239 -0.0040339972 -0.0742511526 -0.0004618772 0.9981721640 -0.0604330301 0.0743592158 0.0603000112 0.9954067469
-16.3 237.2 2712.9 0.9972314239 -0.0040339972 -0.0742511526 -0.0004618772 0.9981721640 -0.0604330301 0.0743592158 0.0603000112 0.9954067469
-15.0 43.4 2703.2 0.9972103238 -0.0070651388 -0.0743078962 0.0033333986 0.9987323880 -0.0502245873 0.0745685399 0.0498367809 0.9959697723
-152.6 236.8 2702.7 0.1994408518 -0.6708864570 -0.7142371535 0.9797878861 0.1480291188 0.1345477551 0.0154616348 -0.7266352177 0.6868494749
-206.9 -30.1 2698.5 -0.0260764323 -0.6733479500 -0.7388657331 0.9552796483 0.2009976059 -0.2168886811 0.2945517898 -0.7114790678 0.6379942894
119.9 237.7 2723.0 0.1978218257 0.6512371302 0.7326368690 -0.9759796858 0.2004463077 0.0853519812 -0.0912699774 -0.7319231629 0.6752468348
169.4 -6.6 2700.2 -0.0151900779 0.6511474252 0.7587992549 -0.9633369446 0.1937714666 -0.1855655015 -0.2678641379 -0.7337980866 0.6243309975
-103.4 -159.6 2689.8 0.9973925948 -0.0249521770 -0.0677152574 0.0276621748 0.9988412261 0.0393823497 0.0666541159 -0.0411528163 0.9969271421
-93.7 -547.4 2705.8 0.9975668788 -0.0160660148 -0.0678393841 0.0191047620 0.9988318086 0.0443847254 0.0670470446 -0.0455727875 0.9967085123
75.2 -158.8 2704.1 0.9931873083 0.0677463710 -0.0948123783 -0.0635960177 0.9969087839 0.0461351946 0.0976447836 -0.0397912003 0.9944255352
48.9 -545.8 2719.5 0.9907418489 -0.0923691466 -0.0994913355 0.0901545733 0.9955741167 -0.0265391935 0.1015024036 0.0173238907 0.9946844578
-200.3 -272.6 2623.7 0 0 0 0 0 0 0 0 0
165.6 -252.6 2631.8 0 0 0 0 0 0 0 0 0
-89.2 -823.6 2718.4 0 0 0 0 0 0 0 0 0
74.5 -821.2 2714.7 0 0 0 0 0 0 0 0 0
-17.1 438.3 2729.4  0.9973004460 -0.0030053381 -0.0733676478 -0.0019617919 0.9977148771 -0.0675361305 0.0734029636 0.0674977377 0.9950156212
-16.5 242.0 2716.1 0.9973004460 -0.0030053381 -0.0733676478 -0.0019617919 0.9977148771 -0.0675361305 0.0734029636 0.0674977377 0.9950156212
-15.4 48.3 2704.8 0.9972853065 -0.0057700826 -0.0734080449 0.0014811221 0.9982952476 -0.0583470762 0.0736195669 0.0580799542 0.9955937266
-152.7 241.8 2706.0 0.2004678100 -0.6711044312 -0.7137447000 0.9793658853 0.1563083977 0.1281019300 0.0255945157 -0.7246975303 0.6885915995
-206.9 -22.9 2699.1 -0.0293801147 -0.6723154783 -0.7396814823 0.9605549574 0.1857337207 -0.2069713473 0.2765338421 -0.7165855765 0.6403390765
119.8 242.2 2726.1 0.2007950991 0.6489226818 0.7338805199 -0.9736633301 0.2147773653 0.0764878243 -0.1079862416 -0.7299109697 0.6749584675
169.4 1.6 2699.4 -0.0440221801 0.6477888227 0.7605469227 -0.9605849981 0.1817129701 -0.2103731781 -0.2744786441 -0.7398310900 0.6142568588
-103.0 -150.6 2686.8 0.9975569248 -0.0191352461 -0.0671865717 0.0227718167 0.9982928634 0.0537846051 0.0660426989 -0.0551831685 0.9962897301
-95.5 -538.2 2708.3 0.9975528121 -0.0207974985 -0.0667517632 0.0229687821 0.9992262721 0.0319267511 0.0660361201 -0.0333818272 0.9972586632
75.7 -150.0 2700.2 0.9940223694 0.0606021807 -0.0908123702 -0.0530014746 0.9950643182 0.0838918239 0.0954481736 -0.0785771608 0.9923282266
52.2 -536.0 2730.7 0.9927000403 -0.0699846298 -0.0982282385 0.0650486797 0.9964954853 -0.0525871329 0.1015642881 0.0458136350 0.9937735200
-199.5 -266.7 2628.9 0 0 0 0 0 0 0 0 0
158.2 -243.6 2629.4 0 0 0 0 0 0 0 0 0
-89.7 -819.8 2717.7 0 0 0 0 0 0 0 0 0
72.5 -825.8 2717.4 0 0 0 0 0 0 0 0 0
-17.9 442.3 2732.7  0.9977692962 -0.0050303647 -0.0665664300 0.0001520950 0.9973255396 -0.0730872229 0.0667560548 0.0729140639 0.9951015711
-16.9 246.2 2718.3 0.9977692962 -0.0050303647 -0.0665664300 0.0001520950 0.9973255396 -0.0730872229 0.0667560548 0.0729140639 0.9951015711
-15.8 52.5 2705.8 0.9977613091 -0.0059468760 -0.0666107088 0.0016055898 0.9978814721 -0.0650388151 0.0668563694 0.0647862703 0.9956570268
-153.2 246.0 2709.2 0.2000725567 -0.6770980954 -0.7081730962 0.9794898033 0.1558461189 0.1277172416 0.0238889214 -0.7192010283 0.6943912506
-207.1 -17.9 2702.8 -0.0275640637 -0.6787885427 -0.7338162661 0.9566323161 0.1950495690 -0.2163567245 0.2899910212 -0.7079560757 0.6439747214
119.4 246.4 2727.5 0.2029868960 0.6451085210 0.7366351485 -0.9735017419 0.2138673514 0.0809633508 -0.1053120568 -0.7335501313 0.6714265347
169.5 6.2 2701.5 -0.0556092523 0.6437683105 0.7631972432 -0.9559702277 0.1862656176 -0.2267732173 -0.2881467938 -0.7422044873 0.6050652266
-103.6 -145.6 2686.9 0.9979457259 -0.0212280322 -0.0604462288 0.0240866803 0.9986061454 0.0469632931 0.0593650416 -0.0483227633 0.9970660210
-95.4 -533.3 2705.7 0.9980564713 -0.0165603757 -0.0600749850 0.0183825511 0.9993836284 0.0299068950 0.0595426895 -0.0309531018 0.9977457523
75.1 -145.3 2700.1 0.9942312241 0.0669996738 -0.0837576389 -0.0600522794 0.9947484136 0.0828816220 0.0888708159 -0.0773736611 0.9930334091
49.1 -531.4 2730.2 0.9920312762 -0.0851578563 -0.0928551331 0.0790904537 0.9946012497 -0.0671788901 0.0980746448 0.0592996031 0.9934107661
-200.1 -260.7 2629.2 0 0 0 0 0 0 0 0 0
155.3 -237.8 2627.9 0 0 0 0 0 0 0 0 0
-90.7 -817.0 2714.5 0 0 0 0 0 0 0 0 0
74.0 -822.8 2712.8 0 0 0 0 0 0 0 0 0
-19.7 442.6 2734.8  0.9983029962 -0.0112800123 -0.0571304560 0.0068512498 0.9969974160 -0.0771308467 0.0578289554 0.0766085386 0.9953827858
-17.5 246.7 2719.8 0.9983029962 -0.0112800123 -0.0571304560 0.0068512498 0.9969974160 -0.0771308467 0.0578289554 0.0766085386 0.9953827858
-15.0 53.1 2706.2 0.9982788563 -0.0128838364 -0.0572129972 0.0088435654 0.9974854589 -0.0703178495 0.0579750948 0.0696908608 0.9958825707
-153.9 245.5 2711.8 0.2015161365 -0.6835014820 -0.7015817761 0.9791283607 0.1599027514 0.1254542321 0.0264366902 -0.7122196555 0.7014586926
-207.3 -13.9 2704.8 -0.0264508873 -0.6848570704 -0.7281972170 0.9567766190 0.1937028617 -0.2169280052 0.2896185517 -0.7024599910 0.6501315832
118.9 247.9 2727.7 0.2072469294 0.6365771890 0.7428446412 -0.9714183807 0.2237427235 0.0792816654 -0.1157371849 -0.7380438447 0.6647527218
169.4 11.0 2699.5 -0.0351767316 0.6356923580 0.7711406350 -0.9623097181 0.1866666526 -0.1977764815 -0.2696712315 -0.7490332723 0.6051666141
-104.0 -141.3 2687.2 0.9984339476 -0.0211829804 -0.0517774597 0.0231480617 0.9990227818 0.0376521200 0.0509292781 -0.0387917049 0.9979485869
-95.8 -529.1 2702.3 0.9985014200 -0.0173750278 -0.0518945754 0.0196273681 0.9988730550 0.0432127565 0.0510852709 -0.0441665538 0.9977172017
74.8 -141.0 2699.2 0.9948701859 0.0676853210 -0.0751799420 -0.0614424087 0.9946985841 0.0824591517 0.0803626627 -0.0774169192 0.9937547445
48.5 -527.1 2729.2 0.9923838973 -0.0897856429 -0.0843371153 0.0844276994 0.9943015575 -0.0650877729 0.0897004753 0.0574716702 0.9943092465
-200.5 -256.7 2631.3 0 0 0 0 0 0 0 0 0
160.4 -234.6 2630.6 0 0 0 0 0 0 0 0 0
-90.7 -819.5 2715.1 0 0 0 0 0 0 0 0 0
75.5 -825.7 2712.0 0 0 0 0 0 0 0 0 0
-19.0 443.5 2725.4  0.9992011786 -0.0068908231 -0.0393645354 0.0048713009 0.9986780286 -0.0511705317 0.0396651067 0.0509378985 0.9979138374
-17.6 246.8 2715.4 0.9992011786 -0.0068908231 -0.0393645354 0.0048713009 0.9986780286 -0.0511705317 0.0396651067 0.0509378985 0.9979138374
-16.0 53.0 2706.2 0.9991906881 -0.0081418781 -0.0393909328 0.0062600318 0.9988438487 -0.0476632230 0.0397334583 0.0473780595 0.9980864525
-154.1 246.0 2709.9 0.1999359578 -0.6943831444 -0.6912724972 0.9796814322 0.1530565619 0.1296068579 0.0158069730 -0.7031399012 0.7108758092
-207.2 -14.3 2705.7 -0.0250859968 -0.6958677769 -0.7177316546 0.9573050141 0.1901073754 -0.2177757472 0.2879891992 -0.6925512552 0.6613886952
118.9 247.6 2720.8 0.2100332230 0.6245765090 0.7521902919 -0.9739152193 0.2012344003 0.1048514917 -0.0858787894 -0.7545918822 0.6505504847
169.5 12.7 2700.1 -0.0352141596 0.6242550015 0.7804265618 -0.9615676999 0.1916103661 -0.1966546774 -0.2723004818 -0.7573580146 0.5935160518
-101.9 -141.3 2687.5 0.9990340471 -0.0291342381 -0.0328961313 0.0302244797 0.9989933968 0.0331459194 0.0318973362 -0.0341081731 0.9989089966
-90.6 -529.1 2700.7 0.9994273782 -0.0050379871 -0.0334600843 0.0067978860 0.9985876083 0.0526932850 0.0331473574 -0.0528905690 0.9980500340
76.9 -139.7 2697.9 0.9953269958 0.0761964470 -0.0593150146 -0.0718871653 0.9948339462 0.0716778189 0.0644701868 -0.0670788810 0.9956626296
47.3 -525.9 2723.9 0.9938157797 -0.0885356516 -0.0670195445 0.0864345878 0.9956896901 -0.0336316153 0.0697082654 0.0276308246 0.9971846938
-200.9 -257.3 2632.6 0 0 0 0 0 0 0 0 0
160.5 -232.8 2630.6 0 0 0 0 0 0 0 0 0
-89.2 -818.9 2716.1 0 0 0 0 0 0 0 0 0
74.1 -826.3 2715.6 0 0 0 0 0 0 0 0 0
-18.2 445.3 2730.7  0.9984847903 -0.0067988350 -0.0546071790 0.0033757100 0.9980370402 -0.0625356212 0.0549251549 0.0622565262 0.9965476990
-16.8 249.0 2718.4 0.9984847903 -0.0067988350 -0.0546071790 0.0033757100 0.9980370402 -0.0625356212 0.0549251549 0.0622565262 0.9965476990
-15.4 55.3 2707.3 0.9984786510 -0.0073907622 -0.0546421669 0.0042367461 0.9983299971 -0.0576133579 0.0549767204 0.0572942048 0.9968425035
-153.2 248.5 2710.9 0.2010392249 -0.6838450432 -0.7013837695 0.9792503119 0.1589620113 0.1256977171 0.0255356114 -0.7121004462 0.7016130686
-207.2 -14.3 2704.1 -0.0253154077 -0.6852256656 -0.7278907299 0.9569383860 0.1940196753 -0.2159287781 0.2891850770 -0.7020128965 0.6508070827
119.6 249.6 2725.9 0.2028926462 0.6336076856 0.7465761304 -0.9723525643 0.2203821242 0.0772156715 -0.1156075895 -0.7416017056 0.6608039141
169.2 11.6 2697.7 -0.0256604142 0.6330886483 0.7736538649 -0.9672344327 0.1798186749 -0.1792284697 -0.2525849342 -0.7529036999 0.6077309251
-103.9 -141.4 2693.4 0.9983215928 -0.0321216621 -0.0481889509 0.0335031971 0.9990423918 0.0281405505 0.0472388826 -0.0297078043 0.9984417558
-91.4 -529.3 2705.0 0.9988168478 -0.0051239445 -0.0483594723 0.0067472905 0.9994171262 0.0334649980 0.0481598116 -0.0337516963 0.9982692003
75.1 -140.3 2700.5 0.9943137169 0.0759934634 -0.0746006146 -0.0717055425 0.9957047701 0.0585685857 0.0787310228 -0.0528862700 0.9954921007
45.6 -526.8 2721.1 0.9920706749 -0.0955482423 -0.0816471204 0.0926417112 0.9949477911 -0.0386833847 0.0849307477 0.0308127236 0.9959102869
-200.7 -257.2 2630.7 0 0 0 0 0 0 0 0 0
162.7 -235.3 2633.2 0 0 0 0 0 0 0 0 0
-89.9 -819.0 2714.7 0 0 0 0 0 0 0 0 0
73.4 -816.4 2712.1 0 0 0 0 0 0 0 0 0
-19.2 448.3 2732.8  0.9981348515 -0.0137839792 -0.0594715402 0.0098253740 0.9977480769 -0.0663492307 0.0602521710 0.0656411499 0.9960225224
-16.5 252.1 2719.9 0.9981348515 -0.0137839792 -0.0594715402 0.0098253740 0.9977480769 -0.0663492307 0.0602521710 0.0656411499 0.9960225224
-14.0 58.3 2708.3 0.9981418252 -0.0129244104 -0.0595471077 0.0093026701 0.9981125593 -0.0607020594 0.0602192581 0.0600353181 0.9963781238
-152.9 250.8 2711.7 0.2061334997 -0.6798951626 -0.7037411332 0.9781714678 0.1624735743 0.1295489371 0.0262596495 -0.7150838375 0.6985452771
-208.6 -13.8 2704.6 -0.0333419777 -0.6810406446 -0.7314861417 0.9573794603 0.1883349866 -0.2189852893 0.2869023085 -0.7076112032 0.6457348466
119.9 253.3 2728.1 0.2015198618 0.6372249722 0.7438642979 -0.9723825455 0.2214400023 0.0737329274 -0.1177368537 -0.7381793261 0.6642509699
169.5 13.9 2699.2 -0.0343006402 0.6363829970 0.7706102133 -0.9630125761 0.1851535290 -0.1957675964 -0.2672643661 -0.7488222718 0.6064939499
-103.3 -138.8 2691.3 0.9982206225 -0.0251718964 -0.0540547445 0.0274157953 0.9987755418 0.0411793217 0.0529519990 -0.0425880030 0.9976885319
-93.6 -526.5 2707.8 0.9984954596 -0.0113004968 -0.0536578633 0.0126931397 0.9995895028 0.0256846696 0.0533455871 -0.0263271127 0.9982290268
75.6 -138.1 2701.1 0.9941892624 0.0721706375 -0.0798691884 -0.0675863698 0.9959858656 0.0586871430 0.0837840736 -0.0529480614 0.9950762391
47.5 -524.7 2721.7 0.9923697114 -0.0876534581 -0.0867132917 0.0842982233 0.9955704212 -0.0416335911 0.0899785161 0.0340061374 0.9953629971
-200.2 -256.8 2631.8 0 0 0 0 0 0 0 0 0
160.7 -231.9 2630.9 0 0 0 0 0 0 0 0 0
-90.3 -818.3 2715.5 0 0 0 0 0 0 0 0 0
73.2 -816.2 2711.7 0 0 0 0 0 0 0 0 0
-17.9 447.9 2733.9  0.9976063967 -0.0114406319 -0.0681953430 0.0065520196 0.9974203110 -0.0714826137 0.0688372329 0.0708646923 0.9951078296
-15.7 252.0 2720.0 0.9976063967 -0.0114406319 -0.0681953430 0.0065520196 0.9974203110 -0.0714826137 0.0688372329 0.0708646923 0.9951078296
-13.5 58.3 2707.3 0.9976077676 -0.0109255854 -0.0682598054 0.0064302511 0.9978165627 -0.0657321140 0.0688289329 0.0651359409 0.9954997897
-152.0 251.1 2710.6 0.2091591805 -0.6746318936 -0.7079012990 0.9775956273 0.1617615074 0.1346849203 0.0236484334 -0.7202118039 0.6933510900
-207.9 -10.5 2704.2 -0.0289206151 -0.6757582426 -0.7365557551 0.9587454796 0.1897128522 -0.2116982043 0.2827908993 -0.7122919559 0.6423935294
120.6 252.9 2729.4 0.2010019869 0.6430547237 0.7389714122 -0.9713102579 0.2287111729 0.0651736632 -0.1271007955 -0.7308705449 0.6705770493
169.2 17.9 2698.6 -0.0334133320 0.6421885490 0.7658181190 -0.9640113115 0.1815041304 -0.1942637414 -0.2637531161 -0.7447483540 0.6130123734
-100.9 -136.2 2691.2 0.9978596568 -0.0192942228 -0.0624809526 0.0214575771 0.9991866946 0.0341403149 0.0617714263 -0.0354079343 0.9974620938
-93.4 -524.1 2705.0 0.9979535937 -0.0136548989 -0.0624673739 0.0157666039 0.9993164539 0.0334378406 0.0619680844 -0.0343543105 0.9974867105
78.0 -134.6 2702.0 0.9927418828 0.0816177577 -0.0883292705 -0.0771425739 0.9956130385 0.0529500507 0.0922634378 -0.0457517877 0.9946829677
46.3 -521.1 2719.8 0.9918329716 -0.0860002264 -0.0941875428 0.0843203515 0.9962028265 -0.0216797348 0.0956943631 0.0135607496 0.9953184128
-200.6 -253.8 2632.5 0 0 0 0 0 0 0 0 0
160.7 -228.2 2631.3 0 0 0 0 0 0 0 0 0
-89.3 -820.9 2715.2 0 0 0 0 0 0 0 0 0
72.2 -821.1 2715.7 0 0 0 0 0 0 0 0 0
-18.5 447.4 2735.9  0.9982543588 -0.0097671403 -0.0582478680 0.0052647637 0.9970206618 -0.0769550428 0.0588259585 0.0765140504 0.9953316450
-16.6 251.9 2720.9 0.9982543588 -0.0097671403 -0.0582478680 0.0052647637 0.9970206618 -0.0769550428 0.0588259585 0.0765140504 0.9953316450
-14.7 58.3 2707.3 0.9982470870 -0.0101316543 -0.0583106615 0.0059963642 0.9974823594 -0.0706610605 0.0588797703 0.0701875389 0.9957945943
-153.0 251.1 2712.9 0.2087273002 -0.6811174750 -0.7017919421 0.9774633646 0.1684774607 0.1272034347 0.0315956399 -0.7125267386 0.7009332180
-209.0 -11.0 2704.4 -0.0289689302 -0.6814410686 -0.7312994599 0.9626117945 0.1781087369 -0.2040975690 0.2693312764 -0.7098699212 0.6508035660
119.7 252.7 2729.0 0.2032510340 0.6377243400 0.7429648042 -0.9720110893 0.2227336615 0.0747270733 -0.1178279892 -0.7373583913 0.6651459932
169.2 16.4 2700.3 -0.0245912299 0.6372503042 0.7702644467 -0.9654558301 0.1847918034 -0.1837036312 -0.2594037652 -0.7481737733 0.6106927395
-100.8 -135.9 2688.5 0.9984037876 -0.0203460194 -0.0526865795 0.0223974474 0.9990020394 0.0386433043 0.0518477634 -0.0397616662 0.9978631139
-92.9 -523.8 2704.0 0.9985576868 -0.0107940109 -0.0525928885 0.0125968847 0.9993400574 0.0340697989 0.0521904305 -0.0346831679 0.9980347157
78.0 -134.8 2700.9 0.9931772947 0.0862038657 -0.0785348713 -0.0827628300 0.9955038428 0.0460701920 0.0821531937 -0.0392560996 0.9958462715
44.5 -521.3 2716.1 0.9918572903 -0.0958377346 -0.0838702768 0.0946971476 0.9953526258 -0.0174827147 0.0851560012 0.0093980813 0.9963232875
-201.6 -255.3 2636.1 0 0 0 0 0 0 0 0 0
162.9 -230.1 2634.1 0 0 0 0 0 0 0 0 0
-89.7 -818.4 2714.2 0 0 0 0 0 0 0 0 0
73.1 -817.8 2713.3 0 0 0 0 0 0 0 0 0
-17.5 445.3 2735.0  0.9979252219 -0.0042232443 -0.0642447248 -0.0007415060 0.9970262647 -0.0770592913 0.0643791184 0.0769470483 0.9949545264
-16.7 249.8 2719.9 0.9979252219 -0.0042232443 -0.0642447248 -0.0007415060 0.9970262647 -0.0770592913 0.0643791184 0.0769470483 0.9949545264
-15.4 56.2 2706.1 0.9979075193 -0.0069976132 -0.0642775223 0.0024063976 0.9974570274 -0.0712295100 0.0646125004 0.0709257871 0.9953867197
-153.0 249.4 2711.0 0.2076554298 -0.6788782477 -0.7042751908 0.9779637456 0.1599691957 0.1341519356 0.0215895064 -0.7166129947 0.6971367598
-208.1 -10.1 2705.3 -0.0266239531 -0.6797524095 -0.7329583168 0.9612035155 0.1839702576 -0.2055304646 0.2745523453 -0.7099941373 0.6484823823
119.6 250.1 2728.7 0.2073326707 0.6413449049 0.7387082577 -0.9708607197 0.2276594788 0.0748372599 -0.1201774403 -0.7326990366 0.6698578596
169.4 17.1 2699.8 -0.0174278021 0.6411930323 0.7671816945 -0.9664489031 0.1858602017 -0.1772922128 -0.2562670708 -0.7445316911 0.6164411902
-102.1 -135.9 2688.4 0.9980120063 -0.0240337010 -0.0582612380 0.0262301899 0.9989622831 0.0372337401 0.0573059134 -0.0386879258 0.9976067543
-92.8 -523.7 2703.4 0.9982424974 -0.0104797948 -0.0583274774 0.0128259538 0.9991174936 0.0399959981 0.0578568541 -0.0406738110 0.9974959493
76.7 -134.8 2699.0 0.9928832650 0.0838693082 -0.0845500529 -0.0806964487 0.9959246516 0.0402762517 0.0875834227 -0.0331667289 0.9956048727
44.2 -521.4 2711.8 0.9913797975 -0.0968398005 -0.0882507041 0.0968006849 0.9952925444 -0.0047330009 0.0882936046 -0.0038505266 0.9960870743
-201.4 -254.0 2635.6 0 0 0 0 0 0 0 0 0
164.9 -229.6 2634.4 0 0 0 0 0 0 0 0 0
-89.6 -823.4 2715.6 0 0 0 0 0 0 0 0 0
72.9 -816.5 2713.0 0 0 0 0 0 0 0 0 0
-16.6 443.2 2735.0  0.9971558452 -0.0030664965 -0.0753049701 -0.0026953300 0.9970818162 -0.0762926042 0.0753191635 0.0762785822 0.9942377210
-16.0 247.5 2720.0 0.9971558452 -0.0030664965 -0.0753049701 -0.0026953300 0.9970818162 -0.0762926042 0.0753191635 0.0762785822 0.9942377210
-15.0 53.9 2706.5 0.9971457124 -0.0050483141 -0.0753320754 -0.0002099113 0.9975728393 -0.0696300119 0.0755007491 0.0694470778 0.9947244525
-152.2 247.5 2709.7 0.2096856385 -0.6709780097 -0.7112105489 0.9775593877 0.1589184105 0.1382845044 0.0202386007 -0.7242468596 0.6892437339
-207.7 -11.1 2704.3 -0.0255008172 -0.6720308661 -0.7400839329 0.9609721303 0.1875223666 -0.2033909857 0.2754673064 -0.7163866758 0.6410210133
120.2 247.5 2730.3 0.2055788189 0.6496464610 0.7319130898 -0.9714151025 0.2261736989 0.0720979348 -0.1187013239 -0.7258132696 0.6775729656
169.5 14.7 2701.9 -0.0160095561 0.6495342851 0.7601637244 -0.9657350779 0.1869150102 -0.1800515950 -0.2590357065 -0.7369993329 0.6242855787
-103.4 -137.7 2686.5 0.9972320795 -0.0267119911 -0.0693876296 0.0304391794 0.9981184602 0.0532255433 0.0678353161 -0.0551903211 0.9961688519
-93.0 -525.1 2708.0 0.9975838661 -0.0107229669 -0.0686398000 0.0125478813 0.9995777011 0.0262111146 0.0683297515 -0.0270090699 0.9972971082
75.4 -137.3 2698.1 0.9922203422 0.0801379383 -0.0952716023 -0.0763976723 0.9961804152 0.0422845930 0.0982962996 -0.0346771032 0.9945528507
44.3 -524.0 2711.6 0.9906126261 -0.0945601836 -0.0987164900 0.0948529392 0.9954897761 -0.0017339966 0.0984352231 -0.0076458300 0.9951140881
-201.2 -255.0 2634.4 0 0 0 0 0 0 0 0 0
165.4 -231.9 2635.7 0 0 0 0 0 0 0 0 0
-89.9 -821.3 2716.0 0 0 0 0 0 0 0 0 0
71.7 -812.9 2713.8 0 0 0 0 0 0 0 0 0
-17.9 446.8 2735.0  0.9976307750 -0.0079802554 -0.0683315992 0.0030099375 0.9973613620 -0.0725344196 0.0687301382 0.0721568912 0.9950224161
-16.3 250.3 2720.7 0.9976307750 -0.0079802554 -0.0683315992 0.0030099375 0.9973613620 -0.0725344196 0.0687301382 0.0721568912 0.9950224161
-15.3 56.6 2707.9 0.9976472855 -0.0050136782 -0.0683725625 0.0004745137 0.9978033304 -0.0662439391 0.0685544983 0.0660556406 0.9954581261
-152.6 250.2 2711.4 0.2044254392 -0.6746138334 -0.7092999220 0.9784210324 0.1630556434 0.1269061863 0.0300426912 -0.7199367881 0.6933890581
-207.5 -12.4 2703.3 -0.0255397614 -0.6754859686 -0.7369304299 0.9605472684 0.1876379102 -0.2052825093 0.2769415379 -0.7130993605 0.6440439820
120.0 250.3 2730.1 0.2018642873 0.6453406215 0.7367403507 -0.9727315307 0.2198202759 0.0739756003 -0.1142110080 -0.7315835953 0.6721170545
169.5 11.7 2702.1 -0.0173775870 0.6451110840 0.7638911605 -0.9645667076 0.1903509051 -0.1826952845 -0.2632661462 -0.7399988174 0.6189448237
-103.4 -139.8 2686.3 0.9978271723 -0.0215180349 -0.0622729957 0.0245573167 0.9985232353 0.0484591834 0.0611382872 -0.0498831496 0.9968820214
-95.0 -527.4 2705.6 0.9978801012 -0.0198752824 -0.0619699061 0.0220534634 0.9991556406 0.0346653983 0.0612285919 -0.0359585620 0.9974758625
75.3 -139.8 2699.8 0.9929190278 0.0794076398 -0.0883526802 -0.0755862594 0.9960872531 0.0457925238 0.0916432589 -0.0387900211 0.9950361252
44.5 -526.5 2714.8 0.9912967682 -0.0937558934 -0.0924151987 0.0935309604 0.9955933690 -0.0067716842 0.0926428437 -0.0019309334 0.9956975579
-201.0 -256.2 2633.0 0 0 0 0 0 0 0 0 0
165.1 -234.6 2634.9 0 0 0 0 0 0 0 0 0
-89.1 -821.7 2716.2 0 0 0 0 0 0 0 0 0
71.4 -812.8 2715.4 0 0 0 0 0 0 0 0 0
-17.6 446.8 2735.5  0.9972475171 -0.0064501003 -0.0738634244 0.0008876098 0.9971760511 -0.0750942603 0.0741392002 0.0748220012 0.9944370389
-16.3 250.8 2720.8 0.9972475171 -0.0064501003 -0.0738634244 0.0008876098 0.9971760511 -0.0750942603 0.0741392002 0.0748220012 0.9944370389
-15.3 57.1 2707.7 0.9972498417 -0.0055052629 -0.0739085972 0.0005010612 0.9977153540 -0.0675564483 0.0741116554 0.0673336238 0.9949741960
-152.6 250.8 2710.6 0.2081104219 -0.6716437340 -0.7110448480 0.9778636694 0.1590296477 0.1359862834 0.0217428748 -0.7236050963 0.6898716688
-207.8 -8.7 2704.9 -0.0263712350 -0.6726708412 -0.7394717336 0.9610406756 0.1865443736 -0.2039655894 0.2751460075 -0.7160412669 0.6415446401
119.9 250.9 2730.9 0.2034184635 0.6472325325 0.7346502542 -0.9707390070 0.2311259061 0.0651657432 -0.1276193261 -0.7264096141 0.6753091216
169.4 14.5 2699.8 -0.0289085209 0.6466352344 0.7622513771 -0.9665219188 0.1764162332 -0.1863134354 -0.2549503446 -0.7421187162 0.6198871732
-103.7 -137.2 2689.0 0.9975005388 -0.0206629336 -0.0675697550 0.0230482221 0.9991315007 0.0347141549 0.0667937696 -0.0361847542 0.9971104264
-95.7 -525.0 2703.0 0.9975076318 -0.0199242420 -0.0676872432 0.0226972159 0.9989237785 0.0404485017 0.0668084919 -0.0418839976 0.9968863130
75.0 -137.1 2701.2 0.9926601648 0.0760452300 -0.0940365568 -0.0722892359 0.9964680672 0.0427280627 0.0969536901 -0.0356166139 0.9946514368
45.5 -523.9 2715.1 0.9914350510 -0.0874049067 -0.0970405638 0.0880442411 0.9961138964 0.0023176784 0.0964608714 -0.0108416909 0.9952777028
-201.1 -252.7 2635.0 0 0 0 0 0 0 0 0 0
162.1 -232.3 2634.7 0 0 0 0 0 0 0 0 0
-89.8 -819.1 2715.3 0 0 0 0 0 0 0 0 0
71.5 -820.8 2718.3 0 0 0 0 0 0 0 0 0
-16.7 446.6 2735.2  0.9972258806 -0.0060518733 -0.0741880760 0.0007017603 0.9974094033 -0.0719304532 0.0744311959 0.0716788471 0.9946467280
-15.5 250.6 2721.1 0.9972258806 -0.0060518733 -0.0741880760 0.0007017603 0.9974094033 -0.0719304532 0.0744311959 0.0716788471 0.9946467280
-14.3 56.9 2708.4 0.9972197413 -0.0065926989 -0.0742248967 0.0016751254 0.9978102446 -0.0661205947 0.0744982734 0.0658124238 0.9950470924
-151.8 250.4 2711.0 0.2097041756 -0.6695952415 -0.7125071287 0.9772881866 0.1662913859 0.1313579828 0.0305271167 -0.7238711119 0.6892595291
-207.4 -8.8 2702.9 -0.0238954015 -0.6699221730 -0.7420467138 0.9652906060 0.1776426435 -0.1914606392 0.2600828707 -0.7208657265 0.6424247026
120.7 250.8 2731.3 0.2018554509 0.6497328281 0.7328721285 -0.9729397893 0.2189269811 0.0738862082 -0.1124391854 -0.7279548049 0.6763425469
169.7 14.8 2704.0 -0.0357934162 0.6488643885 0.7600617409 -0.9617245793 0.1843861938 -0.2027007043 -0.2716701627 -0.7382254004 0.6174290180
-103.5 -136.6 2688.0 0.9972830415 -0.0276378319 -0.0682840422 0.0309431702 0.9983760118 0.0478318222 0.0668511763 -0.0498147868 0.9965186715
-92.8 -524.1 2707.3 0.9976384044 -0.0106717423 -0.0678510517 0.0128992693 0.9993892312 0.0324767493 0.0674630329 -0.0332752801 0.9971667528
75.1 -136.5 2701.3 0.9925112128 0.0768803284 -0.0949260518 -0.0735446215 0.9965617061 0.0381573588 0.0975332186 -0.0308903046 0.9947527647
45.3 -523.4 2713.2 0.9912901521 -0.0877547562 -0.0981983840 0.0876414999 0.9961370230 -0.0054747295 0.0982994810 -0.0031792079 0.9951518178
-201.3 -253.8 2636.8 0 0 0 0 0 0 0 0 0
160.6 -230.8 2634.7 0 0 0 0 0 0 0 0 0
-89.6 -821.0 2717.2 0 0 0 0 0 0 0 0 0
70.9 -814.0 2714.2 0 0 0 0 0 0 0 0 0
-17.3 445.5 2735.6  0.9971563816 -0.0061391448 -0.0751096085 0.0006262181 0.9973168969 -0.0732028261 0.0753574818 0.0729476288 0.9944847226
-16.1 249.5 2721.3 0.9971563816 -0.0061391448 -0.0751096085 0.0006262181 0.9973168969 -0.0732028261 0.0753574818 0.0729476288 0.9944847226
-14.5 55.8 2708.2 0.9971355200 -0.0085457629 -0.0751514286 0.0034618392 0.9977118373 -0.0675208122 0.0755564868 0.0670672432 0.9948835373
-152.4 249.0 2710.9 0.2072103769 -0.6683049202 -0.7144455314 0.9775539637 0.1698911339 0.1246004775 0.0381068438 -0.7242275476 0.6885073185
-207.1 -9.2 2700.9 -0.0226806253 -0.6683876514 -0.7434672117 0.9672961235 0.1732503176 -0.1852633804 0.2526336908 -0.7233548760 0.6425994039
120.1 249.9 2731.6 0.2048730701 0.6496056914 0.7321471572 -0.9719377756 0.2233656794 0.0737887919 -0.1156029403 -0.7267188430 0.6771379113
169.7 14.8 2703.6 -0.0273106713 0.6490380168 0.7602656484 -0.9628298879 0.1873747557 -0.1945489347 -0.2687242329 -0.7373197079 0.6197958589
-102.3 -136.9 2688.9 0.9972782135 -0.0245892219 -0.0695091262 0.0280640703 0.9983814955 0.0494649000 0.0681803226 -0.0512809791 0.9963542223
-92.8 -524.5 2708.8 0.9975948930 -0.0078950729 -0.0688631386 0.0095769987 0.9996629953 0.0241283271 0.0686494410 -0.0247297976 0.9973343015
76.4 -136.6 2702.3 0.9920438528 0.0825867206 -0.0950177386 -0.0781256407 0.9957011342 0.0497552268 0.0987183899 -0.0419360474 0.9942314029
44.3 -523.2 2718.5 0.9904359579 -0.0944068059 -0.1006178260 0.0927785262 0.9954705238 -0.0207518265 0.1021211892 0.0112181818 0.9947087169
-201.3 -254.7 2636.7 0 0 0 0 0 0 0 0 0
162.7 -231.0 2635.0 0 0 0 0 0 0 0 0 0
-90.4 -820.7 2716.1 0 0 0 0 0 0 0 0 0
71.9 -813.8 2715.3 0 0 0 0 0 0 0 0 0
-15.7 444.7 2737.3  0.9970744252 -0.0046707564 -0.0762937590 -0.0011972068 0.9970545173 -0.0766865239 0.0764272213 0.0765535086 0.9941319823
-14.8 249.1 2722.3 0.9970744252 -0.0046707564 -0.0762937590 -0.0011972068 0.9970545173 -0.0766865239 0.0764272213 0.0765535086 0.9941319823
-13.4 55.4 2708.7 0.9970563650 -0.0072098435 -0.0763324872 0.0018400850 0.9975323081 -0.0701848343 0.0766501427 0.0698377788 0.9946091771
-151.0 248.8 2711.8 0.2105568498 -0.6674023271 -0.7143108249 0.9768317342 0.1722523868 0.1269993037 0.0382821076 -0.7245020866 0.6882086992
-207.0 -10.8 2701.6 -0.0223967358 -0.6675711274 -0.7442090511 0.9654532671 0.1788604856 -0.1894966215 0.2596120834 -0.7227431536 0.6405028105
121.4 249.3 2732.7 0.1990702748 0.6497589946 0.7336104512 -0.9715123177 0.2290742248 0.0607354715 -0.1285878271 -0.7248021960 0.6768507361
169.6 14.4 2701.6 -0.0225724615 0.6494367123 0.7600805163 -0.9660378695 0.1815853715 -0.1838411242 -0.2574126720 -0.7384163737 0.6232816577
-102.1 -138.2 2688.4 0.9972834587 -0.0214040074 -0.0704807863 0.0245958380 0.9986960888 0.0447345339 0.0694313869 -0.0463465489 0.9965095520
-93.8 -525.9 2706.4 0.9974930882 -0.0088825384 -0.0702040717 0.0111577697 0.9994229078 0.0320833959 0.0698785782 -0.0327862874 0.9970165491
76.5 -137.6 2702.0 0.9920668602 0.0811886489 -0.0959775969 -0.0768793076 0.9958948493 0.0477814116 0.0994628966 -0.0400236621 0.9942359924
45.0 -524.2 2717.5 0.9907470345 -0.0906127319 -0.1010428742 0.0893530920 0.9958560467 -0.0169326402 0.1021584719 0.0077474685 0.9947379827
-201.3 -255.9 2635.7 0 0 0 0 0 0 0 0 0
163.8 -232.2 2635.9 0 0 0 0 0 0 0 0 0
-91.2 -818.3 2716.0 0 0 0 0 0 0 0 0 0
71.6 -816.9 2715.2 0 0 0 0 0 0 0 0 0
-15.2 444.6 2726.1  0.9958867431 -0.0032154166 -0.0905496702 -0.0011122832 0.9988609552 -0.0477026813 0.0905999169 0.0476071872 0.9947488308
-14.6 247.4 2716.7 0.9958867431 -0.0032154166 -0.0905496702 -0.0011122832 0.9988609552 -0.0477026813 0.0905999169 0.0476071872 0.9947488308
-13.6 53.5 2708.2 0.9958754778 -0.0054736007 -0.0905650556 0.0014744626 0.9990231395 -0.0441657379 0.0907183290 0.0438500419 0.9949107170
-150.7 247.2 2704.3 0.2138229609 -0.6578428745 -0.7221651673 0.9768461585 0.1494070888 0.1531308442 0.0071605602 -0.7381871939 0.6745579243
-207.1 -10.7 2702.4 -0.0228762180 -0.6589774489 -0.7518147230 0.9650558233 0.1818036884 -0.1887185276 0.2610439360 -0.7298603058 0.6317910552
121.4 247.6 2729.1 0.2000745684 0.6591265202 0.7249292135 -0.9737643003 0.2156379074 0.0726868361 -0.1084123999 -0.7204530239 0.6849775314
169.6 13.3 2703.0 -0.0152700385 0.6589647532 0.7520188093 -0.9651387334 0.1868292540 -0.1833086908 -0.2612930834 -0.7286016345 0.6331394911
-101.3 -138.4 2688.3 0.9962605834 -0.0210979059 -0.0837837830 0.0243443623 0.9989842772 0.0379172713 0.0828987136 -0.0398151465 0.9957622886
-93.1 -526.2 2703.7 0.9964351654 -0.0080730217 -0.0839750692 0.0120652178 0.9988153577 0.0471419692 0.0834950060 -0.0479870923 0.9953520894
77.3 -138.0 2702.0 0.9903870821 0.0819754004 -0.1114156246 -0.0761650428 0.9955522418 0.0554492772 0.1154655516 -0.0464302711 0.9922257662
45.5 -524.6 2720.0 0.9894407392 -0.0848091543 -0.1175347939 0.0826354772 0.9963085055 -0.0232542008 0.1190730855 0.0132961096 0.9927964807
-201.3 -255.7 2636.2 0 0 0 0 0 0 0 0 0
165.7 -233.2 2636.3 0 0 0 0 0 0 0 0 0
-90.7 -824.8 2718.1 0 0 0 0 0 0 0 0 0
70.7 -820.8 2716.1 0 0 0 0 0 0 0 0 0
-16.5 445.5 2730.0  0.9972420931 -0.0084340507 -0.0737361982 0.0043500452 0.9984562993 -0.0553728342 0.0740893856 0.0548993684 0.9957393408
-14.8 248.1 2719.2 0.9972420931 -0.0084340507 -0.0737361982 0.0043500452 0.9984562993 -0.0553728342 0.0740893856 0.0548993684 0.9957393408
-12.8 54.2 2709.7 0.9972169399 -0.0106241666 -0.0737936944 0.0069888541 0.9987571836 -0.0493478402 0.0742262602 0.0486947671 0.9960518479
-151.0 247.1 2709.1 0.2103031874 -0.6681788564 -0.7136592865 0.9773466587 0.1614573151 0.1368394643 0.0237922780 -0.7262703180 0.6869973540
-207.0 -13.0 2702.7 -0.0224055219 -0.6687989235 -0.7431056499 0.9642696381 0.1818021536 -0.1926967651 0.2639735937 -0.7208716869 0.6408291459
121.4 249.0 2729.3 0.1971148849 0.6483023763 0.7354248762 -0.9746136665 0.2108237296 0.0753759369 -0.1061786190 -0.7316128612 0.6734008193
169.5 11.3 2703.4 -0.0168666951 0.6481240392 0.7613480091 -0.9621418715 0.1966450214 -0.1887159646 -0.2720266283 -0.7357078195 0.6202704906
-101.8 -140.5 2691.6 0.9975271821 -0.0192998517 -0.0675799102 0.0218313001 0.9990796447 0.0369226150 0.0668051094 -0.0383066684 0.9970304370
-94.3 -528.4 2706.4 0.9976630211 -0.0103931408 -0.0675311461 0.0127396071 0.9993266463 0.0344092064 0.0671280548 -0.0351891145 0.9971236587
76.7 -140.2 2707.8 0.9920789599 0.0805691555 -0.0963739827 -0.0774122998 0.9963466525 0.0360647030 0.0989276022 -0.0283185020 0.9946916103
45.4 -527.0 2718.8 0.9906194210 -0.0918670222 -0.1011611521 0.0897312313 0.9956401587 -0.0254741553 0.1030603424 0.0161578804 0.9945438504
-201.3 -257.7 2635.7 0 0 0 0 0 0 0 0 0
165.2 -234.4 2634.0 0 0 0 0 0 0 0 0 0
-91.2 -819.2 2716.7 0 0 0 0 0 0 0 0 0
72.3 -818.1 2714.1 0 0 0 0 0 0 0 0 0
-16.5 441.3 2723.5  0.9972812533 -0.0089496523 -0.0731440857 0.0057734461 0.9990358353 -0.0435205959 0.0734630600 0.0429799780 0.9963713884
-14.8 244.0 2715.0 0.9972812533 -0.0089496523 -0.0731440857 0.0057734461 0.9990358353 -0.0435205959 0.0734630600 0.0429799780 0.9963713884
-12.3 50.0 2707.5 0.9972376823 -0.0126887579 -0.0731847137 0.0097946916 0.9991608858 -0.0397688933 0.0736279264 0.0389422141 0.9965251684
-151.0 242.6 2705.0 0.2139972597 -0.6695735455 -0.7112499475 0.9768254757 0.1497665644 0.1529114395 0.0041360003 -0.7274897099 0.6861061454
-207.1 -13.3 2703.9 -0.0279257465 -0.6710754037 -0.7408629656 0.9611341357 0.1856226176 -0.2043659389 0.2746658921 -0.7177757621 0.6398097873
121.5 245.3 2725.1 0.2012556493 0.6467921138 0.7356331348 -0.9744826555 0.2084100991 0.0833596587 -0.0993970111 -0.7336382866 0.6722313762
169.4 12.9 2701.4 -0.0147622526 0.6466245651 0.7626655698 -0.9658696055 0.1880523711 -0.1781353503 -0.2586077750 -0.7392651439 0.6217789650
-100.0 -140.3 2693.6 0.9976742864 -0.0125983749 -0.0669874102 0.0150962230 0.9992043972 0.0369138271 0.0664690584 -0.0378392301 0.9970707297
-95.2 -528.2 2708.3 0.9976621866 -0.0139169833 -0.0669062063 0.0159920454 0.9994043708 0.0305796042 0.0664407834 -0.0315780826 0.9972905517
78.6 -139.0 2706.9 0.9915095568 0.0864797086 -0.0971086472 -0.0837833211 0.9959854484 0.0315169655 0.0994443744 -0.0231132861 0.9947746396
45.0 -525.6 2715.9 0.9904448390 -0.0938118994 -0.1010860130 0.0927079394 0.9955715537 -0.0155744543 0.1020994261 0.0060541616 0.9947558045
-200.0 -257.3 2634.2 0 0 0 0 0 0 0 0 0
165.7 -233.7 2635.3 0 0 0 0 0 0 0 0 0
-91.1 -822.5 2717.6 0 0 0 0 0 0 0 0 0
72.5 -817.5 2714.1 0 0 0 0 0 0 0 0 0
-15.9 440.5 2718.7  0.9977221489 -0.0074150315 -0.0670483187 0.0054483418 0.9995508790 -0.0294678509 0.0672367141 0.0290354267 0.9973144531
-14.4 243.4 2713.0 0.9977221489 -0.0074150315 -0.0670483187 0.0054483418 0.9995508790 -0.0294678509 0.0672367141 0.0290354267 0.9973144531
-12.4 49.4 2707.9 0.9976955652 -0.0102507230 -0.0670705587 0.0084585156 0.9996009469 -0.0269508604 0.0673200637 0.0263214372 0.9973841906
-150.7 242.3 2703.8 0.2126462311 -0.6736140847 -0.7078316212 0.9771150947 0.1426910162 0.1577510238 -0.0052620992 -0.7251781225 0.6885412335
-207.2 -17.1 2705.2 -0.0264043827 -0.6760741472 -0.7363603711 0.9571550488 0.1953936219 -0.2137182653 0.2883695066 -0.7104541659 0.6419485211
121.9 244.6 2722.2 0.1970028579 0.6438236237 0.7393788099 -0.9769759178 0.1919199377 0.0931923538 -0.0819020942 -0.7407144308 0.6668089628
169.5 8.4 2702.4 -0.0084259380 0.6439403296 0.7650293112 -0.9627415538 0.2015719116 -0.1802705675 -0.2702919245 -0.7380444407 0.6182496548
-99.2 -144.8 2693.3 0.9980844259 -0.0125879040 -0.0605724528 0.0149449464 0.9991422892 0.0386184007 0.0600343756 -0.0394496769 0.9974164367
-94.3 -532.7 2708.6 0.9980863929 -0.0133746546 -0.0603715815 0.0148008903 0.9996203780 0.0232392550 0.0600378476 -0.0240883380 0.9979054332
79.5 -143.0 2706.5 0.9919705391 0.0868517458 -0.0919306427 -0.0842263103 0.9959304333 0.0320706405 0.0943419114 -0.0240701512 0.9952488542
45.7 -529.7 2715.8 0.9916346073 -0.0877607167 -0.0946514606 0.0881867483 0.9961038828 0.0003193877 0.0942546576 -0.0086637195 0.9955103993
-200.5 -260.1 2632.0 0 0 0 0 0 0 0 0 0
167.4 -237.5 2633.4 0 0 0 0 0 0 0 0 0
-90.5 -817.5 2715.5 0 0 0 0 0 0 0 0 0
71.8 -824.9 2718.4 0 0 0 0 0 0 0 0 0
-16.2 440.8 2716.9  0.9978394508 -0.0063342871 -0.0653939173 0.0047372393 0.9996874332 -0.0245482028 0.0655289739 0.0241853781 0.9975575209
-15.0 243.7 2712.1 0.9978394508 -0.0063342871 -0.0653939173 0.0047372393 0.9996874332 -0.0245482028 0.0655289739 0.0241853781 0.9975575209
-13.2 49.7 2707.7 0.9978159666 -0.0092454106 -0.0654053763 0.0077501847 0.9997036457 -0.0230778083 0.0655993521 0.0225205012 0.9975918531
-151.3 242.7 2703.1 0.2096886933 -0.6755070686 -0.7069093585 0.9777085185 0.1368697733 0.1592254043 -0.0108033661 -0.7245390415 0.6891490817
-207.2 -17.9 2706.0 -0.0293301828 -0.6779198647 -0.7345504761 0.9596215487 0.1865784079 -0.2105111927 0.2797609866 -0.7110648155 0.6450741291
121.3 244.8 2721.0 0.1987325251 0.6438257694 0.7389138937 -0.9776372910 0.1831434965 0.1033622846 -0.0687799752 -0.7429312468 0.6658246517
169.6 7.4 2704.3 -0.0134598417 0.6441546082 0.7647768855 -0.9621703029 0.1998020858 -0.1852227598 -0.2721161246 -0.7383386493 0.6170970798
-99.8 -145.4 2696.8 0.9981997609 -0.0124775320 -0.0586642474 0.0141164185 0.9995192289 0.0276057832 0.0582915880 -0.0283842161 0.9978960156
-95.0 -533.4 2707.8 0.9981768131 -0.0144111859 -0.0586116165 0.0158075467 0.9996004701 0.0234304667 0.0582505390 -0.0243142545 0.9980058670
79.0 -143.9 2708.8 0.9924632311 0.0834533796 -0.0897342563 -0.0799908862 0.9959304929 0.0415199026 0.0928340554 -0.0340290554 0.9950999022
46.6 -530.5 2722.0 0.9917345047 -0.0860131383 -0.0952072516 0.0838621557 0.9961282611 -0.0263753794 0.0971072614 0.0181730893 0.9951080084
-199.8 -261.5 2635.0 0 0 0 0 0 0 0 0 0
166.1 -238.3 2634.9 0 0 0 0 0 0 0 0 0
-90.8 -821.0 2714.8 0 0 0 0 0 0 0 0 0
71.3 -817.4 2716.8 0 0 0 0 0 0 0 0 0
