-384.8 542.3 2431.9 8 0.9866901040 0.0677772164 -0.1478138268 -0.0531618856 0.9934973121 0.1006819233 0.1536765844 -0.0914837942 0.9838771224
-398.6 340.5 2450.5 0.9866901040 0.0677772164 -0.1478138268 -0.0531618856 0.9934973121 0.1006819233 0.1536765844 -0.0914837942 0.9838771224
-411.7 145.7 2466.7 0.9866620302 0.0669203252 -0.1483905315 -0.0535762198 0.9943007827 0.0921710506 0.1537129432 -0.0829914734 0.9846241474
-539.2 348.1 2428.6 0.1776074469 -0.9068281054 -0.3822543025 0.9838883877 0.1717077792 0.0498005375 0.0204755124 -0.3849405348 0.9227142334
-587.0 83.0 2423.1 -0.0895550996 -0.9043718576 -0.4172426462 0.9716201425 0.0127603263 -0.2362021655 0.2189387381 -0.4265544713 0.8775631785
-258.0 332.8 2472.4 0.0897374153 0.9955500364 0.0287626702 -0.9795970917 0.0830115825 0.1830262691 0.1798241735 -0.0446001329 0.9826871753
-235.5 87.2 2517.5 0.0638915673 0.9956466556 0.0678645596 -0.9494241476 0.0815926194 -0.3032101393 -0.3074274063 -0.0450596772 0.9505040646
-513.1 -47.2 2471.3 0.6880480647 -0.0135048432 -0.7255394459 0.0812472403 0.9949740171 0.0585289150 0.7211024761 -0.0992187858 0.6856871247
-507.8 -437.0 2510.2 0.6937032938 0.0328748077 -0.7195102572 -0.1018088385 0.9934034944 -0.0527680889 0.7130292654 0.1098578945 0.6924742460
-334.5 -56.6 2497.8 0.9929180145 -0.0438336469 -0.1104191467 0.0530636422 0.9952114224 0.0820881128 0.1062921733 -0.0873660073 0.9904893637
-317.4 -446.4 2532.0 0.9931209683 0.0502525568 -0.1057613119 -0.0518832095 0.9985721111 -0.0127220219 0.1049709842 0.0181217436 0.9943101406
-562.1 -187.0 2362.2 0 0 0 0 0 0 0 0 0
-219.1 -156.8 2438.5 0 0 0 0 0 0 0 0 0
-518.1 -747.2 2475.9 0 0 0 0 0 0 0 0 0
-333.2 -760.8 2526.3 0 0 0 0 0 0 0 0 0
-384.7 540.3 2431.6 9 0.9851334095 0.0727775693 -0.1556136757 -0.0571637116 0.9930825830 0.1025633514 0.1620015502 -0.0921431333 0.9824790955
-399.5 338.7 2450.3 0.9851334095 0.0727775693 -0.1556136757 -0.0571637116 0.9930825830 0.1025633514 0.1620015502 -0.0921431333 0.9824790955
-413.4 144.0 2466.4 0.9851383567 0.0711717904 -0.1563232392 -0.0570949689 0.9940494299 0.0927682370 0.1619955003 -0.0824642777 0.9833397865
-539.8 346.8 2427.2 0.1798469275 -0.9036788344 -0.3886124194 0.9835916758 0.1709150672 0.0577532239 0.0142293489 -0.3926226795 0.9195895791
-587.4 86.5 2423.4 -0.0913145244 -0.9008541107 -0.4244096875 0.9717716575 0.0124891568 -0.2355925739 0.2175350636 -0.4339423180 0.8742840290
-259.1 330.6 2473.4 0.0979116932 0.9928781390 0.0678696185 -0.9731205702 0.0812329203 0.2154938728 0.2084459066 -0.0871446878 0.9741438031
-234.6 87.5 2525.4 0.0466190688 0.9928781390 0.1096341461 -0.9380738139 0.0812329203 -0.3367770612 -0.3432844877 -0.0871446878 0.9351799488
-514.0 -44.2 2469.1 0.6821589470 -0.0160640553 -0.7310274243 0.0863793343 0.9945285320 0.0587505624 0.7260838747 -0.1032228842 0.6798141003
-507.7 -433.7 2509.5 0.6881756186 0.0323570333 -0.7248222828 -0.1004605144 0.9936318398 -0.0510242321 0.7185555100 0.1079296544 0.6870437860
-335.6 -53.8 2496.9 0.9918266535 -0.0479539074 -0.1182385534 0.0574197769 0.9952988625 0.0779948160 0.1139425412 -0.0841465667 0.9899173975
-316.8 -443.7 2529.9 0.9917662740 0.0582159795 -0.1140638962 -0.0587325171 0.9982730746 -0.0011702806 0.1137987822 0.0078599043 0.9934727550
-562.1 -183.6 2363.0 0 0 0 0 0 0 0 0 0
-222.6 -153.4 2437.3 0 0 0 0 0 0 0 0 0
-518.0 -749.3 2475.3 0 0 0 0 0 0 0 0 0
-335.3 -760.1 2527.4 0 0 0 0 0 0 0 0 0
-383.8 544.6 2438.4 0 0.9807181954 0.0782417953 -0.1790810376 -0.0635454208 0.9942329526 0.0863878280 0.1848074049 -0.0733423382 0.9800342321
-399.7 341.7 2453.4 0.9807181954 0.0782417953 -0.1790810376 -0.0635454208 0.9942329526 0.0863878280 0.1848074049 -0.0733423382 0.9800342321
-414.7 146.9 2466.6 0.9807462692 0.0768020675 -0.1795498878 -0.0631852075 0.9947601557 0.0803730935 0.1847818941 -0.0674807206 0.9804601073
-539.4 350.7 2427.1 0.1807817519 -0.8949212432 -0.4079631567 0.9833923578 0.1712404341 0.0601345971 0.0160440635 -0.4120590985 0.9110158682
-587.9 87.0 2422.8 -0.0906156898 -0.8917337656 -0.4433956444 0.9712079167 0.0193725545 -0.2374444455 0.2203269303 -0.4521455765 0.8643034101
-260.0 332.7 2479.7 0.1087155268 0.9928712249 0.0488631651 -0.9810196161 0.0992186815 0.1666017771 0.1605659723 -0.0660479218 0.9848127961
-232.2 82.4 2520.7 0.0271839555 0.9950592518 0.0954886004 -0.9420578480 0.0574511290 -0.3304941058 -0.3343471289 -0.0809716508 0.9389651418
-516.4 -45.5 2467.9 0.6645989418 -0.0210837685 -0.7469027042 0.0894594193 0.9946568608 0.0515241474 0.7418255806 -0.1010603830 0.6629340649
-508.1 -435.2 2507.5 0.6707751751 0.0301083047 -0.7410493493 -0.0978797525 0.9940298200 -0.0482110344 0.7351735830 0.1048724949 0.6697174907
-338.3 -55.9 2497.2 0.9882105589 -0.0573492609 -0.1419541538 0.0679048598 0.9951861501 0.0706644431 0.1372182518 -0.0794707239 0.9873477221
-315.8 -445.7 2528.4 0.9883693457 0.0641621426 -0.1378739327 -0.0640794337 0.9979320765 0.0050431225 0.1379123926 0.0038504158 0.9904369712
-562.7 -183.0 2361.5 0 0 0 0 0 0 0 0 0
-225.3 -159.6 2434.8 0 0 0 0 0 0 0 0 0
-517.6 -747.3 2474.6 0 0 0 0 0 0 0 0 0
-336.0 -759.9 2527.1 0 0 0 0 0 0 0 0 0
-383.1 542.2 2433.4 1 0.9720737338 0.0811809599 -0.2201869786 -0.0591370575 0.9927197099 0.1049306244 0.2271023244 -0.0889790878 0.9697975516
-399.8 339.1 2451.6 0.9720737338 0.0811809599 -0.2201869786 -0.0591370575 0.9927197099 0.1049306244 0.2271023244 -0.0889790878 0.9697975516
-415.6 144.5 2467.1 0.9719274640 0.0809174478 -0.2209284306 -0.0609293506 0.9935296774 0.0958454162 0.2272545248 -0.0796937719 0.9705690742
-538.1 347.8 2419.2 0.1978038400 -0.8757888079 -0.4403040111 0.9800755978 0.1684293300 0.1052777246 -0.0180409458 -0.4523555636 0.8916552067
-589.0 95.8 2423.8 -0.0907921717 -0.8714881539 -0.4819389582 0.9667567611 0.0390284918 -0.2527017295 0.2390359193 -0.4888610840 0.8389735818
-261.4 330.5 2483.9 0.1021876857 0.9883571863 0.1127286181 -0.9807670116 0.0811567903 0.1775096357 0.1662942320 -0.1286998093 0.9776413441
-235.6 83.0 2525.9 0.0314650908 0.9883571863 0.1488623917 -0.9366037250 0.0811567903 -0.3408622742 -0.3489748836 -0.1286998093 0.9282525778
-518.4 -42.2 2463.1 0.6325014830 -0.0233046990 -0.7742084861 0.1060072035 0.9927462935 0.0567212328 0.7672706842 -0.1179479361 0.6303839684
-509.2 -431.0 2509.3 0.6406147480 0.0277316552 -0.7673615217 -0.1016709134 0.9936121106 -0.0489695892 0.7611016631 0.1093889922 0.6393420696
-341.1 -53.6 2496.5 0.9806371331 -0.0715184882 -0.1823071092 0.0844824761 0.9943444729 0.0643564984 0.1766733825 -0.0785121322 0.9811332226
-313.1 -443.1 2527.2 0.9816489816 0.0680482686 -0.1781425178 -0.0673231035 0.9976798892 0.0101196142 0.1784178317 0.0020591989 0.9839526415
-563.7 -172.9 2357.4 0 0 0 0 0 0 0 0 0
-227.5 -157.7 2436.2 0 0 0 0 0 0 0 0 0
-518.1 -748.8 2474.3 0 0 0 0 0 0 0 0 0
-334.7 -760.2 2526.6 0 0 0 0 0 0 0 0 0
-383.1 541.1 2430.8 2 0.9759327769 0.0755233392 -0.2045762539 -0.0534825549 0.9923568964 0.1112090573 0.2114115208 -0.0975913033 0.9725127816
-398.5 338.9 2450.7 0.9759327769 0.0755233392 -0.2045762539 -0.0534825549 0.9923568964 0.1112090573 0.2114115208 -0.0975913033 0.9725127816
-412.8 144.4 2468.1 0.9759820104 0.0729997903 -0.2052561641 -0.0528239533 0.9933687449 0.1021186262 0.2113496959 -0.0888235047 0.9733661413
-537.5 346.4 2420.6 0.2029622644 -0.8810909986 -0.4271825552 0.9790506363 0.1753349751 0.1035254151 -0.0163152684 -0.4392451048 0.8982191086
-590.1 92.5 2424.8 -0.0964823291 -0.8761770725 -0.4722339511 0.9604496956 0.0425533429 -0.2751828432 0.2612040341 -0.4801072478 0.8374183774
-259.5 331.4 2480.8 0.1010802910 0.9864076972 0.1295479238 -0.9795506001 0.0759063438 0.1863299161 0.1739637554 -0.1457330287 0.9739089012
-233.5 79.9 2525.5 0.0188943725 0.9864076972 0.1632265002 -0.9334186912 0.0759063438 -0.3506675661 -0.3582911193 -0.1457330287 0.9221655726
-519.3 -44.5 2462.2 0.6448916793 -0.0272209812 -0.7637890577 0.1050493345 0.9930373430 0.0533052869 0.7570200562 -0.1146116704 0.6432610750
-508.6 -433.5 2507.1 0.6524232626 0.0299629439 -0.7572622299 -0.0990852192 0.9940134287 -0.0460368022 0.7513494492 0.1050689742 0.6514863968
-343.8 -55.5 2503.2 0.9830329418 -0.0807190910 -0.1647138149 0.0903487876 0.9945610166 0.0518218502 0.1596349180 -0.0658242777 0.9849790931
-312.1 -445.0 2529.0 0.9839074016 0.0782343000 -0.1606411934 -0.0786253884 0.9968965054 0.0039304518 0.1604501307 0.0087632751 0.9870050550
-563.3 -174.4 2352.3 0 0 0 0 0 0 0 0 0
-228.7 -160.0 2433.4 0 0 0 0 0 0 0 0 0
-518.1 -747.9 2473.9 0 0 0 0 0 0 0 0 0
-336.8 -759.7 2526.3 0 0 0 0 0 0 0 0 0
-383.1 538.2 2431.0 3 0.9811850786 0.0731536895 -0.1786740273 -0.0544227846 0.9927060604 0.1075773835 0.1852404773 -0.0958293900 0.9780095816
-398.0 336.5 2450.5 0.9811850786 0.0731536895 -0.1786740273 -0.0544227846 0.9927060604 0.1075773835 0.1852404773 -0.0958293900 0.9780095816
-411.8 141.8 2467.5 0.9812709689 0.0703145266 -0.1793409437 -0.0532334968 0.9937276840 0.0983434469 0.1851310432 -0.0869546160 0.9788592458
-537.7 344.0 2424.2 0.1893171072 -0.8930770755 -0.4081327617 0.9819086790 0.1737955362 0.0751698986 0.0037991391 -0.4149800241 0.9098225832
-587.5 85.9 2423.2 -0.0931822583 -0.8889161348 -0.4484921098 0.9619398117 0.0358425565 -0.2709005177 0.2568829656 -0.4566655457 0.8517439365
-258.2 328.9 2476.9 0.1041712388 0.9829422235 0.1515681595 -0.9775699377 0.0731476396 0.1975003779 0.1830446124 -0.1687423438 0.9685146809
-231.8 80.7 2523.4 0.0088203261 0.9829422235 0.1837029010 -0.9351974726 0.0731476396 -0.3464896679 -0.3540167511 -0.1687423438 0.9198902845
-515.3 -45.4 2466.4 0.6650431156 -0.0125961537 -0.7466987371 0.0891586840 0.9940457344 0.0626400113 0.7414636612 -0.1082329825 0.6622063518
-510.3 -434.7 2508.7 0.6718966961 0.0275797825 -0.7401311994 -0.0999895111 0.9935356975 -0.0537487529 0.7338643670 0.1101189703 0.6703110337
-338.9 -54.9 2504.5 0.9878909588 -0.0699419081 -0.1384905726 0.0772401243 0.9958545566 0.0480382890 0.1345565766 -0.0581536219 0.9891980290
-311.5 -445.0 2527.3 0.9876546860 0.0786534846 -0.1354691684 -0.0784736574 0.9968938231 0.0066753547 0.1355734169 0.0040378151 0.9907590747
-561.6 -181.5 2351.8 0 0 0 0 0 0 0 0 0
-229.5 -159.7 2432.4 0 0 0 0 0 0 0 0 0
-519.0 -747.8 2474.0 0 0 0 0 0 0 0 0 0
-336.4 -760.0 2526.0 0 0 0 0 0 0 0 0 0
-385.9 541.4 2438.2 4 0.9885166883 0.0684752911 -0.1347068250 -0.0568109490 0.9944449663 0.0886097327 0.1400261074 -0.0799393728 0.9869155884
-399.8 339.9 2454.4 0.9885166883 0.0684752911 -0.1347068250 -0.0568109490 0.9944449663 0.0886097327 0.1400261074 -0.0799393728 0.9869155884
-413.1 145.0 2468.4 0.9885119796 0.0674625114 -0.1352509856 -0.0568792224 0.9951186180 0.0806456581 0.1400313228 -0.0720262378 0.9875239134
-540.5 347.9 2434.4 0.1740927100 -0.9109827280 -0.3739013076 0.9835727215 0.1792630106 0.0212016720 0.0477123149 -0.3714501560 0.9272261262
-587.4 82.7 2421.6 -0.1173818707 -0.9051681161 -0.4085243642 0.9633257389 -0.0038300913 -0.2683073878 0.2412986010 -0.4250364602 0.8724213243
-259.1 331.8 2474.3 0.1058891118 0.9753823280 0.1934341788 -0.9786987901 0.0678202361 0.1937759072 0.1758868545 -0.2098325491 0.9617869258
-232.4 85.4 2518.6 0.0134308096 0.9752983451 0.2204830348 -0.9444744587 0.0847738311 -0.3174608052 -0.3283101916 -0.2039768398 0.9222829938
-514.2 -48.0 2467.8 0.6976023912 -0.0078156944 -0.7164424658 0.0797565654 0.9945729971 0.0668094009 0.7120321393 -0.1037473828 0.6944398284
-511.1 -437.5 2508.5 0.7044187784 0.0222707614 -0.7094351649 -0.0940339565 0.9936255217 -0.0621769093 0.7035281658 0.1105095744 0.7020226717
-336.9 -57.6 2501.3 0.9934074879 -0.0620407239 -0.0963974819 0.0685206056 0.9955018163 0.0654294118 0.0919045806 -0.0716032833 0.9931900501
-312.6 -447.5 2529.3 0.9931039214 0.0727297366 -0.0919511765 -0.0732673705 0.9973092675 -0.0024803679 0.0915233567 0.0092002843 0.9957604408
-554.8 -185.0 2354.5 0 0 0 0 0 0 0 0 0
-229.0 -157.3 2434.2 0 0 0 0 0 0 0 0 0
-518.1 -748.9 2473.8 0 0 0 0 0 0 0 0 0
-335.3 -758.6 2526.4 0 0 0 0 0 0 0 0 0
-383.8 544.3 2434.2 5 0.9881708026 0.0736304000 -0.1345250756 -0.0603540726 0.9931312799 0.1002379507 0.1409816146 -0.0909330845 0.9858272672
-398.8 341.6 2452.8 0.9881708026 0.0736304000 -0.1345250756 -0.0603540726 0.9931312799 0.1002379507 0.1409816146 -0.0909330845 0.9858272672
-412.9 146.9 2468.7 0.9882138371 0.0717522055 -0.1352223158 -0.0597663485 0.9940825701 0.0907075554 0.1409306079 -0.0815567151 0.9866544604
-539.6 350.0 2432.7 0.1735804826 -0.9106336832 -0.3749881983 0.9839317799 0.1765255183 0.0267775431 0.0418104529 -0.3736108541 0.9266427755
-586.4 84.8 2421.4 -0.1252240837 -0.9037923217 -0.4092411995 0.9654238820 -0.0159449857 -0.2601970732 0.2286387682 -0.4276741743 0.8745393753
-258.1 333.1 2472.8 0.0969021544 0.9871195555 0.1272985190 -0.9788386822 0.0713562071 0.1917891502 0.1802352816 -0.1431894898 0.9731454253
-233.5 84.8 2518.6 0.0197599828 0.9871195555 0.1587591916 -0.9425490499 0.0713562071 -0.3263581395 -0.3334829509 -0.1431894898 0.9318186045
-515.6 -44.8 2469.9 0.6977245212 -0.0057673571 -0.7163429260 0.0801433176 0.9943185449 0.0700549558 0.7118690014 -0.1062891632 0.6942226887
-513.3 -434.3 2511.5 0.7060148716 0.0119287800 -0.7080965042 -0.0903969407 0.9931973219 -0.0733995363 0.7024039626 0.1158309281 0.7022904158
-337.1 -55.0 2495.2 0.9934301376 -0.0612843372 -0.0966479480 0.0690273792 0.9944883585 0.0789185539 0.0912787914 -0.0850714222 0.9921849966
-313.1 -444.5 2528.5 0.9935773015 0.0664234385 -0.0916081294 -0.0665556714 0.9977813959 0.0016141610 0.0915121064 0.0044932463 0.9957938194
-551.6 -183.5 2357.9 0 0 0 0 0 0 0 0 0
-228.4 -157.4 2432.8 0 0 0 0 0 0 0 0 0
-517.1 -749.5 2474.8 0 0 0 0 0 0 0 0 0
-334.1 -759.7 2527.1 0 0 0 0 0 0 0 0 0
-384.7 543.7 2431.7 6 0.9854862690 0.0730639473 -0.1532267332 -0.0573671982 0.9928714633 0.1044760346 0.1597678810 -0.0941695124 0.9826527238
-399.6 340.5 2451.0 0.9854862690 0.0730639473 -0.1532267332 -0.0573671982 0.9928714633 0.1044760346 0.1597678810 -0.0941695124 0.9826527238
-413.9 145.9 2467.9 0.9854302406 0.0726140887 -0.1537999064 -0.0581313521 0.9936184287 0.0966600478 0.1598373055 -0.0863111392 0.9833627939
-540.0 348.7 2428.3 0.1675395370 -0.9054034352 -0.3900962770 0.9856073260 0.1628774405 0.0452667698 0.0225531925 -0.3920657337 0.9196606874
-584.5 87.0 2422.3 -0.1118457243 -0.8995162249 -0.4223281443 0.9679498076 -0.0024469439 -0.2511317134 0.2248636335 -0.4368804693 0.8709602952
-259.3 332.2 2473.8 0.0860249475 0.9946641326 0.0569469705 -0.9739645720 0.0719261393 0.2149876058 0.2097444981 -0.0739586279 0.9749550819
-237.5 85.8 2526.9 0.0407291465 0.9946641326 0.0947859958 -0.9324315786 0.0719261393 -0.3541156948 -0.3590437770 -0.0739586279 0.9303857684
-516.3 -42.4 2472.0 0.6841968894 -0.0072335931 -0.7292614579 0.0805526748 0.9945820570 0.0657096133 0.7248350382 -0.1037022769 0.6810726523
-513.4 -432.0 2512.6 0.6931530833 0.0076159015 -0.7207501531 -0.0910065696 0.9928665757 -0.0770307332 0.7150220871 0.1189870909 0.6889016628
-337.7 -53.2 2497.4 0.9914960861 -0.0618253201 -0.1145125106 0.0703158006 0.9949482083 0.0716502815 0.1095042154 -0.0790930167 0.9908345342
-313.5 -442.9 2528.4 0.9918980002 0.0638657138 -0.1098159924 -0.0641912520 0.9979374409 0.0005720074 0.1096260250 0.0064818528 0.9939517975
-553.4 -182.0 2359.8 0 0 0 0 0 0 0 0 0
-227.0 -153.8 2434.6 0 0 0 0 0 0 0 0 0
-515.9 -748.3 2474.7 0 0 0 0 0 0 0 0 0
-333.9 -761.2 2526.3 0 0 0 0 0 0 0 0 0
-383.6 544.7 2432.0 7 0.9844399691 0.0783139989 -0.1573050469 -0.0621028431 0.9924828410 0.1054561138 0.1643812656 -0.0940461233 0.9819033146
-399.5 342.5 2451.2 0.9844399691 0.0783139989 -0.1573050469 -0.0621028431 0.9924828410 0.1054561138 0.1643812656 -0.0940461233 0.9819033146
-414.8 148.0 2468.0 0.9843775034 0.0778034478 -0.1579479128 -0.0628972054 0.9932676554 0.0972792506 0.1644532084 -0.0858250186 0.9826439619
-539.8 351.5 2427.7 0.1766074598 -0.9029047489 -0.3918837309 0.9842196703 0.1664548516 0.0600373372 0.0110229542 -0.3963027298 0.9180537462
-587.1 87.6 2424.8 -0.0954941660 -0.8987058997 -0.4280286729 0.9643546343 0.0230778567 -0.2636048794 0.2467812598 -0.4379441440 0.8644674420
-259.3 333.6 2474.6 0.0947369412 0.9934318662 0.0641722530 -0.9626096487 0.0749826431 0.2603079975 0.2537864447 -0.0864336118 0.9633907080
-235.0 87.3 2539.5 0.0344756097 0.9934318662 0.1091081947 -0.9164100289 0.0749826431 -0.3931542635 -0.3987531960 -0.0864336118 0.9129759669
-517.2 -43.5 2470.4 0.6811472774 -0.0095950961 -0.7320835590 0.0804318860 0.9948426485 0.0617966950 0.7277150154 -0.1009755060 0.6784060597
-513.4 -433.2 2509.9 0.6895980239 0.0076971310 -0.7241514325 -0.0871964842 0.9935512543 -0.0724752098 0.7189237475 0.1131222248 0.6858221889
-339.1 -54.0 2499.3 0.9907951951 -0.0651207343 -0.1186765358 0.0737449005 0.9948325157 0.0697852373 0.1135188118 -0.0778946653 0.9904776216
-313.6 -443.6 2529.8 0.9917498231 0.0593491867 -0.1136219352 -0.0600564629 0.9981910586 -0.0028089962 0.1132496819 0.0096095530 0.9935200810
-560.6 -180.3 2356.2 0 0 0 0 0 0 0 0 0
-226.2 -148.0 2437.1 0 0 0 0 0 0 0 0 0
-515.9 -749.5 2473.9 0 0 0 0 0 0 0 0 0
-332.5 -761.0 2526.7 0 0 0 0 0 0 0 0 0
-384.3 542.3 2433.1 8 0.9840678573 0.0737517327 -0.1617748439 -0.0578434728 0.9932098985 0.1009368896 0.1681206524 -0.0899711326 0.9816520214
-399.2 340.4 2451.4 0.9840678573 0.0737517327 -0.1617748439 -0.0578434728 0.9932098985 0.1009368896 0.1681206524 -0.0899711326 0.9816520214
-413.2 145.7 2467.6 0.9841496944 0.0713726357 -0.1623431444 -0.0567228831 0.9940345287 0.0931548774 0.1680234075 -0.0824697763 0.9823272824
-539.5 348.5 2427.5 0.1890018284 -0.8993802667 -0.3941997290 0.9818820953 0.1786606461 0.0631498620 0.0136322379 -0.3989931047 0.9168525934
-588.3 94.8 2424.0 -0.0882201046 -0.8964443207 -0.4342865050 0.9649588466 0.0312538520 -0.2605333328 0.2471267581 -0.4420528710 0.8622747064
-259.0 332.3 2475.4 0.1011527777 0.9905754924 0.0923491418 -0.9706200361 0.0778906494 0.2276615202 0.2183227837 -0.1126645282 0.9693512321
-234.2 94.1 2529.0 0.0330715850 0.9905754924 0.1329154521 -0.9342384934 0.0778906494 -0.3480394185 -0.3551121652 -0.1126645282 0.9280097485
-519.0 -40.9 2469.9 0.6777616143 -0.0193348974 -0.7350274324 0.0855775550 0.9949347377 0.0527384728 0.7302846313 -0.0986459628 0.6759831905
-511.4 -430.6 2508.6 0.6853518486 0.0177639183 -0.7279953957 -0.0909574553 0.9939616323 -0.0613756813 0.7225092053 0.1082805470 0.6828292608
-341.1 -52.2 2499.6 0.9897371531 -0.0728752092 -0.1229211763 0.0814196393 0.9944937229 0.0659780651 0.1174361706 -0.0753091425 0.9902208447
-312.5 -441.8 2529.1 0.9908961654 0.0654446706 -0.1176512614 -0.0661584362 0.9978067875 -0.0021674754 0.1172513738 0.0099313669 0.9930526018
-563.8 -173.4 2355.3 0 0 0 0 0 0 0 0 0
-225.7 -145.7 2437.8 0 0 0 0 0 0 0 0 0
-517.1 -750.0 2473.8 0 0 0 0 0 0 0 0 0
-333.5 -761.2 2526.0 0 0 0 0 0 0 0 0 0
-383.9 540.4 2430.7 9 0.9795285463 0.0731129125 -0.1875589490 -0.0537716299 0.9928879142 0.1062177047 0.1939909011 -0.0939579234 0.9764934182
-398.7 338.5 2449.8 0.9795285463 0.0731129125 -0.1875589490 -0.0537716299 0.9928879142 0.1062177047 0.1939909011 -0.0939579234 0.9764934182
-412.5 143.8 2466.8 0.9796444774 0.0700503439 -0.1881213337 -0.0521625690 0.9937775731 0.0984135494 0.1938446611 -0.0865973979 0.9772027135
-538.3 345.9 2422.2 0.1893567741 -0.8898597360 -0.4150827527 0.9819031954 0.1702382118 0.0829759687 -0.0031740263 -0.4232831597 0.9059919119
-587.8 89.1 2423.0 -0.0923505500 -0.8856974244 -0.4549850523 0.9643157125 0.0343103968 -0.2625222802 0.2481260449 -0.4629933238 0.8509234190
-259.2 331.1 2477.4 0.1012614965 0.9910979271 0.0864351466 -0.9604642391 0.0747429952 0.2681827247 0.2593349218 -0.1101744473 0.9594826698
-233.9 91.4 2542.1 0.0252177287 0.9910979271 0.1307248622 -0.9179508686 0.0747429952 -0.3895891607 -0.3958917856 -0.1101744473 0.9116640091
-516.2 -43.9 2468.5 0.6583833098 -0.0149155781 -0.7525349855 0.0857843533 0.9947758913 0.0553347394 0.7477783561 -0.1009871960 0.6562233567
-510.3 -433.5 2508.1 0.6651573181 0.0249605291 -0.7462859750 -0.0988254845 0.9935919642 -0.0548501648 0.7401346564 0.1102360561 0.6633616686
-338.3 -54.1 2498.9 0.9868960977 -0.0644569993 -0.1479234695 0.0737942085 0.9955549240 0.0585217029 0.1434938014 -0.0686707348 0.9872658253
-313.0 -444.1 2525.8 0.9874601960 0.0629301518 -0.1447831392 -0.0617842264 0.9980124831 0.0124020884 0.1452758461 -0.0033012545 0.9893856645
-562.2 -179.0 2354.1 0 0 0 0 0 0 0 0 0
-227.4 -144.2 2440.6 0 0 0 0 0 0 0 0 0
-518.2 -748.4 2473.2 0 0 0 0 0 0 0 0 0
-333.0 -761.6 2526.9 0 0 0 0 0 0 0 0 0
-384.8 542.5 2437.5 0 0.9850574136 0.0728456900 -0.1560623497 -0.0599217042 0.9944932461 0.0859799385 0.1614662111 -0.0753436461 0.9839979410
-399.6 340.9 2452.8 0.9850574136 0.0728456900 -0.1560623497 -0.0599217042 0.9944932461 0.0859799385 0.1614662111 -0.0753436461 0.9839979410
-413.7 146.1 2466.4 0.9850680828 0.0717898831 -0.1564834565 -0.0597744621 0.9949859381 0.0801874176 0.1614554822 -0.0696363524 0.9844200611
-539.9 349.4 2429.8 0.1797039211 -0.9035069346 -0.3890780509 0.9834386706 0.1744739562 0.0490630455 0.0235551856 -0.3914512098 0.9198973179
-588.1 85.7 2423.5 -0.0939650461 -0.8996906877 -0.4262947738 0.9619364142 0.0283201300 -0.2718019783 0.2566104233 -0.4356083274 0.8627841473
-259.3 332.4 2475.7 0.1064383686 0.9871766567 0.1189670935 -0.9707012177 0.0772409737 0.2275366634 0.2154297531 -0.1397001445 0.9664750099
-233.1 93.2 2528.9 0.0240488537 0.9871766567 0.1578098536 -0.9371131659 0.0772409737 -0.3403715491 -0.3481962383 -0.1397001445 0.9269537330
-514.7 -46.1 2466.2 0.6820684671 -0.0085591245 -0.7312382460 0.0828845277 0.9943929315 0.0656718835 0.7265760303 -0.1054010540 0.6789535284
-511.4 -435.6 2507.5 0.6888920665 0.0234263893 -0.7244852781 -0.0954419076 0.9937074184 -0.0586212054 0.7185531259 0.1095299423 0.6867930293
-337.7 -55.5 2501.3 0.9909870625 -0.0647419319 -0.1172736958 0.0718379393 0.9957677126 0.0573235229 0.1130661219 -0.0652315691 0.9914438725
-312.3 -445.6 2526.8 0.9912032485 0.0677095726 -0.1137170866 -0.0675770640 0.9977014065 0.0050240974 0.1137958765 0.0027047656 0.9935004711
-561.9 -181.7 2352.1 0 0 0 0 0 0 0 0 0
-226.9 -147.2 2439.5 0 0 0 0 0 0 0 0 0
-518.8 -749.2 2473.0 0 0 0 0 0 0 0 0 0
-333.7 -760.0 2526.0 0 0 0 0 0 0 0 0 0
-384.8 541.3 2433.4 1 0.9864256382 0.0782032609 -0.1443907768 -0.0644279867 0.9931247234 0.0977359712 0.1510413140 -0.0871064588 0.9846822023
-400.6 340.0 2451.0 0.9864256382 0.0782032609 -0.1443907768 -0.0644279867 0.9931247234 0.0977359712 0.1510413140 -0.0871064588 0.9846822023
-415.7 145.4 2466.9 0.9864361882 0.0771429762 -0.1448881477 -0.0642929226 0.9937389493 0.0913746879 0.1510298997 -0.0808200166 0.9852198362
-541.1 349.2 2429.5 0.1815736890 -0.9062575102 -0.3817437589 0.9829432368 0.1787936091 0.0430748686 0.0292164236 -0.3830537200 0.9232639074
-588.6 92.2 2421.9 -0.0889030248 -0.9035611153 -0.4191342592 0.9646509290 0.0267010741 -0.2621747851 0.2480822951 -0.4276264012 0.8692473173
-260.1 330.9 2472.6 0.0936018154 0.9938318133 0.0594733320 -0.9634106159 0.0753438473 0.2572223544 0.2511548102 -0.0813737214 0.9645203948
-236.7 90.3 2535.3 0.0402492955 0.9938318133 0.1033362076 -0.9287959337 0.0753438473 -0.3628517985 -0.3683993816 -0.0813737214 0.9260994792
-516.8 -43.4 2465.5 0.6907136440 -0.0131100854 -0.7230095267 0.0853590071 0.9943236709 0.0635164008 0.7180727720 -0.1055870205 0.6879119873
-511.7 -432.9 2506.8 0.6974830031 0.0235862657 -0.7162130475 -0.0913803279 0.9942261577 -0.0562488288 0.7107510567 0.1046803892 0.6956111789
-338.8 -54.1 2494.6 0.9920835495 -0.0671684965 -0.1061066464 0.0752458721 0.9944118261 0.0740485936 0.1005399674 -0.0814464837 0.9915937781
-312.5 -443.6 2526.5 0.9924414754 0.0693910271 -0.1012163833 -0.0692183971 0.9975878596 0.0052208402 0.1013345122 0.0018246572 0.9948507547
-563.9 -175.9 2352.9 0 0 0 0 0 0 0 0 0
-226.4 -148.1 2440.7 0 0 0 0 0 0 0 0 0
-519.2 -748.5 2473.6 0 0 0 0 0 0 0 0 0
-334.6 -761.0 2526.0 0 0 0 0 0 0 0 0 0
-385.2 543.0 2438.8 2 0.9943296313 0.0746629760 -0.0757236108 -0.0690974891 0.9948888421 0.0736320466 0.0808341652 -0.0679822117 0.9944064617
-400.4 340.3 2452.7 0.9943296313 0.0746629760 -0.0757236108 -0.0690974891 0.9948888421 0.0736320466 0.0808341652 -0.0679822117 0.9944064617
-415.3 145.5 2465.6 0.9942567945 0.0754862055 -0.0758634284 -0.0700624809 0.9949567914 0.0717791170 0.0808991641 -0.0660516918 0.9945312738
-541.7 350.2 2441.2 0.1778693199 -0.9293201566 -0.3236148953 0.9813148379 0.1920291781 -0.0120846527 0.0733740106 -0.3154186010 0.9461116791
-588.4 92.5 2421.9 -0.0775287077 -0.9306124449 -0.3577006459 0.9665282965 0.0178543944 -0.2559380829 0.2445656806 -0.3655703366 0.8980790377
-259.1 330.4 2464.2 0.1037200019 0.9913734198 0.0801308006 -0.9597034454 0.0785992816 0.2697989345 0.2611732781 -0.1048853546 0.9595767856
-232.7 86.0 2530.7 0.0368298106 0.9913734198 0.1257869154 -0.9350504279 0.0785992816 -0.3456918001 -0.3525964022 -0.1048853546 0.9298789501
-520.0 -43.4 2469.1 0.7390486002 -0.0139383851 -0.6735079288 0.0773800388 0.9949247837 0.0643199012 0.6691932082 -0.0996515974 0.7363762856
-514.5 -433.1 2508.1 0.7466815710 0.0086792251 -0.6651250124 -0.0772418529 0.9942818284 -0.0737387240 0.6606817245 0.1064348370 0.7430822849
-341.7 -55.0 2496.4 0.9965605140 -0.0733551681 -0.0385509804 0.0762097463 0.9939810634 0.0787003785 0.0325458609 -0.0813676491 0.9961526394
-313.0 -444.3 2528.2 0.9972489476 0.0667557418 -0.0322207585 -0.0669660568 0.9977401495 -0.0054919077 0.0317813270 0.0076344968 0.9994657040
-566.9 -176.1 2353.9 0 0 0 0 0 0 0 0 0
-223.2 -154.2 2440.1 0 0 0 0 0 0 0 0 0
-517.3 -746.9 2474.5 0 0 0 0 0 0 0 0 0
-334.1 -760.0 2525.8 0 0 0 0 0 0 0 0 0
-384.4 541.1 2434.6 3 0.9911972880 0.0771584734 -0.1075848415 -0.0676292777 0.9936813116 0.0895755589 0.1138165593 -0.0815111622 0.9901523590
-400.1 339.1 2451.1 0.9911972880 0.0771584734 -0.1075848415 -0.0676292777 0.9936813116 0.0895755589 0.1138165593 -0.0815111622 0.9901523590
-415.0 144.4 2465.9 0.9912687540 0.0755673274 -0.1080546454 -0.0666988939 0.9942764044 0.0834603608 0.1137430593 -0.0755245239 0.9906354547
-541.1 348.5 2434.9 0.1778612882 -0.9193067551 -0.3510561883 0.9827134609 0.1845572144 0.0145902280 0.0513770543 -0.3475826979 0.9362407327
-587.6 91.3 2421.5 -0.0775122270 -0.9190763831 -0.3863811791 0.9664448500 0.0259314813 -0.2555618882 0.2449003309 -0.3932252824 0.8862266541
-259.1 329.7 2467.3 0.1085376590 0.9881358743 0.1086603999 -0.9660575986 0.0790690258 0.2459285110 0.2344191074 -0.1316647083 0.9631780982
-232.5 93.0 2524.7 0.0339192711 0.9881358743 0.1497898102 -0.9484757185 0.0790690258 -0.3068254888 -0.3150289953 -0.1316647083 0.9399048686
-519.8 -43.1 2471.3 0.7169201970 -0.0098166317 -0.6970861554 0.0867976844 0.9933777452 0.0752782002 0.6917308569 -0.1144739240 0.7130246162
-516.0 -432.2 2516.1 0.7279183269 0.0013994449 -0.6856623888 -0.0882218778 0.9918770194 -0.0916343778 0.6799645424 0.1271927655 0.7221289277
-340.6 -55.6 2485.8 0.9949169755 -0.0701041743 -0.0722886398 0.0778623521 0.9907903671 0.1107786894 0.0638568401 -0.1158441603 0.9912126064
-313.1 -443.5 2531.2 0.9960107803 0.0631724671 -0.0630223453 -0.0641203225 0.9978557825 -0.0131306536 0.0620577149 0.0171192866 0.9979257584
-566.1 -177.3 2353.4 0 0 0 0 0 0 0 0 0
-223.8 -150.5 2443.8 0 0 0 0 0 0 0 0 0
-516.4 -748.7 2475.5 0 0 0 0 0 0 0 0 0
-333.2 -760.5 2525.7 0 0 0 0 0 0 0 0 0
-385.9 542.6 2440.4 4 0.9953089952 0.0750878975 -0.0610068291 -0.0707283467 0.9949851036 0.0707261488 0.0660115629 -0.0660794601 0.9956284165
-401.3 339.1 2453.9 0.9953089952 0.0750878975 -0.0610068291 -0.0707283467 0.9949851036 0.0707261488 0.0660115629 -0.0660794601 0.9956284165
-415.7 144.2 2466.2 0.9954447746 0.0730606467 -0.0612520389 -0.0689038411 0.9953417778 0.0674318448 0.0658933222 -0.0629041716 0.9958419204
-542.9 348.8 2444.6 0.1701119691 -0.9346402884 -0.3122650385 0.9813956022 0.1893117577 -0.0319960527 0.0890202448 -0.3010126352 0.9494560361
-587.8 89.8 2421.1 -0.0930373147 -0.9347315431 -0.3429592550 0.9666070342 -0.0021887075 -0.2562539577 0.2387780100 -0.3553479910 0.9037216902
-259.7 329.4 2463.3 0.0785037130 0.9968152642 -0.0140157901 -0.9575366378 0.0793077797 0.2771893144 0.2774181068 -0.0083397590 0.9607130885
-239.9 88.1 2533.2 0.0712795705 0.9968152642 0.0357561000 -0.9330022335 0.0793077797 -0.3510228992 -0.3527407348 -0.0083397590 0.9356839061
-519.3 -44.3 2470.4 0.7486522198 -0.0195290148 -0.6626752615 0.0814655274 0.9947006702 0.0627212450 0.6579386592 -0.1009415910 0.7462757826
-511.6 -433.9 2510.0 0.7562156320 0.0177802313 -0.6540808678 -0.0849028900 0.9938460588 -0.0711442307 0.6487907171 0.1093337312 0.7530715466
-340.4 -56.3 2491.0 0.9970057607 -0.0727841258 -0.0261150114 0.0751135200 0.9917936325 0.1034570262 0.0183706731 -0.1051088423 0.9942910075
-311.9 -444.7 2532.1 0.9973756075 0.0703495443 -0.0171119850 -0.0706457123 0.9973502755 -0.0173665807 0.0158449113 0.0185298920 0.9997027516
-561.9 -178.9 2354.7 0 0 0 0 0 0 0 0 0
-221.6 -151.3 2442.7 0 0 0 0 0 0 0 0 0
-517.3 -749.9 2475.2 0 0 0 0 0 0 0 0 0
-334.2 -760.2 2526.3 0 0 0 0 0 0 0 0 0
-385.2 541.5 2435.3 5 0.9889100790 0.0795572773 -0.1254092753 -0.0682912245 0.9934410453 0.0917123705 0.1318830997 -0.0821309313 0.9878569245
-401.5 337.9 2452.2 0.9889100790 0.0795572773 -0.1254092753 -0.0682912245 0.9934410453 0.0917123705 0.1318830997 -0.0821309313 0.9878569245
-416.8 143.2 2466.8 0.9890025854 0.0774346888 -0.1260068566 -0.0671199411 0.9941902757 0.0841463804 0.1317906529 -0.0747634172 0.9884541631
-542.0 347.3 2433.4 0.1778445095 -0.9139381051 -0.3648129106 0.9834683537 0.1779110432 0.0337289833 0.0340780430 -0.3647804856 0.9304696918
-589.0 87.8 2424.5 -0.0998069197 -0.9104141593 -0.4014780521 0.9642696977 0.0110145574 -0.2646934092 0.2454027385 -0.4135513604 0.8767854571
-261.0 328.5 2470.9 0.1089548245 0.9925026298 0.0553837270 -0.9532526731 0.0885238871 0.2889167368 0.2818478346 -0.0842735544 0.9557508826
-233.8 89.9 2541.4 0.0495601073 0.9925026298 0.1117242426 -0.9217625260 0.0885238871 -0.3775146604 -0.3845745623 -0.0842735544 0.9192390442
-519.9 -44.5 2472.6 0.7044953704 -0.0232306290 -0.7093282938 0.0769768879 0.9960689545 0.0438309796 0.7055217028 -0.0854806080 0.7035141587
-510.8 -434.6 2506.1 0.7108945847 0.0175494757 -0.7030795813 -0.0837539583 0.9946871400 -0.0598566681 0.6982937455 0.1014374793 0.7085875273
-340.3 -56.9 2484.5 0.9935077429 -0.0691879839 -0.0903069451 0.0792033300 0.9904906750 0.1124949381 0.0816648826 -0.1189172044 0.9895400405
-313.2 -444.8 2531.0 0.9945802093 0.0651062876 -0.0810637847 -0.0661923736 0.9977486134 -0.0107806120 0.0801793933 0.0160879884 0.9966506362
-561.2 -180.2 2356.2 0 0 0 0 0 0 0 0 0
-221.0 -146.6 2442.7 0 0 0 0 0 0 0 0 0
-516.4 -748.7 2474.1 0 0 0 0 0 0 0 0 0
-333.8 -759.5 2526.0 0 0 0 0 0 0 0 0 0
-384.5 541.3 2432.3 6 0.9907587171 0.0743597150 -0.1134364903 -0.0634691045 0.9932808280 0.0967722684 0.1198702529 -0.0886782482 0.9888211489
-399.6 338.8 2450.4 0.9907587171 0.0743597150 -0.1134364903 -0.0634691045 0.9932808280 0.0967722684 0.1198702529 -0.0886782482 0.9888211489
-414.3 144.1 2466.1 0.9906718731 0.0745721161 -0.1140536815 -0.0646276474 0.9939740896 0.0885368586 0.1199687868 -0.0803399533 0.9895215631
-540.6 348.0 2433.3 0.1786027998 -0.9170542359 -0.3565285802 0.9828097224 0.1834957749 0.0203545839 0.0467552319 -0.3540351391 0.9340626597
-588.5 84.4 2420.8 -0.0960441828 -0.9148215652 -0.3922715485 0.9667527676 0.0080973692 -0.2555847466 0.2369908094 -0.4037770331 0.8836285472
-258.7 329.7 2467.5 0.1029155329 0.9928601384 0.0603084080 -0.9615864754 0.0837958828 0.2613995969 0.2544796467 -0.0848938227 0.9633447528
-233.3 92.3 2530.3 0.0496540517 0.9928601384 0.1084582210 -0.9374377728 0.0837958828 -0.3379182220 -0.3445938826 -0.0848938227 0.9349054098
-521.2 -45.5 2469.5 0.7127115130 -0.0306273960 -0.7007883191 0.0893685445 0.9948696494 0.0474090725 0.6957409978 -0.0964174196 0.7117922306
-509.2 -435.1 2507.3 0.7200651169 0.0239195134 -0.6934941411 -0.0900941640 0.9941688776 -0.0592559129 0.6880329251 0.1051478907 0.7180213332
-343.0 -57.5 2493.3 0.9940018654 -0.0790334195 -0.0755912960 0.0850668922 0.9931390285 0.0802404359 0.0687309876 -0.0861894563 0.9939051270
-312.1 -446.2 2527.0 0.9950225949 0.0714821815 -0.0694288760 -0.0712883025 0.9974418283 0.0052694594 0.0696279407 -0.0002937645 0.9975729585
-561.8 -184.3 2354.9 0 0 0 0 0 0 0 0 0
-220.5 -148.3 2441.9 0 0 0 0 0 0 0 0 0
-516.8 -748.1 2474.2 0 0 0 0 0 0 0 0 0
-334.6 -760.3 2527.1 0 0 0 0 0 0 0 0 0
-383.4 541.5 2437.8 7 0.9908528924 0.0750209019 -0.1121711880 -0.0664408430 0.9947079420 0.0783693790 0.1174569130 -0.0701997802 0.9905936718
-398.7 338.7 2452.1 0.9908528924 0.0750209019 -0.1121711880 -0.0664408430 0.9947079420 0.0783693790 0.1174569130 -0.0701997802 0.9905936718
-413.8 143.9 2465.4 0.9906651378 0.0772394165 -0.1123240218 -0.0688944161 0.9946963191 0.0763725415 0.1176272631 -0.0679211095 0.9907323122
-539.7 348.5 2435.4 0.1807742864 -0.9178141356 -0.3534655273 0.9822972417 0.1864348054 0.0182806458 0.0491200462 -0.3505128920 0.9352688789
-588.0 86.2 2422.2 -0.0988242403 -0.9152290225 -0.3906271756 0.9638169408 0.0096271997 -0.2663910091 0.2475694269 -0.4028190076 0.8811618686
-257.6 328.9 2468.9 0.1037970781 0.9913911819 0.0798103511 -0.9702383280 0.0832774043 0.2273818105 0.2187779248 -0.1010366231 0.9705296755
-231.7 86.9 2523.4 0.0458579771 0.9913911819 0.1226400062 -0.9436326027 0.0832774043 -0.3203473389 -0.3278026879 -0.1010366231 0.9393279552
-518.3 -44.7 2471.0 0.7139683962 -0.0223998353 -0.6998195648 0.0798439011 0.9955729842 0.0495918505 0.6956105828 -0.0912833363 0.7125961185
-509.6 -434.6 2506.7 0.7203788161 0.0248260498 -0.6931363344 -0.0919327065 0.9939592481 -0.0599453412 0.6874610782 0.1069052592 0.7183095217
-339.5 -56.3 2492.6 0.9952400327 -0.0624866560 -0.0747845918 0.0685100555 0.9943656921 0.0808904916 0.0693086535 -0.0856289491 0.9939134717
-315.1 -445.6 2526.2 0.9957572222 0.0599916242 -0.0697752163 -0.0598277561 0.9981988668 0.0044378689 0.0699157715 -0.0002445456 0.9975528717
-560.5 -181.7 2353.4 0 0 0 0 0 0 0 0 0
-219.9 -155.4 2439.2 0 0 0 0 0 0 0 0 0
-517.4 -748.9 2472.9 0 0 0 0 0 0 0 0 0
-333.9 -758.3 2526.2 0 0 0 0 0 0 0 0 0
-383.3 540.9 2435.0 8 0.9881555438 0.0813524425 -0.1301170737 -0.0700485259 0.9935460091 0.0892162770 0.1365352720 -0.0790450498 0.9874765873
-399.9 339.0 2451.1 0.9881555438 0.0813524425 -0.1301170737 -0.0700485259 0.9935460091 0.0892162770 0.1365352720 -0.0790450498 0.9874765873
-415.9 144.4 2465.9 0.9880841374 0.0818096399 -0.1303722262 -0.0709178969 0.9937584996 0.0861086324 0.1366030276 -0.0758368522 0.9877187610
-540.6 349.1 2431.6 0.1814707518 -0.9113894105 -0.3693747222 0.9827710986 0.1814679056 0.0350762717 0.0350615159 -0.3693761230 0.9286183119
-588.3 90.8 2422.4 -0.1046725363 -0.9073603749 -0.4071127474 0.9638904929 0.0082316259 -0.2661717534 0.2448648959 -0.4202729762 0.8737344146
-259.1 328.9 2470.6 0.1151386648 0.9867603183 0.1142243221 -0.9712406397 0.0877039731 0.2213587165 0.2084100544 -0.1364262402 0.9684798121
-230.0 83.1 2523.3 0.0388245434 0.9867603183 0.1574698836 -0.9444535971 0.0877039731 -0.3167260885 -0.3263434768 -0.1364262402 0.9353544116
-518.4 -44.7 2468.1 0.7011721134 -0.0242465641 -0.7125796676 0.0876040012 0.9947787523 0.0523527712 0.7075896859 -0.0991331339 0.6996352077
-508.9 -434.3 2506.9 0.7080227733 0.0266995933 -0.7056846619 -0.0937493518 0.9939940572 -0.0564521812 0.6999391317 0.1061269119 0.7062734962
-339.5 -57.1 2489.3 0.9935171604 -0.0661921203 -0.0924242735 0.0739470869 0.9937881827 0.0831681043 0.0863450766 -0.0894634426 0.9922403097
-313.6 -446.3 2524.3 0.9941513538 0.0635104850 -0.0873470604 -0.0628389716 0.9979692698 0.0104189571 0.0878314003 -0.0048692208 0.9961234331
-559.2 -177.2 2354.4 0 0 0 0 0 0 0 0 0
-220.0 -159.6 2439.5 0 0 0 0 0 0 0 0 0
-517.4 -749.0 2473.3 0 0 0 0 0 0 0 0 0
-333.5 -759.2 2525.9 0 0 0 0 0 0 0 0 0
-384.7 542.2 2439.7 9 0.9864637852 0.0795028359 -0.1434171349 -0.0693827868 0.9948236346 0.0742428228 0.1485772729 -0.0632871762 0.9868736267
-401.0 338.9 2452.6 0.9864637852 0.0795028359 -0.1434171349 -0.0693827868 0.9948236346 0.0742428228 0.1485772729 -0.0632871762 0.9868736267
-416.7 144.0 2464.4 0.9863693714 0.0802661330 -0.1436411440 -0.0705585778 0.9949452281 0.0714529455 0.1486503333 -0.0603438839 0.9870469570
-541.5 348.9 2431.4 0.1852779388 -0.9070593715 -0.3780414760 0.9821423888 0.1837207824 0.0405343249 0.0326870345 -0.3788006604 0.9249008894
-589.4 95.2 2423.0 -0.0920149982 -0.9043127298 -0.4168353975 0.9637673497 0.0243745744 -0.2656283081 0.2503712475 -0.4261741340 0.8693042397
-260.4 328.8 2473.8 0.1188650057 0.9858179688 0.1184654981 -0.9731323719 0.0919699892 0.2110802382 0.1971914172 -0.1403726637 0.9702634215
-231.3 89.8 2522.2 0.0434411168 0.9858179688 0.1620982140 -0.9477971792 0.0919699892 -0.3053228855 -0.3159009516 -0.1403726637 0.9383507371
-521.2 -43.8 2468.4 0.6911414266 -0.0219042357 -0.7223874927 0.0952194855 0.9935871959 0.0609733164 0.7164193988 -0.1109265536 0.6887949705
-512.7 -433.0 2511.9 0.7011238337 0.0112232855 -0.7129511833 -0.0897268355 0.9933167100 -0.0726015270 0.7073715329 0.1148735136 0.6974450946
-342.7 -56.6 2493.1 0.9916506410 -0.0727998912 -0.1064387634 0.0813488141 0.9936044216 0.0783108547 0.1000570059 -0.0863156766 0.9912306666
-314.2 -445.8 2526.9 0.9928193688 0.0649791285 -0.1004361808 -0.0652517229 0.9978686571 0.0005721768 0.1002592966 0.0059855650 0.9949433208
-563.8 -172.7 2353.4 0 0 0 0 0 0 0 0 0
-220.1 -153.8 2441.0 0 0 0 0 0 0 0 0 0
-516.2 -748.4 2475.4 0 0 0 0 0 0 0 0 0
-334.6 -759.3 2525.0 0 0 0 0 0 0 0 0 0
-384.7 541.0 2434.5 0 0.9924709201 0.0781170353 -0.0943356007 -0.0697319359 0.9935758710 0.0891315788 0.1006922722 -0.0818822980 0.9915423989
-400.7 337.2 2451.3 0.9924709201 0.0781170353 -0.0943356007 -0.0697319359 0.9935758710 0.0891315788 0.1006922722 -0.0818822980 0.9915423989
-416.0 142.5 2465.9 0.9923734069 0.0786941871 -0.0948803648 -0.0709681809 0.9940836430 0.0822264403 0.1007897630 -0.0748658478 0.9920869470
-541.9 347.3 2436.9 0.1894250512 -0.9211741686 -0.3399357200 0.9802009463 0.1977329999 0.0103786737 0.0576559454 -0.3351713121 0.9403914213
-590.2 97.6 2422.2 -0.0761331320 -0.9221063256 -0.3793727160 0.9639589787 0.0292082746 -0.2644427121 0.2549251318 -0.3858325779 0.8866489530
-259.5 327.0 2465.6 0.1024200469 0.9924208522 0.0679045394 -0.9635754228 0.0820262507 0.2545468211 0.2470476180 -0.0915018469 0.9646734595
-233.7 84.9 2527.7 0.0466037355 0.9924208522 0.1137056947 -0.9402117729 0.0820262507 -0.3305654824 -0.3373869359 -0.0915018469 0.9369084835
-521.5 -44.4 2462.8 0.7255558372 -0.0209575538 -0.6878440976 0.1048705280 0.9912289977 0.0804189295 0.6801256537 -0.1304830015 0.7213898301
-513.3 -432.6 2513.9 0.7379322052 0.0103870789 -0.6747949123 -0.0920926929 0.9920782447 -0.0854383558 0.6685619354 0.1251913905 0.7330430150
-343.3 -57.2 2489.7 0.9956384897 -0.0727703869 -0.0583819263 0.0783996359 0.9918165207 0.1007645726 0.0505714826 -0.1049022079 0.9931958914
-314.8 -445.6 2530.7 0.9967163801 0.0640205219 -0.0495763272 -0.0648151934 0.9977906346 -0.0145894373 0.0485327728 0.0177548304 0.9986637831
-569.1 -170.4 2351.4 0 0 0 0 0 0 0 0 0
-221.7 -156.7 2441.0 0 0 0 0 0 0 0 0 0
-516.6 -748.7 2474.0 0 0 0 0 0 0 0 0 0
-335.0 -760.6 2525.1 0 0 0 0 0 0 0 0 0
-383.3 541.1 2431.4 1 0.9928700924 0.0780680701 -0.0900798365 -0.0689660385 0.9925865531 0.1000778973 0.0972249284 -0.0931518972 0.9908935428
-399.2 338.3 2450.4 0.9928700924 0.0780680701 -0.0900798365 -0.0689660385 0.9925865531 0.1000778973 0.0972249284 -0.0931518972 0.9908935428
-414.2 143.8 2466.8 0.9929047823 0.0767756552 -0.0908050910 -0.0685207695 0.9935113192 0.0907754898 0.0971852317 -0.0839093849 0.9917228818
-540.6 348.1 2436.6 0.1805324256 -0.9240594506 -0.3369305432 0.9822397232 0.1871842593 0.0129306307 0.0511194244 -0.3332809508 0.9414407015
-587.7 92.0 2423.2 -0.0733168423 -0.9243935347 -0.3743276894 0.9633052945 0.0315345041 -0.2665493190 0.2582007051 -0.3801344037 0.8881611824
-257.8 328.6 2464.2 0.0843836665 0.9962818623 0.0173736587 -0.9471873045 0.0747874454 0.3118380904 0.3093793094 -0.0427701510 0.9499763846
-236.3 87.7 2542.9 0.0525425859 0.9962818623 0.0682768226 -0.9208721519 0.0747874454 -0.3826243281 -0.3863079250 -0.0427701510 0.9213777184
-521.0 -45.7 2471.5 0.7287278175 -0.0168575458 -0.6845958829 0.0889226347 0.9935624003 0.0701894015 0.6790055037 -0.1120250374 0.7255355716
-514.4 -434.8 2515.3 0.7398647666 0.0058394196 -0.6727303267 -0.0918469876 0.9914762378 -0.0924065709 0.6664565206 0.1301566064 0.7340946794
-341.8 -58.6 2489.7 0.9962939620 -0.0673566759 -0.0534927063 0.0723499805 0.9925856590 0.0976689979 0.0465174317 -0.1011772230 0.9937803149
-315.4 -447.4 2529.3 0.9972978234 0.0572086498 -0.0460897014 -0.0576166175 0.9983100891 -0.0075711482 0.0455786772 0.0102062216 0.9989086390
-567.3 -175.8 2351.5 0 0 0 0 0 0 0 0 0
-222.9 -148.6 2443.7 0 0 0 0 0 0 0 0 0
-516.2 -749.9 2474.0 0 0 0 0 0 0 0 0 0
-333.4 -761.7 2526.1 0 0 0 0 0 0 0 0 0
-383.5 538.8 2431.8 2 0.9863428473 0.0771786645 -0.1455032229 -0.0631734356 0.9931261539 0.0985372365 0.1521080285 -0.0879995674 0.9844385386
-399.3 335.7 2449.8 0.9863428473 0.0771786645 -0.1455032229 -0.0631734356 0.9931261539 0.0985372365 0.1521080285 -0.0879995674 0.9844385386
-414.3 141.0 2465.9 0.9863007069 0.0768671632 -0.1459531486 -0.0637170821 0.9936500788 0.0927342772 0.1521545798 -0.0821641758 0.9849355221
-539.6 344.7 2428.2 0.1822073609 -0.9063671827 -0.3811811209 0.9831101894 0.1747026592 0.0545283146 0.0171706807 -0.3846784830 0.9228909016
-586.9 89.7 2423.7 -0.0837937742 -0.9040358663 -0.4191632271 0.9657360315 0.0300114024 -0.2577851415 0.2456266880 -0.4264018238 0.8705452085
-259.0 326.6 2471.5 0.1208494753 0.9883440137 0.0925825760 -0.9438586831 0.0855196491 0.3190880120 0.3074510992 -0.1259464920 0.9431920648
-228.8 90.5 2548.4 0.0259956010 0.9883440137 0.1500011981 -0.9099597931 0.0855196491 -0.4057826698 -0.4138809144 -0.1259464920 0.9015764594
-518.9 -44.6 2474.5 0.6898680925 -0.0131379180 -0.7238158584 0.0771173909 0.9954798818 0.0554316342 0.7198158503 -0.0940593034 0.6877630353
-513.8 -434.4 2511.3 0.6983348727 0.0094291875 -0.7157090902 -0.0921288803 0.9927799702 -0.0768129081 0.7098173499 0.1195786074 0.6941615343
-339.5 -57.0 2492.0 0.9918270707 -0.0679739639 -0.1079748869 0.0775331631 0.9931910038 0.0869495049 0.1013293862 -0.0946105123 0.9903439879
-312.9 -446.0 2529.1 0.9925110340 0.0679967105 -0.1014803052 -0.0685530752 0.9976454377 -0.0020011496 0.1011052951 0.0089429496 0.9948355556
-563.6 -178.7 2355.4 0 0 0 0 0 0 0 0 0
-222.1 -143.1 2442.1 0 0 0 0 0 0 0 0 0
-516.8 -750.1 2473.3 0 0 0 0 0 0 0 0 0
-334.4 -761.2 2526.3 0 0 0 0 0 0 0 0 0
-383.0 539.7 2431.1 3 0.9815909266 0.0755054206 -0.1754371524 -0.0577890389 0.9928978682 0.1039915085 0.1820430905 -0.0919387713 0.9789829254
-398.4 337.5 2449.8 0.9815909266 0.0755054206 -0.1754371524 -0.0577890389 0.9928978682 0.1039915085 0.1820430905 -0.0919387713 0.9789829254
-412.9 142.9 2466.4 0.9815916419 0.0742614567 -0.1759633422 -0.0577795692 0.9936046004 0.0970121697 0.1820422560 -0.0850592479 0.9796047807
-538.1 345.7 2423.9 0.1909326464 -0.8938493729 -0.4056821465 0.9815946817 0.1755783707 0.0751274154 0.0040764166 -0.4125597179 0.9109214544
-588.1 88.5 2422.8 -0.0926428586 -0.8901643157 -0.4461219013 0.9661944509 0.0278942939 -0.2563010752 0.2405943274 -0.4547849596 0.8574876189
-258.7 329.2 2475.7 0.1193024963 0.9852614999 0.1225833446 -0.9675731659 0.0876885429 0.2368816882 0.2226412594 -0.1468689293 0.9637740254
-228.7 86.4 2531.6 0.0300939661 0.9852614999 0.1683868021 -0.9340742826 0.0876885429 -0.3461443782 -0.3558083177 -0.1468689293 0.9229463339
-518.3 -47.8 2468.3 0.6674332023 -0.0181639474 -0.7444480658 0.0894574225 0.9944185019 0.0559398197 0.7392768264 -0.1039324999 0.6653328538
-511.2 -437.3 2509.0 0.6758995056 0.0169617552 -0.7367985845 -0.0953796357 0.9933407903 -0.0646285713 0.7307958603 0.1139580011 0.6730163097
-340.4 -59.3 2495.7 0.9881375432 -0.0693437159 -0.1370242834 0.0802349374 0.9939031601 0.0756232515 0.1309448779 -0.0857203081 0.9876767993
-313.2 -448.6 2529.3 0.9889981747 0.0680737197 -0.1313339323 -0.0687256008 0.9976354837 -0.0004319764 0.1309939772 0.0094532268 0.9913380742
-562.3 -180.1 2355.9 0 0 0 0 0 0 0 0 0
-221.0 -153.1 2440.3 0 0 0 0 0 0 0 0 0
-516.6 -749.1 2473.2 0 0 0 0 0 0 0 0 0
-334.5 -761.3 2526.3 0 0 0 0 0 0 0 0 0
-382.8 538.4 2430.7 4 0.9877027273 0.0609505475 -0.1439734250 -0.0466869920 0.9938458204 0.1004530862 0.1492100507 -0.0924961045 0.9844698310
-395.2 336.6 2449.4 0.9877027273 0.0609505475 -0.1439734250 -0.0466869920 0.9938458204 0.1004530862 0.1492100507 -0.0924961045 0.9844698310
-406.8 141.8 2466.0 0.9877231121 0.0594834872 -0.1444464028 -0.0463504232 0.9946199059 0.0926438868 0.1491800398 -0.0848113522 0.9851661325
-535.7 343.2 2428.2 0.2010835260 -0.9038990140 -0.3775341511 0.9794071317 0.1926334500 0.0604487099 0.0180861782 -0.3819148839 0.9240205288
-588.2 87.6 2423.5 -0.0856988803 -0.9024868011 -0.4221057594 0.9659402370 0.0285641793 -0.2571838796 0.2441621572 -0.4297693074 0.8693004251
-254.6 330.0 2470.7 0.0926872566 0.9922515750 0.0827395990 -0.9732545614 0.0727422684 0.2179085016 0.2102013826 -0.1007240340 0.9724556804
-231.6 88.8 2522.8 0.0371329896 0.9922515750 0.1185660586 -0.9472616911 0.0727422684 -0.3120958507 -0.3183023930 -0.1007240340 0.9426230788
-516.1 -46.5 2466.7 0.6907596588 -0.0159012135 -0.7229095697 0.0863125250 0.9944233298 0.0606004857 0.7179145217 -0.1042565182 0.6882799864
-509.8 -436.0 2507.5 0.6980605125 0.0242689047 -0.7156273723 -0.0966823101 0.9934676886 -0.0606177598 0.7094815373 0.1115033701 0.6958469152
-338.8 -57.0 2499.5 0.9923985600 -0.0643350184 -0.1049101502 0.0719417706 0.9949205518 0.0704095811 0.0998474583 -0.0774217919 0.9919860363
-313.6 -446.7 2529.9 0.9927019477 0.0680698976 -0.0995454788 -0.0691840798 0.9975735545 -0.0077797929 0.0987743735 0.0146099785 0.9950026274
-564.4 -181.0 2355.6 0 0 0 0 0 0 0 0 0
-222.1 -154.2 2441.1 0 0 0 0 0 0 0 0 0
-517.4 -747.2 2472.6 0 0 0 0 0 0 0 0 0
-335.0 -760.2 2525.3 0 0 0 0 0 0 0 0 0
-385.3 540.7 2438.5 5 0.9865929484 0.0539511815 -0.1540248841 -0.0416845344 0.9957774878 0.0817900673 0.1577871740 -0.0742730498 0.9846759439
-396.2 338.6 2453.5 0.9865929484 0.0539511815 -0.1540248841 -0.0416845344 0.9957774878 0.0817900673 0.1577871740 -0.0742730498 0.9846759439
-406.5 143.5 2466.9 0.9866277575 0.0523445494 -0.1543558240 -0.0410318598 0.9962945580 0.0755878165 0.1577404886 -0.0682435334 0.9851196408
-536.7 344.4 2431.1 0.1807198673 -0.9041557908 -0.3870951831 0.9829707146 0.1793648452 0.0399606489 0.0333006121 -0.3877249062 0.9211733937
-584.4 85.0 2422.3 -0.0764509216 -0.9027419090 -0.4233346879 0.9663956165 0.0374205671 -0.2543211281 0.2454277575 -0.4285518825 0.8695449829
-255.7 332.7 2476.0 0.1065719798 0.9915928245 0.0733901113 -0.9777545333 0.0911011323 0.1889356822 0.1806613505 -0.0918927640 0.9792431593
-229.3 90.5 2520.8 0.0236416850 0.9930527806 0.1152703837 -0.9524476528 0.0574103855 -0.2992449105 -0.3037837148 -0.1027143523 0.9471880794
-507.6 -48.8 2469.1 0.6834278703 0.0023969337 -0.7300140858 0.0704574808 0.9951096177 0.0692285523 0.7266100049 -0.0987476781 0.6799167395
-508.6 -438.5 2507.8 0.6889770031 0.0273082852 -0.7242685556 -0.1016266346 0.9930577278 -0.0592317693 0.7176229954 0.1144143045 0.6869691610
-329.3 -57.2 2496.0 0.9923366308 -0.0425323881 -0.1160130203 0.0516011268 0.9957472086 0.0763206035 0.1122735441 -0.0817221329 0.9903111458
-312.6 -447.1 2528.1 0.9913795590 0.0671375841 -0.1125128642 -0.0673690960 0.9977266192 0.0017474623 0.1123743951 0.0058474913 0.9936487079
-563.2 -183.7 2354.1 0 0 0 0 0 0 0 0 0
-223.2 -154.1 2442.8 0 0 0 0 0 0 0 0 0
-517.1 -747.8 2472.2 0 0 0 0 0 0 0 0 0
-333.8 -762.1 2526.2 0 0 0 0 0 0 0 0 0
-385.1 542.4 2433.9 6 0.9941680431 0.0606995299 -0.0891375989 -0.0523546115 0.9942750931 0.0931452960 0.0942811668 -0.0879353136 0.9916543961
-397.5 338.9 2451.9 0.9941680431 0.0606995299 -0.0891375989 -0.0523546115 0.9942750931 0.0931452960 0.0942811668 -0.0879353136 0.9916543961
-409.3 144.0 2467.2 0.9941269159 0.0604985319 -0.0897306800 -0.0530292727 0.9951032996 0.0834102780 0.0943375006 -0.0781620443 0.9924671650
-538.9 346.5 2438.5 0.1668777615 -0.9274857640 -0.3345474303 0.9846053720 0.1746546775 0.0069318097 0.0520011149 -0.3305539489 0.9423534274
-583.0 86.0 2424.7 -0.0705677941 -0.9271439314 -0.3680005074 0.9620860815 0.0341772698 -0.2705962062 0.2634588778 -0.3731435239 0.8895804286
-256.2 331.3 2465.3 0.1103394702 0.9847443104 0.1345505565 -0.9700828791 0.0772493035 0.2301560193 0.2162508965 -0.1559204906 0.9638072252
-229.1 93.4 2518.3 0.0283555035 0.9847580194 0.1716031879 -0.9561344981 0.0767915174 -0.2826834619 -0.2915524542 -0.1560600996 0.9437385201
-505.8 -47.9 2466.0 0.7296023369 0.0100053549 -0.6837984324 0.0694917068 0.9936326146 0.0886854306 0.6803317666 -0.1122234166 0.7242614031
-509.7 -437.0 2509.9 0.7360142469 0.0241870321 -0.6765338182 -0.0987953320 0.9924997687 -0.0719980896 0.6697182655 0.1198300049 0.7328835130
-327.6 -55.3 2494.5 0.9979028702 -0.0397913381 -0.0510541983 0.0438843369 0.9956880808 0.0817277580 0.0475820005 -0.0837968439 0.9953461885
-312.0 -445.3 2527.3 0.9964029193 0.0700457096 -0.0476946495 -0.0700528920 0.9975421429 0.0015229414 0.0476840958 0.0018236848 0.9988607764
-563.4 -181.4 2351.5 0 0 0 0 0 0 0 0 0
-221.8 -152.2 2443.4 0 0 0 0 0 0 0 0 0
-517.3 -747.3 2472.5 0 0 0 0 0 0 0 0 0
-334.2 -761.7 2526.7 0 0 0 0 0 0 0 0 0
-383.4 542.8 2431.6 7 0.9945245385 0.0664867461 -0.0806250796 -0.0582837425 0.9932641983 0.1001461670 0.0867403969 -0.0948986933 0.9917007089
-396.9 340.3 2450.9 0.9945245385 0.0664867461 -0.0806250796 -0.0582837425 0.9932641983 0.1001461670 0.0867403969 -0.0948986933 0.9917007089
-409.9 145.6 2467.5 0.9944724441 0.0664380342 -0.0813050568 -0.0590627789 0.9941907525 0.0899793133 0.0868107900 -0.0846798420 0.9926193953
-538.5 348.7 2438.6 0.1578486860 -0.9307768345 -0.3297549486 0.9858357310 0.1677072197 -0.0014711285 0.0566715747 -0.3248519897 0.9440653920
-581.0 83.5 2423.3 -0.0656110346 -0.9307856560 -0.3596293330 0.9649946690 0.0325287133 -0.2602445185 0.2539301217 -0.3641152978 0.8960689306
-255.4 331.9 2463.3 0.1023933887 0.9843204021 0.1436279118 -0.9695335627 0.0664522201 0.2357727885 0.2225315720 -0.1633936465 0.9611359239
-230.6 97.4 2517.1 0.0380032696 0.9837564230 0.1754394621 -0.9582489729 0.0856680572 -0.2728001475 -0.2833984792 -0.1577473879 0.9459392428
-510.7 -46.0 2474.1 0.7353839278 -0.0006581784 -0.6776503921 0.0643335208 0.9955506921 0.0688475817 0.6745899916 -0.0942250416 0.7321543097
-510.5 -435.9 2511.0 0.7417279482 0.0179375280 -0.6704609394 -0.0923042446 0.9928603768 -0.0755527616 0.6643188596 0.1179259866 0.7380880117
-331.4 -55.6 2491.1 0.9979317188 -0.0477469042 -0.0430408344 0.0517907850 0.9938043952 0.0983387679 0.0380787998 -0.1003644913 0.9942218065
-312.7 -444.8 2530.4 0.9972462058 0.0639553070 -0.0375466943 -0.0644166991 0.9978601336 -0.0112088677 0.0367494822 0.0135966353 0.9992319942
-562.7 -184.8 2352.7 0 0 0 0 0 0 0 0 0
-220.8 -148.9 2444.3 0 0 0 0 0 0 0 0 0
-516.1 -748.2 2473.9 0 0 0 0 0 0 0 0 0
-333.0 -761.2 2526.1 0 0 0 0 0 0 0 0 0
-381.9 541.4 2430.9 8 0.9922187924 0.0702714100 -0.1027801111 -0.0598402806 0.9930573106 0.1012733728 0.1091831625 -0.0943349525 0.9895352125
-396.2 339.3 2450.1 0.9922187924 0.0702714100 -0.1027801111 -0.0598402806 0.9930573106 0.1012733728 0.1091831625 -0.0943349525 0.9895352125
-409.9 144.6 2466.8 0.9921778440 0.0699210837 -0.1034126505 -0.0604210272 0.9938955903 0.0923083797 0.1092356816 -0.0853380337 0.9903458953
-537.5 347.9 2434.6 0.1670263261 -0.9223888516 -0.3482829332 0.9849488139 0.1720335335 0.0167409405 0.0444746800 -0.3458370268 0.9372399449
-581.9 86.5 2422.8 -0.0771886930 -0.9217348099 -0.3800615668 0.9694687724 0.0196005814 -0.2444303036 0.2327493429 -0.3873250782 0.8920801878
-255.0 330.6 2465.7 0.0955485627 0.9875573516 0.1249038130 -0.9748747945 0.0674716830 0.2122891843 0.2012202740 -0.1420495063 0.9691916108
-232.2 98.2 2513.7 0.0487047173 0.9867857695 0.1545370221 -0.9646152258 0.0866102055 -0.2490303218 -0.2591240704 -0.1369398236 0.9560869336
-512.7 -43.7 2476.3 0.7201645374 -0.0030135224 -0.6937967539 0.0651296601 0.9958683848 0.0632793382 0.6907395720 -0.0907582864 0.7173853517
-511.5 -433.8 2511.8 0.7271319032 0.0124273710 -0.6863852739 -0.0908939093 0.9927764535 -0.0783149973 0.6804538965 0.1193335727 0.7230089903
-333.1 -54.4 2492.0 0.9967262745 -0.0481921509 -0.0649171248 0.0542430244 0.9940056205 0.0949237943 0.0599534102 -0.0981343389 0.9933655858
-314.2 -443.8 2530.4 0.9963697195 0.0607758723 -0.0596129000 -0.0613516867 0.9980851412 -0.0078752507 0.0590201244 0.0115040140 0.9981905222
-560.4 -182.9 2358.1 0 0 0 0 0 0 0 0 0
-219.7 -149.6 2447.1 0 0 0 0 0 0 0 0 0
-515.4 -747.2 2474.2 0 0 0 0 0 0 0 0 0
-333.6 -761.5 2526.8 0 0 0 0 0 0 0 0 0
