-274.1 497.5 2463.9 4 0.9519444108 0.0988871008 -0.2898675799 -0.1064591855 0.9942623377 -0.0104306312 0.2871729732 0.0407884493 0.9570099115
-294.0 297.4 2455.7 0.9519444108 0.0988871008 -0.2898675799 -0.1064591855 0.9942623377 -0.0104306312 0.2871729732 0.0407884493 0.9570099115
-313.6 99.8 2448.9 0.9521839619 0.0983068943 -0.2892774045 -0.1040427163 0.9945627451 -0.0044781785 0.2872642875 0.0343612581 0.9572348595
-433.1 312.6 2413.8 0.1967343986 -0.3152741492 -0.9283844829 0.9729930162 0.1793943793 0.1452660859 0.1207483187 -0.9318904877 0.3420526087
-485.4 54.0 2381.7 -0.0491748564 -0.3146694005 -0.9479267001 0.9802447557 0.1668369174 -0.1062338129 0.1915776879 -0.9344242215 0.3002488315
-155.0 282.2 2497.7 0.0919481143 0.6190075874 0.7799840569 -0.9947770834 0.0919647366 0.0442842431 -0.0443187468 -0.7799820900 0.6242305040
-130.2 13.7 2485.7 -0.0270954520 0.6264629364 0.7789801359 -0.9583577514 0.2053333521 -0.1984657496 -0.2842820287 -0.7519191504 0.5948120356
-419.6 -88.8 2415.9 0.9003713131 -0.1008359492 0.4232772887 0.1171057746 0.9930403829 -0.0125320023 -0.4190677702 0.0608516708 0.9059135318
-379.5 -483.2 2391.8 0.9071480632 0.0514279045 0.4176571667 -0.0737779588 0.9965681434 0.0375334732 -0.4142935574 -0.0648623183 0.9078291059
-244.5 -107.4 2467.0 0.9185462594 0.0780102760 0.3875398934 -0.1031468436 0.9936721921 0.0444560796 -0.3816195726 -0.0808084831 0.9207803607
-275.5 -502.1 2499.1 0.9230892062 -0.0209587328 0.3840144575 0.0211747251 0.9997690916 0.0036658316 -0.3840025961 0.0047475109 0.9233198166
-471.3 -226.1 2326.9 0 0 0 0 0 0 0 0 0
-137.4 -242.2 2409.8 0 0 0 0 0 0 0 0 0
-396.7 -816.8 2413.5 0 0 0 0 0 0 0 0 0
-269.0 -808.0 2497.7 0 0 0 0 0 0 0 0 0
-274.9 497.3 2463.4 5 0.9485130906 0.0955540091 -0.3019806445 -0.1029089615 0.9946544766 -0.0085014664 0.2995540202 0.0391402654 0.9532761574
-294.1 297.1 2455.5 0.9485130906 0.0955540091 -0.3019806445 -0.1029089615 0.9946544766 -0.0085014664 0.2995540202 0.0391402654 0.9532761574
-313.1 99.4 2449.1 0.9486751556 0.0959652513 -0.3013404906 -0.1012255475 0.9948617816 -0.0018517412 0.2996144593 0.0322600603 0.9535148144
-432.6 311.9 2411.7 0.1964959651 -0.3035999238 -0.9323177338 0.9731345773 0.1767499894 0.1475416869 0.1199935079 -0.9362620115 0.3301742673
-484.0 57.8 2380.4 -0.0466178805 -0.3033599257 -0.9517350197 0.9797959328 0.1716205180 -0.1026953906 0.1944909245 -0.9372935295 0.2892302275
-155.5 282.4 2499.2 0.0846439525 0.6292003393 0.7726204395 -0.9956196547 0.0843094140 0.0404152758 -0.0397098698 -0.7726569772 0.6335805058
-132.5 12.2 2488.5 -0.0046763010 0.6339170933 0.7733868361 -0.9662315845 0.1963897645 -0.1668158919 -0.2576327026 -0.7480509281 0.6115923524
-420.4 -88.3 2415.7 0.9026154876 -0.1184933037 0.4138171375 0.1420596093 0.9895026684 -0.0265232250 -0.4063303471 0.0827269778 0.9099735618
-373.4 -481.3 2382.9 0.9132952094 0.0640287325 0.4022339284 -0.0951143578 0.9937887192 0.0577685125 -0.3960367143 -0.0910179317 0.9137125611
-245.8 -107.4 2468.4 0.9238704443 0.0683176443 0.3765582144 -0.0974308997 0.9935041070 0.0587948151 -0.3700954020 -0.0910071954 0.9245253205
-272.9 -502.1 2504.6 0.9286330938 -0.0190028325 0.3705123961 0.0262189284 0.9995517731 -0.0144487740 -0.3700717688 0.0231320467 0.9287151098
-470.6 -222.2 2324.8 0 0 0 0 0 0 0 0 0
-133.8 -245.7 2419.7 0 0 0 0 0 0 0 0 0
-394.9 -815.8 2413.5 0 0 0 0 0 0 0 0 0
-267.2 -804.9 2497.6 0 0 0 0 0 0 0 0 0
-275.8 497.4 2462.6 6 0.9491305351 0.0888055637 -0.3021006882 -0.0960597023 0.9953329563 -0.0092091523 0.2998729348 0.0377603918 0.9532315135
-293.7 296.8 2454.9 0.9491305351 0.0888055637 -0.3021006882 -0.0960597023 0.9953329563 -0.0092091523 0.2998729348 0.0377603918 0.9532315135
-311.5 99.0 2448.8 0.9492476583 0.0895621255 -0.3015087843 -0.0947525054 0.9954974651 -0.0026026680 0.2999181151 0.0310392901 0.9534598589
-432.4 310.6 2411.1 0.1918342859 -0.3029029965 -0.9335145354 0.9731463194 0.1820098460 0.1409206688 0.1272235513 -0.9354796410 0.3296846747
-482.4 56.9 2378.0 -0.0367048010 -0.3027264178 -0.9523704648 0.9796672463 0.1772015989 -0.0940832347 0.1972430348 -0.9364594817 0.2900670171
-155.0 282.9 2498.8 0.0782500431 0.6298233271 0.7727868557 -0.9963769317 0.0753122121 0.0395104475 -0.0333156884 -0.7730786800 0.6334345937
-133.8 11.9 2489.7 0.0037281860 0.6328498721 0.7742655277 -0.9741145372 0.1773036122 -0.1402295232 -0.2260243148 -0.7537004948 0.6171292663
-419.2 -89.0 2415.2 0.9037734866 -0.1081083193 0.4141329229 0.1302678287 0.9911496043 -0.0255499780 -0.4077054858 0.0770395845 0.9098577499
-376.3 -482.7 2384.6 0.9129118919 0.0617006756 0.4034660757 -0.0930942670 0.9939287305 0.0586438105 -0.3973981738 -0.0910970122 0.9131133556
-245.2 -107.5 2470.1 0.9239609838 0.0752771869 0.3750058711 -0.1004811004 0.9937763810 0.0480843969 -0.3690523207 -0.0821091086 0.9257745147
-275.1 -502.4 2502.8 0.9286065102 -0.0267688408 0.3700992167 0.0322792307 0.9994410276 -0.0087026032 -0.3696593642 0.0200278107 0.9289515018
-471.9 -223.1 2321.6 0 0 0 0 0 0 0 0 0
-132.8 -248.0 2429.4 0 0 0 0 0 0 0 0 0
-396.9 -815.1 2415.0 0 0 0 0 0 0 0 0 0
-267.0 -805.2 2496.7 0 0 0 0 0 0 0 0 0
-278.7 495.2 2464.7 7 0.9494952559 0.0801083371 -0.3033832312 -0.0902534723 0.9957270622 -0.0195436422 0.3005212843 0.0459379852 0.9526681900
-294.8 295.2 2455.4 0.9494952559 0.0801083371 -0.3033832312 -0.0902534723 0.9957270622 -0.0195436422 0.3005212843 0.0459379852 0.9526681900
-310.9 97.2 2448.0 0.9496030807 0.0813613087 -0.3027116358 -0.0889236778 0.9959747791 -0.0112595242 0.3005770743 0.0376103111 0.9530156851
-433.5 308.1 2411.5 0.1765669584 -0.3043616712 -0.9360491633 0.9757440686 0.1791586429 0.1258001626 0.1294125617 -0.9355565906 0.3286125958
-479.4 54.5 2377.9 -0.0282389335 -0.3042528927 -0.9521726370 0.9808298945 0.1753002107 -0.0851034597 0.1928090453 -0.9363225698 0.2934700251
-156.0 282.2 2499.3 0.0846197978 0.6315672994 0.7706894875 -0.9962061644 0.0693947822 0.0525130928 -0.0203162786 -0.7722092867 0.6350433826
-133.2 13.5 2493.9 0.0000019293 0.6348742843 0.7726154923 -0.9755728841 0.1697262973 -0.1394651979 -0.2196760327 -0.7537424564 0.6193664074
-416.3 -90.2 2415.1 0.9053075910 -0.1005876735 0.4126745462 0.1210727021 0.9923601747 -0.0237204861 -0.4071357846 0.0714379624 0.9105696082
-376.4 -484.5 2386.7 0.9128065109 0.0619704723 0.4036630988 -0.0909807682 0.9944376349 0.0530691743 -0.3981290460 -0.0851674676 0.9133672714
-242.2 -107.6 2470.1 0.9246021509 0.0802869573 0.3723773360 -0.0989897624 0.9945945740 0.0313476995 -0.3678476512 -0.0658456907 0.9275518656
-274.1 -502.7 2496.3 0.9282144904 -0.0262991060 0.3711148202 0.0218309686 0.9996298552 0.0162363518 -0.3714044392 -0.0069690207 0.9284450412
-471.3 -225.8 2322.8 0 0 0 0 0 0 0 0 0
-133.2 -246.9 2435.2 0 0 0 0 0 0 0 0 0
-396.9 -814.0 2414.9 0 0 0 0 0 0 0 0 0
-266.1 -807.7 2498.4 0 0 0 0 0 0 0 0 0
-279.9 495.0 2463.7 8 0.9436474442 0.0770516247 -0.3218579590 -0.0874917060 0.9960012436 -0.0180757120 0.3191781640 0.0452169999 0.9466153979
-295.4 294.8 2454.6 0.9436474442 0.0770516247 -0.3218579590 -0.0874917060 0.9960012436 -0.0180757120 0.3191781640 0.0452169999 0.9466153979
-311.0 96.8 2447.8 0.9438127875 0.0785236657 -0.3210163414 -0.0853746012 0.9963222146 -0.0072979527 0.3192626536 0.0342945419 0.9470455050
-433.2 307.3 2408.0 0.1673015505 -0.2880122364 -0.9428993464 0.9784376621 0.1659957319 0.1229031906 0.1211196333 -0.9431300759 0.3095733523
-477.2 50.3 2376.2 -0.0241256021 -0.2883891463 -0.9572092891 0.9804690480 0.1801190525 -0.0789783224 0.1951881200 -0.9404194951 0.2784111500
-157.5 282.3 2501.3 0.0945159718 0.6458297968 0.7576084733 -0.9954411983 0.0710883960 0.0635870397 -0.0127907665 -0.7601646185 0.6496045589
-132.2 15.4 2497.8 0.0050366023 0.6486758590 0.7610481381 -0.9753487110 0.1710869968 -0.1393703818 -0.2206116468 -0.7415853739 0.6335468888
-414.2 -92.5 2412.9 0.9129588008 -0.1058037952 0.3940961659 0.1189831570 0.9928547144 -0.0090813385 -0.3903194070 0.0551816933 0.9190243483
-372.1 -487.0 2391.0 0.9184323549 0.0763832107 0.3881334662 -0.1004181951 0.9940588474 0.0419904776 -0.3826201260 -0.0775410756 0.9206460714
-240.0 -108.8 2468.1 0.9306190610 0.0840748027 0.3562016487 -0.1122708246 0.9919127226 0.0591982082 -0.3483438492 -0.0950820297 0.9325320125
-273.4 -502.8 2505.8 0.9367131591 -0.0222434178 0.3493904173 0.0277854856 0.9995549321 -0.0108575197 -0.3489933908 0.0198783632 0.9369143248
-470.3 -230.0 2320.4 0 0 0 0 0 0 0 0 0
-130.8 -245.1 2438.9 0 0 0 0 0 0 0 0 0
-397.4 -815.8 2416.6 0 0 0 0 0 0 0 0 0
-266.6 -806.0 2499.8 0 0 0 0 0 0 0 0 0
-278.3 495.5 2463.2 9 0.9424167275 0.0767150447 -0.3255234957 -0.0868285000 0.9960844517 -0.0166315772 0.3229730129 0.0439385958 0.9453876615
-293.8 294.5 2454.4 0.9424167275 0.0767150447 -0.3255234957 -0.0868285000 0.9960844517 -0.0166315772 0.3229730129 0.0439385958 0.9453876615
-309.3 96.5 2447.6 0.9425758719 0.0779031292 -0.3247797191 -0.0847776830 0.9963749647 -0.0070468266 0.3230534196 0.0341762379 0.9457634091
-431.5 306.9 2407.2 0.1705874354 -0.2833745778 -0.9437153935 0.9772658944 0.1710339040 0.1252947897 0.1259019822 -0.9436345696 0.3061085343
-477.0 46.5 2373.6 -0.0184093658 -0.2833438218 -0.9588416815 0.9831393957 0.1693699509 -0.0689257681 0.1819286644 -0.9439439178 0.2754484713
-156.1 282.1 2501.6 0.0887565315 0.6496464014 0.7550376654 -0.9960381389 0.0620768294 0.0636748374 -0.0055042151 -0.7576978803 0.6525822878
-132.3 15.2 2500.1 0.0139401369 0.6521224380 0.7579854727 -0.9766432047 0.1714350730 -0.1295303553 -0.2144149393 -0.7384756804 0.6392807961
-413.1 -93.3 2411.7 0.9165701866 -0.0933284909 0.3888301849 0.0981410965 0.9951441288 0.0075151133 -0.3876434565 0.0312720910 0.9212787747
-376.0 -488.6 2399.3 0.9194346070 0.0660245344 0.3876606524 -0.0798623860 0.9966117144 0.0196755193 -0.3850480616 -0.0490498580 0.9215921760
-240.0 -109.0 2470.3 0.9321392775 0.0838895738 0.3522484303 -0.1109425947 0.9921740890 0.0572916493 -0.3446855843 -0.0924831480 0.9341513515
-273.4 -503.2 2507.0 0.9382110238 -0.0231479462 0.3452885747 0.0299379490 0.9994488358 -0.0143443141 -0.3447662294 0.0237952266 0.9383869171
-471.7 -234.5 2321.6 0 0 0 0 0 0 0 0 0
-128.6 -245.6 2442.8 0 0 0 0 0 0 0 0 0
-397.7 -814.7 2415.4 0 0 0 0 0 0 0 0 0
-266.4 -805.6 2499.8 0 0 0 0 0 0 0 0 0
-284.0 501.4 2464.5 0 0.9443088770 0.0669400841 -0.3221797645 -0.0793218315 0.9965243340 -0.0254419465 0.3193568885 0.0495809428 0.9463365674
-297.6 299.8 2454.5 0.9443088770 0.0669400841 -0.3221797645 -0.0793218315 0.9965243340 -0.0254419465 0.3193568885 0.0495809428 0.9463365674
-311.4 101.8 2446.7 0.9443761706 0.0695152432 -0.3214362860 -0.0783385113 0.9968202114 -0.0145808971 0.3194005787 0.0389506929 0.9468189478
-435.5 311.3 2407.8 0.1555121392 -0.2898117602 -0.9443649054 0.9803522229 0.1627164930 0.1115029976 0.1213488728 -0.9431502819 0.3094219863
-477.7 45.1 2374.9 -0.0230280403 -0.2901910841 -0.9566916227 0.9810684323 0.1774977446 -0.0774547905 0.1922872961 -0.9403635859 0.2806099057
-159.6 288.4 2501.1 0.0988964066 0.6474821568 0.7556363940 -0.9950889945 0.0611657426 0.0778244659 0.0041708946 -0.7596219778 0.6503514647
-132.4 14.2 2502.3 0.0177164301 0.6496769190 0.7600039840 -0.9768600464 0.1732885987 -0.1253613532 -0.2131443918 -0.7401965857 0.6377134919
-411.2 -93.7 2411.2 0.9165450931 -0.0870501846 0.3903426528 0.0848181248 0.9961311817 0.0229894742 -0.3908337355 0.0120372418 0.9203825593
-376.6 -489.4 2406.4 0.9172142148 0.0668052360 0.3927533329 -0.0698412210 0.9975364804 -0.0065723085 -0.3922248185 -0.0214021578 0.9196203947
-238.3 -109.2 2470.4 0.9302496910 0.0923776776 0.3551082909 -0.1202526465 0.9910944104 0.0571937636 -0.3466624320 -0.0959071890 0.9330739379
-275.1 -503.1 2508.5 0.9375040531 -0.0288275778 0.3467781842 0.0383547954 0.9990509748 -0.0206401572 -0.3458540738 0.0326508395 0.9377200603
-471.2 -235.3 2319.9 0 0 0 0 0 0 0 0 0
-127.6 -246.7 2445.4 0 0 0 0 0 0 0 0 0
-398.4 -814.2 2413.4 0 0 0 0 0 0 0 0 0
-266.3 -806.0 2498.6 0 0 0 0 0 0 0 0 0
-286.3 499.2 2456.6 1 0.9440277815 0.0640519485 -0.3235875070 -0.0695303828 0.9975652695 -0.0053852820 0.3224547207 0.0275830179 0.9461829066
-299.3 297.0 2451.0 0.9440277815 0.0640519485 -0.3235875070 -0.0695303828 0.9975652695 -0.0053852820 0.3224547207 0.0275830179 0.9461829066
-312.6 98.8 2446.7 0.9439724088 0.0668865889 -0.3231753707 -0.0703746155 0.9975202084 0.0008943467 0.3224337697 0.0218991041 0.9463386536
-437.2 307.3 2403.9 0.1580441743 -0.2862039804 -0.9450446367 0.9803476334 0.1599201113 0.1155167148 0.1180702969 -0.9447289705 0.3058538437
-478.9 48.7 2372.8 -0.0347341746 -0.2863046825 -0.9575088024 0.9830597043 0.1627377421 -0.0843212530 0.1799644083 -0.9442171454 0.2758020461
-161.4 286.7 2498.1 0.1065049320 0.6488627791 0.7534147501 -0.9939370155 0.0486625619 0.0985962451 0.0273123402 -0.7593477964 0.6501114964
-132.9 21.0 2505.4 0.0209132731 0.6510241628 0.7587688565 -0.9791324139 0.1667846739 -0.1161144078 -0.2021442950 -0.7405068278 0.6409268975
-411.8 -89.1 2409.7 0.9167291522 -0.0876904875 0.3897666633 0.0841358081 0.9961093068 0.0262196884 -0.3905493915 0.0087569803 0.9205403328
-377.0 -484.9 2406.2 0.9177287221 0.0628495887 0.3922038972 -0.0668605492 0.9977564216 -0.0034388602 -0.3915400803 -0.0230670273 0.9198718667
-238.6 -103.5 2468.3 0.9314212203 0.0952843279 0.3512483537 -0.1214714721 0.9911663532 0.0532343686 -0.3430731595 -0.0922502726 0.9347677231
-276.5 -497.4 2504.9 0.9380525351 -0.0326599739 0.3449503183 0.0369577631 0.9992994666 -0.0058884746 -0.3445163369 0.0182722900 0.9386024475
-469.0 -232.2 2321.4 0 0 0 0 0 0 0 0 0
-127.3 -240.5 2451.5 0 0 0 0 0 0 0 0 0
-397.8 -815.4 2413.9 0 0 0 0 0 0 0 0 0
-266.3 -808.1 2499.3 0 0 0 0 0 0 0 0 0
-289.3 499.9 2450.7 2 0.9443998337 0.0600825511 -0.3232630491 -0.0615715794 0.9980868101 0.0056282654 0.3229827583 0.0145884845 0.9462924004
-301.5 298.0 2447.7 0.9443998337 0.0600825511 -0.3232630491 -0.0615715794 0.9980868101 0.0056282654 0.3229827583 0.0145884845 0.9462924004
-314.0 99.7 2445.7 0.9443085194 0.0631335378 -0.3229483366 -0.0630514845 0.9979526401 0.0107268747 0.3229643404 0.0102328928 0.9463558197
-439.4 307.2 2400.6 0.1588091850 -0.2879211903 -0.9443945289 0.9823091626 0.1422234625 0.1218246818 0.0992391482 -0.9470342398 0.3054140210
-481.6 46.6 2374.3 -0.0329433419 -0.2888529599 -0.9568065405 0.9822985530 0.1672716588 -0.0843191445 0.1844024509 -0.9426473975 0.2782293558
-163.5 288.8 2494.9 0.1124553606 0.6492066979 0.7522529364 -0.9924356341 0.0358617380 0.1174113527 0.0492471382 -0.7597661614 0.6483287215
-133.1 19.7 2508.3 0.0230177175 0.6528007984 0.7571797967 -0.9757163525 0.1796891540 -0.1252575070 -0.2178252041 -0.7359095812 0.6410844326
-412.5 -92.9 2412.8 0.9174266458 -0.0733190626 0.3910917044 0.0695309490 0.9972944260 0.0238592271 -0.3917829096 0.0053038881 0.9200423956
-383.3 -489.2 2410.7 0.9183925986 0.0475959927 0.3927972615 -0.0513296165 0.9986812472 -0.0009992124 -0.3923268318 -0.0192444641 0.9196245670
-239.3 -105.8 2471.9 0.9335233569 0.0909551010 0.3467871845 -0.1031025127 0.9945305586 0.0166989341 -0.3433715701 -0.0513434745 0.9377951622
-275.4 -500.7 2492.3 0.9371061325 -0.0290736035 0.3478316367 0.0204719044 0.9993875623 0.0283799674 -0.3484437168 -0.0194742642 0.9371273518
-472.2 -234.1 2321.5 0 0 0 0 0 0 0 0 0
-126.9 -240.8 2450.1 0 0 0 0 0 0 0 0 0
-398.8 -813.8 2416.9 0 0 0 0 0 0 0 0 0
-266.4 -809.8 2498.3 0 0 0 0 0 0 0 0 0
-292.1 498.4 2449.7 3 0.9513887167 0.0579310544 -0.3024955392 -0.0585233122 0.9982606769 0.0071137473 0.3023815155 0.0109351026 0.9531242251
-303.8 296.9 2447.5 0.9513887167 0.0579310544 -0.3024955392 -0.0585233122 0.9982606769 0.0071137473 0.3023815155 0.0109351026 0.9531242251
-315.8 98.6 2445.7 0.9512785077 0.0604694672 -0.3023451865 -0.0603807718 0.9981287718 0.0096491752 0.3023629189 0.0090767825 0.9531496763
-442.7 305.7 2403.4 0.1549607813 -0.3075471222 -0.9388300776 0.9822533131 0.1496084183 0.1131185517 0.1056675985 -0.9396978617 0.3252726197
-483.6 46.8 2375.5 -0.0445774496 -0.3084441125 -0.9501973987 0.9806138873 0.1681601703 -0.1005909741 0.1908120513 -0.9362608790 0.2949684560
-164.8 288.1 2491.7 0.1175697222 0.6343679428 0.7640383840 -0.9906717539 0.0215443727 0.1345559955 0.0688972846 -0.7727309465 0.6309833527
-133.3 22.1 2510.2 0.0237600878 0.6387824416 0.7690204382 -0.9764218330 0.1799219400 -0.1192830577 -0.2145595700 -0.7480542064 0.6279960871
-413.2 -92.8 2414.1 0.9099625945 -0.0655442029 0.4094777703 0.0515763946 0.9976512790 0.0450761095 -0.4114704728 -0.0198981874 0.9112058282
-387.2 -489.1 2422.0 0.9098582268 0.0374490209 0.4132257998 -0.0277466681 0.9991808534 -0.0294580050 -0.4139904678 0.0153369689 0.9101520181
-240.0 -104.4 2473.3 0.9268438220 0.0829903558 0.3661599755 -0.0920830145 0.9957237840 0.0074041388 -0.3639797270 -0.0405795947 0.9305224419
-273.0 -499.9 2489.4 0.9295869470 -0.0170010813 0.3682106137 0.0050024744 0.9994256496 0.0335163698 -0.3685689270 -0.0293144155 0.9291381240
-470.8 -233.5 2321.0 0 0 0 0 0 0 0 0 0
-126.9 -238.6 2452.9 0 0 0 0 0 0 0 0 0
-399.3 -812.2 2417.0 0 0 0 0 0 0 0 0 0
-267.7 -807.8 2498.4 0 0 0 0 0 0 0 0 0
-293.6 499.2 2448.2 4 0.9515061975 0.0567611791 -0.3023476005 -0.0560823306 0.9983662963 0.0109336432 0.3024742603 0.0065529295 0.9531350136
-305.0 297.8 2446.9 0.9515061975 0.0567611791 -0.3023476005 -0.0560823306 0.9983662963 0.0109336432 0.3024742603 0.0065529295 0.9531350136
-317.0 99.4 2446.0 0.9513441324 0.0602887906 -0.3021747172 -0.0588466488 0.9981704950 0.0138829490 0.3024588525 0.0045745065 0.9531514645
-444.0 306.4 2402.7 0.1488184780 -0.3082931638 -0.9395788312 0.9838458300 0.1417671293 0.1093134508 0.0995008051 -0.9406685829 0.3244105279
-484.1 41.0 2375.9 -0.0547228418 -0.3094042540 -0.9493547082 0.9809777737 0.1606863141 -0.1089149490 0.1862470657 -0.9372560382 0.2947255075
-166.1 289.2 2491.1 0.1147652119 0.6343853474 0.7644502521 -0.9907321930 0.0168110747 0.1347856075 0.0726547837 -0.7728341818 0.6304352880
-135.0 20.8 2510.8 0.0420351326 0.6371021867 0.7696322799 -0.9751619697 0.1938280314 -0.1071904078 -0.2174675614 -0.7460104227 0.6294254065
-415.0 -94.2 2416.2 0.9110134244 -0.0529894866 0.4089579880 0.0308208559 0.9976853132 0.0606140979 -0.4112232924 -0.0426158234 0.9105378985
-394.0 -490.5 2433.1 0.9108445048 0.0185438935 0.4123329222 0.0039150058 0.9985571504 -0.0535564758 -0.4127311409 0.0503959060 0.9094576836
-240.6 -105.3 2471.6 0.9278928041 0.0710903406 0.3660069406 -0.0793363452 0.9968195558 0.0075173075 -0.3643084764 -0.0360129103 0.9305817485
-268.8 -501.3 2485.9 0.9298772812 0.0000903487 0.3678699136 -0.0142152151 0.9992619157 0.0356868617 -0.3675951660 -0.0384137519 0.9291921854
-468.5 -239.4 2322.7 0 0 0 0 0 0 0 0 0
-123.7 -239.6 2452.7 0 0 0 0 0 0 0 0 0
-400.0 -813.6 2416.8 0 0 0 0 0 0 0 0 0
-268.9 -807.5 2497.7 0 0 0 0 0 0 0 0 0
-299.5 498.4 2448.5 5 0.9478351474 0.0273350645 -0.3175867796 -0.0269807111 0.9996207356 0.0055148122 0.3176170886 0.0033415842 0.9482131600
-305.1 296.0 2447.8 0.9478351474 0.0273350645 -0.3175867796 -0.0269807111 0.9996207356 0.0055148122 0.3176170886 0.0033415842 0.9482131600
-311.8 97.5 2448.0 0.9476840496 0.0339371637 -0.3174007535 -0.0319102369 0.9994236231 0.0115840239 0.3176109493 -0.0008496615 0.9482207298
-443.4 300.7 2401.5 0.1565126181 -0.2956026196 -0.9424027205 0.9830985069 0.1383826882 0.1198649257 0.0949798375 -0.9452350736 0.3122650981
-485.5 36.6 2375.9 -0.0739087537 -0.2971945107 -0.9519521594 0.9793146253 0.1586677432 -0.1255683899 0.1883623451 -0.9415412545 0.2793200016
-166.7 291.4 2494.2 0.1072938740 0.6455436945 0.7561489940 -0.9929527044 0.0310764965 0.1143643707 0.0503287353 -0.7630907893 0.6443287134
-137.1 17.3 2508.1 0.0546157658 0.6454250216 0.7618685365 -0.9759798050 0.1956684589 -0.0957979336 -0.2109040171 -0.7383362055 0.6406083703
-416.2 -93.5 2417.4 0.9186338186 -0.0427809097 0.3927870691 0.0132120522 0.9968909621 0.0776778758 -0.3948889971 -0.0661679953 0.9163429737
-399.2 -489.5 2443.6 0.9187655449 0.0005513426 0.3948031366 0.0295127407 0.9971051812 -0.0700729936 -0.3936989009 0.0760323703 0.9160896540
-241.7 -104.3 2472.8 0.9348512292 0.0587797798 0.3501400948 -0.0651563257 0.9978542328 0.0064483322 -0.3490097225 -0.0288420729 0.9366751313
-265.1 -500.8 2484.3 0.9360897541 0.0120197805 0.3515558541 -0.0250382069 0.9991577864 0.0325079262 -0.3508690298 -0.0392326638 0.9356023073
-464.4 -243.3 2322.1 0 0 0 0 0 0 0 0 0
-122.5 -243.3 2451.8 0 0 0 0 0 0 0 0 0
-399.4 -816.5 2418.7 0 0 0 0 0 0 0 0 0
-268.8 -809.1 2496.4 0 0 0 0 0 0 0 0 0
-302.8 497.9 2455.1 6 0.9504447579 0.0167080779 -0.3104442656 -0.0214801002 0.9996977448 -0.0119590526 0.3101506233 0.0180347916 0.9505163431
-306.2 295.3 2451.5 0.9504447579 0.0167080779 -0.3104442656 -0.0214801002 0.9996977448 -0.0119590526 0.3101506233 0.0180347916 0.9505163431
-310.4 96.7 2449.3 0.9504042268 0.0212678891 -0.3102892637 -0.0236116052 0.9997140169 -0.0037989151 0.3101197183 0.0109369326 0.9506345987
-445.0 298.7 2406.2 0.1508426666 -0.3050065637 -0.9403284192 0.9834708571 0.1426749974 0.1114850491 0.1001576856 -0.9416022897 0.3214865327
-486.1 30.7 2378.9 -0.0705574527 -0.3067625165 -0.9491671920 0.9780249596 0.1658701748 -0.1263104081 0.1961858273 -0.9372213483 0.2883180082
-167.4 291.9 2496.8 0.1218198240 0.6391306520 0.7593892217 -0.9918463826 0.0495388769 0.1174163967 0.0374251269 -0.7675011158 0.6399542093
-134.0 19.9 2507.0 0.0519342348 0.6385626197 0.7678154707 -0.9752181172 0.1980047524 -0.0987102166 -0.2150637656 -0.7436611056 0.6330211163
-405.4 -98.1 2419.1 0.9170238972 -0.0086557753 0.3987383246 -0.0218105931 0.9971800447 0.0718070045 -0.3982354403 -0.0745454580 0.9142491817
-402.0 -494.1 2448.7 0.9184867144 -0.0069638034 0.3953905404 0.0424952805 0.9957933426 -0.0811775625 -0.3931619525 0.0913627446 0.9149188399
-231.7 -104.0 2477.4 0.9314525723 0.0789798424 0.3551876247 -0.0724277422 0.9968688488 -0.0317283981 -0.3565813899 0.0038280606 0.9342564344
-263.1 -499.8 2475.8 0.9326518178 0.0162617080 0.3604111075 -0.0363339968 0.9981383085 0.0489872098 -0.3589435220 -0.0587831847 0.9315063357
-465.9 -248.9 2322.8 0 0 0 0 0 0 0 0 0
-120.1 -240.6 2449.6 0 0 0 0 0 0 0 0 0
-399.8 -814.9 2419.3 0 0 0 0 0 0 0 0 0
-268.1 -810.4 2494.1 0 0 0 0 0 0 0 0 0
-306.4 500.1 2459.0 7 0.9518124461 0.0152869932 -0.3062994182 -0.0230865013 0.9994944930 -0.0218568910 0.3058104515 0.0278750435 0.9516842961
-309.4 297.8 2453.3 0.9518124461 0.0152869932 -0.3062994182 -0.0230865013 0.9994944930 -0.0218568910 0.3058104515 0.0278750435 0.9516842961
-313.1 99.2 2449.5 0.9518080950 0.0183631219 -0.3061440587 -0.0233478304 0.9996476173 -0.0126280449 0.3058043122 0.0191672761 0.9519014359
-448.5 301.2 2408.6 0.1364099383 -0.3106841147 -0.9406740665 0.9852588773 0.1414980143 0.0961416066 0.1032338440 -0.9399221539 0.3254060149
-486.1 29.3 2380.1 -0.0683166161 -0.3131457269 -0.9472447038 0.9763399363 0.1742691398 -0.1280259192 0.2051662952 -0.9335791469 0.2938311994
-170.4 294.4 2498.0 0.1286425442 0.6356598139 0.7611752152 -0.9911760688 0.0576826222 0.1193429306 0.0319549255 -0.7698112130 0.6374712586
-134.9 20.8 2506.8 0.0606443100 0.6339399815 0.7710008621 -0.9725248814 0.2114574909 -0.0973711684 -0.2247613817 -0.7439125180 0.6293460727
-401.8 -99.7 2418.7 0.9153795838 0.0094303489 0.4024813771 -0.0428954139 0.9963192940 0.0742144808 -0.4003001153 -0.0851990283 0.9124149084
-405.6 -495.4 2452.6 0.9183828831 -0.0116281779 0.3955220282 0.0512257889 0.9946504831 -0.0897014961 -0.3923631012 0.1026412472 0.9140655994
-227.5 -104.0 2475.6 0.9291305542 0.0850998536 0.3598254919 -0.0787250325 0.9963709116 -0.0323634073 -0.3612737954 0.0017425572 0.9324581623
-261.3 -499.9 2474.9 0.9303313494 0.0254448690 0.3658362627 -0.0484785326 0.9973681569 0.0539126284 -0.3635016382 -0.0678918138 0.9291163683
-466.6 -249.7 2321.5 0 0 0 0 0 0 0 0 0
-118.7 -238.9 2446.8 0 0 0 0 0 0 0 0 0
-401.8 -817.2 2419.3 0 0 0 0 0 0 0 0 0
-269.3 -811.8 2496.1 0 0 0 0 0 0 0 0 0
-307.5 501.3 2452.4 8 0.9562092423 0.0132052423 -0.2923857868 -0.0149482135 0.9998813272 -0.0037277616 0.2923018634 0.0079351654 0.9562931657
-310.2 298.1 2450.7 0.9562092423 0.0132052423 -0.2923857868 -0.0149482135 0.9998813272 -0.0037277616 0.2923018634 0.0079351654 0.9562931657
-313.6 99.5 2449.9 0.9561627507 0.0174969826 -0.2923125327 -0.0179769080 0.9998378754 0.0010444184 0.2922833860 0.0042562410 0.9563222528
-449.8 300.7 2408.1 0.1453738064 -0.3233917356 -0.9350316525 0.9851450324 0.1346304119 0.1066016555 0.0914096013 -0.9366388917 0.3381595016
-489.7 30.5 2383.0 -0.0734408274 -0.3260768056 -0.9424862862 0.9766221642 0.1679273993 -0.1341994852 0.2020286024 -0.9303086996 0.3061211109
-170.5 295.5 2493.4 0.1147299111 0.6254441738 0.7717879415 -0.9924557209 0.0383580476 0.1164484918 0.0432277583 -0.7793254852 0.6251264811
-138.8 21.3 2505.4 0.0754866228 0.6226117611 0.7788814902 -0.9689164758 0.2303472310 -0.0902276710 -0.2355900109 -0.7478601336 0.6206468940
-404.0 -97.3 2417.7 0.9094613791 0.0114511875 0.4156307280 -0.0558333099 0.9939305782 0.0947873965 -0.4120226502 -0.1094115153 0.9045808315
-408.6 -492.0 2461.1 0.9138739705 -0.0242579412 0.4052726030 0.0717550218 0.9921500087 -0.1024188027 -0.3996067345 0.1226782277 0.9084407091
-229.5 -101.5 2473.7 0.9249917269 0.0803539157 0.3713941276 -0.0697962716 0.9966848493 -0.0418061577 -0.3735221922 0.0127484240 0.9275336266
-261.4 -497.5 2468.7 0.9255133867 0.0225111712 0.3780452013 -0.0527319796 0.9961678386 0.0697780326 -0.3750256598 -0.0845155716 0.9231537580
-468.7 -248.7 2325.2 0 0 0 0 0 0 0 0 0
-118.6 -237.5 2442.5 0 0 0 0 0 0 0 0 0
-400.7 -816.4 2421.0 0 0 0 0 0 0 0 0 0
-268.6 -814.0 2495.5 0 0 0 0 0 0 0 0 0
-308.4 496.5 2449.1 9 0.9584912658 0.0151843559 -0.2847173214 -0.0148672666 0.9998841286 0.0032750082 0.2847340405 0.0010939017 0.9586059451
-311.4 294.2 2448.8 0.9584912658 0.0151843559 -0.2847173214 -0.0148672666 0.9998841286 0.0032750082 0.2847340405 0.0010939017 0.9586059451
-314.8 95.5 2449.2 0.9584784508 0.0168109108 -0.2846690714 -0.0156682357 0.9998574257 0.0062909801 0.2847342491 -0.0015695067 0.9586052299
-451.4 296.5 2407.3 0.1483420134 -0.3317571282 -0.9316285849 0.9858728051 0.1237005442 0.1129289344 0.0777779818 -0.9352194071 0.3454203308
-491.4 31.1 2386.3 -0.0661857650 -0.3355276883 -0.9397023916 0.9761850834 0.1732197106 -0.1306047142 0.2065964788 -0.9259676337 0.3160724640
-171.4 291.9 2490.4 0.1149992645 0.6181982756 0.7775641680 -0.9926940203 0.0427406132 0.1128355786 0.0365211926 -0.7848592997 0.6185969114
-140.3 23.1 2500.3 0.0725814477 0.6153008342 0.7849438190 -0.9707905650 0.2240414768 -0.0858552307 -0.2286867648 -0.7557845116 0.6135895252
-404.8 -97.5 2422.3 0.9061821699 0.0117444769 0.4227244258 -0.0576346591 0.9937170148 0.0959414989 -0.4189416468 -0.1113040522 0.9011655450
-409.4 -492.3 2466.5 0.9110396504 -0.0306211356 0.4111801982 0.0835653991 0.9902551174 -0.1114077419 -0.4037618339 0.1358572990 0.9047204852
-229.4 -100.8 2475.9 0.9233162999 0.0795045197 0.3757206798 -0.0552055687 0.9956526756 -0.0750203133 -0.3800517619 0.0485256054 0.9236914515
-261.0 -496.2 2456.6 0.9230376482 0.0252684727 0.3838788569 -0.0704002753 0.9920852184 0.1039745286 -0.3782132864 -0.1229975820 0.9175109267
-472.5 -248.0 2327.3 0 0 0 0 0 0 0 0 0
-120.9 -236.1 2439.2 0 0 0 0 0 0 0 0 0
-399.5 -814.6 2422.3 0 0 0 0 0 0 0 0 0
-269.1 -813.6 2495.9 0 0 0 0 0 0 0 0 0
-312.1 496.5 2446.9 0 0.9652379155 0.0151560232 -0.2609329522 -0.0139088025 0.9998813272 0.0066259187 0.2610023916 -0.0027663233 0.9653341770
-315.1 294.3 2447.5 0.9652379155 0.0151560232 -0.2609329522 -0.0139088025 0.9998813272 0.0066259187 0.2610023916 -0.0027663233 0.9653341770
-318.4 95.7 2448.4 0.9652246833 0.0166025311 -0.2608940601 -0.0147454385 0.9998500943 0.0090741077 0.2610056102 -0.0049115550 0.9653247595
-456.1 296.5 2409.4 0.1429701746 -0.3545393646 -0.9240462184 0.9868176579 0.1225981489 0.1056436673 0.0758315101 -0.9269689918 0.3673935831
-494.5 31.5 2389.0 -0.0566316657 -0.3580213189 -0.9319944382 0.9765587449 0.1743042171 -0.1262977123 0.2076678276 -0.9172997475 0.3397577107
-174.2 292.2 2485.6 0.1223714799 0.5976479650 0.7923648953 -0.9919909239 0.0484805703 0.1166345030 0.0312920697 -0.8002915382 0.5987939835
-140.3 17.8 2494.2 0.0715466589 0.5944613218 0.8009349704 -0.9706312418 0.2264058292 -0.0813350528 -0.2296868861 -0.7715932727 0.5932012796
-406.0 -101.7 2423.4 0.8954941034 0.0167772043 0.4447570145 -0.0640469193 0.9937461615 0.0914687216 -0.4404410124 -0.1103950143 0.8909683824
-412.6 -496.6 2467.2 0.9006305933 -0.0387795866 0.4328518212 0.0930899978 0.9901070595 -0.1049868688 -0.4244982898 0.1348485649 0.8953307271
-230.2 -104.6 2475.6 0.9150807261 0.0696481243 0.3972107768 -0.0372833535 0.9953658581 -0.0886383057 -0.4015435576 0.0663018525 0.9134368300
-257.8 -499.9 2449.2 0.9143437147 0.0387261435 0.4030829966 -0.0925614089 0.9890505075 0.1149411649 -0.3942182064 -0.1424056590 0.9079166651
-478.3 -247.6 2329.6 0 0 0 0 0 0 0 0 0
-121.2 -241.4 2432.9 0 0 0 0 0 0 0 0 0
-400.1 -817.0 2423.6 0 0 0 0 0 0 0 0 0
-270.2 -814.2 2494.5 0 0 0 0 0 0 0 0 0
-316.1 499.0 2456.3 1 0.9684973359 0.0124106556 -0.2487143874 -0.0175320916 0.9996772408 -0.0183870941 0.2484059036 0.0221683364 0.9684023261
-318.6 296.2 2451.8 0.9684973359 0.0124106556 -0.2487143874 -0.0175320916 0.9996772408 -0.0183870941 0.2484059036 0.0221683364 0.9684023261
-321.6 97.6 2448.9 0.9684919715 0.0147066629 -0.2486101091 -0.0179280490 0.9997820258 -0.0106983352 0.2483985871 0.0148183471 0.9685445428
-460.1 298.8 2415.6 0.1421696693 -0.3680005968 -0.9188924432 0.9863960743 0.1300681829 0.1005236655 0.0825259089 -0.9206833243 0.3814860880
-498.8 29.9 2393.1 -0.0697136968 -0.3721680641 -0.9255436063 0.9725040197 0.1813115329 -0.1461575776 0.2222069055 -0.9102840424 0.3492950499
-177.2 293.6 2488.1 0.1244045272 0.5870771408 0.7999149561 -0.9922047257 0.0676717758 0.1046438813 0.0073023699 -0.8066975474 0.5909193754
-142.8 19.1 2490.1 0.0836574212 0.5813956261 0.8093087077 -0.9680454135 0.2400925308 -0.0724131092 -0.2364096344 -0.7773897052 0.5829029083
-410.2 -101.7 2425.5 0.8899417520 0.0107123284 0.4559483826 -0.0528450347 0.9954124689 0.0797586292 -0.4530023038 -0.0950751379 0.8864251971
-414.4 -497.2 2463.3 0.8933041096 -0.0424479209 0.4474437535 0.0927700177 0.9915066361 -0.0911498740 -0.4397743344 0.1229339242 0.8896548748
-233.2 -104.4 2473.4 0.9099342823 0.0596561618 0.4104397595 -0.0278589018 0.9961578846 -0.0830260441 -0.4138158262 0.0641138405 0.9081001282
-256.9 -500.2 2447.9 0.9092767835 0.0400983542 0.4142557383 -0.0936905667 0.9895209074 0.1098657027 -0.4055092931 -0.1387101859 0.9035052061
-478.9 -248.0 2329.6 0 0 0 0 0 0 0 0 0
-120.4 -239.5 2427.0 0 0 0 0 0 0 0 0 0
-400.7 -817.3 2423.6 0 0 0 0 0 0 0 0 0
-269.4 -808.7 2491.1 0 0 0 0 0 0 0 0 0
-318.6 499.8 2460.1 2 0.9720610380 0.0112449033 -0.2344586998 -0.0180408936 0.9994763732 -0.0268611684 0.2340338677 0.0303405393 0.9717549086
-320.8 298.0 2453.9 0.9720610380 0.0112449033 -0.2344586998 -0.0180408936 0.9994763732 -0.0268611684 0.2340338677 0.0303405393 0.9717549086
-323.6 99.4 2449.2 0.9720488191 0.0138079701 -0.2343723029 -0.0190141201 0.9996197820 -0.0199679490 0.2340074778 0.0238662045 0.9719418287
-462.8 300.8 2419.8 0.1438153386 -0.3807300925 -0.9134340286 0.9849871993 0.1441331208 0.0950046182 0.0954849795 -0.9133839607 0.3957428336
-502.2 31.3 2393.6 -0.0807925165 -0.3835858107 -0.9199643731 0.9714916945 0.1760857552 -0.1587379426 0.2228822559 -0.9065625668 0.3584240079
-178.9 295.2 2488.1 0.1137571782 0.5768886209 0.8088626862 -0.9934903979 0.0611272268 0.0961264074 0.0060107005 -0.8145323992 0.5800869465
-147.1 17.8 2489.8 0.1009648442 0.5683135986 0.8165940046 -0.9614538550 0.2667380869 -0.0667624846 -0.2557587326 -0.7783768177 0.5733385086
-413.3 -99.4 2423.2 0.8831943870 0.0098279146 0.4689041078 -0.0551548712 0.9950194955 0.0830308497 -0.4657526910 -0.0991947278 0.8793377280
-417.2 -494.8 2462.6 0.8856752515 -0.0517421514 0.4614131749 0.0974626765 0.9923486114 -0.0757976472 -0.4539607763 0.1121026650 0.8839415312
-235.7 -102.7 2468.7 0.9040450454 0.0501050688 0.4244903922 -0.0184439421 0.9967535138 -0.0783722177 -0.4270391464 0.0630227327 0.9020342231
-255.6 -498.7 2443.7 0.9038556814 0.0387704521 0.4260771573 -0.0982544795 0.9880781770 0.1185222715 -0.4164023995 -0.1489910185 0.8968894482
-479.1 -246.4 2329.9 0 0 0 0 0 0 0 0 0
-120.1 -238.9 2421.5 0 0 0 0 0 0 0 0 0
-400.4 -817.9 2426.1 0 0 0 0 0 0 0 0 0
-267.8 -808.5 2490.4 0 0 0 0 0 0 0 0 0
-319.2 500.2 2461.4 3 0.9748698473 0.0074721011 -0.2226498127 -0.0140627837 0.9995081425 -0.0280303732 0.2223308533 0.0304570422 0.9744954109
-320.7 298.4 2455.3 0.9748698473 0.0074721011 -0.2226498127 -0.0140627837 0.9995081425 -0.0280303732 0.2223308533 0.0304570422 0.9744954109
-322.7 99.8 2450.6 0.9748613834 0.0100157186 -0.2225869000 -0.0150284395 0.9996699095 -0.0208378527 0.2223047167 0.0236591529 0.9746901393
-463.1 300.6 2422.8 0.1482827365 -0.3915252388 -0.9081410766 0.9842754602 0.1475605369 0.0970965624 0.0959900320 -0.9082587361 0.4072493613
-503.2 34.5 2396.8 -0.1240554973 -0.4005379379 -0.9078433514 0.9518245459 0.2105301768 -0.2229507864 0.2804286778 -0.8917658925 0.3551244140
-178.3 296.2 2487.7 0.1122339219 0.5656923056 0.8169429302 -0.9936211705 0.0729719773 0.0859770104 -0.0109774061 -0.8213813305 0.5702738166
-147.5 23.4 2484.7 0.0943533629 0.5580704212 0.8244118094 -0.9604047537 0.2690821588 -0.0722325668 -0.2621453702 -0.7849536538 0.5613622665
-415.5 -97.5 2423.0 0.8776866794 0.0063716201 0.4791925848 -0.0628748909 0.9927994609 0.1019604877 -0.4750925004 -0.1196185425 0.8717674613
-418.0 -492.0 2470.5 0.8816695213 -0.0577656925 0.4683182836 0.1167362407 0.9883295894 -0.0978634357 -0.4571996629 0.1409529150 0.8781234026
-237.2 -101.0 2465.9 0.8983849883 0.0482459925 0.4365509450 -0.0258856341 0.9980369210 -0.0570288897 -0.4384453893 0.0399334989 0.8978702426
-256.4 -497.5 2450.0 0.8978931308 0.0382764749 0.4385463297 -0.0947800130 0.9896576405 0.1076778173 -0.4298892021 -0.1382485926 0.8922346234
-467.8 -236.8 2316.9 0 0 0 0 0 0 0 0 0
-122.3 -233.0 2414.7 0 0 0 0 0 0 0 0 0
-399.0 -817.9 2424.0 0 0 0 0 0 0 0 0 0
-268.4 -808.4 2493.5 0 0 0 0 0 0 0 0 0
-320.2 499.6 2462.1 4 0.9766016603 0.0064784209 -0.2149587125 -0.0124918958 0.9995673299 -0.0266283136 0.2146932036 0.0286904965 0.9762600660
-321.5 297.9 2456.3 0.9766016603 0.0064784209 -0.2149587125 -0.0124918958 0.9995673299 -0.0266283136 0.2146932036 0.0286904965 0.9762600660
-323.2 99.3 2451.6 0.9765962362 0.0083035035 -0.2149205208 -0.0132231079 0.9996821880 -0.0214626901 0.2146739960 0.0238022991 0.9763956666
-464.2 299.9 2424.9 0.1406131387 -0.3987295628 -0.9062244296 0.9850749969 0.1481226832 0.0876754001 0.0992736071 -0.9050272703 0.4136065245
-502.0 34.5 2398.2 -0.1496558636 -0.4108282030 -0.8993460536 0.9417427778 0.2178647518 -0.2562332153 0.3012036383 -0.8852994442 0.3542897701
-178.9 296.0 2487.7 0.1150321588 0.5593759418 0.8208935261 -0.9933243394 0.0719482005 0.0901677832 -0.0086241243 -0.8257856965 0.5639181137
-147.7 26.7 2485.3 0.0813809037 0.5543714166 0.8282810450 -0.9584994316 0.2713534534 -0.0874425918 -0.2732325792 -0.7867907286 0.5534476638
-414.1 -97.5 2425.5 0.8740213513 0.0154186254 0.4856427908 -0.0655238330 0.9941067100 0.0863628015 -0.4814491272 -0.1073041111 0.8698807955
-420.2 -492.5 2468.1 0.8777685165 -0.0595527925 0.4753692746 0.1157148853 0.9892202020 -0.0897408798 -0.4649005830 0.1337790191 0.8751974702
-235.3 -100.3 2466.2 0.8943966031 0.0570996888 0.4436151087 -0.0352620184 0.9977324009 -0.0573289357 -0.4458826482 0.0356320404 0.8943819404
-258.0 -496.7 2452.1 0.8938364387 0.0355727077 0.4469798803 -0.0927361697 0.9899613261 0.1066610962 -0.4386985600 -0.1367887706 0.8881623745
-459.4 -234.1 2312.3 0 0 0 0 0 0 0 0 0
-125.9 -229.2 2412.4 0 0 0 0 0 0 0 0 0
-400.6 -818.1 2424.1 0 0 0 0 0 0 0 0 0
-269.2 -807.7 2495.0 0 0 0 0 0 0 0 0 0
-319.5 498.2 2461.9 5 0.9740218520 0.0076913228 -0.2263234407 -0.0140454099 0.9995507002 -0.0264783371 0.2260181010 0.0289692841 0.9736922383
-321.0 296.7 2456.1 0.9740218520 0.0076913228 -0.2263234407 -0.0140454099 0.9995507002 -0.0264783371 0.2260181010 0.0289692841 0.9736922383
-322.9 98.1 2451.2 0.9740167856 0.0093752574 -0.2262817770 -0.0146396756 0.9996595383 -0.0215979554 0.2260022461 0.0243494641 0.9738224149
-463.3 298.9 2423.1 0.1375545859 -0.3884021938 -0.9111654162 0.9854809046 0.1461030841 0.0864943489 0.0995294824 -0.9098338485 0.4028601050
-500.3 33.4 2396.3 -0.1698306352 -0.4007977843 -0.9002881050 0.9394485354 0.2100816816 -0.2707437873 0.2976475358 -0.8917549253 0.3408505619
-178.7 294.6 2489.1 0.1149929315 0.5685811043 0.8145502806 -0.9932975769 0.0754619762 0.0875525326 -0.0116868569 -0.8191587329 0.5734478235
-147.7 26.5 2485.9 0.0746256188 0.5650111437 0.8217015266 -0.9574666619 0.2709097564 -0.0993249789 -0.2787266970 -0.7793396711 0.5611961484
-414.4 -98.1 2427.1 0.8796638846 0.0095577901 0.4754998386 -0.0523725450 0.9956642985 0.0768746510 -0.4727034867 -0.0925269946 0.8763504624
-418.2 -493.8 2463.9 0.8818365932 -0.0547992140 0.4683602154 0.1026924178 0.9917035699 -0.0773194507 -0.4602374732 0.1162801608 0.8801479340
-235.3 -100.6 2466.5 0.8983808160 0.0640666783 0.4345196784 -0.0540729575 0.9979115129 -0.0353373289 -0.4358761311 0.0082506156 0.8999688625
-260.7 -497.0 2463.2 0.8981661201 0.0234981384 0.4390279055 -0.0658117384 0.9945055842 0.0814090371 -0.4347027540 -0.1020120308 0.8947776556
-451.9 -234.9 2311.3 0 0 0 0 0 0 0 0 0
-127.8 -229.2 2411.5 0 0 0 0 0 0 0 0 0
-400.3 -817.0 2426.0 0 0 0 0 0 0 0 0 0
-268.0 -807.2 2495.1 0 0 0 0 0 0 0 0 0
-315.4 498.0 2462.8 6 0.9677804708 0.0112902280 -0.2515423298 -0.0185218379 0.9994798303 -0.0263999961 0.2511134148 0.0302084275 0.9674862027
-317.6 296.5 2456.8 0.9677804708 0.0112902280 -0.2515423298 -0.0185218379 0.9994798303 -0.0263999961 0.2511134148 0.0302084275 0.9674862027
-320.4 97.9 2451.6 0.9677622914 0.0139099630 -0.2514809072 -0.0199610852 0.9995689988 -0.0215269569 0.2510730624 0.0258528087 0.9676228166
-459.0 299.4 2420.1 0.1380344480 -0.3642893434 -0.9209993482 0.9850681424 0.1471019089 0.0894524902 0.1028941721 -0.9195946455 0.3791549802
-496.6 31.1 2392.1 -0.1837129742 -0.3749946058 -0.9086410403 0.9412614703 0.1993287504 -0.2725709379 0.2833309174 -0.9053436518 0.3163486719
-176.3 293.6 2493.4 0.1077563465 0.5892035365 0.8007670045 -0.9939729571 0.0801801160 0.0747589394 -0.0201573595 -0.8039965034 0.5942922831
-147.0 23.7 2487.9 0.0815984756 0.5850089788 0.8069115281 -0.9524990320 0.2841130197 -0.1096603498 -0.2934063673 -0.7596343160 0.5804036856
-414.1 -99.2 2425.7 0.8914367557 0.0039972579 0.4531275332 -0.0438260287 0.9960339069 0.0774323419 -0.4510208666 -0.0888848156 0.8880763650
-415.6 -495.0 2461.0 0.8931388855 -0.0482100695 0.4471898377 0.0915241390 0.9929174781 -0.0757511482 -0.4403706491 0.1085849628 0.8912255764
-235.4 -101.9 2467.1 0.9085212946 0.0684625134 0.4121916294 -0.0659730360 0.9976152182 -0.0202850625 -0.4125973880 -0.0087641217 0.9108713269
-262.6 -498.2 2470.6 0.9090498090 0.0132983364 0.4164752066 -0.0435754396 0.9970442653 0.0632767901 -0.4144027531 -0.0756698400 0.9069423676
-444.1 -237.8 2311.1 0 0 0 0 0 0 0 0 0
-125.3 -230.6 2409.6 0 0 0 0 0 0 0 0 0
-400.1 -815.4 2426.0 0 0 0 0 0 0 0 0 0
-266.7 -807.8 2494.1 0 0 0 0 0 0 0 0 0
-314.3 499.0 2463.8 7 0.9669649601 0.0220142435 -0.2539569438 -0.0302388687 0.9991355538 -0.0285273325 0.2531093955 0.0352643020 0.9667947292
-318.7 297.7 2456.7 0.9669649601 0.0220142435 -0.2539569438 -0.0302388687 0.9991355538 -0.0285273325 0.2531093955 0.0352643020 0.9667947292
-323.6 99.2 2450.6 0.9669353962 0.0245046038 -0.2538413703 -0.0315087140 0.9992256761 -0.0235629864 0.2530674040 0.0307821017 0.9669588208
-460.0 302.3 2419.7 0.1397002190 -0.3614874184 -0.9218517542 0.9845673442 0.1498153508 0.0904569626 0.1054084897 -0.9202620387 0.3768379390
-498.4 31.7 2390.8 -0.2066797614 -0.3696541786 -0.9058914185 0.9388086200 0.1858211607 -0.2900152504 0.2755391300 -0.9103989601 0.3086290658
-177.5 293.1 2493.7 0.1164391041 0.5912643671 0.7980278134 -0.9930567145 0.0828529671 0.0835091546 -0.0167429857 -0.8022106290 0.5968063474
-145.8 22.8 2489.1 0.0861593634 0.5861190557 0.8056308627 -0.9523084760 0.2860390246 -0.1062553972 -0.2927201688 -0.7580541968 0.5828110576
-411.9 -98.9 2423.4 0.8920300007 -0.0040476052 0.4519580603 -0.0302169900 0.9971886277 0.0685698316 -0.4509649575 -0.0748231560 0.8893998265
-410.3 -495.2 2453.2 0.8931874037 -0.0297997985 0.4486961961 0.0637677833 0.9961120486 -0.0607819743 -0.4451403916 0.0829020590 0.8916149735
-234.4 -102.6 2469.5 0.9084885716 0.0778517798 0.4105942249 -0.0760720894 0.9968874454 -0.0206988826 -0.4109276831 -0.0124300625 0.9115831852
-265.4 -498.7 2474.4 0.9096229076 0.0084166499 0.4153496027 -0.0346602648 0.9978465438 0.0556862131 -0.4139864445 -0.0650495812 0.9079558253
-439.3 -236.4 2312.1 0 0 0 0 0 0 0 0 0
-122.8 -231.5 2410.9 0 0 0 0 0 0 0 0 0
-400.7 -816.2 2426.5 0 0 0 0 0 0 0 0 0
-268.0 -807.3 2494.5 0 0 0 0 0 0 0 0 0
-313.7 498.5 2463.3 8 0.9657432437 0.0305770990 -0.2576916516 -0.0382703319 0.9989573956 -0.0248905923 0.2566618919 0.0338998660 0.9659065604
-319.9 296.5 2456.4 0.9657432437 0.0305770990 -0.2576916516 -0.0382703319 0.9989573956 -0.0248905923 0.2566618919 0.0338998660 0.9659065604
-325.9 98.0 2450.0 0.9657682776 0.0300855897 -0.2576556802 -0.0374457948 0.9990174174 -0.0237057880 0.2566893101 0.0325424187 0.9659459591
-461.0 302.0 2418.9 0.1275696903 -0.3572037816 -0.9252737164 0.9852690697 0.1527622491 0.0768672153 0.1138896272 -0.9214494824 0.3714296520
-496.0 31.7 2387.7 -0.1930299550 -0.3650162518 -0.9107702971 0.9423297048 0.1896877140 -0.2757412791 0.2734119892 -0.9114722610 0.3073502481
-178.9 291.1 2493.9 0.1239213124 0.5947406888 0.7943091393 -0.9922555685 0.0811368152 0.0940518454 -0.0085112602 -0.7998126745 0.6001893282
-144.8 18.1 2491.6 0.0842167586 0.5902510285 0.8028145432 -0.9510280490 0.2880836725 -0.1120423079 -0.2974108756 -0.7540633082 0.5856067538
-417.1 -96.5 2421.2 0.8932451606 -0.0275585037 0.4487243891 -0.0104146460 0.9965831041 0.0819370970 -0.4494491816 -0.0778632164 0.8899060488
-406.2 -492.4 2452.2 0.8940125108 -0.0208863690 0.4475548565 0.0602747574 0.9954389930 -0.0739468709 -0.4439691007 0.0930856913 0.8911938667
-239.8 -102.2 2467.7 0.9112836123 0.0564497411 0.4078916311 -0.0565937161 0.9983284473 -0.0117248185 -0.4078716934 -0.0123994686 0.9129550457
-262.2 -498.9 2472.6 0.9115380049 0.0202912409 0.4107149541 -0.0464228205 0.9974747300 0.0537505746 -0.4085870981 -0.0680622384 0.9101780653
-440.8 -237.5 2309.6 0 0 0 0 0 0 0 0 0
-122.3 -235.9 2412.2 0 0 0 0 0 0 0 0 0
-399.5 -813.1 2422.2 0 0 0 0 0 0 0 0 0
-268.5 -805.8 2493.5 0 0 0 0 0 0 0 0 0
-312.1 497.5 2463.0 9 0.9586579204 0.0272457618 -0.2832537293 -0.0351348482 0.9991222620 -0.0228080060 0.2823837101 0.0318171531 0.9587737322
-317.6 296.0 2456.6 0.9586579204 0.0272457618 -0.2832537293 -0.0351348482 0.9991222620 -0.0228080060 0.2823837101 0.0318171531 0.9587737322
-322.9 97.5 2450.8 0.9587011933 0.0263928901 -0.2831880152 -0.0335225724 0.9992305636 -0.0203594342 0.2824327648 0.0290118046 0.9588482976
-457.6 300.9 2415.4 0.1452200860 -0.3332013488 -0.9316050410 0.9840629697 0.1463045776 0.1010694727 0.1026216000 -0.9314353466 0.3491374552
-497.8 28.9 2387.0 -0.1990379393 -0.3430487812 -0.9179877043 0.9420083165 0.1912920624 -0.2757312357 0.2701930404 -0.9196330309 0.2850804329
-177.6 291.1 2497.9 0.1200099066 0.6149251461 0.7794002295 -0.9926863313 0.0846822783 0.0860391483 -0.0130937481 -0.7840254903 0.6205905080
-144.2 14.6 2494.2 0.0841723755 0.6106138229 0.7874425054 -0.9510154128 0.2851350307 -0.1194476783 -0.2974638641 -0.7388157845 0.6047036648
-420.4 -97.1 2419.9 0.9045150280 -0.0365922600 0.4248688817 0.0023996879 0.9967326522 0.0807358399 -0.4264349937 -0.0720072240 0.9016474485
-405.9 -493.1 2448.6 0.9045920372 -0.0244399756 0.4255771935 0.0592377707 0.9958755374 -0.0687227622 -0.4221423268 0.0873763114 0.9023088217
-243.3 -103.9 2467.0 0.9213666320 0.0582065918 0.3843117654 -0.0663090199 0.9977682233 0.0078535872 -0.3829969168 -0.0327193663 0.9231699705
-266.4 -500.3 2480.0 0.9224279523 0.0058418335 0.3861250281 -0.0243364796 0.9987774491 0.0430274047 -0.3854016066 -0.0490866043 0.9214423895
-440.9 -240.3 2309.8 0 0 0 0 0 0 0 0 0
-121.7 -239.4 2414.8 0 0 0 0 0 0 0 0 0
-398.0 -813.4 2420.5 0 0 0 0 0 0 0 0 0
-268.2 -808.1 2495.1 0 0 0 0 0 0 0 0 0
-311.8 498.1 2463.4 0 0.9542878270 0.0287541710 -0.2975027859 -0.0365785845 0.9991149902 -0.0207654405 0.2966423929 0.0306984372 0.9544950724
-317.6 296.7 2457.2 0.9542878270 0.0287541710 -0.2975027859 -0.0365785845 0.9991149902 -0.0207654405 0.2966423929 0.0306984372 0.9544950724
-323.3 98.1 2452.0 0.9543221593 0.0288591161 -0.2973825336 -0.0353883393 0.9992358685 -0.0165941603 0.2966763973 0.0263600480 0.9546142220
-457.0 301.8 2413.9 0.1352882832 -0.3205318451 -0.9375267625 0.9863200784 0.1335107237 0.0966832265 0.0941798314 -0.9377815723 0.3342094123
-494.5 28.1 2387.7 -0.1952842772 -0.3346858323 -0.9218727946 0.9417456985 0.1984465867 -0.2715400457 0.2738231421 -0.9211972356 0.2764354348
-178.2 291.5 2500.5 0.1345800012 0.6253747344 0.7686316967 -0.9908740520 0.0908318982 0.0995897725 -0.0075353491 -0.7750200033 0.6318917871
-140.8 16.0 2498.4 0.0744070038 0.6222851872 0.7792462707 -0.9545758963 0.2705313563 -0.1248905882 -0.2885281146 -0.7345569730 0.6141478419
-416.0 -98.0 2419.2 0.9103879333 -0.0408967771 0.4117296636 0.0075120297 0.9965727925 0.0823787004 -0.4136875868 -0.0719036460 0.9075750113
-399.8 -494.1 2447.8 0.9107268453 -0.0094816145 0.4129003286 0.0469780751 0.9956262112 -0.0807556957 -0.4103286862 0.0929436460 0.9071889520
-240.3 -104.2 2471.0 0.9260011911 0.0700624585 0.3709623218 -0.0811429098 0.9965994954 0.0143254865 -0.3686971962 -0.0433663800 0.9285374284
-268.1 -500.1 2488.2 0.9285011888 0.0036595322 0.3713113666 -0.0116814775 0.9997443557 0.0193575267 -0.3711456060 -0.0223109517 0.9283065796
-438.7 -241.1 2309.5 0 0 0 0 0 0 0 0 0
-120.9 -239.0 2421.4 0 0 0 0 0 0 0 0 0
-396.7 -815.3 2417.8 0 0 0 0 0 0 0 0 0
-269.2 -809.3 2495.1 0 0 0 0 0 0 0 0 0
-310.1 498.3 2462.6 1 0.9480737448 0.0257045235 -0.3170101643 -0.0321634859 0.9993676543 -0.0151575198 0.3164201081 0.0245666001 0.9483010173
-315.4 295.9 2457.6 0.9480737448 0.0257045235 -0.3170101643 -0.0321634859 0.9993676543 -0.0151575198 0.3164201081 0.0245666001 0.9483010173
-320.3 97.3 2453.2 0.9481100440 0.0249232110 -0.3169640303 -0.0307308938 0.9994387031 -0.0133360457 0.3164537549 0.0223846268 0.9483438134
-453.8 300.4 2411.4 0.1410512030 -0.3006364405 -0.9432508945 0.9853504300 0.1348873526 0.1043548509 0.0958597437 -0.9441520572 0.3152582645
-492.8 28.0 2384.9 -0.2003426850 -0.3130619526 -0.9283614755 0.9441918731 0.1911894083 -0.2682318091 0.2614660561 -0.9302896261 0.2572871745
-176.9 291.4 2503.8 0.1315452904 0.6416756511 0.7556111813 -0.9913090467 0.0840138122 0.1012325138 0.0014766661 -0.7623608708 0.6471505165
-140.3 15.8 2504.2 0.0763522685 0.6391377449 0.7652929425 -0.9513677955 0.2764360309 -0.1359500438 -0.2984453440 -0.7176949978 0.6291615963
-416.6 -97.2 2419.5 0.9165818095 -0.0672043636 0.3941590488 0.0472367220 0.9970706701 0.0601563640 -0.3970472217 -0.0365194455 0.9170713425
-389.9 -493.1 2434.0 0.9165819287 0.0185941923 0.3994143307 0.0067578917 0.9980550408 -0.0619712099 -0.3997898102 0.0595008917 0.9146735668
-241.6 -103.7 2473.9 0.9342302680 0.0660280287 0.3505054414 -0.0714108720 0.9974439740 0.0024391559 -0.3494485021 -0.0273086317 0.9365575314
-267.8 -500.0 2484.8 0.9359341860 0.0020720267 0.3521687984 -0.0133191999 0.9994755387 0.0295169670 -0.3519229293 -0.0323165469 0.9354709387
-435.5 -241.9 2310.2 0 0 0 0 0 0 0 0 0
-119.9 -238.2 2424.5 0 0 0 0 0 0 0 0 0
-395.9 -815.7 2414.8 0 0 0 0 0 0 0 0 0
-268.5 -809.0 2494.8 0 0 0 0 0 0 0 0 0
-308.1 497.0 2462.7 2 0.9428446889 0.0263209734 -0.3321913183 -0.0313487276 0.9994606376 -0.0097841378 0.3317546248 0.0196386985 0.9431612492
-313.4 294.2 2458.7 0.9428446889 0.0263209734 -0.3321913183 -0.0313487276 0.9994606376 -0.0097841378 0.3317546248 0.0196386985 0.9431612492
-318.9 95.6 2454.9 0.9428173900 0.0275826622 -0.3321665227 -0.0323622115 0.9994369149 -0.0088646086 0.3317349851 0.0191073511 0.9431790709
-451.1 299.0 2410.2 0.1364404410 -0.2845168412 -0.9489120841 0.9855500460 0.1360382289 0.1009194702 0.1003750339 -0.9489698410 0.2989667058
-488.6 28.2 2382.7 -0.1775133610 -0.2948817015 -0.9389002919 0.9522201419 0.1894681901 -0.2395382226 0.2485271841 -0.9365610480 0.2471591681
-175.8 289.5 2507.1 0.1332262605 0.6534315348 0.7451697588 -0.9910733104 0.0840842351 0.1034578979 0.0049456232 -0.7523011565 0.6588007808
-139.0 16.3 2508.5 0.0703087449 0.6521551609 0.7548180819 -0.9505686164 0.2732311189 -0.1475266516 -0.3024500608 -0.7071339488 0.6391287446
-412.2 -98.5 2419.7 0.9224956036 -0.0599450469 0.3813245595 0.0506748334 0.9981254935 0.0343155600 -0.3826668262 -0.0123323947 0.9238041043
-388.4 -494.9 2424.6 0.9228401780 0.0252267998 0.3843561411 -0.0152496863 0.9994635582 -0.0289841685 -0.3848811090 0.0208864436 0.9227297902
-238.4 -104.1 2477.7 0.9392096400 0.0787293985 0.3341960311 -0.0792877004 0.9967796206 -0.0119932126 -0.3340640068 -0.0152334943 0.9424272776
-269.6 -500.2 2483.8 0.9410738349 -0.0049283858 0.3381653130 -0.0110331904 0.9989142418 0.0452621281 -0.3380211890 -0.0463260449 0.9399976134
-437.9 -243.8 2311.7 0 0 0 0 0 0 0 0 0
-120.2 -237.6 2427.7 0 0 0 0 0 0 0 0 0
-396.6 -819.3 2417.8 0 0 0 0 0 0 0 0 0
-268.1 -807.7 2498.1 0 0 0 0 0 0 0 0 0
-304.8 498.0 2462.7 3 0.9361325502 0.0263292007 -0.3506602645 -0.0309658442 0.9994913936 -0.0076208417 0.3502812684 0.0179926101 0.9364717007
-310.1 295.9 2459.1 0.9361325502 0.0263292007 -0.3506602645 -0.0309658442 0.9994913936 -0.0076208417 0.3502812684 0.0179926101 0.9364717007
-315.4 97.3 2455.5 0.9361268878 0.0265671350 -0.3506574631 -0.0311799236 0.9994855523 -0.0075141634 0.3502774239 0.0179676823 0.9364736676
-446.8 300.4 2407.9 0.1505986005 -0.2667472661 -0.9519274831 0.9844819903 0.1282105297 0.1198219359 0.0900849476 -0.9552004933 0.2819162011
-489.0 24.9 2382.7 -0.1758424491 -0.2793444097 -0.9439523816 0.9526351094 0.1934039146 -0.2346940339 0.2481245548 -0.9405113459 0.2321046591
-173.4 291.3 2510.2 0.1265061349 0.6680317521 0.7333005667 -0.9919630885 0.0834519267 0.0951054469 0.0023381107 -0.7394385338 0.6732200384
-138.1 14.7 2510.9 0.0662009791 0.6673537493 0.7417926788 -0.9519717097 0.2649731338 -0.1534247398 -0.2989436984 -0.6960088015 0.6528433561
-410.9 -100.0 2420.7 0.9284882545 -0.0680960789 0.3650650382 0.0712715909 0.9974454641 0.0047862390 -0.3644583821 0.0215747990 0.9309697151
-383.8 -496.0 2412.1 0.9299991131 0.0392483957 0.3654603362 -0.0417347886 0.9991281033 -0.0010968581 -0.3651847541 -0.0142323328 0.9308262467
-238.0 -105.9 2481.5 0.9453424215 0.0762808844 0.3170315027 -0.0832069889 0.9964973330 0.0083442619 -0.3152845502 -0.0342674218 0.9483783245
-268.3 -501.8 2495.1 0.9482331872 -0.0046794787 0.3175404966 -0.0001182116 0.9998861551 0.0150879594 -0.3175749481 -0.0143444408 0.9481246471
-438.7 -247.3 2311.8 0 0 0 0 0 0 0 0 0
-120.4 -239.5 2431.0 0 0 0 0 0 0 0 0 0
-396.6 -820.0 2416.7 0 0 0 0 0 0 0 0 0
-266.9 -806.4 2499.5 0 0 0 0 0 0 0 0 0
