-37.4 522.2 2399.3 6 0.9985173345 0.0025720759 -0.0543734878 -0.0022139566 0.9999754429 0.0066454974 0.0543892458 -0.0065152640 0.9984985590
-37.9 321.6 2400.6 0.9985173345 0.0025720759 -0.0543734878 -0.0022139566 0.9999754429 0.0066454974 0.0543892458 -0.0065152640 0.9984985590
-38.4 122.8 2401.1 0.9985169768 0.0024821262 -0.0543842465 -0.0023556845 0.9999943972 0.0023889514 0.0543898679 -0.0022572963 0.9985172153
-178.4 322.0 2393.0 0.1961534619 -0.9712039232 -0.1352283508 0.9751490951 0.1787193120 0.1309338212 -0.1029955223 -0.1575509161 0.9821250439
-234.6 42.7 2422.5 0.0972273722 -0.9712039232 -0.2175079882 0.9010221958 0.1787193120 -0.3952446878 0.4227360785 -0.1575509161 0.8924527764
102.6 321.3 2408.3 0.1768557280 0.6032265425 0.7777144909 -0.9816090465 0.1658046097 0.0946175605 -0.0718728229 -0.7801452279 0.6214561462
149.7 60.1 2389.2 -0.0176901948 0.6041692495 0.7966596484 -0.9648899436 0.1985206306 -0.1719795316 -0.2620581090 -0.7717311978 0.5794449449
-129.0 -76.9 2397.5 0.9953040481 0.0784570500 -0.0566952266 -0.0780411735 0.9969047308 0.0095159188 0.0572663285 -0.0050466708 0.9983462095
-160.2 -473.2 2399.5 0.9985650182 0.0293742847 -0.0447776057 -0.0221870411 0.9879301190 0.1533029228 0.0487403087 -0.1520894468 0.9871641994
54.2 -76.4 2407.5 0.9992184639 -0.0199844707 -0.0341045596 0.0189478435 0.9993565679 -0.0304527711 0.0346911959 0.0297827628 0.9989542365
62.2 -473.7 2395.6 0.9988227487 -0.0305281989 -0.0376974531 0.0372448526 0.9805365801 0.1927713752 0.0310787689 -0.1939484775 0.9805192947
-262.5 -215.7 2301.2 0 0 0 0 0 0 0 0 0
144.7 -212.8 2315.0 0 0 0 0 0 0 0 0 0
-168.9 -766.8 2444.7 0 0 0 0 0 0 0 0 0
71.5 -773.3 2454.9 0 0 0 0 0 0 0 0 0
-36.4 520.4 2399.1 7 0.9987319112 0.0062234341 -0.0499580763 -0.0058285445 0.9999506474 0.0080462089 0.0500056855 -0.0077448227 0.9987189174
-37.6 319.9 2400.6 0.9987319112 0.0062234341 -0.0499580763 -0.0058285445 0.9999506474 0.0080462089 0.0500056855 -0.0077448227 0.9987189174
-38.8 121.1 2401.2 0.9987326860 0.0058629634 -0.0499866717 -0.0057043689 0.9999782443 0.0033148131 0.0500050187 -0.0030254698 0.9987443686
-178.2 320.7 2393.6 0.1950071454 -0.9716199040 -0.1338914931 0.9758273363 0.1784702688 0.1261322200 -0.0986569300 -0.1552516669 0.9829362631
-234.2 40.2 2421.9 0.0972361937 -0.9716199040 -0.2156382203 0.8996464014 0.1784702688 -0.3984779716 0.4256541729 -0.1552516669 0.8914681673
103.0 319.1 2407.6 0.1779168397 0.5995484591 0.7803122401 -0.9812648892 0.1676624566 0.0949130058 -0.0739241242 -0.7825796604 0.6181458831
150.1 59.2 2388.1 -0.0165553372 0.6003239751 0.7995855808 -0.9659284353 0.1969704777 -0.1678836793 -0.2582793534 -0.7751218081 0.5766090751
-130.5 -75.7 2396.5 0.9958128929 0.0750280470 -0.0522252060 -0.0745485500 0.9971559048 0.0110722892 0.0529074073 -0.0071326145 0.9985739589
-160.3 -472.2 2399.4 0.9987298250 0.0296532437 -0.0407358073 -0.0229454879 0.9874516129 0.1562458575 0.0448578373 -0.1551126987 0.9868777990
52.7 -76.2 2406.5 0.9993282557 -0.0210943073 -0.0299672317 0.0204518624 0.9995577931 -0.0215853881 0.0304093082 0.0209580027 0.9993177652
61.1 -473.6 2398.2 0.9988085628 -0.0353466384 -0.0336461030 0.0409302600 0.9822284579 0.1831718683 0.0265736505 -0.1843307763 0.9825049639
-262.1 -218.0 2299.8 0 0 0 0 0 0 0 0 0
145.4 -214.0 2315.0 0 0 0 0 0 0 0 0 0
-169.2 -768.0 2445.8 0 0 0 0 0 0 0 0 0
71.9 -771.7 2454.1 0 0 0 0 0 0 0 0 0
-36.1 520.1 2398.4 8 0.9993809462 0.0078981640 -0.0342827886 -0.0075766225 0.9999262094 0.0094989054 0.0343552791 -0.0092332773 0.9993670583
-37.7 319.6 2400.3 0.9993809462 0.0078981640 -0.0342827886 -0.0075766225 0.9999262094 0.0094989054 0.0343552791 -0.0092332773 0.9993670583
-39.3 120.8 2401.4 0.9993767142 0.0083021112 -0.0343117230 -0.0081033902 0.9999495745 0.0059266509 0.0343591981 -0.0056449156 0.9993935823
-178.3 320.8 2395.4 0.1925925165 -0.9728920460 -0.1280201226 0.9770297408 0.1779918969 0.1171825528 -0.0912194327 -0.1476479471 0.9848244190
-234.3 36.9 2421.9 0.0980625451 -0.9728920460 -0.2094391733 0.8957279325 0.1779918969 -0.4074191749 0.4336533546 -0.1476479471 0.8889009356
103.0 318.5 2405.1 0.1768485904 0.5898750424 0.7878908515 -0.9826285839 0.1515773535 0.1070767418 -0.0562645122 -0.7931404114 0.6064342856
150.0 57.3 2390.1 -0.0170120895 0.5916261077 0.8060329556 -0.9643098712 0.2033306956 -0.1695968658 -0.2642291784 -0.7801507711 0.5670517683
-131.6 -77.2 2397.2 0.9967796206 0.0708788857 -0.0375045128 -0.0709053501 0.9974828362 0.0006255897 0.0374544524 0.0020356958 0.9992962480
-159.8 -473.8 2396.4 0.9990571737 0.0354886837 -0.0250058342 -0.0307659954 0.9851456881 0.1689420044 0.0306299198 -0.1680133939 0.9853087664
51.7 -78.2 2406.4 0.9995691776 -0.0256164856 -0.0143248849 0.0253266059 0.9994778633 -0.0200641137 0.0148313772 0.0196926687 0.9996960759
61.9 -475.6 2398.6 0.9993233681 -0.0313419476 -0.0192468613 0.0343545191 0.9822997451 0.1841383278 0.0131349331 -0.1846749634 0.9827118516
-262.4 -220.1 2297.6 0 0 0 0 0 0 0 0 0
145.2 -215.4 2315.4 0 0 0 0 0 0 0 0 0
-170.3 -767.0 2446.4 0 0 0 0 0 0 0 0 0
71.3 -772.1 2454.3 0 0 0 0 0 0 0 0 0
-35.8 522.4 2398.6 9 0.9989173412 0.0096940566 -0.0454995520 -0.0092040896 0.9998975396 0.0109657953 0.0456011929 -0.0105351405 0.9989041686
-37.8 321.8 2400.7 0.9989173412 0.0096940566 -0.0454995520 -0.0092040896 0.9998975396 0.0109657953 0.0456011929 -0.0105351405 0.9989041686
-39.6 123.0 2402.0 0.9989212155 0.0090855630 -0.0455402471 -0.0087924702 0.9999393225 0.0066321110 0.0455977432 -0.0062245447 0.9989404678
-178.3 323.0 2394.3 0.1942959726 -0.9696505070 -0.1484147459 0.9774675965 0.1786543876 0.1124262288 -0.0824992061 -0.1669145674 0.9825138450
-235.2 36.8 2418.5 0.0929461494 -0.9696505070 -0.2261390537 0.9007880092 0.1786543876 -0.3958075047 0.4241956770 -0.1669145674 0.8900548220
102.8 320.6 2407.1 0.1756073385 0.5978771448 0.7821156979 -0.9825339317 0.1561156958 0.1012665629 -0.0615555719 -0.7862383723 0.6148496866
149.9 56.8 2390.6 -0.0179975554 0.5995082259 0.8001661897 -0.9632382393 0.2041537613 -0.1746234596 -0.2680451572 -0.7738934755 0.5737949610
-132.6 -77.2 2399.4 0.9966298342 0.0653548837 -0.0495749936 -0.0659712404 0.9977620244 -0.0108984811 0.0487517752 0.0141322752 0.9987109303
-158.6 -473.9 2393.8 0.9986622334 0.0367487483 -0.0363765210 -0.0297425538 0.9837170243 0.1772462577 0.0422977805 -0.1759272069 0.9834940434
50.7 -78.7 2405.7 0.9992796183 -0.0280727800 -0.0255377460 0.0275436509 0.9994033575 -0.0208405610 0.0261075608 0.0201221444 0.9994565845
61.9 -476.1 2397.7 0.9990127683 -0.0320769772 -0.0307343863 0.0371930636 0.9822639823 0.1837773174 0.0242942609 -0.1847389787 0.9824873209
-261.9 -221.3 2296.9 0 0 0 0 0 0 0 0 0
144.9 -215.6 2314.8 0 0 0 0 0 0 0 0 0
-169.7 -770.4 2446.8 0 0 0 0 0 0 0 0 0
71.5 -770.0 2452.9 0 0 0 0 0 0 0 0 0
-36.0 522.2 2398.2 0 0.9990608692 0.0088821352 -0.0424083173 -0.0083852401 0.9998942614 0.0118804583 0.0425093547 -0.0115136970 0.9990296960
-37.8 321.8 2400.5 0.9990608692 0.0088821352 -0.0424083173 -0.0083852401 0.9998942614 0.0118804583 0.0425093547 -0.0115136970 0.9990296960
-39.5 123.0 2401.9 0.9990628958 0.0084661916 -0.0424457528 -0.0081522074 0.9999381304 0.0075649489 0.0425071754 -0.0072118328 0.9990701079
-178.4 323.0 2394.5 0.1982787549 -0.9694429040 -0.1444508433 0.9761621356 0.1820428669 0.1181858778 -0.0882782117 -0.1644411832 0.9824286699
-234.7 45.6 2419.6 0.0960924700 -0.9698357582 -0.2240196168 0.9060369134 0.1784130782 -0.3837523758 0.4121448100 -0.1660943180 0.8958511949
102.8 320.7 2406.5 0.1767961979 0.5942270160 0.7846256495 -0.9818640351 0.1619248092 0.0986071974 -0.0684552938 -0.7878290415 0.6120778322
150.0 58.6 2388.2 -0.0151601825 0.5950877666 0.8035176992 -0.9672337770 0.1949577183 -0.1626353562 -0.2534343004 -0.7796550989 0.5726333857
-133.0 -75.0 2399.0 0.9969425797 0.0623767972 -0.0470595807 -0.0633376539 0.9978072643 -0.0192092583 0.0457581766 0.0221311711 0.9987073541
-157.8 -471.7 2390.2 0.9985531569 0.0423938259 -0.0330816321 -0.0354262590 0.9814533591 0.1883993447 0.0404550470 -0.1869548112 0.9815351963
50.3 -76.6 2407.4 0.9993089437 -0.0298439879 -0.0221584328 0.0291958693 0.9991524220 -0.0290183257 0.0230056755 0.0283513386 0.9993332624
62.1 -473.9 2396.1 0.9991592765 -0.0298229940 -0.0281299781 0.0346226729 0.9812828898 0.1894339174 0.0219539776 -0.1902485937 0.9814904332
-262.2 -213.7 2301.6 0 0 0 0 0 0 0 0 0
145.7 -214.9 2316.5 0 0 0 0 0 0 0 0 0
-170.6 -768.0 2446.6 0 0 0 0 0 0 0 0 0
71.3 -773.9 2454.3 0 0 0 0 0 0 0 0 0
-35.0 519.8 2398.5 1 0.9989795089 0.0104597872 -0.0439384729 -0.0099821314 0.9998888373 0.0110763907 0.0440494455 -0.0106264874 0.9989728332
-37.1 318.9 2400.6 0.9989795089 0.0104597872 -0.0439384729 -0.0099821314 0.9998888373 0.0110763907 0.0440494455 -0.0106264874 0.9989728332
-39.6 120.1 2402.3 0.9989526272 0.0126889218 -0.0439613797 -0.0123003768 0.9998829365 0.0090975855 0.0440716706 -0.0085473154 0.9989917874
-177.7 320.6 2394.4 0.1985453963 -0.9699652791 -0.1405242532 0.9754530787 0.1816309541 0.1245051548 -0.0952421203 -0.1617947370 0.9822176099
-234.2 42.7 2421.6 0.0962735191 -0.9699652791 -0.2233802825 0.8975020647 0.1816309541 -0.4018709064 0.4303736091 -0.1617947370 0.8880321383
103.5 317.1 2406.8 0.1763484925 0.5959414840 0.7834251523 -0.9821554422 0.1593793333 0.0998447388 -0.0653601512 -0.7870527506 0.6134134531
149.9 58.9 2389.6 -0.0161112174 0.5969366431 0.8021265864 -0.9668899179 0.1950411648 -0.1645687819 -0.2546848357 -0.7782194614 0.5740296841
-132.8 -75.0 2399.5 0.9967727065 0.0644012913 -0.0479228944 -0.0647618547 0.9978826642 -0.0060078646 0.0474345125 0.0090920515 0.9988329411
-158.4 -471.8 2395.9 0.9986248016 0.0384968929 -0.0355886705 -0.0317770839 0.9843822122 0.1731527001 0.0416986942 -0.1717836708 0.9842517972
50.5 -76.5 2407.3 0.9992910624 -0.0292435940 -0.0237106122 0.0284814257 0.9990861416 -0.0318691023 0.0246209111 0.0311711971 0.9992107749
62.1 -473.8 2394.9 0.9991010427 -0.0302652009 -0.0296843685 0.0354572721 0.9803954363 0.1938236654 0.0232363064 -0.1947019547 0.9805871844
-261.9 -214.9 2298.0 0 0 0 0 0 0 0 0 0
145.3 -214.5 2317.6 0 0 0 0 0 0 0 0 0
-170.0 -767.0 2447.4 0 0 0 0 0 0 0 0 0
71.3 -771.4 2454.0 0 0 0 0 0 0 0 0 0
-34.0 521.8 2398.6 2 0.9991123080 0.0155057153 -0.0391690657 -0.0151308123 0.9998369813 0.0098497989 0.0393154100 -0.0092483955 0.9991840720
-37.1 321.0 2400.5 0.9991123080 0.0155057153 -0.0391690657 -0.0151308123 0.9998369813 0.0098497989 0.0393154100 -0.0092483955 0.9991840720
-40.4 122.2 2401.5 0.9990892410 0.0167808086 -0.0392315984 -0.0165588111 0.9998450279 0.0059767850 0.0393258147 -0.0053217127 0.9992122650
-177.7 323.3 2395.0 0.1945860386 -0.9720652103 -0.1312458366 0.9764608741 0.1792718768 0.1199405566 -0.0930613577 -0.1514951885 0.9840674996
-233.7 42.3 2421.7 0.0991092175 -0.9720652103 -0.2127593905 0.8986006379 0.1792718768 -0.4004728198 0.4274274707 -0.1514951885 0.8912659287
103.5 318.6 2406.0 0.1731541008 0.5941960216 0.7854608893 -0.9831224084 0.1520999819 0.1016657576 -0.0590591952 -0.7898080349 0.6105041504
149.8 55.7 2390.2 -0.0174564589 0.5959396958 0.8028394580 -0.9639838934 0.2030968517 -0.1717170626 -0.2653871775 -0.7769218683 0.5709308982
-133.8 -77.6 2400.0 0.9969891310 0.0646916702 -0.0427508652 -0.0648167357 0.9978960156 -0.0015443609 0.0425610095 0.0043106824 0.9990845919
-159.5 -474.3 2398.3 0.9989103079 0.0343967937 -0.0315451063 -0.0288351197 0.9863077402 0.1623746604 0.0366983525 -0.1612881124 0.9862248302
49.5 -79.8 2408.1 0.9993211627 -0.0313911103 -0.0192808900 0.0307961628 0.9990628362 -0.0304153319 0.0202175900 0.0298009068 0.9993513823
62.0 -477.1 2396.2 0.9991180897 -0.0332191810 -0.0256806817 0.0374807902 0.9812875986 0.1888644546 0.0189262126 -0.1896604300 0.9816673398
-262.1 -215.1 2299.3 0 0 0 0 0 0 0 0 0
144.9 -216.9 2315.2 0 0 0 0 0 0 0 0 0
-169.7 -765.4 2445.9 0 0 0 0 0 0 0 0 0
72.0 -771.1 2453.0 0 0 0 0 0 0 0 0 0
-35.3 522.8 2399.2 3 0.9993499517 0.0115424255 -0.0341539793 -0.0112649538 0.9999020696 0.0083054416 0.0342464969 -0.0079152994 0.9993820786
-37.6 322.0 2400.8 0.9993499517 0.0115424255 -0.0341539793 -0.0112649538 0.9999020696 0.0083054416 0.0342464969 -0.0079152994 0.9993820786
-39.9 123.2 2401.5 0.9993497133 0.0114111118 -0.0342035666 -0.0112813218 0.9999284148 0.0039852322 0.0342465937 -0.0035967794 0.9994069338
-178.3 323.6 2396.0 0.1935018748 -0.9689933658 -0.1536519974 0.9771245122 0.1762555242 0.1190027297 -0.0882308409 -0.1731643826 0.9809329510
-234.2 41.1 2421.5 0.0893307254 -0.9689933658 -0.2303734720 0.9033183455 0.1762555242 -0.3910881877 0.4195664525 -0.1731643826 0.8910544515
103.0 320.4 2405.6 0.1745754331 0.5901257992 0.7882099748 -0.9828701019 0.1524665505 0.1035390720 -0.0590745732 -0.7927833796 0.6066339016
149.8 57.3 2389.8 -0.0181688182 0.5921235085 0.8056423664 -0.9625421762 0.2076578140 -0.1743296236 -0.2705225945 -0.7786321044 0.5661709905
-135.4 -75.1 2399.0 0.9974643588 0.0605426244 -0.0374095701 -0.0605476052 0.9981648326 0.0010007756 0.0374015048 0.0012668219 0.9992995262
-159.5 -471.9 2398.5 0.9989536405 0.0365704522 -0.0274635740 -0.0318079405 0.9870300293 0.1573530585 0.0328618437 -0.1563148499 0.9871604443
47.9 -78.1 2406.2 0.9991752505 -0.0380427875 -0.0141970394 0.0376255177 0.9988830090 -0.0285839904 0.0152685959 0.0280262437 0.9994905591
63.0 -475.3 2395.1 0.9992870092 -0.0306115821 -0.0221006032 0.0342343934 0.9814825058 0.1884678304 0.0159220565 -0.1890900582 0.9818306565
-259.9 -218.4 2301.0 0 0 0 0 0 0 0 0 0
144.6 -215.0 2313.3 0 0 0 0 0 0 0 0 0
-170.5 -767.5 2445.3 0 0 0 0 0 0 0 0 0
72.3 -771.2 2452.1 0 0 0 0 0 0 0 0 0
-34.9 525.2 2406.5 4 0.9993337393 0.0111759892 -0.0347443894 -0.0115362899 0.9998815656 -0.0101869302 0.0346264243 0.0105809644 0.9993442893
-37.2 324.4 2404.4 0.9993337393 0.0111759892 -0.0347443894 -0.0115362899 0.9998815656 -0.0101869302 0.0346264243 0.0105809644 0.9993442893
-39.2 125.6 2402.0 0.9993444681 0.0101317707 -0.0347565338 -0.0105311368 0.9998803735 -0.0113266055 0.0346376188 0.0116852056 0.9993315935
-177.8 325.9 2399.5 0.1911254674 -0.9694865346 -0.1535152197 0.9784818888 0.1757928878 0.1080281734 -0.0777449757 -0.1708588004 0.9822235107
-232.9 43.8 2421.9 0.0947480351 -0.9691373110 -0.2275866717 0.9047555327 0.1791942716 -0.3864024580 0.4152592719 -0.1692994237 0.8938106298
103.5 322.9 2409.2 0.1719686389 0.5903303027 0.7886297703 -0.9820698500 0.1655040830 0.0902617872 -0.0772371814 -0.7900117040 0.6082071066
149.7 59.0 2388.5 -0.0179208796 0.5914314389 0.8061560988 -0.9645369649 0.2021339685 -0.1697360277 -0.2633387744 -0.7806091905 0.5668351054
-133.8 -74.6 2399.1 0.9972328544 0.0646702871 -0.0366664864 -0.0644745305 0.9978982210 0.0064977668 0.0370096341 -0.0041157324 0.9993064404
-159.6 -471.3 2400.7 0.9991173744 0.0321682990 -0.0270131249 -0.0277790427 0.9883655310 0.1495389938 0.0315092579 -0.1486566067 0.9883867502
49.5 -76.6 2405.4 0.9993398786 -0.0328257270 -0.0155644305 0.0325092115 0.9992678761 -0.0201704539 0.0162151456 0.0196511503 0.9996753931
62.6 -473.9 2397.6 0.9992812872 -0.0309491474 -0.0218884293 0.0344312936 0.9825890660 0.1825737357 0.0158568304 -0.1831961572 0.9829484820
-260.1 -215.5 2302.9 0 0 0 0 0 0 0 0 0
144.6 -213.7 2314.0 0 0 0 0 0 0 0 0 0
-169.2 -766.3 2445.1 0 0 0 0 0 0 0 0 0
72.0 -771.1 2453.0 0 0 0 0 0 0 0 0 0
-36.4 524.6 2402.1 5 0.9989734888 0.0064607300 -0.0448354334 -0.0062939269 0.9999727607 0.0038605120 0.0448591523 -0.0035743583 0.9989868999
-37.7 323.4 2402.9 0.9989734888 0.0064607300 -0.0448354334 -0.0062939269 0.9999727607 0.0038605120 0.0448591523 -0.0035743583 0.9989868999
-39.0 124.6 2402.6 0.9989716411 0.0065252362 -0.0448680297 -0.0065838862 0.9999776483 -0.0011595121 0.0448594615 0.0014537256 0.9989922643
-178.3 324.3 2396.5 0.1902744621 -0.9680823684 -0.1631321609 0.9776453376 0.1717042774 0.1213558987 -0.0894720182 -0.1825763285 0.9791121483
-232.2 47.4 2421.9 0.0950981081 -0.9670122266 -0.2363126874 0.9056857228 0.1825705618 -0.3826242387 0.4131460786 -0.1776382029 0.8931713104
102.9 322.5 2409.2 0.1756412238 0.5957536101 0.7837268710 -0.9812023044 0.1705947965 0.0902190655 -0.0799513832 -0.7848407626 0.6145182848
149.6 61.5 2387.9 -0.0169776231 0.5962878466 0.8025911450 -0.9675971270 0.1924549341 -0.1634531319 -0.2519277334 -0.7793599367 0.5736989975
-132.9 -72.2 2396.5 0.9965446591 0.0683314949 -0.0472176149 -0.0678927079 0.9976337552 0.0108367633 0.0478463806 -0.0075935866 0.9988258481
-160.1 -468.8 2399.6 0.9989543557 0.0271894298 -0.0367555991 -0.0211342722 0.9875141382 0.1561061293 0.0405411124 -0.1551660895 0.9870561957
50.5 -74.1 2402.9 0.9992433190 -0.0295057241 -0.0253423043 0.0290222913 0.9993936419 -0.0192367155 0.0258945301 0.0184866674 0.9994937181
62.2 -471.5 2395.5 0.9990127087 -0.0318086967 -0.0310124122 0.0372027382 0.9805535674 0.1926930845 0.0242800154 -0.1936565936 0.9807688594
-259.4 -211.9 2303.6 0 0 0 0 0 0 0 0 0
144.8 -212.1 2316.7 0 0 0 0 0 0 0 0 0
-168.4 -771.2 2447.1 0 0 0 0 0 0 0 0 0
72.0 -774.4 2455.4 0 0 0 0 0 0 0 0 0
-35.1 525.2 2407.5 6 0.9982293844 0.0085696997 -0.0588614196 -0.0089364499 0.9999422431 -0.0059703290 0.0588068552 0.0064857700 0.9982483387
-36.9 324.4 2406.2 0.9982293844 0.0085696997 -0.0588614196 -0.0089364499 0.9999422431 -0.0059703290 0.0588068552 0.0064857700 0.9982483387
-38.5 125.6 2404.0 0.9982295036 0.0083092032 -0.0588962883 -0.0089192018 0.9999092221 -0.0101018576 0.0588070042 0.0106092803 0.9982129931
-177.3 325.6 2397.9 0.1922017485 -0.9743222594 -0.1172802597 0.9773895144 0.1793198138 0.1120451987 -0.0881374553 -0.1361637861 0.9867579341
-233.6 39.3 2423.7 0.1047531664 -0.9743222594 -0.1993061602 0.8963252902 0.1793198138 -0.4055186808 0.4308454096 -0.1361637861 0.8920939565
103.6 323.1 2414.4 0.1719539613 0.6055129170 0.7770366073 -0.9800350070 0.1850747615 0.0726551712 -0.0998162180 -0.7740164399 0.6252481937
149.6 61.2 2387.8 -0.0169706196 0.6055842042 0.7956002355 -0.9681387544 0.1888763756 -0.1644173265 -0.2498386204 -0.7730417252 0.5830842257
-132.0 -73.6 2398.2 0.9960033894 0.0651698560 -0.0610747524 -0.0650430173 0.9978742003 0.0040647262 0.0612098165 -0.0000759952 0.9981248975
-157.9 -470.3 2398.2 0.9979347587 0.0400500968 -0.0502220728 -0.0316080861 0.9867945910 0.1588626206 0.0559213310 -0.1569471061 0.9860225320
51.3 -74.8 2406.4 0.9988911152 -0.0260716565 -0.0392024778 0.0246638097 0.9990482330 -0.0359769017 0.0401031449 0.0349701270 0.9985834360
61.7 -471.9 2392.5 0.9983751774 -0.0358833261 -0.0442651547 0.0441159606 0.9784206748 0.2018584013 0.0360665917 -0.2034832239 0.9784139395
-263.7 -218.1 2300.0 0 0 0 0 0 0 0 0 0
144.8 -212.6 2317.1 0 0 0 0 0 0 0 0 0
-170.0 -768.6 2445.6 0 0 0 0 0 0 0 0 0
72.8 -774.8 2455.5 0 0 0 0 0 0 0 0 0
-35.9 523.2 2402.6 7 0.9984081388 0.0081357853 -0.0558116995 -0.0079810731 0.9999636412 0.0029943732 0.0558340326 -0.0025441695 0.9984368086
-37.6 322.3 2403.1 0.9984081388 0.0081357853 -0.0558116995 -0.0079810731 0.9999636412 0.0029943732 0.0558340326 -0.0025441695 0.9984368086
-39.3 123.5 2403.3 0.9984009862 0.0088806814 -0.0558265969 -0.0088250255 0.9999603033 0.0012433897 0.0558354221 -0.0007487303 0.9984397292
-178.1 323.5 2395.3 0.1909701675 -0.9747737050 -0.1155275851 0.9771841168 0.1776446700 0.1164195985 -0.0929599032 -0.1351244003 0.9864582419
-232.5 44.9 2421.8 0.1016203836 -0.9754756689 -0.1952446550 0.9066847563 0.1715801060 -0.3853348792 0.4093849063 -0.1378674656 0.9018849730
103.0 321.1 2411.0 0.1767152250 0.6022219062 0.7785245776 -0.9799504876 0.1816034615 0.0819583684 -0.0920256302 -0.7773988843 0.6222397685
149.5 62.7 2386.7 -0.0172971562 0.6024394035 0.7979772091 -0.9673069119 0.1918802261 -0.1658291370 -0.2530180514 -0.7747572064 0.5794247985
-131.7 -72.3 2396.5 0.9960179925 0.0673890188 -0.0583687648 -0.0669264644 0.9977093339 0.0098458370 0.0588985644 -0.0059002158 0.9982465506
-158.5 -469.0 2398.9 0.9982252717 0.0356868617 -0.0476734042 -0.0277184583 0.9869807959 0.1584317535 0.0527066626 -0.1568291485 0.9862183332
51.4 -74.0 2407.3 0.9989994764 -0.0266118236 -0.0359431170 0.0254495107 0.9991503954 -0.0324169584 0.0367752537 0.0314697884 0.9988279343
62.0 -471.2 2394.8 0.9986460209 -0.0319778919 -0.0410311259 0.0393734388 0.9801253676 0.1944325268 0.0339981019 -0.1957848072 0.9800573587
-261.6 -214.9 2304.5 0 0 0 0 0 0 0 0 0
144.7 -210.9 2315.2 0 0 0 0 0 0 0 0 0
-169.4 -769.5 2446.6 0 0 0 0 0 0 0 0 0
71.9 -772.9 2455.1 0 0 0 0 0 0 0 0 0
-36.5 521.3 2400.7 8 0.9989939332 0.0097320992 -0.0437769443 -0.0094138309 0.9999277592 0.0074705323 0.0438464880 -0.0070509077 0.9990134239
-38.4 320.6 2402.1 0.9989939332 0.0097320992 -0.0437769443 -0.0094138309 0.9999277592 0.0074705323 0.0438464880 -0.0070509077 0.9990134239
-40.5 121.8 2402.9 0.9989862442 0.0103605008 -0.0438076146 -0.0101766400 0.9999384284 0.0044179484 0.0438506901 -0.0039676554 0.9990302324
-179.0 322.0 2395.9 0.1956285983 -0.9687841535 -0.1522716582 0.9758319855 0.1768838912 0.1283123046 -0.0973725319 -0.1736931056 0.9799741507
-234.2 46.6 2423.4 0.0915992483 -0.9687841535 -0.2303622961 0.9064681530 0.1768838912 -0.3834417164 0.4122196734 -0.1736931056 0.8943744302
102.2 319.1 2408.3 0.1759168953 0.5948671103 0.7843381763 -0.9813848734 0.1683434546 0.0924348608 -0.0770517364 -0.7859984636 0.6134080291
148.8 58.9 2387.9 -0.0174926575 0.5958040953 0.8029392958 -0.9646310210 0.2011992633 -0.1703108847 -0.2630227208 -0.7775193453 0.5712116361
-132.7 -74.4 2398.3 0.9967465401 0.0656438768 -0.0467672534 -0.0654027611 0.9978366494 0.0066689653 0.0471038595 -0.0035885603 0.9988835454
-158.8 -471.2 2399.7 0.9984426498 0.0421656668 -0.0365287215 -0.0360489190 0.9873524308 0.1543879807 0.0425765961 -0.1528307199 0.9873347878
50.5 -76.1 2408.5 0.9993090630 -0.0285544842 -0.0237908736 0.0276870076 0.9989672303 -0.0360270515 0.0247950368 0.0353434607 0.9990676045
61.9 -473.3 2394.5 0.9989883304 -0.0336922407 -0.0297856405 0.0389260687 0.9795168042 0.1975640953 0.0225191601 -0.1985236555 0.9798373580
-260.4 -212.9 2305.4 0 0 0 0 0 0 0 0 0
143.9 -213.9 2313.5 0 0 0 0 0 0 0 0 0
-171.6 -770.7 2446.1 0 0 0 0 0 0 0 0 0
72.2 -773.8 2455.4 0 0 0 0 0 0 0 0 0
-37.0 522.6 2407.2 9 0.9987606406 0.0095195351 -0.0488519482 -0.0099710384 0.9999096990 -0.0090069193 0.0487617962 0.0094828615 0.9987654090
-38.9 321.6 2405.3 0.9987606406 0.0095195351 -0.0488519482 -0.0099710384 0.9999096990 -0.0090069193 0.0487617962 0.0094828615 0.9987654090
-41.1 122.9 2403.6 0.9987447262 0.0110987909 -0.0488443971 -0.0115162907 0.9998994470 -0.0082744295 0.0487476513 0.0088265492 0.9987721443
-179.5 323.3 2398.5 0.1902500689 -0.9690620303 -0.1572376639 0.9780894518 0.1733055115 0.1153527200 -0.0845337883 -0.1757383496 0.9808007479
-233.7 44.7 2422.5 0.0970758870 -0.9681175351 -0.2309213281 0.9045801163 0.1825902015 -0.3852215111 0.4151036739 -0.1714911163 0.8934649825
101.6 320.0 2412.2 0.1779295206 0.5987995863 0.7808842063 -0.9801133275 0.1786889434 0.0863024592 -0.0878574997 -0.7807108164 0.6186854839
149.3 57.5 2388.7 -0.0178913381 0.5994085670 0.8002432585 -0.9639793634 0.2020910382 -0.1729248911 -0.2653746605 -0.7745118141 0.5742018223
-134.2 -76.1 2399.7 0.9969451427 0.0587588511 -0.0514562912 -0.0588630587 0.9982659221 -0.0005108126 0.0513370484 0.0035381268 0.9986751080
-157.5 -473.0 2398.3 0.9980121255 0.0478888005 -0.0409685671 -0.0404886678 0.9853779674 0.1655021161 0.0482952222 -0.1635143608 0.9853581190
49.1 -77.9 2407.7 0.9990612864 -0.0317178890 -0.0295046661 0.0309211798 0.9991549850 -0.0270781294 0.0303385947 0.0261403900 0.9991977811
61.8 -475.2 2397.3 0.9987697601 -0.0345419385 -0.0355786644 0.0405827276 0.9816789031 0.1861707717 0.0284961257 -0.1873856187 0.9818730354
-261.5 -214.1 2303.8 0 0 0 0 0 0 0 0 0
144.2 -215.1 2313.6 0 0 0 0 0 0 0 0 0
-172.0 -770.5 2447.6 0 0 0 0 0 0 0 0 0
72.2 -772.5 2454.1 0 0 0 0 0 0 0 0 0
-37.4 524.7 2409.5 0 0.9988859296 0.0047273519 -0.0469529480 -0.0053314138 0.9999045134 -0.0127483737 0.0468881987 0.0129844965 0.9988157749
-38.4 324.1 2406.9 0.9988859296 0.0047273519 -0.0469529480 -0.0053314138 0.9999045134 -0.0127483737 0.0468881987 0.0129844965 0.9988157749
-39.5 125.3 2404.3 0.9988814592 0.0055763591 -0.0469542183 -0.0061928565 0.9998964071 -0.0129945371 0.0468768887 0.0132707832 0.9988124967
-179.0 325.0 2400.3 0.1912470460 -0.9690415263 -0.1561507732 0.9783682823 0.1754181385 0.1096541435 -0.0788677409 -0.1737439930 0.9816277027
-234.1 43.0 2423.0 0.0970890895 -0.9683138132 -0.2300913483 0.9040856361 0.1824741960 -0.3864353597 0.4161764383 -0.1705036312 0.8931549191
102.2 323.2 2413.5 0.1727506816 0.5989933014 0.7818978429 -0.9815258384 0.1709741652 0.0858768001 -0.0822446942 -0.7822881937 0.6174633503
148.9 57.7 2391.3 -0.0177969988 0.6000251770 0.7997831106 -0.9626637697 0.2058181763 -0.1758334339 -0.2701143920 -0.7730515599 0.5739595294
-135.0 -74.8 2397.4 0.9968057871 0.0630296618 -0.0490455739 -0.0628876612 0.9980107546 0.0044345693 0.0492275208 -0.0013360428 0.9987866879
-160.0 -471.6 2397.9 0.9985668063 0.0372751541 -0.0384051017 -0.0305432379 0.9861549735 0.1629891247 0.0439488254 -0.1615825146 0.9858801365
48.3 -77.0 2406.3 0.9990231395 -0.0346525051 -0.0274217352 0.0337092727 0.9988483191 -0.0341427326 0.0285732839 0.0331850164 0.9990407228
62.1 -474.1 2393.1 0.9987910986 -0.0348914936 -0.0346259438 0.0410047658 0.9798638821 0.1954107583 0.0271105375 -0.1965943575 0.9801100492
-261.9 -216.2 2303.7 0 0 0 0 0 0 0 0 0
143.9 -214.5 2314.9 0 0 0 0 0 0 0 0 0
-171.2 -767.5 2446.4 0 0 0 0 0 0 0 0 0
72.8 -774.3 2453.3 0 0 0 0 0 0 0 0 0
-38.4 523.0 2403.6 1 0.9988902807 0.0017036096 -0.0470675491 -0.0014768209 0.9999871254 0.0048527191 0.0470752120 -0.0047778236 0.9988799095
-38.8 322.1 2404.6 0.9988902807 0.0017036096 -0.0470675491 -0.0014768209 0.9999871254 0.0048527191 0.0470752120 -0.0047778236 0.9988799095
-39.2 123.3 2404.5 0.9988891482 0.0020422896 -0.0470770858 -0.0020558040 0.9999978542 -0.0002386526 0.0470764972 0.0003351687 0.9988912344
-179.4 322.4 2398.0 0.1959939152 -0.9670283794 -0.1626115590 0.9765502810 0.1774163693 0.1219547614 -0.0890837684 -0.1827007532 0.9791243672
-234.3 48.4 2423.0 0.0883635208 -0.9670283794 -0.2388472706 0.9065883160 0.1774163693 -0.3829113245 0.4126615226 -0.1827007532 0.8923737407
101.8 321.8 2411.2 0.1788819283 0.5960993767 0.7827303410 -0.9802336693 0.1763201207 0.0897394419 -0.0845174789 -0.7833114266 0.6158571839
149.3 61.7 2388.8 -0.0179154612 0.5967609882 0.8022190332 -0.9644409418 0.2012911588 -0.1712763011 -0.2636906207 -0.7767613530 0.5719344616
-132.2 -72.9 2397.3 0.9961063862 0.0731248856 -0.0492429100 -0.0723678693 0.9972333312 0.0169867743 0.0503488258 -0.0133570302 0.9986423850
-161.3 -469.3 2402.6 0.9987393022 0.0305183195 -0.0398557410 -0.0246705115 0.9898787737 0.1397547275 0.0437174328 -0.1385952681 0.9893836975
51.1 -74.0 2405.9 0.9993413687 -0.0240749307 -0.0271522179 0.0232160836 0.9992336035 -0.0315145105 0.0278901178 0.0308633856 0.9991344213
60.6 -471.3 2393.7 0.9987888932 -0.0374581255 -0.0318997167 0.0429919176 0.9797327518 0.1956411600 0.0239248443 -0.1967756599 0.9801566005
-259.6 -211.2 2304.8 0 0 0 0 0 0 0 0 0
144.2 -211.0 2314.2 0 0 0 0 0 0 0 0 0
-170.5 -765.9 2444.2 0 0 0 0 0 0 0 0 0
72.1 -771.9 2454.0 0 0 0 0 0 0 0 0 0
-38.8 522.8 2407.7 2 0.9993103147 0.0011755426 -0.0371144898 -0.0016480476 0.9999179840 -0.0127029857 0.0370965116 0.0127553912 0.9992302656
-39.0 321.6 2405.1 0.9993103147 0.0011755426 -0.0371144898 -0.0016480476 0.9999179840 -0.0127029857 0.0370965116 0.0127553912 0.9992302656
-39.4 122.8 2402.5 0.9993087649 0.0020995068 -0.0371156782 -0.0025995749 0.9999064207 -0.0134301065 0.0370840095 0.0135173080 0.9992207289
-179.6 321.9 2399.9 0.1961406022 -0.9685538411 -0.1530760825 0.9775704145 0.1809292585 0.1077994779 -0.0767136589 -0.1707865000 0.9823171496
-234.5 48.6 2421.4 0.0967490822 -0.9688689113 -0.2278874069 0.9119693637 0.1780074388 -0.3696284592 0.3986871839 -0.1720651239 0.9008008242
101.6 321.2 2410.4 0.1701964587 0.5916274786 0.7880419493 -0.9820542336 0.1677793711 0.0861366317 -0.0812563896 -0.7885600924 0.6095657349
147.0 59.2 2388.7 -0.0085440064 0.5924850106 0.8055361509 -0.9644945264 0.2077657729 -0.1630451381 -0.2639646530 -0.7783282399 0.5696734190
-131.2 -75.3 2400.2 0.9966592193 0.0717859343 -0.0389516130 -0.0715128779 0.9974046350 0.0083604334 0.0394506790 -0.0055469605 0.9992061257
-159.8 -471.8 2402.4 0.9988860488 0.0369778425 -0.0293143690 -0.0326081589 0.9899479151 0.1376220286 0.0341086648 -0.1365128309 0.9900509119
52.1 -75.7 2408.8 0.9995623231 -0.0237592608 -0.0176270436 0.0232902113 0.9993813038 -0.0263540763 0.0182422921 0.0259320047 0.9994972348
61.5 -473.0 2398.5 0.9991807342 -0.0337682478 -0.0223061219 0.0373705998 0.9814054370 0.1882731020 0.0155336969 -0.1889524460 0.9818633795
-262.2 -212.3 2307.3 0 0 0 0 0 0 0 0 0
144.6 -213.5 2314.0 0 0 0 0 0 0 0 0 0
-170.9 -770.2 2443.5 0 0 0 0 0 0 0 0 0
71.8 -773.1 2456.2 0 0 0 0 0 0 0 0 0
-39.3 523.1 2403.2 3 0.9997863173 0.0028605782 -0.0204718914 -0.0028158936 0.9999935627 0.0022112259 0.0204780847 -0.0021531067 0.9997879863
-39.9 322.2 2403.7 0.9997863173 0.0028605782 -0.0204718914 -0.0028158936 0.9999935627 0.0022112259 0.0204780847 -0.0021531067 0.9997879863
-40.6 123.4 2403.7 0.9997833967 0.0037198241 -0.0204778500 -0.0037124087 0.9999930263 0.0004001188 0.0204791948 -0.0003240100 0.9997902513
-180.6 322.7 2400.8 0.1929721236 -0.9712092876 -0.1396935880 0.9781275392 0.1791419089 0.1057104245 -0.0776419714 -0.1570373029 0.9845359325
-234.5 49.6 2422.5 0.0941800997 -0.9722438455 -0.2141774148 0.9142376781 0.1696208119 -0.3679649830 0.3940806687 -0.1611540914 0.9048368931
100.8 321.7 2406.6 0.1779856086 0.5783634782 0.7961261272 -0.9819103479 0.1574977487 0.1051026434 -0.0646005422 -0.8004312515 0.5959333777
148.4 59.0 2389.3 -0.0159943160 0.5796164274 0.8147324324 -0.9664576054 0.1999301016 -0.1612070352 -0.2563277781 -0.7899827361 0.5569769740
-131.5 -75.7 2396.4 0.9972488284 0.0704459846 -0.0230680723 -0.0702004805 0.9974690676 0.0112858163 0.0238047298 -0.0096353777 0.9996702075
-159.6 -472.3 2400.2 0.9991556406 0.0389403142 -0.0131010506 -0.0365550183 0.9881366491 0.1491633952 0.0187540986 -0.1485585421 0.9887257814
51.8 -76.2 2403.2 0.9996958375 -0.0246397424 -0.0010348603 0.0246265121 0.9996330142 -0.0112842144 0.0013125206 0.0112552978 0.9999358058
61.6 -473.6 2398.7 0.9993780255 -0.0347472504 -0.0060122819 0.0352552384 0.9808089733 0.1917573363 -0.0007661398 -0.1918500364 0.9814239740
-261.4 -211.9 2309.8 0 0 0 0 0 0 0 0 0
143.9 -214.3 2316.8 0 0 0 0 0 0 0 0 0
-171.3 -770.8 2445.1 0 0 0 0 0 0 0 0 0
72.3 -775.8 2457.8 0 0 0 0 0 0 0 0 0
-39.2 521.4 2400.5 4 0.9996672273 0.0012155010 -0.0257670730 -0.0009496759 0.9999462366 0.0103261936 0.0257782377 -0.0102982875 0.9996146560
-39.5 320.6 2402.6 0.9996672273 0.0012155010 -0.0257670730 -0.0009496759 0.9999462366 0.0103261936 0.0257782377 -0.0102982875 0.9996146560
-39.8 121.8 2404.0 0.9996663332 0.0017277391 -0.0257720426 -0.0015491147 0.9999746680 0.0069492939 0.0257833954 -0.0069070514 0.9996436834
-180.1 320.8 2399.0 0.1909961849 -0.9718245268 -0.1381215602 0.9773256779 0.1751711369 0.1189522222 -0.0914057717 -0.1577091664 0.9832460284
-234.5 42.5 2425.0 0.0931498334 -0.9718245268 -0.2165184021 0.9000532031 0.1751711369 -0.3990228772 0.4257079959 -0.1577091664 0.8910109401
101.2 320.4 2406.2 0.1806196123 0.5815572143 0.7932009697 -0.9816052914 0.1573141515 0.1081819013 -0.0618677661 -0.7981500030 0.5992736816
149.2 59.9 2389.8 -0.0176724661 0.5831544995 0.8121690154 -0.9640552402 0.2054458410 -0.1684919000 -0.2651135623 -0.7859534621 0.5585623980
-133.0 -75.0 2401.9 0.9973292351 0.0668031871 -0.0295248367 -0.0668029487 0.9977657199 0.0009954417 0.0295253675 0.0009795631 0.9995635748
-159.6 -471.7 2401.5 0.9991608262 0.0359282643 -0.0196665004 -0.0327374525 0.9890804887 0.1436943859 0.0246144421 -0.1429299712 0.9894266725
50.4 -75.7 2405.7 0.9995411634 -0.0297299363 -0.0057953028 0.0295905173 0.9993016720 -0.0228172448 0.0064696106 0.0226352904 0.9997228384
62.2 -473.0 2396.7 0.9995050430 -0.0290742107 -0.0120171178 0.0308375955 0.9810382128 0.1913453937 0.0062260353 -0.1916212589 0.9814491868
-261.2 -215.3 2303.1 0 0 0 0 0 0 0 0 0
144.2 -212.7 2314.8 0 0 0 0 0 0 0 0 0
-170.4 -768.7 2444.5 0 0 0 0 0 0 0 0 0
71.1 -774.1 2455.5 0 0 0 0 0 0 0 0 0
-37.5 522.8 2406.6 5 0.9993996024 0.0065108612 -0.0340301692 -0.0066463281 0.9999704361 -0.0038691780 0.0340039730 0.0040930305 0.9994133115
-38.8 322.4 2405.8 0.9993996024 0.0065108612 -0.0340301692 -0.0066463281 0.9999704361 -0.0038691780 0.0340039730 0.0040930305 0.9994133115
-40.3 123.6 2404.3 0.9993912578 0.0075731180 -0.0340544544 -0.0078266477 0.9999426007 -0.0073176888 0.0339970849 0.0075797667 0.9993931651
-179.5 323.5 2401.0 0.1914490461 -0.9703813791 -0.1473338306 0.9791614413 0.1784665734 0.0969152302 -0.0677505657 -0.1628179252 0.9843272567
-235.6 36.4 2420.9 0.1003495231 -0.9698139429 -0.2222405374 0.9000073075 0.1837058514 -0.3952707946 0.4241660237 -0.1603528708 0.8912744522
101.8 321.3 2410.6 0.1747484803 0.5890548229 0.7889723778 -0.9817280769 0.1655352861 0.0938513577 -0.0753191710 -0.7909566760 0.6072186828
148.8 57.5 2390.4 -0.0180649161 0.5903268456 0.8069621325 -0.9632694721 0.2060026973 -0.1722637415 -0.2679283023 -0.7804338932 0.5649224520
-131.8 -76.8 2403.0 0.9965975285 0.0737782344 -0.0367438383 -0.0737655163 0.9972741604 0.0017034904 0.0367693603 0.0010127340 0.9993232489
-161.2 -473.3 2402.6 0.9992309213 0.0295205843 -0.0258077942 -0.0254944935 0.9891911149 0.1443986595 0.0297915731 -0.1436296552 0.9891830087
51.6 -77.1 2407.7 0.9995941520 -0.0244246330 -0.0146613689 0.0241240747 0.9995020628 -0.0203383770 0.0151508255 0.0199764315 0.9996856451
61.3 -474.5 2399.8 0.9992443919 -0.0337569602 -0.0192640740 0.0366859660 0.9828669429 0.1806286871 0.0128365466 -0.1811989248 0.9833626747
-264.4 -221.7 2299.3 0 0 0 0 0 0 0 0 0
143.6 -214.9 2314.6 0 0 0 0 0 0 0 0 0
-170.1 -771.1 2445.8 0 0 0 0 0 0 0 0 0
71.6 -774.0 2455.0 0 0 0 0 0 0 0 0 0
-38.4 523.6 2409.7 6 0.9995932579 0.0104426593 -0.0265387110 -0.0107207429 0.9998888969 -0.0103578428 0.0264275987 0.0106381448 0.9995941520
-40.5 323.4 2407.6 0.9995932579 0.0104426593 -0.0265387110 -0.0107207429 0.9998888969 -0.0103578428 0.0264275987 0.0106381448 0.9995941520
-42.7 124.7 2404.8 0.9995828271 0.0113095725 -0.0265752021 -0.0116770230 0.9998378158 -0.0137125552 0.0264158081 0.0140171545 0.9995527864
-181.1 325.1 2403.9 0.1832589656 -0.9730584621 -0.1399048865 0.9810513854 0.1719187647 0.0893424898 -0.0628831908 -0.1536266953 0.9861260056
-233.8 43.2 2421.9 0.1018860489 -0.9722700715 -0.2104997635 0.9029462337 0.1791905910 -0.3906133473 0.4175012410 -0.1502719223 0.8961646557
100.2 321.8 2411.3 0.1837634146 0.5832496881 0.7912337184 -0.9800167084 0.1710643172 0.1015098318 -0.0761462748 -0.7940760255 0.6030298471
149.4 59.5 2390.9 -0.0188040417 0.5843856931 0.8112581372 -0.9629325867 0.2077901363 -0.1720002592 -0.2690859437 -0.7844212055 0.5588167310
-133.5 -74.4 2399.7 0.9971906543 0.0691240877 -0.0288561806 -0.0691404939 0.9976068139 0.0004301500 0.0288168583 0.0015661890 0.9995834827
-161.0 -471.0 2399.1 0.9992762804 0.0336507745 -0.0177360959 -0.0304821692 0.9873138666 0.1558273733 0.0227548052 -0.1551739573 0.9876250625
49.9 -75.8 2405.9 0.9995760322 -0.0281794462 -0.0073294891 0.0280068833 0.9993506670 -0.0226672683 0.0079634814 0.0224523824 0.9997162223
61.1 -473.2 2397.0 0.9991639853 -0.0387123749 -0.0131397573 0.0405042171 0.9809836149 0.1898171306 0.0055416152 -0.1901906580 0.9817315340
-263.0 -215.3 2302.4 0 0 0 0 0 0 0 0 0
144.1 -212.8 2314.8 0 0 0 0 0 0 0 0 0
-171.2 -769.0 2445.9 0 0 0 0 0 0 0 0 0
72.9 -774.1 2455.3 0 0 0 0 0 0 0 0 0
-38.1 521.5 2412.2 7 0.9998040199 0.0125250779 -0.0153296180 -0.0127836224 0.9997757077 -0.0168855377 0.0151146865 0.0170781966 0.9997398853
-40.6 321.4 2408.8 0.9998040199 0.0125250779 -0.0153296180 -0.0127836224 0.9997757077 -0.0168855377 0.0151146865 0.0170781966 0.9997398853
-43.5 122.6 2405.7 0.9997782707 0.0144511173 -0.0153139858 -0.0146918679 0.9997683764 -0.0157268252 0.0150831686 0.0159483291 0.9997590184
-181.3 323.4 2406.7 0.1902188659 -0.9733303785 -0.1282371283 0.9796835184 0.1797399968 0.0889593884 -0.0635375381 -0.1425535530 0.9877456427
-234.5 49.4 2424.5 0.0984253362 -0.9740766883 -0.2036836445 0.9038821459 0.1731302738 -0.3911814392 0.4163045287 -0.1456038505 0.8974909782
100.1 319.3 2410.9 0.1841614246 0.5753905177 0.7968753576 -0.9802007079 0.1675127894 0.1055747196 -0.0727401227 -0.8005405664 0.5948475599
148.9 59.5 2391.7 -0.0186465662 0.5767946243 0.8166763783 -0.9625437260 0.2106190920 -0.1707311422 -0.2704844475 -0.7892702818 0.5512627363
-136.7 -73.0 2399.6 0.9981927276 0.0574731342 -0.0175544228 -0.0575101525 0.9983436465 -0.0016109204 0.0174327623 0.0026175666 0.9998446107
-159.5 -469.9 2398.6 0.9992470741 0.0378967002 -0.0083151013 -0.0361502692 0.9872337580 0.1551215053 0.0140875420 -0.1547041088 0.9878603816
46.7 -75.2 2404.4 0.9993221164 -0.0366428047 0.0035512527 0.0366868153 0.9992390871 -0.0132410601 -0.0030633609 0.0133623686 0.9999060035
61.3 -472.4 2399.1 0.9992772937 -0.0378333330 -0.0036774962 0.0378696211 0.9825183749 0.1822732538 -0.0032827973 -0.1822807938 0.9832410216
-262.6 -209.2 2305.3 0 0 0 0 0 0 0 0 0
143.7 -212.8 2315.2 0 0 0 0 0 0 0 0 0
-170.9 -766.0 2444.9 0 0 0 0 0 0 0 0 0
72.9 -773.8 2455.0 0 0 0 0 0 0 0 0 0
-38.1 517.8 2405.0 8 0.9996660352 0.0156134386 -0.0205923673 -0.0156366099 0.9998772740 -0.0009646812 0.0205747783 0.0012863538 0.9997875094
-41.3 317.1 2404.8 0.9996660352 0.0156134386 -0.0205923673 -0.0156366099 0.9998772740 -0.0009646812 0.0205747783 0.0012863538 0.9997875094
-44.7 118.4 2403.5 0.9996362329 0.0173144117 -0.0206779577 -0.0174452234 0.9998288155 -0.0061625866 0.0205677170 0.0065210764 0.9997671843
-182.0 319.6 2401.9 0.1986422539 -0.9712955356 -0.1308671534 0.9765396714 0.1848272383 0.1104949862 -0.0831354707 -0.1497459412 0.9852231741
-236.3 52.5 2424.6 0.0856426358 -0.9736508727 -0.2113512158 0.9098398089 0.1628765911 -0.3816578984 0.4060257077 -0.1596095562 0.8998154998
99.4 314.7 2407.6 0.1817191839 0.5808045268 0.7935012579 -0.9816498160 0.1545819491 0.1116604581 -0.0578080826 -0.7992312312 0.5982371569
147.3 56.2 2392.4 -0.0068518617 0.5826587081 0.8126880527 -0.9608564973 0.2212579399 -0.1667325050 -0.2769618332 -0.7820190191 0.5583353639
-138.1 -74.8 2401.1 0.9981689453 0.0555172600 -0.0240114536 -0.0558071584 0.9983744621 -0.0115760909 0.0233297497 0.0128949061 0.9996446371
-160.1 -471.7 2396.0 0.9994084239 0.0315327309 -0.0137282219 -0.0288084000 0.9856010079 0.1666153818 0.0187843870 -0.1661213338 0.9859263897
45.4 -77.5 2403.9 0.9992129803 -0.0396461673 -0.0012805590 0.0396166481 0.9990519285 -0.0180482212 0.0019948878 0.0179832857 0.9998363256
61.2 -474.7 2396.7 0.9991343617 -0.0405357443 -0.0093479659 0.0415679365 0.9816124439 0.1863038838 0.0016241125 -0.1865311861 0.9824476838
-260.8 -207.8 2308.5 0 0 0 0 0 0 0 0 0
145.3 -215.5 2314.1 0 0 0 0 0 0 0 0 0
-169.6 -768.7 2446.0 0 0 0 0 0 0 0 0 0
73.6 -775.0 2453.8 0 0 0 0 0 0 0 0 0
-38.4 519.5 2402.4 9 0.9998004436 0.0175037943 -0.0096292263 -0.0174732506 0.9998420477 0.0032470434 0.0096845413 -0.0030781415 0.9999483824
-41.9 318.4 2403.0 0.9998004436 0.0175037943 -0.0096292263 -0.0174732506 0.9998420477 0.0032470434 0.0096845413 -0.0030781415 0.9999483824
-45.8 119.6 2403.2 0.9997589588 0.0197133534 -0.0096660703 -0.0197020099 0.9998050928 0.0012674443 0.0096891718 -0.0010766978 0.9999524951
-182.6 321.2 2401.7 0.1893060803 -0.9725490808 -0.1353201568 0.9782581329 0.1749131680 0.1114288867 -0.0847007856 -0.1534722000 0.9845161438
-235.5 47.8 2425.3 0.0950375944 -0.9725490808 -0.2124057263 0.9005886316 0.1749131680 -0.3979264498 0.4241555631 -0.1534722000 0.8924899697
98.8 315.6 2404.4 0.1743808538 0.5736740828 0.8003057837 -0.9835886955 0.1397065520 0.1141726151 -0.0463100970 -0.8070812225 0.5886214972
146.0 49.7 2391.9 -0.0010542319 0.5757830143 0.8176018596 -0.9625553489 0.2210540175 -0.1569149047 -0.2710831165 -0.7871524692 0.5539900064
-139.9 -78.8 2400.3 0.9987343550 0.0485635474 -0.0130885011 -0.0486394949 0.9988009930 -0.0055481652 0.0128033692 0.0061777611 0.9998989701
-159.2 -475.9 2397.8 0.9993979335 0.0343701206 -0.0047420110 -0.0331449434 0.9861740470 0.1623644531 0.0102569330 -0.1621095091 0.9867194891
43.6 -82.0 2404.1 0.9989805818 -0.0441040546 0.0096246460 0.0441883802 0.9989850521 -0.0087319082 -0.0092297643 0.0091483044 0.9999155402
61.1 -479.2 2400.4 0.9993599653 -0.0357631408 0.0008127443 0.0349817574 0.9817708135 0.1868216395 -0.0074792570 -0.1866736263 0.9823935032
-262.6 -209.7 2304.0 0 0 0 0 0 0 0 0 0
145.7 -222.5 2315.2 0 0 0 0 0 0 0 0 0
-169.4 -769.5 2446.1 0 0 0 0 0 0 0 0 0
71.8 -774.6 2456.6 0 0 0 0 0 0 0 0 0
-39.0 521.9 2400.1 0 0.9998013377 0.0131259803 -0.0150004895 -0.0129579185 0.9998527765 0.0112465555 0.0151459035 -0.0110499458 0.9998242259
-41.7 320.8 2402.3 0.9998013377 0.0131259803 -0.0150004895 -0.0129579185 0.9998527765 0.0112465555 0.0151459035 -0.0110499458 0.9998242259
-44.4 122.1 2403.8 0.9997943044 0.0135982614 -0.0150462426 -0.0134816766 0.9998785257 0.0078229560 0.0151507929 -0.0076184985 0.9998561740
-182.4 322.7 2400.2 0.1987615228 -0.9697951674 -0.1413900405 0.9761630893 0.1830699444 0.1165804267 -0.0871748701 -0.1611914337 0.9830655456
-237.8 50.3 2424.5 0.0862827376 -0.9713914990 -0.2212552577 0.9087944031 0.1677407771 -0.3820415139 0.4082253873 -0.1681119502 0.8972682953
99.0 318.9 2404.4 0.1674695313 0.5777963400 0.7988149524 -0.9848976731 0.1341627836 0.1094390899 -0.0439377315 -0.8050786853 0.5915384293
144.8 50.0 2392.4 -0.0017597768 0.5798355341 0.8147316575 -0.9649419785 0.2128483355 -0.1535660177 -0.2624573112 -0.7864390612 0.5591330528
-141.4 -77.3 2402.6 0.9986408949 0.0484685078 -0.0191628169 -0.0487627648 0.9986947775 -0.0151984021 0.0184011608 0.0161121767 0.9997008443
-160.7 -474.4 2396.2 0.9995245337 0.0291362852 -0.0100877974 -0.0270663891 0.9858313799 0.1655411124 0.0147681199 -0.1651893556 0.9861512780
42.0 -80.9 2404.3 0.9985895753 -0.0529173948 0.0043097539 0.0529269949 0.9985960722 -0.0021447830 -0.0041902070 0.0023698604 0.9999884367
63.1 -477.9 2403.4 0.9995723367 -0.0288188048 -0.0049667284 0.0292436071 0.9847148657 0.1717015952 -0.0000574232 -0.1717734039 0.9851365089
-262.5 -209.5 2307.8 0 0 0 0 0 0 0 0 0
144.3 -222.9 2318.2 0 0 0 0 0 0 0 0 0
-169.4 -768.7 2445.5 0 0 0 0 0 0 0 0 0
71.7 -771.9 2454.7 0 0 0 0 0 0 0 0 0
-38.7 520.6 2399.4 1 0.9996963739 0.0131640760 -0.0208308492 -0.0128527591 0.9998047352 0.0150089934 0.0210243613 -0.0147367017 0.9996703267
-41.4 319.9 2402.4 0.9996963739 0.0131640760 -0.0208308492 -0.0128527591 0.9998047352 0.0150089934 0.0210243613 -0.0147367017 0.9996703267
-44.2 121.1 2404.3 0.9996827841 0.0140506513 -0.0209027175 -0.0138496840 0.9998567700 0.0097283181 0.0210364126 -0.0094357356 0.9997341633
-182.1 321.8 2399.4 0.1930104196 -0.9718811512 -0.1348852664 0.9763882756 0.1766481251 0.1243436858 -0.0970200524 -0.1557000130 0.9830282927
-235.7 50.5 2426.4 0.0968878716 -0.9718811512 -0.2146154642 0.9026527405 0.1766481251 -0.3924455345 0.4193218350 -0.1557000130 0.8943862319
99.3 317.9 2405.4 0.1802178621 0.5803635716 0.7941660285 -0.9825004935 0.1448358297 0.1171124130 -0.0470559150 -0.8013742566 0.5963094831
147.4 55.7 2392.8 -0.0101734726 0.5822222233 0.8129660487 -0.9650124907 0.2073078454 -0.1605439186 -0.2620064616 -0.7861557007 0.5597426295
-138.8 -75.5 2404.0 0.9980003238 0.0582017116 -0.0246560890 -0.0583747029 0.9982745051 -0.0063549359 0.0242436770 0.0077815200 0.9996758103
-161.9 -472.4 2400.9 0.9995969534 0.0240496397 -0.0150828091 -0.0214704908 0.9880639315 0.1525407284 0.0185713284 -0.1521554142 0.9881820679
44.7 -78.0 2406.7 0.9988903999 -0.0470925905 -0.0005002380 0.0470712185 0.9986637235 -0.0213325433 0.0015041742 0.0212853272 0.9997723103
63.4 -474.9 2398.3 0.9996128082 -0.0258329362 -0.0103368238 0.0273162425 0.9817944169 0.1879720688 0.0052927658 -0.1881816536 0.9821199775
-263.4 -207.6 2306.5 0 0 0 0 0 0 0 0 0
144.5 -217.2 2318.7 0 0 0 0 0 0 0 0 0
-169.1 -766.9 2446.2 0 0 0 0 0 0 0 0 0
71.2 -773.5 2455.5 0 0 0 0 0 0 0 0 0
-38.0 523.0 2406.1 2 0.9996366501 0.0163769405 -0.0214104205 -0.0163668953 0.9998658299 0.0006443438 0.0214181002 -0.0002936875 0.9997705817
-41.3 322.7 2406.2 0.9996366501 0.0163769405 -0.0214104205 -0.0163668953 0.9998658299 0.0006443438 0.0214181002 -0.0002936875 0.9997705817
-44.7 123.9 2405.7 0.9996205568 0.0172755346 -0.0214559305 -0.0173236765 0.9998478293 -0.0020599843 0.0214170776 0.0024308981 0.9997676611
-182.0 325.1 2403.2 0.1990705580 -0.9635555744 -0.1786941141 0.9761839509 0.1789290458 0.1226755828 -0.0862311721 -0.1988594234 0.9762269855
-237.7 51.8 2427.3 0.0823290125 -0.9635555744 -0.2545242608 0.9056473970 0.1789290458 -0.3844310045 0.4159623981 -0.1988594234 0.8873726130
99.4 320.2 2409.2 0.1825172007 0.5791894794 0.7944979668 -0.9807793498 0.1639526188 0.1057894081 -0.0689879134 -0.7985355854 0.5979812741
148.6 56.1 2390.6 -0.0135143474 0.5799704790 0.8145254254 -0.9679957032 0.1965710819 -0.1560261399 -0.2506026924 -0.7905656695 0.5587523580
-138.7 -76.4 2404.2 0.9983183742 0.0525417812 -0.0244904403 -0.0526702031 0.9986012578 -0.0046280040 0.0242130216 0.0059101377 0.9996893406
-159.6 -473.4 2401.9 0.9993957281 0.0307648294 -0.0161778722 -0.0280374084 0.9885970354 0.1479522139 0.0205451213 -0.1474092305 0.9888621569
44.8 -78.9 2408.1 0.9989661574 -0.0454308987 -0.0016122265 0.0453820825 0.9987065196 -0.0229297820 0.0026518616 0.0228329115 0.9997357726
62.8 -476.0 2399.0 0.9995262027 -0.0287124589 -0.0110880192 0.0302785169 0.9819559455 0.1866699904 0.0055281920 -0.1869172752 0.9823601246
-261.3 -207.2 2308.4 0 0 0 0 0 0 0 0 0
144.7 -217.6 2319.7 0 0 0 0 0 0 0 0 0
-168.8 -771.2 2446.3 0 0 0 0 0 0 0 0 0
71.5 -773.1 2455.6 0 0 0 0 0 0 0 0 0
-37.8 523.2 2409.9 3 0.9997417331 0.0184534229 -0.0132643264 -0.0185459275 0.9998043180 -0.0068851183 0.0131346770 0.0071293395 0.9998883009
-41.5 323.0 2408.5 0.9997417331 0.0184534229 -0.0132643264 -0.0185459275 0.9998043180 -0.0068851183 0.0131346770 0.0071293395 0.9998883009
-45.4 124.3 2406.8 0.9997197390 0.0195901170 -0.0132926293 -0.0197024439 0.9997708201 -0.0083727157 0.0131255602 0.0086322660 0.9998766184
-182.2 325.8 2406.7 0.1949146092 -0.9656190872 -0.1720116884 0.9779723287 0.1779818833 0.1090529412 -0.0746886432 -0.1894786805 0.9790400863
-236.4 53.9 2427.4 0.0837294087 -0.9657382965 -0.2456399351 0.9053704739 0.1767040342 -0.3861086965 0.4162855148 -0.1900665015 0.8891462684
99.2 320.3 2410.4 0.1877037883 0.5730307102 0.7977488041 -0.9796780348 0.1676818132 0.1100627780 -0.0706986114 -0.8021961451 0.5928600430
149.2 59.1 2391.5 -0.0156469084 0.5737769008 0.8188621402 -0.9677165747 0.1973490864 -0.1567737758 -0.2515548766 -0.7948794961 0.5521655083
-139.9 -73.3 2403.2 0.9986764193 0.0488201156 -0.0161874499 -0.0489561930 0.9987679124 -0.0081192926 0.0157711208 0.0089010224 0.9998360276
-159.3 -470.4 2399.7 0.9994045496 0.0335238129 -0.0081658158 -0.0318971500 0.9878926277 0.1518245786 0.0131566888 -0.1514737159 0.9883736968
43.6 -76.4 2407.2 0.9988964796 -0.0465735458 0.0060588177 0.0466830246 0.9987214804 -0.0193942990 -0.0051478101 0.0196557418 0.9997935295
62.1 -473.5 2399.3 0.9994241595 -0.0337773897 -0.0032345483 0.0338143595 0.9834988117 0.1777264476 -0.0028219612 -0.1777334809 0.9840745926
-260.3 -204.9 2308.4 0 0 0 0 0 0 0 0 0
144.8 -214.6 2320.4 0 0 0 0 0 0 0 0 0
-169.4 -767.9 2445.3 0 0 0 0 0 0 0 0 0
72.3 -771.6 2453.2 0 0 0 0 0 0 0 0 0
-39.0 523.6 2412.4 4 0.9998291135 0.0157416184 -0.0096935658 -0.0158754736 0.9997774959 -0.0138901873 0.0094727548 0.0140417032 0.9998565316
-42.1 322.9 2409.5 0.9998291135 0.0157416184 -0.0096935658 -0.0158754736 0.9997774959 -0.0138901873 0.0094727548 0.0140417032 0.9998565316
-45.9 124.1 2406.8 0.9997732639 0.0189617556 -0.0096887322 -0.0190927517 0.9997250438 -0.0136116510 0.0094279675 0.0137935495 0.9998604059
-182.8 325.6 2408.2 0.1967649311 -0.9657766223 -0.1689941585 0.9781253934 0.1814963818 0.1016355157 -0.0674853772 -0.1852957904 0.9803627729
-237.0 56.0 2426.8 0.0836039707 -0.9665226340 -0.2425786555 0.9088788629 0.1737730354 -0.3791334331 0.4085946679 -0.1887775362 0.8929800987
98.6 320.2 2410.9 0.1811567396 0.5704281330 0.8011204600 -0.9802784324 0.1701481491 0.1005176604 -0.0789710581 -0.8035305738 0.5900018811
147.0 58.3 2389.8 -0.0060046953 0.5707496405 0.8211022019 -0.9706367254 0.1941351593 -0.1420419365 -0.2404751927 -0.7978448272 0.5528247952
-141.0 -72.7 2403.9 0.9988119006 0.0470930338 -0.0125310449 -0.0472465791 0.9988080859 -0.0122530665 0.0119390748 0.0128305582 0.9998463988
-159.7 -469.8 2398.8 0.9994691610 0.0322513245 -0.0046061184 -0.0311736092 0.9878319502 0.1523686349 0.0094641615 -0.1521441638 0.9883130193
42.4 -76.3 2406.3 0.9988052249 -0.0479692928 0.0093335677 0.0481277481 0.9986867309 -0.0175654832 -0.0084787067 0.0179936998 0.9998021722
61.5 -473.4 2399.1 0.9992614985 -0.0384232067 -0.0002695232 0.0378513746 0.9831349850 0.1789215058 -0.0066097607 -0.1787995845 0.9838632941
-260.9 -203.9 2310.0 0 0 0 0 0 0 0 0 0
145.3 -216.2 2321.8 0 0 0 0 0 0 0 0 0
-169.5 -767.4 2444.6 0 0 0 0 0 0 0 0 0
73.2 -773.2 2453.7 0 0 0 0 0 0 0 0 0
-37.8 522.3 2413.6 5 0.9998212457 0.0126823606 -0.0140229473 -0.0129069695 0.9997879863 -0.0160444826 0.0138164926 0.0162226092 0.9997729659
-40.4 322.0 2410.3 0.9998212457 0.0126823606 -0.0140229473 -0.0129069695 0.9997879863 -0.0160444826 0.0138164926 0.0162226092 0.9997729659
-43.4 123.2 2407.2 0.9997865558 0.0151799265 -0.0140155479 -0.0153970160 0.9997611046 -0.0155134434 0.0137767065 0.0157259293 0.9997814298
-181.1 324.1 2408.4 0.2001577020 -0.9643839598 -0.1729174256 0.9774478674 0.1844226271 0.1028784588 -0.0673244521 -0.1896096766 0.9795486927
-236.3 54.8 2426.9 0.0891214833 -0.9646788836 -0.2478950620 0.9069501162 0.1814741343 -0.3801428378 0.4117023349 -0.1909495592 0.8910889030
100.3 319.8 2412.3 0.1681338549 0.5755807757 0.8002735376 -0.9827685952 0.1611158550 0.0905958712 -0.0767915100 -0.8017159104 0.5927517414
145.4 56.2 2391.7 -0.0054722871 0.5763052106 0.8172162175 -0.9681550264 0.2014952153 -0.1485785097 -0.2502917349 -0.7920050621 0.5568501353
-141.4 -72.9 2403.2 0.9988644719 0.0446468778 -0.0166263673 -0.0447974280 0.9989573956 -0.0087952232 0.0162163526 0.0095300544 0.9998230934
-159.2 -470.1 2399.4 0.9994239211 0.0326758996 -0.0091717485 -0.0308870915 0.9877126217 0.1531985551 0.0140649527 -0.1528270096 0.9881528616
42.1 -76.4 2404.9 0.9986956120 -0.0508442074 0.0046813246 0.0509003513 0.9986220002 -0.0127773676 -0.0040252185 0.0129989823 0.9999074340
62.3 -473.4 2399.8 0.9993553758 -0.0355400853 -0.0050706710 0.0358759053 0.9834998846 0.1773158461 -0.0013148161 -0.1773834676 0.9841409326
-261.7 -204.6 2309.2 0 0 0 0 0 0 0 0 0
143.9 -217.6 2320.9 0 0 0 0 0 0 0 0 0
-169.1 -771.9 2446.1 0 0 0 0 0 0 0 0 0
73.1 -772.6 2453.7 0 0 0 0 0 0 0 0 0
-38.6 523.3 2412.7 6 0.9999108315 0.0085700089 -0.0102436244 -0.0086964844 0.9998857379 -0.0123665826 0.0101364721 0.0124545628 0.9998710752
-40.3 322.9 2410.2 0.9999108315 0.0085700089 -0.0102436244 -0.0086964844 0.9998857379 -0.0123665826 0.0101364721 0.0124545628 0.9998710752
-42.3 124.1 2407.5 0.9998972416 0.0100172283 -0.0102527766 -0.0101537490 0.9998593330 -0.0133512318 0.0101175914 0.0134539641 0.9998583198
-181.0 324.4 2408.8 0.1950101405 -0.9657096267 -0.1713941544 0.9788312912 0.1805538684 0.0963826329 -0.0621317625 -0.1865615547 0.9804766178
-236.8 44.6 2426.5 0.0991358384 -0.9647971392 -0.2435950190 0.9047575593 0.1893010437 -0.3815480173 0.4142292440 -0.1825693548 0.8916740417
100.4 321.5 2411.6 0.1761408150 0.5722687244 0.8009262681 -0.9819122553 0.1595477611 0.1019452438 -0.0694459155 -0.8043960333 0.5900205374
147.8 57.4 2392.9 -0.0114630898 0.5732796192 0.8192796111 -0.9673817158 0.2009991556 -0.1541816890 -0.2530637383 -0.7943235040 0.5522761345
-138.2 -74.1 2402.8 0.9984050393 0.0549552292 -0.0129325176 -0.0550534725 0.9984562397 -0.0073670149 0.0125076966 0.0080672447 0.9998892546
-160.0 -471.1 2399.6 0.9995608926 0.0293682683 -0.0039345529 -0.0284196585 0.9877933264 0.1531557590 0.0083844448 -0.1529766917 0.9881942272
45.3 -76.9 2405.3 0.9990821481 -0.0419925861 0.0084560467 0.0420848876 0.9990529418 -0.0110505261 -0.0079839984 0.0113962553 0.9999032021
62.0 -474.2 2400.8 0.9993557334 -0.0358873904 0.0004217670 0.0352481231 0.9836309552 0.1767135113 -0.0067566494 -0.1765847951 0.9842622280
-265.2 -214.6 2307.8 0 0 0 0 0 0 0 0 0
144.5 -216.2 2321.4 0 0 0 0 0 0 0 0 0
-168.9 -770.1 2445.9 0 0 0 0 0 0 0 0 0
72.9 -773.4 2454.5 0 0 0 0 0 0 0 0 0
