-126.3 441.3 2693.5  0.9815049767 -0.0403985567 -0.1871253550 0.0079328995 0.9852233529 -0.1710907668 0.1912720799 0.1664420068 0.9673221111
-116.7 205.7 2653.7 0.9815049767 -0.0403985567 -0.1871253550 0.0079328995 0.9852233529 -0.1710907668 0.1912720799 0.1664420068 0.9673221111
-123.3 13.5 2679.8 0.9815546870 0.0342029110 -0.1880972683 -0.0079072369 0.9902877808 0.1388076544 0.1910180449 -0.1347599626 0.9722920656
-250.7 206.8 2627.6 0.4672410786 -0.8406491876 -0.2738515735 0.1850233376 0.3958544433 -0.8994807601 0.8645531535 0.3696054220 0.3404991627
-337.9 172.3 2466.3 -0.5069720745 -0.8406491876 -0.1904946268 -0.8152338266 0.3958544433 0.4227209985 -0.2799519300 0.3696054220 -0.8860128522
17.4 204.6 2679.7 0.1473760456 0.4624793828 0.8742957711 -0.9884024262 0.1015900970 0.1128720045 -0.0366188213 -0.8807907104 0.4720877111
54.4 -43.3 2670.6 -0.2059684396 0.4924274087 0.8456313014 -0.9112666845 0.2184001505 -0.3491337299 -0.3566090167 -0.8425061703 0.4037491679
-219.8 -172.9 2685.4 0.9312582612 0.0016933109 0.3643558025 0.0163266174 0.9987908602 -0.0463710502 -0.3639937639 0.0491321236 0.9301046133
-220.5 -560.6 2666.3 0.9290344715 -0.0742153451 0.3624735177 0.0562018901 0.9966145754 0.0600060411 -0.3656997681 -0.0353759825 0.9300603271
-44.4 -178.4 2721.3 0.9728512168 0.0686509833 0.2210147828 -0.0496184342 0.9946551323 -0.0905491561 -0.2260497808 0.0771244466 0.9710578322
-71.1 -564.6 2691.4 0.9682841301 -0.1168380156 0.2208498865 0.1401424408 0.9857607484 -0.0929290429 -0.2068475038 0.1209321618 0.9708704948
-202.5 389.9 2541.0 0 0 0 0 0 0 0 0 0
2.1 -274.7 2580.0 0 0 0 0 0 0 0 0 0
-200.9 -823.4 2675.6 0 0 0 0 0 0 0 0 0
-38.0 -843.8 2657.2 0 0 0 0 0 0 0 0 0
-127.4 440.0 2694.2  0.9823122621 -0.0352956280 -0.1838934124 0.0029036941 0.9848273993 -0.1735123098 0.1872275025 0.1699092984 0.9675105810
-119.0 205.4 2653.7 0.9823122621 -0.0352956280 -0.1838934124 0.0029036941 0.9848273993 -0.1735123098 0.1872275025 0.1699092984 0.9675105810
-122.9 12.9 2677.4 0.9823108315 0.0201687235 -0.1861683875 0.0030951451 0.9922982454 0.1238329634 0.1872321218 -0.1222186834 0.9746828675
-253.2 205.0 2628.2 0.4484898150 -0.8521291614 -0.2696902454 0.1673085392 0.3764448762 -0.9112064242 0.8779890537 0.3635453284 0.3114001751
-336.4 174.0 2465.3 -0.4847807586 -0.8521291614 -0.1971384287 -0.8294870853 0.3764448762 0.4126020670 -0.2773784697 0.3635453284 -0.8893233538
15.1 205.9 2679.3 0.1433885396 0.4616441131 0.8753995895 -0.9892386198 0.0928644389 0.1130628288 -0.0290987045 -0.8821909428 0.4699918628
51.3 -43.4 2672.0 -0.1866389960 0.4940325916 0.8491746783 -0.9145793915 0.2282740921 -0.3338194489 -0.3587622643 -0.8389414549 0.4092271924
-217.8 -177.9 2688.8 0.9295688868 -0.0000395381 0.3686484993 0.0251321793 0.9976802468 -0.0632652640 -0.3677908182 0.0680743605 0.9274134636
-217.8 -565.2 2662.4 0.9284734130 -0.0629354939 0.3660276532 0.0455973856 0.9973984957 0.0558313169 -0.3685891926 -0.0351479910 0.9289276600
-42.0 -179.4 2723.0 0.9708662629 0.0771929324 0.2268479168 -0.0586157665 0.9944360852 -0.0875272378 -0.2323422432 0.0716803819 0.9699891806
-72.0 -565.4 2695.2 0.9667130113 -0.1210840493 0.2253986448 0.1478117555 0.9833515882 -0.1056943089 -0.2088482380 0.1354926378 0.9685164690
-207.0 395.3 2539.3 0 0 0 0 0 0 0 0 0
3.9 -275.5 2580.9 0 0 0 0 0 0 0 0 0
-201.8 -818.4 2671.3 0 0 0 0 0 0 0 0 0
-37.4 -846.6 2656.5 0 0 0 0 0 0 0 0 0
-127.6 437.7 2695.1  0.9820345640 -0.0439518988 -0.1835111082 0.0082677687 0.9815842509 -0.1908508837 0.1885198653 0.1859049350 0.9643130302
-117.2 206.4 2651.3 0.9820345640 -0.0439518988 -0.1835111082 0.0082677687 0.9815842509 -0.1908508837 0.1885198653 0.1859049350 0.9643130302
-123.6 14.1 2677.2 0.9821212888 0.0330151692 -0.1853313744 -0.0073734988 0.9904919267 0.1373733282 0.1881046295 -0.1335507333 0.9730266333
-251.4 207.4 2625.6 0.4752323329 -0.8442988396 -0.2476159483 0.1902318597 0.3733657002 -0.9079701900 0.8590494990 0.3843923509 0.3380480111
-338.2 172.6 2468.6 -0.4920701981 -0.8442988396 -0.2121941745 -0.8242188096 0.3733657002 0.4257480800 -0.2802325785 0.3843923509 -0.8796091080
16.9 205.4 2677.0 0.1467766464 0.4615819752 0.8748706579 -0.9888635278 0.0904734209 0.1181673631 -0.0246086214 -0.8824719191 0.4697209597
53.4 -40.1 2670.9 -0.1800378710 0.4911810458 0.8522484899 -0.9210880995 0.2198956609 -0.3213139176 -0.3452290595 -0.8428446054 0.4128314853
-214.8 -180.0 2684.4 0.9301658869 0.0066681346 0.3670789301 0.0152216377 0.9982749224 -0.0567051880 -0.3668237925 0.0583327748 0.9284597635
-217.4 -567.4 2661.7 0.9289703965 -0.0610167384 0.3650904298 0.0391272157 0.9969811440 0.0670642480 -0.3680803180 -0.0480157249 0.9285534024
-38.9 -179.4 2717.9 0.9714908600 0.0769432336 0.2242435962 -0.0585420020 0.9944347143 -0.0875922740 -0.2297352552 0.0719674230 0.9705886841
-68.7 -565.5 2690.0 0.9681328535 -0.1117083728 0.2241427451 0.1344572008 0.9869241714 -0.0888931304 -0.2112817913 0.1161979660 0.9704937339
-205.8 394.5 2544.1 0 0 0 0 0 0 0 0 0
7.7 -273.9 2583.3 0 0 0 0 0 0 0 0 0
-201.8 -823.1 2674.0 0 0 0 0 0 0 0 0 0
-36.8 -847.6 2656.8 0 0 0 0 0 0 0 0 0
-128.3 435.6 2694.5  0.9815843105 -0.0498430803 -0.1844124347 0.0130430609 0.9805949330 -0.1956105083 0.1905837208 0.1896028966 0.9631866813
-116.6 206.4 2650.2 0.9815843105 -0.0498430803 -0.1844124347 0.0130430609 0.9805949330 -0.1956105083 0.1905837208 0.1896028966 0.9631866813
-123.7 14.1 2674.9 0.9817518592 0.0365286060 -0.1866250336 -0.0117755318 0.9911719561 0.1320587993 0.1898014247 -0.1274513602 0.9735150337
-250.7 208.1 2624.3 0.4995440841 -0.8319936395 -0.2413344383 0.2242301404 0.3932734728 -0.8916596174 0.8367655277 0.3913088143 0.3830154836
-342.6 166.8 2470.4 -0.5086072087 -0.8319936395 -0.2215971351 -0.8224195242 0.3932734728 0.4110500216 -0.2548427284 0.3913088143 -0.8842695355
17.5 204.8 2676.2 0.1436558217 0.4635612667 0.8743420243 -0.9891863465 0.0936445370 0.1128761917 -0.0295523256 -0.8811025023 0.4720010757
53.2 -40.9 2668.8 -0.1847510934 0.4927128851 0.8503534794 -0.9195652008 0.2186545134 -0.3264813721 -0.3467952013 -0.8422732353 0.4126849473
-218.0 -177.4 2686.3 0.9308631420 -0.0108504901 0.3652068377 0.0261283629 0.9989767075 -0.0369175561 -0.3644325435 0.0439074486 0.9301940799
-213.8 -565.1 2669.2 0.9304641485 -0.0497884005 0.3629843295 0.0348406248 0.9982579350 0.0476155952 -0.3647226691 -0.0316580012 0.9305778742
-42.1 -178.7 2720.0 0.9719391465 0.0741720349 0.2232326716 -0.0573248789 0.9950614572 -0.0810340270 -0.2281406969 0.0659633577 0.9713910818
-70.9 -565.0 2694.4 0.9678774476 -0.1184196472 0.2217882276 0.1433511823 0.9846208692 -0.0998606235 -0.2065518647 0.1284464449 0.9699679613
-208.4 383.9 2537.6 0 0 0 0 0 0 0 0 0
6.3 -274.3 2580.8 0 0 0 0 0 0 0 0 0
-201.0 -821.3 2677.3 0 0 0 0 0 0 0 0 0
-37.1 -845.4 2657.8 0 0 0 0 0 0 0 0 0
-128.8 435.2 2694.2  0.9808385372 -0.0581354611 -0.1859464198 0.0208832268 0.9803143144 -0.1963358521 0.1937000155 0.1886906028 0.9627440572
-115.2 206.4 2650.2 0.9808385372 -0.0581354611 -0.1859464198 0.0208832268 0.9803143144 -0.1963358521 0.1937000155 0.1886906028 0.9627440572
-123.0 14.0 2675.4 0.9811635613 0.0399259776 -0.1890077889 -0.0143026058 0.9907373786 0.1350365579 0.1926485598 -0.1297896504 0.9726464748
-249.3 208.3 2623.9 0.5120646358 -0.8226317167 -0.2471171170 0.2366230339 0.4116655588 -0.8800801039 0.8257114291 0.3921842873 0.4054529965
-344.2 164.4 2470.8 -0.5228576660 -0.8226317167 -0.2233761698 -0.8187093139 0.4116655588 0.4003080726 -0.2373498380 0.3921842873 -0.8887387514
18.8 204.4 2676.5 0.1275027394 0.4669843912 0.8750249147 -0.9914243221 0.0854916126 0.0988384038 -0.0286513027 -0.8801231384 0.4738800824
50.7 -43.2 2669.4 -0.1877082884 0.4996653199 0.8456359506 -0.9161635041 0.2213379294 -0.3341465890 -0.3541327715 -0.8374629021 0.4162281752
-218.7 -177.3 2682.7 0.9319598079 -0.0092210863 0.3624442518 0.0245937239 0.9989817739 -0.0378228240 -0.3617264330 0.0441632085 0.9312376380
-215.2 -565.0 2665.5 0.9313020706 -0.0538066328 0.3602517247 0.0384657942 0.9980269670 0.0496241786 -0.3622110486 -0.0323577300 0.9315342903
-42.8 -179.4 2716.7 0.9723975062 0.0777857155 0.2199828476 -0.0609992594 0.9947549701 -0.0821072906 -0.2252158076 0.0664221346 0.9720421433
-73.0 -565.6 2690.9 0.9674188495 -0.1253340840 0.2199821472 0.1463896036 0.9858128428 -0.0821162313 -0.2065692693 0.1116438806 0.9720415473
-209.8 374.8 2531.8 0 0 0 0 0 0 0 0 0
3.0 -275.8 2579.5 0 0 0 0 0 0 0 0 0
-201.4 -821.1 2673.8 0 0 0 0 0 0 0 0 0
-37.0 -848.9 2658.8 0 0 0 0 0 0 0 0 0
-128.7 436.3 2694.6  0.9820635915 -0.0600004159 -0.1787485480 0.0236300007 0.9797080159 -0.1990322471 0.1870633960 0.1912384927 0.9635533690
-114.6 206.3 2649.7 0.9820635915 -0.0600004159 -0.1787485480 0.0236300007 0.9797080159 -0.1990322471 0.1870633960 0.1912384927 0.9635533690
-123.3 14.2 2675.9 0.9823907614 0.0450053439 -0.1813366115 -0.0193381850 0.9898350239 0.1408993602 0.1858345568 -0.1349115074 0.9732750654
-248.8 208.9 2624.3 0.4886851013 -0.8406646252 -0.2333877087 0.2597791255 0.3955773115 -0.8809275627 0.8328875303 0.3698669374 0.4116998613
-338.7 161.2 2471.2 -0.5017738938 -0.8406646252 -0.2037299424 -0.8258809447 0.3955773115 0.4017949998 -0.2571839094 0.3698669374 -0.8927792907
19.6 203.7 2675.1 0.1187307090 0.4618222713 0.8789898753 -0.9927039742 0.0739509314 0.0952368900 -0.0210196003 -0.8838843107 0.4672330618
49.4 -45.6 2669.8 -0.1945529878 0.4991496205 0.8443925381 -0.9131802917 0.2221225500 -0.3417064250 -0.3581212461 -0.8375626802 0.4125990272
-218.6 -177.0 2683.3 0.9294990897 -0.0061284881 0.3687735498 0.0223681685 0.9989581704 -0.0397780389 -0.3681455553 0.0452224389 0.9286677241
-216.2 -564.8 2665.8 0.9279084802 -0.0666186661 0.3668076098 0.0525660291 0.9974545240 0.0481795445 -0.3690835834 -0.0254245866 0.9290483594
-42.8 -179.5 2717.8 0.9717438817 0.0689171702 0.2257526368 -0.0505698547 0.9950042963 -0.0860762298 -0.2305569798 0.0722277761 0.9703744650
-69.6 -565.8 2689.8 0.9671543837 -0.1164227352 0.2259606272 0.1382066458 0.9869145155 -0.0830581263 -0.2133339643 0.1115592867 0.9705891013
-211.5 370.5 2536.4 0 0 0 0 0 0 0 0 0
0.0 -277.4 2578.9 0 0 0 0 0 0 0 0 0
-199.1 -820.8 2672.3 0 0 0 0 0 0 0 0 0
-36.2 -848.2 2657.9 0 0 0 0 0 0 0 0 0
-129.5 432.7 2696.3  0.9820744395 -0.0673986152 -0.1760319173 0.0293193981 0.9771424532 -0.2105539590 0.1861993074 0.2016185075 0.9616027474
-113.8 204.8 2649.3 0.9820744395 -0.0673986152 -0.1760319173 0.0293193981 0.9771424532 -0.2105539590 0.1861993074 0.2016185075 0.9616027474
-122.3 12.8 2676.3 0.9826341271 0.0439472087 -0.1802743673 -0.0176092777 0.9892493486 0.1451746523 0.1847163141 -0.1394790560 0.9728440046
-248.0 207.2 2624.0 0.4809347391 -0.8447338343 -0.2347902805 0.2634859383 0.3946686089 -0.8802340031 0.8362277746 0.3614711761 0.4123853445
-335.9 159.1 2471.3 -0.4953306019 -0.8447338343 -0.2026629895 -0.8323131800 0.3946686089 0.3892189860 -0.2488017529 0.3614711761 -0.8985745907
20.5 202.4 2674.5 0.1221921295 0.4611306489 0.8788785934 -0.9924454093 0.0665921047 0.1030419320 -0.0110105835 -0.8848299384 0.4657840431
51.1 -46.0 2671.8 -0.2053575665 0.5025284886 0.8398174644 -0.9083572626 0.2215489894 -0.3546874523 -0.3643012643 -0.8356920481 0.4109786451
-220.1 -176.2 2685.5 0.9290426373 0.0008922117 0.3699716032 0.0167155508 0.9988747239 -0.0443835855 -0.3695948720 0.0474185236 0.9279822707
-220.4 -564.0 2667.0 0.9263871312 -0.0767836049 0.3686612844 0.0658331960 0.9969374537 0.0422106162 -0.3707733154 -0.0148332221 0.9286049604
-44.1 -179.7 2718.8 0.9722024202 0.0600414835 0.2263128608 -0.0399442762 0.9949239492 -0.0923623592 -0.2307096571 0.0807550028 0.9696657658
-67.4 -565.9 2687.4 0.9677670598 -0.1080672294 0.2274827510 0.1274309456 0.9892169833 -0.0721880421 -0.2172286361 0.0988495499 0.9711027145
-211.8 367.6 2533.6 0 0 0 0 0 0 0 0 0
-1.1 -276.5 2579.3 0 0 0 0 0 0 0 0 0
-200.8 -818.2 2670.8 0 0 0 0 0 0 0 0 0
-36.6 -847.4 2659.3 0 0 0 0 0 0 0 0 0
-129.0 438.6 2695.6  0.9812988043 -0.0637520850 -0.1816267669 0.0268417895 0.9796631336 -0.1988459677 0.1906098872 0.1902521253 0.9630534649
-113.8 204.5 2650.2 0.9812988043 -0.0637520850 -0.1816267669 0.0268417895 0.9796631336 -0.1988459677 0.1906098872 0.1902521253 0.9630534649
-122.5 12.4 2676.8 0.9817320704 0.0448220782 -0.1849136949 -0.0182291158 0.9895433784 0.1430790871 0.1893932223 -0.1370945275 0.9722835422
-247.9 207.0 2624.3 0.5085798502 -0.8246858120 -0.2474668920 0.2488992810 0.4159575701 -0.8746590614 0.8242546320 0.3832396269 0.4168113470
-342.7 160.6 2470.7 -0.5227059722 -0.8246858120 -0.2160365134 -0.8193351626 0.4159575701 0.3945493400 -0.2355172187 0.3832396269 -0.8931176066
20.4 202.0 2676.1 0.1250749230 0.4656436741 0.8760891557 -0.9921097755 0.0663801581 0.1063573807 -0.0086302953 -0.8824792504 0.4702721536
51.8 -47.4 2673.9 -0.2031528354 0.5088292360 0.8365534544 -0.9054156542 0.2276372313 -0.3583348095 -0.3727619648 -0.8302253485 0.4144568145
-218.9 -177.7 2686.9 0.9308108091 -0.0000581594 0.3655013740 0.0188911408 0.9986710548 -0.0479505621 -0.3650128543 0.0515376367 0.9295749068
-218.8 -565.4 2666.9 0.9289354086 -0.0690230280 0.3637511134 0.0546246618 0.9972674847 0.0497363172 -0.3661901057 -0.0263320412 0.9301674366
-42.8 -180.8 2720.0 0.9730544686 0.0641563758 0.2214700133 -0.0434396863 0.9943183064 -0.0971810073 -0.2264464647 0.0849418193 0.9703127742
-67.7 -566.8 2687.0 0.9689714909 -0.1065196693 0.2230422348 0.1252734363 0.9895313382 -0.0716538504 -0.2130747288 0.0973718092 0.9721717238
-211.9 365.6 2529.6 0 0 0 0 0 0 0 0 0
0.3 -277.2 2579.3 0 0 0 0 0 0 0 0 0
-201.0 -823.5 2673.7 0 0 0 0 0 0 0 0 0
-37.5 -847.5 2659.4 0 0 0 0 0 0 0 0 0
-129.8 439.3 2695.3  0.9789039493 -0.0575718656 -0.1960421950 0.0213208888 0.9830259085 -0.1822236925 0.2032055110 0.1741997004 0.9635154009
-116.0 203.6 2653.5 0.9789039493 -0.0575718656 -0.1960421950 0.0213208888 0.9830259085 -0.1822236925 0.2032055110 0.1741997004 0.9635154009
-123.8 11.5 2680.1 0.9791969061 0.0400249176 -0.1989257783 -0.0116144866 0.9898011088 0.1419817954 0.2025797665 -0.1367177218 0.9696750641
-249.8 205.2 2625.9 0.5073579550 -0.8190009594 -0.2680025399 0.2333041430 0.4299372733 -0.8721944094 0.8295523524 0.3799886703 0.4092084169
-345.2 161.3 2469.8 -0.5341652036 -0.8190009594 -0.2095352709 -0.8131235838 0.4299372733 0.3924078345 -0.2312953770 0.3799886703 -0.8956065178
17.8 202.0 2681.2 0.1377913654 0.4746387303 0.8693282604 -0.9901831746 0.0868104920 0.1095501781 -0.0234700516 -0.8758892417 0.4819410145
52.4 -46.8 2675.3 -0.2104165107 0.5129540563 0.8322277665 -0.9014226794 0.2276742160 -0.3682412803 -0.3783676624 -0.8276730180 0.4144819975
-219.1 -178.0 2686.4 0.9354653955 -0.0098170815 0.3532820046 0.0275920723 0.9985917211 -0.0453127287 -0.3523396254 0.0521362722 0.9344188571
-215.3 -565.7 2666.2 0.9342450500 -0.0632189587 0.3509837389 0.0508762076 0.9977225065 0.0442873426 -0.3529841900 -0.0235185083 0.9353336692
-43.2 -181.3 2720.4 0.9753177762 0.0688132718 0.2098092735 -0.0522559248 0.9951393008 -0.0834694281 -0.2145332545 0.0704454407 0.9741729498
-69.9 -567.6 2693.0 0.9715207219 -0.1116738096 0.2089891881 0.1338479966 0.9864267707 -0.0951152816 -0.1955306381 0.1203792542 0.9732813835
-212.1 363.9 2527.5 0 0 0 0 0 0 0 0 0
-1.0 -275.6 2579.3 0 0 0 0 0 0 0 0 0
-199.2 -819.5 2672.2 0 0 0 0 0 0 0 0 0
-38.6 -844.1 2659.3 0 0 0 0 0 0 0 0 0
-128.7 442.5 2695.1  0.9806646109 -0.0485929884 -0.1895671338 0.0138315922 0.9834693074 -0.1805458516 0.1952067167 0.1744329035 0.9651256204
-116.9 204.1 2652.9 0.9806646109 -0.0485929884 -0.1895671338 0.0138315922 0.9834693074 -0.1805458516 0.1952067167 0.1744329035 0.9651256204
-124.3 12.0 2679.6 0.9807943106 0.0381509252 -0.1912775040 -0.0106774541 0.9897152781 0.1426522583 0.1947525740 -0.1378701627 0.9711144567
-250.9 205.6 2626.3 0.5171185732 -0.8113744855 -0.2725065947 0.2335032821 0.4400386810 -0.8670883179 0.8234468102 0.3847562969 0.4170107841
-347.9 161.8 2471.8 -0.5450795889 -0.8113744855 -0.2110916972 -0.8073018193 0.4400386810 0.3932299018 -0.2261681855 0.3847562969 -0.8948801756
17.1 202.6 2679.5 0.1302691102 0.4680476189 0.8740488291 -0.9911893010 0.0827746838 0.1034025252 -0.0239518080 -0.8798180223 0.4747067690
50.0 -48.1 2673.4 -0.2027184069 0.5063158274 0.8381822705 -0.9057623744 0.2283511907 -0.3570017219 -0.3721555471 -0.8315647840 0.4123108387
-219.2 -179.6 2688.5 0.9326370358 0.0007813619 0.3608151674 0.0193301421 0.9984533787 -0.0521268547 -0.3602978587 0.0555900447 0.9311794639
-219.5 -567.2 2666.9 0.9303791523 -0.0736400038 0.3591264486 0.0608553998 0.9970492125 0.0467916243 -0.3615124822 -0.0216791686 0.9321151972
-43.8 -181.7 2724.8 0.9740805626 0.0662731528 0.2162752301 -0.0447676145 0.9936872125 -0.1028667092 -0.2217272371 0.0905183330 0.9708982706
-69.5 -567.4 2689.6 0.9696666598 -0.1119490340 0.2172878236 0.1335291862 0.9871947169 -0.0872727856 -0.2047352940 0.1136397794 0.9721982479
-212.3 362.6 2528.1 0 0 0 0 0 0 0 0 0
-1.4 -278.0 2578.9 0 0 0 0 0 0 0 0 0
-200.9 -820.1 2672.4 0 0 0 0 0 0 0 0 0
-37.7 -848.1 2657.3 0 0 0 0 0 0 0 0 0
-127.3 445.1 2694.6  0.9858055115 -0.0448531806 -0.1617890000 0.0167761054 0.9851464033 -0.1708952487 0.1670510471 0.1657552868 0.9719151855
-116.4 205.5 2654.2 0.9858055115 -0.0448531806 -0.1617890000 0.0167761054 0.9851464033 -0.1708952487 0.1670510471 0.1657552868 0.9719151855
-122.2 13.0 2678.3 0.9860002398 0.0297710057 -0.1640646160 -0.0087492745 0.9918138385 0.1273919344 0.1665141582 -0.1241730377 0.9781891704
-251.1 206.7 2631.5 0.5180399418 -0.8069103360 -0.2837786376 0.2237757593 0.4480636120 -0.8655422330 0.8255658746 0.3848826587 0.4126818180
-350.8 163.6 2472.6 -0.5552979708 -0.8069103360 -0.2013450265 -0.7975468040 0.4480636120 0.4039283395 -0.2357185632 0.3848826587 -0.8923575878
18.2 204.3 2677.0 0.1307284683 0.4467998147 0.8850310445 -0.9913988113 0.0644980371 0.1138788685 -0.0062017143 -0.8923059702 0.4513885379
51.4 -47.6 2675.4 -0.2176243812 0.4932765663 0.8422101140 -0.9018900990 0.2282560319 -0.3667334616 -0.3731405437 -0.8393911123 0.3952071667
-219.6 -179.2 2688.9 0.9218469858 -0.0079051945 0.3874734640 0.0311731864 0.9980648756 -0.0538024195 -0.3862983584 0.0616763793 0.9203095436
-216.5 -566.6 2665.0 0.9208251834 -0.0672056898 0.3841411173 0.0483709574 0.9971150756 0.0584957302 -0.3869641423 -0.0352830663 0.9214195013
-43.9 -181.1 2723.8 0.9671135545 0.0659449697 0.2456473410 -0.0431096628 0.9943299294 -0.0972089469 -0.2506649494 0.0834223181 0.9644728303
-69.5 -567.1 2691.5 0.9624816775 -0.1138305664 0.2463161796 0.1389136612 0.9864825010 -0.0869207680 -0.2330923676 0.1178763285 0.9652839303
-212.9 361.6 2531.1 0 0 0 0 0 0 0 0 0
-3.8 -276.5 2580.7 0 0 0 0 0 0 0 0 0
-199.3 -822.1 2674.0 0 0 0 0 0 0 0 0 0
-37.0 -848.2 2657.9 0 0 0 0 0 0 0 0 0
-130.2 443.3 2694.3  0.9864776731 -0.0594571643 -0.1527304500 0.0331296101 0.9849792123 -0.1694648862 0.1605122238 0.1621134430 0.9736298323
-115.9 205.6 2655.1 0.9864776731 -0.0594571643 -0.1527304500 0.0331296101 0.9849792123 -0.1694648862 0.1605122238 0.1621134430 0.9736298323
-121.6 12.9 2677.6 0.9871427417 0.0293969624 -0.1571147740 -0.0106260320 0.9928371310 0.1190020889 0.1594876796 -0.1158025414 0.9803843498
-250.7 207.1 2633.4 0.5216756463 -0.8069554567 -0.2769067585 0.1775749326 0.4201675653 -0.8899024129 0.8344588876 0.4150687456 0.3624862731
-349.9 173.3 2474.7 -0.5438643098 -0.8069554567 -0.2302921414 -0.8026647568 0.4201675653 0.4233066142 -0.2448282838 0.4150687456 -0.8762288690
18.9 204.2 2676.9 0.1401130855 0.7504079342 0.6459537148 -0.9900741577 0.0989223123 0.0998372734 0.0110194469 -0.6535305977 0.7568198442
53.9 -42.8 2679.7 -0.2126630843 0.7504079342 0.6258292794 -0.9000299573 0.0989223123 -0.4244531691 -0.3804215193 -0.6535305977 0.6543524861
-216.4 -178.8 2687.5 0.9191552401 0.0032033485 0.3938824534 0.0165635198 0.9987680912 -0.0467749909 -0.3935470581 0.0495175570 0.9179698825
-217.6 -566.5 2668.3 0.9173518419 -0.0674131960 0.3923276663 0.0516726486 0.9973835349 0.0505567491 -0.3947093487 -0.0261057187 0.9184350967
-39.8 -180.3 2717.3 0.9643566608 0.0745606720 0.2538837194 -0.0546786450 0.9949223995 -0.0844968036 -0.2588947415 0.0676030368 0.9635369182
-68.7 -566.5 2691.1 0.9611765146 -0.1085743681 0.2536756098 0.1345281303 0.9870601892 -0.0872604623 -0.2409188449 0.1179992110 0.9633453488
-213.0 375.3 2536.3 0 0 0 0 0 0 0 0 0
-0.1 -271.2 2583.1 0 0 0 0 0 0 0 0 0
-200.3 -822.0 2675.0 0 0 0 0 0 0 0 0 0
-37.9 -846.2 2657.6 0 0 0 0 0 0 0 0 0
-129.3 446.3 2696.1  0.9843914509 -0.0578301214 -0.1662203223 0.0288035590 0.9846757054 -0.1720002741 0.1736199111 0.1645278633 0.9709720612
-115.4 208.8 2656.4 0.9843914509 -0.0578301214 -0.1662203223 0.0288035590 0.9846757054 -0.1720002741 0.1736199111 0.1645278633 0.9709720612
-122.8 16.2 2679.6 0.9848469496 0.0382427126 -0.1691567451 -0.0171667356 0.9920906425 0.1243440360 0.1725740731 -0.1195559725 0.9777139425
-249.9 211.1 2632.8 0.5353601575 -0.8026891947 -0.2628298402 0.1646541804 0.4043931067 -0.8996416926 0.8284192681 0.4383563101 0.3486621082
-349.5 180.5 2478.8 -0.5378362536 -0.8026891947 -0.2577250600 -0.8084514141 0.4043931067 0.4276359677 -0.2390365303 0.4383563101 -0.8664324880
19.2 206.4 2680.0 0.1361420751 0.7577289343 0.6382101774 -0.9906884432 0.1049836949 0.0866880566 -0.0013156156 -0.6440693736 0.7649659514
53.6 -43.8 2679.7 -0.1963251680 0.7576906681 0.6223835349 -0.9046939015 0.1048074663 -0.4129701555 -0.3781340718 -0.6441430449 0.6649017930
-215.8 -178.9 2685.8 0.9244138002 0.0065079625 0.3813354969 0.0140035544 0.9986010194 -0.0509890579 -0.3811338544 0.0524750426 0.9230294228
-218.3 -566.5 2665.4 0.9223170877 -0.0706216991 0.3799260557 0.0542287119 0.9970838428 0.0536938421 -0.3826100826 -0.0289198458 0.9234572053
-38.9 -180.7 2714.4 0.9671489596 0.0794233307 0.2414845675 -0.0642157868 0.9954625368 -0.0702186227 -0.2459658384 0.0524047464 0.9678608179
-69.8 -567.1 2694.0 0.9635809064 -0.1189911589 0.2394848466 0.1450791806 0.9849093556 -0.0943692997 -0.2246417552 0.1256767213 0.9663029909
-212.6 386.3 2539.6 0 0 0 0 0 0 0 0 0
3.7 -273.5 2583.7 0 0 0 0 0 0 0 0 0
-200.4 -819.7 2672.8 0 0 0 0 0 0 0 0 0
-35.8 -848.1 2658.2 0 0 0 0 0 0 0 0 0
-128.7 450.5 2696.0  0.9857224226 -0.0443134531 -0.1624428034 0.0168330781 0.9858489633 -0.1667887270 0.1675350517 0.1616729796 0.9725193381
-117.9 209.8 2656.6 0.9857224226 -0.0443134531 -0.1624428034 0.0168330781 0.9858489633 -0.1667887270 0.1675350517 0.1616729796 0.9725193381
-124.3 17.0 2678.2 0.9859030843 0.0325653441 -0.1641177684 -0.0136015490 0.9932289124 0.1153746694 0.1667637229 -0.1115159839 0.9796704054
-252.6 211.6 2633.8 0.5221254826 -0.8108505011 -0.2643981576 0.1565899551 0.3958816528 -0.9048520923 0.8383701444 0.4310442507 0.3336709440
-347.8 183.1 2480.9 -0.5239059329 -0.8108505011 -0.2608524561 -0.8192573190 0.3958816528 0.4148434997 -0.2331093699 0.4310442507 -0.8716999888
16.8 207.9 2679.3 0.1453654021 0.7451551557 0.6508553028 -0.9893538952 0.1048859432 0.1008849815 0.0069093914 -0.6585914493 0.7524690032
53.5 -41.9 2681.1 -0.2065304071 0.7451551557 0.6341048479 -0.9027094245 0.1048859432 -0.4172705114 -0.3774399757 -0.6585914493 0.6509964466
-218.5 -174.8 2687.3 0.9221109748 -0.0027398681 0.3869157434 0.0206190757 0.9989020228 -0.0420665629 -0.3863756657 0.0467678867 0.9211550355
-217.4 -562.6 2669.2 0.9204093218 -0.0663201958 0.3852899671 0.0539737307 0.9976252913 0.0427853875 -0.3872125447 -0.0185845308 0.9218031764
-42.0 -177.9 2718.3 0.9658530354 0.0707300082 0.2492493242 -0.0595502444 0.9968636036 -0.0521220714 -0.2521541715 0.0354994014 0.9670357108
-69.5 -564.8 2704.5 0.9625658393 -0.1205175519 0.2427807003 0.1558188647 0.9789493680 -0.1318281740 -0.2217824012 0.1647231132 0.9610821009
-212.3 395.0 2541.2 0 0 0 0 0 0 0 0 0
1.1 -271.1 2585.3 0 0 0 0 0 0 0 0 0
-200.3 -820.2 2674.0 0 0 0 0 0 0 0 0 0
-34.7 -847.4 2656.9 0 0 0 0 0 0 0 0 0
-130.9 450.8 2695.5  0.9839740396 -0.0537826046 -0.1700073183 0.0251040440 0.9857154489 -0.1665376425 0.1765356809 0.1596008390 0.9712685943
-117.7 209.9 2656.5 0.9839740396 -0.0537826046 -0.1700073183 0.0251040440 0.9857154489 -0.1665376425 0.1765356809 0.1596008390 0.9712685943
-122.9 17.0 2677.7 0.9844162464 0.0264917538 -0.1738473028 -0.0069663730 0.9936864972 0.1119757816 0.1757161617 -0.1090196967 0.9783856869
-252.2 210.8 2632.5 0.5293375850 -0.8077081442 -0.2596329451 0.1423855275 0.3862566948 -0.9113353491 0.8363779187 0.4454360902 0.3194661438
-350.2 184.4 2477.6 -0.5260270834 -0.8077081442 -0.2662763298 -0.8133322001 0.3862566948 0.4350821376 -0.2485683560 0.4454360902 -0.8601165414
16.8 208.9 2680.5 0.1518208086 0.7500830293 0.6436815262 -0.9883028865 0.1057030186 0.1099284366 0.0144163761 -0.6528417468 0.7573571801
54.7 -38.2 2684.1 -0.2005178034 0.7500830293 0.6302127242 -0.9043280482 0.1057030186 -0.4135428071 -0.3768068254 -0.6528417468 0.6571257710
-218.9 -174.6 2684.9 0.9254817963 -0.0000150146 0.3787920475 0.0159120727 0.9991188645 -0.0388374925 -0.3784576654 0.0419707596 0.9246665835
-218.9 -562.5 2668.6 0.9233565927 -0.0718753934 0.3771557808 0.0555272475 0.9969927669 0.0540567040 -0.3799069226 -0.0289711915 0.9245709181
-42.3 -177.0 2714.8 0.9678803086 0.0718891695 0.2409141958 -0.0613702722 0.9968166351 -0.0508946404 -0.2438060492 0.0344749503 0.9692110419
-70.2 -564.0 2701.4 0.9646710157 -0.1195232049 0.2347850949 0.1521616429 0.9802703857 -0.1261616051 -0.2150736302 0.1574297398 0.9638252854
-212.2 397.8 2542.9 0 0 0 0 0 0 0 0 0
3.8 -267.7 2588.5 0 0 0 0 0 0 0 0 0
-200.3 -820.2 2676.1 0 0 0 0 0 0 0 0 0
-35.1 -851.9 2655.1 0 0 0 0 0 0 0 0 0
-136.1 448.9 2694.7  0.9810122252 -0.0805482715 -0.1764285862 0.0495921858 0.9836167097 -0.1733170599 0.1874984950 0.1612766683 0.9689345360
-116.5 209.9 2655.6 0.9810122252 -0.0805482715 -0.1764285862 0.0495921858 0.9836167097 -0.1733170599 0.1874984950 0.1612766683 0.9689345360
-122.7 17.2 2678.3 0.9824712873 0.0316368937 -0.1837096363 -0.0093626361 0.9926241636 0.1208702102 0.1861785799 -0.1170315072 0.9755209684
-250.7 211.2 2630.1 0.5451363325 -0.8021581769 -0.2436566800 0.1442627013 0.3760614097 -0.9152956605 0.8258417845 0.4638103545 0.3207262456
-352.2 184.3 2476.4 -0.5255774856 -0.8021581769 -0.2833910584 -0.8133280873 0.3760614097 0.4439315498 -0.2495308965 0.4638103545 -0.8500671983
17.7 208.6 2681.0 0.1517127752 0.7553905249 0.6374703050 -0.9883854389 0.1101995632 0.1046433076 0.0087976130 -0.6459421515 0.7633357048
55.3 -36.5 2683.2 -0.1880643666 0.7542867661 0.6290336251 -0.9113298655 0.1047882512 -0.3981171548 -0.3662098348 -0.6481288075 0.6676971316
-216.2 -175.3 2683.1 0.9294791818 0.0055107567 0.3688334525 0.0088579683 0.9992666245 -0.0372526161 -0.3687682748 0.0378926471 0.9287486672
-218.3 -563.2 2668.4 0.9272100329 -0.0694486648 0.3680468500 0.0569739491 0.9973759651 0.0446671844 -0.3701831400 -0.0204467773 0.9287337661
-39.8 -176.5 2714.6 0.9704592824 0.0770921707 0.2286165953 -0.0631106049 0.9956967235 -0.0678609684 -0.2328643501 0.0514281727 0.9711484909
-69.8 -563.0 2694.6 0.9672188759 -0.1160992011 0.2258508056 0.1419639140 0.9846210480 -0.1018214300 -0.2105560750 0.1305462718 0.9688259959
-212.1 401.2 2542.9 0 0 0 0 0 0 0 0 0
7.6 -267.8 2590.2 0 0 0 0 0 0 0 0 0
-200.5 -818.9 2673.6 0 0 0 0 0 0 0 0 0
-35.6 -852.7 2656.2 0 0 0 0 0 0 0 0 0
-139.5 446.5 2693.4  0.9770117998 -0.0663553849 -0.2025955021 0.0426123850 0.9919329286 -0.1193870902 0.2088831216 0.1080095172 0.9719576836
-124.9 229.0 2669.7 0.9770117998 -0.0663553849 -0.2025955021 0.0426123850 0.9919329286 -0.1193870902 0.2088831216 0.1080095172 0.9719576836
-123.6 35.7 2677.8 0.9780327082 -0.0060518361 -0.2083637565 0.0145397512 0.9991244674 0.0392285846 0.2079439163 -0.0413963944 0.9772644043
-258.5 227.1 2641.1 0.5379575491 -0.7965995073 -0.2757368982 0.3242504001 0.4974774420 -0.8045979738 0.7781152129 0.3434317410 0.5259194970
-365.9 162.3 2485.7 -0.5709800720 -0.7965995073 -0.1985219419 -0.8057720065 0.4974774420 0.3213217854 -0.1572045982 0.3434317410 -0.9259272814
8.6 230.9 2698.2 0.1678866148 0.7672852874 0.6189405322 -0.9841540456 0.1667885482 0.0601865426 -0.0570519418 -0.6192373037 0.7831285000
54.5 -38.0 2682.6 -0.1673361659 0.7592164278 0.6289587021 -0.9158403277 0.1164880916 -0.3842746317 -0.3650138080 -0.6403287649 0.6758283377
-216.8 -174.6 2684.3 0.9366010427 0.0084192660 0.3502964377 0.0080034174 0.9989364743 -0.0454081744 -0.3503061831 0.0453329124 0.9355375767
-220.1 -562.4 2666.7 0.9338311553 -0.0772381201 0.3492758870 0.0604968257 0.9964463711 0.0586064644 -0.3525613248 -0.0335984603 0.9351853728
-40.7 -175.8 2717.3 0.9742160439 0.0700171292 0.2144777924 -0.0557617843 0.9958578944 -0.0718167275 -0.2186178118 0.0580053404 0.9740850329
-67.9 -562.8 2694.8 0.9710831642 -0.1089324281 0.2124411166 0.1324085891 0.9861814976 -0.0995692834 -0.1986591816 0.1248190850 0.9720878005
-245.0 333.0 2519.0 0 0 0 0 0 0 0 0 0
12.0 -270.4 2590.0 0 0 0 0 0 0 0 0 0
-199.8 -823.7 2675.5 0 0 0 0 0 0 0 0 0
-36.3 -848.4 2658.7 0 0 0 0 0 0 0 0 0
-140.8 441.6 2695.2  0.9784654379 -0.0578744300 -0.1981310248 0.0398788229 0.9948067069 -0.0936442092 0.2025216818 0.0837263912 0.9756919742
-128.8 235.3 2677.8 0.9784654379 -0.0578744300 -0.1981310248 0.0398788229 0.9948067069 -0.0936442092 0.2025216818 0.0837263912 0.9756919742
-123.7 41.8 2677.5 0.9790903330 -0.0258119069 -0.2017818391 0.0249868706 0.9996657372 -0.0066352687 0.2018856704 0.0014546306 0.9794080257
-262.5 232.0 2650.1 0.5232720971 -0.7911078930 -0.3167564869 0.3817341626 0.5499356389 -0.7428659201 0.7618827820 0.2678042352 0.5897588730
-372.6 151.6 2489.8 -0.5952407718 -0.7911078930 -0.1408431232 -0.7929552197 0.5499356389 0.2622837126 -0.1300400496 0.2678042352 -0.9546572566
4.9 238.7 2705.5 0.1986898333 0.7617782950 0.6166166663 -0.9779549241 0.1953426301 0.0737928748 -0.0642377138 -0.6176851988 0.7837974429
55.7 -11.2 2689.1 -0.1551841050 0.7513569593 0.6413895488 -0.9248787165 0.1176559478 -0.3616025448 -0.3471558988 -0.6493225098 0.6766557693
-209.8 -158.7 2667.2 0.9334242344 0.0181060918 0.3583174646 -0.0125156837 0.9997611642 -0.0179151893 -0.3585562706 0.0122378832 0.9334279299
-216.8 -546.6 2662.4 0.9315002561 -0.0611098222 0.3585706353 0.0399086550 0.9970052838 0.0662404895 -0.3615447581 -0.0473929606 0.9311494231
-34.6 -156.1 2704.4 0.9691682458 0.0949529260 0.2273693979 -0.0855246037 0.9950304627 -0.0509889461 -0.2310810387 0.0299711898 0.9724727869
-71.5 -542.3 2692.8 0.9676827192 -0.1156545058 0.2240852118 0.1374212205 0.9869395494 -0.0840579495 -0.2114368826 0.1121354848 0.9709377289
-256.1 306.8 2515.2 0 0 0 0 0 0 0 0 0
16.3 -245.9 2601.0 0 0 0 0 0 0 0 0 0
-200.0 -821.7 2675.5 0 0 0 0 0 0 0 0 0
-35.6 -848.4 2658.0 0 0 0 0 0 0 0 0 0
-141.2 444.9 2694.1  0.9845927954 -0.0498229451 -0.1676147431 0.0382982083 0.9967192411 -0.0713024884 0.1706173420 0.0637845695 0.9832707047
-131.1 243.7 2681.2 0.9845927954 -0.0498229451 -0.1676147431 0.0382982083 0.9967192411 -0.0713024884 0.1706173420 0.0637845695 0.9832707047
-124.8 50.0 2677.8 0.9849531651 -0.0330504589 -0.1696319133 0.0296192728 0.9993030429 -0.0227187593 0.1702645421 0.0173525382 0.9852455854
-265.6 239.6 2657.9 0.4975320399 -0.7906327248 -0.3568777442 0.4256844819 0.5810029507 -0.6937061548 0.7558138371 0.1932237148 0.6256276965
-375.1 146.0 2491.6 -0.6068804860 -0.7906327248 -0.0812154561 -0.7854613662 0.5810029507 0.2132744789 -0.1214353666 0.1932237148 -0.9736108184
3.3 247.8 2704.5 0.2107080072 0.7423624992 0.6360031962 -0.9758477807 0.1981032640 0.0920663625 -0.0576476976 -0.6400414109 0.7661747336
56.9 -0.4 2689.8 -0.0872857943 0.7394596338 0.6675182581 -0.9400689602 0.1605769247 -0.3008079827 -0.3296234012 -0.6537694335 0.6811269522
-206.4 -153.9 2659.1 0.9204449654 0.0338814892 0.3894009888 -0.0370443761 0.9993134141 0.0006139689 -0.3891128302 -0.0149902403 0.9210681319
-219.5 -541.5 2664.9 0.9177842140 -0.0709245875 0.3906940520 0.0527192652 0.9969731569 0.0571419038 -0.3935642540 -0.0318468325 0.9187453389
-31.0 -149.3 2695.3 0.9594814181 0.1026165634 0.2624219358 -0.0976516679 0.9947083592 -0.0319279730 -0.2643096447 0.0050083548 0.9644248486
-70.8 -535.3 2693.4 0.9596894979 -0.1135240644 0.2571155131 0.1382869184 0.9871305823 -0.0803118646 -0.2446892709 0.1126301661 0.9630376697
-258.9 296.4 2514.8 0 0 0 0 0 0 0 0 0
34.8 -238.4 2606.4 0 0 0 0 0 0 0 0 0
-199.5 -822.1 2673.9 0 0 0 0 0 0 0 0 0
-34.8 -847.9 2657.7 0 0 0 0 0 0 0 0 0
-143.3 443.9 2695.0  0.9884333611 -0.0472785830 -0.1440981627 0.0388217047 0.9973857403 -0.0609467737 0.1466029286 0.0546476878 0.9876847863
-133.9 245.8 2684.2 0.9884333611 -0.0472785830 -0.1440981627 0.0388217047 0.9973857403 -0.0609467737 0.1466029286 0.0546476878 0.9876847863
-126.5 52.1 2678.8 0.9886381626 -0.0384493880 -0.1453140974 0.0340515375 0.9988871813 -0.0326324217 0.1464070827 0.0273134913 0.9888472557
-268.9 241.1 2664.1 0.4649627507 -0.8027417064 -0.3733836710 0.4275940657 0.5729114413 -0.6992394328 0.7752244473 0.1654636562 0.6096301079
-373.2 145.2 2490.2 -0.5931172371 -0.8027417064 -0.0617873706 -0.7958199382 0.5729114413 0.1960692257 -0.1219942570 0.1654636562 -0.9786415100
1.1 250.5 2704.2 0.2094430923 0.7299217582 0.6506518722 -0.9767648578 0.1870917529 0.1045325920 -0.0454309806 -0.6574274898 0.7521470189
57.0 -10.4 2692.0 0.0229880996 0.7297874689 0.6832875013 -0.9440572262 0.2407526821 -0.2253754437 -0.3289794624 -0.6398815513 0.6944956183
-206.5 -146.3 2659.1 0.9108381271 0.0295973979 0.4117012024 -0.0279825162 0.9995588660 -0.0099509051 -0.4118141234 -0.0024567717 0.9112645388
-218.0 -534.2 2660.1 0.9088551998 -0.0601628274 0.4127501547 0.0342815854 0.9969694614 0.0698328242 -0.4157006443 -0.0493181907 0.9081633687
-30.2 -140.9 2689.7 0.9521934390 0.1074529439 0.2859747112 -0.0999626070 0.9941580892 -0.0407080650 -0.2886782587 0.0101751778 0.9573720694
-71.9 -526.8 2685.7 0.9518013597 -0.1135660559 0.2849156260 0.1331819594 0.9898103476 -0.0503795184 -0.2762910128 0.0858969092 0.9572277665
-251.0 309.1 2515.3 0 0 0 0 0 0 0 0 0
62.9 -250.9 2608.2 0 0 0 0 0 0 0 0 0
-200.4 -825.8 2674.5 0 0 0 0 0 0 0 0 0
-35.1 -847.1 2657.9 0 0 0 0 0 0 0 0 0
-144.9 440.0 2695.5  0.9844276309 -0.0985879228 -0.1455425918 0.0846383423 0.9914691448 -0.0991225988 0.1540732831 0.0852605402 0.9843739271
-125.7 246.0 2678.8 0.9844276309 -0.0985879228 -0.1455425918 0.0846383423 0.9914691448 -0.0991225988 0.1540732831 0.0852605402 0.9843739271
-126.3 52.3 2679.5 0.9886060357 0.0032059229 -0.1504917890 -0.0026019118 0.9999877810 0.0042103147 0.1505034417 -0.0037707763 0.9886022806
-260.6 246.4 2658.2 0.4831734896 -0.8171658516 -0.3142980933 0.4002184570 0.5254266262 -0.7508342266 0.7786967158 0.2369953096 0.5809170604
-366.4 158.8 2487.7 -0.5641320944 -0.8171658516 -0.1183000430 -0.8134263754 0.5254266262 0.2495283037 -0.1417480260 0.2369953096 -0.9611142874
9.3 245.7 2699.5 0.2108364850 0.7328773141 0.6468684673 -0.9773226380 0.1713810265 0.1243745759 -0.0197096709 -0.6584218740 0.7523909807
65.7 -15.9 2694.2 0.0472030677 0.7314077020 0.6803048253 -0.9494221210 0.2445133179 -0.1970047355 -0.3104343712 -0.6365972161 0.7059563994
-207.6 -144.7 2660.4 0.9135788083 0.0237639714 0.4059668481 -0.0142198103 0.9995474219 -0.0265102889 -0.4064131081 0.0184464660 0.9135032296
-216.8 -532.6 2653.2 0.9121888280 -0.0548071302 0.4060883820 0.0220315270 0.9961413145 0.0849537551 -0.4091774821 -0.0685471147 0.9098764062
-30.5 -138.6 2686.6 0.9535908103 0.1145605221 0.2784609497 -0.1088568419 0.9934085011 -0.0359135121 -0.2807397544 0.0039344132 0.9597758651
-75.0 -524.2 2685.1 0.9521923065 -0.1283965111 0.2772078216 0.1468109190 0.9880645275 -0.0466371477 -0.2679111660 0.0851046667 0.9596774578
-237.7 344.2 2520.0 0 0 0 0 0 0 0 0 0
77.9 -260.6 2614.2 0 0 0 0 0 0 0 0 0
-201.2 -815.8 2672.7 0 0 0 0 0 0 0 0 0
-32.9 -848.0 2657.2 0 0 0 0 0 0 0 0 0
-143.5 441.7 2684.7  0.9806421995 -0.1231023371 -0.1522717327 0.1134523600 0.9910355210 -0.0705489814 0.1595914364 0.0519077219 0.9858174920
-118.6 241.1 2674.2 0.9806421995 -0.1231023371 -0.1522717327 0.1134523600 0.9910355210 -0.0705489814 0.1595914364 0.0519077219 0.9858174920
-123.1 47.4 2679.5 0.9872731566 0.0230485741 -0.1573546529 -0.0184589196 0.9993622303 0.0305671226 0.1579588354 -0.0272735022 0.9870689511
-253.4 243.6 2652.6 0.5052940249 -0.8218736053 -0.2630621493 0.3359161913 0.4681291282 -0.8173221350 0.7948825359 0.3246211410 0.5126234889
-360.7 172.3 2483.8 -0.5435157418 -0.8218736053 -0.1706293374 -0.8150520921 0.4681291282 0.3413872421 -0.2007005960 0.3246211410 -0.9243053794
16.2 238.7 2695.9 0.2067902237 0.7366726398 0.6438565254 -0.9783482552 0.1614251584 0.1295247525 -0.0085173026 -0.6567003727 0.7541034818
69.6 -14.1 2693.7 0.0469268374 0.7353967428 0.6760100126 -0.9481051564 0.2458485812 -0.2016311288 -0.3144749701 -0.6314666867 0.7087703347
-215.4 -141.3 2666.7 0.9170789719 0.0074342778 0.3986362815 0.0020233891 0.9997264743 -0.0232990645 -0.3987004459 0.0221736785 0.9168131351
-218.3 -529.3 2658.1 0.9155540466 -0.0606429912 0.3975967765 0.0356832109 0.9969166517 0.0698851198 -0.4006088972 -0.0497960784 0.9148949981
-38.5 -141.7 2693.7 0.9589093924 0.0930504650 0.2680194676 -0.0843208954 0.9954699874 -0.0439253785 -0.2708926201 0.0195208173 0.9624116421
-74.6 -528.0 2686.2 0.9556707740 -0.1240102574 0.2670482993 0.1433641315 0.9881868958 -0.0541610308 -0.2571770847 0.0900452584 0.9621599317
-229.3 369.4 2532.3 0 0 0 0 0 0 0 0 0
81.8 -260.1 2612.1 0 0 0 0 0 0 0 0 0
-201.1 -813.1 2672.3 0 0 0 0 0 0 0 0 0
-34.6 -847.0 2657.1 0 0 0 0 0 0 0 0 0
-140.8 441.3 2679.8  0.9864211679 -0.1159328520 -0.1163308397 0.1085053608 0.9917475581 -0.0682891980 0.1232877821 0.0547393896 0.9908601046
-115.7 226.7 2668.0 0.9864211679 -0.1159328520 -0.1163308397 0.1085053608 0.9917475581 -0.0682891980 0.1232877821 0.0547393896 0.9908601046
-120.7 33.0 2677.5 0.9922182560 0.0260518547 -0.1217548698 -0.0198577084 0.9984593391 0.0518134274 0.1229171231 -0.0489924550 0.9912068844
-251.2 229.4 2651.2 0.5174519420 -0.8177785873 -0.2519557476 0.2446150035 0.4235153198 -0.8722375035 0.8200042844 0.3897088170 0.4191897213
-357.8 179.0 2482.2 -0.5337271690 -0.8177785873 -0.2153450400 -0.8114217520 0.4235153198 0.4027772546 -0.2381806821 0.3897088170 -0.8896049857
19.7 223.9 2684.8 0.2237300426 0.7119131088 0.6656760573 -0.9744808674 0.1506247967 0.1664306223 0.0182168204 -0.6859241128 0.7274450064
74.8 -15.9 2689.3 0.0325697586 0.7115570307 0.7018730640 -0.9561936259 0.2265875041 -0.1853425503 -0.2909174562 -0.6650899649 0.6877661943
-216.0 -144.7 2670.6 0.9023513794 0.0023285011 0.4309948981 0.0099550867 0.9996060133 -0.0262429323 -0.4308862090 0.0279709380 0.9019726515
-216.9 -532.7 2659.7 0.9013317823 -0.0572566390 0.4293281734 0.0313214324 0.9972450733 0.0672397092 -0.4319953322 -0.0471581146 0.9006420970
-39.2 -148.0 2698.9 0.9498468637 0.0931319147 0.2985253632 -0.0777204186 0.9949753881 -0.0631151199 -0.3029034436 0.0367481783 0.9523124695
-75.4 -534.1 2684.7 0.9452477694 -0.1278571039 0.3002652824 0.1476018578 0.9880710840 -0.0439225398 -0.2910676301 0.0858373940 0.9528439641
-224.0 382.3 2541.9 0 0 0 0 0 0 0 0 0
83.2 -264.7 2613.6 0 0 0 0 0 0 0 0 0
-200.7 -814.3 2673.0 0 0 0 0 0 0 0 0 0
-34.7 -848.4 2657.4 0 0 0 0 0 0 0 0 0
-139.1 439.0 2678.4  0.9858489633 -0.1138060465 -0.1230851337 0.1048316061 0.9914966226 -0.0771025866 0.1308132261 0.0631082952 0.9893963933
-114.0 220.7 2664.5 0.9858489633 -0.1138060465 -0.1230851337 0.1048316061 0.9914966226 -0.0771025866 0.1308132261 0.0631082952 0.9893963933
-120.5 27.5 2680.0 0.9909997582 0.0336795636 -0.1295573562 -0.0229471345 0.9962470531 0.0834577009 0.1318819672 -0.0797335878 0.9880535007
-249.3 223.9 2646.5 0.5383322239 -0.8092619181 -0.2351458818 0.2400161475 0.4147031903 -0.8777320385 0.8078308702 0.4160726070 0.4174840152
-360.0 174.5 2480.3 -0.5366429090 -0.8092619181 -0.2389760613 -0.8100102544 0.4147031903 0.4146138132 -0.2364270240 0.4160726070 -0.8780580163
21.3 217.6 2682.6 0.2418285608 0.7091864944 0.6622487903 -0.9701584578 0.1643047780 0.1783156246 0.0176484007 -0.6856080890 0.7277569175
80.3 -18.9 2686.9 0.0257107876 0.7089171410 0.7048230171 -0.9567256570 0.2218800634 -0.1882691234 -0.2898533642 -0.6694816947 0.6839439273
-214.5 -158.8 2676.0 0.9060382843 0.0104390234 0.4230670035 0.0015118527 0.9996094704 -0.0279027745 -0.4231930673 0.0259205978 0.9056686759
-218.6 -546.9 2665.9 0.9040411115 -0.0660010576 0.4223192334 0.0442568250 0.9971501231 0.0610982627 -0.4251482189 -0.0365448296 0.9043856859
-36.9 -162.4 2698.0 0.9535428286 0.0855175257 0.2888647914 -0.0742559880 0.9959978461 -0.0497430004 -0.2919625938 0.0259821396 0.9560767412
-70.1 -549.0 2687.9 0.9507569671 -0.1171905920 0.2869277298 0.1432449520 0.9871019721 -0.0714886114 -0.2748491466 0.1090692505 0.9552810192
-223.6 380.5 2540.5 0 0 0 0 0 0 0 0 0
86.9 -266.7 2611.8 0 0 0 0 0 0 0 0 0
-200.6 -819.0 2675.9 0 0 0 0 0 0 0 0 0
-34.9 -845.6 2655.2 0 0 0 0 0 0 0 0 0
-137.8 446.4 2686.2  0.9865751863 -0.1062017456 -0.1240587011 0.0917561799 0.9888997078 -0.1168681160 0.1350932121 0.1039160267 0.9853686094
-112.9 215.1 2661.9 0.9865751863 -0.1062017456 -0.1240587011 0.0917561799 0.9888997078 -0.1168681160 0.1350932121 0.1039160267 0.9853686094
-120.0 22.0 2679.3 0.9906464815 0.0365641564 -0.1314633042 -0.0242459476 0.9952665567 0.0941093192 0.1342820525 -0.0900416076 0.9868438840
-248.2 218.4 2643.5 0.5539558530 -0.8014705181 -0.2253395468 0.2486273348 0.4175678492 -0.8739688396 0.7945548296 0.4281145930 0.4305816293
-363.7 166.6 2477.9 -0.5362841487 -0.8014705181 -0.2646589279 -0.8186376095 0.4175678492 0.3942963183 -0.2055038065 0.4281145930 -0.8800489306
22.4 211.8 2680.2 0.2333381474 0.7112374306 0.6630946994 -0.9721307158 0.1547060609 0.1761474311 0.0226978678 -0.6857166886 0.7275145650
78.6 -22.4 2685.7 0.0368694551 0.7104142308 0.7028173804 -0.9587686062 0.2234605402 -0.1755794287 -0.2817860842 -0.6673657298 0.6893617511
-215.8 -163.6 2683.6 0.9071215987 0.0114423344 0.4207130671 0.0085490840 0.9989231229 -0.0456013195 -0.4207817912 0.0449626520 0.9060469270
-220.2 -551.4 2666.2 0.9048801661 -0.0724736229 0.4194513857 0.0503389984 0.9967040420 0.0636164173 -0.4226793945 -0.0364504717 0.9055459499
-38.3 -167.7 2707.3 0.9556558132 0.0772532150 0.2841723561 -0.0595200881 0.9957323074 -0.0705304444 -0.2884083092 0.0504888631 0.9561754465
-68.3 -554.1 2687.7 0.9523078203 -0.1104037613 0.2844657898 0.1345484108 0.9886581898 -0.0667212605 -0.2738731503 0.1018135995 0.9563615918
-228.5 372.9 2529.7 0 0 0 0 0 0 0 0 0
88.1 -270.2 2612.9 0 0 0 0 0 0 0 0 0
-200.5 -822.7 2676.1 0 0 0 0 0 0 0 0 0
-35.4 -849.2 2657.3 0 0 0 0 0 0 0 0 0
-135.8 446.8 2672.1  0.9850260019 -0.0982786343 -0.1416514516 0.0903621987 0.9940211773 -0.0612908341 0.1468281299 0.0475731269 0.9880173802
-112.7 213.1 2660.9 0.9850260019 -0.0982786343 -0.1416514516 0.0903621987 0.9940211773 -0.0612908341 0.1468281299 0.0475731269 0.9880173802
-121.3 20.0 2678.1 0.9882974029 0.0446722917 -0.1458513737 -0.0310238898 0.9950369000 0.0945465788 0.1493511051 -0.0889152661 0.9847782850
-247.6 217.3 2640.5 0.5654195547 -0.7948001623 -0.2204392403 0.2516502142 0.4207555056 -0.8715715408 0.7854762077 0.4373300374 0.4379149973
-368.8 163.4 2472.2 -0.5462069511 -0.7948001623 -0.2644819021 -0.8100255132 0.4207555056 0.4084402919 -0.2133461833 0.4373300374 -0.8736279607
22.3 208.9 2681.3 0.2315064073 0.7198001742 0.6544406414 -0.9727460742 0.1622641087 0.1656364501 0.0130329179 -0.6749504805 0.7377479672
78.3 -26.3 2684.5 0.0378258042 0.7188229561 0.6941633821 -0.9596897364 0.2197360396 -0.1752473265 -0.2785045207 -0.6595526338 0.6981587410
-215.8 -169.0 2684.8 0.9135979414 -0.0006078811 0.4066183269 0.0179622285 0.9990830421 -0.0388642848 -0.4062218666 0.0428101011 0.9127711058
-215.6 -556.8 2668.2 0.9125229120 -0.0580012538 0.4048923254 0.0404503904 0.9978391528 0.0517767593 -0.4070205092 -0.0308694243 0.9128972292
-38.4 -173.3 2708.9 0.9597238302 0.0820469409 0.2686976790 -0.0633670837 0.9949777722 -0.0774847716 -0.2737056017 0.0573373958 0.9601029754
-70.2 -559.5 2686.6 0.9560074210 -0.1145676449 0.2700445950 0.1356481910 0.9888973832 -0.0606752746 -0.2600949705 0.0946370736 0.9609341621
-231.4 367.2 2525.9 0 0 0 0 0 0 0 0 0
88.1 -274.1 2612.5 0 0 0 0 0 0 0 0 0
-200.7 -813.7 2676.1 0 0 0 0 0 0 0 0 0
-36.8 -848.2 2659.0 0 0 0 0 0 0 0 0 0
-138.1 451.2 2683.0  0.9807703495 -0.1122732311 -0.1596378982 0.0950234234 0.9891676307 -0.1118837595 0.1704701930 0.0945629328 0.9808148742
-110.9 211.9 2660.1 0.9807703495 -0.1122732311 -0.1596378982 0.0950234234 0.9891676307 -0.1118837595 0.1704701930 0.0945629328 0.9808148742
-121.3 19.0 2679.2 0.9846705198 0.0531412996 -0.1661322117 -0.0357642882 0.9937341213 0.1058932692 0.1707185507 -0.0983283818 0.9804012775
-245.4 216.8 2636.8 0.5867934823 -0.7814549804 -0.2121357024 0.2442632914 0.4206053913 -0.8737428188 0.7720161080 0.4608896375 0.4376892447
-373.1 163.6 2468.8 -0.5596406460 -0.7814549804 -0.2759175301 -0.7991011143 0.4206053913 0.4295678735 -0.2196355611 0.4608896375 -0.8598493934
23.5 207.0 2683.5 0.2253248692 0.7304028869 0.6447792649 -0.9742804766 0.1706221998 0.1471924931 -0.0025038309 -0.6613619924 0.7500627041
77.8 -27.7 2682.9 0.0360383354 0.7295164466 0.6830132008 -0.9574760199 0.2209743559 -0.1854994744 -0.2862533033 -0.6472836137 0.7064580321
-218.5 -170.3 2682.0 0.9221118689 0.0062612728 0.3868727386 0.0047535906 0.9996103048 -0.0275082048 -0.3868942261 0.0272046756 0.9217227101
-220.9 -558.3 2671.4 0.9192602038 -0.0765082836 0.3861438930 0.0610598624 0.9967716336 0.0521343984 -0.3888860047 -0.0243471861 0.9209641218
-41.5 -175.9 2708.8 0.9657981396 0.0766956359 0.2476929128 -0.0613452569 0.9957205057 -0.0691190064 -0.2519340217 0.0515602194 0.9663699269
-71.2 -562.4 2688.7 0.9616938233 -0.1183369383 0.2472677082 0.1406592131 0.9872443080 -0.0745897442 -0.2352869213 0.1065129787 0.9660719633
-232.7 364.1 2523.9 0 0 0 0 0 0 0 0 0
87.1 -274.8 2609.0 0 0 0 0 0 0 0 0 0
-200.9 -819.6 2677.8 0 0 0 0 0 0 0 0 0
-37.2 -846.2 2658.1 0 0 0 0 0 0 0 0 0
-139.7 450.5 2679.5  0.9782181978 -0.1222041026 -0.1677953452 0.1054246202 0.9888112545 -0.1055363566 0.1788149029 0.0855478272 0.9801565409
-110.1 211.2 2658.8 0.9782181978 -0.1222041026 -0.1677953452 0.1054246202 0.9888112545 -0.1055363566 0.1788149029 0.0855478272 0.9801565409
-119.5 18.3 2678.3 0.9832494259 0.0483502373 -0.1757350713 -0.0296353716 0.9937524199 0.1076006293 0.1798396558 -0.1005902812 0.9785393476
-244.4 215.2 2634.2 0.5945140123 -0.7770117521 -0.2068957090 0.2380620986 0.4158588648 -0.8777173758 0.7680361271 0.4725612700 0.4322109818
-375.1 162.9 2465.4 -0.5638144612 -0.7770117521 -0.2799392641 -0.7936153412 0.4158588648 0.4441127479 -0.2286655903 0.4725612700 -0.8511156440
24.2 207.2 2683.4 0.2332972884 0.7335328460 0.6383587718 -0.9723759890 0.1810913086 0.1472781003 -0.0075679091 -0.6550843716 0.7555178404
80.9 -29.3 2681.5 0.0171354134 0.7333570123 0.6796277165 -0.9559106231 0.2113122046 -0.2039165944 -0.2931573093 -0.6461691856 0.7046447396
-219.8 -170.6 2683.0 0.9255904555 0.0012056815 0.3785245419 0.0167794917 0.9988812804 -0.0442118496 -0.3781543672 0.0472735167 0.9245347381
-220.3 -558.3 2664.6 0.9234010577 -0.0761567131 0.3762055337 0.0537652560 0.9961194396 0.0696807429 -0.3800522983 -0.0441164859 0.9239123464
-43.4 -177.0 2713.6 0.9686650038 0.0651255101 0.2396806479 -0.0526846536 0.9969277978 -0.0579590239 -0.2427189052 0.0435153842 0.9691202044
-68.7 -564.0 2696.7 0.9654915929 -0.1104373410 0.2358593494 0.1396959573 0.9839382768 -0.1111329496 -0.2197978050 0.1402465254 0.9654117227
-233.4 362.4 2522.9 0 0 0 0 0 0 0 0 0
85.3 -275.8 2605.9 0 0 0 0 0 0 0 0 0
-200.0 -824.1 2676.4 0 0 0 0 0 0 0 0 0
-37.1 -845.3 2656.6 0 0 0 0 0 0 0 0 0
-139.1 451.7 2677.2  0.9767995477 -0.1225380376 -0.1756334901 0.1052303836 0.9889193773 -0.1047138274 0.1865187883 0.0838024393 0.9788707495
-109.2 210.1 2656.8 0.9767995477 -0.1225380376 -0.1756334901 0.1052303836 0.9889193773 -0.1047138274 0.1865187883 0.0838024393 0.9788707495
-118.9 17.3 2677.5 0.9817210436 0.0498877391 -0.1836707741 -0.0290303715 0.9929938316 0.1145445704 0.1880983114 -0.1071187854 0.9762912393
-243.3 214.1 2631.1 0.6201363206 -0.7584363818 -0.2005123794 0.2423195392 0.4282847643 -0.8705477715 0.7461314797 0.4912702143 0.4493789077
-379.1 161.0 2467.6 -0.5778995156 -0.7584363818 -0.3013409972 -0.7904365063 0.4282847643 0.4379295409 -0.2030819356 0.4912702143 -0.8470013738
24.9 206.1 2682.5 0.2387017608 0.7345551252 0.6351773143 -0.9708747268 0.1943826228 0.1400628686 -0.0205835402 -0.6501109004 0.7595605254
83.3 -31.3 2677.4 -0.0528471805 0.7332521081 0.6779000759 -0.9536375403 0.1643543541 -0.2521171570 -0.2962812781 -0.6597946286 0.6905710697
-217.0 -171.9 2681.7 0.9283065796 0.0244535636 0.3710106909 -0.0144336680 0.9994528294 -0.0297600999 -0.3715354502 0.0222714506 0.9281516075
-226.5 -559.7 2673.1 0.9230487347 -0.0987990126 0.3717792332 0.0863522366 0.9950079322 0.0500255786 -0.3748657703 -0.0140720783 0.9269722700
-40.9 -177.2 2713.9 0.9705178142 0.0715636909 0.2301604748 -0.0559724718 0.9957174659 -0.0735787973 -0.2344403714 0.0585268848 0.9703671336
-68.6 -563.7 2691.2 0.9673377872 -0.1096479595 0.2285497338 0.1342998594 0.9863557220 -0.0952153206 -0.2149911672 0.1227995679 0.9688648582
-233.1 360.7 2518.9 0 0 0 0 0 0 0 0 0
69.7 -276.7 2601.2 0 0 0 0 0 0 0 0 0
-200.6 -820.7 2676.8 0 0 0 0 0 0 0 0 0
-37.0 -848.7 2655.7 0 0 0 0 0 0 0 0 0
-138.8 456.1 2675.6  0.9771358967 -0.1164803803 -0.1778701246 0.0997911915 0.9899622798 -0.1000821441 0.1877423227 0.0800439790 0.9789513946
-109.8 209.3 2655.6 0.9771358967 -0.1164803803 -0.1778701246 0.0997911915 0.9899622798 -0.1000821441 0.1877423227 0.0800439790 0.9789513946
-120.0 16.5 2676.3 0.9813778996 0.0523964055 -0.1848026514 -0.0314660817 0.9929334521 0.1144248918 0.1894921809 -0.1064790487 0.9760916829
-243.9 213.6 2629.8 0.6283702254 -0.7488421798 -0.2106805444 0.2399864793 0.4442250729 -0.8631747365 0.7399712205 0.4918327928 0.4588497877
-379.5 161.8 2470.0 -0.5862113237 -0.7488421798 -0.3091790080 -0.7901690006 0.4442250729 0.4222523272 -0.1788552850 0.4918327928 -0.8521216512
24.3 205.0 2681.5 0.2439364791 0.7350527644 0.6326076388 -0.9696334004 0.1966278851 0.1454252005 -0.0174930990 -0.6488720179 0.7606964707
84.5 -34.5 2677.2 -0.1555851251 0.7239339352 0.6720958948 -0.9346110821 0.1124135479 -0.3374392986 -0.3198364675 -0.6806488037 0.6591068506
-216.5 -172.8 2681.5 0.9291521907 0.0130341826 0.3694675863 0.0010924164 0.9992771149 -0.0380000398 -0.3696958125 0.0357114300 0.9284663200
-221.6 -560.6 2667.6 0.9260829091 -0.0782068223 0.3691262007 0.0631063208 0.9966077209 0.0528270155 -0.3720054328 -0.0256280024 0.9278767109
-40.6 -178.0 2715.2 0.9702422619 0.0795223936 0.2287054062 -0.0643237680 0.9952429533 -0.0731703863 -0.2334361374 0.0562818088 0.9707419276
-71.5 -564.3 2693.3 0.9670776129 -0.1147110015 0.2271614224 0.1385673136 0.9860733747 -0.0919692740 -0.2134479582 0.1204185709 0.9695047140
-232.8 359.5 2514.8 0 0 0 0 0 0 0 0 0
44.7 -273.9 2595.3 0 0 0 0 0 0 0 0 0
-201.0 -822.0 2674.3 0 0 0 0 0 0 0 0 0
-38.7 -846.0 2658.9 0 0 0 0 0 0 0 0 0
-139.9 454.5 2675.8  0.9735603929 -0.1227121651 -0.1926704496 0.1044427603 0.9892544150 -0.1023105308 0.2031548470 0.0794824436 0.9759153128
-109.1 206.6 2655.9 0.9735603929 -0.1227121651 -0.1926704496 0.1044427603 0.9892544150 -0.1023105308 0.2031548470 0.0794824436 0.9759153128
-121.3 14.2 2678.4 0.9778761864 0.0625261739 -0.1996212453 -0.0375759266 0.9912652969 0.1264165044 0.2057819515 -0.1161187440 0.9716842175
-242.7 211.7 2627.8 0.6325023770 -0.7402811646 -0.2278695256 0.1943428218 0.4364586174 -0.8784843683 0.7497810721 0.5113586187 0.4199294448
-375.0 171.1 2470.9 -0.5855378509 -0.7402811646 -0.3303470910 -0.7923168540 0.4364586174 0.4263072908 -0.1714044362 0.5113586187 -0.8421002626
24.5 201.5 2684.0 0.2448330224 0.5506521463 0.7980219722 -0.9691498280 0.1630825996 0.1848045588 -0.0283804685 -0.8186490536 0.5735924244
84.2 -34.9 2677.1 -0.2388969064 0.5506521463 0.7998190522 -0.9089177847 0.1630825996 -0.3837610781 -0.3417554200 -0.8186490536 0.4615375698
-218.1 -173.4 2680.0 0.9352443814 0.0020134891 0.3539970517 0.0109297084 0.9993428588 -0.0345599316 -0.3538340032 0.0361910686 0.9346078038
-218.9 -561.2 2666.0 0.9327926636 -0.0735612661 0.3528265953 0.0587082282 0.9968867898 0.0526311025 -0.3555997908 -0.0283800848 0.9342073202
-42.2 -179.0 2714.0 0.9739737511 0.0775503442 0.2129814029 -0.0669421181 0.9961509109 -0.0565869920 -0.2165499628 0.0408568196 0.9754162431
-72.3 -565.7 2698.1 0.9704288244 -0.1214158013 0.2086289525 0.1463804394 0.9832419157 -0.1086651310 -0.1919390708 0.1359909773 0.9719392061
-226.7 371.8 2514.3 0 0 0 0 0 0 0 0 0
23.0 -267.6 2589.6 0 0 0 0 0 0 0 0 0
-199.7 -820.9 2673.3 0 0 0 0 0 0 0 0 0
-37.7 -846.2 2659.3 0 0 0 0 0 0 0 0 0
