-150.7 438.9 2726.1 0 0.9566737413 -0.1435744911 -0.2533016205 0.1088648736 0.9832530022 -0.1461572796 0.2700440288 0.1122491881 0.9562825561
-116.8 206.5 2699.5 0.9566737413 -0.1435744911 -0.2533016205 0.1088648736 0.9832530022 -0.1461572796 0.2700440288 0.1122491881 0.9562825561
-122.3 12.9 2712.5 0.9635628462 0.0281714927 -0.2659944296 -0.0093710199 0.9973831773 0.0716864914 0.2673178911 -0.0665818006 0.9613053799
-248.4 207.7 2663.0 0.5705924630 -0.7895006537 -0.2260818481 -0.0197015088 0.2620565891 -0.9648513794 0.8209969997 0.5549910665 0.1339731663
-370.9 212.0 2486.8 -0.5083709359 -0.7895006537 -0.3438717127 -0.7858598232 0.2620565891 0.5601345301 -0.3521127105 0.5549910665 -0.7536587715
14.8 205.2 2736.0 0.1748415679 0.4774204791 0.8611040115 -0.9814891815 0.1539401412 0.1139362156 -0.0781629905 -0.8650850058 0.4954981804
56.8 -30.1 2717.3 0.1075848341 0.4651490748 0.8786705136 -0.9269425869 0.3664651215 -0.0805033967 -0.3594481647 -0.8058161139 0.4705925584
-214.4 -179.8 2699.8 0.9599522948 0.0394211300 0.2773762941 -0.0138111757 0.9955061078 -0.0936846584 -0.2798229754 0.0861019045 0.9561828375
-229.7 -566.2 2666.4 0.9540186524 -0.1065821797 0.2801583409 0.0953566581 0.9940077066 0.0534393564 -0.2841752470 -0.0242671780 0.9584652185
-41.5 -181.9 2746.6 0.9961374402 0.0643140897 0.0597824156 -0.0510695763 0.9781823158 -0.2013733685 -0.0714292452 0.1975424886 0.9776884913
-66.5 -561.6 2670.0 0.9938971400 -0.0849308148 0.0703932419 0.0866549835 0.9959996939 -0.0218071733 -0.0682595447 0.0277740136 0.9972808957
-237.1 418.7 2579.5 0 0 0 0 0 0 0 0 0
83.8 -263.2 2626.9 0 0 0 0 0 0 0 0 0
-202.2 -823.2 2672.7 0 0 0 0 0 0 0 0 0
-42.4 -843.8 2662.1 0 0 0 0 0 0 0 0 0
-149.4 440.1 2722.0 1 0.9553682804 -0.1355248094 -0.2624965310 0.1039434373 0.9859536886 -0.1307328194 0.2765269876 0.0976132005 0.9560358524
-117.1 205.5 2698.8 0.9553682804 -0.1355248094 -0.2624965310 0.1039434373 0.9859536886 -0.1307328194 0.2765269876 0.0976132005 0.9560358524
-124.8 12.0 2711.3 0.9613879323 0.0394215062 -0.2723586559 -0.0202713367 0.9971425533 0.0727725774 0.2744491994 -0.0644416064 0.9594398737
-248.4 208.2 2661.3 0.5761442780 -0.7875738740 -0.2185982913 0.0502604693 0.3010798693 -0.9522734880 0.8158012629 0.5376600623 0.2130492628
-374.0 197.3 2483.5 -0.5173543692 -0.7875738740 -0.3347713947 -0.7970708013 0.3010798693 0.5234778523 -0.3114845455 0.5376600623 -0.7835171223
14.2 202.7 2736.3 0.1797011346 0.4850804210 0.8558063507 -0.9810301661 0.1526752710 0.1194574684 -0.0727139860 -0.8610384464 0.5033144355
57.1 -31.5 2718.9 0.1082573459 0.4729109108 0.8744344711 -0.9188987613 0.3832511306 -0.0935073942 -0.3793486655 -0.7933939099 0.4760470092
-214.1 -179.8 2701.4 0.9624912739 0.0387357362 0.2685332596 -0.0081980499 0.9934559464 -0.1139214411 -0.2711887658 0.1074469462 0.9565102458
-229.1 -565.4 2659.7 0.9568127990 -0.1052449867 0.2709848285 0.0871001929 0.9931278229 0.0781709775 -0.2773496509 -0.0511921607 0.9594042301
-41.5 -181.5 2749.3 0.9961441159 0.0721027628 0.0499812067 -0.0602012090 0.9761866331 -0.2084117979 -0.0638180524 0.2045992464 0.9767632484
-69.4 -560.4 2669.9 0.9936123490 -0.0938689038 0.0626348853 0.0953655094 0.9952135086 -0.0213419087 -0.0603317469 0.0271787923 0.9978082776
-244.7 396.5 2561.4 0 0 0 0 0 0 0 0 0
84.3 -262.3 2623.6 0 0 0 0 0 0 0 0 0
-201.7 -824.5 2673.1 0 0 0 0 0 0 0 0 0
-42.6 -845.5 2662.1 0 0 0 0 0 0 0 0 0
-145.0 448.1 2730.0 2 0.9480624199 -0.0869338959 -0.3059741259 0.0557398647 0.9924485087 -0.1092659160 0.3131624758 0.0865359530 0.9457488060
-126.1 232.6 2711.2 0.9480624199 -0.0869338959 -0.3059741259 0.0557398647 0.9924485087 -0.1092659160 0.3131624758 0.0865359530 0.9457488060
-127.1 39.0 2710.8 0.9505983591 0.0064635160 -0.3103562891 -0.0070489366 0.9999748468 -0.0007647786 0.3103435338 0.0029146790 0.9506199956
-255.8 233.7 2668.8 0.5420849919 -0.8098055124 -0.2244078666 0.1979524046 0.3825937212 -0.9024615884 0.8166754246 0.4447887838 0.3677012622
-382.6 187.4 2477.8 -0.5362047553 -0.8098055124 -0.2381164879 -0.7903257608 0.3825937212 0.4785470366 -0.2964281738 0.4447887838 -0.8451586962
3.7 231.4 2753.6 0.1976248622 0.5112973452 0.8363727927 -0.9699954391 0.2252487689 0.0914976224 -0.1416094452 -0.8293600082 0.5404708385
57.1 -30.8 2715.3 0.1089797541 0.5006300211 0.8587741256 -0.9248811603 0.3676828146 -0.0969751254 -0.3643051386 -0.7836956978 0.5030932426
-217.0 -174.6 2696.1 0.9711220860 0.0242876615 0.2373436540 0.0000728422 0.9947746992 -0.1020945311 -0.2385831028 0.0991635397 0.9660459161
-226.6 -565.5 2657.1 0.9667920470 -0.0937931761 0.2377308160 0.0756978244 0.9935731888 0.0841554105 -0.2440961599 -0.0633650795 0.9676786065
-45.2 -177.6 2746.4 0.9976048470 0.0646057278 0.0247121193 -0.0586606897 0.9795065522 -0.1926805675 -0.0366539508 0.1907694489 0.9809502959
-70.6 -563.1 2671.4 0.9940632582 -0.1029169336 0.0353033356 0.1037913784 0.9943119287 -0.0238976255 -0.0326430574 0.0274199340 0.9990908504
-249.4 383.7 2551.5 0 0 0 0 0 0 0 0 0
84.4 -262.3 2624.2 0 0 0 0 0 0 0 0 0
-202.4 -821.7 2673.5 0 0 0 0 0 0 0 0 0
-41.3 -845.7 2663.6 0 0 0 0 0 0 0 0 0
-145.5 451.4 2724.0 3 0.9523251057 -0.1089699715 -0.2849604785 0.0851745754 0.9918609858 -0.0946418270 0.2929542959 0.0658583939 0.9538555741
-120.9 227.5 2709.1 0.9523251057 -0.1089699715 -0.2849604785 0.0851745754 0.9918609858 -0.0946418270 0.2929542959 0.0658583939 0.9538555741
-128.2 33.9 2708.5 0.9566922784 0.0382420495 -0.2885782719 -0.0377702862 0.9992604852 0.0072050644 0.2886403799 0.0040066545 0.9574292302
-251.5 232.7 2669.7 0.5532906651 -0.8113610744 -0.1885807812 0.1782899946 0.3364939690 -0.9246537089 0.8136842847 0.4779801667 0.3308365345
-379.6 191.5 2481.3 -0.5136595368 -0.8113610744 -0.2790110111 -0.8007184267 0.3364939690 0.4956024587 -0.3082270026 0.4779801667 -0.8225150704
9.6 222.2 2748.5 0.1977844685 0.4968703687 0.8449859023 -0.9700339437 0.2233100682 0.0957430154 -0.1411219835 -0.8386014700 0.5261483788
56.9 -9.9 2714.8 0.0850548372 0.4901736081 0.8674650192 -0.9353714585 0.3392407596 -0.0999798253 -0.3432869613 -0.8028982282 0.4873484671
-212.4 -151.2 2680.9 0.9649660587 0.0475929938 0.2580222189 -0.0303595886 0.9970588684 -0.0703700855 -0.2606124580 0.0600712970 0.9635728002
-231.0 -540.2 2657.5 0.9597826004 -0.1000556648 0.2623094916 0.0790525600 0.9928480387 0.0894622579 -0.2693846524 -0.0651280805 0.9608278871
-42.4 -152.4 2737.2 0.9966182113 0.0704427958 0.0423082747 -0.0618388429 0.9820187688 -0.1783677340 -0.0541122407 0.1751482338 0.9830539227
-70.0 -536.2 2668.7 0.9945256710 -0.0897609890 0.0534939021 0.0905031934 0.9958284497 -0.0116126565 -0.0522283874 0.0163904540 0.9985006452
-251.6 390.9 2558.1 0 0 0 0 0 0 0 0 0
78.4 -245.5 2628.3 0 0 0 0 0 0 0 0 0
-202.4 -824.1 2676.1 0 0 0 0 0 0 0 0 0
-42.3 -843.1 2663.7 0 0 0 0 0 0 0 0 0
-141.9 455.8 2721.5 4 0.9535591602 -0.0664719343 -0.2937795222 0.0494074114 0.9966523051 -0.0651390329 0.2971259654 0.0475990362 0.9536511302
-127.9 245.1 2711.4 0.9535591602 -0.0664719343 -0.2937795222 0.0494074114 0.9966523051 -0.0651390329 0.2971259654 0.0475990362 0.9536511302
-129.7 51.3 2708.4 0.9553637505 0.0095020281 -0.2952792943 -0.0138326967 0.9998251796 -0.0125809368 0.2951081395 0.0161038805 0.9553281665
-258.3 247.1 2671.1 0.5333482623 -0.8171926141 -0.2184853405 0.2567842007 0.4025122523 -0.8786613345 0.8059785962 0.4125289321 0.4245213866
-384.1 186.5 2481.0 -0.5350513458 -0.8171926141 -0.2142809033 -0.7958896160 0.4025122523 0.4522649646 -0.2833369076 0.4125289321 -0.8657598495
2.5 243.2 2751.8 0.1990708113 0.4994748533 0.8431462646 -0.9684414268 0.2319339216 0.0912572965 -0.1499734968 -0.8347044587 0.5298834443
57.7 -25.3 2710.2 0.0923292041 0.4915883839 0.8659192920 -0.9280647635 0.3575882912 -0.1040498391 -0.3607922792 -0.7940223217 0.4892417192
-220.7 -155.0 2681.2 0.9672152996 0.0178605281 0.2533290386 0.0002267834 0.9974627495 -0.0711902529 -0.2539577782 0.0689137578 0.9647571445
-227.7 -543.0 2654.4 0.9635939002 -0.0875066370 0.2526448369 0.0637635067 0.9928717017 0.1006976366 -0.2596556246 -0.0809221044 0.9623048306
-49.6 -161.7 2733.2 0.9978852868 0.0503702611 0.0410822406 -0.0422542952 0.9829689860 -0.1788477302 -0.0493911766 0.1767336130 0.9830186963
-69.2 -544.6 2664.4 0.9948534369 -0.0882848278 0.0497229770 0.0880530402 0.9960923195 0.0068371776 -0.0501322933 -0.0024237302 0.9987396598
-251.5 383.7 2551.2 0 0 0 0 0 0 0 0 0
81.0 -259.9 2619.0 0 0 0 0 0 0 0 0 0
-202.9 -824.1 2677.3 0 0 0 0 0 0 0 0 0
-42.7 -844.4 2665.1 0 0 0 0 0 0 0 0 0
-146.1 451.5 2718.7 5 0.9715592265 -0.0189777315 -0.2360349745 0.0122948773 0.9994816780 -0.0297527649 0.2364772707 0.0260045528 0.9712889791
-142.1 245.1 2713.4 0.9715592265 -0.0189777315 -0.2360349745 0.0122948773 0.9994816780 -0.0297527649 0.2364772707 0.0260045528 0.9712889791
-127.0 52.7 2704.9 0.9688591361 -0.0792093500 -0.2346015871 0.0671701953 0.9960024357 -0.0588838905 0.2383279055 0.0412919559 0.9703065157
-273.7 235.8 2680.7 0.4591729343 -0.8384442329 -0.2935497463 0.2006511688 0.4197928309 -0.8851627707 0.8653897047 0.3475416899 0.3609923124
-380.7 189.1 2479.1 -0.5199749470 -0.8384442329 -0.1632093489 -0.8071719408 0.4197928309 0.4150270820 -0.2794629633 0.3475416899 -0.8950504065
-10.6 254.4 2746.0 0.2319468409 0.4456312954 0.8646464348 -0.9650714397 0.2167357504 0.1471827477 -0.1218105480 -0.8685840964 0.4803372025
57.6 -29.1 2710.2 0.1126862839 0.4332722425 0.8941906691 -0.9278461933 0.3678862453 -0.0613284893 -0.3555323780 -0.8227605224 0.4434657097
-216.8 -140.6 2678.5 0.9482795596 0.0230385438 0.3165993094 -0.0019099329 0.9977588654 -0.0668850467 -0.3174307048 0.0628210381 0.9461983442
-225.7 -528.3 2654.1 0.9451954961 -0.0818858221 0.3160699010 0.0531959459 0.9937271476 0.0983693749 -0.3221423030 -0.0761646554 0.9436224103
-45.8 -143.1 2731.5 0.9907416701 0.0700503811 0.1162920520 -0.0460090600 0.9791542888 -0.1978384256 -0.1277265102 0.1906562895 0.9733119607
-73.0 -523.7 2657.4 0.9874780774 -0.0902586207 0.1293848604 0.0864105374 0.9956423640 0.0350643471 -0.1319859028 -0.0234450586 0.9909743071
-251.4 389.8 2548.6 0 0 0 0 0 0 0 0 0
86.4 -266.8 2619.1 0 0 0 0 0 0 0 0 0
-201.2 -825.9 2676.9 0 0 0 0 0 0 0 0 0
-44.2 -841.4 2664.9 0 0 0 0 0 0 0 0 0
-148.4 444.6 2716.3 6 0.9758141637 -0.0055576093 -0.2185310125 0.0016314450 0.9998340607 -0.0181425065 0.2185955793 0.0173471924 0.9756613374
-147.3 246.6 2712.9 0.9758141637 -0.0055576093 -0.2185310125 0.0016314450 0.9998340607 -0.0181425065 0.2185955793 0.0173471924 0.9756613374
-125.6 54.5 2703.5 0.9700646400 -0.1120460182 -0.2154537588 0.0990400612 0.9925987124 -0.0702771172 0.2217333913 0.0468347929 0.9739819169
-279.3 233.0 2682.6 0.4474320412 -0.8322407007 -0.3273834884 0.2043223530 0.4515165389 -0.8685535192 0.8706646562 0.3217268884 0.3720683455
-384.1 185.2 2478.7 -0.5377270579 -0.8322407007 -0.1350000352 -0.7986816764 0.4515165389 0.3977944851 -0.2701060176 0.3217268884 -0.9074880481
-15.2 260.2 2743.3 0.2707249224 0.4268900156 0.8628284335 -0.9565519691 0.2200725824 0.1912496686 -0.1082423180 -0.8771162629 0.4679216146
58.9 -1.7 2713.6 0.1121108606 0.4153289199 0.9027364254 -0.9342560172 0.3535409868 -0.0466310494 -0.3385215402 -0.8381590843 0.4276593328
-198.0 -145.4 2674.8 0.9396840930 0.0714660436 0.3344941735 -0.0464694649 0.9955356121 -0.0821550190 -0.3388721645 0.0616560020 0.9388099909
-225.7 -531.6 2650.9 0.9358630180 -0.0851303637 0.3419258595 0.0532297269 0.9933964014 0.1016374454 -0.3483203351 -0.0769181028 0.9342144132
-25.4 -133.2 2717.7 0.9824714065 0.1218893677 0.1410422921 -0.0949858651 0.9783548117 -0.1838466376 -0.1603983492 0.1672270447 0.9727833867
-72.7 -512.7 2652.9 0.9822814465 -0.0880878344 0.1654198617 0.0812725350 0.9955574870 0.0475396551 -0.1688726544 -0.0332532302 0.9850767851
-251.3 382.3 2545.4 0 0 0 0 0 0 0 0 0
87.8 -242.7 2626.3 0 0 0 0 0 0 0 0 0
-200.7 -823.5 2673.5 0 0 0 0 0 0 0 0 0
-44.0 -836.6 2663.7 0 0 0 0 0 0 0 0 0
-148.5 439.7 2716.7 7 0.9731186628 -0.0069263550 -0.2302000374 0.0008277830 0.9996463656 -0.0265785139 0.2303027213 0.0256734919 0.9727802873
-147.1 247.6 2711.7 0.9731186628 -0.0069263550 -0.2302000374 0.0008277830 0.9996463656 -0.0265785139 0.2303027213 0.0256734919 0.9727802873
-122.6 55.5 2703.0 0.9655768275 -0.1267957538 -0.2271215916 0.1130958423 0.9909424782 -0.0724042505 0.2342449725 0.0442253575 0.9711711407
-278.8 232.1 2679.7 0.4284817874 -0.8418623209 -0.3281328678 0.1600662619 0.4281397760 -0.8894240260 0.8892593384 0.3285790086 0.3182038367
-375.3 196.0 2479.3 -0.5246317983 -0.8418623209 -0.1266068965 -0.7920404077 0.4281397760 0.4351646900 -0.3121432960 0.3285790086 -0.8914047480
-15.5 263.1 2743.8 0.2756443620 0.4314930141 0.8589726090 -0.9532804489 0.2376025766 0.1865513921 -0.1235984936 -0.8702636361 0.4768276513
61.1 -1.9 2709.4 0.1200289950 0.4202435017 0.8994378448 -0.9356489182 0.3507676721 -0.0390275344 -0.3318947852 -0.8368735909 0.4353026748
-190.5 -146.3 2674.2 0.9415321350 0.0971813649 0.3226035833 -0.0730350837 0.9936009049 -0.0861571804 -0.3289121091 0.0575583726 0.9426048398
-228.3 -531.8 2651.8 0.9373869896 -0.0933420062 0.3355486393 0.0575220846 0.9916790128 0.1151691452 -0.3435066640 -0.0886566043 0.9349562526
-17.4 -128.5 2714.0 0.9800897241 0.1483713984 0.1319470704 -0.1245914027 0.9769843221 -0.1731434613 -0.1545997560 0.1532566547 0.9760180712
-74.9 -507.4 2654.6 0.9819999337 -0.0993634388 0.1606332362 0.0941329226 0.9947609901 0.0398693904 -0.1637532413 -0.0240308642 0.9862086177
-246.5 390.5 2556.0 0 0 0 0 0 0 0 0 0
92.7 -247.5 2622.3 0 0 0 0 0 0 0 0 0
-200.5 -826.7 2678.2 0 0 0 0 0 0 0 0 0
-41.7 -840.4 2662.6 0 0 0 0 0 0 0 0 0
-148.6 435.2 2716.3 8 0.9746553898 -0.0025505600 -0.2236969322 -0.0069001527 0.9991164804 -0.0414559916 0.2236050367 0.0419488475 0.9737766981
-148.1 246.4 2708.4 0.9746553898 -0.0025505600 -0.2236969322 -0.0069001527 0.9991164804 -0.0414559916 0.2236050367 0.0419488475 0.9737766981
-120.0 54.7 2702.1 0.9642319679 -0.1447818130 -0.2220247537 0.1337512583 0.9889448881 -0.0640199631 0.2288391739 0.0320340060 0.9729370475
-279.7 228.1 2677.1 0.4109072685 -0.8444046378 -0.3437092006 0.1346002370 0.4290659130 -0.8931882381 0.9016861916 0.3207542002 0.2899633646
-370.1 198.5 2478.7 -0.5211341977 -0.8444046378 -0.1240965277 -0.7966182232 0.4290659130 0.4257955849 -0.3062981665 0.3207542002 -0.8962690234
-16.5 264.7 2739.6 0.2946094275 0.4259321094 0.8554455638 -0.9500483871 0.2270514667 0.2141395062 -0.1030212715 -0.8758021593 0.4715476036
67.9 -7.6 2710.1 0.0924399719 0.4175346792 0.9039466977 -0.9345992804 0.3495478332 -0.0658822060 -0.3434807360 -0.8387377858 0.4225398004
-184.3 -146.6 2673.3 0.9393092990 0.1093357429 0.3251825869 -0.0825431049 0.9920376539 -0.0951209068 -0.3329934776 0.0625063777 0.9408550858
-226.8 -531.6 2649.0 0.9362776279 -0.0849033892 0.3408454955 0.0484291576 0.9922832251 0.1141428500 -0.3479064107 -0.0903625339 0.9331643581
-11.7 -126.3 2715.3 0.9769269228 0.1644652635 0.1362532228 -0.1396222562 0.9745686054 -0.1752760708 -0.1616149396 0.1522079408 0.9750453234
-75.5 -504.4 2656.2 0.9807066321 -0.1006032377 0.1676111370 0.0965408236 0.9948069453 0.0322327837 -0.1699834466 -0.0154295880 0.9853261113
-241.4 395.2 2554.3 0 0 0 0 0 0 0 0 0
92.7 -257.6 2618.2 0 0 0 0 0 0 0 0 0
-202.0 -820.9 2675.3 0 0 0 0 0 0 0 0 0
-42.0 -836.0 2661.4 0 0 0 0 0 0 0 0 0
-147.9 436.8 2716.6 9 0.9738461971 0.0028996808 -0.2271898538 -0.0158557557 0.9983481169 -0.0552233122 0.2266544402 0.0573812760 0.9722834826
-148.4 246.1 2705.7 0.9738461971 0.0028996808 -0.2271898538 -0.0158557557 0.9983481169 -0.0552233122 0.2266544402 0.0573812760 0.9722834826
-118.9 54.4 2700.5 0.9619694948 -0.1523327082 -0.2267364115 0.1420129240 0.9879679680 -0.0612505563 0.2333387882 0.0267216638 0.9720282555
-279.8 226.7 2673.8 0.4062964320 -0.8417004347 -0.3556172252 0.1262656748 0.4371720552 -0.8904704452 0.9049752355 0.3168927133 0.2838993073
-367.5 199.4 2478.4 -0.5309179425 -0.8417004347 -0.0983185768 -0.7769667506 0.4371720552 0.4529936314 -0.3383027911 0.3168927133 -0.8860757351
-17.1 265.5 2737.6 0.3066851199 0.4246769845 0.8518179059 -0.9454299212 0.2393745333 0.2210477442 -0.1100296155 -0.8731261492 0.4749149382
71.6 -7.7 2705.8 0.0764573738 0.4194698632 0.9045436978 -0.9425678849 0.3262456656 -0.0716205835 -0.3251461387 -0.8471179605 0.4203227162
-178.2 -149.1 2675.3 0.9389376044 0.1254962683 0.3203855157 -0.1008488387 0.9905954003 -0.0924675465 -0.3289767504 0.0545107499 0.9427634478
-226.9 -533.5 2654.1 0.9371586442 -0.0855183080 0.3382607400 0.0562830567 0.9938532710 0.0953302979 -0.3443340361 -0.0703012645 0.9362114072
-5.7 -125.1 2716.3 0.9747022986 0.1813381314 0.1306595206 -0.1566204429 0.9712039232 -0.1795353144 -0.1594536304 0.1545295268 0.9750359654
-76.0 -502.0 2656.3 0.9807316065 -0.1020156220 0.1666081548 0.0977578163 0.9946435094 0.0335817263 -0.1691415757 -0.0166474115 0.9854511619
-236.3 391.4 2562.0 0 0 0 0 0 0 0 0 0
92.4 -264.7 2617.1 0 0 0 0 0 0 0 0 0
-201.9 -823.9 2674.7 0 0 0 0 0 0 0 0 0
-41.5 -838.6 2662.0 0 0 0 0 0 0 0 0 0
-148.7 437.6 2715.3 0 0.9701026082 0.0063019255 -0.2426132560 -0.0187902991 0.9986124039 -0.0491949059 0.2419665903 0.0522828847 0.9688749313
-149.9 246.9 2705.3 0.9701026082 0.0063019255 -0.2426132560 -0.0187902991 0.9986124039 -0.0491949059 0.2419665903 0.0522828847 0.9688749313
-120.2 55.2 2699.4 0.9582881927 -0.1532021761 -0.2412732691 0.1409601867 0.9877241850 -0.0673137903 0.2486240715 0.0304960888 0.9681198597
-280.8 227.6 2671.4 0.4031226635 -0.8316559792 -0.3818905950 0.1476297528 0.4709327817 -0.8697285652 0.9031597972 0.2942288816 0.3126208484
-367.6 195.8 2476.8 -0.5485571623 -0.8316559792 -0.0862169564 -0.7790285945 0.4709327817 0.4139284492 -0.3036436737 0.2942288816 -0.9062173367
-19.0 266.1 2739.3 0.3166374862 0.4281853735 0.8464029431 -0.9381197095 0.2733054161 0.2126864940 -0.1402572840 -0.8613718152 0.4882279038
72.5 -5.1 2698.7 0.0708318427 0.4266229272 0.9016516805 -0.9529502988 0.2960300744 -0.0652069822 -0.2947348058 -0.8546105027 0.4275187850
-175.4 -150.0 2674.3 0.9421053529 0.1363060921 0.3063627779 -0.1114789993 0.9890007377 -0.0972111151 -0.3162434995 0.0574300922 0.9469381571
-228.3 -533.9 2652.0 0.9405230284 -0.0933732912 0.3266463578 0.0666739121 0.9935218692 0.0920263082 -0.3331230879 -0.0647740737 0.9406557679
-3.2 -124.5 2716.1 0.9761916399 0.1825563759 0.1171452925 -0.1599327326 0.9706097841 -0.1798281223 -0.1465311348 0.1568113416 0.9766979218
-74.0 -501.3 2655.3 0.9832809567 -0.0985304564 0.1531348675 0.0950804055 0.9950261712 0.0297099296 -0.1553005278 -0.0146530829 0.9877585769
-232.8 387.3 2551.4 0 0 0 0 0 0 0 0 0
92.1 -268.9 2617.1 0 0 0 0 0 0 0 0 0
-201.3 -821.9 2670.8 0 0 0 0 0 0 0 0 0
-40.6 -839.4 2660.2 0 0 0 0 0 0 0 0 0
-146.5 438.1 2696.6 1 0.9701615572 0.0372270867 -0.2395845205 -0.0273923948 0.9986448884 0.0442499146 0.2409071624 -0.0363667682 0.9698665738
-153.6 246.9 2703.6 0.9701615572 0.0372270867 -0.2395845205 -0.0273923948 0.9986448884 0.0442499146 0.2409071624 -0.0363667682 0.9698665738
-120.9 55.8 2696.9 0.9579951167 -0.1689294279 -0.2317503393 0.1558552682 0.9850231409 -0.0737466812 0.2407374233 0.0345294513 0.9699758887
-284.5 225.6 2670.7 0.4011829793 -0.8294805884 -0.3886054456 0.1238565519 0.4694689214 -0.8742188215 0.9075856805 0.3025903702 0.2910795510
-371.1 198.9 2474.7 -0.5525291562 -0.8294805884 -0.0816917270 -0.7689476609 0.4694689214 0.4339566827 -0.3216069043 0.3025903702 -0.8972223997
-22.8 268.2 2736.5 0.3321583569 0.4223220050 0.8433948755 -0.9349972606 0.2652606964 0.2354078144 -0.1243016124 -0.8667646050 0.4829784632
73.9 -4.0 2700.3 0.0643105954 0.4205099940 0.9050058126 -0.9528643489 0.2953263521 -0.0695116073 -0.2965023816 -0.8578774333 0.4196815789
-176.3 -149.1 2671.2 0.9389382601 0.1361901313 0.3159860671 -0.1113298535 0.9891816974 -0.0955261514 -0.3255773485 0.0545144752 0.9439425468
-229.1 -533.1 2650.0 0.9367352724 -0.0946250856 0.3370061219 0.0618970841 0.9923743010 0.1065924913 -0.3445225656 -0.0789892524 0.9354490638
-4.6 -123.8 2715.7 0.9759033322 0.1774326861 0.1270053536 -0.1518121362 0.9701927304 -0.1888891160 -0.1567347795 0.1650565714 0.9737507701
-73.5 -500.5 2651.6 0.9817204475 -0.0941333547 0.1654201448 0.0876124427 0.9950780272 0.0463009328 -0.1689644158 -0.0309617128 0.9851357341
-233.8 390.0 2554.6 0 0 0 0 0 0 0 0 0
91.9 -271.2 2617.2 0 0 0 0 0 0 0 0 0
-201.1 -826.8 2673.4 0 0 0 0 0 0 0 0 0
-41.2 -842.1 2662.3 0 0 0 0 0 0 0 0 0
-146.0 441.6 2695.8 2 0.9696298242 0.0545706563 -0.2384115010 -0.0445463210 0.9978898764 0.0472379215 0.2404862344 -0.0351829417 0.9700146914
-156.7 246.0 2702.7 0.9696298242 0.0545706563 -0.2384115010 -0.0445463210 0.9978898764 0.0472379215 0.2404862344 -0.0351829417 0.9700146914
-122.8 55.0 2696.1 0.9571598172 -0.1745370626 -0.2310451120 0.1614691019 0.9840646386 -0.0744616985 0.2403596491 0.0339650996 0.9700894952
-287.4 224.0 2669.9 0.3851728439 -0.8358417749 -0.3911654651 0.1065327302 0.4613077939 -0.8808211684 0.9166747928 0.2975964546 0.2667277455
-371.9 200.6 2469.0 -0.5432704091 -0.8358417749 -0.0789039582 -0.7729934454 0.4613077939 0.4355183542 -0.3276254237 0.2975964546 -0.8967150450
-25.9 268.1 2735.5 0.3576750159 0.4179511666 0.8350960612 -0.9260468483 0.2740773857 0.2594586313 -0.1204399094 -0.8661399484 0.4850730002
72.3 13.7 2702.5 0.0845281854 0.4168142676 0.9050529599 -0.9568347931 0.2874322534 -0.0430100299 -0.2780686021 -0.8623505831 0.4231185317
-173.9 -149.4 2668.6 0.9377808571 0.1444691569 0.3157463074 -0.1182780117 0.9878609180 -0.1007029414 -0.3264619112 0.0570914485 0.9434846044
-230.0 -532.9 2646.4 0.9352847934 -0.0995147452 0.3396162391 0.0630994886 0.9911654592 0.1166598722 -0.3482252657 -0.0876805931 0.9333012700
-2.3 -121.4 2711.7 0.9736925960 0.1884187609 0.1281448901 -0.1625723094 0.9684796333 -0.1887259483 -0.1596652120 0.1629282534 0.9736331105
-75.4 -497.4 2648.5 0.9802500606 -0.0995897576 0.1708559245 0.0910260603 0.9942007065 0.0572640933 -0.1755679995 -0.0405807868 0.9836305380
-235.4 394.8 2551.3 0 0 0 0 0 0 0 0 0
96.0 -253.9 2624.7 0 0 0 0 0 0 0 0 0
-200.8 -823.3 2672.1 0 0 0 0 0 0 0 0 0
-41.2 -839.1 2662.4 0 0 0 0 0 0 0 0 0
-145.9 442.8 2695.9 3 0.9706885815 0.0504842959 -0.2349787354 -0.0441975333 0.9985118508 0.0319481045 0.2362419367 -0.0206261817 0.9714753032
-155.9 245.7 2700.0 0.9706885815 0.0504842959 -0.2349787354 -0.0441975333 0.9985118508 0.0319481045 0.2362419367 -0.0206261817 0.9714753032
-123.5 54.4 2695.7 0.9589042068 -0.1667363197 -0.2295686156 0.1569466740 0.9857586622 -0.0603956804 0.2363694012 0.0218836423 0.9714168310
-286.9 224.3 2667.7 0.3735536635 -0.8435820937 -0.3857809305 0.0937236771 0.4480835497 -0.8890652657 0.9228615761 0.2959567606 0.2464468628
-368.2 203.9 2466.8 -0.5313271880 -0.8435820937 -0.0778503641 -0.7763639092 0.4480835497 0.4432608485 -0.3390434682 0.2959567606 -0.8930056691
-24.9 267.1 2732.3 0.3353523910 0.4269227982 0.8398069143 -0.9378072619 0.2362080216 0.2544076741 -0.0897566974 -0.8728932738 0.4795842469
67.3 9.2 2707.6 0.0938396305 0.4206762910 0.9023444653 -0.9480460882 0.3144874871 -0.0480228290 -0.3039781153 -0.8509577513 0.4283319116
-174.7 -150.4 2668.0 0.9378005266 0.1408571601 0.3173159659 -0.1185117215 0.9889777899 -0.0887577459 -0.3263205886 0.0456313975 0.9441571236
-229.4 -534.3 2650.2 0.9360560179 -0.0971173346 0.3381823897 0.0671289787 0.9927908778 0.0992976427 -0.3453879058 -0.0702463165 0.9358272552
-3.2 -121.5 2711.0 0.9744791389 0.1865788698 0.1248147562 -0.1599364430 0.9672338367 -0.1971776336 -0.1575142294 0.1721830666 0.9723899961
-75.6 -497.0 2644.2 0.9802355766 -0.1021897197 0.1693974882 0.0926134586 0.9936739206 0.0635207295 -0.1748170257 -0.0465767868 0.9834986329
-235.6 397.6 2551.5 0 0 0 0 0 0 0 0 0
94.0 -260.0 2621.2 0 0 0 0 0 0 0 0 0
-201.2 -822.5 2670.6 0 0 0 0 0 0 0 0 0
-40.3 -840.1 2660.3 0 0 0 0 0 0 0 0 0
-146.7 440.5 2696.4 4 0.9703487754 0.0412018709 -0.2381715924 -0.0383636765 0.9991269112 0.0165416524 0.2386451960 -0.0069140340 0.9710822105
-154.7 245.5 2697.8 0.9703487754 0.0412018709 -0.2381715924 -0.0383636765 0.9991269112 0.0165416524 0.2386451960 -0.0069140340 0.9710822105
-122.2 54.2 2693.8 0.9578350186 -0.1676901430 -0.2333068103 0.1579918563 0.9856284261 -0.0597926863 0.2399804741 0.0204109531 0.9705631137
-285.6 224.0 2665.0 0.3939872980 -0.8393505812 -0.3745191991 0.1048788577 0.4458718002 -0.8889312148 0.9131125212 0.3109484613 0.2636979520
-371.0 201.2 2467.1 -0.5344308019 -0.8393505812 -0.0993697941 -0.7814316750 0.4458718002 0.4365350306 -0.3220997453 0.3109484613 -0.8941827416
-23.9 267.1 2730.6 0.3374167979 0.4236602187 0.8406318426 -0.9350767136 0.2538097501 0.2474109083 -0.1085424051 -0.8695358634 0.4817944765
69.7 7.8 2700.5 0.0944002867 0.4190590680 0.9030382633 -0.9506812692 0.3071527481 -0.0431549326 -0.2954551280 -0.8544276953 0.4273869097
-177.1 -151.0 2670.3 0.9411618710 0.1225435138 0.3149562776 -0.1029273644 0.9916066527 -0.0782446861 -0.3219011128 0.0412232913 0.9458754063
-224.6 -535.9 2654.3 0.9399417043 -0.0833543465 0.3310009837 0.0570241176 0.9944430590 0.0884946138 -0.3365380466 -0.0643047392 0.9394716620
-5.2 -122.9 2712.6 0.9757317305 0.1808058918 0.1235185191 -0.1565333903 0.9703955054 -0.1839289516 -0.1531172544 0.1601305306 0.9751478434
-75.4 -499.6 2650.5 0.9810889959 -0.1058459729 0.1620523930 0.0996477455 0.9939619899 0.0459330752 -0.1659357548 -0.0289162826 0.9857125282
-236.0 398.6 2548.4 0 0 0 0 0 0 0 0 0
96.5 -261.8 2616.7 0 0 0 0 0 0 0 0 0
-200.1 -828.8 2673.2 0 0 0 0 0 0 0 0 0
-38.9 -842.3 2660.4 0 0 0 0 0 0 0 0 0
-147.1 439.9 2695.7 5 0.9708484411 0.0347672366 -0.2371594012 -0.0341778509 0.9993939996 0.0065974942 0.2372450531 0.0017004315 0.9714483619
-153.9 245.4 2695.4 0.9708484411 0.0347672366 -0.2371594012 -0.0341778509 0.9993939996 0.0065974942 0.2372450531 0.0017004315 0.9714483619
-122.0 53.9 2692.6 0.9583957195 -0.1644906998 -0.2332819551 0.1564353257 0.9862783551 -0.0527544394 0.2387585491 0.0140660880 0.9709770679
-284.9 224.0 2662.7 0.3761073649 -0.8453894854 -0.3792886436 0.0600086041 0.4307088256 -0.9004936814 0.9246308208 0.3159217238 0.2127234191
-364.4 211.3 2467.2 -0.5228819251 -0.8453894854 -0.1091382131 -0.7881389856 0.4307088256 0.4396894276 -0.3247020245 0.3159217238 -0.8914942741
-23.0 266.7 2728.0 0.3384173512 0.4205597639 0.8417857289 -0.9342402816 0.2571654022 0.2471053004 -0.1125556082 -0.8700548410 0.4799331129
71.0 7.4 2696.7 0.0952199399 0.4169685245 0.9039194584 -0.9541783929 0.2970050275 -0.0364910178 -0.2836842239 -0.8590257764 0.4261431694
-175.5 -151.2 2668.3 0.9411624074 0.1305829585 0.3117071688 -0.1048810408 0.9896525145 -0.0979177281 -0.3212681711 0.0594643131 0.9451194406
-226.1 -535.3 2645.3 0.9392283559 -0.0857385620 0.3324139118 0.0495522767 0.9920284748 0.1158621535 -0.3396979272 -0.0923491567 0.9359898567
-3.8 -122.9 2711.4 0.9756658077 0.1822301894 0.1219359264 -0.1581352651 0.9700468183 -0.1843972951 -0.1518863142 0.1606277674 0.9752585888
-74.6 -499.5 2649.0 0.9818118215 -0.1006593853 0.1609759182 0.0943686590 0.9944611192 0.0462776050 -0.1647425741 -0.0302448161 0.9858728051
-231.2 412.1 2549.9 0 0 0 0 0 0 0 0 0
97.9 -262.9 2616.4 0 0 0 0 0 0 0 0 0
-201.1 -825.3 2672.3 0 0 0 0 0 0 0 0 0
-39.8 -842.7 2659.4 0 0 0 0 0 0 0 0 0
-145.0 444.3 2704.8 6 0.9716570973 0.0197512489 -0.2355681658 -0.0343554132 0.9977222085 -0.0580529235 0.2338849753 0.0645005777 0.9701223969
-149.1 238.9 2691.6 0.9716570973 0.0197512489 -0.2355681658 -0.0343554132 0.9977222085 -0.0580529235 0.2338849753 0.0645005777 0.9701223969
-119.5 47.1 2691.7 0.9594817162 -0.1523228735 -0.2370498478 0.1480441988 0.9883305430 -0.0358559415 0.2397452891 -0.0006907338 0.9708355665
-280.2 218.7 2658.8 0.4050977528 -0.8417140245 -0.3569500148 0.0510180630 0.4106221795 -0.9103771448 0.9128488302 0.3505808413 0.2092847377
-365.4 208.0 2466.7 -0.5194812417 -0.8417140245 -0.1471621841 -0.7928810716 0.4106221795 0.4502543807 -0.3185573816 0.3505808413 -0.8806896806
-18.0 259.2 2724.3 0.3308128119 0.4222333431 0.8439679742 -0.9372200370 0.2515934706 0.2414940596 -0.1103699803 -0.8708729744 0.4789558649
70.8 7.6 2694.7 0.0968095288 0.4179227352 0.9033097625 -0.9533867240 0.2995463908 -0.0364109129 -0.2858001292 -0.8576785922 0.4274409115
-175.9 -151.5 2668.5 0.9438047409 0.1281276494 0.3046569824 -0.0993303284 0.9891454577 -0.1082806066 -0.3152238131 0.0719340742 0.9462871552
-225.6 -535.5 2640.6 0.9412778616 -0.0854939446 0.3266294599 0.0431641266 0.9899426699 0.1347234994 -0.3348624706 -0.1127135679 0.9355013371
-4.2 -123.5 2711.3 0.9759036303 0.1842128932 0.1169519648 -0.1631575674 0.9719392061 -0.1694514304 -0.1448853314 0.1462866664 0.9785746932
-75.7 -500.8 2654.5 0.9829153419 -0.1032200009 0.1523912996 0.0991010889 0.9944825172 0.0344016105 -0.1551014185 -0.0187117252 0.9877213240
-234.1 408.4 2547.3 0 0 0 0 0 0 0 0 0
98.2 -262.8 2613.6 0 0 0 0 0 0 0 0 0
-200.4 -827.6 2673.9 0 0 0 0 0 0 0 0 0
-40.1 -843.3 2661.0 0 0 0 0 0 0 0 0 0
-145.3 449.1 2718.9 7 0.9710380435 -0.0407548547 -0.2354233265 0.0029180876 0.9872940183 -0.1588774174 0.2389070690 0.1535890400 0.9588189721
-135.9 222.8 2683.7 0.9710380435 -0.0407548547 -0.2354233265 0.0029180876 0.9872940183 -0.1588774174 0.2389070690 0.1535890400 0.9588189721
-120.9 30.0 2690.6 0.9661598802 -0.0780228227 -0.2458606809 0.0843839943 0.9963138700 0.0154283140 0.2437506467 -0.0356529243 0.9691823721
-267.6 211.2 2650.2 0.4626026750 -0.8300362825 -0.3115100563 0.0313909985 0.3664819896 -0.9298954606 0.8860098124 0.4203934968 0.1955912113
-365.0 204.6 2463.6 -0.5152041912 -0.8300362825 -0.2135519087 -0.7924952507 0.3664819896 0.4874856472 -0.3263678551 0.4203934968 -0.8466128707
-4.3 234.3 2717.1 0.3147660494 0.4326010346 0.8448542356 -0.9442228079 0.2334659547 0.2322432399 -0.0967760384 -0.8708329201 0.4819589257
71.3 7.5 2693.9 0.0964183956 0.4273167253 0.8989459872 -0.9547393322 0.2950270772 -0.0378393903 -0.2813828290 -0.8546106815 0.4364221096
-175.9 -158.0 2670.3 0.9492183924 0.1218671277 0.2900566161 -0.0991079137 0.9908185005 -0.0919584185 -0.2986001670 0.0585417151 0.9525811076
-223.2 -542.6 2647.6 0.9475930333 -0.0807469860 0.3091073334 0.0463961326 0.9920569658 0.1169204190 -0.3160930276 -0.0964515880 0.9438126087
-4.4 -131.9 2713.4 0.9792131186 0.1805472225 0.0924359336 -0.1638135910 0.9726786613 -0.1645032614 -0.1196110696 0.1459414959 0.9820357561
-74.4 -509.0 2656.8 0.9868391156 -0.1032583117 0.1244438589 0.1016113907 0.9946324825 0.0195267461 -0.1257922053 -0.0066248444 0.9920344949
-235.0 404.7 2546.0 0 0 0 0 0 0 0 0 0
98.7 -263.0 2614.2 0 0 0 0 0 0 0 0 0
-200.7 -819.9 2674.6 0 0 0 0 0 0 0 0 0
-39.6 -844.2 2659.1 0 0 0 0 0 0 0 0 0
-145.1 450.8 2716.4 8 0.9666946530 -0.0730293319 -0.2452919632 0.0313065387 0.9849690795 -0.1698700935 0.2540104985 0.1565332711 0.9544506073
-127.5 213.8 2678.8 0.9666946530 -0.0730293319 -0.2452919632 0.0313065387 0.9849690795 -0.1698700935 0.2540104985 0.1565332711 0.9544506073
-121.4 20.8 2691.4 0.9658467770 -0.0316211693 -0.2571772039 0.0473675244 0.9973476529 0.0552633330 0.2547475994 -0.0655577630 0.9647827744
-259.2 207.3 2643.8 0.5092322826 -0.8137900233 -0.2800505757 0.0193195529 0.3361293375 -0.9416176677 0.8604122400 0.4740916491 0.1868899763
-366.2 203.2 2463.0 -0.5262779593 -0.8137900233 -0.2465306669 -0.7722834349 0.3361293375 0.5390689373 -0.3558227420 0.4740916491 -0.8053740263
4.2 220.3 2713.7 0.2770332694 0.4469963312 0.8505567908 -0.9565781951 0.2117811888 0.2002671212 -0.0906132683 -0.8691046834 0.4862573743
68.5 -1.9 2692.7 0.1111947447 0.4383367896 0.8919061422 -0.9519386888 0.3047083020 -0.0310730897 -0.2853916883 -0.8455848098 0.4511517286
-192.1 -170.3 2675.5 0.9587346315 0.0788195729 0.2731581330 -0.0593485534 0.9951192141 -0.0788384378 -0.2780389190 0.0593735985 0.9587330818
-222.7 -556.2 2652.5 0.9560853243 -0.0767141506 0.2828706205 0.0498144031 0.9936282635 0.1011010930 -0.2888241410 -0.0825702399 0.9538148642
-19.6 -155.4 2719.4 0.9889022708 0.1334019899 0.0653930008 -0.1200687140 0.9768509865 -0.1770469993 -0.0874976441 0.1672305167 0.9820275307
-71.3 -533.9 2654.6 0.9908935428 -0.0995729044 0.0906379670 0.0980663896 0.9949595928 0.0209368151 -0.0922658592 -0.0118576167 0.9956638217
-233.3 398.2 2552.8 0 0 0 0 0 0 0 0 0
99.0 -263.0 2614.4 0 0 0 0 0 0 0 0 0
-202.0 -823.9 2674.7 0 0 0 0 0 0 0 0 0
-40.3 -843.8 2658.3 0 0 0 0 0 0 0 0 0
-139.2 455.1 2715.2 9 0.9644310474 -0.0632381514 -0.2566587329 0.0201530941 0.9857262969 -0.1671450585 0.2635652125 0.1560274214 0.9519395232
-123.5 209.9 2676.4 0.9644310474 -0.0632381514 -0.2566587329 0.0201530941 0.9857262969 -0.1671450585 0.2635652125 0.1560274214 0.9519395232
-122.5 16.8 2692.1 0.9642012715 -0.0053787758 -0.2651168406 0.0267906170 0.9966545105 0.0772141293 0.2638145685 -0.0815526098 0.9611196518
-255.0 206.2 2640.2 0.5229485631 -0.8085185885 -0.2698565125 0.0226093903 0.3296441436 -0.9438344836 0.8520643115 0.4874756038 0.1906670481
-364.9 201.5 2461.2 -0.5222214460 -0.8085185885 -0.2712608874 -0.7837687135 0.3296441436 0.5263471603 -0.3361419141 0.4874756038 -0.8058388233
8.1 213.6 2712.5 0.2591141462 0.4592193961 0.8496925235 -0.9628324509 0.1922620088 0.1897075325 -0.0762462094 -0.8672674894 0.4919691682
69.1 -13.3 2694.6 0.0992080942 0.4506622255 0.8871647716 -0.9505698681 0.3065520227 -0.0494239554 -0.2942356765 -0.8384088278 0.4587983787
-201.7 -176.4 2681.1 0.9633719325 0.0566890389 0.2621084154 -0.0410959199 0.9970647097 -0.0645991713 -0.2650011182 0.0514614433 0.9628738761
-223.7 -563.2 2661.2 0.9598582387 -0.0844550952 0.2674686313 0.0663918704 0.9949035048 0.0758888423 -0.2725146711 -0.0550847910 0.9605734944
-29.1 -168.0 2727.0 0.9945939183 0.0916924849 0.0487387404 -0.0813994408 0.9798619747 -0.1823312640 -0.0644756407 0.1773782521 0.9820284247
-64.6 -547.7 2658.3 0.9948493838 -0.0770614222 0.0658500195 0.0762794614 0.9969837666 0.0143114943 -0.0667542666 -0.0092147775 0.9977269173
-234.3 397.5 2545.2 0 0 0 0 0 0 0 0 0
95.6 -267.3 2615.9 0 0 0 0 0 0 0 0 0
-201.3 -827.0 2675.8 0 0 0 0 0 0 0 0 0
-41.9 -841.7 2661.0 0 0 0 0 0 0 0 0 0
-143.2 455.3 2714.6 0 0.9641782045 -0.0875275210 -0.2503982186 0.0435032360 0.9833866358 -0.1762333363 0.2616635263 0.1590272188 0.9519677162
-120.9 205.1 2674.1 0.9641782045 -0.0875275210 -0.2503982186 0.0435032360 0.9833866358 -0.1762333363 0.2616635263 0.1590272188 0.9519677162
-122.2 11.9 2690.9 0.9652995467 0.0067974050 -0.2610566914 0.0160070471 0.9962413907 0.0851288363 0.2606541216 -0.0863535702 0.9615625143
-252.7 202.9 2638.5 0.5530843139 -0.7902808785 -0.2637307346 0.0081222197 0.3216556609 -0.9468218684 0.8330857158 0.5215302110 0.1843215227
-369.8 201.2 2462.1 -0.5414471030 -0.7902808785 -0.2868644297 -0.7650518417 0.3216556609 0.5578829050 -0.3486126363 0.5215302110 -0.7787653208
10.9 207.3 2709.8 0.2203746587 0.4659430683 0.8569318056 -0.9739829898 0.1527078301 0.1674439162 -0.0528408550 -0.8715373874 0.4874735475
63.2 -23.9 2697.3 0.0949288383 0.4562167227 0.8847908378 -0.9385781288 0.3372182548 -0.0731771588 -0.3317522705 -0.8234987259 0.4602068067
-207.8 -178.7 2684.2 0.9631975293 0.0508650951 0.2639380097 -0.0333942808 0.9969692230 -0.0702651665 -0.2667120993 0.0588652119 0.9619768858
-227.5 -565.6 2661.4 0.9580997825 -0.1000114679 0.2684073150 0.0852165371 0.9941576719 0.0662471652 -0.2734646499 -0.0405986570 0.9610248804
-35.3 -173.9 2731.6 0.9961608052 0.0731212944 0.0481341965 -0.0624639466 0.9789336920 -0.1943890303 -0.0613341630 0.1906360835 0.9797428250
-63.6 -553.5 2657.7 0.9950912595 -0.0767069981 0.0625254363 0.0757654235 0.9969756603 0.0172968674 -0.0636631250 -0.0124746952 0.9978934526
-233.3 394.0 2549.9 0 0 0 0 0 0 0 0 0
88.0 -269.5 2610.5 0 0 0 0 0 0 0 0 0
-201.5 -824.2 2671.9 0 0 0 0 0 0 0 0 0
-41.4 -842.3 2661.3 0 0 0 0 0 0 0 0 0
-144.4 451.9 2714.8 1 0.9648246169 -0.0977873951 -0.2440309078 0.0518416874 0.9807897210 -0.1880529672 0.2577322423 0.1687871665 0.9513595700
-119.5 202.3 2671.8 0.9648246169 -0.0977873951 -0.2440309078 0.0518416874 0.9807897210 -0.1880529672 0.2577322423 0.1687871665 0.9513595700
-122.7 9.1 2689.0 0.9666775465 0.0164392795 -0.2554688156 0.0068168738 0.9959290624 0.0898821130 0.2559064031 -0.0886285156 0.9626302123
-251.5 201.4 2636.8 0.5439102650 -0.7986883521 -0.2574073672 0.0004241342 0.3070117831 -0.9517056346 0.8391432762 0.5175333023 0.1673256159
-367.5 201.3 2457.9 -0.5260517001 -0.7986883521 -0.2921755314 -0.7738313675 0.3070117831 0.5540114641 -0.3527811766 0.5175333023 -0.7795541883
12.5 203.2 2706.8 0.2147391587 0.4647650719 0.8589997292 -0.9758199453 0.1388162673 0.1688356847 -0.0407742038 -0.8744847178 0.4833362997
64.4 -32.5 2697.0 0.0402447283 0.4657768905 0.8839865923 -0.9364619255 0.3261098862 -0.1291951686 -0.3484528959 -0.8226203322 0.4493065476
-210.0 -182.7 2684.2 0.9626223445 0.0392272510 0.2679915428 -0.0212973151 0.9973554015 -0.0694881529 -0.2700086534 0.0611833483 0.9609120488
-225.2 -569.8 2660.5 0.9582276940 -0.0918775350 0.2708472610 0.0740172938 0.9943981171 0.0754574090 -0.2762628496 -0.0522579961 0.9596603513
-37.2 -179.8 2731.0 0.9961569309 0.0707479715 0.0516336635 -0.0601227470 0.9810350537 -0.1842702180 -0.0636911765 0.1804576963 0.9815184474
-64.6 -560.5 2661.0 0.9945715666 -0.0819140002 0.0641681254 0.0816949904 0.9966391325 0.0060338420 -0.0644467175 -0.0007588734 0.9979208708
-234.5 396.9 2547.1 0 0 0 0 0 0 0 0 0
74.8 -274.6 2606.9 0 0 0 0 0 0 0 0 0
-201.2 -829.7 2674.1 0 0 0 0 0 0 0 0 0
-41.5 -842.5 2661.2 0 0 0 0 0 0 0 0 0
-143.8 448.8 2714.4 2 0.9659079909 -0.0996449515 -0.2389406264 0.0526218675 0.9792595506 -0.1956569105 0.2534811199 0.1764130741 0.9511181712
-118.6 201.2 2669.8 0.9659079909 -0.0996449515 -0.2389406264 0.0526218675 0.9792595506 -0.1956569105 0.2534811199 0.1764130741 0.9511181712
-123.0 8.1 2687.7 0.9679049253 0.0224076398 -0.2503156662 0.0015662829 0.9954600334 0.0951675326 0.2513117194 -0.0925051868 0.9634755850
-250.8 201.0 2635.4 0.5449809432 -0.7953514457 -0.2653523684 0.0044383719 0.3192124069 -0.9476727843 0.8384366632 0.5152859092 0.1774947345
-365.8 200.1 2458.5 -0.5238476992 -0.7953514457 -0.3049584925 -0.7896726131 0.3192124069 0.5239471197 -0.3193755746 0.5152859092 -0.7952859402
13.6 201.4 2704.1 0.2203538865 0.4609045982 0.8596575856 -0.9748114944 0.1351814717 0.1773935854 -0.0344482511 -0.8770934343 0.4790828526
67.3 -36.3 2695.7 -0.0564583577 0.4789166451 0.8760429621 -0.9242630005 0.3067441881 -0.2272574306 -0.3775584400 -0.8225246668 0.4253266752
-212.5 -184.8 2683.3 0.9618000984 0.0302790534 0.2720731497 -0.0121115791 0.9975976348 -0.0682073683 -0.2734847963 0.0623066165 0.9598562121
-224.2 -572.0 2659.1 0.9577931166 -0.0881563947 0.2736070156 0.0700907558 0.9947070479 0.0751345605 -0.2787824273 -0.0527860411 0.9589024782
-39.4 -183.5 2729.2 0.9965692163 0.0615646280 0.0553133190 -0.0508300476 0.9827190638 -0.1779874116 -0.0653151795 0.1745652109 0.9824769497
-63.2 -564.9 2661.4 0.9947178364 -0.0789005011 0.0656591281 0.0787339360 0.9968824983 0.0051246155 -0.0658587664 0.0000720549 0.9978289604
-234.8 397.6 2538.4 0 0 0 0 0 0 0 0 0
52.9 -273.1 2599.0 0 0 0 0 0 0 0 0 0
-201.7 -826.3 2672.6 0 0 0 0 0 0 0 0 0
-41.3 -841.8 2661.4 0 0 0 0 0 0 0 0 0
-144.8 450.4 2714.2 3 0.9632081389 -0.1061358824 -0.2469114661 0.0586065240 0.9795569181 -0.1924408823 0.2622887194 0.1708900034 0.9497374296
-117.6 199.9 2670.5 0.9632081389 -0.1061358824 -0.2469114661 0.0586065240 0.9795569181 -0.1924408823 0.2622887194 0.1708900034 0.9497374296
-122.0 6.6 2687.6 0.9656344056 0.0223634355 -0.2589401901 0.0013933596 0.9958314896 0.0912013277 0.2599003613 -0.0884279460 0.9615780115
-249.5 199.7 2635.0 0.5496024489 -0.7933371663 -0.2618268728 0.0030488488 0.3153077066 -0.9489845634 0.8354207873 0.5207659602 0.1757126451
-365.9 199.1 2458.1 -0.5222244859 -0.7933371663 -0.3128861785 -0.7921200395 0.3153077066 0.5226154327 -0.3159548044 0.5207659602 -0.7930796742
14.3 200.1 2706.0 0.2117388844 0.4659675360 0.8590930700 -0.9757542014 0.1506276876 0.1587924659 -0.0554110669 -0.8718861938 0.4865635335
66.6 -41.2 2692.3 -0.1424796879 0.4912696779 0.8592750430 -0.9070391059 0.2827003002 -0.3120266795 -0.3962065578 -0.8238535523 0.4053217471
-214.0 -185.3 2683.2 0.9640640020 0.0325039886 0.2636743188 -0.0146586951 0.9974834919 -0.0693669170 -0.2652654946 0.0630090237 0.9621143937
-226.6 -572.5 2658.7 0.9588004947 -0.1008735970 0.2655674815 0.0820888057 0.9933331013 0.0809372067 -0.2719613910 -0.0558025204 0.9606888890
-40.6 -185.0 2728.2 0.9969963431 0.0607660078 0.0480182096 -0.0523219258 0.9855855703 -0.1608833969 -0.0571022965 0.1578877568 0.9858046174
-64.2 -567.5 2666.9 0.9951882958 -0.0799361616 0.0566610917 0.0806197077 0.9966959953 -0.0098786177 -0.0556842238 0.0143990852 0.9983446002
-235.1 397.5 2537.2 0 0 0 0 0 0 0 0 0
30.3 -272.7 2591.2 0 0 0 0 0 0 0 0 0
-200.3 -831.5 2673.2 0 0 0 0 0 0 0 0 0
-42.3 -840.7 2663.0 0 0 0 0 0 0 0 0 0
-143.3 450.2 2714.6 4 0.9649901986 -0.1054014489 -0.2401759326 0.0568688177 0.9779995680 -0.2007058561 0.2560466528 0.1800206602 0.9497539997
-116.3 200.2 2668.6 0.9649901986 -0.1054014489 -0.2401759326 0.0568688177 0.9779995680 -0.2007058561 0.2560466528 0.1800206602 0.9497539997
-121.8 7.0 2686.9 0.9673454165 0.0283743441 -0.2518685162 -0.0034618161 0.9951004982 0.0988077149 0.2534381151 -0.0947092697 0.9627041221
-248.5 200.7 2633.9 0.5579562187 -0.7901128531 -0.2537845373 0.0037508744 0.3082101643 -0.9513108730 0.8298619390 0.5298379064 0.1749313921
-365.2 199.9 2460.4 -0.5182318091 -0.7901128531 -0.3273492157 -0.7975111604 0.3082101643 0.5186352134 -0.3088879883 0.5298379064 -0.7898480892
15.8 199.7 2703.2 0.2031209618 0.6789556146 0.7055218816 -0.9778215289 0.1782275736 0.1100000292 -0.0510583222 -0.7122178078 0.7000991702
66.5 -44.1 2690.5 -0.1964315176 0.6789556146 0.7074135542 -0.8906223774 0.1782275736 -0.4183619618 -0.4101297855 -0.7122178078 0.5696835518
-212.8 -186.8 2681.5 0.9622318149 0.0370254628 0.2697018087 -0.0204021465 0.9977296591 -0.0641812980 -0.2714658380 0.0562547892 0.9608026147
-227.2 -574.1 2659.7 0.9571245909 -0.0990082547 0.2722312808 0.0820080563 0.9939427376 0.0731606185 -0.2778258026 -0.0476986691 0.9594465494
-39.8 -186.5 2728.1 0.9964939952 0.0645341873 0.0532451794 -0.0552813858 0.9855780005 -0.1599375457 -0.0627987161 0.1564333439 0.9856900573
-64.9 -569.1 2667.4 0.9945461154 -0.0839110464 0.0619430169 0.0851152614 0.9962250590 -0.0170603525 -0.0602776334 0.0222396031 0.9979338646
-236.1 398.5 2537.3 0 0 0 0 0 0 0 0 0
16.3 -271.5 2585.7 0 0 0 0 0 0 0 0 0
-201.9 -827.5 2671.8 0 0 0 0 0 0 0 0 0
-41.8 -843.3 2661.2 0 0 0 0 0 0 0 0 0
-140.5 451.0 2714.3 5 0.9669818282 -0.0940733999 -0.2368465662 0.0457686111 0.9783694148 -0.2017387152 0.2507016659 0.1842375398 0.9503710866
-116.5 200.8 2667.2 0.9669818282 -0.0940733999 -0.2368465662 0.0457686111 0.9783694148 -0.2017387152 0.2507016659 0.1842375398 0.9503710866
-122.4 7.7 2686.4 0.9686170220 0.0306405351 -0.2466620505 -0.0050916378 0.9946104884 0.1035568714 0.2485057116 -0.0990510359 0.9635527134
-248.8 201.5 2633.2 0.5561087132 -0.7932000756 -0.2481467277 0.0006258316 0.2989723980 -0.9542615414 0.8311093450 0.5305178165 0.1667575538
-365.8 201.3 2458.3 -0.5175353289 -0.7932000756 -0.3209218979 -0.7900729775 0.2989723980 0.5351637006 -0.3285450935 0.5305178165 -0.7814146876
15.8 200.1 2701.1 0.2017054409 0.6557211876 0.7275607586 -0.9780482650 0.1745191514 0.1138623282 -0.0523113459 -0.7345561981 0.6765283942
66.5 -45.7 2688.0 -0.2231696993 0.6557211876 0.7212662697 -0.8846415281 0.1745191514 -0.4323799610 -0.4093954563 -0.7345561981 0.5411307812
-214.0 -185.8 2682.6 0.9609088302 0.0390502885 0.2740972638 -0.0207044203 0.9973664284 -0.0695095807 -0.2760897875 0.0611173473 0.9591866732
-229.2 -573.0 2658.9 0.9549417496 -0.1069471836 0.2768548131 0.0878810883 0.9928795099 0.0804188624 -0.2834840417 -0.0524650253 0.9575406909
-40.7 -186.4 2728.0 0.9966251850 0.0586723126 0.0574086122 -0.0486382097 0.9854620099 -0.1627851576 -0.0661249831 0.1594435275 0.9849900007
-63.5 -569.0 2666.1 0.9946528673 -0.0799523219 0.0653703809 0.0812187716 0.9965522289 -0.0169468690 -0.0637900531 0.0221655536 0.9977171421
-236.2 399.2 2540.6 0 0 0 0 0 0 0 0 0
9.4 -272.0 2583.2 0 0 0 0 0 0 0 0 0
-201.8 -826.8 2672.3 0 0 0 0 0 0 0 0 0
-41.4 -843.3 2660.0 0 0 0 0 0 0 0 0 0
-141.6 452.2 2714.1 6 0.9665482044 -0.0972703323 -0.2373248935 0.0488276929 0.9781574011 -0.2020494938 0.2517945170 0.1837025434 0.9501857162
-116.7 200.9 2666.9 0.9665482044 -0.0972703323 -0.2373248935 0.0488276929 0.9781574011 -0.2020494938 0.2517945170 0.1837025434 0.9501857162
-123.4 8.0 2687.6 0.9683209062 0.0345927775 -0.2473014146 -0.0069426904 0.9937046766 0.1118159816 0.2496125996 -0.1065568179 0.9624651670
-249.0 201.9 2632.8 0.5587649345 -0.7927017212 -0.2437329143 0.0017500245 0.2950191200 -0.9554897547 0.8293242455 0.5334676504 0.1662335694
-366.0 201.5 2459.2 -0.5169785619 -0.7927017212 -0.3230435848 -0.7890637517 0.2950191200 0.5388340354 -0.3318306208 0.5334676504 -0.7780107260
15.6 200.0 2701.0 0.1949735433 0.6413003802 0.7421045303 -0.9790254831 0.1728536934 0.1078458950 -0.0591139011 -0.7475663424 0.6615512967
64.8 -46.8 2686.1 -0.2369331568 0.6413003802 0.7297921181 -0.8820687532 0.1728536934 -0.4382651746 -0.4072068930 -0.7475663424 0.5247161984
-215.1 -184.9 2683.3 0.9614725113 0.0345010273 0.2727275491 -0.0173990540 0.9977414012 -0.0648793727 -0.2743499875 0.0576345287 0.9599012136
-228.5 -572.3 2661.0 0.9553551674 -0.1083465740 0.2748773396 0.0913360715 0.9930678606 0.0739861429 -0.2809879780 -0.0455768257 0.9586284757
-41.6 -185.8 2727.9 0.9964331985 0.0636038110 0.0554567389 -0.0540392324 0.9857089520 -0.1595542878 -0.0648124665 0.1559883505 0.9856302738
-66.3 -568.5 2667.3 0.9938560128 -0.0906331241 0.0635288432 0.0923817307 0.9954061508 -0.0251439884 -0.0609581247 0.0308584087 0.9976631999
-235.9 400.0 2542.6 0 0 0 0 0 0 0 0 0
4.1 -272.7 2581.9 0 0 0 0 0 0 0 0 0
-201.0 -824.5 2672.5 0 0 0 0 0 0 0 0 0
-41.4 -841.8 2658.9 0 0 0 0 0 0 0 0 0
-141.3 453.5 2714.0 7 0.9647386670 -0.0917855352 -0.2466874272 0.0428561978 0.9794979095 -0.1968430579 0.2596971691 0.1793300211 0.9488931298
-117.6 201.1 2667.8 0.9647386670 -0.0917855352 -0.2466874272 0.0428561978 0.9794979095 -0.1968430579 0.2596971691 0.1793300211 0.9488931298
-125.2 8.2 2688.6 0.9661561251 0.0388263650 -0.2550193071 -0.0099503798 0.9934814572 0.1135586724 0.2577660084 -0.1071778685 0.9602445364
-249.6 202.4 2632.6 0.5598331094 -0.7888379097 -0.2536171675 0.0144981621 0.3153555989 -0.9488627911 0.8284785151 0.5275278687 0.1879832149
-367.0 199.4 2458.9 -0.5233315229 -0.7888379097 -0.3222715259 -0.7947202325 0.3153555989 0.5186237693 -0.3074799478 0.5275278687 -0.7919409275
14.4 199.7 2703.0 0.1953626871 0.6473866105 0.7366980314 -0.9786664248 0.1774051189 0.1036316082 -0.0636042878 -0.7412273884 0.6682338715
63.8 -47.8 2687.0 -0.2371930033 0.6473866105 0.7243134975 -0.8773415685 0.1774051189 -0.4458690286 -0.4171465635 -0.7412273884 0.5258999467
-216.8 -184.2 2685.9 0.9640853405 0.0249131024 0.2644217014 -0.0080379471 0.9978716969 -0.0647103190 -0.2654710710 0.0602608584 0.9622337222
-226.5 -571.6 2662.5 0.9585946798 -0.1030614302 0.2654704750 0.0904064998 0.9941265583 0.0594902895 -0.2700423896 -0.0330268219 0.9622818232
-43.3 -185.5 2730.7 0.9972561002 0.0578851588 0.0461470038 -0.0494660661 0.9848256111 -0.1663477868 -0.0550758205 0.1636086404 0.9849867225
-65.8 -567.8 2667.2 0.9946733713 -0.0878960639 0.0538434982 0.0893857926 0.9956600070 -0.0259097070 -0.0513324589 0.0305845402 0.9982131720
-235.5 399.2 2536.2 0 0 0 0 0 0 0 0 0
3.0 -272.6 2580.1 0 0 0 0 0 0 0 0 0
-200.3 -824.8 2671.0 0 0 0 0 0 0 0 0 0
-41.3 -844.9 2658.6 0 0 0 0 0 0 0 0 0
-145.2 455.1 2715.5 8 0.9632280469 -0.1049146280 -0.2473553419 0.0533818789 0.9769872427 -0.2065099180 0.2633289099 0.1857118458 0.9466620088
-118.0 202.2 2667.4 0.9632280469 -0.1049146280 -0.2473553419 0.0533818789 0.9769872427 -0.2065099180 0.2633289099 0.1857118458 0.9466620088
-125.2 9.4 2689.4 0.9652799964 0.0366963819 -0.2586270571 -0.0058695017 0.9928802252 0.1189720780 0.2611515522 -0.1133233532 0.9586228132
-249.9 203.0 2631.7 0.5598373413 -0.7872719169 -0.2584281564 0.0273705963 0.3292843997 -0.9438340068 0.8281503320 0.5213202238 0.2058938146
-368.0 197.2 2457.0 -0.5276142955 -0.7872719169 -0.3191020191 -0.7972877026 0.3292843997 0.5058696866 -0.2931816578 0.5213202238 -0.8014173508
13.9 201.3 2703.1 0.2010941058 0.6311332583 0.7491541505 -0.9773439765 0.1808203757 0.1100125387 -0.0660297647 -0.7543041706 0.6531962156
64.8 -46.5 2686.4 -0.2395143211 0.6311332583 0.7377694249 -0.8794987798 0.1808203757 -0.4402111471 -0.4112356305 -0.7543041706 0.5117718577
-219.3 -183.7 2686.3 0.9651265740 0.0178744663 0.2611726224 -0.0017431227 0.9980828762 -0.0618666038 -0.2617777884 0.0592538491 0.9633074999
-226.2 -571.2 2663.3 0.9602789879 -0.0978736281 0.2613140941 0.0833074450 0.9943174720 0.0662768334 -0.2663159370 -0.0418748409 0.9629757404
-46.2 -185.5 2732.5 0.9980358481 0.0460302122 0.0424924269 -0.0380281024 0.9841952324 -0.1729556024 -0.0497820266 0.1709999889 0.9840126038
-64.0 -567.6 2666.1 0.9954296947 -0.0819589645 0.0490145124 0.0830597207 0.9963263273 -0.0208558347 -0.0471251272 0.0248316489 0.9985802770
-235.1 398.0 2530.9 0 0 0 0 0 0 0 0 0
3.5 -271.9 2581.0 0 0 0 0 0 0 0 0 0
-201.0 -827.1 2674.1 0 0 0 0 0 0 0 0 0
-41.2 -844.7 2659.2 0 0 0 0 0 0 0 0 0
-146.0 453.4 2714.7 9 0.9617063403 -0.1109277010 -0.2506311536 0.0590622574 0.9768294692 -0.2057082504 0.2676426172 0.1830280870 0.9459747076
-117.3 200.6 2667.4 0.9617063403 -0.1109277010 -0.2506311536 0.0590622574 0.9768294692 -0.2057082504 0.2676426172 0.1830280870 0.9459747076
-126.3 8.0 2689.2 0.9641335607 0.0463450290 -0.2613400221 -0.0149537604 0.9925582409 0.1208491400 0.2649959624 -0.1126066968 0.9576517344
-249.1 202.7 2631.2 0.5537263751 -0.7909338474 -0.2604050636 0.0258070771 0.3288744390 -0.9440209866 0.8322986960 0.5160090327 0.2025181353
-366.4 197.2 2454.8 -0.5325097442 -0.7909338474 -0.3014250398 -0.7853492498 0.3288744390 0.5244693756 -0.3156895936 0.5160090327 -0.7962881327
14.4 198.6 2703.6 0.2041741163 0.6287013888 0.7503648996 -0.9766626954 0.1830141395 0.1124093011 -0.0666555092 -0.7558044791 0.6513959169
65.1 -44.2 2687.0 -0.2394023240 0.6287013888 0.7398791313 -0.8791592717 0.1830141395 -0.4399827123 -0.4120260775 -0.7558044791 0.5089146495
-218.8 -182.8 2688.0 0.9663282037 0.0182716325 0.2566631436 -0.0007598237 0.9976739287 -0.0681628510 -0.2573115826 0.0656726658 0.9640943408
-225.9 -570.1 2662.5 0.9618723392 -0.0939360559 0.2568610311 0.0805769190 0.9948136806 0.0620730966 -0.2613597810 -0.0390093215 0.9644528627
-45.8 -183.8 2734.8 0.9982230067 0.0467127748 0.0369971320 -0.0396358669 0.9841036797 -0.1731155068 -0.0444957204 0.1713414639 0.9842063785
-63.9 -565.9 2668.3 0.9954702854 -0.0844483897 0.0436735936 0.0854406506 0.9961140156 -0.0213722475 -0.0416990258 0.0250069369 0.9988172054
-233.1 393.8 2533.8 0 0 0 0 0 0 0 0 0
3.8 -269.6 2581.4 0 0 0 0 0 0 0 0 0
-201.8 -825.2 2672.5 0 0 0 0 0 0 0 0 0
-40.1 -846.8 2661.2 0 0 0 0 0 0 0 0 0
