22.8 311.5 2953.5 34 -0.0973157361 0.0800714940 -0.9920273423 -0.3045894504 0.9465357661 0.1062792093 0.9474992752 0.3125036955 -0.0677238926
7.1 126.0 2892.2 -0.0973157361 0.0800714940 -0.9920273423 -0.3045894504 0.9465357661 0.1062792093 0.9474992752 0.3125036955 -0.0677238926
-7.3 -60.4 2840.0 -0.0938608870 0.0745142698 -0.9927929044 -0.2619756460 0.9602038860 0.0968360677 0.9604992867 0.2691766918 -0.0706046671
19.9 161.7 2761.3 -0.5716513991 0.1047386453 -0.8137840629 0.6131420135 0.7136023641 -0.3388635516 0.5452260971 -0.6926770210 -0.4721514583
150.2 22.0 2637.1 -0.5033850670 0.1047386453 0.8576906919 -0.5626511574 0.7136023641 -0.4173671603 -0.6557645798 -0.6926770210 -0.3002854586
-5.7 90.3 3023.2 0.0156343970 0.6184740067 -0.7856497169 -0.9995806813 0.0288206600 0.0027963961 0.0243724417 0.7852765322 0.6186652780
-1.6 -167.2 3029.5 0.1169196889 0.6205691099 -0.7753861547 -0.9901072383 0.0118523985 -0.1398113668 -0.0775724277 0.7840621471 0.6158157587
-16.1 -215.0 2702.3 -0.9359734654 0.2044496089 0.2866252065 0.1643230915 0.9736816287 -0.1579302251 -0.3113704920 -0.1007193550 -0.9449359775
-95.4 -592.8 2741.3 -0.9395318031 0.0631231517 0.3365938663 0.1225419641 0.9797554612 0.1583119035 -0.3197865486 0.1899859458 -0.9282466769
-22.7 -263.2 2874.6 -0.8395074010 0.0068788249 0.5433046818 0.0186371654 0.9996960163 0.0161406733 -0.5430285335 0.0236758739 -0.8393803835
-25.4 -651.2 2865.4 -0.8357208371 0.0992722437 0.5401070714 0.0661965311 0.9945642352 -0.0803744346 -0.5451501608 -0.0314173736 -0.8377495408
295.2 184.1 2826.0 0 0 0 0 0 0 0 0 0
28.9 -425.4 3009.2 0 0 0 0 0 0 0 0 0
-119.0 -959.7 2670.2 0 0 0 0 0 0 0 0 0
-62.4 -1022.2 2877.1 0 0 0 0 0 0 0 0 0
25.6 309.9 2953.7 35 -0.0439889356 0.0900987685 -0.9949609041 -0.3073156774 0.9464135766 0.0992895141 0.9505903721 0.3101347089 -0.0139429625
8.0 125.1 2893.2 -0.0439889356 0.0900987685 -0.9949609041 -0.3073156774 0.9464135766 0.0992895141 0.9505903721 0.3101347089 -0.0139429625
-7.0 -61.1 2840.2 -0.0407588035 0.0771028399 -0.9961896539 -0.2705066800 0.9589328766 0.0852869451 0.9618548751 0.2729521692 -0.0182281211
13.5 161.9 2762.1 -0.5947972536 0.0997125283 -0.7976676226 0.5987087488 0.7171077132 -0.3567973673 0.5364364386 -0.6897926927 -0.4862324595
153.7 20.9 2635.7 -0.4907764792 0.0997125283 0.8655610085 -0.5676083565 0.7171077132 -0.4044468999 -0.6610288620 -0.6897926927 -0.2953419387
2.4 88.2 3024.2 0.0284982249 0.6580500603 -0.7524347305 -0.9994797111 0.0301330481 -0.0115017891 0.0151043981 0.7523710132 0.6585664153
9.8 -169.3 3028.1 0.1241917834 0.6602751613 -0.7406842113 -0.9879999757 0.0132044982 -0.1538886279 -0.0918284729 0.7509077191 0.6539916992
-13.4 -223.3 2701.9 -0.9495624900 0.2043137401 0.2378802598 0.1711826473 0.9733383656 -0.1526725739 -0.2627310753 -0.1042511836 -0.9592205286
-92.7 -601.1 2742.3 -0.9539235234 0.0759022385 0.2902908921 0.1274569631 0.9783543944 0.1630257964 -0.2716333568 0.1925137341 -0.9429495335
-30.2 -270.1 2873.6 -0.8666207194 -0.0159302577 0.4987131357 0.0003607704 0.9994699359 0.0325527154 -0.4989673495 0.0283907764 -0.8661556244
-24.0 -658.0 2862.6 -0.8606836200 0.1145857051 0.4960784018 0.0704631507 0.9917771220 -0.1068318933 -0.5042406321 -0.0569932200 -0.8616804481
295.1 184.5 2826.2 0 0 0 0 0 0 0 0 0
42.2 -427.0 3004.2 0 0 0 0 0 0 0 0 0
-120.6 -961.2 2671.5 0 0 0 0 0 0 0 0 0
-66.7 -1027.9 2883.9 0 0 0 0 0 0 0 0 0
19.0 312.4 2953.3 36 -0.1132763848 0.0610458143 -0.9916864038 -0.2979222238 0.9500963688 0.0925161019 0.9478453398 0.3059253097 -0.0894365758
7.0 126.0 2893.3 -0.1132763848 0.0610458143 -0.9916864038 -0.2979222238 0.9500963688 0.0925161019 0.9478453398 0.3059253097 -0.0894365758
-5.3 -60.0 2839.3 -0.1114946827 0.0635105520 -0.9917334914 -0.2706238329 0.9582988024 0.0917940214 0.9562069178 0.2786212564 -0.0896577537
22.2 162.9 2763.2 -0.5734007955 0.1020757630 -0.8128911853 0.6069050431 0.7194328308 -0.3377612531 0.5503433943 -0.6870203018 -0.4744736552
155.2 22.1 2635.5 -0.4867602885 0.1020757630 0.8675511479 -0.5661785007 0.7194328308 -0.4023161829 -0.6652114987 -0.6870203018 -0.2923982441
-8.2 89.1 3023.4 0.0209513046 0.6024879217 -0.7978529334 -0.9996479750 0.0256177261 -0.0069054812 0.0162787102 0.7977167368 0.6028125286
-2.8 -168.5 3027.6 0.1240139604 0.6046957970 -0.7867423892 -0.9887748957 0.0087198773 -0.1491581351 -0.0833349973 0.7964088321 0.5989893675
-18.4 -223.0 2701.3 -0.9319710732 0.1980438530 0.3036586344 0.1547067761 0.9747671485 -0.1609188318 -0.3278654218 -0.1029936448 -0.9390934706
-95.2 -601.4 2741.2 -0.9343287945 0.0708623901 0.3492966890 0.1271929741 0.9817981124 0.1410477161 -0.3329438567 0.1762130409 -0.9263354540
-25.6 -271.4 2873.2 -0.8285616636 0.0032623650 0.5598883033 0.0160736162 0.9997094870 0.0179617349 -0.5596669912 0.0238818359 -0.8283733726
-26.9 -659.4 2863.9 -0.8253648877 0.0989833847 0.5558553338 0.0543470085 0.9938690066 -0.0962847769 -0.5619779825 -0.0492610000 -0.8256840110
294.8 184.5 2826.3 0 0 0 0 0 0 0 0 0
29.6 -426.4 3005.9 0 0 0 0 0 0 0 0 0
-121.1 -959.4 2677.0 0 0 0 0 0 0 0 0 0
-63.8 -1030.2 2882.3 0 0 0 0 0 0 0 0 0
21.3 309.3 2953.7 37 -0.1317756772 0.0751321167 -0.9884282351 -0.2950284183 0.9489645958 0.1114651337 0.9463579655 0.3063028157 -0.1028843373
6.5 123.4 2893.6 -0.1317756772 0.0751321167 -0.9884282351 -0.2950284183 0.9489645958 0.1114651337 0.9463579655 0.3063028157 -0.1028843373
-6.7 -62.5 2839.4 -0.1298388988 0.0682096183 -0.9891861677 -0.2692661583 0.9577146173 0.1013829112 0.9542733431 0.2795178294 -0.1059820652
24.3 160.1 2763.5 -0.5607526302 0.0893085599 -0.8231527805 0.6144177318 0.7113000751 -0.3413839936 0.5550200939 -0.6971916556 -0.4537361264
153.2 18.8 2635.9 -0.4964919090 0.0893085599 0.8634348512 -0.5750262737 0.7113000751 -0.4042239785 -0.6502619386 -0.6971916556 -0.3017999828
-11.2 86.6 3023.7 0.0110671232 0.5894936919 -0.8076971769 -0.9997951984 0.0202107094 0.0010514193 0.0169439390 0.8075200915 0.5895966291
-8.3 -170.9 3028.1 0.1160348505 0.5915668607 -0.7978624701 -0.9899260998 0.0032637666 -0.1415471882 -0.0811305940 0.8062493205 0.5859861970
-7.6 -221.9 2700.0 -0.9214364290 0.2283490002 0.3143432140 0.1790236682 0.9675877690 -0.1781135201 -0.3448266983 -0.1078454107 -0.9324504733
-96.2 -597.3 2741.9 -0.9259545803 0.0629576519 0.3723498285 0.1283212602 0.9797902703 0.1534427255 -0.3551643491 0.1898614019 -0.9153201580
-27.5 -270.3 2870.7 -0.8190265894 -0.0024787830 0.5737502575 0.0270879064 0.9987085462 0.0429826342 -0.5731158257 0.0507456139 -0.8179016709
-26.6 -657.8 2851.0 -0.8206198215 0.1018577069 0.5623238683 0.0125185391 0.9869555831 -0.1605054885 -0.5713374019 -0.1246745139 -0.8111903667
295.4 183.5 2822.1 0 0 0 0 0 0 0 0 0
22.0 -429.2 3006.9 0 0 0 0 0 0 0 0 0
-119.6 -960.6 2671.5 0 0 0 0 0 0 0 0 0
-64.5 -1025.1 2897.4 0 0 0 0 0 0 0 0 0
19.0 308.7 2953.8 38 -0.1449723393 0.0595118962 -0.9876443744 -0.2912127972 0.9514095783 0.1000744775 0.9456099272 0.3021227121 -0.1205974519
7.4 122.8 2894.8 -0.1449723393 0.0595118962 -0.9876443744 -0.2912127972 0.9514095783 0.1000744775 0.9456099272 0.3021227121 -0.1205974519
-3.7 -63.5 2841.5 -0.1433337033 0.0571122654 -0.9880251288 -0.2643584311 0.9598488212 0.0938342661 0.9537138343 0.2746423781 -0.1224805787
26.9 158.9 2764.7 -0.5473724008 0.0813744888 -0.8329235315 0.6191945672 0.7089337707 -0.3376551569 0.5630111098 -0.7005648613 -0.4384374321
151.8 17.7 2636.2 -0.5028605461 0.0813744888 0.8605285883 -0.5776717663 0.7089337707 -0.4046088159 -0.6429826021 -0.7005648613 -0.3094870746
-12.2 86.7 3025.0 0.0176619627 0.5762577057 -0.8170771599 -0.9995667338 0.0294222925 -0.0008560847 0.0235469583 0.8167382479 0.5765276551
-7.7 -170.8 3031.0 0.1242235526 0.5784711242 -0.8061883450 -0.9895669222 0.0124683119 -0.1435334086 -0.0729781240 0.8156075478 0.5739847422
-8.3 -224.3 2699.9 -0.9167684913 0.2202318162 0.3332169354 0.1713887304 0.9704501629 -0.1698599458 -0.3607789874 -0.0986126140 -0.9274233580
-93.8 -601.0 2738.2 -0.9199675322 0.0658700839 0.3864205182 0.1339693367 0.9792558551 0.1520203203 -0.3683909774 0.1916222572 -0.9097082019
-31.5 -272.5 2870.5 -0.8096460104 -0.0106282188 0.5868222713 -0.0025485267 0.9998902678 0.0145932566 -0.5869129896 0.0103198392 -0.8095842004
-27.4 -660.3 2866.5 -0.8057329655 0.0908200294 0.5852743387 0.0553192161 0.9953935742 -0.0783037096 -0.5896898508 -0.0307149664 -0.8070455194
295.5 182.7 2819.9 0 0 0 0 0 0 0 0 0
24.7 -428.9 3012.0 0 0 0 0 0 0 0 0 0
-118.1 -962.9 2667.3 0 0 0 0 0 0 0 0 0
-61.1 -1029.6 2877.9 0 0 0 0 0 0 0 0 0
8.9 301.7 2950.4 39 -0.1248267442 0.0173306279 -0.9920271635 -0.2952872217 0.9538913965 0.0538203791 0.9472189546 0.2996511757 -0.1139536500
5.5 116.1 2892.1 -0.1248267442 0.0173306279 -0.9920271635 -0.2952872217 0.9538913965 0.0538203791 0.9472189546 0.2996511757 -0.1139536500
-2.6 -70.2 2838.5 -0.1240228042 0.0419605821 -0.9913917780 -0.2693341672 0.9601737857 0.0743329078 0.9550274611 0.2762346566 -0.1077820286
22.4 152.9 2761.7 -0.5789887905 0.0738282651 -0.8119860888 0.5934081674 0.7211200595 -0.3575648069 0.5591410398 -0.6888651848 -0.4613307416
153.7 18.4 2635.0 -0.4925572574 0.0738282651 0.8671428561 -0.5742512345 0.7211200595 -0.3875839710 -0.6539287567 -0.6888651848 -0.3127969503
-11.4 79.4 3022.5 0.0379909500 0.5874751806 -0.8083499074 -0.9990647435 0.0390441567 -0.0185785200 0.0206469223 0.8082997203 0.5884090662
-1.6 -178.0 3027.8 0.1429411024 0.5900148153 -0.7946385145 -0.9866955876 0.0221164934 -0.1610673219 -0.0774574876 0.8070894480 0.5853263736
-2.0 -226.1 2702.9 -0.9166362882 0.2376847714 0.3213781118 0.1918913573 0.9669595361 -0.1678302586 -0.3506503403 -0.0921696126 -0.9319598079
-94.2 -601.4 2738.7 -0.9222254753 0.0665440634 0.3808832467 0.1339054406 0.9790859222 0.1531667560 -0.3627251089 0.1922566146 -0.9118486047
-27.7 -273.5 2873.6 -0.8184941411 0.0043599214 0.5744983554 0.0238761399 0.9993654490 0.0264323223 -0.5740185380 0.0353515036 -0.8180788159
-29.3 -661.1 2859.9 -0.8174825311 0.0861691162 0.5694709420 0.0362886153 0.9944863319 -0.0983872861 -0.5748090148 -0.0597645789 -0.8161022067
295.2 183.5 2822.9 0 0 0 0 0 0 0 0 0
35.7 -435.3 3007.6 0 0 0 0 0 0 0 0 0
-118.5 -958.5 2668.6 0 0 0 0 0 0 0 0 0
-61.4 -1031.0 2882.1 0 0 0 0 0 0 0 0 0
5.7 298.3 2950.7 40 -0.0956160128 0.0225278065 -0.9951633215 -0.3043086529 0.9512194991 0.0507712327 0.9477625489 0.3076913655 -0.0840964019
1.3 113.7 2890.9 -0.0956160128 0.0225278065 -0.9951633215 -0.3043086529 0.9512194991 0.0507712327 0.9477625489 0.3076913655 -0.0840964019
-5.9 -72.4 2836.2 -0.0947829857 0.0371703878 -0.9948037863 -0.2776582837 0.9586593509 0.0622746088 0.9559926987 0.2821180820 -0.0805439278
14.3 151.6 2760.4 -0.6103185415 0.0730618984 -0.7887795568 0.5762968063 0.7241305709 -0.3788362145 0.5435009003 -0.6857819557 -0.4840556681
155.5 18.3 2634.7 -0.4840914011 0.0730618984 0.8719618320 -0.5754358768 0.7241305709 -0.3801426888 -0.6591882110 -0.6857819557 -0.3085029423
-11.6 75.8 3021.5 0.0511767641 0.6085214019 -0.7918854952 -0.9986158609 0.0408183299 -0.0331703275 0.0121385921 0.7924869657 0.6097680330
1.6 -181.5 3024.6 0.1532730460 0.6112409234 -0.7764611244 -0.9841995835 0.0239367150 -0.1754372120 -0.0886484757 0.7910825014 0.6052519083
0.3 -232.5 2699.3 -0.9227680564 0.2487667650 0.2943028510 0.2044853568 0.9634236693 -0.1732067168 -0.3266263902 -0.0996490121 -0.9398857951
-96.2 -606.4 2738.0 -0.9308655262 0.0607800707 0.3602709770 0.1247212738 0.9796959162 0.1569727957 -0.3434152007 0.1910540164 -0.9195457697
-21.9 -280.7 2870.4 -0.8339107037 0.0089083798 0.5518274903 0.0229732972 0.9995633960 0.0185804218 -0.5514210463 0.0281717088 -0.8337512612
-25.3 -668.5 2859.4 -0.8299764395 0.1245428994 0.5437170267 0.0584907904 0.9888134599 -0.1372105628 -0.5547233224 -0.0820790976 -0.8279764652
295.0 184.1 2824.7 0 0 0 0 0 0 0 0 0
41.6 -438.2 3001.5 0 0 0 0 0 0 0 0 0
-118.1 -958.3 2669.4 0 0 0 0 0 0 0 0 0
-71.7 -1036.7 2890.0 0 0 0 0 0 0 0 0 0
7.9 299.5 2953.3 41 -0.0793628991 0.0423190780 -0.9959471226 -0.3164585829 0.9463472366 0.0654287860 0.9452806711 0.3203686178 -0.0617126264
-0.3 115.1 2890.9 -0.0793628991 0.0423190780 -0.9959471226 -0.3164585829 0.9463472366 0.0654287860 0.9452806711 0.3203686178 -0.0617126264
-7.9 -71.2 2836.9 -0.0775912181 0.0387207530 -0.9962330461 -0.2747884989 0.9597110152 0.0587030388 0.9583688378 0.2783082426 -0.0638251230
10.2 152.6 2760.0 -0.6126958728 0.0710267574 -0.7871206403 0.5789347291 0.7183126211 -0.3858258724 0.5379947424 -0.6920853853 -0.4812270403
153.8 17.0 2634.0 -0.4920327663 0.0710267574 0.8676744699 -0.5783190727 0.7183126211 -0.3867480159 -0.6507309675 -0.6920853853 -0.3123572171
-10.9 77.6 3021.8 0.0548456796 0.6217468977 -0.7812955379 -0.9983875155 0.0456201658 -0.0337811299 0.0146395210 0.7818884850 0.6232464314
3.2 -179.6 3025.5 0.1551854163 0.6245009303 -0.7654515505 -0.9839642644 0.0287448745 -0.1760342568 -0.0879307538 0.7804949284 0.6189473867
-4.6 -233.6 2695.8 -0.9310469031 0.2360833287 0.2782378495 0.1915756613 0.9652158022 -0.1779248267 -0.3105646372 -0.1123527735 -0.9438890219
-96.3 -608.2 2739.4 -0.9374647141 0.0621711351 0.3424830139 0.1251849979 0.9783046842 0.1650715768 -0.3247900307 0.1976225078 -0.9249090552
-21.6 -283.3 2867.0 -0.8432128429 0.0115890363 0.5374549627 0.0203834195 0.9997379184 0.0104223834 -0.5371932983 0.0197434574 -0.8432280421
-26.1 -671.3 2859.3 -0.8402753472 0.1124304533 0.5303741097 0.0494595096 0.9900787473 -0.1315211058 -0.5398991108 -0.0842818990 -0.8374995589
295.6 183.6 2821.5 0 0 0 0 0 0 0 0 0
43.7 -436.3 3002.6 0 0 0 0 0 0 0 0 0
-118.6 -959.7 2668.4 0 0 0 0 0 0 0 0 0
-68.0 -1040.4 2890.7 0 0 0 0 0 0 0 0 0
6.7 299.9 2953.1 42 -0.0616056845 0.0455567241 -0.9970603585 -0.3211863935 0.9449168444 0.0630194768 0.9450100660 0.3241245747 -0.0435800515
-2.2 114.6 2889.6 -0.0616056845 0.0455567241 -0.9970603585 -0.3211863935 0.9449168444 0.0630194768 0.9450100660 0.3241245747 -0.0435800515
-10.8 -71.4 2834.8 -0.0596274734 0.0441325009 -0.9972446561 -0.2792060077 0.9584102631 0.0591082536 0.9583780766 0.2819611728 -0.0448255204
5.9 152.8 2758.7 -0.6276464462 0.0768770576 -0.7746933699 0.5711610913 0.7216576934 -0.3911332190 0.5289942622 -0.6879681349 -0.4968550801
153.0 18.9 2634.7 -0.4928577244 0.0768770576 0.8667070866 -0.5723059773 0.7216576934 -0.3894560933 -0.6554060578 -0.6879681349 -0.3116773665
-10.4 76.5 3020.5 0.0548906624 0.6363324523 -0.7694595456 -0.9984511137 0.0419867523 -0.0365036801 0.0090786312 0.7702714205 0.6376515627
3.8 -180.8 3022.8 0.1533001810 0.6390559077 -0.7537285089 -0.9835738540 0.0251202323 -0.1787497848 -0.0952972695 0.7687500119 0.6324095726
-8.4 -232.8 2697.0 -0.9384571314 0.2252773643 0.2618173659 0.1856276095 0.9682016969 -0.1677137166 -0.2912741005 -0.1087915972 -0.9504334927
-95.9 -608.7 2739.3 -0.9448603988 0.0639933869 0.3211599588 0.1202959791 0.9799798131 0.1586458087 -0.3045779765 0.1885323822 -0.9336422086
-22.3 -282.0 2868.7 -0.8532053828 0.0102008600 0.5214753151 0.0181817152 0.9997827411 0.0101905009 -0.5212580562 0.0181759056 -0.8532055020
-26.3 -670.2 2861.6 -0.8506339788 0.1057831794 0.5150066018 0.0452508777 0.9906454682 -0.1287395060 -0.5238074660 -0.0862056985 -0.8474634886
295.2 184.0 2823.8 0 0 0 0 0 0 0 0 0
43.8 -437.4 2997.9 0 0 0 0 0 0 0 0 0
-118.8 -959.9 2671.7 0 0 0 0 0 0 0 0 0
-65.7 -1039.7 2893.8 0 0 0 0 0 0 0 0 0
14.7 308.5 2953.6 43 -0.0533513539 0.0648187473 -0.9964698553 -0.3314342797 0.9401732683 0.0789018571 0.9419686794 0.3344737887 -0.0286763627
2.0 124.3 2888.0 -0.0533513539 0.0648187473 -0.9964698553 -0.3314342797 0.9401732683 0.0789018571 0.9419686794 0.3344737887 -0.0286763627
-8.3 -61.5 2832.9 -0.0502598211 0.0533507839 -0.9973102212 -0.2817944288 0.9572427273 0.0654085204 0.9581575394 0.2843238711 -0.0330768973
8.9 162.8 2757.2 -0.6189192533 0.1236062050 -0.7756677866 0.6018311977 0.7092003822 -0.3671975732 0.5047159791 -0.6940867305 -0.5133277774
154.5 21.2 2638.5 -0.4844788611 0.1236062050 0.8660264015 -0.5672946572 0.7092003822 -0.4185828865 -0.6659256816 -0.6940867305 -0.2734714448
-4.8 85.8 3018.9 0.0488044769 0.6454546452 -0.7622377276 -0.9987931848 0.0357422866 -0.0336844400 0.0055023404 0.7629618049 0.6464201212
7.7 -171.5 3020.3 0.1461053044 0.6480563879 -0.7474464774 -0.9842038751 0.0188618042 -0.1760312021 -0.0999799520 0.7613587976 0.6405754089
-14.0 -232.5 2694.3 -0.9461617470 0.2064635754 0.2493005395 0.1676016450 0.9713709950 -0.1683689356 -0.2769253552 -0.1175210625 -0.9536777139
-94.2 -609.5 2739.9 -0.9500870705 0.0726534650 0.3034073412 0.1262955070 0.9788250923 0.1610926241 -0.2852787971 0.1913710088 -0.9391449094
-24.7 -282.5 2865.9 -0.8591451645 0.0042602965 0.5117142200 0.0164172389 0.9996801019 0.0192409325 -0.5114685297 0.0249316879 -0.8589402437
-26.4 -670.5 2856.3 -0.8571606278 0.1035276204 0.5045371056 0.0371986255 0.9894756079 -0.1398368031 -0.5137041211 -0.1010945216 -0.8519905806
294.5 185.2 2830.9 0 0 0 0 0 0 0 0 0
45.9 -428.3 2994.3 0 0 0 0 0 0 0 0 0
-120.1 -959.2 2671.5 0 0 0 0 0 0 0 0 0
-65.0 -1039.8 2894.0 0 0 0 0 0 0 0 0 0
16.0 313.1 2954.8 44 -0.0424302891 0.0643537566 -0.9970247149 -0.3261498511 0.9423615932 0.0747054145 0.9443653822 0.3283492327 -0.0189957060
3.4 128.7 2890.5 -0.0424302891 0.0643537566 -0.9970247149 -0.3261498511 0.9423615932 0.0747054145 0.9443653822 0.3283492327 -0.0189957060
-5.8 -57.5 2836.8 -0.0394443683 0.0475411080 -0.9980901480 -0.2753941715 0.9596640468 0.0565943271 0.9605218172 0.2771005630 -0.0247607976
8.8 166.4 2759.3 -0.6088034511 0.1292288452 -0.7827249169 0.6114370227 0.7050851583 -0.3591653109 0.5054731965 -0.6972480416 -0.5082735419
155.0 19.6 2638.0 -0.4985513687 0.1292288452 0.8571735024 -0.5616149306 0.7050851583 -0.4329476058 -0.6603296399 -0.6972480416 -0.2789443135
-2.0 91.1 3021.8 0.0575585999 0.6517615318 -0.7562366724 -0.9982692003 0.0467282459 -0.0357074812 0.0120648518 0.7569831014 0.6533230543
12.9 -166.1 3024.9 0.1538141817 0.6544966698 -0.7402535677 -0.9835819006 0.0298585314 -0.1779748797 -0.0943810791 0.7554751039 0.6483437419
-14.2 -222.1 2691.9 -0.9483902454 0.2054959834 0.2415106595 0.1650671810 0.9702103734 -0.1773264557 -0.2707560062 -0.1283091903 -0.9540586472
-94.0 -598.7 2741.7 -0.9524247050 0.0706570745 0.2964705825 0.1220480353 0.9797741771 0.1585775763 -0.2792696059 0.1872168481 -0.9417846799
-23.2 -272.6 2863.5 -0.8636940122 0.0016294547 0.5040138960 0.0077801482 0.9999187589 0.0100996131 -0.5039564967 0.0126442779 -0.8636364937
-23.8 -660.7 2858.6 -0.8595631719 0.1151862666 0.4978787303 0.0499908365 0.9885463715 -0.1423974931 -0.5085784197 -0.0975102633 -0.8554763198
298.2 180.9 2827.6 0 0 0 0 0 0 0 0 0
53.0 -422.7 3000.2 0 0 0 0 0 0 0 0 0
-119.9 -957.9 2673.0 0 0 0 0 0 0 0 0 0
-66.8 -1029.6 2895.0 0 0 0 0 0 0 0 0 0
17.8 317.7 2954.9 45 -0.0262361895 0.0737139657 -0.9969342351 -0.3255108297 0.9422956705 0.0782403797 0.9451742768 0.3265656233 -0.0007275540
3.4 132.4 2890.6 -0.0262361895 0.0737139657 -0.9969342351 -0.3255108297 0.9422956705 0.0782403797 0.9451742768 0.3265656233 -0.0007275540
-6.5 -53.9 2837.0 -0.0229806956 0.0507441275 -0.9984472394 -0.2757611275 0.9596445560 0.0551190935 0.9609514475 0.2765996158 -0.0080600427
6.5 170.0 2759.4 -0.5973704457 0.1503937691 -0.7877374291 0.6250609756 0.7027114034 -0.3398461640 0.5024413466 -0.6953979731 -0.5137842894
152.0 17.7 2637.0 -0.5260154009 0.1503937691 0.8370719552 -0.5386913419 0.7027114034 -0.4647669196 -0.6581180692 -0.6953979731 -0.2886212170
0.2 94.7 3021.9 0.0592198297 0.6642499566 -0.7451610565 -0.9981869459 0.0474524535 -0.0370284654 0.0107635651 0.7460028529 0.6658557653
15.5 -162.5 3024.7 0.1536544412 0.6669837832 -0.7290561795 -0.9833262563 0.0305895191 -0.1792588085 -0.0972612426 0.7444440126 0.6605629325
-11.5 -219.1 2696.9 -0.9523061514 0.2031074464 0.2277287245 0.1671943665 0.9716092944 -0.1673959345 -0.2552627027 -0.1213372201 -0.9592279196
-90.3 -596.3 2744.0 -0.9563965201 0.0800061971 0.2808998823 0.1270755529 0.9799349308 0.1535555869 -0.2629781961 0.1825555414 -0.9473731518
-18.6 -268.5 2869.0 -0.8718544245 0.0167794675 0.4894776344 0.0242473055 0.9996662140 0.0089202300 -0.4891645610 0.0196456555 -0.8719702363
-25.1 -656.5 2861.4 -0.8678328991 0.1123499498 0.4839870930 0.0668588951 0.9916458130 -0.1103108153 -0.4923371971 -0.0633725226 -0.8680945039
302.5 171.9 2825.3 0 0 0 0 0 0 0 0 0
55.6 -419.0 2999.3 0 0 0 0 0 0 0 0 0
-119.9 -957.9 2676.7 0 0 0 0 0 0 0 0 0
-67.0 -1026.4 2885.0 0 0 0 0 0 0 0 0 0
13.4 323.7 2954.4 46 -0.0405137651 0.0466834605 -0.9980878234 -0.3118213713 0.9484283924 0.0570180044 0.9492766261 0.3135351241 -0.0238675047
4.3 138.5 2893.2 -0.0405137651 0.0466834605 -0.9980878234 -0.3118213713 0.9484283924 0.0570180044 0.9492766261 0.3135351241 -0.0238675047
-4.7 -47.8 2839.6 -0.0386966690 0.0459966995 -0.9981917739 -0.2744036019 0.9600474834 0.0548767522 0.9608356953 0.2760309875 -0.0245289821
9.6 176.0 2762.0 -0.5731828213 0.1671359986 -0.8022013903 0.6417883635 0.7002456784 -0.3126718402 0.5094793439 -0.6940616369 -0.5086346865
151.1 17.5 2636.1 -0.5234165788 0.1671359986 0.8355242014 -0.5335510373 0.7002456784 -0.4743198454 -0.6643481255 -0.6940616369 -0.2773446143
-1.0 101.0 3024.5 0.0592281260 0.6519027948 -0.7559859157 -0.9981575608 0.0486678705 -0.0362338461 0.0131712798 0.7567391396 0.6535842419
14.2 -156.2 3027.9 0.1554187536 0.6546648145 -0.7397695780 -0.9834322929 0.0318050012 -0.1784639508 -0.0933056995 0.7552499175 0.6487616301
-14.3 -215.5 2697.2 -0.9496340752 0.1965742707 0.2440362275 0.1588014662 0.9732531309 -0.1660132408 -0.2701429427 -0.1188985184 -0.9554506540
-90.6 -593.3 2743.4 -0.9524291754 0.0771552920 0.2948316932 0.1290278137 0.9785266519 0.1607403308 -0.2760986984 0.1911352724 -0.9419324994
-18.4 -264.9 2869.4 -0.8636391759 0.0181983858 0.5037818551 0.0275242794 0.9995597601 0.0110775568 -0.5033584833 0.0234332457 -0.8637598753
-25.5 -652.9 2860.3 -0.8602955341 0.1105118841 0.4976733029 0.0623070933 0.9916955233 -0.1125067994 -0.5059737563 -0.0657805204 -0.8600369096
300.7 170.0 2826.0 0 0 0 0 0 0 0 0 0
54.8 -412.7 3003.5 0 0 0 0 0 0 0 0 0
-119.3 -957.4 2672.2 0 0 0 0 0 0 0 0 0
-66.7 -1023.0 2884.8 0 0 0 0 0 0 0 0 0
15.1 315.9 2954.2 47 -0.0574384220 0.0612986237 -0.9964653850 -0.3205384016 0.9441367984 0.0765561014 0.9454924464 0.3238027096 -0.0345811658
3.2 131.3 2890.9 -0.0574384220 0.0612986237 -0.9964653850 -0.3205384016 0.9441367984 0.0765561014 0.9454924464 0.3238027096 -0.0345811658
-6.0 -54.5 2835.5 -0.0552674867 0.0471005365 -0.9973600507 -0.2824569046 0.9573472738 0.0608629286 0.9576866031 0.2850749791 -0.0396063030
10.7 169.9 2760.1 -0.5739924908 0.1548085958 -0.8040938377 0.6349118352 0.7042694688 -0.3176341355 0.5171262622 -0.6928483248 -0.5025351644
148.3 17.7 2636.1 -0.5322523713 0.1548085958 0.8323110342 -0.5313701034 0.7042694688 -0.4707975388 -0.6590547562 -0.6928483248 -0.2925884426
-4.4 92.8 3021.7 0.0534466803 0.6402532458 -0.7663023472 -0.9985563755 0.0383806452 -0.0375781059 0.0053516743 0.7672045231 0.6413802505
9.4 -164.5 3023.1 0.1513727754 0.6429438591 -0.7508058548 -0.9834582210 0.0215172619 -0.1798526198 -0.0994798467 0.7656109929 0.6355655193
-10.1 -209.6 2700.0 -0.9451825619 0.2033242434 0.2555174232 0.1627916545 0.9717203975 -0.1710508913 -0.2830702960 -0.1200782061 -0.9515526295
-89.1 -586.9 2746.6 -0.9476585984 0.0825583711 0.3084271848 0.1373412460 0.9774591923 0.1603463143 -0.2882370651 0.1943133324 -0.9376362562
-17.1 -258.8 2872.1 -0.8554689884 0.0179813597 0.5175418258 0.0380194299 0.9988807440 0.0281391963 -0.5164565444 0.0437488519 -0.8551951051
-24.0 -646.5 2855.1 -0.8533138633 0.1151982471 0.5085123777 0.0580565594 0.9902149439 -0.1269006729 -0.5181553364 -0.0787636116 -0.8516521454
300.3 169.5 2824.3 0 0 0 0 0 0 0 0 0
48.9 -421.1 2997.1 0 0 0 0 0 0 0 0 0
-120.6 -960.5 2672.3 0 0 0 0 0 0 0 0 0
-67.0 -1016.1 2884.5 0 0 0 0 0 0 0 0 0
15.9 315.7 2953.1 48 -0.0604115240 0.0649849698 -0.9960559011 -0.3132506311 0.9462326169 0.0807332695 0.9477470517 0.3168923557 -0.0368067734
3.3 131.7 2891.5 -0.0604115240 0.0649849698 -0.9960559011 -0.3132506311 0.9462326169 0.0807332695 0.9477470517 0.3168923557 -0.0368067734
-6.5 -54.8 2838.9 -0.0576840751 0.0505212136 -0.9970557690 -0.2682099938 0.9612174034 0.0642224029 0.9616318941 0.2711249292 -0.0418966450
11.2 168.4 2760.1 -0.5631283522 0.1374766082 -0.8148537278 0.6435010433 0.6915948987 -0.3280288875 0.5184523463 -0.7090815902 -0.4779230356
145.4 15.0 2636.5 -0.5357899070 0.1374766082 0.8330842257 -0.5501810908 0.6915948987 -0.4679714143 -0.6404919028 -0.7090815902 -0.2949125171
-4.6 95.1 3022.8 0.0494393930 0.6393634081 -0.7673135996 -0.9985760450 0.0470576063 -0.0251293387 0.0200411621 0.7674633861 0.6407794952
8.1 -162.2 3028.0 0.1475843489 0.6419883370 -0.7523761392 -0.9854012728 0.0301659927 -0.1675539315 -0.0848714933 0.7661207318 0.6370681524
-10.2 -215.0 2694.4 -0.9448259473 0.2013502121 0.2583835423 0.1591393203 0.9715853333 -0.1752044857 -0.2863191068 -0.1244187504 -0.9500217438
-88.3 -592.2 2742.7 -0.9468915462 0.0846292302 0.3102164865 0.1378826797 0.9784108400 0.1539499015 -0.2904905081 0.1885473430 -0.9381178617
-20.1 -265.6 2866.0 -0.8547277451 0.0179245826 0.5187669992 0.0280615371 0.9995377660 0.0116982711 -0.5183175206 0.0245562363 -0.8548356295
-27.0 -653.6 2856.5 -0.8533887267 0.1018063575 0.5112369061 0.0419107340 0.9909682870 -0.1273787618 -0.5195875764 -0.0872772783 -0.8499479294
299.0 172.7 2820.1 0 0 0 0 0 0 0 0 0
46.6 -419.2 3005.9 0 0 0 0 0 0 0 0 0
-120.0 -958.4 2672.2 0 0 0 0 0 0 0 0 0
-65.0 -1023.4 2889.0 0 0 0 0 0 0 0 0 0
19.9 318.1 2954.5 49 -0.0081295427 0.0738988444 -0.9972326159 -0.3241451681 0.9432221651 0.0725389272 0.9459724426 0.3238378167 0.0162859876
5.6 135.3 2891.8 -0.0081295427 0.0738988444 -0.9972326159 -0.3241451681 0.9432221651 0.0725389272 0.9459724426 0.3238378167 0.0162859876
-5.4 -50.7 2837.5 -0.0051064333 0.0564201809 -0.9983940721 -0.2800322473 0.9583796263 0.0555911958 0.9599770308 0.2798664272 0.0109055685
6.3 173.5 2760.8 -0.5755108595 0.1358382255 -0.8064336777 0.6484472752 0.6766569614 -0.3487857282 0.4983005226 -0.7236596942 -0.4775073528
147.9 14.0 2638.2 -0.5241016746 0.1358382255 0.8407528996 -0.5707777143 0.6766569614 -0.4651324153 -0.6320840716 -0.7236596942 -0.2771036029
4.9 97.1 3022.7 0.0585279055 0.6781660914 -0.7325744033 -0.9982732534 0.0434322506 -0.0395489670 0.0049965885 0.7336241603 0.6795370579
20.0 -160.1 3024.0 0.1508363634 0.6808491945 -0.7167236209 -0.9830111861 0.0266007632 -0.1816079766 -0.1045822427 0.7319403887 0.6732947230
-11.2 -217.4 2700.1 -0.9546208978 0.2106037438 0.2105826586 0.1792856902 0.9709734321 -0.1583263129 -0.2378142923 -0.1133871526 -0.9646697640
-92.9 -594.3 2744.1 -0.9606416225 0.0716621354 0.2683880925 0.1209143475 0.9776946306 0.1717351675 -0.2500946820 0.1974279284 -0.9478791356
-21.5 -265.4 2872.4 -0.8809611797 0.0058037587 0.4731529355 0.0109170610 0.9999079108 0.0080614155 -0.4730625749 0.0122672338 -0.8809434175
-23.7 -653.5 2867.6 -0.8757510185 0.1092931703 0.4702288806 0.0748258829 0.9929952025 -0.0914421678 -0.4769290090 -0.0448952802 -0.8777944446
297.4 176.8 2818.6 0 0 0 0 0 0 0 0 0
59.3 -416.5 2996.7 0 0 0 0 0 0 0 0 0
-119.6 -957.9 2670.7 0 0 0 0 0 0 0 0 0
-64.5 -1023.8 2884.3 0 0 0 0 0 0 0 0 0
13.5 314.3 2954.2 50 -0.0705861002 0.0451794527 -0.9964820147 -0.3211724758 0.9447470307 0.0655841902 0.9443864822 0.3246719539 -0.0521756113
4.8 130.9 2891.2 -0.0705861002 0.0451794527 -0.9964820147 -0.3211724758 0.9447470307 0.0655841902 0.9443864822 0.3246719539 -0.0521756113
-3.6 -54.7 2834.9 -0.0690152124 0.0433808342 -0.9966719747 -0.2874602079 0.9558155537 0.0615079030 0.9553028345 0.2907485068 -0.0534955524
14.2 170.1 2761.1 -0.5513882637 0.1243963018 -0.8249221444 0.6554557681 0.6763098836 -0.3361289203 0.5160897970 -0.7260375023 -0.4544456303
144.3 15.4 2639.3 -0.5320275426 0.1243963018 0.8375393748 -0.5721794963 0.6763098836 -0.4639133215 -0.6241452694 -0.7260375023 -0.2886384726
-4.6 91.7 3021.3 0.0529099293 0.6292803288 -0.7753752470 -0.9985991120 0.0338088311 -0.0407036170 0.0006005447 0.7764426470 0.6301876307
9.0 -165.6 3021.5 0.1520781219 0.6319728494 -0.7599227428 -0.9830423594 0.0170038790 -0.1825886220 -0.1024694145 0.7748039365 0.6238420010
-15.9 -211.7 2697.3 -0.9442389011 0.1911888272 0.2680667043 0.1488788575 0.9740780592 -0.1703144610 -0.2936801016 -0.1209080815 -0.9482263327
-90.1 -589.8 2744.2 -0.9455158114 0.0784958899 0.3159718215 0.1342944652 0.9781231284 0.1588714272 -0.2965885997 0.1926487088 -0.9353724718
-16.9 -261.8 2869.1 -0.8477174044 0.0346700326 0.5293139219 0.0450466983 0.9989623427 0.0067121116 -0.5285319686 0.0295338184 -0.8483995199
-30.3 -649.4 2857.6 -0.8499238491 0.0720490143 0.5219563246 0.0187235810 0.9941111803 -0.1067351997 -0.5265728235 -0.0809438974 -0.8462677598
296.6 179.2 2818.0 0 0 0 0 0 0 0 0 0
48.7 -422.1 2994.8 0 0 0 0 0 0 0 0 0
-119.6 -957.2 2671.9 0 0 0 0 0 0 0 0 0
-57.1 -1019.8 2887.8 0 0 0 0 0 0 0 0 0
19.5 311.3 2953.1 51 -0.0453118607 0.0719289407 -0.9963799715 -0.3319055438 0.9396603703 0.0829282403 0.9422237277 0.3344616890 -0.0187041461
5.7 130.0 2888.6 -0.0453118607 0.0719289407 -0.9963799715 -0.3319055438 0.9396603703 0.0829282403 0.9422237277 0.3344616890 -0.0187041461
-4.8 -54.8 2830.3 -0.0430904627 0.0536260158 -0.9976309538 -0.2984321415 0.9522774220 0.0640782267 0.9534576535 0.3004862964 -0.0250303447
11.5 170.8 2758.5 -0.5631195903 0.1369312406 -0.8149516582 0.6522029042 0.6792473793 -0.3365328610 0.5074719191 -0.7210220695 -0.4718044400
146.0 15.0 2637.4 -0.5306078792 0.1369312406 0.8364837766 -0.5643530488 0.6792473793 -0.4691786468 -0.6324246526 -0.7210220695 -0.2831364572
-0.2 89.3 3018.6 0.0504803807 0.6506923437 -0.7576616406 -0.9986498356 0.0235773139 -0.0462880060 -0.0122556267 0.7589753270 0.6510040164
12.8 -168.0 3015.4 0.1468883008 0.6533030272 -0.7427105308 -0.9820917249 0.0067636925 -0.1882820129 -0.1179817468 0.7570663095 0.6425970197
-5.8 -214.5 2693.2 -0.9479717016 0.2120286226 0.2374731451 0.1721428484 0.9688773751 -0.1778861433 -0.2677993178 -0.1277517378 -0.9549675584
-88.1 -590.5 2742.8 -0.9518673420 0.0845508948 0.2946178615 0.1350948513 0.9785310626 0.1556480527 -0.2751325667 0.1879576594 -0.9428541660
-18.1 -265.9 2863.9 -0.8626310825 0.0176111907 0.5055269003 0.0292196479 0.9994598031 0.0150419287 -0.5049889088 0.0277469531 -0.8626797199
-25.0 -653.8 2853.1 -0.8621034026 0.1026284471 0.4962309301 0.0344198495 0.9888741970 -0.1447172165 -0.5055620670 -0.1076810062 -0.8560442924
297.5 176.1 2817.9 0 0 0 0 0 0 0 0 0
51.1 -424.2 2984.6 0 0 0 0 0 0 0 0 0
-119.8 -957.1 2672.4 0 0 0 0 0 0 0 0 0
-63.2 -1022.3 2893.2 0 0 0 0 0 0 0 0 0
22.7 316.1 2954.0 52 -0.0301442109 0.0813399106 -0.9962304831 -0.3335705101 0.9387263656 0.0867381021 0.9422430992 0.3349277377 -0.0011645720
7.0 135.5 2889.6 -0.0301442109 0.0813399106 -0.9962304831 -0.3335705101 0.9387263656 0.0867381021 0.9422430992 0.3349277377 -0.0011645720
-5.4 -49.0 2830.6 -0.0278051645 0.0639271513 -0.9975671172 -0.3031521142 0.9504150152 0.0693552494 0.9525364637 0.3043430150 -0.0070467945
10.8 176.9 2759.6 -0.5733131766 0.1678495109 -0.8019592166 0.6582413912 0.6771894693 -0.3288353682 0.4878834486 -0.7164083719 -0.4987271428
149.2 18.1 2641.9 -0.5123853683 0.1678495109 0.8421922326 -0.5609157681 0.6771894693 -0.4762225747 -0.6502574086 -0.7164083719 -0.2528325617
3.2 94.1 3019.6 0.0450592935 0.6641098857 -0.7462759018 -0.9988197088 0.0163898263 -0.0457223207 -0.0181333143 0.7474552989 0.6640645862
14.9 -163.2 3014.9 0.1397352368 0.6666026711 -0.7321987152 -0.9821977019 -0.0004435886 -0.1878497154 -0.1255459189 0.7454131246 0.6546736360
-11.3 -213.0 2686.8 -0.9559965730 0.1971657425 0.2172467858 0.1579146683 0.9699021578 -0.1853449494 -0.2472518086 -0.1428826749 -0.9583585262
-87.8 -589.4 2742.3 -0.9586041570 0.0841003284 0.2720389068 0.1316675991 0.9780315161 0.1616104543 -0.2524711490 0.1907391697 -0.9486184120
-19.0 -266.4 2857.3 -0.8719437122 0.0187655278 0.4892463684 0.0035139497 0.9994793534 -0.0320733935 -0.4895935059 -0.0262470078 -0.8715556860
-26.3 -653.8 2867.5 -0.8680600524 0.0907381177 0.4880966246 0.0634355024 0.9953691363 -0.0722235963 -0.4923897386 -0.0317317620 -0.8697962165
295.4 178.1 2827.4 0 0 0 0 0 0 0 0 0
51.3 -419.4 2982.2 0 0 0 0 0 0 0 0 0
-119.6 -959.0 2670.2 0 0 0 0 0 0 0 0 0
-60.0 -1023.9 2879.3 0 0 0 0 0 0 0 0 0
21.6 317.8 2953.5 53 -0.0049954755 0.0585145392 -0.9982740283 -0.3244655728 0.9441804886 0.0569674671 0.9458842874 0.3241901696 0.0142693240
10.3 136.3 2891.2 -0.0049954755 0.0585145392 -0.9982740283 -0.3244655728 0.9441804886 0.0569674671 0.9458842874 0.3241901696 0.0142693240
-0.6 -48.7 2833.5 -0.0033567869 0.0564598069 -0.9983992577 -0.2974233925 0.9531658292 0.0549018309 0.9547398090 0.2971315682 0.0135928923
10.8 176.9 2760.8 -0.5662417412 0.1638930738 -0.8077805042 0.6544941068 0.6851088405 -0.3197864890 0.5010067821 -0.7097640038 -0.4952042699
147.9 18.4 2639.5 -0.5241117477 0.1638930738 0.8357307911 -0.5490705371 0.6851088405 -0.4786935151 -0.6510210633 -0.7097640038 -0.2690847218
9.9 95.7 3021.5 0.0593423359 0.6793676019 -0.7313946486 -0.9981511235 0.0307340622 -0.0524380244 -0.0131459646 0.7331542373 0.6799353361
25.1 -161.5 3018.1 0.1515050530 0.6820663810 -0.7154241204 -0.9808154702 0.0139142703 -0.1944413483 -0.1226672977 0.7311578989 0.6710892916
-15.3 -206.3 2686.3 -0.9608179331 0.1902476847 0.2015806288 0.1549219191 0.9716488123 -0.1785994023 -0.2298437059 -0.1403722614 -0.9630511403
-89.1 -583.4 2740.8 -0.9639772773 0.0788047463 0.2540425360 0.1223703474 0.9794172049 0.1605223864 -0.2361636907 0.1858272105 -0.9537792802
-20.3 -260.6 2856.8 -0.8819737434 0.0083224745 0.4712249935 -0.0075674439 0.9994651079 -0.0318156071 -0.4712377191 -0.0316265002 -0.8814390302
-23.5 -648.3 2869.1 -0.8757358789 0.1082765013 0.4704922140 0.0838738531 0.9938282967 -0.0725982487 -0.4754491448 -0.0241148993 -0.8794126511
297.2 174.8 2825.0 0 0 0 0 0 0 0 0 0
64.7 -417.3 2986.1 0 0 0 0 0 0 0 0 0
-119.3 -958.7 2669.6 0 0 0 0 0 0 0 0 0
-63.8 -1018.5 2878.1 0 0 0 0 0 0 0 0 0
25.5 315.9 2953.7 54 0.0620786622 0.0773392320 -0.9950702786 -0.3364340067 0.9402652383 0.0520908125 0.9396586418 0.3315417469 0.0843899548
10.6 133.9 2889.6 0.0620786622 0.0773392320 -0.9950702786 -0.3364340067 0.9402652383 0.0520908125 0.9396586418 0.3315417469 0.0843899548
-1.3 -50.9 2831.6 0.0645419583 0.0610584877 -0.9960452914 -0.3027491570 0.9522818923 0.0387581438 0.9508823752 0.2990503311 0.0799475461
1.8 175.2 2760.0 -0.5887965560 0.1586187482 -0.7925646305 0.6379952431 0.6932429671 -0.3352257311 0.4962667823 -0.7030321956 -0.5093770623
146.8 18.1 2637.8 -0.5321740508 0.1586187482 0.8316434622 -0.5397332311 0.6932429671 -0.4776005149 -0.6522873640 -0.7030321956 -0.2833141088
19.4 92.7 3019.1 0.0736475214 0.7259012461 -0.6838445663 -0.9969944954 0.0370593518 -0.0680340901 -0.0240431931 0.6867998242 0.7264488339
38.3 -164.2 3012.9 0.1579142362 0.7287125587 -0.6663641334 -0.9776079059 0.0203199722 -0.2094512433 -0.1390892416 0.6845181584 0.7156039476
-11.3 -207.1 2690.4 -0.9702741504 0.1972475350 0.1402193159 0.1727468371 0.9702674150 -0.1695277393 -0.1694891751 -0.1402659416 -0.9754992723
-87.8 -583.8 2744.8 -0.9763981104 0.0820109546 0.1998022497 0.1182179227 0.9771526456 0.1766273081 -0.1807519197 0.1960787773 -0.9637851715
-11.9 -260.4 2861.3 -0.9102957249 0.0376079194 0.4122467637 0.0321402662 0.9992793798 -0.0201909989 -0.4127090275 -0.0051300600 -0.9108484983
-26.5 -647.9 2863.3 -0.9076180458 0.0923162326 0.4095206559 0.0670458376 0.9948757887 -0.0756766945 -0.4144083858 -0.0412288792 -0.9091566801
298.5 172.0 2823.8 0 0 0 0 0 0 0 0 0
79.5 -419.2 2976.7 0 0 0 0 0 0 0 0 0
-119.3 -958.2 2669.7 0 0 0 0 0 0 0 0 0
-60.9 -1018.8 2878.7 0 0 0 0 0 0 0 0 0
23.1 312.3 2954.4 55 0.0159921814 0.0730609596 -0.9971992373 -0.3306690156 0.9415956140 0.0636841282 0.9436112642 0.3287244439 0.0392171629
9.0 129.7 2890.6 0.0159921814 0.0730609596 -0.9971992373 -0.3306690156 0.9415956140 0.0636841282 0.9436112642 0.3287244439 0.0392171629
-3.4 -55.4 2833.4 0.0184643697 0.0635715276 -0.9978064299 -0.2963802516 0.9534698725 0.0552622825 0.9548915029 0.2947097421 0.0364465676
6.5 170.1 2760.5 -0.5831857324 0.1538629979 -0.7976343632 0.6359573007 0.6973962784 -0.3304492831 0.5054233670 -0.6999747157 -0.5045618415
144.8 19.2 2640.6 -0.5392208695 0.1538629979 0.8279897571 -0.5343619585 0.6973962784 -0.4775936306 -0.6509209871 -0.6999747157 -0.2938321233
11.5 89.3 3020.8 0.0583284684 0.6960619688 -0.7156084776 -0.9982012510 0.0307150129 -0.0514862463 -0.0138576943 0.7173244357 0.6966015100
26.5 -167.9 3017.2 0.1478260905 0.6986957192 -0.6999798417 -0.9810429215 0.0139181297 -0.1932901591 -0.1253085881 0.7152835727 0.6875079274
-18.9 -208.7 2688.6 -0.9668864608 0.1795383692 0.1813739985 0.1490039974 0.9741243124 -0.1699402034 -0.2071916014 -0.1372874379 -0.9686195254
-88.6 -586.8 2741.9 -0.9694912434 0.0823492035 0.2308795899 0.1223732159 0.9787099361 0.1647775471 -0.2123948485 0.1880038679 -0.9589280486
-7.4 -262.8 2858.5 -0.8916394711 0.0400447212 0.4509716630 0.0292870086 0.9990960360 -0.0308114029 -0.4517978430 -0.0142650530 -0.8920062780
-22.9 -650.5 2864.0 -0.8862644434 0.1171751246 0.4481130838 0.0880818665 0.9924536943 -0.0853067264 -0.4547273219 -0.0361336768 -0.8898974061
298.6 171.6 2826.2 0 0 0 0 0 0 0 0 0
65.1 -423.7 2984.5 0 0 0 0 0 0 0 0 0
-119.9 -959.2 2670.3 0 0 0 0 0 0 0 0 0
-66.6 -1020.6 2877.5 0 0 0 0 0 0 0 0 0
29.5 318.8 2954.2 56 0.0359283909 0.0892894268 -0.9953575134 -0.3332895041 0.9400485158 0.0722974762 0.9421397448 0.3291446865 0.0635336563
12.2 136.9 2890.5 0.0359283909 0.0892894268 -0.9953575134 -0.3332895041 0.9400485158 0.0722974762 0.9421397448 0.3291446865 0.0635336563
-1.9 -47.9 2832.7 0.0387104936 0.0725037009 -0.9966166019 -0.3007555306 0.9519618750 0.0575731583 0.9529153109 0.2975092828 0.0586568080
6.9 178.0 2760.5 -0.6212415695 0.1973097175 -0.7583717704 0.6281235218 0.7040251493 -0.3313750327 0.4685293138 -0.6822150946 -0.5613045692
158.3 24.9 2646.3 -0.4767264724 0.1973097175 0.8566216826 -0.5391681194 0.7040251493 -0.4622188807 -0.6942834854 -0.6822150946 -0.2292443216
17.5 95.9 3020.5 0.0555831045 0.7117389441 -0.7002415061 -0.9982677698 0.0260681082 -0.0527434200 -0.0192855746 0.7019602060 0.7119550109
31.8 -161.3 3015.5 0.1427267343 0.7142899632 -0.6851415038 -0.9808252454 0.0092595723 -0.1946692169 -0.1327061504 0.6997885704 0.7019152045
-17.4 -214.0 2690.9 -0.9693530798 0.1853450537 0.1612507552 0.1602122933 0.9745141268 -0.1570168436 -0.1862434149 -0.1263704002 -0.9743428230
-89.3 -592.3 2739.9 -0.9739457965 0.0804914162 0.2120158225 0.1163642183 0.9798125625 0.1625630856 -0.1946508288 0.1829986870 -0.9636506438
-14.1 -267.0 2861.5 -0.9017597437 0.0259472001 0.4314581454 0.0197467729 0.9996274114 -0.0188446734 -0.4317863584 -0.0084734615 -0.9019361138
-24.2 -654.9 2864.8 -0.8967285156 0.1087027043 0.4290240705 0.0818108693 0.9933756590 -0.0806958824 -0.4349539280 -0.0372634679 -0.8996813297
296.0 180.7 2846.9 0 0 0 0 0 0 0 0 0
69.0 -417.2 2980.9 0 0 0 0 0 0 0 0 0
-119.5 -959.7 2671.3 0 0 0 0 0 0 0 0 0
-64.7 -1025.5 2878.7 0 0 0 0 0 0 0 0 0
28.4 321.3 2954.1 57 0.0428145267 0.0841994658 -0.9955286980 -0.3344547451 0.9401583672 0.0651325360 0.9414387345 0.3301706910 0.0684133470
12.2 140.6 2890.6 0.0428145267 0.0841994658 -0.9955286980 -0.3344547451 0.9401583672 0.0651325360 0.9414387345 0.3301706910 0.0684133470
-3.0 -43.9 2832.1 0.0453240946 0.0780093148 -0.9959218502 -0.3052061200 0.9503593445 0.0605506226 0.9512071013 0.3012170196 0.0668830946
6.0 182.2 2760.7 -0.6132418513 0.2013631612 -0.7637979388 0.6420902014 0.6902655363 -0.3335470557 0.4600593150 -0.6949722171 -0.5525930524
159.4 21.6 2645.6 -0.4786660671 0.2013631612 0.8545944691 -0.5496754050 0.6902655363 -0.4705214500 -0.6846427917 -0.6949722171 -0.2197223157
18.4 98.9 3020.4 0.0522551425 0.7173908949 -0.6947084069 -0.9983431697 0.0207459629 -0.0536708646 -0.0240905937 0.6963619590 0.7172863483
31.9 -158.3 3014.2 0.1386033297 0.7198733091 -0.6801261306 -0.9806583524 0.0039314185 -0.1956878155 -0.1381965727 0.6940943599 0.7064946890
-19.5 -205.7 2689.8 -0.9729694128 0.1746621728 0.1510748714 0.1497135609 0.9751649499 -0.1632151902 -0.1758304387 -0.1361854225 -0.9749549627
-87.3 -584.3 2742.6 -0.9759476781 0.0884868652 0.1992389709 0.1213376001 0.9797577262 0.1592232138 -0.1811167598 0.1795687079 -0.9669290781
-12.5 -259.6 2860.3 -0.9051156640 0.0353149697 0.4236961901 0.0243802425 0.9992157221 -0.0312023815 -0.4244658053 -0.0179119483 -0.9052667618
-26.3 -647.4 2867.2 -0.9012392759 0.0953985229 0.4226900339 0.0791022107 0.9952937961 -0.0559737347 -0.4260405898 -0.0170100126 -0.9045441151
295.9 178.4 2840.9 0 0 0 0 0 0 0 0 0
68.0 -414.2 2978.2 0 0 0 0 0 0 0 0 0
-121.0 -958.1 2674.1 0 0 0 0 0 0 0 0 0
-61.8 -1018.7 2873.6 0 0 0 0 0 0 0 0 0
29.4 315.5 2953.5 58 0.0309002250 0.0845908597 -0.9959365129 -0.3314206302 0.9409098625 0.0696343556 0.9429769516 0.3279221952 0.0571094826
13.0 133.3 2890.0 0.0309002250 0.0845908597 -0.9959365129 -0.3314206302 0.9409098625 0.0696343556 0.9429769516 0.3279221952 0.0571094826
-1.5 -51.7 2833.2 0.0338736102 0.0744389221 -0.9966500998 -0.2960059047 0.9532276392 0.0611352511 0.9545853138 0.2929434478 0.0543236248
8.4 173.7 2759.7 -0.6225940585 0.1978390068 -0.7571237683 0.6282202601 0.7032506466 -0.3328330517 0.4666003883 -0.6828603745 -0.5621261001
161.3 19.5 2645.1 -0.4737664163 0.1978390068 0.8581405282 -0.5412598848 0.7032506466 -0.4609515071 -0.6946820021 -0.6828603745 -0.2260942012
17.6 92.9 3020.4 0.0524983294 0.7089698315 -0.7032820582 -0.9985262752 0.0275663491 -0.0467483103 -0.0137562249 0.7046998143 0.7093722224
31.1 -164.4 3016.8 0.1402423382 0.7114790678 -0.6885707378 -0.9819368720 0.0107315183 -0.1889041662 -0.1270119399 0.7026253343 0.7001325488
-22.2 -201.1 2688.5 -0.9729556441 0.1622727066 0.1643923521 0.1354035139 0.9772469997 -0.1632611901 -0.1871447563 -0.1365865916 -0.9727903008
-85.2 -580.4 2741.5 -0.9739171863 0.0918550417 0.2074799240 0.1256676614 0.9797057509 0.1561548412 -0.1889256537 0.1781554073 -0.9656955004
-14.1 -255.7 2858.8 -0.8998915553 0.0341585204 0.4347740114 0.0218624827 0.9992077947 -0.0332531333 -0.4355654716 -0.0204189718 -0.8999254107
-27.3 -643.6 2866.8 -0.8969339728 0.0870026350 0.4335204661 0.0657009259 0.9957904816 -0.0639116317 -0.4372560382 -0.0288418196 -0.8988744617
296.2 173.7 2843.0 0 0 0 0 0 0 0 0 0
67.7 -420.5 2983.7 0 0 0 0 0 0 0 0 0
-120.4 -956.2 2673.2 0 0 0 0 0 0 0 0 0
-59.8 -1015.2 2877.5 0 0 0 0 0 0 0 0 0
25.6 313.8 2953.7 59 0.0353658386 0.0721945986 -0.9967633486 -0.3247207105 0.9440993071 0.0568588823 0.9451485276 0.3216588199 0.0568319447
11.6 130.5 2891.3 0.0353658386 0.0721945986 -0.9967633486 -0.3247207105 0.9440993071 0.0568588823 0.9451485276 0.3216588199 0.0568319447
-2.4 -54.6 2834.6 0.0376176275 0.0722429529 -0.9966773987 -0.2951339781 0.9536945820 0.0579881407 0.9547150731 0.2919719815 0.0571970753
6.5 170.8 2760.9 -0.6370700002 0.1893467307 -0.7471877933 0.6147801280 0.7095463276 -0.3443681598 0.4649593830 -0.6787428260 -0.5684372783
164.2 18.5 2645.7 -0.4567075372 0.1893467307 0.8692330122 -0.5482840538 0.7095463276 -0.4426382184 -0.7005732059 -0.6787428260 -0.2202393413
16.7 90.2 3021.7 0.0557243824 0.7109354138 -0.7010461092 -0.9983602762 0.0304642748 -0.0484631173 -0.0130972834 0.7025972009 0.7114672661
31.1 -167.1 3018.3 0.1430956721 0.7134945989 -0.6858929396 -0.9815726280 0.0136312861 -0.1906025559 -0.1266442835 0.7005281448 0.7022973299
-19.0 -210.2 2690.8 -0.9713366628 0.1721587032 0.1639100909 0.1474507004 0.9772255421 -0.1526057571 -0.1864495426 -0.1240629032 -0.9745998979
-85.8 -589.6 2739.0 -0.9735883474 0.0910066441 0.2093883604 0.1258186549 0.9791563153 0.1594446301 -0.1905134022 0.1815783978 -0.9647455215
-12.9 -263.3 2861.8 -0.9008451104 0.0364618450 0.4326067567 0.0300224591 0.9993134737 -0.0217084568 -0.4331012666 -0.0065680384 -0.9013213515
-27.1 -651.2 2864.3 -0.8980717659 0.0893560797 0.4306769669 0.0683859810 0.9956063032 -0.0639643222 -0.4345003068 -0.0279922839 -0.9002366066
294.5 175.0 2845.6 0 0 0 0 0 0 0 0 0
68.4 -423.1 2985.3 0 0 0 0 0 0 0 0 0
-119.7 -954.8 2671.2 0 0 0 0 0 0 0 0 0
-60.4 -1022.8 2874.8 0 0 0 0 0 0 0 0 0
28.3 313.4 2953.4 60 0.0253382977 0.0867852643 -0.9959047437 -0.3201768696 0.9444510341 0.0741553828 0.9470188618 0.3169866800 0.0517174155
11.4 129.7 2891.7 0.0253382977 0.0867852643 -0.9959047437 -0.3201768696 0.9444510341 0.0741553828 0.9470188618 0.3169866800 0.0517174155
-3.3 -55.3 2834.9 0.0274603330 0.0760340020 -0.9967270494 -0.2954449654 0.9531750679 0.0645720363 0.9549650550 0.2927048206 0.0486383662
7.7 170.1 2761.2 -0.6355534196 0.1963093281 -0.7466823459 0.6133618951 0.7157509327 -0.3338978887 0.4688913226 -0.6701964140 -0.5753065944
163.6 19.6 2646.2 -0.4638564289 0.1963093281 0.8638864756 -0.5343918800 0.7157509327 -0.4495841563 -0.7065851092 -0.6701964140 -0.2270995677
15.2 89.4 3022.2 0.0492652059 0.7050566673 -0.7074376941 -0.9987042546 0.0257276483 -0.0439076424 -0.0127566671 0.7086841464 0.7054105401
27.9 -168.0 3018.9 0.1377212107 0.7075232267 -0.6931405067 -0.9824810624 0.0088755265 -0.1861510575 -0.1255542040 0.7066343427 0.6963505149
-19.8 -213.3 2692.4 -0.9692783356 0.1745768338 0.1732699126 0.1507066786 0.9782447815 -0.1425646096 -0.1943888515 -0.1120718494 -0.9745013714
-87.6 -593.1 2735.9 -0.9723730683 0.0875403732 0.2163962275 0.1210509464 0.9817323685 0.1467930526 -0.1995928586 0.1689325720 -0.9652069807
-13.1 -266.2 2863.5 -0.8969970345 0.0347853601 0.4406657219 0.0328000076 0.9993883967 -0.0121238688 -0.4408179522 0.0035787646 -0.8975893855
-26.6 -654.2 2862.1 -0.8943863511 0.0966521204 0.4367280602 0.0642887950 0.9940147996 -0.0883264020 -0.4426510632 -0.0509212129 -0.8952469230
296.3 172.4 2848.3 0 0 0 0 0 0 0 0 0
63.8 -424.3 2986.1 0 0 0 0 0 0 0 0 0
-119.8 -954.2 2673.8 0 0 0 0 0 0 0 0 0
-62.7 -1025.1 2881.1 0 0 0 0 0 0 0 0 0
29.4 313.4 2953.7 61 0.0192863308 0.0939176008 -0.9953931570 -0.3179080784 0.9444855452 0.0829546973 0.9479253292 0.3148436546 0.0480728261
11.2 130.3 2892.6 0.0192863308 0.0939176008 -0.9953931570 -0.3179080784 0.9444855452 0.0829546973 0.9479253292 0.3148436546 0.0480728261
-4.0 -54.7 2835.8 0.0213498399 0.0782538280 -0.9967048168 -0.2951664925 0.9529871941 0.0684988573 0.9552072883 0.2927314341 0.0434440337
8.3 170.6 2762.1 -0.6531982422 0.2203933746 -0.7244023681 0.6065403223 0.7249857187 -0.3263504207 0.4532558918 -0.6525507569 -0.6072368622
170.8 19.6 2649.3 -0.4405897260 0.2203933746 0.8702341318 -0.5228711963 0.7249857187 -0.4483318925 -0.7297166586 -0.6525507569 -0.2041838914
14.1 89.9 3023.1 0.0454280861 0.7014675736 -0.7112520933 -0.9988942742 0.0232680514 -0.0408519991 -0.0121069038 0.7123214006 0.7017489672
25.8 -167.4 3020.0 0.1345347613 0.7038791180 -0.6974629760 -0.9830620885 0.0064047030 -0.1831608117 -0.1244560257 0.7102909088 0.6928185225
-20.6 -213.9 2692.5 -0.9681136608 0.1764285713 0.1778451800 0.1519253403 0.9779689908 -0.1431619972 -0.1991849244 -0.1115778983 -0.9735891223
-89.0 -593.5 2735.8 -0.9715304375 0.0853779688 0.2209959179 0.1189855263 0.9824688435 0.1435178816 -0.2048683465 0.1657273173 -0.9646571279
-15.6 -266.8 2863.6 -0.8948442936 0.0273941383 0.4455370605 0.0276617128 0.9995999336 -0.0059035537 -0.4455205202 0.0070415572 -0.8952440023
-26.3 -654.9 2860.9 -0.8919172287 0.1002793238 0.4409395456 0.0619339980 0.9930021763 -0.1005525365 -0.4479372799 -0.0623753890 -0.8918864727
297.1 169.5 2858.4 0 0 0 0 0 0 0 0 0
60.9 -423.9 2987.5 0 0 0 0 0 0 0 0 0
-120.2 -952.0 2675.4 0 0 0 0 0 0 0 0 0
-63.7 -1025.5 2884.2 0 0 0 0 0 0 0 0 0
26.3 314.0 2952.8 62 0.0096499305 0.0796843842 -0.9967734218 -0.2951603234 0.9526320100 0.0732981190 0.9553990364 0.2935006320 0.0327125005
10.8 128.3 2895.6 0.0096499305 0.0796843842 -0.9967734218 -0.2951603234 0.9526320100 0.0732981190 0.9553990364 0.2935006320 0.0327125005
-4.1 -57.9 2843.3 0.0115832789 0.0763072893 -0.9970170856 -0.2714568079 0.9598789215 0.0703111291 0.9623808861 0.2698326409 0.0318326764
9.2 165.4 2764.2 -0.7013226748 0.2395307273 -0.6713952422 0.5754889250 0.7460601330 -0.3349727690 0.4206649363 -0.6213045120 -0.6610761881
184.1 21.9 2659.2 -0.3916724026 0.2395307273 0.8883792758 -0.5112961531 0.7460601330 -0.4265800714 -0.7649633884 -0.6213045120 -0.1697400212
12.4 91.3 3027.1 0.0444391817 0.6943980455 -0.7182175517 -0.9989265800 0.0402913094 -0.0228527877 0.0130689945 0.7184622288 0.6954432130
23.8 -166.0 3030.4 0.1347014904 0.6968084574 -0.7044951916 -0.9859536290 0.0234005712 -0.1653718948 -0.0987469479 0.7168754339 0.6901729107
-21.1 -213.3 2693.4 -0.9662850499 0.1730881929 0.1906140447 0.1457609683 0.9780083299 -0.1491759866 -0.2122427225 -0.1163624376 -0.9702643156
-88.3 -593.0 2738.6 -0.9684343338 0.0865596607 0.2337570786 0.1241195723 0.9807006121 0.1510651410 -0.2161695510 0.1753105074 -0.9604878426
-17.3 -266.2 2864.5 -0.8902306557 0.0187761597 0.4551228583 0.0226217043 0.9997395873 0.0030041672 -0.4549479187 0.0129700564 -0.8904235959
-24.6 -654.3 2859.5 -0.8872127533 0.1047398224 0.4493140876 0.0559506826 0.9911277294 -0.1205623969 -0.4579553306 -0.0818250626 -0.8852013946
296.3 168.3 2878.4 0 0 0 0 0 0 0 0 0
58.9 -423.2 3004.7 0 0 0 0 0 0 0 0 0
-119.9 -951.1 2674.5 0 0 0 0 0 0 0 0 0
-63.6 -1024.1 2890.0 0 0 0 0 0 0 0 0 0
25.4 317.7 2954.4 63 0.0233032461 0.0727239773 -0.9970798492 -0.2927210629 0.9541366696 0.0627505034 0.9559139013 0.2904039621 0.0435223207
11.3 131.8 2897.8 0.0233032461 0.0727239773 -0.9970798492 -0.2927210629 0.9541366696 0.0627505034 0.9559139013 0.2904039621 0.0435223207
-2.6 -54.7 2845.9 0.0250116326 0.0713437423 -0.9971381426 -0.2700126171 0.9608601928 0.0619752668 0.9625318646 0.2676897645 0.0432963930
7.9 168.7 2766.3 -0.6732908487 0.1710687131 -0.7193156481 0.5916221142 0.7081571221 -0.3853527009 0.4434667230 -0.6850174665 -0.5780037642
177.7 19.4 2654.5 -0.4510378540 0.1710687131 0.8759568334 -0.5618476272 0.7081571221 -0.4275987744 -0.6934638619 -0.6850174665 -0.2232911438
14.7 94.9 3029.3 0.0530609712 0.7023065686 -0.7098943591 -0.9984958768 0.0471404344 -0.0279958881 0.0138030304 0.7103120685 0.7037515640
28.4 -162.3 3032.8 0.1418911666 0.7048431635 -0.6950272918 -0.9849124551 0.0302567892 -0.1703876704 -0.0990673006 0.7087175846 0.6985020041
-19.9 -219.9 2704.7 -0.9661971331 0.1783947349 0.1861138642 0.1583983898 0.9803714156 -0.1173960418 -0.2034035474 -0.0839475840 -0.9754894972
-89.2 -600.3 2737.3 -0.9702362418 0.0825930238 0.2276400477 0.1195918396 0.9808301330 0.1538508683 -0.2105692029 0.1764955819 -0.9615144134
-17.9 -268.5 2877.1 -0.8951584697 0.0243085250 0.4450847208 0.0397507697 0.9988869429 0.0253924001 -0.4439720809 0.0404226817 -0.8951283693
-27.3 -656.2 2861.4 -0.8939866424 0.0926169157 0.4384175837 0.0532036535 0.9934246540 -0.1013749763 -0.4449238777 -0.0673024580 -0.8930358887
305.0 178.0 2850.2 0 0 0 0 0 0 0 0 0
65.4 -419.2 3007.0 0 0 0 0 0 0 0 0 0
-118.7 -951.4 2674.1 0 0 0 0 0 0 0 0 0
-61.9 -1026.9 2886.5 0 0 0 0 0 0 0 0 0
