-242.5 489.3 2363.5 49 0.4221152663 0.1055870131 -0.9003722072 -0.1165945753 0.9912683964 0.0615842193 0.8990130424 0.0789828748 0.4307403862
-263.5 292.5 2347.8 0.4221152663 0.1055870131 -0.9003722072 -0.1165945753 0.9912683964 0.0615842193 0.8990130424 0.0789828748 0.4307403862
-282.4 98.2 2333.1 0.4228651822 0.0965942293 -0.9010297060 -0.1092363596 0.9924857020 0.0551326200 0.8995845914 0.0751115456 0.4302392602
-323.7 308.1 2219.7 0.1197585911 0.1184713691 -0.9857090712 0.9517419934 0.2688835561 0.1479486078 0.2825686336 -0.9558588862 -0.0805530623
-355.6 54.2 2144.3 -0.3564348519 0.1350358427 -0.9245104194 0.9194093347 0.2267667949 -0.3213461339 0.1662550122 -0.9645424485 -0.2049807906
-203.2 276.9 2475.9 -0.0773126259 -0.7243281603 -0.6851069331 -0.1616042554 0.6871808767 -0.7082841992 0.9838225842 0.0559568815 -0.1701822728
-215.0 252.4 2625.3 0.6606816649 -0.7243281603 -0.1971000433 0.6686071157 0.6871808767 -0.2841601074 0.3412685394 0.0559568815 0.9382987618
-332.7 -88.8 2241.3 0.2610452771 0.0269127470 -0.9649513364 0.0217903927 0.9991922975 0.0337626226 0.9650806189 -0.0298402421 0.2602479756
-343.2 -479.9 2253.0 0.2394203693 0.1705073416 -0.9558269382 -0.1177081019 0.9822949171 0.1457447708 0.9637544751 0.0776143074 0.2552514970
-258.9 -105.8 2405.3 -0.9643591046 0.0840203837 0.2509025633 0.0148786902 0.9639635682 -0.2656177878 -0.2641782463 -0.2524178326 -0.9308571815
-291.7 -483.1 2504.1 -0.9643591046 -0.0736059472 0.2541528940 0.0148786902 0.9439237118 0.3298282325 -0.2641782463 0.3218543231 -0.9091862440
-253.6 -209.0 2096.7 0 0 0 0 0 0 0 0 0
-45.8 423.6 2712.6 0 0 0 0 0 0 0 0 0
-407.4 -849.9 2223.8 0 0 0 0 0 0 0 0 0
-268.6 -780.0 2402.9 0 0 0 0 0 0 0 0 0
-242.4 486.1 2358.4 50 0.4757286012 0.1074020043 -0.8730103970 -0.1267252266 0.9905313849 0.0528037772 0.8704154491 0.0855121687 0.4848346412
-263.6 290.5 2341.5 0.4757286012 0.1074020043 -0.8730103970 -0.1267252266 0.9905313849 0.0528037772 0.8704154491 0.0855121687 0.4848346412
-282.0 96.3 2324.8 0.4764291942 0.0937477946 -0.8742005229 -0.1198202744 0.9919455647 0.0410739034 0.8710099459 0.0851781443 0.4838247299
-331.3 307.5 2217.6 0.0915899500 0.0575056635 -0.9941349626 0.9577910304 0.2680903673 0.1037492380 0.2724841833 -0.9616759419 -0.0305240247
-355.6 53.8 2145.5 -0.3560778797 0.0810847431 -0.9309316874 0.9194695950 0.2081068456 -0.3335674405 0.1666860282 -0.9747393727 -0.1486572027
-195.8 273.5 2465.3 -0.1183388457 -0.7070921063 -0.6971489787 -0.1258122921 0.7071011066 -0.6958299279 0.9849706292 0.0053661969 -0.1726384014
-214.4 253.7 2619.8 0.6597480774 -0.7070921063 -0.2544665635 0.6569707990 0.7071011066 -0.2615290582 0.3648587167 0.0053661969 0.9310474396
-339.6 -86.3 2237.1 0.3181094229 0.0052497433 -0.9480394721 0.0307975393 0.9993996620 0.0158680938 0.9475536346 -0.0342450738 0.3177567720
-341.6 -477.5 2250.5 0.2956958711 0.1703529209 -0.9399701357 -0.1196276993 0.9828287959 0.1404878050 0.9477621913 0.0709047988 0.3109973371
-263.1 -106.0 2399.7 -0.9685704112 0.0762806609 0.2367542833 0.0072907456 0.9601135254 -0.2795155048 -0.2486326098 -0.2690043151 -0.9304937124
-293.0 -481.9 2505.0 -0.9685704112 -0.0756446123 0.2369582802 0.0072907456 0.9435934424 0.3310260475 -0.2486326098 0.3223496377 -0.9133852124
-253.7 -209.3 2097.8 0 0 0 0 0 0 0 0 0
-45.5 421.9 2713.2 0 0 0 0 0 0 0 0 0
-405.8 -847.7 2223.8 0 0 0 0 0 0 0 0 0
-269.1 -779.9 2403.2 0 0 0 0 0 0 0 0 0
-241.5 488.1 2362.3 51 0.4685572982 0.1108790785 -0.8764473200 -0.1360919774 0.9893094301 0.0524011329 0.8728877306 0.0947245061 0.4786379039
-263.4 292.6 2343.6 0.4685572982 0.1108790785 -0.8764473200 -0.1360919774 0.9893094301 0.0524011329 0.8728877306 0.0947245061 0.4786379039
-283.1 98.5 2326.2 0.4696364701 0.1001083702 -0.8771658540 -0.1259631217 0.9909837246 0.0456571467 0.8738276958 0.0890482813 0.4780120552
-330.3 310.5 2219.2 0.0965704173 0.0662575662 -0.9931183457 0.9552738667 0.2740300298 0.1111728027 0.2795102894 -0.9594359994 -0.0368309282
-356.3 53.6 2144.0 -0.3586168885 0.0919938609 -0.9289408326 0.9190364480 0.2092015892 -0.3340758979 0.1636029631 -0.9735357165 -0.1595689356
-196.6 274.6 2468.0 -0.1622845232 -0.6521216035 -0.7405411005 -0.0559630804 0.7553643584 -0.6529110670 0.9851557612 -0.0645143986 -0.1590786725
-220.3 266.5 2612.0 0.6808119416 -0.6521216035 -0.3335153759 0.6209397912 0.7553643584 -0.2094243020 0.3884957433 -0.0645143986 0.9191892743
-343.4 -87.2 2229.5 0.3119892180 -0.0026848323 -0.9500818253 0.0523717813 0.9985241890 0.0143761951 0.9486410618 -0.0542426966 0.3116693795
-342.4 -478.1 2250.8 0.2873477042 0.1702234596 -0.9425790310 -0.1154840291 0.9830595255 0.1423283517 0.9508389831 0.0679551065 0.3021380007
-257.5 -108.8 2386.7 -0.9671378732 0.0867844522 0.2389828414 0.0106236897 0.9529155493 -0.3030497134 -0.2540304661 -0.2905519605 -0.9225226641
-291.4 -481.8 2500.4 -0.9671378732 -0.0705763102 0.2442607731 0.0106236897 0.9486451149 0.3161638975 -0.2540304661 0.3083690405 -0.9167208076
-253.7 -209.3 2097.2 0 0 0 0 0 0 0 0 0
-46.2 425.3 2711.4 0 0 0 0 0 0 0 0 0
-406.5 -848.4 2225.2 0 0 0 0 0 0 0 0 0
-269.2 -780.2 2403.4 0 0 0 0 0 0 0 0 0
-243.9 488.3 2364.8 52 0.4775845706 0.0922313854 -0.8737313151 -0.1374842227 0.9900686741 0.0293626487 0.8677620888 0.1061011180 0.4855218530
-262.1 292.6 2343.8 0.4775845706 0.0922313854 -0.8737313151 -0.1374842227 0.9900686741 0.0293626487 0.8677620888 0.1061011180 0.4855218530
-278.9 98.4 2324.8 0.4785856605 0.0854654238 -0.8738715053 -0.1263198853 0.9915999770 0.0277988575 0.8689067960 0.0970832109 0.4853615165
-330.3 310.6 2220.1 0.0974936262 0.0536109135 -0.9937911630 0.9547622800 0.2768308818 0.1085986644 0.2809341550 -0.9594219923 -0.0241964292
-356.5 53.8 2144.5 -0.3573691249 0.0872541443 -0.9298784733 0.9219941497 0.1918432862 -0.3363376260 0.1490440965 -0.9775391817 -0.1490066797
-193.9 274.6 2467.6 -0.2019159496 -0.6124349833 -0.7642992139 -0.0104063461 0.7816702127 -0.6236051917 0.9793475866 -0.1179622710 -0.1642048806
-222.6 273.2 2606.5 0.6884284019 -0.6124349833 -0.3885740042 0.6007184386 0.7816702127 -0.1677172184 0.4064525962 -0.1179622710 0.9060249329
-345.1 -84.2 2229.8 0.3187264204 -0.0108455485 -0.9477847219 0.0542622916 0.9985033870 0.0068217055 0.9462922812 -0.0536032282 0.3188379109
-340.9 -475.2 2250.8 0.2921754718 0.1766468287 -0.9399092197 -0.1205856279 0.9817547202 0.1470266283 0.9487320781 0.0703819692 0.3081457019
-260.3 -106.9 2387.6 -0.9581894279 0.0926602334 0.2707159221 0.0061655976 0.9525803328 -0.3042248487 -0.2860682011 -0.2898359001 -0.9133237004
-296.6 -480.0 2501.1 -0.9581894279 -0.0854686722 0.2730716467 0.0061655976 0.9479579329 0.3183358908 -0.2860682011 0.3067097366 -0.9077963233
-254.4 -209.7 2101.9 0 0 0 0 0 0 0 0 0
-46.4 426.8 2710.5 0 0 0 0 0 0 0 0 0
-407.4 -845.0 2224.3 0 0 0 0 0 0 0 0 0
-269.4 -781.7 2403.5 0 0 0 0 0 0 0 0 0
-243.3 489.1 2367.0 53 0.4647840858 0.0995627716 -0.8798084855 -0.1372350752 0.9897503853 0.0395058915 0.8747241497 0.1023788750 0.4736837149
-263.0 293.4 2346.8 0.4647840858 0.0995627716 -0.8798084855 -0.1372350752 0.9897503853 0.0395058915 0.8747241497 0.1023788750 0.4736837149
-281.3 99.2 2328.6 0.4658757746 0.0935450345 -0.8798915148 -0.1260355860 0.9912723303 0.0386543944 0.8758280277 0.0928895026 0.4735997915
-329.3 311.3 2222.0 0.1092339382 0.0697046742 -0.9915690422 0.9523061514 0.2785938382 0.1244930327 0.2849227786 -0.9578761458 -0.0359482914
-359.1 51.8 2144.4 -0.3568783402 0.1068979129 -0.9280143976 0.9242432714 0.1847082973 -0.3341515660 0.1356918514 -0.9769624472 -0.1647180617
-196.6 275.4 2471.6 -0.2191395164 -0.5651615262 -0.7953429222 0.0196068045 0.8124410510 -0.5827135444 0.9754965305 -0.1432896852 -0.1669569314
-226.2 278.1 2603.3 0.7056139112 -0.5651615262 -0.4274359047 0.5660320520 0.8124410510 -0.1398112327 0.4262824357 -0.1432896852 0.8931692839
-338.9 -84.3 2227.3 0.3067226410 0.0080526555 -0.9517648816 0.0560851097 0.9980737567 0.0265188571 0.9501450658 -0.0615137704 0.3056801856
-342.0 -475.2 2251.4 0.2808268070 0.1737125218 -0.9439069033 -0.1162514165 0.9823992252 0.1462098956 0.9526919127 0.0686708540 0.2960783839
-252.4 -107.1 2384.3 -0.9617761374 0.1036484540 0.2534633577 0.0164366812 0.9457814097 -0.3243876100 -0.2733432055 -0.3078221679 -0.9113336205
-293.0 -477.5 2504.8 -0.9617761374 -0.0743976012 0.2635368407 0.0164366812 0.9449665546 0.3267537653 -0.2733432055 0.3185956478 -0.9076234698
-257.4 -211.7 2105.7 0 0 0 0 0 0 0 0 0
-45.7 422.8 2712.3 0 0 0 0 0 0 0 0 0
-407.4 -845.2 2225.5 0 0 0 0 0 0 0 0 0
-269.0 -782.3 2402.0 0 0 0 0 0 0 0 0 0
-243.8 489.9 2367.2 54 0.4404796660 0.1021898165 -0.8919276595 -0.1349053085 0.9897538424 0.0467747748 0.8875687122 0.0997224376 0.4497523904
-264.0 293.7 2347.4 0.4404796660 0.1021898165 -0.8919276595 -0.1349053085 0.9897538424 0.0467747748 0.8875687122 0.0997224376 0.4497523904
-282.9 99.5 2329.6 0.4415669441 0.0961079597 -0.8920660615 -0.1240432411 0.9912380576 0.0453917794 0.8886123300 0.0906112567 0.4496195018
-326.9 311.3 2220.8 0.1119206622 0.0969510227 -0.9889763594 0.9520064592 0.2748538256 0.1346812248 0.2848814130 -0.9565855265 -0.0615361854
-357.5 51.0 2142.9 -0.3438538909 0.1323061138 -0.9296556115 0.9303896427 0.1819442958 -0.3182315826 0.1270415485 -0.9743671417 -0.1856584847
-201.1 276.0 2474.0 -0.2129224837 -0.5183702707 -0.8282247782 0.0634165853 0.8385432959 -0.5411316752 0.9750089049 -0.1677422971 -0.1456714422
-227.9 284.0 2596.5 0.7131144404 -0.5183702707 -0.4719747007 0.5321316123 0.8385432959 -0.1169663221 0.4564030766 -0.1677422971 0.8738185167
-341.7 -83.5 2231.2 0.2813658714 -0.0070569520 -0.9595746398 0.0465901420 0.9988941550 0.0063150143 0.9584689140 -0.0464835465 0.2813834846
-339.0 -474.6 2249.4 0.2558788061 0.1854816377 -0.9487479329 -0.1055606008 0.9809128642 0.1633000672 0.9609282017 0.0583653785 0.2705743611
-257.5 -106.3 2389.5 -0.9694797397 0.0870795995 0.2291857898 0.0124655012 0.9510969520 -0.3086408377 -0.2448542267 -0.2963641286 -0.9231547713
-291.6 -478.7 2505.6 -0.9694797397 -0.0701273903 0.2349279225 0.0124655012 0.9428807497 0.3328970969 -0.2448542267 0.3256654739 -0.9132296443
-259.6 -214.0 2106.7 0 0 0 0 0 0 0 0 0
-45.6 420.0 2713.2 0 0 0 0 0 0 0 0 0
-408.8 -844.1 2227.4 0 0 0 0 0 0 0 0 0
-269.2 -780.1 2401.4 0 0 0 0 0 0 0 0 0
-244.5 487.8 2359.7 55 0.4925518930 0.1002675295 -0.8644877076 -0.1321930438 0.9904343486 0.0395569243 0.8601846695 0.0947954208 0.5010949969
-264.3 291.6 2340.9 0.4925518930 0.1002675295 -0.8644877076 -0.1321930438 0.9904343486 0.0395569243 0.8601846695 0.0947954208 0.5010949969
-281.7 97.3 2323.6 0.4936463833 0.0885290727 -0.8651449680 -0.1206996739 0.9921517968 0.0326550119 0.8612461090 0.0883026943 0.5004575849
-334.6 308.7 2218.4 0.0914113671 0.0379724391 -0.9950889945 0.9556474090 0.2775954008 0.0983811617 0.2799679041 -0.9599473476 -0.0109128868
-359.3 50.0 2142.7 -0.3496270478 0.0816154629 -0.9333273172 0.9283189178 0.1646137834 -0.3333561122 0.1264315248 -0.9829757214 -0.1333186030
-194.1 274.4 2463.4 -0.2534874380 -0.5052568913 -0.8248997331 0.0800522342 0.8388699293 -0.5384133458 0.9640206099 -0.2025160939 -0.1721960604
-228.9 285.4 2595.6 0.7120803595 -0.5052568913 -0.4875007868 0.5378407240 0.8388699293 -0.0838131234 0.4512968957 -0.2025160939 0.8690905571
-341.6 -83.4 2231.6 0.3355806172 -0.0019216951 -0.9420095086 0.0476091653 0.9987545609 0.0149227902 0.9408076406 -0.0498560853 0.3352541625
-340.8 -474.5 2251.1 0.3089000881 0.1775399148 -0.9343769550 -0.1291927993 0.9811496735 0.1437166929 0.9422791004 0.0763206705 0.3260141015
-261.8 -105.8 2392.1 -0.9769783020 0.0727584362 0.2005483061 0.0090567581 0.9533439279 -0.3017505109 -0.2131464034 -0.2929873765 -0.9320552349
-290.3 -479.1 2506.9 -0.9769783020 -0.0638063326 0.2035734802 0.0090567581 0.9409617782 0.3383916914 -0.2131464034 0.3324450552 -0.9187213182
-259.8 -214.1 2106.7 0 0 0 0 0 0 0 0 0
-46.7 423.0 2711.1 0 0 0 0 0 0 0 0 0
-407.7 -844.0 2222.4 0 0 0 0 0 0 0 0 0
-270.0 -778.2 2401.2 0 0 0 0 0 0 0 0 0
-243.8 485.8 2355.5 56 0.4640423954 0.1123199463 -0.8786631227 -0.1275993288 0.9900591373 0.0591715872 0.8765746355 0.0846587047 0.4737613797
-266.1 290.0 2338.8 0.4640423954 0.1123199463 -0.8786631227 -0.1275993288 0.9900591373 0.0591715872 0.8765746355 0.0846587047 0.4737613797
-287.1 96.0 2323.0 0.4647447467 0.1075881794 -0.8788840175 -0.1212722436 0.9909709096 0.0571817346 0.8771005273 0.0800093189 0.4735959768
-332.2 307.2 2213.9 0.1076512411 0.0714192763 -0.9916201234 0.9599868059 0.2518997192 0.1223596260 0.2585276663 -0.9651144147 -0.0414442457
-361.2 48.7 2144.3 -0.3567266166 0.1002624035 -0.9288129807 0.9248164892 0.1785274595 -0.3359202147 0.1321384609 -0.9788132310 -0.1564098150
-199.9 272.8 2463.6 -0.2139598727 -0.5189612508 -0.8275870681 0.0908736438 0.8329579830 -0.5458232164 0.9726063609 -0.1919901073 -0.1310596764
-229.0 285.2 2595.8 0.7091627717 -0.5189612508 -0.4772497714 0.5449438095 0.8329579830 -0.0960064381 0.4473526478 -0.1919901073 0.8735075593
-343.5 -86.2 2228.5 0.3081159890 -0.0064960918 -0.9513266087 0.0548778661 0.9984329343 0.0109561067 0.9497646689 -0.0555825271 0.3079896569
-341.0 -477.2 2250.3 0.2811847925 0.1801322550 -0.9425961375 -0.1167179570 0.9813528061 0.1527207345 0.9525292516 0.0670751482 0.2969661653
-254.5 -107.9 2383.9 -0.9718403816 0.0902927145 0.2176545262 0.0167102516 0.9477558136 -0.3185587227 -0.2350468785 -0.3059511781 -0.9225761890
-289.8 -479.0 2503.7 -0.9718403816 -0.0619063899 0.2273628563 0.0167102516 0.9443384409 0.3285509348 -0.2350468785 0.3230983615 -0.9167117476
-259.9 -214.0 2106.8 0 0 0 0 0 0 0 0 0
-47.5 424.7 2710.3 0 0 0 0 0 0 0 0 0
-408.8 -846.8 2225.1 0 0 0 0 0 0 0 0 0
-270.2 -778.9 2401.1 0 0 0 0 0 0 0 0 0
-243.2 485.5 2353.9 57 0.5151977539 0.1106836274 -0.8498943448 -0.1237562597 0.9908412099 0.0540196002 0.8480894566 0.0773489699 0.5241768956
-265.0 289.7 2338.6 0.5151977539 0.1106836274 -0.8498943448 -0.1237562597 0.9908412099 0.0540196002 0.8480894566 0.0773489699 0.5241768956
-285.3 95.5 2324.4 0.5160585046 0.1036113277 -0.8502636552 -0.1157916114 0.9919837117 0.0506025366 0.8486906886 0.0723395348 0.5239189863
-338.4 306.1 2217.9 0.0883404836 0.0163544230 -0.9959560633 0.9549176693 0.2831058800 0.0893492475 0.2834222913 -0.9589492083 0.0093925837
-362.4 47.3 2141.1 -0.3619928658 0.0697169080 -0.9295701981 0.9250196218 0.1502340883 -0.3489533663 0.1153251752 -0.9861892462 -0.1188731715
-191.7 273.3 2459.3 -0.2738229632 -0.5341312289 -0.7998279929 0.0468174815 0.8232238293 -0.5657832026 0.9606399536 -0.1923703700 -0.2004109174
-232.7 280.3 2603.4 0.7235491872 -0.5341312289 -0.4372418523 0.5628399253 0.8232238293 -0.0742545277 0.3996095657 -0.1923703700 0.8962733150
-350.2 -87.1 2228.1 0.3623631895 -0.0214921609 -0.9317891598 0.0625912920 0.9980383515 0.0013208752 0.9299329519 -0.0588005222 0.3629975915
-341.8 -478.0 2251.1 0.3342514932 0.1812421829 -0.9248930812 -0.1240817904 0.9812562466 0.1474446058 0.9342802763 0.0654788092 0.3504752219
-266.3 -108.9 2386.4 -0.9827629328 0.0606035218 0.1746546775 0.0018900317 0.9479857683 -0.3183071017 -0.1848606765 -0.3124903142 -0.9317598343
-290.0 -480.0 2508.7 -0.9827629328 -0.0614559464 0.1743565649 0.0018900317 0.9397395849 0.3418858349 -0.1848606765 0.3363222778 -0.9234250784
-260.1 -213.9 2108.6 0 0 0 0 0 0 0 0 0
-47.7 424.2 2705.5 0 0 0 0 0 0 0 0 0
-410.0 -847.6 2226.4 0 0 0 0 0 0 0 0 0
-270.5 -778.4 2402.0 0 0 0 0 0 0 0 0 0
-242.9 486.3 2352.6 58 0.5259561539 0.1106258258 -0.8432864547 -0.1163954586 0.9915383458 0.0574785024 0.8425095081 0.0679235384 0.5343820453
-264.8 290.2 2339.1 0.5259561539 0.1106258258 -0.8432864547 -0.1163954586 0.9915383458 0.0574785024 0.8425095081 0.0679235384 0.5343820453
-284.9 95.8 2326.6 0.5267921686 0.1026327163 -0.8437751532 -0.1086170673 0.9926734567 0.0529313423 0.8430257440 0.0637645647 0.5340802670
-339.8 305.6 2219.2 0.0709074140 0.0049674138 -0.9974705577 0.9548626542 0.2888467312 0.0693169981 0.2884604335 -0.9573624730 0.0157381780
-358.9 48.6 2141.5 -0.3500674963 0.0594099425 -0.9348385930 0.9292371273 0.1479545385 -0.3385672569 0.1181993484 -0.9872081280 -0.1070000008
-189.8 274.8 2459.1 -0.2436122894 -0.5878559947 -0.7714132071 -0.0243242830 0.7988287807 -0.6010664701 0.9695675969 -0.1276631057 -0.2089037001
-228.1 270.9 2611.7 0.7094484568 -0.5878559947 -0.3887264132 0.5849107504 0.7988287807 -0.1405417621 0.3931441605 -0.1276631057 0.9105711579
-352.1 -88.4 2233.6 0.3742443323 -0.0250393786 -0.9269919991 0.0513515286 0.9986611009 -0.0062436741 0.9259072542 -0.0452657975 0.3750290573
-342.3 -479.5 2251.3 0.3475292325 0.1770035028 -0.9208111763 -0.1322151572 0.9814603329 0.1387616694 0.9283009171 0.0735214502 0.3644886911
-259.0 -109.2 2386.7 -0.9748389125 0.0782128796 0.2087386549 0.0114823580 0.9527995586 -0.3033829331 -0.2226145416 -0.2933526933 -0.9297241569
-289.6 -482.2 2501.5 -0.9748389125 -0.0612221956 0.2143383324 0.0114823580 0.9464764595 0.3225685954 -0.2226145416 0.3169135153 -0.9219591022
-260.0 -213.9 2108.1 0 0 0 0 0 0 0 0 0
-46.6 420.6 2712.3 0 0 0 0 0 0 0 0 0
-408.9 -849.2 2223.6 0 0 0 0 0 0 0 0 0
-270.4 -780.2 2401.7 0 0 0 0 0 0 0 0 0
-242.4 486.9 2352.4 59 0.5058896542 0.1106230989 -0.8554754257 -0.1121042073 0.9917632937 0.0619533546 0.8552826047 0.0645608306 0.5141240954
-264.3 290.9 2339.7 0.5058896542 0.1106230989 -0.8554754257 -0.1121042073 0.9917632937 0.0619533546 0.8552826047 0.0645608306 0.5141240954
-284.5 96.4 2327.9 0.5066940188 0.1034065410 -0.8559020162 -0.1046457142 0.9928169847 0.0579977743 0.8557513952 0.0601793528 0.5138754845
-336.4 305.8 2217.8 0.0797971487 0.0279741865 -0.9964185357 0.9555146694 0.2825934887 0.0844551399 0.2839439511 -0.9588317871 -0.0041795890
-357.7 50.2 2141.9 -0.3436582983 0.0785364285 -0.9358050227 0.9321772456 0.1492569149 -0.3297998309 0.1137740687 -0.9856746197 -0.1245032549
-192.1 276.0 2461.5 -0.2072842419 -0.6385210156 -0.7411640286 -0.0914075300 0.7669459581 -0.6351681352 0.9740009904 -0.0639123619 -0.2173414379
-224.7 261.6 2614.6 0.6979790330 -0.6385210156 -0.3242161870 0.6120802164 0.7669459581 -0.1927478164 0.3717298210 -0.0639123619 0.9261382818
-352.5 -88.8 2238.0 0.3529986441 -0.0207729340 -0.9353932142 0.0383618549 0.9992341399 -0.0077136992 0.9348370433 -0.0331604928 0.3535251915
-344.4 -480.2 2251.0 0.3302159011 0.1666690558 -0.9290742278 -0.1238799021 0.9834260345 0.1323894113 0.9357410073 0.0713765323 0.3453898728
-257.4 -108.4 2390.2 -0.9692332745 0.0861039758 0.2305925190 0.0126063898 0.9529551864 -0.3028489351 -0.2458208352 -0.2906243205 -0.9247213602
-291.1 -481.6 2504.0 -0.9692332745 -0.0686479732 0.2363773733 0.0126063898 0.9452174306 0.3261978626 -0.2458208352 0.3191417158 -0.9152708054
-260.3 -214.1 2109.6 0 0 0 0 0 0 0 0 0
-46.1 418.2 2709.7 0 0 0 0 0 0 0 0 0
-407.1 -850.6 2224.1 0 0 0 0 0 0 0 0 0
-269.3 -782.4 2402.4 0 0 0 0 0 0 0 0 0
-244.5 484.3 2361.9 60 0.4401243329 0.0972534269 -0.8926546574 -0.1316636801 0.9903621674 0.0429815985 0.8882315159 0.0986129567 0.4486872256
-263.7 288.7 2342.4 0.4401243329 0.0972534269 -0.8926546574 -0.1316636801 0.9903621674 0.0429815985 0.8882315159 0.0986129567 0.4486872256
-282.2 94.6 2324.6 0.4408873320 0.0951663181 -0.8925030828 -0.1238056943 0.9913062453 0.0445428193 0.8889828324 0.0908585936 0.4488365054
-326.4 306.4 2216.1 0.1160203665 0.0961743146 -0.9885796905 0.9532796741 0.2687161863 0.1380196810 0.2789213061 -0.9584060311 -0.0605044700
-357.5 51.1 2141.4 -0.3413646221 0.1359861642 -0.9300419092 0.9336428046 0.1633206308 -0.3188063800 0.1085417718 -0.9771561623 -0.1827143878
-201.1 271.0 2468.6 -0.0221165325 -0.5779228210 -0.8157916665 0.0961166471 0.8109822869 -0.5771215558 0.9951243401 -0.0911750868 0.0376118906
-204.4 285.3 2616.8 0.7043631673 -0.5779228210 -0.4121622145 0.5521031022 0.8109822869 -0.1936230510 0.4461554587 -0.0911750868 0.8902990818
-350.5 -88.6 2238.8 0.2809891105 -0.0170774274 -0.9595590234 0.0260872394 0.9996081591 -0.0101510230 0.9593563080 -0.0221799184 0.2813245058
-343.8 -480.1 2247.5 0.2613866925 0.1696609408 -0.9502063990 -0.1009379253 0.9838380218 0.1478995085 0.9599419236 0.0572528988 0.2742874026
-259.0 -107.5 2393.3 -0.9695509672 0.0808763877 0.2311490476 0.0111855092 0.9575314522 -0.2881117761 -0.2446339130 -0.2767535448 -0.9292802215
-290.7 -482.4 2501.7 -0.9695509672 -0.0685962215 0.2350859940 0.0111855092 0.9465610385 0.3223306835 -0.2446339130 0.3151456118 -0.9169719219
-260.5 -214.3 2110.6 0 0 0 0 0 0 0 0 0
-24.9 426.0 2730.5 0 0 0 0 0 0 0 0 0
-407.7 -850.6 2225.9 0 0 0 0 0 0 0 0 0
-269.1 -780.5 2402.5 0 0 0 0 0 0 0 0 0
-242.1 486.2 2357.6 61 0.5826858282 0.0974106416 -0.8068385124 -0.1353881210 0.9905524254 0.0218155198 0.8013408780 0.0965247601 0.5903691649
-261.3 291.2 2338.6 0.5826858282 0.0974106416 -0.8068385124 -0.1353881210 0.9905524254 0.0218155198 0.8013408780 0.0965247601 0.5903691649
-278.3 97.0 2320.6 0.5836273432 0.0874209106 -0.8073021173 -0.1252896041 0.9919772148 0.0168426596 0.8022977114 0.0913167298 0.5898979902
-343.2 308.8 2226.0 0.0660572872 -0.0659313947 -0.9956352115 0.9503716230 0.3081801534 0.0426463671 0.3040232956 -0.9490405917 0.0830168799
-361.1 51.6 2143.7 -0.3388788998 -0.0001339242 -0.9408299923 0.9329013228 0.1295036972 -0.3360415101 0.1218859628 -0.9915789366 -0.0437611304
-179.3 273.7 2451.1 -0.1753562242 -0.5855900645 -0.7914129496 0.0541011170 0.7969225049 -0.6016540527 0.9830174446 -0.1483201087 -0.1080642343
-208.4 282.7 2614.1 0.6933557987 -0.5855900645 -0.4199309945 0.5872191191 0.7969225049 -0.1417330056 0.4176498950 -0.1483201087 0.8964204788
-340.3 -88.2 2226.8 0.4337648749 0.0069882753 -0.9009990096 0.0493010767 0.9982877970 0.0314777121 0.8996762633 -0.0580741465 0.4326776862
-343.0 -478.9 2249.6 0.4087177813 0.1760466993 -0.8955206871 -0.1300047636 0.9824440479 0.1338001043 0.9033540487 0.0617354810 0.4244292676
-260.8 -110.7 2387.0 -0.9689288735 0.0798781440 0.2340862453 0.0041768104 0.9515655041 -0.3074177206 -0.2473043501 -0.2968881726 -0.9223328829
-292.1 -483.3 2503.2 -0.9689288735 -0.0762528926 0.2352921218 0.0041768104 0.9461116791 0.3238135874 -0.2473043501 0.3147350848 -0.9163964391
-264.9 -213.1 2109.2 0 0 0 0 0 0 0 0 0
-31.5 432.5 2720.6 0 0 0 0 0 0 0 0 0
-409.3 -848.9 2226.3 0 0 0 0 0 0 0 0 0
-268.0 -782.7 2403.6 0 0 0 0 0 0 0 0 0
-244.6 487.5 2361.9 62 0.5558058023 0.0851119235 -0.8269436955 -0.1401824653 0.9900958538 0.0076846075 0.8194075823 0.1116518453 0.5622322559
-261.5 291.8 2339.8 0.5558058023 0.0851119235 -0.8269436955 -0.1401824653 0.9900958538 0.0076846075 0.8194075823 0.1116518453 0.5622322559
-277.2 97.6 2319.8 0.5566686988 0.0805369020 -0.8268215060 -0.1298606992 0.9914900661 0.0091460496 0.8205218911 0.1022803038 0.5623900294
-340.1 310.2 2223.9 0.0761151984 -0.0361826234 -0.9964423180 0.9524445534 0.2983542383 0.0619205609 0.2950523198 -0.9537691474 0.0571712330
-360.0 61.2 2146.7 -0.3169918358 0.0070772655 -0.9484018683 0.9345753193 0.1726173460 -0.3110823631 0.1615090072 -0.9849635363 -0.0613325275
-182.8 273.4 2455.8 -0.2127677053 -0.5581223369 -0.8020158410 0.0746381432 0.8091282845 -0.5828726888 0.9742479324 -0.1838774681 -0.1304991543
-215.6 284.9 2606.1 0.6978814006 -0.5581223369 -0.4488440752 0.5776189566 0.8091282845 -0.1080174670 0.4234593809 -0.1838774681 0.8870576024
-347.3 -86.1 2231.2 0.4029408693 -0.0123147769 -0.9151431322 0.0443152077 0.9989991784 0.0060689482 0.9141525030 -0.0430001840 0.4030833244
-342.4 -477.1 2248.1 0.3790425360 0.1765821278 -0.9083752036 -0.1190988198 0.9827697873 0.1413469613 0.9176830649 0.0546099059 0.3935422897
-243.3 -108.4 2374.0 -0.9442632794 0.1296948493 0.3025659025 0.0171851106 0.9372866154 -0.3481356502 -0.3287423849 -0.3235320747 -0.8872741461
-294.0 -474.8 2500.5 -0.9442632794 -0.0852704942 0.3179557025 0.0171851106 0.9517834783 0.3062889576 -0.3287423849 0.2946815193 -0.8972687721
-270.5 -202.8 2101.1 0 0 0 0 0 0 0 0 0
-37.2 432.6 2714.3 0 0 0 0 0 0 0 0 0
-409.0 -847.3 2227.5 0 0 0 0 0 0 0 0 0
-266.3 -784.3 2404.7 0 0 0 0 0 0 0 0 0
-243.6 487.3 2357.1 63 0.5395269990 0.0963635445 -0.8364356756 -0.1283992380 0.9912261367 0.0313750468 0.8321203589 0.0904700160 0.5471662879
-262.6 291.4 2339.2 0.5395269990 0.0963635445 -0.8364356756 -0.1283992380 0.9912261367 0.0313750468 0.8321203589 0.0904700160 0.5471662879
-279.9 97.0 2322.8 0.5404787064 0.0881392211 -0.8367283344 -0.1181664690 0.9925924540 0.0282288361 0.8330183029 0.0836161450 0.5468901992
-339.3 308.1 2221.0 0.0834212527 -0.0155926282 -0.9963923693 0.9555850029 0.2848684192 0.0755467936 0.2826627493 -0.9584398270 0.0386641622
-361.3 55.8 2146.4 -0.3320907056 0.0298284572 -0.9427757263 0.9326823354 0.1595613956 -0.3234869838 0.1407814771 -0.9867372513 -0.0808093324
-185.9 274.6 2457.4 -0.2476617098 -0.5082642436 -0.8248218894 0.0869953036 0.8362388611 -0.5414207578 0.9649329185 -0.2058448195 -0.1628877372
-222.4 287.4 2599.7 0.7104135156 -0.5082642436 -0.4868060052 0.5422291756 0.8362388611 -0.0818053186 0.4486647844 -0.2058448195 0.8696711063
-342.7 -84.9 2226.2 0.3867577910 0.0008462169 -0.9221809506 0.0521017462 0.9983822107 0.0227673370 0.9207082987 -0.0568526834 0.3860880136
-343.1 -475.7 2248.4 0.3632323742 0.1715357751 -0.9157716632 -0.1135920808 0.9837263823 0.1392093301 0.9247481227 0.0534590706 0.3768063784
-242.9 -108.2 2373.3 -0.9433436394 0.1281945705 0.3060538471 0.0181197934 0.9408817887 -0.3382501006 -0.3313223124 -0.3135404289 -0.8898977041
-293.1 -476.4 2496.0 -0.9433436394 -0.0825327635 0.3213894069 0.0181197934 0.9543147683 0.2982532382 -0.3313223124 0.2871787846 -0.8987512589
-267.5 -207.6 2106.6 0 0 0 0 0 0 0 0 0
-40.8 426.0 2714.4 0 0 0 0 0 0 0 0 0
-407.7 -846.2 2228.3 0 0 0 0 0 0 0 0 0
-266.5 -784.7 2403.2 0 0 0 0 0 0 0 0 0
-244.4 488.6 2361.7 64 0.5013393760 0.0906608850 -0.8604878783 -0.1265832931 0.9914804101 0.0307120010 0.8559412956 0.0935262516 0.5085443258
-262.4 291.4 2343.1 0.5013393760 0.0906608850 -0.8604878783 -0.1265832931 0.9914804101 0.0307120010 0.8559412956 0.0935262516 0.5085443258
-279.1 97.0 2326.7 0.5023249388 0.0849852860 -0.8604924083 -0.1154495925 0.9928399920 0.0306610353 0.8569370508 0.0839416981 0.5085397959
-333.8 307.8 2221.3 0.1067037657 0.0270724911 -0.9939222336 0.9555163980 0.2736438215 0.1100341752 0.2749595642 -0.9614500403 0.0033306163
-362.4 51.1 2147.4 -0.3429211080 0.0699920431 -0.9367530346 0.9307792187 0.1598307341 -0.3287920654 0.1267090887 -0.9846599698 -0.1199564710
-191.1 275.0 2464.8 -0.2648773193 -0.4750092626 -0.8391699791 0.0982426256 0.8524317741 -0.5135255456 0.9592645168 -0.2184635252 -0.1791236699
-227.6 288.6 2597.0 0.7211632133 -0.4750092626 -0.5042715669 0.5193579793 0.8524317741 -0.0602276400 0.4584657848 -0.2184635252 0.8614422679
-345.8 -86.7 2231.4 0.3449293375 -0.0038067694 -0.9386209249 0.0466428213 0.9988258481 0.0130896065 0.9374690652 -0.0482949205 0.3447019160
-344.3 -477.9 2250.4 0.3220157623 0.1666257679 -0.9319558740 -0.1158195138 0.9839294553 0.1358994544 0.9396231771 0.0641769096 0.3361392915
-248.5 -108.0 2381.4 -0.9487780333 0.1156360731 0.2940214276 0.0176316313 0.9485426545 -0.3161580861 -0.3154511452 -0.2947797477 -0.9019953012
-293.7 -479.2 2496.8 -0.9487780333 -0.0801786706 0.3056005239 0.0176316313 0.9523189664 0.3045942783 -0.3154511452 0.2943806052 -0.9021255970
-265.4 -212.2 2111.6 0 0 0 0 0 0 0 0 0
-43.1 421.4 2714.3 0 0 0 0 0 0 0 0 0
-407.0 -848.4 2226.2 0 0 0 0 0 0 0 0 0
-268.2 -782.8 2402.9 0 0 0 0 0 0 0 0 0
-244.6 488.5 2364.5 65 0.4936619103 0.1038094237 -0.8634358644 -0.1320175827 0.9902888536 0.0435808487 0.8595750332 0.0924745202 0.5025725365
-265.2 292.2 2346.2 0.4936619103 0.1038094237 -0.8634358644 -0.1320175827 0.9902888536 0.0435808487 0.8595750332 0.0924745202 0.5025725365
-284.2 98.0 2329.9 0.4948571622 0.0968810245 -0.8635568619 -0.1202123985 0.9918429255 0.0423860848 0.8606191874 0.0828351825 0.5024668574
-335.6 309.3 2223.7 0.0982362404 0.0378829017 -0.9944418073 0.9549533129 0.2775931954 0.1049101725 0.2800245881 -0.9599515200 -0.0089066895
-362.5 47.9 2147.0 -0.3399550021 0.0858581811 -0.9365142584 0.9337332845 0.1495462805 -0.3252353370 0.1121281162 -0.9850199223 -0.1310076565
-194.8 275.1 2468.6 -0.2810746133 -0.4825922847 -0.8295189738 0.0699442923 0.8517649174 -0.5192343593 0.9571336508 -0.2039637119 -0.2056549042
-232.2 284.4 2595.9 0.7348605394 -0.4825922847 -0.4765339792 0.5204816461 0.8517649174 -0.0599616803 0.4348319769 -0.2039637119 0.8771088719
-340.9 -87.0 2233.0 0.3388829827 0.0051151463 -0.9408146143 0.0336733051 0.9992786050 0.0175621919 0.9402257204 -0.0376318656 0.3384662569
-343.0 -478.4 2247.7 0.3180349469 0.1725584418 -0.9322431684 -0.1036798656 0.9837297797 0.1467182189 0.9423928261 0.0499933325 0.3307512701
-250.4 -107.8 2387.4 -0.9562001228 0.1079043075 0.2720992863 0.0187619422 0.9502563477 -0.3109033406 -0.2921119034 -0.2921806872 -0.9106596708
-292.7 -479.9 2501.8 -0.9562001228 -0.0756820589 0.2827606499 0.0187619422 0.9481641650 0.3172265291 -0.2921119034 0.3086372018 -0.9052147269
-266.5 -215.9 2115.3 0 0 0 0 0 0 0 0 0
-44.2 417.6 2707.1 0 0 0 0 0 0 0 0 0
-407.9 -848.8 2228.9 0 0 0 0 0 0 0 0 0
-268.5 -782.5 2403.4 0 0 0 0 0 0 0 0 0
-244.3 488.3 2365.4 66 0.4698964953 0.1066413671 -0.8762561679 -0.1271310002 0.9905024171 0.0523706637 0.8735187650 0.0867905393 0.4789910316
-265.4 292.3 2348.2 0.4698964953 0.1066413671 -0.8762561679 -0.1271310002 0.9905024171 0.0523706637 0.8735187650 0.0867905393 0.4789910316
-285.2 98.0 2333.1 0.4710788131 0.1010454744 -0.8762845397 -0.1158455461 0.9918999076 0.0521002114 0.8744509816 0.0769703537 0.4789686799
-332.5 308.7 2223.7 0.1079551503 0.0659978613 -0.9919626713 0.9529840946 0.2773041129 0.1221628785 0.2831378281 -0.9585127831 -0.0329585038
-362.3 45.7 2145.6 -0.3407237530 0.1071629152 -0.9340360761 0.9321503639 0.1679393053 -0.3207680285 0.1224869341 -0.9799553752 -0.1571128517
-198.4 275.8 2472.7 -0.2734912932 -0.4646378458 -0.8422079086 0.0862032697 0.8602271080 -0.5025717616 0.9580039382 -0.2100500762 -0.1952113062
-232.9 286.7 2593.6 0.7314516902 -0.4646378458 -0.4990892708 0.5065485835 0.8602271080 -0.0584630296 0.4564942420 -0.2100500762 0.8645761609
-347.8 -85.4 2236.0 0.3140468299 -0.0157351512 -0.9492771029 0.0381959938 0.9992625713 -0.0039274278 0.9486388564 -0.0350251868 0.3144162595
-341.6 -476.7 2249.7 0.2910517156 0.1799831390 -0.9396249056 -0.1051435024 0.9822128415 0.1555722505 0.9509120584 0.0535158813 0.3047988117
-258.5 -107.1 2391.4 -0.9750184417 0.0796246305 0.2073619366 0.0110573610 0.9497829676 -0.3127140403 -0.2218485773 -0.3026090860 -0.9269363284
-289.7 -478.9 2509.8 -0.9750184417 -0.0649256557 0.2124234289 0.0110573610 0.9409556985 0.3383491635 -0.2218485773 0.3322455287 -0.9167312384
-266.1 -217.4 2111.0 0 0 0 0 0 0 0 0 0
-45.7 416.3 2710.5 0 0 0 0 0 0 0 0 0
-409.4 -846.6 2229.6 0 0 0 0 0 0 0 0 0
-268.8 -782.1 2402.8 0 0 0 0 0 0 0 0 0
-243.5 488.4 2366.3 67 0.4635038972 0.1120292395 -0.8789843917 -0.1316436678 0.9896731377 0.0567188412 0.8762614131 0.0894233286 0.4734652936
-265.7 292.5 2348.6 0.4635038972 0.1120292395 -0.8789843917 -0.1316436678 0.9896731377 0.0567188412 0.8762614131 0.0894233286 0.4734652936
-286.4 98.4 2332.9 0.4647113979 0.1056509390 -0.8791366220 -0.1206557751 0.9911510348 0.0553337522 0.8772032261 0.0803586841 0.4733465612
-331.9 309.7 2223.7 0.1089949608 0.0728878304 -0.9913664460 0.9540856481 0.2722452581 0.1249123290 0.2789994180 -0.9594633579 -0.0398678705
-362.1 44.8 2146.2 -0.3397316337 0.1112481728 -0.9339198470 0.9324205518 0.1698932797 -0.3189485967 0.1231842637 -0.9791629910 -0.1614482105
-199.5 275.3 2473.6 -0.2608046532 -0.4895130992 -0.8320804238 0.0658769980 0.8508765101 -0.5212191343 0.9631413221 -0.1907513291 -0.1896649003
-232.5 283.7 2595.3 0.7282336950 -0.4895130992 -0.4796380103 0.5192319155 0.8508765101 -0.0800458044 0.4472962022 -0.1907513291 0.8738077879
-347.6 -85.8 2239.1 0.3080734909 -0.0106634116 -0.9513028264 0.0261668004 0.9996538758 -0.0027314369 0.9510026574 -0.0240510665 0.3082458675
-343.4 -477.3 2248.5 0.2884027958 0.1726783365 -0.9418099523 -0.1001244038 0.9836504459 0.1496894062 0.9522598982 0.0511273183 0.3009768426
-262.5 -106.7 2397.0 -0.9736710191 0.0695252493 0.2170968354 0.0068685142 0.9608702660 -0.2769136131 -0.2278543711 -0.2681316435 -0.9360490441
-289.7 -482.7 2501.9 -0.9736710191 -0.0669476762 0.2179054916 0.0068685142 0.9468525052 0.3215946853 -0.2278543711 0.3146241009 -0.9214630127
-266.3 -218.3 2111.5 0 0 0 0 0 0 0 0 0
-46.1 416.6 2709.8 0 0 0 0 0 0 0 0 0
-408.4 -847.8 2229.2 0 0 0 0 0 0 0 0 0
-268.7 -780.5 2403.0 0 0 0 0 0 0 0 0 0
-244.4 486.7 2366.3 68 0.4380228817 0.1091218665 -0.8923162818 -0.1266444176 0.9901965261 0.0589241050 0.8899983764 0.0871967748 0.4475484192
-266.0 290.6 2349.0 0.4380228817 0.1091218665 -0.8923162818 -0.1266444176 0.9901965261 0.0589241050 0.8899983764 0.0871967748 0.4475484192
-286.0 96.4 2333.7 0.4391732812 0.1023392975 -0.8925544620 -0.1158627346 0.9916460514 0.0566918254 0.8908998966 0.0785162672 0.4473617673
-328.5 307.1 2222.1 0.1211667359 0.1006220877 -0.9875190258 0.9522256255 0.2691736519 0.1442634314 0.2803301811 -0.9578208327 -0.0632000342
-362.0 44.3 2144.8 -0.3391295373 0.1361832917 -0.9308304191 0.9331380129 0.1742292196 -0.3144800067 0.1193509325 -0.9752426744 -0.1861640662
-203.4 274.1 2475.9 -0.2401683033 -0.4606212080 -0.8544865847 0.1098236889 0.8617057204 -0.4953806698 0.9644988179 -0.2128175944 -0.1563672870
-232.7 287.5 2593.3 0.7291187644 -0.4606212080 -0.5061757565 0.5040755868 0.8617057204 -0.0580608286 0.4629186094 -0.2128175944 0.8604737520
-349.1 -84.8 2237.9 0.2803612649 -0.0122709852 -0.9598160982 0.0276978873 0.9996053576 -0.0046891556 0.9594948888 -0.0252702199 0.2805905044
-344.3 -476.4 2247.8 0.2612274289 0.1716846377 -0.9498866200 -0.0940375328 0.9839012623 0.1519713402 0.9606857896 0.0496259108 0.2731668055
-265.1 -106.6 2396.4 -0.9724940062 0.0709653199 0.2218541801 0.0040532146 0.9574705958 -0.2885024548 -0.2328925282 -0.2796677053 -0.9314220548
-292.9 -481.5 2505.9 -0.9724940062 -0.0735175610 0.2210215479 0.0040532146 0.9433995485 0.3316335678 -0.2328925282 0.3234075308 -0.9171524644
-266.4 -218.7 2111.2 0 0 0 0 0 0 0 0 0
-46.0 416.5 2711.9 0 0 0 0 0 0 0 0 0
-408.9 -846.9 2229.1 0 0 0 0 0 0 0 0 0
-269.4 -782.4 2402.7 0 0 0 0 0 0 0 0 0
-244.4 485.4 2366.8 69 0.4152814448 0.1101147160 -0.9030039310 -0.1198746935 0.9906147718 0.0656691864 0.9017601609 0.0809761286 0.4245839119
-266.3 288.7 2350.7 0.4152814448 0.1101147160 -0.9030039310 -0.1198746935 0.9906147718 0.0656691864 0.9017601609 0.0809761286 0.4245839119
-286.4 94.4 2336.4 0.4163853228 0.1026115939 -0.9033792615 -0.1095863134 0.9920310974 0.0621707365 0.9025597572 0.0731110200 0.4243119955
-325.6 304.3 2222.2 0.1342524737 0.1247570738 -0.9830625057 0.9525287151 0.2573051751 0.1627363116 0.2732495666 -0.9582430124 -0.0842908397
-362.4 43.0 2147.2 -0.3530348539 0.1465696841 -0.9240583181 0.9252552390 0.2012279034 -0.3215743303 0.1388132572 -0.9685167074 -0.2066548318
-207.0 273.1 2479.3 -0.2408587337 -0.4826105833 -0.8420653939 0.0812287405 0.8545401096 -0.5129942894 0.9671550989 -0.1919590682 -0.1666215956
-236.4 283.0 2597.1 0.7407991290 -0.4826105833 -0.4672298133 0.5151984096 0.8545401096 -0.0658167526 0.4310304523 -0.1919590682 0.8816827536
-345.7 -87.4 2237.8 0.2562243938 0.0004028732 -0.9666172266 0.0361681432 0.9992956519 0.0100037009 0.9659404159 -0.0375239439 0.2560293376
-345.9 -478.7 2252.5 0.2353895307 0.1646029353 -0.9578609467 -0.1034657061 0.9841973782 0.1437025070 0.9663780928 0.0652796924 0.2487005144
-266.4 -108.3 2398.8 -0.9776168466 0.0650958940 0.2000696063 0.0035256653 0.9558668733 -0.2937790453 -0.2103637159 -0.2864979804 -0.9347010255
-291.9 -482.6 2511.0 -0.9776168466 -0.0695316121 0.1985715926 0.0035256653 0.9382649064 0.3458995223 -0.2103637159 0.3388572931 -0.9170184731
-263.2 -217.0 2108.2 0 0 0 0 0 0 0 0 0
-46.8 414.9 2707.4 0 0 0 0 0 0 0 0 0
-407.9 -849.4 2227.9 0 0 0 0 0 0 0 0 0
-269.8 -780.4 2403.4 0 0 0 0 0 0 0 0 0
-247.3 484.3 2359.0 70 0.4047621191 0.1034028307 -0.9085568190 -0.0924201459 0.9931241274 0.0718542561 0.9097396135 0.0548850745 0.4115355313
-267.9 287.2 2348.1 0.4047621191 0.1034028307 -0.9085568190 -0.0924201459 0.9931241274 0.0718542561 0.9097396135 0.0548850745 0.4115355313
-286.8 92.5 2338.9 0.4057307839 0.0963662714 -0.9088982940 -0.0827837959 0.9942134619 0.0684572905 0.9102358818 0.0474668182 0.4113605618
-325.6 299.0 2218.5 0.1367363334 0.1381800026 -0.9809227586 0.9526022077 0.2533106208 0.1684717834 0.2717575729 -0.9574654102 -0.0969938189
-362.4 42.9 2145.5 -0.3472837210 0.1612457931 -0.9237931371 0.9290726185 0.1929412782 -0.3155910373 0.1273500919 -0.9678705931 -0.2168144137
-210.1 275.4 2477.8 -0.2276345491 -0.4775235355 -0.8486187458 0.0791396424 0.8595427871 -0.5048990846 0.9705253243 -0.1820918620 -0.1578706056
-236.8 284.7 2591.8 0.7412334681 -0.4775235355 -0.4717459381 0.5053838491 0.8595427871 -0.0759826824 0.4417693317 -0.1820918620 0.8784545660
-344.1 -90.0 2240.5 0.2439925820 0.0056904680 -0.9697604179 0.0265242774 0.9995695353 0.0125389174 0.9694142938 -0.0287815966 0.2437366098
-346.4 -481.5 2251.8 0.2250705361 0.1638027728 -0.9604748487 -0.0988786146 0.9845178723 0.1447326690 0.9693122506 0.0623953603 0.2377825528
-268.9 -109.7 2403.6 -0.9804632664 0.0593920238 0.1875217855 0.0016270881 0.9557435513 -0.2941964567 -0.1966956705 -0.2881437242 -0.9371680617
-292.2 -484.1 2516.5 -0.9804632664 -0.0698571578 0.1838798821 0.0016270881 0.9319003820 0.3627107441 -0.1966956705 0.3559237421 -0.9135803580
-265.0 -217.7 2109.7 0 0 0 0 0 0 0 0 0
-47.1 414.1 2704.9 0 0 0 0 0 0 0 0 0
-408.1 -852.2 2228.3 0 0 0 0 0 0 0 0 0
-270.1 -778.6 2404.0 0 0 0 0 0 0 0 0 0
-247.0 485.4 2362.7 71 0.4466103017 0.1068737954 -0.8883227110 -0.1152520925 0.9914407730 0.0613361150 0.8872745633 0.0749877095 0.4551050961
-268.2 288.8 2347.8 0.4466103017 0.1068737954 -0.8883227110 -0.1152520925 0.9914407730 0.0613361150 0.8872745633 0.0749877095 0.4551050961
-287.8 94.5 2334.7 0.4477139115 0.0993543714 -0.8886399269 -0.1046338081 0.9928014874 0.0582836196 0.8880338073 0.0668873936 0.4548868537
-331.9 303.7 2221.5 0.1104763672 0.0933077633 -0.9894890785 0.9524143338 0.2746289968 0.1322341859 0.2840808630 -0.9570122957 -0.0585276373
-362.3 42.3 2143.5 -0.3450355530 0.1310242563 -0.9293993115 0.9306927323 0.1759394854 -0.3207122386 0.1214969531 -0.9756423235 -0.1826486886
-204.5 274.0 2474.1 -0.2566871047 -0.4420197308 -0.8594942093 0.1145717427 0.8691034317 -0.4811783135 0.9596796632 -0.2219860107 -0.1724446565
-235.7 287.9 2590.7 0.7392230034 -0.4420197308 -0.5081022382 0.4931183159 0.8691034317 -0.0386466905 0.4586760104 -0.2219860107 0.8604292870
-342.3 -94.7 2247.4 0.2890164852 0.0086310022 -0.9572852254 0.0038758630 0.9999406338 0.0101857604 0.9573162794 -0.0066541587 0.2889658511
-345.7 -486.2 2250.0 0.2719901800 0.1694358587 -0.9472659826 -0.1052489057 0.9837093949 0.1457341313 0.9565270543 0.0600604527 0.2853922248
-269.0 -109.6 2411.8 -0.9709892273 0.0643943399 0.2302896827 0.0041874824 0.9674894810 -0.2528764904 -0.2390866727 -0.2445759922 -0.9396915436
-294.2 -488.2 2507.5 -0.9709892273 -0.0795206279 0.2255137265 0.0041874824 0.9372861385 0.3485357165 -0.2390866727 0.3393687308 -0.9097617269
-265.6 -218.3 2109.4 0 0 0 0 0 0 0 0 0
-46.4 414.1 2708.2 0 0 0 0 0 0 0 0 0
-409.5 -856.7 2227.3 0 0 0 0 0 0 0 0 0
-269.7 -777.7 2402.7 0 0 0 0 0 0 0 0 0
-245.7 486.4 2365.0 72 0.4688734412 0.0987523198 -0.8777275681 -0.1103662699 0.9924923778 0.0527078286 0.8763429523 0.0721582100 0.4762522578
-265.3 289.8 2350.7 0.4688734412 0.0987523198 -0.8777275681 -0.1103662699 0.9924923778 0.0527078286 0.8763429523 0.0721582100 0.4762522578
-282.8 95.1 2338.1 0.4699511230 0.0894757137 -0.8781458139 -0.0989935100 0.9939154983 0.0482940190 0.8771238327 0.0642349049 0.4759491980
-332.2 303.8 2225.8 0.1083432361 0.0690850541 -0.9917101264 0.9486000538 0.2912074625 0.1239197627 0.2973544002 -0.9541621804 -0.0339837335
-362.2 41.4 2143.5 -0.3434250653 0.1181644425 -0.9317169189 0.9323059916 0.1627007574 -0.3230077624 0.1134230122 -0.9795742035 -0.1660409421
-198.4 275.7 2475.5 -0.2864220440 -0.4195756316 -0.8613470197 0.1230665445 0.8754538894 -0.4673703909 0.9501668215 -0.2398681790 -0.1991135627
-232.9 290.5 2590.1 0.7317497730 -0.4195756316 -0.5371206403 0.4825787842 0.8754538894 -0.0264227465 0.4813106954 -0.2398681790 0.8430914879
-347.8 -90.5 2241.5 0.3116556406 -0.0046549314 -0.9501837492 0.0223931689 0.9997462630 0.0024471132 0.9499312043 -0.0220402814 0.3116807938
-345.9 -482.0 2250.1 0.2928387523 0.1654720753 -0.9417347908 -0.1048431993 0.9845296144 0.1403898448 0.9503964186 0.0576229021 0.3056570590
-266.9 -109.3 2401.8 -0.9733698368 0.0658970028 0.2195648700 0.0028632095 0.9612132311 -0.2757914364 -0.2292224765 -0.2678183913 -0.9358046651
-292.7 -485.5 2506.6 -0.9733698368 -0.0754893646 0.2164543867 0.0028632095 0.9401474595 0.3407558501 -0.2292224765 0.3323011994 -0.9148950577
-266.2 -219.0 2111.9 0 0 0 0 0 0 0 0 0
-45.6 414.1 2713.3 0 0 0 0 0 0 0 0 0
-408.3 -852.8 2228.4 0 0 0 0 0 0 0 0 0
-269.2 -779.1 2402.8 0 0 0 0 0 0 0 0 0
-246.3 487.1 2366.1 73 0.4555870295 0.1044539884 -0.8840417862 -0.1159865409 0.9915915132 0.0573883764 0.8826027513 0.0763915479 0.4638714790
-267.1 290.1 2350.9 0.4555870295 0.1044539884 -0.8840417862 -0.1159865409 0.9915915132 0.0573883764 0.8826027513 0.0763915479 0.4638714790
-285.6 95.5 2337.6 0.4568077326 0.0945529416 -0.8845261335 -0.1038118824 0.9932073355 0.0525576361 0.8834872842 0.0678155869 0.4635204971
-332.2 304.8 2225.1 0.1080711931 0.0827586204 -0.9906924963 0.9520097375 0.2784250975 0.1271099746 0.2863531113 -0.9568858147 -0.0486972779
-362.1 40.7 2145.7 -0.3433052897 0.1227740869 -0.9311648607 0.9312774539 0.1731889397 -0.3205118477 0.1219169050 -0.9772062898 -0.1737934202
-202.0 275.3 2476.8 -0.2554405928 -0.4315724373 -0.8651562333 0.1255536973 0.8724581003 -0.4722850621 0.9586377740 -0.2292643338 -0.1686756909
-232.4 290.2 2590.9 0.7296558022 -0.4315724373 -0.5304221511 0.4870607257 0.8724581003 -0.0398591533 0.4799731970 -0.2292643338 0.8467960954
-342.9 -90.6 2246.3 0.2981586158 0.0102669299 -0.9544610977 0.0068449858 0.9998934269 0.0128939003 0.9544917941 -0.0103777004 0.2980565429
-346.9 -482.1 2250.4 0.2817506492 0.1621936411 -0.9456795454 -0.1042396426 0.9849494100 0.1378722340 0.9538084865 0.0597317070 0.2944171429
-258.0 -108.4 2404.7 -0.9584417939 0.0911285654 0.2703421116 0.0170191303 0.9641871452 -0.2646762729 -0.2847799659 -0.2490758300 -0.9256681800
-293.6 -485.7 2502.2 -0.9584417939 -0.0781464502 0.2743763924 0.0170191303 0.9443773031 0.3284232318 -0.2847799659 0.3194442093 -0.9038007259
-266.3 -219.1 2111.7 0 0 0 0 0 0 0 0 0
-45.6 414.9 2713.8 0 0 0 0 0 0 0 0 0
-408.0 -853.1 2227.9 0 0 0 0 0 0 0 0 0
-269.3 -779.6 2402.8 0 0 0 0 0 0 0 0 0
-247.7 485.8 2366.2 74 0.4600074589 0.0977421775 -0.8825188875 -0.1136631742 0.9922276139 0.0506465957 0.8806099296 0.0770120844 0.4675417840
-267.2 288.8 2350.9 0.4600074589 0.0977421775 -0.8825188875 -0.1136631742 0.9922276139 0.0506465957 0.8806099296 0.0770120844 0.4675417840
-284.7 94.2 2337.5 0.4610847831 0.0893101916 -0.8828502297 -0.1022255942 0.9936441779 0.0471290424 0.8814480901 0.0685194060 0.4672840238
-332.8 303.4 2225.3 0.1185054407 0.0773973987 -0.9899323583 0.9498525858 0.2817034423 0.1357323080 0.2893726826 -0.9563748240 -0.0401327275
-365.6 40.9 2145.4 -0.3540966213 0.1172445938 -0.9278303981 0.9263179898 0.1804465801 -0.3307174146 0.1286489964 -0.9765719175 -0.1725012958
-201.5 274.3 2476.5 -0.2598564625 -0.4311552942 -0.8640484810 0.1296433806 0.8711092472 -0.4736679196 0.9569050074 -0.2351038456 -0.1704669297
-232.9 290.0 2592.4 0.7310925722 -0.4311552942 -0.5287804604 0.4899914265 0.8711092472 -0.0328194350 0.4747758210 -0.2351038456 0.8481238484
-345.4 -89.6 2244.5 0.3021955788 0.0073452345 -0.9532176256 0.0196987446 0.9997086525 0.0139485123 0.9530423880 -0.0229923688 0.3019628525
-348.3 -481.1 2253.5 0.2826596200 0.1552771330 -0.9465688467 -0.1244260892 0.9844086766 0.1243289709 0.9511160254 0.0826350749 0.2975731194
-262.9 -108.3 2404.2 -0.9658260942 0.0749256462 0.2481252253 0.0091877030 0.9666016698 -0.2561187744 -0.2590281069 -0.2450864911 -0.9342575073
-292.2 -486.7 2500.1 -0.9658260942 -0.0751774386 0.2480490506 0.0091877030 0.9464809895 0.3226287067 -0.2590281069 0.3138822317 -0.9134453535
-266.2 -219.0 2109.3 0 0 0 0 0 0 0 0 0
-45.7 415.4 2713.9 0 0 0 0 0 0 0 0 0
-406.8 -851.8 2222.4 0 0 0 0 0 0 0 0 0
-268.9 -781.0 2402.5 0 0 0 0 0 0 0 0 0
-248.8 487.5 2366.2 75 0.4620871544 0.0942484736 -0.8818121552 -0.1109913290 0.9926646948 0.0479347706 0.8798615932 0.0757234618 0.4691583812
-267.5 290.6 2351.2 0.4620871544 0.0942484736 -0.8818121552 -0.1109913290 0.9926646948 0.0479347706 0.8798615932 0.0757234618 0.4691583812
-284.4 95.9 2337.9 0.4630577266 0.0865149498 -0.8820956349 -0.1003248543 0.9939447641 0.0448192656 0.8806318641 0.0677422062 0.4689333737
-333.5 304.9 2225.7 0.1199088469 0.0748108625 -0.9899622202 0.9497302175 0.2818258405 0.1363331676 0.2891961336 -0.9565445781 -0.0372567251
-366.1 46.4 2147.0 -0.3322482705 0.1007438377 -0.9377962351 0.9283134341 0.2108355016 -0.3062393963 0.1668689996 -0.9723163247 -0.1635715961
-201.5 276.3 2476.7 -0.2303917408 -0.4383497834 -0.8687744737 0.1496787220 0.8662039042 -0.4767463207 0.9615175128 -0.2398754805 -0.1339545846
-229.0 294.1 2591.5 0.7516466379 -0.4383497834 -0.4928253591 0.4996192753 0.8662039042 -0.0084475493 0.4305902123 -0.2398754805 0.8700872660
-343.8 -91.2 2244.4 0.3038900793 0.0115324305 -0.9526373148 0.0140599897 0.9997635484 0.0165880490 0.9526033401 -0.0184350144 0.3036560714
-348.3 -482.7 2251.6 0.2850393355 0.1574735940 -0.9454917312 -0.1216456965 0.9843793511 0.1272776276 0.9507654309 0.0787358731 0.2997428477
-260.5 -109.6 2403.7 -0.9592212439 0.0790243745 0.2713848054 0.0141597418 0.9723519683 -0.2330903709 -0.2823013663 -0.2197425067 -0.9338196516
-291.4 -490.3 2489.7 -0.9592212439 -0.0701391920 0.2738157213 0.0141597418 0.9555832148 0.2943810225 -0.2823013663 0.2862537205 -0.9156225920
-272.8 -214.4 2100.1 0 0 0 0 0 0 0 0 0
-36.7 421.9 2701.6 0 0 0 0 0 0 0 0 0
-407.6 -853.5 2222.0 0 0 0 0 0 0 0 0 0
-270.0 -781.7 2402.4 0 0 0 0 0 0 0 0 0
-245.6 492.6 2359.8 76 0.4837621152 0.1048400849 -0.8688974380 -0.1019979641 0.9927876592 0.0630007461 0.8692356348 0.0581483990 0.4909665287
-266.5 295.0 2348.2 0.4837621152 0.1048400849 -0.8688974380 -0.1019979641 0.9927876592 0.0630007461 0.8692356348 0.0581483990 0.4909665287
-284.1 100.3 2338.2 0.4850544930 0.0902773365 -0.8698115349 -0.0888342559 0.9945983291 0.0536900572 0.8699601293 0.0512264594 0.4904541075
-335.6 307.7 2224.3 0.1209383011 0.0520288274 -0.9912955761 0.9525089264 0.2750620544 0.1306431442 0.2794650197 -0.9600176215 -0.0162923839
-368.8 46.0 2147.5 -0.3368141949 0.0734205097 -0.9387042522 0.9240499139 0.2172076404 -0.3145672977 0.1807980388 -0.9733603001 -0.1410028338
-197.4 282.4 2472.1 -0.2233154327 -0.4700919390 -0.8538991809 0.1079803780 0.8586996198 -0.5009741783 0.9687468410 -0.2040796280 -0.1410001814
-224.9 295.7 2591.6 0.7571876645 -0.4700919390 -0.4535200000 0.5111675262 0.8586996198 -0.0366422683 0.4066627026 -0.2040796280 0.8904925585
-343.2 -89.7 2245.1 0.3278198838 0.0136171617 -0.9446420670 0.0132136317 0.9997321963 0.0189968310 0.9446478486 -0.0187096931 0.3275521696
-348.6 -481.3 2252.4 0.3095666468 0.1565672308 -0.9378993511 -0.1204132214 0.9848653078 0.1246633902 0.9432227612 0.0743438601 0.3237341940
-259.5 -107.8 2404.3 -0.9652537107 0.0783125833 0.2493038327 0.0224955846 0.9753983617 -0.2192987502 -0.2603444159 -0.2060707062 -0.9432685971
-290.2 -489.8 2485.0 -0.9645351171 -0.0635117441 0.2561996281 0.0104875369 0.9606326818 0.2776235640 -0.2637460828 0.2704645991 -0.9258978963
-274.4 -213.0 2096.8 0 0 0 0 0 0 0 0 0
-31.2 426.5 2695.6 0 0 0 0 0 0 0 0 0
-407.5 -852.2 2224.4 0 0 0 0 0 0 0 0 0
-270.7 -785.1 2401.8 0 0 0 0 0 0 0 0 0
-247.4 490.3 2363.0 77 0.4644475579 0.0964340791 -0.8803345561 -0.1068679467 0.9928923845 0.0523824766 0.8791289330 0.0697506368 0.4714521766
-266.6 292.6 2349.1 0.4644475579 0.0964340791 -0.8803345561 -0.1068679467 0.9928923845 0.0523824766 0.8791289330 0.0697506368 0.4714521766
-283.6 97.9 2337.4 0.4656501710 0.0870424509 -0.8806778789 -0.0938420445 0.9943970442 0.0486638658 0.8799793124 0.0599842742 0.4712094069
-332.9 306.0 2223.8 0.1369658113 0.0713883564 -0.9880000353 0.9508932233 0.2700019181 0.1513308138 0.2775651813 -0.9602096677 -0.0309016686
-370.5 45.2 2147.6 -0.3414491713 0.0858448371 -0.9359717369 0.9205759764 0.2314367145 -0.3146059215 0.1896109432 -0.9690550566 -0.1580505669
-200.2 279.2 2474.5 -0.1853049397 -0.4655793011 -0.8653889298 0.1468838900 0.8576245308 -0.4928541780 0.9716414809 -0.2184400111 -0.0905359685
-222.6 296.9 2591.6 0.7589640617 -0.4655793011 -0.4552026689 0.5138719082 0.8576245308 -0.0203907676 0.3998865187 -0.2184400111 0.8901543617
-345.6 -86.5 2249.5 0.3065180182 0.0067680078 -0.9518408179 0.0016121465 0.9999696016 0.0076293787 0.9518634677 -0.0038730486 0.3064977825
-348.2 -478.1 2251.0 0.2903972268 0.1529627591 -0.9446014166 -0.1163298711 0.9854627252 0.1238164827 0.9498088360 0.0739294067 0.3039697707
-257.9 -102.5 2406.7 -0.9594464898 0.0775547698 0.2710122466 0.0197595395 0.9775471091 -0.2097883821 -0.2811973393 -0.1959256530 -0.9394366145
-288.3 -485.4 2483.5 -0.9595509171 -0.0550892912 0.2760927677 0.0215561297 0.9634140134 0.2671493292 -0.2807087004 0.2622948885 -0.9232572913
-275.0 -212.3 2094.6 0 0 0 0 0 0 0 0 0
-28.3 428.5 2693.9 0 0 0 0 0 0 0 0 0
-405.9 -849.3 2223.2 0 0 0 0 0 0 0 0 0
-271.1 -786.8 2401.4 0 0 0 0 0 0 0 0 0
-247.9 491.2 2364.6 78 0.4604310393 0.0968824551 -0.8823927641 -0.1103864685 0.9925598502 0.0513787903 0.8808053732 0.0737478361 0.4676998854
-267.2 293.5 2350.0 0.4604310393 0.0968824551 -0.8823927641 -0.1103864685 0.9925598502 0.0513787903 0.8808053732 0.0737478361 0.4676998854
-284.5 98.8 2337.4 0.4615952373 0.0886219963 -0.8826528192 -0.0979192629 0.9940072298 0.0485942438 0.8816698194 0.0639978424 0.4675067961
-332.9 307.5 2224.3 0.1358065605 0.0762774721 -0.9877946973 0.9495450854 0.2744780183 0.1517430097 0.2827025056 -0.9585632682 -0.0351529866
-370.7 43.8 2145.8 -0.3439092934 0.0898144916 -0.9346976876 0.9185733795 0.2386881113 -0.3150412142 0.1948059499 -0.9669339657 -0.1645882577
-201.4 279.6 2475.6 -0.1580938399 -0.4930178821 -0.8555347323 0.1301516742 0.8484669328 -0.5129955411 0.9788088799 -0.1924507171 -0.0699702874
-220.4 295.2 2592.9 0.7567781806 -0.4930178821 -0.4292087853 0.5273501277 0.8484669328 -0.0447853841 0.3862494528 -0.1924507171 0.9020943046
-342.7 -88.4 2246.1 0.3023908436 0.0106862234 -0.9531241059 0.0043459819 0.9999113083 0.0125896102 0.9531741142 -0.0079492424 0.3023175895
-346.9 -480.0 2249.3 0.2858588398 0.1619844884 -0.9444817305 -0.1080774143 0.9847707152 0.1361833662 0.9521575570 0.0631479248 0.2990123034
-258.5 -105.4 2405.2 -0.9586975574 0.0787410289 0.2733109891 0.0159834251 0.9743120074 -0.2246344537 -0.2839781344 -0.2109880447 -0.9353290796
-289.4 -486.9 2487.8 -0.9591801763 -0.0587268397 0.2766307592 0.0233925935 0.9583709240 0.2845663726 -0.2818265259 0.2794215083 -0.9178766012
-274.9 -211.9 2091.6 0 0 0 0 0 0 0 0 0
-26.6 430.2 2691.8 0 0 0 0 0 0 0 0 0
-407.9 -850.9 2225.5 0 0 0 0 0 0 0 0 0
-270.9 -787.8 2400.1 0 0 0 0 0 0 0 0 0
