-246.1 513.5 2351.6 12 0.9948613048 0.0633137152 -0.0790084973 -0.0519221649 0.9889697433 0.1387191266 0.0869198367 -0.1339039952 0.9871751070
-258.8 315.1 2378.5 0.9948613048 0.0633137152 -0.0790084973 -0.0519221649 0.9889697433 0.1387191266 0.0869198367 -0.1339039952 0.9871751070
-270.7 121.1 2402.7 0.9949544072 0.0609707646 -0.0796761066 -0.0504393764 0.9904795885 0.1280862689 0.0867270753 -0.1234211773 0.9885573387
-400.5 322.2 2366.2 0.4637210369 -0.5966562629 -0.6549534798 0.8741012216 0.1874485910 0.4481184185 -0.1446025819 -0.7802975774 0.6084618568
-519.2 98.4 2403.2 -0.3443814814 -0.5966562629 -0.7248466611 0.8184450269 0.1874485910 -0.5431489348 0.4599447250 -0.7802975774 0.4237765372
-117.1 307.9 2390.9 0.2496780306 0.9161925912 0.3134518266 -0.7789086699 0.3823391795 -0.4971097112 -0.5752931237 -0.1200329587 0.8090920448
-66.7 150.6 2274.7 -0.3968910277 0.9161925912 0.0553955846 0.8243303895 0.3823391795 -0.4174879491 -0.4036792517 -0.1200329587 -0.9069923759
-374.6 -68.6 2420.7 0.9892494082 0.1123654172 -0.0935931057 -0.1205319688 0.9889143705 -0.0867200717 0.0828112364 0.0970687345 0.9918265939
-418.7 -455.9 2382.7 0.9916862249 0.0684167221 -0.1089843288 -0.0921214670 0.9688062668 -0.2300609797 0.0898446813 0.2381881028 0.9670544863
-194.6 -78.8 2430.2 -0.8126414418 -0.0668884814 0.5789126754 -0.1077595279 0.9935076833 -0.0364746489 -0.5727144480 -0.0920241624 -0.8145733476
-168.4 -468.0 2466.3 -0.8370700479 -0.0698550791 0.5426177382 0.0603816733 0.9739596844 0.2185327113 -0.5437534451 0.2156913579 -0.8110545278
-426.8 -121.0 2279.9 0 0 0 0 0 0 0 0 0
-182.3 390.7 2157.1 0 0 0 0 0 0 0 0 0
-440.1 -759.4 2308.1 0 0 0 0 0 0 0 0 0
-147.7 -756.0 2402.5 0 0 0 0 0 0 0 0 0
-245.6 516.6 2352.0 13 0.9873164296 0.0993293896 -0.1238543168 -0.0854309946 0.9899283051 0.1128870100 0.1338198930 -0.1008742079 0.9858583212
-268.0 293.9 2374.6 0.9873164296 0.0993293896 -0.1238543168 -0.0854309946 0.9899283051 0.1128870100 0.1338198930 -0.1008742079 0.9858583212
-268.7 100.7 2404.2 0.9925287366 0.0029126205 -0.1219761670 0.0154386200 0.9886814356 0.1492334902 0.1210302338 -0.1500016749 0.9812498093
-409.0 291.6 2357.5 0.4809597433 -0.6330754757 -0.6065419912 0.8491460681 0.1641513705 0.5020012856 -0.2182400227 -0.7564851642 0.6165237427
-517.1 100.8 2406.6 -0.3340148032 -0.6330754757 -0.6983190775 0.8236722350 0.1641513705 -0.5427875519 0.4582555294 -0.7564851642 0.4666177332
-127.0 296.1 2391.7 0.3024681509 0.9048883915 0.2994828522 -0.6944818497 0.4244252145 -0.5809975863 -0.6528460383 -0.0322521366 0.7568036914
-68.3 161.5 2265.2 -0.4054557085 0.9048883915 0.1295477301 0.8364204168 0.4244252145 -0.3467912376 -0.3687907159 -0.0322521366 -0.9289527535
-370.8 -71.9 2419.7 0.9843871593 0.1250449270 -0.1238778979 -0.1357399672 0.9873451591 -0.0820014849 0.1120563671 0.0975363925 0.9889034629
-419.4 -455.5 2381.8 0.9877330065 0.0669472814 -0.1410729736 -0.0981841162 0.9687668085 -0.2277075946 0.1214224026 0.2387654185 0.9634560943
-192.8 -77.5 2434.7 -0.7910287380 -0.0668909103 0.6081110835 -0.1005733162 0.9946992397 -0.0214106441 -0.6034554839 -0.0780961812 -0.7935631275
-166.6 -467.1 2465.3 -0.8143811822 -0.0623838529 0.5769675374 0.0707103163 0.9761309624 0.2053494602 -0.5760063529 0.2080302984 -0.7905315161
-427.5 -120.1 2283.7 0 0 0 0 0 0 0 0 0
-185.3 402.9 2158.8 0 0 0 0 0 0 0 0 0
-440.3 -759.3 2306.9 0 0 0 0 0 0 0 0 0
-148.0 -758.3 2403.2 0 0 0 0 0 0 0 0 0
-247.9 514.8 2351.6 14 0.9802290797 0.1072020382 -0.1663090885 -0.0949514806 0.9922651052 0.0799634382 0.1735949516 -0.0625911951 0.9828261137
-274.2 271.1 2367.0 0.9802290797 0.1072020382 -0.1663090885 -0.0949514806 0.9922651052 0.0799634382 0.1735949516 -0.0625911951 0.9828261137
-268.4 80.3 2407.9 0.9863628149 -0.0310253128 -0.1616348624 0.0636585131 0.9775552154 0.2008318901 0.1517761350 -0.2083825320 0.9661991000
-414.4 261.9 2345.7 0.4838580787 -0.6313399673 -0.6060455441 0.8409882784 0.1438486576 0.5215805173 -0.2421158254 -0.7620481253 0.6005518436
-518.0 81.7 2397.5 -0.3781133592 -0.6313399673 -0.6770820618 0.8008347154 0.1438486576 -0.5813530087 0.4644287527 -0.7620481253 0.4512078762
-134.1 280.3 2388.3 0.3769579530 0.8801417947 0.2885361314 -0.6034615636 0.4697016478 -0.6443713903 -0.7026640773 0.0687804371 0.7081895471
-65.0 169.6 2259.5 -0.4196780622 0.8801417947 0.2218574286 0.8376114368 0.4697016478 -0.2789039910 -0.3496818841 0.0687804371 -0.9343402982
-357.9 -95.7 2423.3 0.9735236764 0.1600922793 -0.1631628722 -0.1775697172 0.9791390896 -0.0987707153 0.1439467072 0.1251284182 0.9816426039
-420.3 -477.3 2374.5 0.9811263084 0.0679169297 -0.1810481846 -0.1067960113 0.9708582759 -0.2145432383 0.1612010002 0.2298292369 0.9597878456
-179.9 -91.1 2444.6 -0.7730014920 -0.0326891281 0.6335614324 -0.0530704223 0.9985030890 -0.0132320561 -0.6321805120 -0.0438517705 -0.7735792398
-167.1 -481.8 2461.8 -0.7886691093 -0.0669028759 0.6111669540 0.0760318488 0.9758181572 0.2049342096 -0.6100985408 0.2080934346 -0.7645109296
-416.8 -132.8 2273.2 0 0 0 0 0 0 0 0 0
-186.6 412.4 2158.2 0 0 0 0 0 0 0 0 0
-440.1 -760.3 2307.5 0 0 0 0 0 0 0 0 0
-148.3 -756.4 2403.2 0 0 0 0 0 0 0 0 0
-247.1 516.6 2351.9 15 0.9752346873 0.1462026983 -0.1659580618 -0.1374648362 0.9884990454 0.0630324632 0.1732648909 -0.0386580452 0.9841162562
-285.5 257.3 2362.1 0.9752346873 0.1462026983 -0.1659580618 -0.1374648362 0.9884990454 0.0630324632 0.1732648909 -0.0386580452 0.9841162562
-272.8 67.7 2407.3 0.9849977493 -0.0656687766 -0.1595838070 0.1000578552 0.9707815051 0.2181094289 0.1405980289 -0.2308049202 0.9627882838
-425.5 243.0 2342.3 0.4310286045 -0.5843303204 -0.6875844598 0.8782542944 0.0967953280 0.4682948589 -0.2070839256 -0.8057224751 0.5549122095
-516.8 57.2 2386.1 -0.4563593864 -0.5843303204 -0.6710395813 0.7817986608 0.0967953280 -0.6159719825 0.4248846471 -0.8057224751 0.4126552343
-145.4 271.6 2381.9 0.4603380859 0.8473929167 0.2646017373 -0.5373793244 0.5032399297 -0.6767370105 -0.7066203356 0.1693363339 0.6870319843
-63.1 175.6 2255.7 -0.4314840734 0.8473929167 0.3094297051 0.8385223150 0.5032399297 -0.2088776380 -0.3327188194 0.1693363339 -0.9276978970
-351.1 -117.2 2435.5 0.9694365263 0.1885042638 -0.1570317149 -0.2080123425 0.9708999395 -0.1186765581 0.1300910562 0.1477139294 0.9804370999
-424.7 -496.3 2377.8 0.9820325971 0.0565510653 -0.1800386161 -0.1001014784 0.9648621082 -0.2429419458 0.1599738151 0.2565990388 0.9531869292
-173.8 -104.6 2462.4 -0.7796927691 -0.0246439688 0.6256771684 -0.0225769188 0.9996818900 0.0112407319 -0.6257551312 -0.0053615454 -0.7800011039
-164.1 -495.7 2464.5 -0.7919735909 -0.0602596737 0.6075743437 0.0904901028 0.9725427032 0.2144114226 -0.6038123369 0.2247876525 -0.7647752166
-394.9 -151.5 2272.7 0 0 0 0 0 0 0 0 0
-188.0 418.2 2159.4 0 0 0 0 0 0 0 0 0
-440.1 -759.2 2307.9 0 0 0 0 0 0 0 0 0
-148.0 -756.9 2404.1 0 0 0 0 0 0 0 0 0
-246.6 516.8 2351.1 16 0.9773511291 0.1684603542 -0.1280853301 -0.1636472791 0.9853847027 0.0472919457 0.1341801435 -0.0252600219 0.9906349778
-292.2 249.7 2358.0 0.9773511291 0.1684603542 -0.1280853301 -0.1636472791 0.9853847027 0.0472919457 0.1341801435 -0.0252600219 0.9906349778
-274.0 59.9 2401.6 0.9881274700 -0.0936304852 -0.1218089610 0.1179885566 0.9702687263 0.2113227546 0.0984011739 -0.2231858820 0.9697965384
-432.7 232.8 2344.0 0.3260825574 -0.5084989071 -0.7969310284 0.9387947917 0.0751465484 0.3361804783 -0.1110607833 -0.8577772975 0.5018801093
-503.7 28.5 2368.2 -0.4893927276 -0.5084989071 -0.7084656954 0.7944189310 0.0751465484 -0.6027035117 0.3597128391 -0.8577772975 0.3671849668
-151.7 266.5 2371.9 0.5284779668 0.8153094649 0.2366042435 -0.4848516285 0.5186437368 -0.7042212486 -0.6968715191 0.2574474514 0.6693958640
-58.6 181.1 2249.2 -0.4419393837 0.8153094649 0.3741123974 0.8446630836 0.5186437368 -0.1324875951 -0.3020494282 0.2574474514 -0.9178708792
-348.7 -131.5 2440.0 0.9719184637 0.2087236792 -0.1086691096 -0.2202205956 0.9695147276 -0.1074434370 0.0829303116 0.1283574402 0.9882544875
-430.3 -510.5 2389.8 0.9880836010 0.0374147296 -0.1493016779 -0.0819706023 0.9489187002 -0.3046869338 0.1302753687 0.3132945001 0.9406778812
-171.2 -112.9 2465.1 -0.8062382340 -0.0156331249 0.5913844109 -0.0091192992 0.9998604059 0.0139987040 -0.5915206671 0.0058932789 -0.8062682748
-165.1 -504.2 2462.8 -0.8153999448 -0.0665620193 0.5750585794 0.0776923895 0.9717983603 0.2226472795 -0.5736608505 0.2262242734 -0.7872329950
-373.1 -183.5 2272.2 0 0 0 0 0 0 0 0 0
-185.3 423.2 2162.6 0 0 0 0 0 0 0 0 0
-440.2 -761.9 2306.8 0 0 0 0 0 0 0 0 0
-147.7 -757.8 2403.8 0 0 0 0 0 0 0 0 0
-247.1 517.0 2352.2 17 0.9711077809 0.1961888969 -0.1358662099 -0.1884494722 0.9797408581 0.0677838996 0.1464121193 -0.0402215607 0.9884056449
-298.7 259.5 2362.8 0.9711077809 0.1961888969 -0.1358662099 -0.1884494722 0.9797408581 0.0677838996 0.1464121193 -0.0402215607 0.9884056449
-276.6 69.6 2404.4 0.9849734902 -0.1133180112 -0.1303312927 0.1378515363 0.9704527259 0.1980363876 0.1040392816 -0.2130269706 0.9714912772
-438.9 239.8 2348.0 0.2116471380 -0.4173808396 -0.8837413192 0.9772685766 0.0789839998 0.1967427433 -0.0123152258 -0.9052926302 0.4246098995
-490.2 3.1 2351.0 -0.4752998650 -0.4173808396 -0.7745212913 0.8301103711 0.0789839998 -0.5519767404 0.2915593088 -0.9052926302 0.3089310527
-158.5 279.1 2377.6 0.5305814743 0.8154319525 0.2314175069 -0.4952492118 0.5197950006 -0.6960900426 -0.6879037619 0.2547231317 0.6796356440
-55.7 183.2 2244.2 -0.4497206509 0.8154319525 0.3644476533 0.8459428549 0.5197950006 -0.1191378385 -0.2865868509 0.2547231317 -0.9235714078
-344.8 -140.7 2436.4 0.9692541957 0.2229897082 -0.1040282175 -0.2324614227 0.9684312940 -0.0900141224 0.0806719586 0.1114291176 0.9904925823
-432.0 -519.6 2392.8 0.9873332381 0.0308958907 -0.1556231081 -0.0807376206 0.9422008395 -0.3251753747 0.1365816444 0.3336210847 0.9327606559
-166.6 -119.1 2454.0 -0.8031364679 -0.0081492644 0.5957393646 -0.0305983033 0.9991511106 -0.0275829788 -0.5950088501 -0.0403815098 -0.8027040362
-163.5 -509.9 2469.8 -0.8185893893 -0.0579949841 0.5714437962 0.1013134122 0.9647114277 0.2430379093 -0.5653733611 0.2568431795 -0.7838268280
-363.4 -218.2 2273.2 0 0 0 0 0 0 0 0 0
-185.0 426.4 2161.8 0 0 0 0 0 0 0 0 0
-440.1 -765.9 2305.6 0 0 0 0 0 0 0 0 0
-148.6 -757.8 2403.8 0 0 0 0 0 0 0 0 0
-244.8 513.8 2345.7 18 0.9666151404 0.2037195861 -0.1554140002 -0.1868616045 0.9754605889 0.1164449304 0.1753223389 -0.0835165232 0.9809623361
-296.8 264.9 2367.0 0.9666151404 0.2037195861 -0.1554140002 -0.1868616045 0.9754605889 0.1164449304 0.1753223389 -0.0835165232 0.9809623361
-277.5 73.9 2405.0 0.9834710956 -0.0982415080 -0.1520960480 0.1250064075 0.9760884047 0.1778336316 0.1309885383 -0.1939072162 0.9722355604
-436.8 247.1 2348.4 0.2166240662 -0.3850416839 -0.8971158862 0.9762430191 0.0808685422 0.2010219395 -0.0048533645 -0.9193493128 0.3934123218
-491.1 2.5 2349.6 -0.4629924893 -0.3850416839 -0.7983613610 0.8448047042 0.0808685422 -0.5289283991 0.2682217956 -0.9193493128 0.2878434956
-156.8 282.7 2385.7 0.5101403594 0.8233588338 0.2486705780 -0.4782178402 0.5118394494 -0.7136722803 -0.7148877382 0.2451543212 0.6548548341
-54.5 186.7 2242.3 -0.4491688311 0.8233588338 0.3468827009 0.8517501354 0.5118394494 -0.1119914576 -0.2697573900 0.2451543212 -0.9311982989
-343.3 -132.8 2436.8 0.9662265182 0.2285289615 -0.1190833598 -0.2375908792 0.9689628482 -0.0682760701 0.0997842848 0.0942632705 0.9905339479
-432.7 -512.1 2399.9 0.9836684465 0.0276977345 -0.1778460592 -0.0869156420 0.9383458495 -0.3345934153 0.1576136202 0.3445865810 0.9254285693
-165.5 -107.8 2455.5 -0.7886312604 0.0023506025 0.6148619652 -0.0287336130 0.9987592697 -0.0406723991 -0.6141946912 -0.0497427322 -0.7875852585
-166.4 -498.7 2475.0 -0.8061134815 -0.0725531355 0.5872964859 0.1034387499 0.9598999619 0.2605619729 -0.5826504230 0.2707917094 -0.7662834525
-367.3 -223.4 2277.9 0 0 0 0 0 0 0 0 0
-182.9 430.4 2165.1 0 0 0 0 0 0 0 0 0
-440.3 -768.0 2305.9 0 0 0 0 0 0 0 0 0
-146.7 -759.3 2401.4 0 0 0 0 0 0 0 0 0
-244.3 509.7 2338.0 19 0.9684297442 0.1628810018 -0.1887157708 -0.1321677119 0.9773461223 0.1653066278 0.2113659382 -0.1351457089 0.9680186510
-285.0 265.1 2371.8 0.9684297442 0.1628810018 -0.1887157708 -0.1321677119 0.9773461223 0.1653066278 0.2113659382 -0.1351457089 0.9680186510
-271.7 72.8 2405.4 0.9796121120 -0.0677372515 -0.1891344190 0.0982052386 0.9827545285 0.1566819400 0.1752595156 -0.1720615029 0.9693703651
-424.4 251.2 2346.9 0.2886157930 -0.4158281982 -0.8624313474 0.9565578699 0.0864656717 0.2784254551 -0.0412064493 -0.9053235054 0.4227190912
-497.2 9.9 2357.3 -0.4605004191 -0.4158281982 -0.7842361331 0.8384006023 0.0864656717 -0.5381525755 0.2915885150 -0.9053235054 0.3088131249
-145.7 279.0 2396.7 0.4434228837 0.8462294340 0.2954182029 -0.4313241243 0.4903819263 -0.7572879791 -0.7857071161 0.2083778083 0.5824457407
-55.9 191.7 2237.7 -0.4424818754 0.8462294340 0.2968257964 0.8646522164 0.4903819263 -0.1090965942 -0.2378787547 0.2083778083 -0.9486792684
-347.1 -128.5 2431.1 0.9642396569 0.2145802081 -0.1555544734 -0.2262279391 0.9721437693 -0.0612977594 0.1380680352 0.0942965001 0.9859236479
-431.1 -509.1 2394.1 0.9781816602 0.0322990231 -0.2052254081 -0.0958129242 0.9466490149 -0.3076938987 0.1843382269 0.3206437528 0.9290893674
-169.5 -105.9 2454.7 -0.7625440955 -0.0105589861 0.6468500495 -0.0226793513 0.9996885061 -0.0104171103 -0.6465385556 -0.0226136465 -0.7625460625
-165.3 -497.2 2463.5 -0.7757334709 -0.0651895180 0.6276845932 0.0931417271 0.9719290137 0.2160523534 -0.6241492033 0.2260626704 -0.7478859425
-374.0 -214.5 2279.3 0 0 0 0 0 0 0 0 0
-182.0 438.0 2170.0 0 0 0 0 0 0 0 0 0
-439.9 -768.3 2306.3 0 0 0 0 0 0 0 0 0
-147.5 -762.8 2401.7 0 0 0 0 0 0 0 0 0
-241.3 506.0 2329.6 20 0.9701687694 0.1395934969 -0.1982075721 -0.0968329310 0.9726651907 0.2110588253 0.2222520560 -0.1855696440 0.9571666121
-275.5 268.0 2375.0 0.9701687694 0.1395934969 -0.1982075721 -0.0968329310 0.9726651907 0.2110588253 0.2222520560 -0.1855696440 0.9571666121
-267.2 74.5 2402.6 0.9784419537 -0.0418529809 -0.2022367716 0.0692168027 0.9890701175 0.1301894188 0.1945775449 -0.1413809657 0.9706446528
-414.7 258.2 2347.4 0.3366873562 -0.4458031952 -0.8293980360 0.9395112991 0.1001795977 0.3275401592 -0.0629296899 -0.8895074725 0.4525663555
-500.8 17.9 2363.5 -0.4632559419 -0.4458031952 -0.7659330368 0.8244694471 0.1001795977 -0.5569687486 0.3250293136 -0.8895074725 0.3211423159
-136.2 277.8 2402.7 0.3879004717 0.8582909703 0.3359610438 -0.3879985809 0.4826878011 -0.7851557732 -0.8360564113 0.1742098778 0.5202504992
-57.4 199.0 2232.8 -0.4479534626 0.8582909703 0.2503483295 0.8703472018 0.4826878011 -0.0975103304 -0.2045323253 0.1742098778 -0.9632328153
-346.7 -128.3 2423.1 0.9640486836 0.2085190713 -0.1647117287 -0.2190321088 0.9745228291 -0.0482724197 0.1504496187 0.0826141164 0.9851598144
-428.4 -509.9 2390.7 0.9760222435 0.0448591635 -0.2129981071 -0.1087107733 0.9482158422 -0.2984438241 0.1885802448 0.3144429922 0.9303564429
-169.9 -110.6 2454.7 -0.7515827417 -0.0106178829 0.6595533490 -0.0290767290 0.9994318485 -0.0170444399 -0.6589976549 -0.0319879614 -0.7514644861
-165.8 -502.0 2467.2 -0.7677862644 -0.0639880374 0.6375027299 0.1057707220 0.9686897397 0.2246168554 -0.6319151521 0.2398868650 -0.7369786501
-376.8 -202.8 2276.5 0 0 0 0 0 0 0 0 0
-185.1 447.0 2174.5 0 0 0 0 0 0 0 0 0
-440.6 -767.7 2305.3 0 0 0 0 0 0 0 0 0
-148.8 -759.4 2403.4 0 0 0 0 0 0 0 0 0
-241.2 506.1 2322.5 21 0.9649848938 0.1592302620 -0.2084464431 -0.1105822325 0.9675551653 0.2271752656 0.2378566116 -0.1961702257 0.9512841105
-281.4 261.5 2372.1 0.9649848938 0.1592302620 -0.2084464431 -0.1105822325 0.9675551653 0.2271752656 0.2378566116 -0.1961702257 0.9512841105
-270.7 69.4 2407.1 0.9757791758 -0.0546532124 -0.2118206769 0.0906733051 0.9822400808 0.1642641723 0.1990811974 -0.1794920415 0.9634050727
-420.4 248.6 2343.8 0.3467282951 -0.5159896612 -0.7832842469 0.9318032265 0.0939193591 0.3506021202 -0.1073415130 -0.8514304757 0.5133653283
-501.6 30.2 2369.0 -0.4407633543 -0.5159896612 -0.7344946265 0.8231785297 0.0939193591 -0.5599609613 0.3579173386 -0.8514304757 0.3833553791
-142.5 274.4 2400.3 0.4129711986 0.8457082510 0.3379826546 -0.3455075324 0.4888449311 -0.8010337949 -0.8426620364 0.2140283436 0.4940774739
-59.0 204.6 2230.1 -0.4560620487 0.8457082510 0.2771008909 0.8703381419 0.4888449311 -0.0595163107 -0.1857928038 0.2140283436 -0.9589957595
-347.2 -125.1 2412.6 0.9623052478 0.2110291570 -0.1715672910 -0.2161198854 0.9763010144 -0.0113385795 0.1651085466 0.0479902774 0.9851071239
-429.8 -507.3 2393.8 0.9729051590 0.0432263315 -0.2271276712 -0.1131425798 0.9457166195 -0.3046618700 0.2016289979 0.3221049309 0.9249833226
-170.6 -112.7 2447.7 -0.7462777495 -0.0212163515 0.6652964950 -0.0439494178 0.9988814592 -0.0174446292 -0.6641821861 -0.0422579311 -0.7463754416
-162.3 -503.9 2464.2 -0.7643169761 -0.0561408736 0.6423922181 0.1084026173 0.9708393216 0.2138222158 -0.6356637478 0.2330649495 -0.7359431386
-383.6 -190.2 2273.1 0 0 0 0 0 0 0 0 0
-189.2 453.1 2177.1 0 0 0 0 0 0 0 0 0
-441.6 -765.1 2306.0 0 0 0 0 0 0 0 0 0
-147.5 -759.6 2402.8 0 0 0 0 0 0 0 0 0
-241.0 509.4 2322.4 22 0.9594846368 0.1846135706 -0.2128546834 -0.1396794617 0.9677360058 0.2097060233 0.2447017282 -0.1714782715 0.9543145299
-289.2 257.0 2367.1 0.9594846368 0.1846135706 -0.2128546834 -0.1396794617 0.9677360058 0.2097060233 0.2447017282 -0.1714782715 0.9543145299
-273.9 67.0 2410.3 0.9738603234 -0.0779426470 -0.2133564502 0.1217444018 0.9720830321 0.2005813122 0.1917663515 -0.2213131338 0.9561622143
-427.9 239.7 2339.9 0.2784691751 -0.4967745543 -0.8219914436 0.9575170279 0.0768156797 0.2779577374 -0.0749405101 -0.8644734621 0.4970608950
-493.0 15.6 2357.4 -0.4681325257 -0.4967745543 -0.7307988405 0.8150292039 0.0768156797 -0.5743054152 0.3414371312 -0.8644734621 0.3689258695
-150.5 274.4 2394.3 0.4532948136 0.8626074195 0.2245712131 -0.3908811212 0.4187929928 -0.8196489215 -0.8010841012 0.2837619781 0.5270136595
-58.1 194.6 2230.9 -0.4001280665 0.8626074195 0.3095253706 0.9080567360 0.4187929928 0.0067362343 -0.1238163337 0.2837619781 -0.9508672953
-348.1 -130.9 2424.3 0.9606987238 0.2103516161 -0.1811356246 -0.2196474075 0.9750325680 -0.0326568410 0.1697437167 0.0711593553 0.9829157591
-430.5 -512.6 2396.4 0.9708761573 0.0423005223 -0.2358181030 -0.1193954274 0.9387820363 -0.3231609464 0.2077119201 0.3419048786 0.9164915681
-171.9 -114.5 2460.1 -0.7489017844 -0.0233032294 0.6622711420 -0.0217851531 0.9997071028 0.0105416989 -0.6623228192 -0.0065329806 -0.7491900921
-162.8 -505.8 2462.7 -0.7631050944 -0.0578737371 0.6436779499 0.1066255644 0.9710590839 0.2137176394 -0.6374179721 0.2317215353 -0.7348492742
-367.7 -202.6 2266.0 0 0 0 0 0 0 0 0 0
-171.1 451.1 2195.9 0 0 0 0 0 0 0 0 0
-441.8 -764.3 2304.7 0 0 0 0 0 0 0 0 0
-147.7 -758.1 2402.5 0 0 0 0 0 0 0 0 0
-242.7 508.9 2325.3 23 0.9545306563 0.1819089204 -0.2361787111 -0.1415923536 0.9738262296 0.1778036356 0.2623410821 -0.1362779140 0.9553038478
-291.1 249.6 2361.6 0.9545306563 0.1819089204 -0.2361787111 -0.1415923536 0.9738262296 0.1778036356 0.2623410821 -0.1362779140 0.9553038478
-272.7 60.9 2409.6 0.9675797224 -0.0941273347 -0.2343704998 0.1466115117 0.9649323225 0.2177398950 0.2056563944 -0.2450421304 0.9474490881
-428.9 228.7 2332.4 0.2440631837 -0.4481111765 -0.8600171804 0.9676725268 0.0543877780 0.2462758720 -0.0635845512 -0.8923218846 0.4468989372
-487.0 -1.6 2347.5 -0.4851926565 -0.4481111765 -0.7508558035 0.8235523701 0.0543877780 -0.5646268129 0.2938529849 -0.8923218846 0.3426544666
-153.3 270.5 2390.8 0.4994015694 0.8274345994 0.2568073869 -0.3480303288 0.4630482197 -0.8151448965 -0.7933933139 0.3177078962 0.5192193389
-51.3 199.5 2228.8 -0.4407272935 0.8274345994 0.3480106592 0.8860795498 0.4630482197 0.0211985148 -0.1436053365 0.3177078962 -0.9372508526
-346.6 -134.0 2436.3 0.9547929168 0.2145994455 -0.2057123035 -0.2297156155 0.9718478918 -0.0523684546 0.1886828244 0.0972563624 0.9772102833
-430.6 -514.4 2398.3 0.9649003148 0.0411484465 -0.2593726814 -0.1295031905 0.9337663651 -0.3336304724 0.2284651101 0.3555097282 0.9063203335
-170.7 -112.0 2470.8 -0.7380187511 -0.0198960304 0.6744868159 -0.0031689138 0.9996563792 0.0260204878 -0.6747727394 0.0170662180 -0.7378281951
-162.9 -503.4 2464.1 -0.7502370477 -0.0529518835 0.6590451598 0.1171333864 0.9703757167 0.2113072574 -0.6507105231 0.2357267141 -0.7218093276
-357.1 -222.0 2268.9 0 0 0 0 0 0 0 0 0
-173.1 444.2 2189.2 0 0 0 0 0 0 0 0 0
-441.7 -765.8 2302.6 0 0 0 0 0 0 0 0 0
-149.2 -755.3 2402.9 0 0 0 0 0 0 0 0 0
-241.3 507.7 2316.8 24 0.9481479526 0.1794323623 -0.2623346150 -0.1296413988 0.9719486237 0.1962371767 0.2901870608 -0.1520524621 0.9448129535
-289.9 244.0 2358.1 0.9481479526 0.1794323623 -0.2623346150 -0.1296413988 0.9719486237 0.1962371767 0.2901870608 -0.1520524621 0.9448129535
-271.9 58.1 2415.8 0.9613289833 -0.0927460343 -0.2593159676 0.1627379954 0.9509176016 0.2631959617 0.2221777439 -0.2952184677 0.9292379022
-426.9 220.7 2326.5 0.2102830261 -0.3881238699 -0.8972964287 0.9767680168 0.0446391590 0.2095987350 -0.0412957110 -0.9205254912 0.3884938061
-478.0 -16.7 2336.6 -0.4659922719 -0.3881238699 -0.7951170206 0.8522323370 0.0446391590 -0.5212556124 0.2378050834 -0.9205254912 0.3099702001
-153.0 267.2 2389.6 0.5107124448 0.8160054684 0.2707542479 -0.3196649551 0.4725707769 -0.8212741017 -0.7981147170 0.3328842819 0.5021961331
-49.7 202.5 2228.1 -0.4521448612 0.8160054684 0.3601390421 0.8806045055 0.4725707769 0.0348212011 -0.1417768896 0.3328842819 -0.9322485328
-341.7 -141.1 2439.0 0.9438884854 0.2216656059 -0.2448241562 -0.2456447929 0.9666973352 -0.0717973933 0.2207558602 0.1279085129 0.9669055343
-428.5 -519.4 2388.9 0.9557482004 0.0485744551 -0.2901480794 -0.1383200288 0.9446553588 -0.2974791229 0.2596400380 0.3244484365 0.9095714688
-166.9 -114.6 2476.0 -0.7215840816 -0.0065566050 0.6922957897 0.0131035578 0.9996467233 0.0231253859 -0.6922028065 0.0257584471 -0.7212432027
-164.4 -506.0 2465.9 -0.7335259914 -0.0584821068 0.6771406531 0.1275071800 0.9667607546 0.2216201872 -0.6675938368 0.2489044517 -0.7016872764
-353.4 -244.5 2273.0 0 0 0 0 0 0 0 0 0
-173.3 443.3 2189.3 0 0 0 0 0 0 0 0 0
-441.3 -767.9 2303.6 0 0 0 0 0 0 0 0 0
-149.3 -755.3 2401.8 0 0 0 0 0 0 0 0 0
-238.8 501.6 2305.5 25 0.9434374571 0.1954241246 -0.2678342164 -0.1346195936 0.9640246034 0.2292033285 0.3029906154 -0.1801832765 0.9358048439
-291.6 240.9 2354.3 0.9434374571 0.1954241246 -0.2678342164 -0.1346195936 0.9640246034 0.2292033285 0.3029906154 -0.1801832765 0.9358048439
-271.2 55.1 2411.9 0.9581235647 -0.1048811451 -0.2664567530 0.1758234054 0.9499244094 0.2583210468 0.2260207534 -0.2943527997 0.9285855293
-428.1 215.8 2322.1 0.2006825656 -0.3717429638 -0.9063849449 0.9785717726 0.0325443819 0.2033177465 -0.0460842066 -0.9277650714 0.3703082800
-476.8 -21.7 2333.3 -0.4557237029 -0.3717429638 -0.8087787628 0.8642806411 0.0325443819 -0.5019559860 0.2129198164 -0.9277650714 0.3064590096
-155.1 266.0 2386.4 0.5172688365 0.8180941343 0.2513065040 -0.3135851026 0.4543995261 -0.8337778449 -0.7963023186 0.3524813056 0.4915888309
-50.2 202.4 2224.8 -0.4440472424 0.8180941343 0.3654367626 0.8886026740 0.4543995261 0.0625005662 -0.1149229482 0.3524813056 -0.9287354946
-340.8 -142.5 2453.5 0.9403398633 0.2264910191 -0.2538952529 -0.2596179247 0.9599662423 -0.1051826105 0.2199079394 0.1648231596 0.9614956379
-429.4 -518.2 2389.0 0.9546466470 0.0438871942 -0.2944888473 -0.1351737976 0.9451547861 -0.2973389924 0.2652881742 0.3236608505 0.9082212448
-167.1 -113.0 2493.5 -0.7196617126 -0.0084057096 0.6942739487 0.0436684601 0.9973991513 0.0573410057 -0.6929502487 0.0715840012 -0.7174229622
-163.8 -503.3 2465.5 -0.7268209457 -0.0562422574 0.6845203638 0.1244151294 0.9693723917 0.2117500454 -0.6754643917 0.2390690595 -0.6975627542
-354.9 -253.0 2276.3 0 0 0 0 0 0 0 0 0
-170.9 444.0 2193.6 0 0 0 0 0 0 0 0 0
-441.0 -767.7 2303.6 0 0 0 0 0 0 0 0 0
-149.0 -758.0 2402.7 0 0 0 0 0 0 0 0 0
-238.0 499.9 2300.9 26 0.9461756945 0.2038186044 -0.2514151335 -0.1419665962 0.9594464898 0.2435322702 0.2908557653 -0.1947317719 0.9367403388
-293.2 240.0 2353.7 0.9461756945 0.2038186044 -0.2514151335 -0.1419665962 0.9594464898 0.2435322702 0.2908557653 -0.1947317719 0.9367403388
-272.1 54.2 2411.4 0.9620366096 -0.1082477719 -0.2505352795 0.1748175621 0.9493486881 0.2611050308 0.2095813155 -0.2949905694 0.9322318435
-430.3 215.1 2323.8 0.1702321172 -0.3438786566 -0.9234546423 0.9850528836 0.0343717560 0.1687878519 -0.0263017826 -0.9383848310 0.3445898294
-472.3 -27.8 2330.3 -0.4430111647 -0.3438786566 -0.8279423714 0.8751851320 0.0343717560 -0.4825656116 0.1944018304 -0.9383848310 0.2857303917
-156.1 265.0 2383.5 0.5275006890 0.8173207641 0.2317969054 -0.3032127619 0.4360013604 -0.8473280668 -0.7936025858 0.3766823411 0.4778130949
-48.7 203.2 2221.8 -0.4425390661 0.8173207641 0.3689796031 0.8936747909 0.4360013604 0.1060574576 -0.0741926506 0.3766823411 -0.9233666062
-337.3 -146.7 2449.1 0.9422494173 0.2390685230 -0.2345468849 -0.2655375898 0.9600592852 -0.0881815180 0.2040974945 0.1453700066 0.9680969715
-430.8 -522.5 2392.2 0.9575285912 0.0425015651 -0.2851887941 -0.1359765381 0.9387477040 -0.3166434765 0.2542624772 0.3419741392 0.9046570063
-164.1 -114.9 2489.9 -0.7310428023 0.0027525714 0.6823260784 0.0482761860 0.9976944923 0.0476982109 -0.6806216240 0.0678095296 -0.7294902802
-165.2 -505.4 2463.3 -0.7368902564 -0.0656427816 0.6728178263 0.1117385477 0.9697570205 0.2169927657 -0.6667137742 0.2350795418 -0.7072696686
-353.6 -262.2 2278.2 0 0 0 0 0 0 0 0 0
-168.6 445.4 2201.7 0 0 0 0 0 0 0 0 0
-441.9 -766.6 2303.2 0 0 0 0 0 0 0 0 0
-148.1 -757.6 2402.2 0 0 0 0 0 0 0 0 0
-237.1 502.3 2299.1 27 0.9496293068 0.2157426775 -0.2272867113 -0.1565250754 0.9548789263 0.2524007559 0.2714849114 -0.2041110843 0.9405501485
-295.8 242.5 2354.6 0.9496293068 0.2157426775 -0.2272867113 -0.1565250754 0.9548789263 0.2524007559 0.2714849114 -0.2041110843 0.9405501485
-273.5 55.5 2407.9 0.9669783115 -0.1141391918 -0.2278711200 0.1696709394 0.9554745555 0.2414128482 0.1901703775 -0.2721040845 0.9432892203
-433.6 218.3 2327.5 0.1675371975 -0.3330905437 -0.9278911352 0.9856926799 0.0389611572 0.1639875472 -0.0184709877 -0.9420895576 0.3348523378
-475.2 -26.3 2332.1 -0.4483424723 -0.3330905437 -0.8294816017 0.8724221587 0.0389611572 -0.4871976674 0.1945984960 -0.9420895576 0.2731276155
-158.1 266.7 2381.7 0.5339521170 0.8192294240 0.2091847509 -0.3071455657 0.4184398651 -0.8547337055 -0.7877542377 0.3921366930 0.4750495255
-47.7 203.2 2218.8 -0.4388447404 0.8192294240 0.3691590428 0.8976258039 0.4184398651 0.1384772211 -0.0410262384 0.3921366930 -0.9189916849
-337.8 -147.5 2450.2 0.9486168623 0.2412658781 -0.2047359049 -0.2622480094 0.9615079761 -0.0820268542 0.1770649254 0.1315036416 0.9753741622
-432.3 -523.9 2398.7 0.9642534852 0.0362922549 -0.2624844611 -0.1275345832 0.9318603873 -0.3396632969 0.2322717309 0.3609973788 0.9031781554
-164.0 -115.8 2488.1 -0.7471646667 0.0019202706 0.6646361947 0.0310847051 0.9990025163 0.0320581943 -0.6639117002 0.0446127728 -0.7464790344
-164.7 -506.9 2470.6 -0.7566766143 -0.0620729364 0.6508359313 0.1245806888 0.9635531306 0.2367383987 -0.6418100595 0.2602159977 -0.7213650346
-355.0 -260.1 2280.0 0 0 0 0 0 0 0 0 0
-166.5 446.3 2207.7 0 0 0 0 0 0 0 0 0
-441.8 -767.9 2304.2 0 0 0 0 0 0 0 0 0
-148.6 -756.9 2403.1 0 0 0 0 0 0 0 0 0
-237.4 503.7 2297.2 28 0.9603884220 0.1932808161 -0.2007400542 -0.1352217793 0.9531039000 0.2707544863 0.2436577827 -0.2328850627 0.9414857626
-289.7 246.1 2360.1 0.9603884220 0.1932808161 -0.2007400542 -0.1352217793 0.9531039000 0.2707544863 0.2436577827 -0.2328850627 0.9414857626
-268.5 58.3 2411.3 0.9733345509 -0.1081602573 -0.2022899687 0.1556271166 0.9592264295 0.2359339744 0.1685232073 -0.2611244917 0.9504808784
-428.3 223.9 2336.2 0.1788161546 -0.2495889813 -0.9516985416 0.9834093451 0.0753343701 0.1650174409 0.0305090751 -0.9654170275 0.2589191496
-474.1 -28.1 2328.3 -0.4370840490 -0.2495889813 -0.8640965819 0.8808686733 0.0753343701 -0.4673276842 0.1817360073 -0.9654170275 0.1869276613
-151.0 268.3 2384.1 0.5048683882 0.8287301660 0.2414833754 -0.2454655170 0.4060412347 -0.8802710772 -0.8275594115 0.3851452172 0.4084220827
-47.7 218.1 2214.8 -0.4399396479 0.8287301660 0.3459182382 0.8980273008 0.4060412347 0.1693441272 -0.0001164850 0.3851452172 -0.9228559732
-338.6 -146.9 2444.0 0.9541715980 0.2389493734 -0.1801658571 -0.2561177313 0.9634423256 -0.0786293373 0.1547909826 0.1211695448 0.9804884791
-432.2 -524.2 2396.5 0.9707235098 0.0353722647 -0.2375808060 -0.1157833636 0.9355090261 -0.3337919414 0.2104520202 0.3515276015 0.9122161269
-163.9 -116.2 2478.3 -0.7624652982 0.0063845036 0.6469976306 0.0255707316 0.9994674325 0.0202716216 -0.6465236545 0.0320006087 -0.7622224689
-166.4 -507.6 2465.8 -0.7704764605 -0.0688214824 0.6337425709 0.1035658792 0.9674332738 0.2309695929 -0.6289992929 0.2435907423 -0.7382569909
-357.0 -264.2 2279.6 0 0 0 0 0 0 0 0 0
-166.7 461.0 2214.8 0 0 0 0 0 0 0 0 0
-441.4 -768.4 2304.8 0 0 0 0 0 0 0 0 0
-148.6 -758.2 2402.7 0 0 0 0 0 0 0 0 0
-237.7 502.6 2298.7 29 0.9552502632 0.1946984828 -0.2226868868 -0.1377846897 0.9590502977 0.2474630028 0.2617485821 -0.2057062536 0.9429594874
-291.1 239.6 2355.1 0.9552502632 0.1946984828 -0.2226868868 -0.1377846897 0.9590502977 0.2474630028 0.2617485821 -0.2057062536 0.9429594874
-269.3 52.1 2407.0 0.9683817625 -0.1114348546 -0.2232018262 0.1645248234 0.9578205347 0.2356084883 0.1875322908 -0.2648811936 0.9458697438
-429.0 216.2 2328.4 0.2171493471 -0.3584631681 -0.9079374075 0.9754919410 0.0458452106 0.2152060568 -0.0355188660 -0.9324175119 0.3596332073
-481.1 -17.8 2336.9 -0.4363946021 -0.3584631681 -0.8252659440 0.8747184873 0.0458452106 -0.4824580848 0.2107779533 -0.9324175119 0.2935477495
-153.1 263.1 2381.8 0.5147616267 0.8269599080 0.2261809707 -0.1882057041 0.3663831651 -0.9112310410 -0.8364204168 0.4264982045 0.3442385793
-47.4 224.5 2210.1 -0.4280290008 0.8269599080 0.3645936549 0.9020906687 0.3663831651 0.2280258238 0.0549872331 0.4264982045 -0.9028154016
-335.4 -143.6 2447.2 0.9485239387 0.2445085496 -0.2012906820 -0.2662002146 0.9598503709 -0.0884574354 0.1715803295 0.1374876201 0.9755292535
-431.1 -519.5 2393.4 0.9663399458 0.0371581651 -0.2545709610 -0.1200759038 0.9402673841 -0.3185576499 0.2275277525 0.3384028375 0.9130797386
-159.5 -115.4 2477.6 -0.7495763898 0.0182269607 0.6616668701 0.0306876097 0.9995028377 0.0072314460 -0.6612061262 0.0257254951 -0.7497630715
-166.6 -506.9 2467.5 -0.7581008077 -0.0702317134 0.6483445764 0.1117870808 0.9654737115 0.2352958024 -0.6424848437 0.2508544922 -0.7240754366
-364.2 -252.2 2280.5 0 0 0 0 0 0 0 0 0
-163.1 468.2 2225.0 0 0 0 0 0 0 0 0 0
-440.9 -768.2 2303.8 0 0 0 0 0 0 0 0 0
-148.4 -756.7 2402.6 0 0 0 0 0 0 0 0 0
-236.5 499.5 2299.5 30 0.9614086747 0.2011471987 -0.1877050102 -0.1496810913 0.9548603892 0.2565876544 0.2308439612 -0.2185896933 0.9481189847
-290.3 243.9 2358.0 0.9614086747 0.2011471987 -0.1877050102 -0.1496810913 0.9548603892 0.2565876544 0.2308439612 -0.2185896933 0.9481189847
-266.5 54.1 2398.3 0.9739335179 -0.1226803437 -0.1907956451 0.1576938182 0.9708067179 0.1807399392 0.1630524546 -0.2061159760 0.9648472071
-429.0 221.3 2334.8 0.1907752305 -0.2800543308 -0.9408370852 0.9814291596 0.0739839524 0.1769837141 0.0200417861 -0.9571290016 0.2889677882
-477.0 -25.3 2329.8 -0.4365506470 -0.2800543308 -0.8549813628 0.8781565428 0.0739839524 -0.4726177156 0.1956135333 -0.9571290016 0.2136337906
-151.6 266.5 2381.2 0.5123333335 0.8283982277 0.2264307588 -0.1858187020 0.3643502891 -0.9125350714 -0.8384425640 0.4254471064 0.3406006992
-46.1 228.2 2208.5 -0.4319047034 0.8283982277 0.3566716909 0.8991227746 0.3643502891 0.2425429970 0.0709687620 0.4254471064 -0.9021963477
-335.0 -150.4 2442.0 0.9573024511 0.2433130443 -0.1561113149 -0.2605584264 0.9601231217 -0.1013555229 0.1252249628 0.1377040148 0.9825254679
-430.3 -526.4 2388.0 0.9777849317 0.0417446680 -0.2054118663 -0.1051286682 0.9454678893 -0.3082830012 0.1813411564 0.3230291605 0.9288527966
-160.0 -120.6 2475.8 -0.7727420926 0.0165856816 0.6345034242 0.0276795924 0.9995880723 0.0075812619 -0.6341162920 0.0234211553 -0.7728828788
-166.5 -512.1 2466.7 -0.7806109786 -0.0738177076 0.6206427217 0.1013147980 0.9649235606 0.2421939075 -0.6167509556 0.2519395351 -0.7457510829
-360.0 -260.7 2277.4 0 0 0 0 0 0 0 0 0
-162.9 471.3 2227.7 0 0 0 0 0 0 0 0 0
-441.0 -768.8 2305.2 0 0 0 0 0 0 0 0 0
-147.6 -759.5 2402.1 0 0 0 0 0 0 0 0 0
-235.8 495.6 2299.4 31 0.9629554152 0.2195325345 -0.1565959752 -0.1700916886 0.9451062083 0.2790036798 0.2092502117 -0.2420324236 0.9474358559
-292.5 251.5 2361.9 0.9629554152 0.2195325345 -0.1565959752 -0.1700916886 0.9451062083 0.2790036798 0.2092502117 -0.2420324236 0.9474358559
-271.2 60.6 2398.8 0.9805427194 -0.1095914394 -0.1628671736 0.1372186244 0.9759439230 0.1694241166 0.1403817981 -0.1884759963 0.9719926715
-432.1 231.9 2341.9 0.1834327132 -0.2597094178 -0.9481052160 0.9821863770 0.0884224772 0.1658053994 0.0407725833 -0.9616301060 0.2713026106
-479.5 -22.0 2331.4 -0.4254272878 -0.2597094178 -0.8669271469 0.8834837675 0.0884224772 -0.4600412548 0.1961328834 -0.9616301060 0.1918317080
-152.8 271.2 2381.8 0.5174962878 0.8269258142 0.2199801356 -0.1943938285 0.3639717102 -0.9108982682 -0.8333118558 0.4286236763 0.3491032720
-45.1 230.7 2208.3 -0.4333617985 0.8269258142 0.3583171964 0.8982325196 0.3639717102 0.2463796288 0.0733203664 0.4286236763 -0.9005030990
-330.7 -150.0 2423.9 0.9592373371 0.2568058074 -0.1179600209 -0.2648302317 0.9625461698 -0.0580502078 0.0986343324 0.0869233012 0.9913201332
-431.1 -526.5 2389.9 0.9823986888 0.0380322672 -0.1828835607 -0.0953087881 0.9440796375 -0.3156420290 0.1606520563 0.3275167346 0.9310873747
-154.7 -121.4 2453.3 -0.7895489335 0.0303050689 0.6129388809 0.0018241409 0.9988914728 -0.0470376834 -0.6136848927 -0.0360204689 -0.7887289524
-166.6 -511.9 2467.4 -0.8005712032 -0.0782153383 0.5941112041 0.0935479105 0.9629765749 0.2528336644 -0.5918906331 0.2579891980 -0.7636144757
-365.5 -258.8 2278.8 0 0 0 0 0 0 0 0 0
-162.3 473.7 2228.1 0 0 0 0 0 0 0 0 0
-440.9 -768.4 2306.0 0 0 0 0 0 0 0 0 0
-146.4 -760.4 2400.8 0 0 0 0 0 0 0 0 0
-233.1 493.5 2296.3 32 0.9602328539 0.2327591330 -0.1541947424 -0.1808014214 0.9392216802 0.2918449640 0.2127526253 -0.2523604929 0.9439547062
-293.0 251.5 2361.4 0.9602328539 0.2327591330 -0.1541947424 -0.1808014214 0.9392216802 0.2918449640 0.2127526253 -0.2523604929 0.9439547062
-272.5 60.1 2397.2 0.9810464978 -0.1053214818 -0.1626503468 0.1322362125 0.9774438739 0.1646724641 0.1416380405 -0.1830596030 0.9728452563
-432.8 232.6 2341.2 0.1919664890 -0.3083690405 -0.9316959977 0.9810262918 0.0865434855 0.1734866798 0.0271343011 -0.9473218918 0.3191315830
-481.2 -14.9 2334.4 -0.4168961048 -0.3083690405 -0.8550474644 0.8828288317 0.0865434855 -0.4616529942 0.2163582742 -0.9473218918 0.2361574322
-153.3 270.3 2381.5 0.5182537436 0.8307003379 0.2033469975 -0.1911706328 0.3442773223 -0.9191990495 -0.8335866928 0.4375044107 0.3372285068
-45.5 230.6 2208.2 -0.4134119451 0.8307003379 0.3728639781 0.9078034163 0.3442773223 0.2395122647 0.0705943182 0.4375044107 -0.8964409232
-338.4 -142.8 2423.0 0.9645361304 0.2377630919 -0.1146245599 -0.2443609089 0.9685336351 -0.0472269133 0.0997889191 0.0735618249 0.9922856688
-431.5 -521.8 2394.2 0.9833146334 0.0319120660 -0.1790919304 -0.0902824104 0.9403012991 -0.3281502426 0.1579284072 0.3388437927 0.9274930954
-161.3 -117.9 2448.3 -0.7898766994 0.0084408931 0.6132075787 -0.0221889336 0.9988572001 -0.0423311256 -0.6128641367 -0.0470427945 -0.7887867093
-164.6 -508.6 2466.7 -0.8044121265 -0.0695360973 0.5899879932 0.0964697525 0.9646545053 0.2452249080 -0.5861865282 0.2541778982 -0.7692716718
-369.5 -251.5 2276.4 0 0 0 0 0 0 0 0 0
-154.7 470.3 2226.8 0 0 0 0 0 0 0 0 0
-439.9 -768.1 2305.5 0 0 0 0 0 0 0 0 0
-146.4 -761.3 2400.2 0 0 0 0 0 0 0 0 0
-234.9 493.8 2294.8 33 0.9646114707 0.2092937380 -0.1603772938 -0.1557993889 0.9431161880 0.2936977446 0.2127235234 -0.2583175302 0.9423485398
-289.0 250.0 2361.6 0.9646114707 0.2092937380 -0.1603772938 -0.1557993889 0.9431161880 0.2936977446 0.2127235234 -0.2583175302 0.9423485398
-270.3 57.9 2394.6 0.9810135365 -0.0954455212 -0.1688270271 0.1214173660 0.9810663462 0.1508863419 0.1512290835 -0.1685200781 0.9740281105
-428.7 232.7 2340.1 0.2415362298 -0.3526138365 -0.9040595889 0.9703910351 0.0865786001 0.2254893035 -0.0012384327 -0.9317551255 0.3630851507
-489.0 -9.2 2340.4 -0.4416682720 -0.3526138365 -0.8249803782 0.8624272943 0.0865786001 -0.4987216890 0.2472818047 -0.9317551255 0.2658647597
-149.2 267.3 2383.1 0.5001099706 0.8362122774 0.2250312567 -0.1717281044 0.3504709899 -0.9206951261 -0.8487634659 0.4218046367 0.3188751936
-44.4 231.4 2205.4 -0.4203146696 0.8362122774 0.3522565067 0.9036246538 0.3504709899 0.2462369204 0.0824506432 0.4218046367 -0.9029300809
-340.6 -143.2 2420.3 0.9652264714 0.2326962054 -0.1191234067 -0.2395721227 0.9697458148 -0.0468857102 0.1046092957 0.0737939775 0.9917718172
-431.7 -522.9 2391.4 0.9831782579 0.0330395848 -0.1796355397 -0.0896698534 0.9441336989 -0.3171291351 0.1591221541 0.3279023468 0.9312143922
-163.3 -119.2 2445.8 -0.7854180336 0.0017783273 0.6189631224 -0.0261928719 0.9990046024 -0.0361070149 -0.6184112430 -0.0445715226 -0.7845896482
-164.0 -510.3 2463.3 -0.7995478511 -0.0654156134 0.5970293283 0.0936933607 0.9682958722 0.2315698713 -0.5932493210 0.2410888821 -0.7680699229
-370.7 -240.2 2274.1 0 0 0 0 0 0 0 0 0
-154.1 467.0 2226.9 0 0 0 0 0 0 0 0 0
-440.3 -768.0 2306.2 0 0 0 0 0 0 0 0 0
-147.0 -761.3 2400.8 0 0 0 0 0 0 0 0 0
-234.4 492.0 2295.5 34 0.9632042646 0.2255317569 -0.1461951286 -0.1757655889 0.9400689006 0.2921932638 0.2033323646 -0.2557457089 0.9451190829
-291.9 252.3 2360.8 0.9632042646 0.2255317569 -0.1461951286 -0.1757655889 0.9400689006 0.2921932638 0.2033323646 -0.2557457089 0.9451190829
-272.4 60.6 2395.9 0.9829196334 -0.0997129977 -0.1546813548 0.1249032244 0.9787255526 0.1627744734 0.1351598650 -0.1793144196 0.9744629860
-432.0 234.5 2341.5 0.2441294491 -0.3781641722 -0.8929684758 0.9696784019 0.0845975801 0.2292749286 -0.0111605953 -0.9218650460 0.3873504102
-492.0 -4.0 2344.3 -0.4577345848 -0.3781641722 -0.8046557903 0.8484797478 0.0845975801 -0.5224225521 0.2656334341 -0.9218650460 0.2821414173
-151.9 270.1 2380.0 0.5184112191 0.8308570981 0.2023022920 -0.1801664680 0.3373870254 -0.9239643216 -0.8359364867 0.4425453842 0.3245978355
-43.7 232.5 2205.6 -0.4167398512 0.8308570981 0.3687876463 0.9042533636 0.3373870254 0.2617170215 0.0930252895 0.4425453842 -0.8919079900
-340.3 -145.1 2413.9 0.9668737650 0.2325850427 -0.1051631123 -0.2376211286 0.9706131220 -0.0380318575 0.0932270512 0.0617609806 0.9937275052
-431.4 -525.2 2389.7 0.9852296710 0.0314559750 -0.1683242619 -0.0846354961 0.9439755678 -0.3189779520 0.1488602161 0.3285127580 0.9326950312
-163.0 -123.1 2441.2 -0.7944192290 0.0050460151 0.6073488593 -0.0317205153 0.9982561469 -0.0497845709 -0.6065409184 -0.0588152371 -0.7928737998
-165.0 -514.0 2464.2 -0.8095660806 -0.0669913292 0.5831937194 0.0922638252 0.9665991068 0.2391099334 -0.5797328353 0.2473829836 -0.7763449550
-369.4 -231.3 2273.1 0 0 0 0 0 0 0 0 0
-151.7 466.9 2229.7 0 0 0 0 0 0 0 0 0
-439.5 -768.5 2305.1 0 0 0 0 0 0 0 0 0
-148.0 -759.3 2401.5 0 0 0 0 0 0 0 0 0
-238.2 507.4 2309.9 35 0.9667091966 0.2015720308 -0.1576134115 -0.1684500873 0.9650052190 0.2009715289 0.1926079988 -0.1677310318 0.9668342471
-294.4 238.3 2356.7 0.9667091966 0.2015720308 -0.1576134115 -0.1684500873 0.9650052190 0.2009715289 0.1926079988 -0.1677310318 0.9668342471
-268.9 47.1 2390.2 0.9785533547 -0.1303581148 -0.1594996154 0.1544748098 0.9766134620 0.1495447904 0.1362750977 -0.1709762365 0.9758054018
-433.8 216.3 2337.3 0.2467685789 -0.3872551322 -0.8883348107 0.9687650800 0.0754188821 0.2362334728 -0.0244854037 -0.9188827276 0.3937702477
-490.3 -5.6 2342.9 -0.4721518159 -0.3872551322 -0.7919003367 0.8398183584 0.0754188821 -0.5376031399 0.2679138184 -0.9188827276 0.2896147966
-155.0 260.3 2376.1 0.5437792540 0.8151704669 0.1995024681 -0.1415221244 0.3233876526 -0.9356238246 -0.8272095323 0.4805388153 0.2912161350
-41.2 230.7 2203.0 -0.4206752181 0.8151704669 0.3981575966 0.9008331299 0.3233876526 0.2896896303 0.1073871776 0.4805388153 -0.8703737259
-341.7 -142.3 2418.8 0.9675942063 0.2313264310 -0.1012400687 -0.2361718416 0.9709419608 -0.0386602916 0.0893550813 0.0613175295 0.9941105843
-432.3 -522.6 2394.8 0.9857020378 0.0267209616 -0.1663654447 -0.0811985359 0.9404679537 -0.3300406337 0.1476423591 0.3388303518 0.9291908741
-164.1 -119.7 2443.2 -0.7931932807 0.0062403185 0.6089379787 -0.0484067164 0.9961372614 -0.0732621327 -0.6070430279 -0.0875877216 -0.7898272872
-166.5 -509.7 2477.5 -0.8157156110 -0.0726454854 0.5738733411 0.1077311859 0.9556466937 0.2741047740 -0.5683326721 0.2854156196 -0.7717097402
-363.8 -230.6 2271.1 0 0 0 0 0 0 0 0 0
-147.4 457.9 2230.1 0 0 0 0 0 0 0 0 0
-439.3 -768.0 2306.3 0 0 0 0 0 0 0 0 0
-147.4 -760.9 2402.5 0 0 0 0 0 0 0 0 0
-239.7 509.0 2305.1 36 0.9690998793 0.1974517703 -0.1478454620 -0.1644991040 0.9639535546 0.2091256827 0.1838084012 -0.1783432215 0.9666479230
-295.7 235.5 2355.7 0.9690998793 0.1974517703 -0.1478454620 -0.1644991040 0.9639535546 0.2091256827 0.1838084012 -0.1783432215 0.9666479230
-271.0 45.2 2394.1 0.9807547927 -0.1261397749 -0.1490263194 0.1519693732 0.9723962545 0.1770616472 0.1225781143 -0.1963014901 0.9728516340
-435.4 213.9 2338.2 0.1902542710 -0.3057979941 -0.9328938127 0.9812560678 0.0889062211 0.1709742397 0.0306564867 -0.9479362965 0.3169809282
-481.4 -23.0 2330.8 -0.4746534824 -0.3057979941 -0.8253433704 0.8488460183 0.0889062211 -0.5211104751 0.2327326983 -0.9479362965 0.2173757553
-156.0 257.2 2373.2 0.5595676303 0.8025069833 0.2070424855 -0.1240282506 0.3280860484 -0.9364702702 -0.8194516897 0.4983393550 0.2831198573
-42.6 232.0 2207.1 -0.4164836705 0.8025069833 0.4272281528 0.9061150551 0.3280860484 0.2670488656 0.0741409883 0.4983393550 -0.8638061285
-331.8 -158.0 2411.3 0.9616345763 0.2570205331 -0.0959132165 -0.2606571615 0.9650447369 -0.0273227356 0.0855380371 0.0512749553 0.9950146079
-432.4 -535.8 2391.2 0.9844200611 0.0271952879 -0.1737168133 -0.0854142904 0.9375299215 -0.3372566104 0.1536929160 0.3468400836 0.9252461791
-154.9 -130.1 2436.0 -0.7988358140 0.0256706458 0.6010010839 -0.0306759607 0.9960507154 -0.0833181888 -0.6007664204 -0.0849938393 -0.7948935628
-165.0 -520.1 2469.2 -0.8155742884 -0.0752333701 0.5737408400 0.0952023268 0.9605551362 0.2612858713 -0.5707671046 0.2677194774 -0.7762416601
-354.2 -250.4 2268.5 0 0 0 0 0 0 0 0 0
-148.4 462.2 2226.0 0 0 0 0 0 0 0 0 0
-439.2 -768.9 2305.0 0 0 0 0 0 0 0 0 0
-146.0 -763.1 2401.5 0 0 0 0 0 0 0 0 0
-239.2 507.8 2308.7 37 0.9697781801 0.1959479600 -0.1453775316 -0.1664254367 0.9669551849 0.1931325793 0.1784174889 -0.1631012410 0.9703428149
-294.9 233.2 2355.0 0.9697781801 0.1959479600 -0.1453775316 -0.1664254367 0.9669551849 0.1931325793 0.1784174889 -0.1631012410 0.9703428149
-272.9 43.2 2396.3 0.9830185175 -0.1120270640 -0.1453427672 0.1393392384 0.9710682631 0.1939355284 0.1194117144 -0.2108941674 0.9701878428
-434.9 213.4 2338.0 0.1804244369 -0.2766655982 -0.9438766837 0.9828277826 0.0884542018 0.1619426757 0.0386858918 -0.9568865895 0.2878739238
-479.1 -27.2 2328.5 -0.4712946117 -0.2766655982 -0.8374589682 0.8552865982 0.0884542018 -0.5105494261 0.2153282315 -0.9568865895 0.1949403882
-154.8 253.1 2372.0 0.5509868860 0.8084726334 0.2068463862 -0.1035297289 0.3121720254 -0.9443676472 -0.8280670643 0.4989193976 0.2557036579
-43.2 232.1 2204.4 -0.4084426761 0.8084726334 0.4237293303 0.9079562426 0.3121720254 0.2795783281 0.0937549844 0.4989193976 -0.8615621924
-334.9 -158.8 2421.5 0.9609997869 0.2573971748 -0.1011240855 -0.2617643476 0.9645889401 -0.0323662460 0.0892121941 0.0575746372 0.9943472147
-435.7 -536.6 2398.9 0.9825929403 0.0168934874 -0.1850020736 -0.0853377655 0.9256116748 -0.3687281609 0.1650109738 0.3780973554 0.9109411240
-157.6 -131.4 2443.6 -0.7998178601 0.0166157763 0.6000127792 -0.0266649500 0.9976463914 -0.0631716102 -0.5996502042 -0.0665250942 -0.7974923253
-164.1 -522.0 2469.7 -0.8164018989 -0.0694333464 0.5732948184 0.1023970395 0.9596093297 0.2620397508 -0.5683333278 0.2726334333 -0.7763171196
-352.8 -256.4 2270.8 0 0 0 0 0 0 0 0 0
-147.4 463.7 2228.3 0 0 0 0 0 0 0 0 0
-439.9 -768.0 2304.4 0 0 0 0 0 0 0 0 0
-146.8 -761.3 2401.7 0 0 0 0 0 0 0 0 0
-240.8 513.2 2309.5 38 0.9739379287 0.1698910594 -0.1502728164 -0.1394774020 0.9710626602 0.1938643306 0.1788601428 -0.1678521782 0.9694507122
-288.8 238.4 2357.0 0.9739379287 0.1698910594 -0.1502728164 -0.1394774020 0.9710626602 0.1938643306 0.1788601428 -0.1678521782 0.9694507122
-275.0 47.9 2399.1 0.9861853719 -0.0706749707 -0.1498114765 0.1006265283 0.9740135670 0.2029085308 0.1315778643 -0.2151804268 0.9676697254
-429.2 224.1 2338.2 0.1768950224 -0.2142301202 -0.9606319070 0.9825149775 0.0960250348 0.1595101655 0.0580728278 -0.9720517993 0.2274706662
-475.0 -30.3 2323.2 -0.4591023624 -0.2142301202 -0.8621661663 0.8684844375 0.0960250348 -0.4863270521 0.1869754344 -0.9720517993 0.1419702023
-148.4 252.8 2375.7 0.5240299106 0.8267412782 0.2046742588 -0.0987580493 0.2976743877 -0.9495455623 -0.8459547758 0.4773770571 0.2376376390
-43.2 232.9 2205.8 -0.3959843218 0.8267412782 0.3996189535 0.9106526375 0.2976743877 0.2865340710 0.1179332212 0.4773770571 -0.8707484603
-339.8 -159.5 2426.8 0.9625872970 0.2447999120 -0.1161838174 -0.2496893406 0.9678809047 -0.0293554123 0.1052659005 0.0572670102 0.9927937984
-435.7 -538.6 2404.4 0.9798853397 0.0136615103 -0.1990930885 -0.0916549638 0.9170154333 -0.3881779313 0.1772683263 0.3986177444 0.8998221159
-162.1 -134.4 2448.4 -0.7935250998 0.0018752448 0.6085346341 -0.0289884396 0.9987435341 -0.0408784337 -0.6078466773 -0.0500785336 -0.7924736738
-162.8 -525.4 2468.0 -0.8105992079 -0.0649435967 0.5819890499 0.1065768823 0.9608731866 0.2556640506 -0.5758214593 0.2692676783 -0.7719615102
-352.0 -263.0 2273.1 0 0 0 0 0 0 0 0 0
-144.3 465.6 2236.0 0 0 0 0 0 0 0 0 0
-439.1 -770.9 2303.4 0 0 0 0 0 0 0 0 0
-146.9 -761.0 2402.0 0 0 0 0 0 0 0 0 0
-242.2 513.5 2309.4 39 0.9779741764 0.1519748718 -0.1430737972 -0.1222878844 0.9726849794 0.1973057687 0.1691512465 -0.1754637510 0.9698455334
-284.6 242.3 2358.3 0.9779741764 0.1519748718 -0.1430737972 -0.1222878844 0.9726849794 0.1973057687 0.1691512465 -0.1754637510 0.9698455334
-271.9 50.6 2395.3 0.9874749780 -0.0646747947 -0.1439107955 0.0901973471 0.9797813296 0.1785861105 0.1294510961 -0.1893296987 0.9733430147
-425.3 229.5 2339.9 0.2219135910 -0.2583830953 -0.9402087927 0.9744392037 0.0933448225 0.2043403387 0.0349655338 -0.9615221620 0.2724930942
-481.5 -17.5 2331.0 -0.4408975542 -0.2583830953 -0.8595623970 0.8742188811 0.0933448225 -0.4764746428 0.2033486962 -0.9615221620 0.1847278774
-143.9 255.2 2376.7 0.5062927604 0.8350698948 0.2152345926 -0.1086296290 0.3093573451 -0.9447209239 -0.8554924130 0.4549244940 0.2473387122
-43.2 233.6 2206.6 -0.4035231471 0.8350698948 0.3739349544 0.9064887762 0.3093573451 0.2873606086 0.1242866665 0.4549244940 -0.8818143606
-350.2 -151.8 2429.2 0.9707370996 0.2125619799 -0.1117445976 -0.2195281535 0.9741044044 -0.0541106313 0.0973490477 0.0770582855 0.9922626615
-433.4 -533.0 2399.1 0.9844732285 0.0251122452 -0.1737293601 -0.0875730589 0.9280132651 -0.3621082604 0.1521297991 0.3716998696 0.9158033133
-172.1 -133.6 2453.1 -0.7962038517 -0.0244274028 0.6045351028 -0.0445255898 0.9988409281 -0.0182824079 -0.6033878326 -0.0414738059 -0.7963686585
-162.5 -524.6 2469.3 -0.8162473440 -0.0630226582 0.5742546916 0.1076660976 0.9600205421 0.2583961785 -0.5675811172 0.2727429271 -0.7768287659
-363.4 -251.7 2276.5 0 0 0 0 0 0 0 0 0
-146.4 465.5 2238.4 0 0 0 0 0 0 0 0 0
-439.9 -773.6 2302.7 0 0 0 0 0 0 0 0 0
-147.0 -761.7 2401.9 0 0 0 0 0 0 0 0 0
-241.7 508.7 2309.3 40 0.9750029445 0.1735201329 -0.1387805343 -0.1455732882 0.9707347155 0.1910040379 0.1678621322 -0.1660267562 0.9717290998
-289.8 239.5 2355.4 0.9750029445 0.1735201329 -0.1387805343 -0.1455732882 0.9707347155 0.1910040379 0.1678621322 -0.1660267562 0.9717290998
-273.7 50.2 2401.7 0.9871124029 -0.0823563710 -0.1372096688 0.1119586974 0.9680417180 0.2244114429 0.1143429726 -0.2368811369 0.9647865295
-430.5 223.6 2339.2 0.2430378199 -0.3417335749 -0.9078274965 0.9700158834 0.0843151212 0.2279477417 -0.0013538086 -0.9360070229 0.3519787490
-488.2 -7.0 2339.5 -0.4500955939 -0.3417335749 -0.8250043392 0.8596302867 0.0843151212 -0.5039114356 0.2417637855 -0.9360070229 0.2558146715
-149.2 255.4 2371.6 0.5416410565 0.8177007437 0.1949114352 -0.0991614535 0.2924028337 -0.9511401653 -0.8347406387 0.4958488643 0.2394617796
-43.9 236.1 2209.2 -0.4041317403 0.8177007437 0.4099305570 0.9050148129 0.2924028337 0.3089479208 0.1327620894 0.4958488643 -0.8582004905
-348.5 -149.3 2420.7 0.9709725380 0.2137090713 -0.1074280664 -0.2186692655 0.9751125574 -0.0365961790 0.0969335213 0.0590251014 0.9935390949
-432.2 -531.0 2397.6 0.9845638275 0.0318913944 -0.1720959544 -0.0925449654 0.9294249415 -0.3572179973 0.1485580802 0.3676305413 0.9180295467
-170.1 -133.0 2444.1 -0.8024169207 -0.0175726451 0.5965051055 -0.0478045084 0.9982468486 -0.0348987915 -0.5948460698 -0.0565190129 -0.8018501997
-163.2 -523.8 2466.2 -0.8211736083 -0.0621139854 0.5672881007 0.0986376330 0.9636494517 0.2482948750 -0.5620894432 0.2598491311 -0.7851967216
-367.7 -237.3 2274.7 0 0 0 0 0 0 0 0 0
-147.3 467.7 2243.2 0 0 0 0 0 0 0 0 0
-440.4 -770.9 2302.7 0 0 0 0 0 0 0 0 0
-147.9 -761.2 2402.2 0 0 0 0 0 0 0 0 0
-239.3 503.5 2302.8 41 0.9733597040 0.1927671582 -0.1241438165 -0.1633122563 0.9629215002 0.2147354484 0.1609347016 -0.1887406260 0.9687502384
-292.3 239.1 2354.6 0.9733597040 0.1927671582 -0.1241438165 -0.1633122563 0.9629215002 0.2147354484 0.1609347016 -0.1887406260 0.9687502384
-274.5 49.2 2398.3 0.9880719185 -0.0908721313 -0.1243226007 0.1158499867 0.9705219865 0.2113430947 0.1014526188 -0.2232249528 0.9694730639
-433.0 222.6 2340.2 0.2097381949 -0.3151284754 -0.9255830050 0.9774750471 0.0903339982 0.1907414347 0.0235035587 -0.9447400570 0.3269767165
-483.8 -14.1 2334.5 -0.4791611433 -0.3151284754 -0.8192061186 0.8441231251 0.0903339982 -0.5284845829 0.2405427098 -0.9447400570 0.2227226794
-151.5 255.6 2369.0 0.5618297458 0.8061259389 0.1857641190 -0.0945589095 0.2856633365 -0.9536535144 -0.8218308687 0.5182253122 0.2367205471
-43.7 237.5 2211.4 -0.4059895873 0.8061259389 0.4305036962 0.9041253924 0.2856633365 0.3177321851 0.1331530362 0.5182253122 -0.8448152542
-346.7 -149.1 2437.7 0.9702091217 0.2207511365 -0.0998159721 -0.2291068584 0.9699609876 -0.0817661881 0.0787676200 0.1021988168 0.9916405678
-433.1 -528.6 2397.7 0.9870292544 0.0286826231 -0.1579572707 -0.0833759829 0.9323987961 -0.3516830206 0.1371919811 0.3602912724 0.9226963520
-168.4 -129.0 2458.3 -0.8111453652 -0.0156829339 0.5846343040 -0.0235170834 0.9997065663 -0.0058112242 -0.5843715668 -0.0184626412 -0.8112761378
-162.2 -520.2 2465.5 -0.8244546652 -0.0552817285 0.5632214546 0.0976344645 0.9664010406 0.2377741635 -0.5574423671 0.2510238588 -0.7913564444
-355.5 -240.2 2270.1 0 0 0 0 0 0 0 0 0
-147.7 469.0 2245.5 0 0 0 0 0 0 0 0 0
-440.5 -769.3 2304.7 0 0 0 0 0 0 0 0 0
-148.5 -759.4 2403.4 0 0 0 0 0 0 0 0 0
