38.8 470.7 1979.6 7 0.7256311774 0.2223141193 -0.6511803269 -0.1784636378 0.9747893214 0.1339270324 0.6645375490 0.0190303754 0.7470125556
-6.0 273.9 1975.8 0.7256311774 0.2223141193 -0.6511803269 -0.1784636378 0.9747893214 0.1339270324 0.6645375490 0.0190303754 0.7470125556
-40.8 79.4 1978.2 0.7326194048 0.1927306056 -0.6527815461 -0.1455292106 0.9812487364 0.1263809353 0.6648985147 0.0024096491 0.7469298244
-105.4 294.9 1885.3 0.2138237953 -0.9128721356 -0.3477697670 0.9434879422 0.2852603197 -0.1686921716 0.2531993091 -0.2920461893 0.9222792983
-172.0 1.0 1806.4 -0.1474327147 -0.9128721356 -0.3806941211 0.4367330968 0.2852603197 -0.8531651497 0.8874276280 -0.2920461893 0.3566247821
93.3 252.9 2066.3 0.0397712290 0.7774146795 -0.6277297735 -0.9833213091 0.1420342326 0.1136023775 0.1774752736 0.6127419472 0.7700972557
107.5 -99.3 2129.9 0.3502463996 0.7550053000 -0.5543414950 -0.9294353127 0.2067905813 -0.3055939376 -0.1160924360 0.6222577095 0.7741562128
-143.1 -103.6 1912.6 0.6344357133 -0.1159202233 -0.7642341852 0.0062485924 0.9894279242 -0.1448906511 0.7729504108 0.0871484056 0.6284527183
-97.0 -497.7 1877.9 0.6182010770 0.3080630600 -0.7231352329 -0.0458872616 0.9325716496 0.3580565751 0.7846794128 -0.1881682575 0.5906529427
-16.7 -128.7 2044.0 0.6084850430 -0.0873629525 -0.7887418270 0.0344783589 0.9958935976 -0.0837088078 0.7928159833 0.0237410367 0.6089984775
18.0 -524.7 2034.6 0.6084850430 0.4155439734 -0.6760689020 0.0344783589 0.8372905254 0.5456700921 0.7928159833 -0.3553418517 0.4951514900
-129.2 -125.8 1548.8 0 0 0 0 0 0 0 0 0
203.7 -354.7 2098.0 0 0 0 0 0 0 0 0 0
-214.7 -854.0 1949.8 0 0 0 0 0 0 0 0 0
-140.7 -844.6 2170.3 0 0 0 0 0 0 0 0 0
38.8 470.4 1980.2 8 0.7205852866 0.2210718989 -0.6571788788 -0.1761750281 0.9750798345 0.1348394305 0.6706110835 0.0186151918 0.7415755391
-5.8 273.6 1976.4 0.7205852866 0.2210718989 -0.6571788788 -0.1761750281 0.9750798345 0.1348394305 0.6706110835 0.0186151918 0.7415755391
-40.4 79.1 1978.9 0.7272837162 0.1925144643 -0.6587841511 -0.1444897056 0.9812905788 0.1272459477 0.6709553599 0.0026436201 0.7414930463
-104.4 294.5 1885.1 0.2172497362 -0.9138205647 -0.3431247175 0.9440628290 0.2860482335 -0.1640784144 0.2480884492 -0.2882853150 0.9248479605
-171.8 1.6 1808.1 -0.1433026940 -0.9138205647 -0.3799951971 0.4370781183 0.2860482335 -0.8527245522 0.8879341483 -0.2882853150 0.3584194779
92.9 252.8 2067.8 0.0385354832 0.7724406123 -0.6339167953 -0.9830749035 0.1430128962 0.1145035177 0.1791054457 0.6187752485 0.7648780346
106.7 -99.4 2132.0 0.3513480425 0.7499429584 -0.5604820848 -0.9295179248 0.2077773213 -0.3046719432 -0.1120310947 0.6280240417 0.7700875401
-146.1 -102.4 1916.3 0.6282371879 -0.1241665408 -0.7680499554 0.0071551260 0.9880632758 -0.1538822949 0.7779889703 0.0911790878 0.6216264963
-96.7 -495.6 1880.0 0.6113160849 0.3077689111 -0.7290891409 -0.0474321768 0.9338735342 0.3544438779 0.7899638414 -0.1820949614 0.5854900479
-12.0 -129.0 2038.5 0.6072000265 -0.0776042491 -0.7907500863 0.0385981053 0.9969247580 -0.0681995824 0.7936109304 0.0108893355 0.6083281636
18.8 -525.4 2034.2 0.6072000265 0.4137507975 -0.6783202887 0.0385981053 0.8373492956 0.5453039408 0.7936109304 -0.3572904468 0.4924685359
-130.0 -125.8 1549.3 0 0 0 0 0 0 0 0 0
203.2 -354.7 2101.2 0 0 0 0 0 0 0 0 0
-214.3 -852.5 1949.6 0 0 0 0 0 0 0 0 0
-139.3 -845.4 2170.8 0 0 0 0 0 0 0 0 0
41.1 470.9 1980.5 9 0.7052455544 0.2333265692 -0.6694680452 -0.1832154691 0.9721965790 0.1458283067 0.6848801374 0.0198121313 0.7283863425
-6.1 274.0 1976.5 0.7052455544 0.2333265692 -0.6694680452 -0.1832154691 0.9721965790 0.1458283067 0.6848801374 0.0198121313 0.7283863425
-42.8 79.8 1978.9 0.7127717137 0.2023564279 -0.6715715528 -0.1495042890 0.9793068171 0.1364063174 0.6852772236 0.0031762531 0.7282753587
-102.8 295.5 1883.1 0.2259495109 -0.9116581678 -0.3432582021 0.9456465840 0.2898722887 -0.1473993957 0.2338789105 -0.2912961245 0.9276029468
-173.3 0.3 1810.1 -0.1466831714 -0.9116581678 -0.3838794231 0.4326131940 0.2898722887 -0.8537094593 0.8895672560 -0.2912961245 0.3518759608
90.5 252.4 2069.8 0.0251327883 0.7618311644 -0.6472879052 -0.9827941656 0.1373490393 0.1234943867 0.1829862446 0.6330470443 0.7521751523
99.5 -99.6 2135.4 0.3440017402 0.7398171425 -0.5782156587 -0.9333847165 0.2023678720 -0.2963785827 -0.1022536829 0.6416524053 0.7601489425
-145.3 -102.8 1916.6 0.6134294868 -0.1197042093 -0.7806248665 0.0018203332 0.9886578321 -0.1501743942 0.7897474170 0.0907004029 0.6066898108
-97.7 -496.0 1880.5 0.6040912867 0.2964175045 -0.7397366762 -0.0286867116 0.9357370734 0.3515297771 0.7963986397 -0.1911354512 0.5737738609
-12.0 -129.2 2039.8 0.6122765541 -0.0775794014 -0.7868283987 0.0379789732 0.9969114661 -0.0687394664 0.7897310257 0.0122046294 0.6133318543
18.8 -525.6 2035.0 0.6122765541 0.4116452336 -0.6750301123 0.0379789732 0.8374745250 0.5451549888 0.7897310257 -0.3594225645 0.4971321523
-130.4 -126.3 1549.9 0 0 0 0 0 0 0 0 0
194.0 -356.1 2107.3 0 0 0 0 0 0 0 0 0
-211.0 -853.7 1953.5 0 0 0 0 0 0 0 0 0
-138.6 -845.7 2172.4 0 0 0 0 0 0 0 0 0
43.3 471.0 1974.6 0 0.7508541942 0.2422293574 -0.6144452095 -0.1912642866 0.9702014923 0.1487515569 0.6321676970 0.0058307047 0.7748096585
-5.7 274.5 1973.5 0.7508541942 0.2422293574 -0.6144452095 -0.1912642866 0.9702014923 0.1487515569 0.6321676970 0.0058307047 0.7748096585
-43.7 80.6 1977.3 0.7583893538 0.2096536160 -0.6171635985 -0.1587818414 0.9777577519 0.1370333135 0.6321660280 -0.0059302375 0.7748102546
-108.5 297.3 1887.4 0.2061556727 -0.9189968705 -0.3360723555 0.9474255443 0.2733548880 -0.1663187444 0.2447134256 -0.2841159999 0.9270347357
-172.8 2.1 1811.1 -0.1416096240 -0.9189968705 -0.3679558635 0.4436820447 0.2733548880 -0.8534771800 0.8849253654 -0.2841159999 0.3690327406
97.1 251.7 2059.5 0.0304295085 0.8058427572 -0.5913472176 -0.9840158820 0.1280067563 0.1238023862 0.1754616946 0.5781278014 0.7968572378
108.0 -100.8 2122.4 0.3286432922 0.7849987745 -0.5251385570 -0.9352667928 0.1931336075 -0.2966065109 -0.1314138472 0.5886223912 0.7976553440
-148.4 -101.2 1915.2 0.5393893123 -0.1329621971 -0.8314927816 -0.0029182611 0.9871537089 -0.1597466767 0.8420514464 0.0885921642 0.5320721269
-95.5 -493.8 1880.0 0.5393893123 0.3119643629 -0.7821364403 -0.0029182611 0.9295277596 0.3687405884 0.8420514464 -0.1966122538 0.5022877455
-17.7 -128.6 2041.0 0.6525241733 -0.0975288749 -0.7514654398 0.0437231287 0.9948765039 -0.0911536068 0.7565054297 0.0266235154 0.6534452438
21.1 -524.0 2030.5 0.6525241733 0.4024747014 -0.6420485377 0.0437231287 0.8258801103 0.5621479750 0.7565054297 -0.3948875070 0.5213093162
-131.3 -127.9 1551.9 0 0 0 0 0 0 0 0 0
198.3 -357.7 2086.3 0 0 0 0 0 0 0 0 0
-214.7 -849.0 1955.2 0 0 0 0 0 0 0 0 0
-132.7 -839.5 2181.3 0 0 0 0 0 0 0 0 0
46.6 470.9 1977.2 1 0.7446704507 0.2486580759 -0.6193827987 -0.2020634711 0.9684501290 0.1458584815 0.6361102462 0.0165381357 0.7714209557
-3.8 274.6 1973.9 0.7446704507 0.2486580759 -0.6193827987 -0.2020634711 0.9684501290 0.1458584815 0.6361102462 0.0165381357 0.7714209557
-43.6 81.1 1975.8 0.7520244718 0.2190776020 -0.6216624379 -0.1714965552 0.9756990075 0.1363830119 0.6364338994 0.0040496155 0.7713205814
-105.7 299.1 1887.2 0.2187099457 -0.9136405587 -0.3426760435 0.9472132325 0.2831488252 -0.1503790468 0.2344207168 -0.2916978896 0.9273399115
-174.3 2.1 1813.7 -0.1445814073 -0.9136405587 -0.3799435794 0.4443039298 0.2831488252 -0.8499534130 0.8841324449 -0.2916978896 0.3649960458
98.2 250.1 2060.5 0.0196448769 0.8026387095 -0.5961419344 -0.9857249856 0.1152700931 0.1227154061 0.1672134697 0.5852212310 0.7934454679
105.3 -103.0 2120.4 0.3206263781 0.7823426723 -0.5339837670 -0.9372470975 0.1805036515 -0.2983057797 -0.1369913220 0.5961194038 0.7911226153
-154.7 -99.2 1920.6 0.5284471512 -0.1502396017 -0.8355666995 -0.0060654790 0.9835233688 -0.1806791127 0.8489445448 0.1005474702 0.5188288093
-95.0 -490.2 1880.7 0.5284471512 0.3079460561 -0.7911465168 -0.0060654790 0.9332397580 0.3592030108 0.8489445448 -0.1850211173 0.4950357080
-15.9 -128.4 2036.4 0.6520321965 -0.0963505730 -0.7520443201 0.0481296964 0.9951519370 -0.0857680216 0.7566621304 0.0197278429 0.6535084248
22.4 -524.0 2028.5 0.6520321965 0.4096653759 -0.6379877329 0.0481296964 0.8173987865 0.5740581751 0.7566621304 -0.4050105512 0.5132532120
-131.8 -128.3 1554.0 0 0 0 0 0 0 0 0 0
193.4 -360.5 2082.8 0 0 0 0 0 0 0 0 0
-212.7 -847.0 1951.4 0 0 0 0 0 0 0 0 0
-134.2 -836.3 2183.3 0 0 0 0 0 0 0 0 0
45.3 471.6 1984.5 2 0.7392424941 0.2410626411 -0.6288158298 -0.2089353204 0.9697601199 0.1261403561 0.6402082443 0.0381335281 0.7672543526
-3.5 275.2 1976.8 0.7392424941 0.2410626411 -0.6288158298 -0.2089353204 0.9697601199 0.1261403561 0.6402082443 0.0381335281 0.7672543526
-42.9 81.6 1975.3 0.7460386753 0.2168478072 -0.6296056509 -0.1800573617 0.9759628177 0.1227841899 0.6410971880 0.0217633825 0.7671510577
-104.7 300.9 1889.5 0.2204810828 -0.9122229218 -0.3453077078 0.9457433224 0.2865558565 -0.1531512737 0.2386580557 -0.2928055227 0.9259088635
-174.6 1.1 1813.8 -0.1443521678 -0.9122229218 -0.3834211528 0.4440515935 0.2865558565 -0.8489428163 0.8842967153 -0.2928055227 0.3637090921
97.7 249.6 2064.1 0.0201813821 0.7965194583 -0.6042760015 -0.9882217050 0.1075933576 0.1088186875 0.1516922861 0.5949625373 0.7893092036
104.9 -104.5 2118.4 0.3240644634 0.7759704590 -0.5411580801 -0.9342780113 0.1726027131 -0.3119821846 -0.1486836225 0.6066944003 0.7809065580
-156.0 -97.2 1916.7 0.5300062299 -0.1492581964 -0.8347547054 0.0036135099 0.9847763777 -0.1737885028 0.8479860425 0.0890925899 0.5224769115
-96.6 -488.7 1881.3 0.5300062299 0.2904283702 -0.7967087030 0.0036135099 0.9387398958 0.3446075916 0.8479860425 -0.1855230778 0.4964884818
-18.2 -128.6 2033.3 0.5916622877 -0.1037079692 -0.7994875908 0.0582340285 0.9945985675 -0.0859211832 0.8040799499 0.0042789401 0.5945057869
23.0 -524.0 2031.6 0.5916622877 0.4197604060 -0.6882855296 0.0582340285 0.8292723894 0.5558022261 0.8040799499 -0.3689288199 0.4662048519
-132.3 -128.9 1555.0 0 0 0 0 0 0 0 0 0
194.0 -361.1 2077.6 0 0 0 0 0 0 0 0 0
-207.6 -847.5 1952.2 0 0 0 0 0 0 0 0 0
-137.3 -840.7 2172.5 0 0 0 0 0 0 0 0 0
43.4 470.8 1982.6 3 0.7493105531 0.2392578870 -0.6174863577 -0.1978698373 0.9707446694 0.1360230297 0.6319661736 0.0202584304 0.7747311592
-5.0 274.3 1978.5 0.7493105531 0.2392578870 -0.6174863577 -0.1978698373 0.9707446694 0.1360230297 0.6319661736 0.0202584304 0.7747311592
-42.9 80.3 1979.9 0.7564297915 0.2096496075 -0.6195651889 -0.1669686139 0.9777486920 0.1269997209 0.6324045062 0.0073815756 0.7746031284
-107.7 298.1 1892.4 0.2147919238 -0.9128927588 -0.3471184671 0.9452911019 0.2836729586 -0.1611037701 0.2455385923 -0.2935242057 0.9238800406
-175.1 1.2 1815.3 -0.1460938007 -0.9128927588 -0.3811606169 0.4443881512 0.2836729586 -0.8497345448 0.8838414550 -0.2935242057 0.3642358780
97.6 250.4 2064.7 0.0299070291 0.8040441275 -0.5938169956 -0.9862060547 0.1204948425 0.1134839281 0.1627979726 0.5822319388 0.7965568304
108.4 -102.9 2123.0 0.3290694952 0.7831662893 -0.5276018977 -0.9334926605 0.1854807287 -0.3069012761 -0.1424947381 0.5935043693 0.7921160460
-154.3 -95.9 1912.2 0.5301855206 -0.1529320776 -0.8339754343 0.0092908489 0.9845877290 -0.1746444404 0.8478307724 0.0848456174 0.5234350562
-93.5 -487.4 1878.4 0.5301855206 0.3081235588 -0.7899134159 0.0092908489 0.9294645190 0.3687945902 0.8478307724 -0.2028685212 0.4899258912
-17.5 -128.9 2029.7 0.5597521067 -0.0928661078 -0.8234400153 0.0645373389 0.9955678582 -0.0684076548 0.8261431456 -0.0148513038 0.5632644892
19.4 -524.7 2035.6 0.5597521067 0.3989144266 -0.7263228297 0.0645373389 0.8528542519 0.5181453228 0.8261431456 -0.3369078636 0.4516420662
-132.3 -128.9 1556.4 0 0 0 0 0 0 0 0 0
198.8 -359.4 2083.9 0 0 0 0 0 0 0 0 0
-211.3 -842.5 1956.0 0 0 0 0 0 0 0 0 0
-132.9 -850.2 2164.3 0 0 0 0 0 0 0 0 0
44.4 471.8 1981.7 4 0.7591452599 0.2436372638 -0.6036053300 -0.1976822317 0.9698052406 0.1428270638 0.6201775670 0.0108955586 0.7843858004
-5.0 275.1 1979.5 0.7591452599 0.2436372638 -0.6036053300 -0.1976822317 0.9698052406 0.1428270638 0.6201775670 0.0108955586 0.7843858004
-42.8 81.1 1982.1 0.7667845488 0.2096750289 -0.6066941619 -0.1648612320 0.9777708650 0.1295563728 0.6203726530 0.0006785176 0.7843069434
-109.1 298.7 1895.0 0.2085222304 -0.9161897898 -0.3422203958 0.9461117387 0.2776145935 -0.1667414159 0.2477721423 -0.2890094519 0.9247066975
-174.9 -0.2 1816.7 -0.1455271542 -0.9161897898 -0.3733874261 0.4414671361 0.2776145935 -0.8532508016 0.8853974342 -0.2890094519 0.3640672266
99.1 251.5 2064.0 0.0326606221 0.8135436773 -0.5805858374 -0.9856607914 0.1224351153 0.1161137745 0.1655477285 0.5684683919 0.8058769703
110.8 -101.6 2123.3 0.3267356157 0.7928504348 -0.5144240260 -0.9339547753 0.1874576807 -0.3042828441 -0.1448180526 0.5798687935 0.8017355204
-153.9 -98.7 1920.4 0.5316672325 -0.1500795335 -0.8335502744 -0.0031506468 0.9838176966 -0.1791445613 0.8469474316 0.0978715271 0.5225908160
-94.2 -489.9 1881.5 0.5316672325 0.3114483058 -0.7876102328 -0.0031506468 0.9306542873 0.3658860922 0.8469474316 -0.1920481771 0.4957796931
-15.2 -129.4 2036.4 0.5814676285 -0.0884206071 -0.8087503910 0.0498240963 0.9960808158 -0.0730793700 0.8120424747 0.0021980307 0.5835942030
20.0 -525.3 2035.5 0.5814676285 0.4000613391 -0.7084110975 0.0498240963 0.8515993357 0.5218200088 0.8120424747 -0.3387174010 0.4752447605
-132.4 -129.3 1557.9 0 0 0 0 0 0 0 0 0
200.5 -358.2 2083.6 0 0 0 0 0 0 0 0 0
-213.3 -845.6 1954.9 0 0 0 0 0 0 0 0 0
-132.8 -850.6 2164.9 0 0 0 0 0 0 0 0 0
46.7 471.1 1981.2 5 0.7324093580 0.2489888221 -0.6337043047 -0.1925237924 0.9684860706 0.1580168903 0.6530781984 0.0062701106 0.7572644949
-3.7 275.0 1980.0 0.7324093580 0.2489888221 -0.6337043047 -0.1925237924 0.9684860706 0.1580168903 0.6530781984 0.0062701106 0.7572644949
-43.4 81.4 1983.6 0.7395368814 0.2183245867 -0.6367256641 -0.1628681868 0.9758685827 0.1454458088 0.6531149745 -0.0038601835 0.7572489381
-104.0 298.3 1891.0 0.2255360484 -0.9099472165 -0.3480366468 0.9466791749 0.2890591621 -0.1422790140 0.2300695777 -0.2973900139 0.9266213775
-175.2 -0.6 1818.4 -0.1495443881 -0.9099472165 -0.3868236244 0.4401440620 0.2890591621 -0.8501282334 0.8853867650 -0.2973900139 0.3572807014
96.6 251.7 2068.9 0.0170071404 0.7909579277 -0.6116341352 -0.9835430384 0.1232818961 0.1320782155 0.1798717231 0.5993221998 0.7800378203
102.7 -100.7 2133.4 0.3238525689 0.7704102993 -0.5491698384 -0.9385977387 0.1886282712 -0.2888835371 -0.1189699024 0.6090052128 0.7841930985
-154.8 -98.1 1925.1 0.5822291374 -0.1550973952 -0.7980939746 -0.0034834126 0.9811506867 -0.1932128966 0.8130172491 0.1152742729 0.5707142353
-93.2 -488.1 1879.2 0.5822291374 0.3172064722 -0.7485915422 -0.0034834126 0.9217135906 0.3878555298 0.8130172491 -0.2232131511 0.5377534628
-14.2 -128.4 2038.9 0.5887433290 -0.0869936347 -0.8036251664 0.0449433252 0.9961768389 -0.0749117434 0.8070696592 0.0079861991 0.5904022455
20.4 -524.4 2035.7 0.5887433290 0.3972617686 -0.7039633393 0.0449433252 0.8534616232 0.5192142129 0.8070696592 -0.3373223543 0.4846155643
-131.5 -129.3 1559.6 0 0 0 0 0 0 0 0 0
191.6 -358.5 2100.7 0 0 0 0 0 0 0 0 0
-214.4 -840.3 1964.5 0 0 0 0 0 0 0 0 0
-131.4 -850.6 2164.6 0 0 0 0 0 0 0 0 0
47.7 471.5 1985.5 6 0.6915047765 0.2471607625 -0.6787729263 -0.1875352263 0.9688512683 0.1617337912 0.6976042390 0.0154541517 0.7163165808
-2.2 275.9 1982.4 0.6915047765 0.2471607625 -0.6787729263 -0.1875352263 0.9688512683 0.1617337912 0.6976042390 0.0154541517 0.7163165808
-42.8 82.5 1984.9 0.6980247498 0.2217273265 -0.6808806658 -0.1605041325 0.9751055241 0.1529954970 0.6978537440 0.0024895158 0.7162359357
-96.8 298.9 1887.4 0.2454829812 -0.9019627571 -0.3552482724 0.9462588429 0.3025478423 -0.1142762527 0.2105525285 -0.3081039488 0.9277605414
-174.7 -1.4 1820.6 -0.1595707834 -0.9019627571 -0.4012485445 0.4294760227 0.3025478423 -0.8508908153 0.8888686895 -0.3081039488 0.3390935659
92.4 252.9 2077.4 0.0024832387 0.7536559701 -0.6572644114 -0.9822602272 0.1250803024 0.1397129297 0.1875063181 0.6452577710 0.7405969501
93.3 -99.0 2144.5 0.3270262182 0.7327989340 -0.5967072845 -0.9404767752 0.1905612350 -0.2814068198 -0.0925053284 0.6532167792 0.7514988780
-154.6 -97.7 1924.4 0.5299605727 -0.1504264772 -0.8345739245 -0.0069648572 0.9833362699 -0.1816626489 0.8479936719 0.1020867378 0.5200817585
-94.8 -488.6 1883.9 0.5299605727 0.3129577637 -0.7881619334 -0.0069648572 0.9309867620 0.3649864793 0.8479936719 -0.1879390180 0.4955660105
-19.0 -127.5 2044.2 0.6302672029 -0.0968037546 -0.7703195810 0.0445425361 0.9950705767 -0.0886033103 0.7750994563 0.0215317756 0.6314722300
19.4 -523.0 2035.6 0.6302672029 0.3733518422 -0.6807140708 0.0445425361 0.8579484224 0.5118012428 0.7750994563 -0.3528922796 0.5241067410
-128.1 -126.6 1561.4 0 0 0 0 0 0 0 0 0
183.1 -357.3 2119.1 0 0 0 0 0 0 0 0 0
-214.3 -844.1 1955.6 0 0 0 0 0 0 0 0 0
-123.2 -850.9 2170.4 0 0 0 0 0 0 0 0 0
50.0 469.0 1988.1 7 0.6910015345 0.2509433925 -0.6778969765 -0.1927077323 0.9678190351 0.1618335098 0.6966926455 0.0188087858 0.7171231508
-0.6 274.0 1984.4 0.6910015345 0.2509433925 -0.6778969765 -0.1927077323 0.9678190351 0.1618335098 0.6966926455 0.0188087858 0.7171231508
-41.4 80.6 1986.6 0.6983066797 0.2229755372 -0.6801835895 -0.1627633423 0.9748147726 0.1524605006 0.6970480084 0.0042447788 0.7170119286
-95.3 297.3 1889.4 0.2493024766 -0.8950902820 -0.3696777523 0.9439188838 0.3099256158 -0.1138562262 0.2164842039 -0.3205611706 0.9221578836
-173.6 0.7 1821.4 -0.1670224816 -0.8950902820 -0.4134209156 0.4335359931 0.3099256158 -0.8461635113 0.8855224848 -0.3205611706 0.3362893164
94.0 250.7 2079.3 0.0013584546 0.7542662024 -0.6565673351 -0.9826283455 0.1228523776 0.1391000450 0.1855793148 0.6449726820 0.7413302660
94.5 -101.4 2145.8 0.3257587552 0.7334984541 -0.5965411067 -0.9407105446 0.1883441657 -0.2821172774 -0.0945775434 0.6530746818 0.7513644695
-150.7 -96.6 1920.5 0.5292732120 -0.1375894994 -0.8372209668 -0.0005719443 0.9867054820 -0.1625174582 0.8484512568 0.0864949822 0.5221580863
-96.0 -488.8 1886.1 0.5279675126 0.2995978296 -0.7946643829 -0.0046701771 0.9367188811 0.3500512540 0.8492517471 -0.1811044663 0.4959563315
-22.9 -126.0 2048.2 0.5863672495 -0.1122711375 -0.8022272587 0.0428956598 0.9932627082 -0.1076529324 0.8089087605 0.0287120864 0.5872327089
21.7 -520.8 2036.8 0.5863672495 0.3981314003 -0.7054536343 0.0428956598 0.8543984890 0.5178447962 0.8089087605 -0.3339081407 0.4839131832
-125.0 -125.6 1563.4 0 0 0 0 0 0 0 0 0
184.0 -359.8 2119.8 0 0 0 0 0 0 0 0 0
-210.5 -846.7 1955.3 0 0 0 0 0 0 0 0 0
-130.4 -847.2 2164.4 0 0 0 0 0 0 0 0 0
53.9 467.3 1990.5 8 0.6908400655 0.2614121437 -0.6740947366 -0.2023896277 0.9649945498 0.1668050885 0.6941025853 0.0211941414 0.7195640206
1.3 273.1 1986.2 0.6908400655 0.2614121437 -0.6740947366 -0.2023896277 0.9649945498 0.1668050885 0.6941025853 0.0211941414 0.7195640206
-42.0 80.2 1987.9 0.6980767846 0.2357921600 -0.6760849357 -0.1742002666 0.9717801213 0.1590524614 0.6945092082 0.0067433435 0.7194522023
-93.4 297.9 1891.6 0.2545221150 -0.8897673488 -0.3788569272 0.9430891275 0.3150678277 -0.1063726097 0.2140125036 -0.3302216828 0.9193216562
-173.9 -0.6 1823.8 -0.1775593460 -0.8897673488 -0.4204601943 0.4275687933 0.3150678277 -0.8472999334 0.8863732815 -0.3302216828 0.3244934976
95.9 248.2 2080.8 -0.0110435104 0.7576413751 -0.6525776982 -0.9831607938 0.1108232588 0.1453035176 0.1824087352 0.6431934237 0.7436593771
92.0 -104.0 2146.1 0.3130851984 0.7377600074 -0.5980700254 -0.9445987940 0.1765556633 -0.2766970098 -0.0985433459 0.6515659690 0.7521641850
-149.7 -98.3 1921.8 0.5191739202 -0.1350644082 -0.8439289331 -0.0031554811 0.9871244431 -0.1599229723 0.8546627760 0.0856908336 0.5120630860
-96.0 -490.7 1887.8 0.5191739202 0.3056547046 -0.7981438637 -0.0031554811 0.9345427155 0.3558370173 0.8546627760 -0.1822227836 0.4861547053
-21.7 -128.1 2049.6 0.5846948028 -0.1099684536 -0.8037654757 0.0414435081 0.9935252666 -0.1057828814 0.8101940751 0.0285398383 0.5854665041
22.0 -523.1 2038.2 0.5846948028 0.4108687937 -0.6995133162 0.0414435081 0.8460087180 0.5315558910 0.8101940751 -0.3397882283 0.4776290655
-122.1 -125.4 1565.2 0 0 0 0 0 0 0 0 0
178.0 -363.5 2119.1 0 0 0 0 0 0 0 0 0
-212.9 -847.9 1957.4 0 0 0 0 0 0 0 0 0
-135.0 -846.4 2168.1 0 0 0 0 0 0 0 0 0
54.1 471.9 1990.1 9 0.7366428375 0.2582883537 -0.6250155568 -0.2094886303 0.9658853412 0.1522499919 0.6430177689 0.0187797900 0.7656209469
2.1 277.2 1986.3 0.7366428375 0.2582883537 -0.6250155568 -0.2094886303 0.9658853412 0.1522499919 0.6430177689 0.0187797900 0.7656209469
-40.8 84.3 1988.5 0.7439190745 0.2339331359 -0.6259869933 -0.1808383167 0.9722486734 0.1484249979 0.6433365941 0.0027862575 0.7655783892
-98.7 303.0 1898.8 0.2279751748 -0.8999949098 -0.3715326488 0.9464790821 0.2943842709 -0.1323452741 0.2284834385 -0.3214764595 0.9189386368
-172.0 -1.2 1825.4 -0.1773774773 -0.8999949098 -0.3981789052 0.4263476729 0.2943842709 -0.8553160429 0.8869976997 -0.3214764595 0.3314935863
102.9 251.5 2073.9 0.0031551376 0.7993435264 -0.6008659601 -0.9853479266 0.1049501002 0.1344430894 0.1705271602 0.5916378498 0.7879626155
104.0 -101.5 2135.0 0.3073978424 0.7799564600 -0.5451371670 -0.9424837232 0.1705218256 -0.2874833941 -0.1312667429 0.6021546721 0.7875143290
-152.9 -97.0 1922.9 0.5118067265 -0.1485133022 -0.8461664915 -0.0018637655 0.9847502708 -0.1739638895 0.8590986133 0.0906129405 0.5037249923
-93.9 -488.4 1886.9 0.5118067265 0.3109963536 -0.8008340597 -0.0018637655 0.9325769544 0.3609663844 0.8590986133 -0.1832524389 0.4778787792
-24.9 -128.9 2050.3 0.5654919744 -0.1181792542 -0.8162429333 0.0460541435 0.9926612377 -0.1118156239 0.8234669566 0.0256394707 0.5667846203
22.1 -523.6 2040.1 0.5654919744 0.4183015823 -0.7108041644 0.0460541435 0.8444780111 0.5336065292 0.8234669566 -0.3344856799 0.4582810104
-120.4 -125.1 1567.5 0 0 0 0 0 0 0 0 0
188.4 -360.5 2098.9 0 0 0 0 0 0 0 0 0
-212.8 -844.9 1956.9 0 0 0 0 0 0 0 0 0
-137.8 -846.3 2167.9 0 0 0 0 0 0 0 0 0
57.2 474.5 1995.5 0 0.7404017448 0.2666667402 -0.6170040965 -0.2203069776 0.9635059834 0.1520562470 0.6350354552 0.0233475976 0.7721300721
3.4 280.2 1990.7 0.7404017448 0.2666667402 -0.6170040965 -0.2203069776 0.9635059834 0.1520562470 0.6350354552 0.0233475976 0.7721300721
-40.6 87.6 1991.8 0.7480906248 0.2403795868 -0.6185289025 -0.1909774840 0.9706397653 0.1462397575 0.6355218291 0.0087245116 0.7720336318
-98.0 307.4 1904.2 0.2285491377 -0.8941972852 -0.3849369884 0.9449874759 0.2988155782 -0.1330711246 0.2340170145 -0.3333473504 0.9132992625
-172.0 1.4 1828.4 -0.1832239777 -0.8941972852 -0.4084607363 0.4351146221 0.2988155782 -0.8493435979 0.8815351725 -0.3333473504 0.3343281448
104.8 253.1 2077.3 -0.0019337999 0.8049690723 -0.5933136344 -0.9867126942 0.0948560461 0.1319104880 0.1624632478 0.5856851935 0.7940897346
104.1 -100.4 2135.5 0.3000367284 0.7861056328 -0.5403850079 -0.9433692098 0.1604649276 -0.2903541625 -0.1415362060 0.5968994498 0.7897331715
-155.3 -92.4 1929.1 0.5404058099 -0.1596085876 -0.8261274695 -0.0031628869 0.9814511538 -0.1916862428 0.8413985372 0.1062013134 0.5298771262
-91.9 -482.6 1886.9 0.5404058099 0.3038165569 -0.7846381664 -0.0031628869 0.9332607388 0.3591857255 0.8413985372 -0.1916243285 0.5053004622
-19.2 -125.5 2046.8 0.5449352860 -0.1088979617 -0.8313764334 0.0481231250 0.9939578176 -0.0986508578 0.8370959759 0.0137499049 0.5468832254
24.1 -520.7 2041.4 0.5449352860 0.4221901596 -0.7244314551 0.0481231250 0.8468117118 0.5297113061 0.8370959759 -0.3235203028 0.4411404729
-118.4 -125.9 1570.5 0 0 0 0 0 0 0 0 0
186.6 -359.6 2096.6 0 0 0 0 0 0 0 0 0
-208.0 -839.3 1960.1 0 0 0 0 0 0 0 0 0
-137.3 -844.4 2165.0 0 0 0 0 0 0 0 0 0
59.4 473.6 1993.6 1 0.7229847312 0.2768867016 -0.6329509020 -0.2187559456 0.9607815742 0.1704246551 0.6553159356 0.0152473515 0.7552010417
3.4 279.2 1990.5 0.7229847312 0.2768867016 -0.6329509020 -0.2187559456 0.9607815742 0.1704246551 0.6553159356 0.0152473515 0.7552010417
-42.0 86.9 1992.6 0.7310608029 0.2468893379 -0.6360784173 -0.1890001893 0.9690352082 0.1589015424 0.6556134820 0.0040522516 0.7550857663
-95.7 306.1 1901.2 0.2313531786 -0.8938809037 -0.3839956224 0.9469643831 0.2973871827 -0.1217344999 0.2230115235 -0.3354665041 0.9152748585
-170.1 1.6 1829.5 -0.1829915494 -0.8938809037 -0.4092566669 0.4410829246 0.2973871827 -0.8467624784 0.8786125183 -0.3354665041 0.3398562670
102.4 252.4 2079.8 -0.0127948886 0.7911348939 -0.6115078926 -0.9848273396 0.0958771557 0.1446465850 0.1730645895 0.6040804386 0.7779045701
97.9 -100.5 2141.8 0.2967742682 0.7724643350 -0.5614479780 -0.9468716979 0.1617312431 -0.2779875100 -0.1239317581 0.6141187549 0.7794222832
-157.0 -87.9 1931.8 0.4952795208 -0.1701585501 -0.8519062400 -0.0105742440 0.9793764949 -0.2017669082 0.8686693311 0.1089392826 0.4832658172
-89.3 -477.2 1888.5 0.4952795208 0.3064803481 -0.8128763437 -0.0105742440 0.9377601147 0.3471226990 0.8686693311 -0.1633272022 0.4676941931
-19.9 -122.9 2048.3 0.5398733020 -0.1131698638 -0.8341039419 0.0472564325 0.9934329391 -0.1042006612 0.8404187560 0.0168383792 0.5416759253
25.1 -517.9 2041.6 0.5398733020 0.4189207852 -0.7300973535 0.0472564325 0.8509082198 0.5231844783 0.8404187560 -0.3169551492 0.4395859540
-116.8 -127.0 1573.4 0 0 0 0 0 0 0 0 0
179.4 -360.6 2107.8 0 0 0 0 0 0 0 0 0
-206.4 -835.6 1950.9 0 0 0 0 0 0 0 0 0
-135.0 -843.1 2162.7 0 0 0 0 0 0 0 0 0
59.5 472.4 1997.7 2 0.7383152246 0.2740083337 -0.6162873507 -0.2298281938 0.9612786770 0.1520600915 0.6340896487 0.0293719303 0.7727015018
4.2 278.3 1991.8 0.7383152246 0.2740083337 -0.6162873507 -0.2298281938 0.9612786770 0.1520600915 0.6340896487 0.0293719303 0.7727015018
-41.1 85.9 1991.6 0.7463963628 0.2466410249 -0.6181105971 -0.1998679638 0.9689894319 0.1453005821 0.6347797513 0.0150886811 0.7725458145
-97.0 306.6 1905.3 0.2240019739 -0.8961132765 -0.3831502497 0.9479061365 0.2916895449 -0.1280281842 0.2264886796 -0.3345119059 0.9147703052
-169.0 2.1 1832.5 -0.1831581146 -0.8961132765 -0.4042698443 0.4434841275 0.2916895449 -0.8474898338 0.8773682117 -0.3345119059 0.3439867198
105.3 250.0 2078.2 -0.0084238332 0.8051555753 -0.5930038691 -0.9876974821 0.0859043747 0.1306679249 0.1561496258 0.5868091583 0.7945264578
102.3 -103.9 2134.2 0.2940329611 0.7867086530 -0.5428020954 -0.9443660975 0.1515608728 -0.2918937206 -0.1473677456 0.5984302759 0.7875049114
-158.1 -88.4 1931.7 0.5003662705 -0.1797349751 -0.8469527364 -0.0074844258 0.9772813320 -0.2118141651 0.8657814860 0.1123236194 0.4876534045
-86.7 -477.0 1887.0 0.5003662705 0.3198656142 -0.8045617342 -0.0074844258 0.9308181405 0.3654060662 0.8657814860 -0.1768151969 0.4681440294
-24.1 -123.1 2051.9 0.5213931203 -0.1307374835 -0.8432419300 0.0463926680 0.9910749793 -0.1249722466 0.8520545363 0.0260394271 0.5228049755
27.8 -517.0 2041.5 0.5213931203 0.4408040643 -0.7306442261 0.0463926680 0.8403307796 0.5400850773 0.8520545363 -0.3154931962 0.4176926315
-115.5 -127.5 1576.3 0 0 0 0 0 0 0 0 0
183.1 -363.3 2093.7 0 0 0 0 0 0 0 0 0
-208.9 -832.7 1954.6 0 0 0 0 0 0 0 0 0
-140.6 -838.2 2162.1 0 0 0 0 0 0 0 0 0
63.0 474.9 1999.2 3 0.7437524796 0.2850053608 -0.6046521068 -0.2388025969 0.9581465721 0.1578873247 0.6243441105 0.0269634146 0.7806839347
5.5 281.5 1993.8 0.7437524796 0.2850053608 -0.6046521068 -0.2388025969 0.9581465721 0.1578873247 0.6243441105 0.0269634146 0.7806839347
-42.1 89.8 1993.8 0.7517374754 0.2589268088 -0.6065044999 -0.2105588317 0.9657963514 0.1513353884 0.6249445677 0.0139403855 0.7805446386
-96.4 311.4 1908.7 0.2128139436 -0.9029743075 -0.3732928932 0.9493137002 0.2815297842 -0.1398016661 0.2313303798 -0.3246203065 0.9171193838
-165.7 2.2 1833.3 -0.1782538891 -0.9029743075 -0.3909768462 0.4419710338 0.2815297842 -0.8517056704 0.8791400194 -0.3246203065 0.3489047289
107.4 251.7 2078.9 -0.0188336242 0.8134647012 -0.5813092589 -0.9878519773 0.0745604038 0.1363423765 0.1542523652 0.5768153071 0.8021785021
100.7 -102.2 2134.2 0.2803115845 0.7959887385 -0.5364954472 -0.9476446509 0.1404169202 -0.2867974043 -0.1529544592 0.5887996554 0.7936749458
-158.6 -88.4 1930.4 0.4711733758 -0.1850591600 -0.8624086976 -0.0036642130 0.9773234725 -0.2117199749 0.8820329905 0.1029168591 0.4598107040
-85.0 -476.9 1889.4 0.4711733758 0.3258903325 -0.8196286559 -0.0036642130 0.9299565554 0.3676511049 0.8820329905 -0.1702241153 0.4393649101
-21.8 -125.0 2046.7 0.5069100857 -0.1170121878 -0.8540201187 0.0573743433 0.9931267500 -0.1020166874 0.8600873947 0.0027144440 0.5101394653
24.7 -519.7 2045.7 0.5069100857 0.4396095574 -0.7414752841 0.0573743433 0.8410668373 0.5378798842 0.8600873947 -0.3151983917 0.4011229277
-114.1 -125.6 1579.0 0 0 0 0 0 0 0 0 0
177.7 -362.5 2092.2 0 0 0 0 0 0 0 0 0
-209.6 -832.4 1954.5 0 0 0 0 0 0 0 0 0
-143.3 -841.2 2166.2 0 0 0 0 0 0 0 0 0
66.7 471.8 2000.5 4 0.7388191223 0.2820509374 -0.6120404601 -0.2266256213 0.9592942595 0.1685092598 0.6346551180 0.0142061887 0.7726649046
9.8 278.1 1997.6 0.7388191223 0.2820509374 -0.6120404601 -0.2266256213 0.9592942595 0.1685092598 0.6346551180 0.0142061887 0.7726649046
-37.0 86.2 2000.1 0.7468798757 0.2543680966 -0.6143836975 -0.1976778060 0.9671056271 0.1600941569 0.6348968148 0.0018789180 0.7725946307
-91.5 306.2 1911.1 0.2274550349 -0.8928421140 -0.3887121379 0.9448073506 0.2990015745 -0.1339294910 0.2358034402 -0.3367951512 0.9115732312
-164.5 3.1 1835.5 -0.1858254373 -0.8928421140 -0.4102460444 0.4366189837 0.2990015745 -0.8485056758 0.8802458644 -0.3367951512 0.3342697322
111.0 250.1 2084.2 -0.0157425348 0.8077452779 -0.5893213749 -0.9855208993 0.0869799629 0.1455441117 0.1688217223 0.5830797553 0.7946805954
105.4 -103.0 2144.6 0.2860443890 0.7898582816 -0.5424965620 -0.9484883547 0.1529247463 -0.2774596512 -0.1361926496 0.5939174294 0.7929146290
-162.6 -82.9 1933.7 0.4475158453 -0.2036833018 -0.8707712889 -0.0050221677 0.9731287360 -0.2302069068 0.8942618966 0.1073943973 0.4344675839
-81.6 -469.8 1891.0 0.4475158453 0.3345383704 -0.8293452859 -0.0050221677 0.9283185601 0.3717518747 0.8942618966 -0.1621997505 0.4171173573
-24.7 -121.5 2048.4 0.5062218904 -0.1331115812 -0.8520684838 0.0655193999 0.9910969734 -0.1159051582 0.8599107862 0.0028467155 0.5104363561
28.2 -515.5 2047.2 0.5062218904 0.4400729835 -0.7416705489 0.0655193999 0.8378935456 0.5418870449 0.8599107862 -0.3229089081 0.3953267634
-110.7 -123.4 1580.5 0 0 0 0 0 0 0 0 0
184.0 -363.5 2107.2 0 0 0 0 0 0 0 0 0
-209.5 -824.6 1953.0 0 0 0 0 0 0 0 0 0
-140.0 -835.8 2170.7 0 0 0 0 0 0 0 0 0
70.3 467.3 2000.6 5 0.7473148704 0.2857674360 -0.5998811722 -0.2255005240 0.9582903981 0.1755819470 0.6250360012 0.0040585268 0.7805853486
12.5 273.4 1999.8 0.7473148704 0.2857674360 -0.5998811722 -0.2255005240 0.9582903981 0.1755819470 0.6250360012 0.0040585268 0.7805853486
-34.5 81.4 2004.0 0.7557615042 0.2557792962 -0.6028279066 -0.1954757571 0.9667102695 0.1651075035 0.6249909997 -0.0069436603 0.7806010842
-90.0 301.1 1914.6 0.2188486755 -0.9043934941 -0.3663026989 0.9481264353 0.2858043909 -0.1391838342 0.2305678725 -0.3168410659 0.9200272560
-159.1 2.0 1841.9 -0.1790974140 -0.9043934941 -0.3872938454 0.4197097719 0.2858043909 -0.8614868522 0.8898133636 -0.3168410659 0.3283959627
115.0 245.6 2085.0 -0.0147191603 0.8162808418 -0.5774676800 -0.9845920801 0.0888111144 0.1506355852 0.1742464900 0.5707873106 0.8023964167
109.7 -107.1 2147.4 0.2826455235 0.7986498475 -0.5312908292 -0.9496312737 0.1548395008 -0.2724430263 -0.1353217810 0.5815351605 0.8021875620
-156.1 -88.0 1941.5 0.4546374381 -0.1883735657 -0.8705286980 -0.0205307268 0.9749029875 -0.2216813713 0.8904399276 0.1186572388 0.4393599629
-81.2 -475.5 1894.3 0.4546374381 0.3470900357 -0.8202641606 -0.0205307268 0.9247841835 0.3799377680 0.8904399276 -0.1558933109 0.4275675118
-19.1 -124.2 2057.9 0.5204069614 -0.1084958985 -0.8469977975 0.0459196605 0.9940159321 -0.0991144776 0.8526828289 0.0126860095 0.5222749114
24.0 -519.2 2052.9 0.5204069614 0.4324243665 -0.7363326550 0.0459196605 0.8468793631 0.5297988057 0.8526828289 -0.3095231056 0.4208650887
-107.1 -119.7 1583.9 0 0 0 0 0 0 0 0 0
187.3 -368.0 2110.3 0 0 0 0 0 0 0 0 0
-213.9 -829.0 1953.9 0 0 0 0 0 0 0 0 0
-141.3 -842.9 2171.2 0 0 0 0 0 0 0 0 0
76.9 467.0 2000.7 6 0.7599707246 0.3097870648 -0.5713812113 -0.2438935190 0.9507878423 0.1910980493 0.6024619937 -0.0058727348 0.7981259227
14.2 274.6 2001.9 0.7599707246 0.3097870648 -0.5713812113 -0.2438935190 0.9507878423 0.1910980493 0.6024619937 -0.0058727348 0.7981259227
-37.0 83.8 2007.4 0.7694231868 0.2773460448 -0.5753843188 -0.2131202817 0.9606624246 0.1780657619 0.6021359563 -0.0143818678 0.7982640266
-90.1 304.7 1919.8 0.2091961950 -0.9064413309 -0.3668801785 0.9484505653 0.2794214785 -0.1495500058 0.2380724996 -0.3166823983 0.9181686640
-157.4 -0.3 1843.2 -0.1861404777 -0.9064413309 -0.3790987134 0.4087615013 0.2794214785 -0.8688139319 0.8934571743 -0.3166823983 0.3185066879
118.6 244.4 2084.0 -0.0318738334 0.8347401023 -0.5497208238 -0.9841557741 0.0697670653 0.1630030870 0.1744176149 0.5462064147 0.8192905784
107.1 -108.1 2146.5 0.2568473220 0.8189414144 -0.5131905079 -0.9556827545 0.1361691803 -0.2610141635 -0.1438745707 0.5574880838 0.8176228404
-154.7 -92.8 1948.0 0.4458973110 -0.1865638047 -0.8754253387 -0.0312866159 0.9741907120 -0.2235477269 0.8945371509 0.1270684302 0.4285520613
-80.5 -480.1 1897.5 0.4458973110 0.3702610731 -0.8149124384 -0.0312866159 0.9163220525 0.3992180526 0.8945371509 -0.1525144130 0.4201697409
-16.1 -128.7 2062.7 0.4624144435 -0.0948736221 -0.8815734982 0.0507113002 0.9954613447 -0.0805303007 0.8852125406 -0.0074673640 0.4651268423
21.7 -524.2 2065.6 0.4624144435 0.4281656444 -0.7764322758 0.0507113002 0.8614736795 0.5052637458 0.8852125406 -0.2730151415 0.3766450286
-103.8 -117.9 1586.2 0 0 0 0 0 0 0 0 0
177.7 -370.7 2107.0 0 0 0 0 0 0 0 0 0
-222.0 -830.3 1955.8 0 0 0 0 0 0 0 0 0
-141.9 -853.3 2169.9 0 0 0 0 0 0 0 0 0
80.4 466.1 2001.2 7 0.7554336190 0.3078968823 -0.5783766508 -0.2328014672 0.9512457252 0.2023241073 0.6124732494 -0.0181955043 0.7902818322
18.1 273.7 2004.9 0.7554336190 0.3078968823 -0.5783766508 -0.2328014672 0.9512457252 0.2023241073 0.6124732494 -0.0181955043 0.7902818322
-32.6 82.9 2012.9 0.7649823427 0.2745852172 -0.5825846791 -0.2014506012 0.9611880183 0.1885080040 0.6117349267 -0.0268432572 0.7906072140
-85.6 302.3 1921.5 0.2222613841 -0.9001775980 -0.3745399714 0.9456413984 0.2925704718 -0.1420030892 0.2374073267 -0.3226186931 0.9162722826
-156.2 2.0 1846.1 -0.1877990365 -0.9001775980 -0.3929527104 0.4076022506 0.2925704718 -0.8650219440 0.8936396837 -0.3226186931 0.3119699359
121.9 245.2 2088.3 -0.0303939804 0.8299202323 -0.5570534468 -0.9814561009 0.0807467848 0.1738499999 0.1892619133 0.5520075560 0.8120760918
111.0 -106.4 2156.1 0.2608986199 0.8138291836 -0.5192436576 -0.9569742084 0.1472647339 -0.2500269413 -0.1270129383 0.5621345043 0.8172346950
-162.6 -87.6 1955.1 0.3801289499 -0.2147514671 -0.8996576071 -0.0429382138 0.9675268531 -0.2490946203 0.9239363074 0.1333177686 0.3585639298
-77.3 -472.1 1902.1 0.3801289499 0.3579432964 -0.8528649211 -0.0429382138 0.9279174805 0.3703045547 0.9239363074 -0.1041429862 0.3680977523
-21.5 -126.7 2065.6 0.3378516734 -0.1152998954 -0.9341103435 0.0618717186 0.9930421114 -0.1001960635 0.9391635060 -0.0239436068 0.3426347375
24.3 -521.3 2075.1 0.3378516734 0.4546387792 -0.8241115212 0.0618717186 0.8629751801 0.5014435649 0.9391635060 -0.2204027623 0.2634283304
-102.0 -115.6 1588.4 0 0 0 0 0 0 0 0 0
182.6 -369.3 2121.3 0 0 0 0 0 0 0 0 0
-213.9 -826.3 1941.9 0 0 0 0 0 0 0 0 0
-149.2 -850.5 2159.2 0 0 0 0 0 0 0 0 0
84.2 464.7 2002.5 8 0.7510100603 0.3087311387 -0.5836685300 -0.2267937958 0.9507893324 0.2111024410 0.6201196909 -0.0261676628 0.7840706706
21.6 272.0 2007.8 0.7510100603 0.3087311387 -0.5836685300 -0.2267937958 0.9507893324 0.2111024410 0.6201196909 -0.0261676628 0.7840706706
-28.9 81.2 2017.4 0.7608922124 0.2737869918 -0.5882888436 -0.1943585277 0.9611624479 0.1959375590 0.6190863252 -0.0347484052 0.7845538259
-81.5 299.6 1923.4 0.2312012315 -0.8956431746 -0.3799595833 0.9459884763 0.2981820107 -0.1272529811 0.2272703797 -0.3300163448 0.9162081480
-154.4 1.3 1851.7 -0.1942883283 -0.8956431746 -0.4000941515 0.4051598907 0.2981820107 -0.8642528057 0.8933630586 -0.3300163448 0.3049454093
124.8 244.4 2092.2 -0.0307165608 0.8259585500 -0.5628933907 -0.9795045257 0.0872847438 0.1815274358 0.1990661323 0.5569325686 0.8063490391
113.8 -106.5 2163.6 0.2627547085 0.8097293377 -0.5246888399 -0.9579365253 0.1538850814 -0.2422332615 -0.1154015884 0.5662665367 0.8161033392
-157.3 -89.7 1962.2 0.4162923694 -0.1996108145 -0.8870491385 -0.0490921810 0.9692462683 -0.2411464453 0.9079045057 0.1439346075 0.3936904967
-78.0 -474.9 1905.0 0.4162923694 0.3368886411 -0.8445156813 -0.0490921810 0.9357975721 0.3491028845 0.9079045057 -0.1038697511 0.4061039984
-17.0 -126.6 2074.4 0.4003051817 -0.0980426297 -0.9111220837 0.0548382327 0.9950413108 -0.0829794854 0.9147396088 -0.0167472064 0.4036966562
22.0 -522.1 2081.1 0.4003051817 0.4230718911 -0.8128750920 0.0548382327 0.8743991852 0.4820983708 0.9147396088 -0.2375631034 0.3268260062
-97.9 -116.5 1591.8 0 0 0 0 0 0 0 0 0
186.0 -369.7 2131.9 0 0 0 0 0 0 0 0 0
-206.6 -832.3 1944.7 0 0 0 0 0 0 0 0 0
-139.5 -855.8 2171.7 0 0 0 0 0 0 0 0 0
88.9 461.6 2001.6 9 0.7419636250 0.3264576793 -0.5855897665 -0.2289047092 0.9443064332 0.2364063561 0.6301528811 -0.0413606502 0.7753686905
23.0 271.1 2010.0 0.7419636250 0.3264576793 -0.5855897665 -0.2289047092 0.9443064332 0.2364063561 0.6301528811 -0.0413606502 0.7753686905
-30.6 81.3 2022.0 0.7523884773 0.2889702618 -0.5919525027 -0.1967115700 0.9562011957 0.2167575657 0.6286621690 -0.0466419905 0.7762785554
-79.0 299.0 1924.3 0.2344146073 -0.8956844211 -0.3778878450 0.9477105141 0.2971429527 -0.1164078861 0.2165514380 -0.3308405876 0.9185042381
-152.9 0.0 1855.9 -0.2013960928 -0.8956844211 -0.3964707255 0.3922528625 0.2971429527 -0.8705422282 0.8975395560 -0.3308405876 0.2914913595
125.0 243.3 2095.7 -0.0476471484 0.8223567009 -0.5669737458 -0.9758085608 0.0829291791 0.2022877932 0.2133713812 0.5628963113 0.7985113859
108.0 -106.3 2172.2 0.2488379776 0.8070833683 -0.5354401469 -0.9634969234 0.1499044299 -0.2218161076 -0.0987592340 0.5710911751 0.8149242401
-153.1 -92.1 1967.6 0.4880778790 -0.1946899742 -0.8508089185 -0.0543515906 0.9661321640 -0.2522588074 0.8711061478 0.1693647653 0.4609660208
-75.8 -476.0 1900.3 0.4880778790 0.3474901617 -0.8006438613 -0.0543515906 0.9276483059 0.3694787025 0.8711061478 -0.1368181109 0.4716512561
-13.5 -127.7 2081.1 0.3774735034 -0.0854454711 -0.9220698476 0.0416861549 0.9962923527 -0.0752581283 0.9250816107 -0.0100295953 0.3796358705
20.4 -523.7 2085.1 0.3774735034 0.4368651509 -0.8164941072 0.0416861549 0.8728133440 0.4862706959 0.9250816107 -0.2175908089 0.3112526834
-94.3 -114.2 1594.6 0 0 0 0 0 0 0 0 0
176.3 -371.0 2145.0 0 0 0 0 0 0 0 0 0
-208.5 -830.3 1952.5 0 0 0 0 0 0 0 0 0
-146.4 -857.0 2168.2 0 0 0 0 0 0 0 0 0
92.7 458.3 2002.2 0 0.7448335290 0.3281036615 -0.5810085535 -0.2252279371 0.9432727098 0.2439445853 0.6280886531 -0.0508387536 0.7764793038
26.3 267.4 2012.5 0.7448335290 0.3281036615 -0.5810085535 -0.2252279371 0.9432727098 0.2439445853 0.6280886531 -0.0508387536 0.7764793038
-27.8 77.8 2026.0 0.7547798753 0.2916232944 -0.5875909925 -0.1947617829 0.9549813271 0.2237824202 0.6263985634 -0.0544662066 0.7775977850
-76.1 295.1 1927.1 0.2416631728 -0.8901194930 -0.3863756955 0.9453667402 0.3057590425 -0.1131069288 0.2188165486 -0.3379329443 0.9153800607
-151.1 1.4 1859.1 -0.2061701417 -0.8901194930 -0.4064248204 0.3911296129 0.3057590425 -0.8680604696 0.8969456553 -0.3379329443 0.2851137221
128.6 239.8 2097.9 -0.0495685451 0.8252758384 -0.5625502467 -0.9741996527 0.0842153654 0.2093867511 0.2201772034 0.5584152341 0.7998089790
110.8 -109.2 2176.8 0.2454615086 0.8102434874 -0.5322162509 -0.9648932219 0.1512904763 -0.2146909833 -0.0934327245 0.5662302375 0.8189344406
-157.0 -90.7 1973.6 0.4377015531 -0.2146838456 -0.8731141090 -0.0654877126 0.9608846903 -0.2690948248 0.8967322707 0.1749614626 0.4065215588
-71.7 -472.6 1904.0 0.4377015531 0.3496690691 -0.8283410668 -0.0654877126 0.9312307239 0.3584978878 0.8967322707 -0.1026689187 0.4305001497
-19.0 -126.8 2088.9 0.3932004571 -0.1099678129 -0.9128529429 0.0351427086 0.9938939810 -0.1045932025 0.9187809229 0.0090459706 0.3946641386
24.7 -521.7 2085.3 0.3932004571 0.4432095885 -0.8055797219 0.0351427086 0.8682667017 0.4948514104 0.9187809229 -0.2228860557 0.3258272707
-91.2 -112.3 1598.3 0 0 0 0 0 0 0 0 0
178.3 -374.3 2151.1 0 0 0 0 0 0 0 0 0
-205.2 -828.2 1943.2 0 0 0 0 0 0 0 0 0
-144.6 -853.4 2170.5 0 0 0 0 0 0 0 0 0
96.2 454.5 2006.5 1 0.7294546962 0.3325552344 -0.5977481604 -0.2207345068 0.9415551424 0.2544604838 0.6474350095 -0.0536737554 0.7602282763
28.9 264.2 2017.3 0.7294546962 0.3325552344 -0.5977481604 -0.2207345068 0.9415551424 0.2544604838 0.6474350095 -0.0536737554 0.7602282763
-26.7 75.2 2032.0 0.7391502261 0.2991131246 -0.6034801006 -0.1916647702 0.9523472786 0.2372746021 0.6456946135 -0.0597157106 0.7612571716
-71.2 291.4 1929.3 0.2495923638 -0.8863438964 -0.3899976909 0.9433751106 0.3134430051 -0.1086136252 0.2185110599 -0.3408049643 0.9143877029
-148.5 -0.4 1861.7 -0.2128361315 -0.8863438964 -0.4112120271 0.3778702915 0.3134430051 -0.8711874485 0.9010631442 -0.3408049643 0.2682110071
129.1 237.0 2105.4 -0.0609902889 0.8130126595 -0.5790428519 -0.9710190296 0.0859815404 0.2230004519 0.2310891896 0.5758624673 0.7842067480
107.3 -110.9 2188.2 0.2410930693 0.7982536554 -0.5519648790 -0.9675331116 0.1532438546 -0.2009875476 -0.0758538246 0.5825009942 0.8092828989
-155.0 -94.1 1979.4 0.4261494875 -0.2146598399 -0.8788161278 -0.0778792575 0.9591288567 -0.2720417082 0.9012942910 0.1843719780 0.3920147121
-69.7 -475.4 1906.1 0.4261494875 0.3539703786 -0.8325272202 -0.0778792575 0.9312106967 0.3560638130 0.9012942910 -0.0868998021 0.4244019091
-16.5 -129.9 2094.3 0.4739678204 -0.0908022895 -0.8758478165 0.0282025691 0.9957239628 -0.0879683718 0.8800904155 0.0169930179 0.4745019674
19.5 -525.6 2087.6 0.4739678204 0.4049625397 -0.7818950415 0.0282025691 0.8805328608 0.4731452763 0.8800904155 -0.2463070750 0.4059232771
-86.9 -109.8 1601.0 0 0 0 0 0 0 0 0 0
173.5 -376.7 2167.3 0 0 0 0 0 0 0 0 0
-205.0 -831.2 1939.3 0 0 0 0 0 0 0 0 0
-135.1 -861.7 2181.6 0 0 0 0 0 0 0 0 0
98.9 451.7 2003.6 2 0.7684333920 0.3427320719 -0.5404117107 -0.2408625931 0.9372889996 0.2519415319 0.5928704143 -0.0634353086 0.8027955294
29.6 262.2 2016.5 0.7684333920 0.3427320719 -0.5404117107 -0.2408625931 0.9372889996 0.2519415319 0.5928704143 -0.0634353086 0.8027955294
-27.8 73.8 2032.6 0.7789740562 0.3083637059 -0.5459956527 -0.2103288919 0.9487760663 0.2357662469 0.5907293558 -0.0688171163 0.8039297462
-75.9 292.0 1935.9 0.2160492986 -0.9009453654 -0.3763245344 0.9479627013 0.2858695984 -0.1401614845 0.2338575721 -0.3264598548 0.9158245325
-143.1 -2.8 1863.2 -0.2117087990 -0.9009453654 -0.3787833750 0.3671390414 0.2858695984 -0.8851482868 0.9057528973 -0.3264598548 0.2702510953
135.1 232.5 2097.0 -0.0592985563 0.8519534469 -0.5202489495 -0.9729925990 0.0671431944 0.2208556682 0.2230899334 0.5192947984 0.8249629140
113.8 -116.1 2176.9 0.2209297419 0.8386853337 -0.4977920949 -0.9697363377 0.1345130056 -0.2037587911 -0.1039299890 0.5277434587 0.8430215716
-154.0 -96.6 1984.6 0.4348035157 -0.2176739573 -0.8738214374 -0.0907775685 0.9548089504 -0.2830182910 0.8959382176 0.2023807317 0.3953943849
-67.5 -476.1 1904.2 0.4348035157 0.3578006029 -0.8263925314 -0.0907775685 0.9304186702 0.3550781906 0.8959382176 -0.0793713331 0.4370296001
-18.4 -131.7 2103.1 0.4246162772 -0.1073992774 -0.8989807963 0.0200189035 0.9938101768 -0.1092728004 0.9051520824 0.0284023993 0.4241379797
24.3 -526.7 2091.8 0.4246162772 0.4277778566 -0.7979393005 0.0200189035 0.8766856790 0.4806469381 0.9051520824 -0.2200643718 0.3636913598
-82.3 -108.2 1603.1 0 0 0 0 0 0 0 0 0
174.5 -382.5 2148.4 0 0 0 0 0 0 0 0 0
-204.2 -831.7 1934.5 0 0 0 0 0 0 0 0 0
-139.0 -861.4 2175.8 0 0 0 0 0 0 0 0 0
105.0 454.0 2002.2 3 0.7531490922 0.3591061532 -0.5511889458 -0.2433640659 0.9305151105 0.2737070322 0.6111795306 -0.0720026195 0.7882101536
32.3 265.7 2016.8 0.7531490922 0.3591061532 -0.5511889458 -0.2433640659 0.9305151105 0.2737070322 0.6111795306 -0.0720026195 0.7882101536
-28.6 78.6 2035.1 0.7641344666 0.3262260556 -0.5564845800 -0.2133497596 0.9419540763 0.2592382133 0.6087532043 -0.0793669894 0.7893797755
-71.2 295.8 1933.8 0.2162671983 -0.9066218734 -0.3623055518 0.9523178935 0.2776861489 -0.1264159530 0.2152187079 -0.3176904321 0.9234466553
-139.5 -5.1 1865.8 -0.2086754292 -0.9066218734 -0.3667306602 0.3593159020 0.2776861489 -0.8909447193 0.9095859528 -0.3176904321 0.2678173780
135.8 235.6 2099.8 -0.0805107951 0.8432888389 -0.5313962102 -0.9677569270 0.0615236238 0.2442566752 0.2386723608 0.5339276791 0.8111453652
107.0 -111.1 2185.3 0.2057100683 0.8310547471 -0.5167507529 -0.9750826955 0.1292504966 -0.1802998483 -0.0830487534 0.5409642458 0.8369352221
-160.3 -95.6 1992.3 0.3858145177 -0.2435524166 -0.8898479342 -0.1022042781 0.9473048449 -0.3035915196 0.9168977141 0.2080762833 0.3405918777
-63.6 -472.0 1909.6 0.3858145177 0.3402135670 -0.8575557470 -0.1022042781 0.9395627975 0.3267660439 0.9168977141 -0.0384252146 0.3972682357
-23.8 -127.0 2108.0 0.3308396041 -0.1014390886 -0.9382191896 0.0463277064 0.9947530031 -0.0912151411 0.9425491691 -0.0132879615 0.3338031471
16.3 -520.2 2113.2 0.3308396041 0.4576952159 -0.8252637386 0.0463277064 0.8655782938 0.4986261129 0.9425491691 -0.2031978518 0.2651636004
-79.9 -107.8 1605.9 0 0 0 0 0 0 0 0 0
163.5 -379.0 2162.5 0 0 0 0 0 0 0 0 0
-193.5 -830.8 1924.3 0 0 0 0 0 0 0 0 0
-158.4 -850.8 2190.8 0 0 0 0 0 0 0 0 0
107.3 450.7 2002.0 4 0.7685286403 0.3584387302 -0.5299862623 -0.2457129359 0.9301691055 0.2727829516 0.5907528400 -0.0794170350 0.8029346466
34.9 262.7 2018.0 0.7685286403 0.3584387302 -0.5299862623 -0.2457129359 0.9301691055 0.2727829516 0.5907528400 -0.0794170350 0.8029346466
-26.1 75.8 2038.1 0.7796335816 0.3268547952 -0.5341698527 -0.2153929025 0.9409020543 0.2613603175 0.5880283713 -0.0887088701 0.8039610386
-70.8 293.1 1937.8 0.2173819542 -0.9047254920 -0.3663561940 0.9512229562 0.2805321813 -0.1283611506 0.2189062983 -0.3205830157 0.9215782881
-138.8 -4.7 1869.3 -0.2113473415 -0.9047254920 -0.3698703349 0.3578144610 0.2805321813 -0.8906573653 0.9095609188 -0.3205830157 0.2644341588
140.5 232.3 2098.3 -0.0770082325 0.8575823903 -0.5085490942 -0.9673809409 0.0591963865 0.2463126630 0.2413376719 0.5109287500 0.8250502348
112.9 -114.3 2184.7 0.2003979683 0.8457507491 -0.4945162535 -0.9757553935 0.1269642860 -0.1782737076 -0.0879892185 0.5182526112 0.8506892323
-163.5 -89.1 1995.1 0.4307805896 -0.2789956033 -0.8582479358 -0.0957693905 0.9315099716 -0.3508808613 0.8973607421 0.2333465517 0.3745571673
-52.7 -459.0 1902.4 0.4307805896 0.3321609795 -0.8391050100 -0.0957693905 0.9413763881 0.3234790564 0.8973607421 -0.0589879267 0.4373375177
-26.4 -124.6 2110.4 0.3700841367 -0.1205050647 -0.9211494327 0.0283599813 0.9925546646 -0.1184523180 0.9285652637 0.0177135412 0.3707462549
21.3 -517.9 2103.4 0.3700841367 0.4351317286 -0.8207911849 0.0283599813 0.8778192997 0.4781515896 0.9285652637 -0.2002339363 0.3125266731
-78.5 -106.9 1609.4 0 0 0 0 0 0 0 0 0
168.0 -382.3 2160.5 0 0 0 0 0 0 0 0 0
-179.6 -818.6 1925.0 0 0 0 0 0 0 0 0 0
-144.9 -853.1 2179.9 0 0 0 0 0 0 0 0 0
110.8 445.2 2001.9 5 0.7800686359 0.3675009310 -0.5063951015 -0.2561698258 0.9259770513 0.2773869336 0.5708501935 -0.0866577104 0.8164682984
36.8 258.7 2019.3 0.7800686359 0.3675009310 -0.5063951015 -0.2561698258 0.9259770513 0.2773869336 0.5708501935 -0.0866577104 0.8164682984
-25.4 72.2 2040.0 0.7916029096 0.3332394660 -0.5121682286 -0.2254827917 0.9383491278 0.2620274723 0.5679104924 -0.0919365883 0.8179396987
-70.5 290.5 1941.8 0.2134307176 -0.9051114917 -0.3677234650 0.9509971142 0.2786747217 -0.1339585483 0.2237226665 -0.3211130798 0.9202361703
-136.7 -4.4 1872.5 -0.2142838836 -0.9051114917 -0.3672269583 0.3533277214 0.2786747217 -0.8930284977 0.9106272459 -0.3211130798 0.2600854635
144.1 226.9 2096.8 -0.0800318643 0.8701835871 -0.4861845672 -0.9678786397 0.0487841927 0.2466395348 0.2383397967 0.4903066754 0.8383278251
115.4 -119.8 2182.2 0.1892481148 0.8591548800 -0.4754345417 -0.9770624042 0.1166177094 -0.1781833917 -0.0976430550 0.4982500970 0.8615176678
-162.5 -91.5 2001.9 0.4522818029 -0.2761916220 -0.8480326533 -0.0995600894 0.9292644858 -0.3557460606 0.8863007426 0.2453276664 0.3927917480
-52.8 -460.7 1904.4 0.4522818029 0.2874976993 -0.8442667127 -0.0995600894 0.9569783211 0.2725440264 0.8863007426 -0.0392114408 0.4614471793
-21.1 -129.2 2111.5 0.5201415420 -0.0990613475 -0.8483157754 0.0163012184 0.9942213893 -0.1061043218 0.8539245129 0.0413606837 0.5187506676
18.2 -523.6 2095.1 0.5201415420 0.3850895464 -0.7623377442 0.0163012184 0.8879446983 0.4596613050 0.8539245129 -0.2515159547 0.4555794895
-75.3 -105.6 1611.7 0 0 0 0 0 0 0 0 0
167.4 -388.3 2155.4 0 0 0 0 0 0 0 0 0
-162.5 -825.9 1919.4 0 0 0 0 0 0 0 0 0
-128.6 -862.1 2191.0 0 0 0 0 0 0 0 0 0
115.0 440.1 2001.3 6 0.7768095732 0.3734631836 -0.5070425868 -0.2555835247 0.9228443503 0.2881585956 0.5755379796 -0.0942526385 0.8123253584
40.0 254.5 2020.3 0.7768095732 0.3734631836 -0.5070425868 -0.2555835247 0.9228443503 0.2881585956 0.5755379796 -0.0942526385 0.8123253584
-23.9 68.9 2043.0 0.7883042097 0.3418391943 -0.5115882158 -0.2257420868 0.9341664910 0.2763575912 0.5723783970 -0.1023668721 0.8135748506
-66.9 286.4 1942.1 0.2194895148 -0.9040406346 -0.3667899668 0.9497396946 0.2840045393 -0.1316659302 0.2232013792 -0.3194557130 0.9209393263
-134.6 -6.8 1873.3 -0.2161215097 -0.9040406346 -0.3687845170 0.3410901427 0.2840045393 -0.8961020708 0.9148491621 -0.3194557130 0.2469798625
146.8 222.7 2098.4 -0.0892276764 0.8695102930 -0.4857882559 -0.9642052054 0.0468639173 0.2609829605 0.2496933043 0.4916864634 0.8342047930
114.8 -122.7 2187.9 0.1806941628 0.8590728641 -0.4788981378 -0.9798128009 0.1148834452 -0.1636114120 -0.0855366588 0.4987941384 0.8624893427
-164.2 -93.6 2006.2 0.5403032899 -0.2962153852 -0.7876095176 -0.0762101486 0.9149195552 -0.3963764012 0.8380121589 0.2741873264 0.4717594385
-46.5 -457.0 1897.3 0.5403032899 0.2617605031 -0.7997210622 -0.0762101486 0.9617016912 0.2632904649 0.8380121589 -0.0813098550 0.5395594239
-20.6 -134.6 2116.5 0.5783888102 -0.0887300223 -0.8109213114 0.0222439039 0.9954128265 -0.0930514187 0.8154578805 0.0357818455 0.5777093172
14.4 -527.4 2102.4 0.5783888102 0.3675088584 -0.7282881141 0.0222439039 0.8853341341 0.4644230008 0.8154578805 -0.2848170400 0.5038925409
-73.1 -103.9 1612.9 0 0 0 0 0 0 0 0 0
164.5 -391.9 2164.4 0 0 0 0 0 0 0 0 0
-146.4 -823.9 1928.3 0 0 0 0 0 0 0 0 0
-125.8 -865.1 2211.0 0 0 0 0 0 0 0 0 0
