70.2 507.7 1968.9 28 0.8536093235 -0.0434364676 -0.5190995932 0.0893586278 0.9939559102 0.0637708604 0.5131921172 -0.1008214355 0.8523314595
81.5 248.7 1995.2 0.8536093235 -0.0434364676 -0.5190995932 0.0893586278 0.9939559102 0.0637708604 0.5131921172 -0.1008214355 0.8523314595
84.8 50.3 1989.1 0.8563507795 -0.0165575724 -0.5161290765 -0.0017279948 0.9993883371 -0.0349277258 0.5163916945 0.0308022518 0.8557983637
-43.5 249.0 1919.8 -0.0529207811 -0.9357341528 -0.3487133980 -0.1056040153 0.3524887562 -0.9298384190 0.9929990768 -0.0123822410 -0.1174712628
-31.9 272.1 1702.3 -0.3007369637 -0.9357341528 0.1842794716 -0.8157094717 0.3524887562 0.4586608410 -0.4941410422 -0.0123822410 -0.8692935705
206.5 248.4 2070.5 -0.1511401683 0.8798171878 -0.4506422281 -0.8146636486 0.1473466903 0.5609029531 0.5598926544 0.4518967867 0.6944850683
164.3 21.2 2226.7 0.1521386504 0.8798171878 -0.4503061175 -0.9880183935 0.1473466903 -0.0459190607 0.0259507392 0.4518967867 0.8916926980
20.4 -147.0 1940.1 0.4070830643 0.1664801091 0.8980911374 -0.0399842486 0.9855547547 -0.1645694226 -0.9125155210 0.0310839284 0.4078592360
-45.8 -538.5 1927.7 0.4061801732 0.0591855943 0.9118742943 -0.0561040714 0.9976329207 -0.0397611111 -0.9120690823 -0.0350096859 0.4085392356
176.1 -140.8 2036.6 -0.7891276479 0.3249045908 0.5212624669 0.2405191660 0.9443285465 -0.2244864404 -0.5651797056 -0.0517748445 -0.8233415484
47.0 -516.0 2057.1 -0.8273875117 -0.0003347449 0.5616313815 -0.0614994988 0.9940404296 -0.0900077373 -0.5582541823 -0.1090113223 -0.8224772215
54.2 505.6 1843.8 0 0 0 0 0 0 0 0 0
203.8 -235.3 2233.4 0 0 0 0 0 0 0 0 0
-68.4 -919.5 1941.1 0 0 0 0 0 0 0 0 0
47.1 -895.7 2098.8 0 0 0 0 0 0 0 0 0
70.1 506.0 1958.8 29 0.8503664136 -0.0342387222 -0.5250759125 0.1002338901 0.9901490808 0.0977650806 0.5165560842 -0.1357665360 0.8454213738
78.9 250.2 1993.9 0.8503664136 -0.0342387222 -0.5250759125 0.1002338901 0.9901490808 0.0977650806 0.5165560842 -0.1357665360 0.8454213738
81.7 51.6 1989.8 0.8527705669 -0.0138837667 -0.5221011639 0.0008235940 0.9996811152 -0.0252384096 0.5222851038 0.0210925732 0.8525100350
-45.6 250.0 1917.7 -0.0463976152 -0.9307107925 -0.3628011644 -0.0711883456 0.3653495908 -0.9281443357 0.9963831902 -0.0172364693 -0.0832071081
-35.5 265.4 1702.0 -0.3065425754 -0.9307107925 0.1995220631 -0.8048757911 0.3653495908 0.4676479697 -0.5081403255 -0.0172364693 -0.8611018062
203.4 250.3 2070.2 -0.1572968662 0.8771252036 -0.4537720382 -0.8088835478 0.1491689235 0.5687319636 0.5665378571 0.4565084875 0.6860283613
159.6 24.6 2228.2 0.1491212994 0.8771252036 -0.4565240443 -0.9881498218 0.1491689235 -0.0361741409 0.0363699496 0.4565084875 0.8889753819
9.6 -148.0 1935.7 0.4153804779 0.1340994984 0.8997090459 -0.0359057523 0.9907203913 -0.1310874373 -0.9089388251 0.0221464336 0.4163408577
-43.7 -541.4 1926.9 0.4134451747 0.0741109475 0.9075079560 -0.0641918033 0.9965745807 -0.0521398149 -0.9082634449 -0.0366976187 0.4167862535
166.5 -148.3 2030.4 -0.7910497189 0.3148469031 0.5245109797 0.2181206495 0.9462012649 -0.2390117049 -0.5715450048 -0.0746634752 -0.8171668649
41.4 -524.2 2060.0 -0.8157938719 -0.0525665432 0.5759488940 -0.0989079401 0.9938703179 -0.0493866131 -0.5698224306 -0.0972552150 -0.8159925342
52.1 495.7 1847.3 0 0 0 0 0 0 0 0 0
198.3 -232.0 2237.6 0 0 0 0 0 0 0 0 0
-72.0 -922.1 1941.0 0 0 0 0 0 0 0 0 0
61.5 -903.4 2097.1 0 0 0 0 0 0 0 0 0
91.3 492.6 1938.8 30 0.8604352474 0.0707567260 -0.5046232939 -0.0015013352 0.9906599522 0.1363473535 0.5095576048 -0.1165604591 0.8525049686
73.4 242.8 1968.2 0.8604352474 0.0707567260 -0.5046232939 -0.0015013352 0.9906599522 0.1363473535 0.5095576048 -0.1165604591 0.8525049686
77.7 44.4 1972.9 0.8612257242 -0.0214060489 -0.5077716708 0.0303755086 0.9994944930 0.0093840212 0.5073140860 -0.0235055815 0.8614405990
-52.3 238.5 1894.1 -0.0294154845 -0.9337165356 -0.3568026423 -0.0266612787 0.3575630188 -0.9335083961 0.9992116690 -0.0179467853 -0.0354119688
-45.9 244.3 1677.9 -0.3085242212 -0.9337165356 0.1816210002 -0.8290658593 0.3575630188 0.4298819304 -0.4663288295 -0.0179467853 -0.8844293952
199.1 247.2 2042.2 -0.1414724588 0.8830764294 -0.4473941624 -0.7837474346 0.1761743724 0.5955690742 0.6047524214 0.4349006414 0.6671850681
159.7 28.8 2210.7 0.1579861492 0.8830764294 -0.4418329597 -0.9843589664 0.1761743724 0.0001366042 0.0779602751 0.4349006414 0.8970973492
6.2 -147.1 1937.7 0.4090367258 0.1168597788 0.9050042629 -0.0051998105 0.9920484424 -0.1257492900 -0.9125031233 0.0467302278 0.4063918889
-40.2 -541.0 1919.2 0.4017758667 0.0890573189 0.9113972783 -0.1128868982 0.9924853444 -0.0472163558 -0.9087533951 -0.0839144140 0.4088100791
162.6 -146.9 2033.5 -0.7940915227 0.3037012815 0.5264828205 0.2112910450 0.9501245022 -0.2293894440 -0.5698901415 -0.0709151030 -0.8186551929
41.9 -524.4 2061.6 -0.8196221590 -0.0341873281 0.5718834400 -0.0818262249 0.9949695468 -0.0577936657 -0.5670307875 -0.0941640362 -0.8182964921
42.3 481.4 1811.2 0 0 0 0 0 0 0 0 0
200.7 -226.7 2231.0 0 0 0 0 0 0 0 0 0
-74.1 -919.7 1951.2 0 0 0 0 0 0 0 0 0
55.0 -904.3 2097.6 0 0 0 0 0 0 0 0 0
105.0 482.2 1924.8 31 0.9012697935 0.0837604031 -0.4250845909 -0.0209493935 0.9884118438 0.1503435224 0.4327514768 -0.1265948117 0.8925804496
86.0 257.6 1953.6 0.9012697935 0.0837604031 -0.4250845909 -0.0209493935 0.9884118438 0.1503435224 0.4327514768 -0.1265948117 0.8925804496
80.0 60.0 1968.0 0.9025596976 0.0328270718 -0.4293114543 0.0010160608 0.9969241619 0.0783653855 0.4305634797 -0.0711656511 0.8997502327
-45.3 257.9 1891.0 0.0564596690 -0.9101440907 -0.4104266167 0.0197403673 0.4120196104 -0.9109610915 0.9982097149 0.0433305912 0.0412290692
-57.5 253.6 1674.9 -0.3941515088 -0.9101440907 0.1276020855 -0.8289358616 0.4120196104 0.3782924414 -0.3968752027 0.0433305912 -0.9168492556
217.2 257.2 2016.2 -0.1290857941 0.9263057709 -0.3539695740 -0.7467260957 0.1440723985 0.6493406296 0.6524852514 0.3481389582 0.6730989814
181.3 49.4 2197.7 0.1101547405 0.9263057709 -0.3603103161 -0.9871875644 0.1440723985 0.0685844943 0.1154409871 0.3481389582 0.9303078055
1.3 -152.4 1933.9 0.3370272517 0.1026732549 0.9358797073 0.0014409763 0.9939785004 -0.1095660627 -0.9414938092 0.0382753313 0.3348498940
-39.9 -551.4 1918.5 0.3275321126 0.0924462527 0.9403065443 -0.1336753368 0.9897252917 -0.0507424138 -0.9353361130 -0.1090760231 0.3365246058
161.0 -151.2 2024.0 -0.8351392746 0.2972682416 0.4627893567 0.2114566416 0.9502337575 -0.2287835181 -0.5077681541 -0.0932062194 -0.8564368486
42.9 -528.7 2061.1 -0.8663281202 -0.0192560870 0.4991040230 -0.0777337030 0.9922788739 -0.0966441557 -0.4933893681 -0.1225227490 -0.8611359596
55.3 490.7 1788.4 0 0 0 0 0 0 0 0 0
209.9 -206.5 2227.7 0 0 0 0 0 0 0 0 0
-75.2 -929.2 1960.1 0 0 0 0 0 0 0 0 0
50.2 -907.5 2107.8 0 0 0 0 0 0 0 0 0
118.0 473.6 1908.3 32 0.9087179899 0.1121978760 -0.4020487964 -0.0394703932 0.9819785953 0.1848244816 0.4155402184 -0.1520843059 0.8967701197
94.0 263.2 1940.9 0.9087179899 0.1121978760 -0.4020487964 -0.0394703932 0.9819785953 0.1848244816 0.4155402184 -0.1520843059 0.8967701197
77.9 67.1 1964.2 0.9099262357 0.0826566517 -0.4064506888 -0.0272445995 0.9897366762 0.1402820647 0.4138743877 -0.1165727377 0.9028393030
-38.5 267.7 1880.5 0.0775478631 -0.8866677880 -0.4558580518 0.0607140921 0.4605862498 -0.8855360746 0.9951382279 0.0409944169 0.0895507038
-55.3 254.5 1665.1 -0.4442329109 -0.8866677880 0.1283641905 -0.8238543272 0.4605862498 0.3303397894 -0.3520244360 0.0409944169 -0.9350926280
226.4 258.7 2001.2 -0.1545083225 0.9396009445 -0.3054131866 -0.7087510824 0.1099564806 0.6968367696 0.6883306503 0.3241290152 0.6489539742
183.5 61.6 2192.7 0.0610236488 0.9396009445 -0.3367879987 -0.9856371284 0.1099564806 0.1281757057 0.1574660391 0.3241290152 0.9328155518
-9.3 -135.0 1944.6 0.3292767406 0.0878464505 0.9401382208 0.0380449444 0.9936200380 -0.1061687618 -0.9434667230 0.0707264096 0.3238338530
-44.4 -531.7 1916.3 0.3238938153 0.0595659614 0.9442164302 -0.1262400746 0.9918126464 -0.0192645378 -0.9376333356 -0.1129582971 0.3287615776
156.3 -137.6 2021.9 -0.8430932164 0.2857002616 0.4555976391 0.2028093338 0.9535657167 -0.2226675451 -0.4980584681 -0.0953300372 -0.8618874550
42.8 -516.5 2059.8 -0.8721545935 -0.0150696654 0.4889982641 -0.0711292997 0.9928107858 -0.0962670520 -0.4840320349 -0.1187418550 -0.8669563532
71.8 490.2 1765.8 0 0 0 0 0 0 0 0 0
199.3 -193.7 2233.4 0 0 0 0 0 0 0 0 0
-67.1 -910.3 1959.4 0 0 0 0 0 0 0 0 0
48.6 -895.7 2105.2 0 0 0 0 0 0 0 0 0
131.4 469.0 1895.0 33 0.9221671224 0.1425056010 -0.3595830798 -0.0648160726 0.9734436274 0.2195595801 0.3813223243 -0.1791638583 0.9069143534
101.7 266.5 1932.3 0.9221671224 0.1425056010 -0.3595830798 -0.0648160726 0.9734436274 0.2195595801 0.3813223243 -0.1791638583 0.9069143534
77.6 72.3 1962.9 0.9232525826 0.1234735399 -0.3638116419 -0.0568419807 0.9804274440 0.1884968281 0.3799652755 -0.1533504128 0.9122006297
-32.7 275.3 1876.9 0.1192624047 -0.8622407317 -0.4922574461 0.0891548842 0.5030934811 -0.8596210480 0.9888517857 0.0586333163 0.1368731111
-58.5 256.0 1662.8 -0.4951485991 -0.8622407317 0.1066245362 -0.8128824830 0.5030934811 0.2934604585 -0.3066756725 0.0586333163 -0.9500064254
236.2 257.8 1987.7 -0.1599418521 0.9556853175 -0.2471521795 -0.6778573990 0.0756752566 0.7312883139 0.7175847888 0.2844975591 0.6357147098
191.7 69.1 2187.4 0.0215671007 0.9556853175 -0.2935991585 -0.9817968011 0.0756752566 0.1742076725 0.1887059063 0.2844975591 0.9399208426
-21.7 -125.0 1950.3 0.2996053398 0.0499579981 0.9527543187 0.0581809692 0.9958127737 -0.0705115050 -0.9522875547 0.0765577927 0.2954442203
-41.6 -521.4 1919.8 0.2911978662 0.0767188966 0.9535816908 -0.0982182622 0.9939095378 -0.0499702282 -0.9516075850 -0.0791079104 0.2969595194
145.0 -131.5 2025.5 -0.8649657965 0.2459745556 0.4374136031 0.1823029667 0.9661037922 -0.1827815324 -0.4675465524 -0.0783579797 -0.8804886341
47.4 -515.0 2056.6 -0.8899868131 0.0249231234 0.4553045928 -0.0267492924 0.9939320087 -0.1066943035 -0.4552009702 -0.1071356013 -0.8839197159
83.1 488.5 1750.5 0 0 0 0 0 0 0 0 0
197.2 -185.3 2236.3 0 0 0 0 0 0 0 0 0
-70.9 -900.7 1950.0 0 0 0 0 0 0 0 0 0
37.9 -894.4 2097.5 0 0 0 0 0 0 0 0 0
145.7 464.2 1887.9 34 0.9026324153 0.1712801605 -0.3948643506 -0.0763816684 0.9665919542 0.2446750551 0.4235806763 -0.1906912327 0.8855598569
110.5 265.6 1927.1 0.9026324153 0.1712801605 -0.3948643506 -0.0763816684 0.9665919542 0.2446750551 0.4235806763 -0.1906912327 0.8855598569
80.3 72.4 1960.9 0.9039732218 0.1530890465 -0.3992444575 -0.0683622286 0.9734444022 0.2184778005 0.4220888615 -0.1702048481 0.8904331923
-21.3 275.8 1865.4 0.0775077343 -0.8519530892 -0.5178498626 0.1102087572 0.5235505700 -0.8448365927 0.9908817410 0.0084097842 0.1344719082
-38.1 251.9 1650.9 -0.5000413060 -0.8519530892 0.1553532183 -0.8087223768 0.5235505700 0.2680726945 -0.3097206056 0.0084097842 -0.9507904053
242.3 255.4 1988.7 -0.2087548673 0.9435409307 -0.2572002411 -0.6568920612 0.0595520400 0.7516291738 0.7245096564 0.3258590400 0.6073727608
184.2 72.6 2190.3 -0.0109852515 0.9435409307 -0.3310738504 -0.9775412083 0.0595520400 0.2021552771 0.2104578912 0.3258590400 0.9216958880
-31.2 -115.9 1959.0 0.3441999257 0.0265231878 0.9385216832 0.0600655675 0.9969311953 -0.0502027385 -0.9369730949 0.0736526176 0.3415505290
-41.8 -512.3 1929.8 0.3378361166 0.0732372478 0.9383512735 -0.0604784004 0.9965968728 -0.0560091175 -0.9392598867 -0.0378280766 0.3411156833
137.8 -127.3 2028.4 -0.8453427553 0.2326268554 0.4809162319 0.1658947170 0.9700177908 -0.1776074618 -0.5078135729 -0.0703577101 -0.8585890532
45.4 -512.5 2056.4 -0.8677754998 0.0098413704 0.4968589246 -0.0489151590 0.9932574034 -0.1051050648 -0.4945431948 -0.1155115366 -0.8614430428
104.9 483.2 1739.5 0 0 0 0 0 0 0 0 0
181.3 -180.9 2244.9 0 0 0 0 0 0 0 0 0
-69.7 -892.6 1944.2 0 0 0 0 0 0 0 0 0
41.7 -891.8 2100.5 0 0 0 0 0 0 0 0 0
160.6 456.2 1875.8 35 0.9102066159 0.1943475306 -0.3657224774 -0.0966484696 0.9583523870 0.2687374651 0.4027194679 -0.2092601061 0.8910820484
121.1 261.4 1918.4 0.9102066159 0.1943475306 -0.3657224774 -0.0966484696 0.9583523870 0.2687374651 0.4027194679 -0.2092601061 0.8910820484
85.7 69.9 1956.8 0.9117377400 0.1789844185 -0.3697281778 -0.0887619257 0.9646582603 0.2481044233 0.4010681510 -0.1933883727 0.8954023123
-11.8 274.5 1859.8 0.1057986915 -0.8347633481 -0.5403487682 0.1267726868 0.5502873659 -0.8252953887 0.9862734675 0.0188137013 0.1640448719
-34.7 247.1 1646.3 -0.5326027870 -0.8347633481 0.1396583319 -0.7983264923 0.5502873659 0.2446601093 -0.2810855210 0.0188137013 -0.9594982862
254.1 248.2 1976.9 -0.2108039558 0.9527848363 -0.2185468823 -0.6357142925 0.0362147130 0.7710744739 0.7425826788 0.3014789224 0.5980647206
195.4 71.2 2183.8 -0.0359518975 0.9527848363 -0.3015103638 -0.9724239707 0.0362147130 0.2303911448 0.2304323018 0.3014789224 0.9252088666
-32.8 -114.0 1956.2 0.3234768808 0.0231511891 0.9459528327 0.0612871274 0.9970889091 -0.0453603640 -0.9442492127 0.0726477578 0.3211163580
-42.0 -510.4 1927.3 0.3144243360 0.0850846246 0.9454617500 -0.0848040357 0.9945104718 -0.0612960756 -0.9454869628 -0.0609059930 0.3199138045
132.7 -126.9 2033.4 -0.8562212586 0.2270395458 0.4640454948 0.1670918465 0.9716779590 -0.1670994163 -0.4888409674 -0.0655358434 -0.8699077964
42.5 -512.9 2059.4 -0.8783273697 -0.0113929752 0.4779238701 -0.0689582005 0.9922801852 -0.1030767858 -0.4730600119 -0.1234919354 -0.8723324537
117.6 475.4 1726.7 0 0 0 0 0 0 0 0 0
186.0 -181.1 2243.5 0 0 0 0 0 0 0 0 0
-74.5 -890.0 1950.5 0 0 0 0 0 0 0 0 0
46.8 -891.9 2106.6 0 0 0 0 0 0 0 0 0
176.8 447.2 1864.8 36 0.9203515649 0.2155747712 -0.3263134658 -0.1179851592 0.9485366344 0.2938669324 0.3728705645 -0.2319607437 0.8984218240
133.3 256.0 1911.6 0.9203515649 0.2155747712 -0.3263134658 -0.1179851592 0.9485366344 0.2938669324 0.3728705645 -0.2319607437 0.8984218240
92.9 66.5 1954.5 0.9214280248 0.2042812854 -0.3305140734 -0.1131053045 0.9548187852 0.2748240530 0.3717224598 -0.2158476859 0.9029020667
-1.0 272.6 1857.3 0.1435350776 -0.8148644567 -0.5615991950 0.1389478296 0.5784476399 -0.8037983775 0.9798424244 0.0373402722 0.1962511688
-32.1 242.5 1645.2 -0.5681465864 -0.8148644567 0.1149146482 -0.7842612267 0.5784476399 0.2243494540 -0.2492865026 0.0373402722 -0.9677096605
267.7 239.3 1965.8 -0.2063048184 0.9631730318 -0.1724413484 -0.6162270904 0.0090013742 0.7875170708 0.7600674033 0.2687315941 0.5916762948
210.2 67.6 2177.6 -0.0602739342 0.9631730318 -0.2620396018 -0.9667770267 0.0090013742 0.2554626763 0.2484134734 0.2687315941 0.9306309819
-33.2 -113.1 1958.6 0.2933227122 0.0335291959 0.9554253221 0.0433284864 0.9978916049 -0.0483216532 -0.9550310969 0.0555709712 0.2912515104
-46.5 -509.7 1936.5 0.2887140214 0.0693333000 0.9549016356 -0.0363113396 0.9974498153 -0.0614439137 -0.9567265511 -0.0169340372 0.2904953361
133.8 -129.6 2032.0 -0.8650389314 0.2546768785 0.4322583973 0.1930746734 0.9642115831 -0.1817090809 -0.4630656540 -0.0737272874 -0.8832522035
32.6 -512.6 2061.3 -0.8856274486 -0.0691436976 0.4592202306 -0.1121464893 0.9914302230 -0.0670023859 -0.4506520033 -0.1108390838 -0.8857920170
130.4 466.9 1716.5 0 0 0 0 0 0 0 0 0
194.5 -183.3 2242.1 0 0 0 0 0 0 0 0 0
-73.0 -890.2 1942.9 0 0 0 0 0 0 0 0 0
59.0 -890.7 2103.6 0 0 0 0 0 0 0 0 0
192.5 438.8 1851.3 37 0.9066568613 0.2507473230 -0.3392625451 -0.1293501854 0.9306864738 0.3421860039 0.4015492797 -0.2663616240 0.8762474656
142.0 251.3 1904.9 0.9066568613 0.2507473230 -0.3392625451 -0.1293501854 0.9306864738 0.3421860039 0.4015492797 -0.2663616240 0.8762474656
95.5 65.0 1955.2 0.9091461897 0.2346892059 -0.3440554142 -0.1197647676 0.9385387301 0.3237304986 0.3988853991 -0.2531126142 0.8813764453
9.3 268.9 1846.6 0.1242702380 -0.7997781038 -0.5872920156 0.1793671250 0.6002358794 -0.7794513106 0.9759017825 -0.0084782811 0.2180453539
-17.6 230.1 1635.4 -0.5829079151 -0.7997781038 0.1434340924 -0.7799093723 0.6002358794 0.1773647517 -0.2279467434 -0.0084782811 -0.9736366868
274.7 233.7 1963.2 -0.2410006076 0.9564828873 -0.1644969583 -0.5756504536 -0.0044178311 0.8176839352 0.7813739777 0.2917550802 0.5516644716
207.6 73.5 2180.8 -0.0925610438 0.9564828873 -0.2767182589 -0.9528372884 -0.0044178311 0.3034495413 0.2890217900 0.2917550802 0.9117814302
-31.9 -112.5 1963.4 0.3192002773 0.0473588668 0.9465032220 0.0414334685 0.9970981479 -0.0638635084 -0.9467810988 0.0596021600 0.3163117766
-50.7 -508.7 1939.7 0.3149102330 0.0662453994 0.9468067884 -0.0384943150 0.9976319075 -0.0569981858 -0.9483405352 -0.0184973646 0.3167145550
136.9 -133.4 2031.5 -0.8485658169 0.2625125945 0.4593725502 0.1939053535 0.9621226788 -0.1916263252 -0.4922770858 -0.0735327676 -0.8673270345
32.6 -515.7 2060.8 -0.8679443598 -0.1001138017 0.4864666760 -0.1583179682 0.9841474891 -0.0799323842 -0.4707525969 -0.1463932693 -0.8700350523
149.2 453.2 1700.6 0 0 0 0 0 0 0 0 0
183.6 -173.6 2255.7 0 0 0 0 0 0 0 0 0
-76.0 -889.7 1946.8 0 0 0 0 0 0 0 0 0
70.7 -891.0 2116.6 0 0 0 0 0 0 0 0 0
208.4 426.9 1839.0 38 0.8865606785 0.2856753170 -0.3638678491 -0.1331115663 0.9108158350 0.3907631040 0.4430479705 -0.2980001867 0.8455201983
150.9 243.7 1899.0 0.8865606785 0.2856753170 -0.3638678491 -0.1331115663 0.9108158350 0.3907631040 0.4430479705 -0.2980001867 0.8455201983
98.8 60.5 1955.1 0.8907170892 0.2627958655 -0.3708927631 -0.1192188784 0.9224372506 0.3672824502 0.4386456013 -0.2829273343 0.8529608250
20.9 261.1 1834.8 0.0905239210 -0.7867715359 -0.6105702519 0.2185541689 0.6138362885 -0.7585769892 0.9716169238 -0.0647732988 0.2275190651
1.3 213.8 1624.5 -0.5891985297 -0.7867715359 0.1839448214 -0.7781491280 0.6138362885 0.1329996586 -0.2175523490 -0.0647732988 -0.9738970399
281.0 226.2 1963.1 -0.2825876772 0.9442820549 -0.1687470675 -0.5374155045 -0.0101345750 0.8432567120 0.7945619822 0.3289812505 0.5103357434
202.3 76.7 2184.2 -0.1230722815 0.9442820549 -0.3052614927 -0.9378917217 -0.0101345750 0.3467799723 0.3243644238 0.3289812505 0.8868816495
-34.4 -110.1 1968.8 0.3592077196 0.0485016331 0.9319964647 0.0547148362 0.9958363771 -0.0729119554 -0.9316523671 0.0771845728 0.3550583720
-53.7 -505.8 1938.1 0.3542649150 0.0652900115 0.9328631163 -0.0519587509 0.9973930120 -0.0500744842 -0.9337005019 -0.0307307672 0.3567337394
132.1 -132.0 2041.9 -0.8234889507 0.2625896335 0.5029041767 0.1940349489 0.9633392096 -0.1852783114 -0.5331194997 -0.0549936518 -0.8442507386
27.8 -514.8 2063.8 -0.8367292285 -0.1247249693 0.5332240462 -0.1821442842 0.9816644192 -0.0562003553 -0.5164374709 -0.1441481858 -0.8441052437
169.8 436.4 1686.7 0 0 0 0 0 0 0 0 0
170.4 -166.5 2268.3 0 0 0 0 0 0 0 0 0
-78.6 -886.8 1949.9 0 0 0 0 0 0 0 0 0
75.4 -889.4 2118.8 0 0 0 0 0 0 0 0 0
221.4 415.9 1832.9 39 0.8700335622 0.3222754300 -0.3730685711 -0.1528504193 0.8957911134 0.4173668325 0.4686985612 -0.3060994744 0.8286282420
156.7 236.0 1894.4 0.8700335622 0.3222754300 -0.3730685711 -0.1528504193 0.8957911134 0.4173668325 0.4686985612 -0.3060994744 0.8286282420
96.8 55.5 1951.6 0.8736706376 0.3017807603 -0.3816123605 -0.1423342079 0.9086013436 0.3926633894 0.4652317762 -0.2887419760 0.8367720842
29.2 256.8 1826.3 0.0710140988 -0.7633181214 -0.6421077847 0.2303455919 0.6388828754 -0.7340092659 0.9705142379 -0.0957816988 0.2211966664
13.8 206.9 1616.2 -0.6091167331 -0.7633181214 0.2152260691 -0.7611517310 0.6388828754 0.1116994470 -0.2227664590 -0.0957816988 -0.9701551199
284.2 215.1 1962.4 -0.3224844635 0.9339728355 -0.1539431065 -0.5149876475 -0.0366569199 0.8564134836 0.7942238450 0.3554588258 0.4928057492
194.4 71.8 2183.5 -0.1636337191 0.9339728355 -0.3176770806 -0.9281776547 -0.0366569199 0.3703276217 0.3342308700 0.3554588258 0.8728910089
-35.1 -111.6 1970.9 0.3871819675 0.0467513762 0.9208172560 0.0391385108 0.9969800115 -0.0670751035 -0.9211722612 0.0620096885 0.3841829002
-53.7 -507.7 1946.3 0.3832275569 0.0667561740 0.9212384224 -0.0365081467 0.9977001548 -0.0571097694 -0.9229322076 -0.0117466720 0.3847833276
128.1 -133.3 2051.3 -0.8074583411 0.2567730546 0.5311107039 0.1921932995 0.9656857252 -0.1746791899 -0.5577389598 -0.0389702544 -0.8291010857
26.0 -516.9 2066.8 -0.8186761737 -0.1233129948 0.5608593225 -0.1775491089 0.9831720591 -0.0430007130 -0.5461186767 -0.1347837448 -0.8267936707
188.0 424.6 1679.9 0 0 0 0 0 0 0 0 0
152.0 -168.9 2270.1 0 0 0 0 0 0 0 0 0
-79.2 -888.9 1950.8 0 0 0 0 0 0 0 0 0
73.1 -892.4 2118.2 0 0 0 0 0 0 0 0 0
235.1 406.7 1826.3 40 0.8704191446 0.3511234820 -0.3450837433 -0.1825701594 0.8811830878 0.4361014664 0.4572074413 -0.3165890872 0.8311033249
164.6 229.8 1889.9 0.8704191446 0.3511234820 -0.3450837433 -0.1825701594 0.8811830878 0.4361014664 0.4572074413 -0.3165890872 0.8311033249
99.6 51.8 1949.5 0.8758661747 0.3271664679 -0.3547118902 -0.1682982445 0.8960233927 0.4108744860 0.4522545040 -0.3001736701 0.8398581147
36.7 254.4 1823.8 0.0943628773 -0.7430610061 -0.6625375152 0.2344283760 0.6633778214 -0.7106146812 0.9675427675 -0.0882619470 0.2367928177
16.3 203.6 1614.4 -0.6376660466 -0.7430610061 0.2030821443 -0.7418591380 0.6633778214 0.0978512093 -0.2074296027 -0.0882619470 -0.9742601514
292.4 205.1 1956.0 -0.3262311220 0.9379267097 -0.1177569181 -0.4984985590 -0.0648552477 0.8644611239 0.8031640053 0.3407157660 0.4887129068
201.5 66.2 2179.8 -0.1886274517 0.9379267097 -0.2910552025 -0.9197608829 -0.0648552477 0.3870835900 0.3441795707 0.3407157660 0.8749018312
-43.2 -111.7 1966.1 0.3740329146 0.0285581425 0.9269756079 0.0333318636 0.9984660745 -0.0442099534 -0.9268162251 0.0474338047 0.3725072742
-54.5 -508.4 1947.3 0.3707209826 0.0699486732 0.9261064529 -0.0220893063 0.9975417852 -0.0665018111 -0.9284815788 0.0041965679 0.3713547885
116.8 -137.7 2051.4 -0.8212580681 0.2327582985 0.5209211111 0.1719078869 0.9715216756 -0.1630745828 -0.5440430641 -0.0443758778 -0.8378829956
24.4 -523.6 2069.0 -0.8188996911 -0.1574239880 0.5519247651 -0.1902925968 0.9817246795 -0.0023255686 -0.5414720774 -0.1069316044 -0.8338906765
198.7 415.8 1673.7 0 0 0 0 0 0 0 0 0
152.5 -172.4 2269.1 0 0 0 0 0 0 0 0 0
-81.2 -889.5 1945.7 0 0 0 0 0 0 0 0 0
84.5 -898.3 2109.8 0 0 0 0 0 0 0 0 0
245.7 396.1 1809.0 41 0.8440513015 0.3879278898 -0.3702558279 -0.1681924611 0.8471012115 0.5041139126 0.5092040300 -0.3632237613 0.7802433968
167.5 225.5 1882.2 0.8440513015 0.3879278898 -0.3702558279 -0.1681924611 0.8471012115 0.5041139126 0.5092040300 -0.3632237613 0.7802433968
96.3 53.3 1950.9 0.8513369560 0.3585077822 -0.3830111027 -0.1514622271 0.8669495583 0.4748238027 0.5022793412 -0.3462233245 0.7923666239
43.2 247.6 1808.7 0.0562439188 -0.7246132493 -0.6868568063 0.2999462187 0.6684302688 -0.6806123853 0.9522966146 -0.1677398086 0.2549401522
31.1 182.7 1602.6 -0.6429929733 -0.7246132493 0.2479832172 -0.7433270216 0.6684302688 0.0258055944 -0.1844585687 -0.1677398086 -0.9684205651
291.8 203.3 1955.7 -0.3726857305 0.9200765491 -0.1206833422 -0.4356965423 -0.0586718507 0.8981793523 0.8193130493 0.3873199224 0.4227403402
188.2 82.2 2183.4 -0.2239390612 0.9200765491 -0.3214193881 -0.8900151849 -0.0586718507 0.4521400332 0.3971451819 0.3873199224 0.8320209980
-45.5 -110.6 1967.6 0.4178501070 0.0237299427 0.9082060456 0.0337762721 0.9985619783 -0.0416306853 -0.9078878760 0.0480711982 0.4164477289
-55.0 -507.4 1948.5 0.4137409031 0.0739806592 0.9073837996 -0.0349109024 0.9972489476 -0.0653891638 -0.9097250700 -0.0046234145 0.4151854217
114.9 -141.4 2050.5 -0.7913993597 0.2370607406 0.5634618998 0.1526181847 0.9691775441 -0.1933973134 -0.5919415355 -0.0670599788 -0.8031862974
20.7 -526.4 2077.2 -0.7711860538 -0.1927571446 0.6067262292 -0.1836550534 0.9799008965 0.0778780952 -0.6095431447 -0.0513698347 -0.7910867929
215.0 395.3 1655.4 0 0 0 0 0 0 0 0 0
130.2 -148.3 2286.2 0 0 0 0 0 0 0 0 0
-83.2 -888.4 1950.3 0 0 0 0 0 0 0 0 0
94.2 -899.8 2096.8 0 0 0 0 0 0 0 0 0
254.1 389.3 1804.9 42 0.8494594693 0.4054117203 -0.3377275467 -0.2023081332 0.8413792849 0.5011509657 0.4873294532 -0.3573824167 0.7967357039
172.8 220.6 1876.5 0.8494594693 0.4054117203 -0.3377275467 -0.2023081332 0.8413792849 0.5011509657 0.4873294532 -0.3573824167 0.7967357039
96.7 50.3 1944.5 0.8550999761 0.3836352825 -0.3487520814 -0.1901612133 0.8578572869 0.4774092734 0.4823305607 -0.3419135213 0.8065062761
48.0 248.5 1806.1 0.0868010819 -0.7023116350 -0.7065578103 0.2840544283 0.6972412467 -0.6581547856 0.9548709989 -0.1435723454 0.2600160241
29.3 187.0 1599.4 -0.6740201712 -0.7023116350 0.2290310413 -0.7161936760 0.6972412467 0.0303525571 -0.1810068488 -0.1435723454 -0.9729458094
297.6 192.8 1947.0 -0.3715311885 0.9250607491 -0.0789124072 -0.4330065548 -0.0974655598 0.8961058855 0.8212611675 0.3671008945 0.4367688596
194.2 72.3 2175.7 -0.2483661771 0.9250607491 -0.2873618603 -0.8864659667 -0.0974655598 0.4524141848 0.3905027211 0.3671008945 0.8442419767
-53.0 -104.8 1973.3 0.4011997283 0.0041620587 0.9159811139 0.0590140261 0.9977946877 -0.0303819496 -0.9140875936 0.0662449673 0.4000693560
-54.6 -501.1 1947.0 0.3962110877 0.0736029595 0.9152045250 -0.0301338863 0.9972871542 -0.0671586543 -0.9176648259 -0.0009696657 0.3973541856
102.9 -132.1 2065.2 -0.8040245771 0.2119937837 0.5555205941 0.1622182578 0.9770476222 -0.1380696744 -0.5720399618 -0.0208958387 -0.8199595213
18.8 -519.8 2073.5 -0.7885894179 -0.1896833032 0.5849332809 -0.2033478767 0.9781596065 0.0430520028 -0.5803243518 -0.0849945843 -0.8099380136
222.0 391.8 1651.2 0 0 0 0 0 0 0 0 0
129.8 -157.7 2277.0 0 0 0 0 0 0 0 0 0
-82.7 -882.2 1947.4 0 0 0 0 0 0 0 0 0
91.1 -892.9 2105.9 0 0 0 0 0 0 0 0 0
259.8 383.9 1802.8 43 0.8345804811 0.4247093201 -0.3508523703 -0.2098328918 0.8339574933 0.5103773475 0.5093579888 -0.3523305953 0.7851226926
174.5 216.5 1873.6 0.8345804811 0.4247093201 -0.3508523703 -0.2098328918 0.8339574933 0.5103773475 0.5093579888 -0.3523305953 0.7851226926
94.0 47.6 1940.3 0.8392491341 0.4054291248 -0.3623369634 -0.2003620565 0.8500638008 0.4870796204 0.5054858327 -0.3361825645 0.7946479321
52.0 245.7 1799.7 0.0662087202 -0.6876360178 -0.7230305076 0.2880018651 0.7069497705 -0.6459698081 0.9553383589 -0.1654653102 0.2448466867
37.7 183.4 1592.9 -0.6799012423 -0.6876360178 0.2547372282 -0.7069368958 0.7069497705 0.0214999430 -0.1948705614 -0.1654653102 -0.9667713046
297.0 187.2 1947.4 -0.3992161751 0.9136294127 -0.0768619403 -0.4226783216 -0.1090018228 0.8997008801 0.8136150837 0.3916630149 0.4296866357
185.8 69.4 2174.1 -0.2715102136 0.9136294127 -0.3025946617 -0.8806445599 -0.1090018228 0.4610680342 0.3882619441 0.3916630149 0.8341779113
-57.8 -102.5 1968.1 0.4257910252 -0.0086833667 0.9047798514 0.0614091977 0.9979256392 -0.0193219725 -0.9027352333 0.0637889281 0.4254410267
-54.4 -499.0 1942.8 0.4197073579 0.0744493976 0.9046010375 -0.0670157820 0.9964519739 -0.0509155169 -0.9051821232 -0.0392529294 0.4232074916
98.7 -137.2 2056.4 -0.7946613431 0.1881510913 0.5771589875 0.1317376196 0.9815477729 -0.1385969818 -0.5925863385 -0.0341041125 -0.8047846556
24.0 -526.8 2070.0 -0.7862708569 -0.1576381922 0.5974347591 -0.1990303546 0.9799875617 -0.0033615453 -0.5849487185 -0.1215507388 -0.8019104600
232.2 385.6 1648.7 0 0 0 0 0 0 0 0 0
115.3 -159.1 2274.9 0 0 0 0 0 0 0 0 0
-82.8 -879.5 1957.8 0 0 0 0 0 0 0 0 0
84.1 -900.5 2116.3 0 0 0 0 0 0 0 0 0
261.8 381.7 1797.8 44 0.8340357542 0.4251614511 -0.3515993953 -0.2082896829 0.8327794671 0.5129266381 0.5108814240 -0.3545646369 0.7831245661
176.2 214.2 1869.1 0.8340357542 0.4251614511 -0.3515993953 -0.2082896829 0.8327794671 0.5129266381 0.5108814240 -0.3545646369 0.7831245661
95.3 45.6 1936.1 0.8378424644 0.4076084197 -0.3631465137 -0.2006040215 0.8485497236 0.4896135032 0.5077184439 -0.3373703361 0.7927188873
53.9 243.5 1795.0 0.0647158250 -0.6860579848 -0.7246628404 0.2901787758 0.7077425718 -0.6441247463 0.9547817111 -0.1685967296 0.2448816299
39.9 180.6 1588.3 -0.6807221174 -0.6860579848 0.2567913532 -0.7062218785 0.7077425718 0.0187373683 -0.1945970803 -0.1685967296 -0.9662852287
298.6 184.9 1943.3 -0.4015541077 0.9126419425 -0.0764136016 -0.4199715257 -0.1093510538 0.9009252191 0.8138661981 0.3938617706 0.4271939993
186.6 67.8 2170.2 -0.2736244202 0.9126419425 -0.3036682606 -0.8792579770 -0.1093510538 0.4636246264 0.3899168372 0.3938617706 0.8323687911
-63.4 -102.8 1960.7 0.4279213548 -0.0232186373 0.9035176635 0.0492069311 0.9987857938 0.0023616008 -0.9024754763 0.0434487537 0.4285443127
-54.2 -499.6 1943.5 0.4235692620 0.0639603287 0.9036028981 -0.0546823367 0.9974904656 -0.0449733622 -0.9042117596 -0.0303617828 0.4260037839
90.3 -139.4 2053.3 -0.7963975072 0.1681539118 0.5809262395 0.1140946597 0.9850943685 -0.1287302226 -0.5939136744 -0.0362398513 -0.8037121892
23.6 -530.6 2067.7 -0.7831286788 -0.1663222462 0.5992048383 -0.1960654706 0.9804618955 0.0159013011 -0.5901421905 -0.1050306112 -0.8004378676
234.6 382.6 1644.0 0 0 0 0 0 0 0 0 0
115.5 -160.5 2271.5 0 0 0 0 0 0 0 0 0
-78.6 -880.6 1955.1 0 0 0 0 0 0 0 0 0
87.0 -904.8 2107.8 0 0 0 0 0 0 0 0 0
261.4 381.4 1794.8 45 0.8440446854 0.4262249470 -0.3254548907 -0.2268907279 0.8337138891 0.5034299493 0.4859106839 -0.3510746658 0.8003982902
175.4 213.2 1865.6 0.8440446854 0.4262249470 -0.3254548907 -0.2268907279 0.8337138891 0.5034299493 0.4859106839 -0.3510746658 0.8003982902
94.1 44.8 1932.5 0.8483437300 0.4095114172 -0.3355791271 -0.2182402164 0.8479540944 0.4830580056 0.4823734462 -0.3365623653 0.8087283969
51.6 245.1 1795.2 0.0938041210 -0.6810286641 -0.7262235880 0.2759903073 0.7186398506 -0.6382680535 0.9565720558 -0.1405584961 0.2553687096
31.3 185.3 1588.1 -0.6947746873 -0.6810286641 0.2312748581 -0.6947788000 0.7186398506 0.0289682150 -0.1859315187 -0.1405584961 -0.9724571109
299.3 181.4 1936.0 -0.3852258027 0.9212710857 -0.0534850135 -0.4263568819 -0.1262791008 0.8956971765 0.8184258938 0.3678493500 0.4414362311
191.9 62.5 2164.2 -0.2745508254 0.9212710857 -0.2754657865 -0.8810710311 -0.1262791008 0.4558151662 0.3851437569 0.3678493500 0.8463752866
-62.5 -104.5 1956.6 0.4046115279 -0.0221596677 0.9142201543 0.0441335067 0.9990146756 0.0046825781 -0.9134230614 0.0384531133 0.4051908255
-53.7 -501.5 1941.3 0.4002707005 0.0619995594 0.9142972231 -0.0631872714 0.9972014427 -0.0399586000 -0.9142159224 -0.0417776927 0.4030680954
91.1 -141.3 2049.7 -0.8140127659 0.1659037173 0.5566499829 0.1114620045 0.9851473570 -0.1306172907 -0.5700521469 -0.0442788191 -0.8204144835
25.1 -532.6 2067.3 -0.8023930788 -0.1631936580 0.5740498304 -0.1960878223 0.9805752039 0.0046757907 -0.5636620522 -0.1088123620 -0.8188070059
230.0 384.0 1641.3 0 0 0 0 0 0 0 0 0
120.5 -166.4 2264.3 0 0 0 0 0 0 0 0 0
-77.4 -882.4 1957.3 0 0 0 0 0 0 0 0 0
87.5 -907.1 2108.8 0 0 0 0 0 0 0 0 0
259.0 383.8 1793.8 46 0.8536623716 0.4171788096 -0.3118051291 -0.2328987569 0.8412481546 0.4879136682 0.4658527374 -0.3438945115 0.8153022528
175.2 214.8 1862.9 0.8536623716 0.4171788096 -0.3118051291 -0.2328987569 0.8412481546 0.4879136682 0.4658527374 -0.3438945115 0.8153022528
95.1 45.3 1928.6 0.8572750688 0.4030323029 -0.3203816712 -0.2254349738 0.8532853723 0.4701947868 0.4628806710 -0.3308610320 0.8223578334
50.0 247.7 1795.3 0.1117233783 -0.6836214662 -0.7212347984 0.2610062659 0.7204839587 -0.6424784660 0.9588501453 -0.1164669394 0.2589243948
25.8 191.2 1587.7 -0.6980730295 -0.6836214662 0.2129688859 -0.6920556426 0.7204839587 0.0442924723 -0.1837199479 -0.1164669394 -0.9760545492
300.4 181.9 1930.5 -0.3697660267 0.9280219078 -0.0452593975 -0.4392558634 -0.1316797882 0.8886589408 0.8187352419 0.3484763503 0.4563297927
197.3 59.4 2158.8 -0.2671845257 0.9280219078 -0.2595915198 -0.8871311545 -0.1316797882 0.4423333406 0.3763120770 0.3484763503 0.8584599495
-65.0 -103.7 1955.1 0.3876629174 -0.0382385626 0.9210077524 0.0492168516 0.9985727072 0.0207429696 -0.9204863906 0.0372878201 0.3889915943
-49.8 -500.5 1940.3 0.3805634975 0.0867635831 0.9206755757 -0.0576849058 0.9958772659 -0.0700063184 -0.9229539037 -0.0264672320 0.3839994967
90.4 -143.7 2043.5 -0.8270666599 0.1636136174 0.5377650857 0.1051774770 0.9848489165 -0.1378778815 -0.5521760583 -0.0574734285 -0.8317441940
25.4 -535.0 2066.4 -0.8150005937 -0.1639776826 0.5557745695 -0.1933006495 0.9811211228 0.0060129366 -0.5462681651 -0.1025310382 -0.8313112855
225.5 389.1 1640.3 0 0 0 0 0 0 0 0 0
127.8 -171.1 2256.6 0 0 0 0 0 0 0 0 0
-83.0 -880.8 1950.4 0 0 0 0 0 0 0 0 0
88.1 -909.8 2105.5 0 0 0 0 0 0 0 0 0
256.3 387.7 1794.3 47 0.8550204039 0.4060382843 -0.3226035535 -0.2229059488 0.8494227529 0.4783240259 0.4682446718 -0.3370665610 0.8167821765
175.1 217.8 1861.7 0.8550204039 0.4060382843 -0.3226035535 -0.2229059488 0.8494227529 0.4783240259 0.4682446718 -0.3370665610 0.8167821765
97.1 47.0 1926.5 0.8585111499 0.3926042914 -0.3298794329 -0.2154346406 0.8599122167 0.4627514184 0.4653455615 -0.3262097836 0.8228248358
49.8 249.2 1793.7 0.1045190915 -0.6929409504 -0.7133783102 0.2589697838 0.7115245461 -0.6531978846 0.9602137208 -0.1164717749 0.2538186610
27.1 193.2 1585.9 -0.6878656745 -0.6929409504 0.2160407454 -0.7008234859 0.7115245461 0.0507870205 -0.1889106929 -0.1164717749 -0.9750626087
300.5 186.4 1929.6 -0.3667386472 0.9284423590 -0.0591404103 -0.4471569359 -0.1201699078 0.8863463402 0.8158146143 0.3515025079 0.4592303634
198.2 61.7 2157.2 -0.2563574016 0.9284423590 -0.2688414156 -0.8920656443 -0.1201699078 0.4356352687 0.3721555769 0.3515025079 0.8590379357
-63.6 -103.6 1951.9 0.3905864656 -0.0461168848 0.9194103479 0.0548991859 0.9981337190 0.0267431587 -0.9189277887 0.0400293656 0.3923892975
-45.2 -500.3 1936.0 0.3792307973 0.1080635265 0.9189702272 -0.0842530355 0.9930640459 -0.0820077136 -0.9214583039 -0.0463261791 0.3857051432
93.6 -144.9 2036.7 -0.8243011236 0.1785234362 0.5372681022 0.1080532894 0.9811468720 -0.1602351964 -0.5557446480 -0.0740284696 -0.8280504942
22.7 -534.7 2066.2 -0.8123898506 -0.1648485959 0.5593279004 -0.1965619475 0.9804852009 0.0034803946 -0.5489864349 -0.1071151420 -0.8289391994
223.9 393.6 1639.9 0 0 0 0 0 0 0 0 0
131.6 -170.1 2253.9 0 0 0 0 0 0 0 0 0
-86.5 -879.5 1953.7 0 0 0 0 0 0 0 0 0
85.7 -909.3 2107.1 0 0 0 0 0 0 0 0 0
251.3 393.0 1803.0 48 0.8506023884 0.3898648620 -0.3528185785 -0.2085819989 0.8661324382 0.4542115331 0.4826687276 -0.3127618134 0.8180531263
173.4 219.9 1865.5 0.8506023884 0.3898648620 -0.3528185785 -0.2085819989 0.8661324382 0.4542115331 0.4826687276 -0.3127618134 0.8180531263
97.9 46.6 1926.2 0.8529025316 0.3803493679 -0.3576194048 -0.2033884376 0.8729574680 0.4433716238 0.4808226228 -0.3054171205 0.8219063282
48.9 249.7 1795.3 0.0781444386 -0.7058866024 -0.7040010691 0.2471494675 0.6978335977 -0.6722688675 0.9658212066 -0.1214594096 0.2289913148
32.0 196.2 1586.2 -0.6679539680 -0.7058866024 0.2357150316 -0.7128583193 0.6978335977 0.0697233677 -0.2137066424 -0.1214594096 -0.9693178535
297.9 190.2 1935.7 -0.3738859296 0.9232150316 -0.0887883455 -0.4670040905 -0.1046850905 0.8780365586 0.8013216853 0.3697500229 0.4702854753
193.7 60.0 2159.2 -0.2441588938 0.9232150316 -0.2967498600 -0.9028022289 -0.1046850905 0.4171201289 0.3540262878 0.3697500229 0.8590403199
-59.6 -104.1 1948.6 0.4106507897 -0.0432286002 0.9107673764 0.0454335958 0.9986047745 0.0269124117 -0.9106600285 0.0303278323 0.4120418727
-42.4 -500.9 1936.6 0.4013886154 0.1041603684 0.9099658132 -0.0684253424 0.9941462278 -0.0836135671 -0.9133483171 -0.0287031848 0.4061661959
97.8 -143.6 2034.0 -0.8121238947 0.1928654909 0.5506883264 0.1107851937 0.9775919914 -0.1789986342 -0.5728711486 -0.0843609646 -0.8152924776
21.2 -532.0 2067.5 -0.7975049615 -0.1673656553 0.5796331763 -0.1769032925 0.9833924770 0.0405513048 -0.5767937899 -0.0701991543 -0.8138679266
223.0 400.0 1647.4 0 0 0 0 0 0 0 0 0
130.2 -174.5 2251.2 0 0 0 0 0 0 0 0 0
-82.2 -880.7 1947.5 0 0 0 0 0 0 0 0 0
85.1 -907.5 2094.3 0 0 0 0 0 0 0 0 0
245.2 397.7 1812.4 49 0.8500287533 0.3792071342 -0.3655858636 -0.2067738324 0.8785706758 0.4305324256 0.4844539762 -0.2903713584 0.8252204657
169.4 222.2 1870.4 0.8500287533 0.3792071342 -0.3655858636 -0.2067738324 0.8785706758 0.4305324256 0.4844539762 -0.2903713584 0.8252204657
96.7 46.3 1926.8 0.8535675406 0.3663399816 -0.3704287708 -0.1983981878 0.8860126734 0.4190700650 0.4817267060 -0.2842122018 0.8289528489
44.8 251.2 1800.0 0.0679437518 -0.7176308632 -0.6931014061 0.2276275903 0.6875340343 -0.6895524859 0.9713749886 -0.1109182239 0.2100662291
30.1 201.9 1589.8 -0.6537033319 -0.7176308632 0.2401621342 -0.7199350595 0.6875340343 0.0948181078 -0.2331640422 -0.1109182239 -0.9660909176
294.1 193.2 1940.8 -0.3701538444 0.9227492213 -0.1073310375 -0.4907234013 -0.0961201042 0.8659973741 0.7887817621 0.3732221127 0.4883938730
190.8 56.4 2160.7 -0.2299442440 0.9227492213 -0.3092886508 -0.9144598246 -0.0961201042 0.3930956125 0.3329998255 0.3732221127 0.8659193516
-55.8 -108.2 1942.8 0.4169740081 -0.0375102162 0.9081440568 0.0357461274 0.9990518689 0.0248522758 -0.9082152247 0.0220998805 0.4179194868
-40.9 -505.2 1934.0 0.4069334865 0.1030810699 0.9076229334 -0.0960506275 0.9929327369 -0.0697055459 -0.9083938599 -0.0588122383 0.4139585793
100.6 -145.5 2031.0 -0.8087301254 0.2131283134 0.5482079387 0.1178421602 0.9718551636 -0.2039871067 -0.5762541294 -0.1003685072 -0.8110840321
15.9 -531.5 2070.9 -0.7844033837 -0.2016370893 0.5865610242 -0.1850695908 0.9786920547 0.0889445469 -0.5919971466 -0.0387862101 -0.8050062060
217.1 407.9 1656.4 0 0 0 0 0 0 0 0 0
131.1 -181.1 2247.2 0 0 0 0 0 0 0 0 0
-80.3 -884.4 1956.5 0 0 0 0 0 0 0 0 0
92.8 -905.0 2085.7 0 0 0 0 0 0 0 0 0
237.1 403.6 1815.6 50 0.8662582040 0.3508332372 -0.3556863368 -0.2008464038 0.8964347839 0.3950510919 0.4574466646 -0.2707779408 0.8470075727
167.2 225.1 1869.5 0.8662582040 0.3508332372 -0.3556863368 -0.2008464038 0.8964347839 0.3950510919 0.4574466646 -0.2707779408 0.8470075727
99.7 45.9 1922.1 0.8690403700 0.3399305046 -0.3594663739 -0.1936016679 0.9022932649 0.3852080405 0.4552880526 -0.2651680708 0.8499404192
40.3 253.3 1802.9 0.0862870663 -0.7349585891 -0.6725997329 0.1994832158 0.6741914749 -0.7111064196 0.9760947824 -0.0728130788 0.2047859132
21.6 210.2 1591.7 -0.6432161927 -0.7349585891 0.2147295624 -0.7271084785 0.6741914749 0.1295343786 -0.2399712354 -0.0728130788 -0.9680454731
294.1 196.8 1936.0 -0.3404473960 0.9333240986 -0.1140251905 -0.5227237940 -0.0870667994 0.8480443358 0.7815724015 0.3483181596 0.5175123811
199.2 51.1 2153.8 -0.2021770477 0.9333240986 -0.2966995239 -0.9291646481 -0.0870667994 0.3592665792 0.3094794750 0.3483181596 0.8848146200
-54.3 -111.5 1939.1 0.3965780735 -0.0320167616 0.9174425006 0.0189805534 0.9994639754 0.0266745090 -0.9178047776 0.0068350420 0.3969731629
-41.6 -508.6 1936.4 0.3917371333 0.0875196308 0.9159051776 -0.0455490649 0.9960897565 -0.0757001266 -0.9189490080 -0.0120640751 0.3941917717
102.2 -147.9 2027.5 -0.8257670999 0.2008133680 0.5270509124 0.1118350700 0.9742122293 -0.1959680021 -0.5528123975 -0.1028811634 -0.8269304037
22.4 -534.9 2068.4 -0.8125292063 -0.1644129306 0.5592536926 -0.1747945547 0.9839712977 0.0353183597 -0.5560963750 -0.0690573007 -0.8282438517
205.6 418.1 1660.3 0 0 0 0 0 0 0 0 0
146.7 -190.1 2234.2 0 0 0 0 0 0 0 0 0
-75.0 -888.7 1941.0 0 0 0 0 0 0 0 0 0
85.1 -910.3 2094.7 0 0 0 0 0 0 0 0 0
230.1 411.0 1825.7 51 0.8627080917 0.3246062100 -0.3877700269 -0.1842243820 0.9158374667 0.3567956686 0.4709523916 -0.2363738120 0.8499007225
165.4 228.3 1872.8 0.8627080917 0.3246062100 -0.3877700269 -0.1842243820 0.9158374667 0.3567956686 0.4709523916 -0.2363738120 0.8499007225
103.1 45.7 1919.3 0.8654881716 0.3141863346 -0.3901501298 -0.1762343496 0.9200395346 0.3499552608 0.4689047337 -0.2341242880 0.8516538143
39.1 254.1 1804.3 0.0589917004 -0.7560104728 -0.6518957615 0.1760924309 0.6506734490 -0.7386578918 0.9826044440 -0.0712192208 0.1715120524
26.3 216.0 1591.6 -0.6127040386 -0.7560104728 0.2303083092 -0.7417497039 0.6506734490 0.1625775248 -0.2727658153 -0.0712192208 -0.9594407678
291.7 202.5 1941.3 -0.3380302787 0.9284214973 -0.1541722119 -0.5547025800 -0.0642057359 0.8295677304 0.7602897882 0.3659387231 0.5367013216
197.5 47.9 2153.2 -0.1760609150 0.9284214973 -0.3271636963 -0.9433711767 -0.0642057359 0.3254664540 0.2811642587 0.3659387231 0.8871502280
-47.5 -115.6 1932.9 0.4168154895 -0.0134109193 0.9088921547 0.0055395481 0.9999100566 0.0122134881 -0.9089742303 -0.0000559192 0.4168522954
-42.2 -512.9 1933.0 0.4123106897 0.0790184513 0.9076100588 -0.0640562847 0.9962803721 -0.0576386750 -0.9087885618 -0.0343730897 0.4158386886
111.8 -151.0 2016.4 -0.8173324466 0.2118613124 0.5358006954 0.0989873931 0.9677478671 -0.2316583693 -0.5675994158 -0.1363043934 -0.8119433522
27.7 -535.3 2070.6 -0.8122395873 -0.1115774959 0.5725532770 -0.1156717986 0.9928526282 0.0293890461 -0.5717402101 -0.0423573218 -0.8193405867
201.6 428.2 1669.6 0 0 0 0 0 0 0 0 0
151.8 -196.9 2226.1 0 0 0 0 0 0 0 0 0
-72.3 -893.2 1946.1 0 0 0 0 0 0 0 0 0
70.2 -913.7 2086.7 0 0 0 0 0 0 0 0 0
223.5 416.0 1830.2 52 0.8468806148 0.3135875165 -0.4294835627 -0.1626063883 0.9216502905 0.3523064554 0.5063125491 -0.2285247445 0.8315191269
160.9 232.2 1875.8 0.8468806148 0.3135875165 -0.4294835627 -0.1626063883 0.9216502905 0.3523064554 0.5063125491 -0.2285247445 0.8315191269
101.2 48.1 1919.9 0.8493104577 0.3013684154 -0.4334152639 -0.1553004980 0.9273357987 0.3404850066 0.5045329332 -0.2218678594 0.8343986869
37.1 254.9 1802.1 0.0139721232 -0.7678611875 -0.6404638886 0.1775048822 0.6322575808 -0.7541500926 0.9840207100 -0.1031483933 0.1451330930
34.0 216.5 1589.1 -0.5828354955 -0.7678611875 0.2658796906 -0.7563151121 0.6322575808 0.1680412740 -0.2971368134 -0.1031483933 -0.9492471218
284.8 209.5 1949.5 -0.3557742238 0.9136677384 -0.1965604573 -0.5629785061 -0.0416430943 0.8254217505 0.7459758520 0.4043231010 0.5291907787
185.7 52.5 2157.4 -0.1647648662 0.9136677384 -0.3715694249 -0.9472903013 -0.0416430943 0.3176585436 0.2747610509 0.4043231010 0.8723698854
-38.6 -120.8 1922.7 0.4544335008 0.0063808570 0.8907577991 -0.0210958906 0.9997709990 0.0036006242 -0.8905308247 -0.0204275735 0.4544640481
-41.1 -517.9 1930.9 0.4500815272 0.0860863328 0.8888283372 -0.0809130669 0.9951795340 -0.0554143898 -0.8893141747 -0.0469768345 0.4548774362
120.1 -153.1 2008.8 -0.7925628424 0.2333056033 0.5633938313 0.0914284512 0.9589354396 -0.2684839964 -0.6028971672 -0.1612801999 -0.7813473940
27.4 -533.8 2072.8 -0.7843710780 -0.1225912124 0.6080570817 -0.1208806410 0.9916912317 0.0440046750 -0.6083994508 -0.0389863364 -0.7926728129
200.7 432.8 1674.1 0 0 0 0 0 0 0 0 0
142.9 -193.4 2228.7 0 0 0 0 0 0 0 0 0
-74.0 -898.0 1948.8 0 0 0 0 0 0 0 0 0
74.2 -912.3 2087.7 0 0 0 0 0 0 0 0 0
215.2 418.7 1833.5 53 0.8334702253 0.2912876904 -0.4695518017 -0.1338445544 0.9308884144 0.3399004936 0.5361092091 -0.2204499692 0.8148550391
156.9 232.5 1877.6 0.8334702253 0.2912876904 -0.4695518017 -0.1338445544 0.9308884144 0.3399004936 0.5361092091 -0.2204499692 0.8148550391
101.6 46.8 1921.0 0.8361985087 0.2791214585 -0.4720839858 -0.1249193996 0.9351071119 0.3316169679 0.5340104699 -0.2183251530 0.8168028593
34.9 250.8 1799.7 -0.0250828192 -0.7836104035 -0.6207460165 0.1839630157 0.6067190766 -0.7733366489 0.9826130867 -0.1335917711 0.1289370954
40.4 210.9 1587.0 -0.5480984449 -0.7836104035 0.2924770713 -0.7764011621 0.6067190766 0.1705674678 -0.3111098707 -0.1335917711 -0.9409377575
278.9 214.2 1955.5 -0.3629105687 0.9002382159 -0.2405557632 -0.5694057345 -0.0098943133 0.8219970465 0.7376130223 0.4352852702 0.5161915421
177.7 55.4 2161.2 -0.1439815462 0.9002382159 -0.4109020233 -0.9502609968 -0.0098943133 0.3112975657 0.2761763632 0.4352852702 0.8568858504
-36.3 -121.8 1917.8 0.4849166572 0.0124110542 0.8744723201 -0.0243929308 0.9997022152 -0.0006619084 -0.8742201328 -0.0210099723 0.4850749969
-41.3 -519.0 1926.1 0.4796682298 0.0819085315 0.8736185431 -0.1097733155 0.9934130311 -0.0328681581 -0.8705562353 -0.0801341906 0.4855000675
119.2 -150.3 2010.3 -0.7683865428 0.2226823270 0.5999956131 0.0880894512 0.9653903246 -0.2454828173 -0.6338946223 -0.1357724071 -0.7614088655
30.8 -533.7 2064.2 -0.7697103024 -0.0747060627 0.6340070963 -0.1212536693 0.9921590090 -0.0302992053 -0.6267723441 -0.1001973003 -0.7727334499
197.1 433.0 1676.0 0 0 0 0 0 0 0 0 0
140.3 -191.4 2232.9 0 0 0 0 0 0 0 0 0
-72.5 -898.3 1956.7 0 0 0 0 0 0 0 0 0
59.2 -911.4 2102.3 0 0 0 0 0 0 0 0 0
207.7 423.3 1834.6 54 0.8393853307 0.2734471560 -0.4697434306 -0.1198309213 0.9360693693 0.3307788670 0.5301629901 -0.2213611305 0.8184903264
153.2 236.7 1878.8 0.8393853307 0.2734471560 -0.4697434306 -0.1198309213 0.9360693693 0.3307788670 0.5301629901 -0.2213611305 0.8184903264
100.8 50.1 1922.2 0.8412243724 0.2638671100 -0.4719276428 -0.1134114265 0.9395259619 0.3231545091 0.5286580920 -0.2183234543 0.8202776909
30.4 253.3 1801.6 -0.0217744876 -0.7933337688 -0.6083973646 0.1818685234 0.5952448845 -0.7826923728 0.9830817580 -0.1276910603 0.1313212812
35.1 213.9 1588.8 -0.5384164453 -0.7933337688 0.2841288447 -0.7839156389 0.5952448845 0.1765213311 -0.3091665804 -0.1276910603 -0.9423964024
275.9 220.1 1955.9 -0.3501162827 0.9029061794 -0.2493572980 -0.5757730603 0.0025344875 0.8176056147 0.7388531566 0.4298302531 0.5189816952
178.3 59.5 2162.0 -0.1282405257 0.9029061794 -0.4102619290 -0.9528527260 0.0025344875 0.3034226000 0.2750019431 0.4298302531 0.8600115776
-30.3 -127.4 1915.6 0.4795576036 0.0231800526 0.8772041798 -0.0436902866 0.9990419745 -0.0025146217 -0.8764221072 -0.0371193960 0.4801109135
-39.5 -524.3 1930.3 0.4760107100 0.0978953540 0.8739738464 -0.0836824030 0.9943178296 -0.0657975897 -0.8754490614 -0.0418158732 0.4814980328
122.8 -150.4 2013.5 -0.7697674632 0.2200194448 0.5992073417 0.0946187973 0.9676783085 -0.2337647825 -0.6312727928 -0.1232482418 -0.7657052875
35.4 -534.8 2062.4 -0.7782896161 -0.0241708700 0.6274400949 -0.0870467946 0.9937635064 -0.0696918815 -0.6218425632 -0.1088571176 -0.7755398154
189.1 438.1 1677.2 0 0 0 0 0 0 0 0 0
145.0 -188.0 2233.4 0 0 0 0 0 0 0 0 0
-76.9 -903.8 1946.3 0 0 0 0 0 0 0 0 0
44.6 -913.3 2103.9 0 0 0 0 0 0 0 0 0
200.1 428.0 1844.2 55 0.8399853706 0.2516945004 -0.4807020724 -0.1128278300 0.9475640059 0.2989854515 0.5307489634 -0.1969068348 0.8243380189
149.9 238.9 1883.5 0.8399853706 0.2516945004 -0.4807020724 -0.1128278300 0.9475640059 0.2989854515 0.5307489634 -0.1969068348 0.8243380189
101.2 50.5 1923.1 0.8416572213 0.2452889085 -0.4810888171 -0.1064484641 0.9487658739 0.2975097597 0.5294165015 -0.1991900802 0.8246462941
27.0 254.5 1806.2 -0.0286667980 -0.8049323559 -0.5926737189 0.1623080671 0.5813005567 -0.7973366380 0.9863236547 -0.1190528125 0.1139829829
33.2 219.3 1592.7 -0.5212600827 -0.8049323559 0.2834992409 -0.7885988355 0.5813005567 0.2005032897 -0.3261898458 -0.1190528125 -0.9377774596
272.7 223.3 1960.8 -0.3406608403 0.9012888074 -0.2676352561 -0.5969071984 0.0126009975 0.8022113442 0.7263965607 0.4330354035 0.5336931348
177.8 56.9 2163.4 -0.1095721349 0.9012888074 -0.4191329181 -0.9604457021 0.0126009975 0.2781819999 0.2560038269 0.4330354035 0.8642582893
-28.7 -126.1 1917.1 0.4828654528 0.0206708461 0.8754505515 -0.0435956381 0.9990491271 0.0004564927 -0.8746086955 -0.0383862481 0.4833074808
-36.9 -523.1 1932.4 0.4796497822 0.1089894027 0.8706648946 -0.0751529932 0.9937125444 -0.0829906166 -0.8742357492 -0.0256266445 0.4848248661
125.5 -146.9 2014.1 -0.7677891254 0.2251779288 0.5998289585 0.0989064947 0.9666386247 -0.2362779528 -0.6330224276 -0.1220846623 -0.7644461989
36.0 -531.0 2062.6 -0.7786316872 -0.0169903804 0.6272512078 -0.0904122815 0.9922398925 -0.0853554904 -0.6209334135 -0.1231717020 -0.7741255760
182.3 444.9 1686.0 0 0 0 0 0 0 0 0 0
149.3 -192.5 2229.9 0 0 0 0 0 0 0 0 0
-78.5 -902.5 1942.2 0 0 0 0 0 0 0 0 0
42.5 -909.5 2109.5 0 0 0 0 0 0 0 0 0
192.6 431.5 1850.0 56 0.8163651228 0.2344541997 -0.5278060436 -0.0874464065 0.9535354972 0.2883108556 0.5708774924 -0.1892121732 0.7989352942
145.9 241.5 1887.7 0.8163651228 0.2344541997 -0.5278060436 -0.0874464065 0.9535354972 0.2883108556 0.5708774924 -0.1892121732 0.7989352942
100.6 51.8 1925.0 0.8173153400 0.2284992933 -0.5289458632 -0.0835285857 0.9552945495 0.2836111188 0.5701040626 -0.1876176298 0.7998631001
26.7 253.8 1804.5 -0.0814348534 -0.8138542175 -0.5753344297 0.1608365476 0.5589551926 -0.8134498596 0.9836157560 -0.1587779671 0.0853790641
44.3 219.0 1591.6 -0.4827028513 -0.8138542175 0.3234799802 -0.8024695516 0.5589551926 0.2088341713 -0.3507713675 -0.1587779671 -0.9229024649
265.1 229.3 1970.9 -0.3589557707 0.8782889843 -0.3158467412 -0.6069760919 0.0374067761 0.7938392162 0.7090350986 0.4766646028 0.5196730494
165.0 60.1 2168.5 -0.0953596383 0.8782889843 -0.4685242176 -0.9632015228 0.0374067761 0.2661644816 0.2512953281 0.4766646028 0.8424022198
-24.7 -128.2 1914.1 0.5258268714 0.0357568003 0.8498396873 -0.0517807789 0.9986086488 -0.0099775577 -0.8490140438 -0.0387588926 0.5269467831
-38.9 -525.0 1929.5 0.5234440565 0.0944403484 0.8468101025 -0.0789681002 0.9949380755 -0.0621472485 -0.8483927846 -0.0343403742 0.5282521844
129.6 -147.7 2011.2 -0.7379274368 0.2318916619 0.6337896585 0.0796500444 0.9624759555 -0.2594144642 -0.6701633930 -0.1409476846 -0.7287076116
37.5 -530.1 2067.2 -0.7456002831 -0.0036179186 0.6663836241 -0.0683557466 0.9951257706 -0.0710788444 -0.6628783345 -0.0985475555 -0.7422133684
182.3 448.5 1691.9 0 0 0 0 0 0 0 0 0
140.2 -190.1 2233.8 0 0 0 0 0 0 0 0 0
-74.9 -905.0 1942.6 0 0 0 0 0 0 0 0 0
38.9 -909.9 2104.8 0 0 0 0 0 0 0 0 0
184.5 434.5 1852.4 57 0.7768691182 0.2159447521 -0.5914746523 -0.0514069535 0.9579684734 0.2822298408 0.6275601387 -0.1888497472 0.7553172112
141.7 244.3 1889.9 0.7768691182 0.2159447521 -0.5914746523 -0.0514069535 0.9579684734 0.2822298408 0.6275601387 -0.1888497472 0.7553172112
99.7 53.9 1927.6 0.7775104046 0.2121018171 -0.5920222402 -0.0485351346 0.9588372707 0.2797775567 0.6269943118 -0.1887961030 0.7558003664
28.4 251.4 1798.5 -0.1549801975 -0.8172520995 -0.5550496578 0.1741289049 0.5304442644 -0.8296433091 0.9724506736 -0.2252284735 0.0600988679
61.9 213.8 1588.0 -0.4324595034 -0.8172520995 0.3808907270 -0.8228316307 0.5304442644 0.2039045393 -0.3686827123 -0.2252284735 -0.9018565416
255.0 237.2 1981.2 -0.3891994953 0.8410853744 -0.3756316304 -0.6071014404 0.0724758282 0.7913122773 0.6927853823 0.5360248089 0.4824166000
146.5 68.0 2174.3 -0.0840495750 0.8410853744 -0.5343323350 -0.9614338875 0.0724758282 0.2653151751 0.2618788779 0.5360248089 0.8025564551
-19.5 -130.2 1910.2 0.5851252675 0.0442262851 0.8097360134 -0.0574872456 0.9982618093 -0.0129822195 -0.8089027405 -0.0389532670 0.5866506696
-37.1 -526.9 1925.7 0.5812491775 0.0928491503 0.8084110618 -0.1066857949 0.9935887456 -0.0374102332 -0.8067016602 -0.0645013079 0.5874283314
130.1 -145.6 2014.6 -0.6867966056 0.2267398536 0.6905790567 0.0650393143 0.9654585123 -0.2523087561 -0.7239339352 -0.1283700168 -0.6778206229
40.0 -529.2 2065.6 -0.6952696443 0.0284789801 0.7181845307 -0.0549397133 0.9941855669 -0.0926103294 -0.7166461945 -0.1038460061 -0.6896624565
185.6 449.1 1693.5 0 0 0 0 0 0 0 0 0
124.6 -181.8 2242.4 0 0 0 0 0 0 0 0 0
-72.6 -906.3 1950.3 0 0 0 0 0 0 0 0 0
29.1 -908.7 2105.3 0 0 0 0 0 0 0 0 0
