73.1 440.0 2075.5 22 0.9930059910 0.0284202993 -0.1145924106 -0.0282824077 0.9995959401 0.0028293093 0.1146265194 0.0004314281 0.9934085608
67.0 225.5 2075.4 0.9930059910 0.0284202993 -0.1145924106 -0.0282824077 0.9995959401 0.0028293093 0.1146265194 0.0004314281 0.9934085608
69.4 33.2 2101.8 0.9934586883 -0.0122770844 -0.1135300025 0.0275333785 0.9906246066 0.1338086128 0.1108228341 -0.1360591948 0.9844827056
-68.7 221.7 2060.3 0.2346402407 -0.8382520676 -0.4922168553 0.2793613970 0.5431410670 -0.7918049097 0.9310752749 0.0482828915 0.3616180122
-109.8 172.9 1897.5 -0.5452109575 -0.8382520676 -0.0088607715 -0.8362880945 0.5431410670 0.0749668330 -0.0580284521 0.0482828915 -0.9971466660
202.7 229.3 2090.6 0.7438594103 0.5000550151 0.4434164464 -0.4690123796 -0.0820855647 0.8793687224 0.4761308432 -0.8620945215 0.1734718829
371.7 122.7 2198.7 -0.6726146936 0.5000550151 0.5454671383 -0.6638530493 -0.0820855647 -0.7433445454 -0.3269381821 -0.8620945215 0.3871750236
-16.2 -164.8 2115.0 0.9897066951 0.0408720672 -0.1371498555 -0.0408742614 0.9991603494 0.0028014556 0.1371491998 0.0028332793 0.9905463457
-32.1 -552.7 2113.9 0.9893515110 0.0626516864 -0.1313712448 -0.0467745513 0.9915937781 0.1206394434 0.1378251761 -0.1132099852 0.9839652777
162.1 -158.5 2131.7 0.9895445108 0.0880837962 -0.1142057627 -0.0941538513 0.9943568110 -0.0488828309 0.1092555001 0.0591246486 0.9922537804
127.9 -544.5 2108.7 0.9919523001 -0.0758674592 -0.1013642475 0.0846055374 0.9927924871 0.0848821625 0.0941938683 -0.0927750394 0.9912216067
28.2 384.5 1912.2 0 0 0 0 0 0 0 0 0
199.3 -47.4 2114.9 0 0 0 0 0 0 0 0 0
-55.5 -922.8 2156.2 0 0 0 0 0 0 0 0 0
156.2 -915.1 2143.4 0 0 0 0 0 0 0 0 0
72.6 441.6 2076.2 23 0.9952372313 0.0138101429 -0.0964993834 -0.0137504051 0.9999046326 0.0012840609 0.0965079144 0.0000489603 0.9953322411
69.6 225.5 2076.2 0.9952372313 0.0138101429 -0.0964993834 -0.0137504051 0.9999046326 0.0012840609 0.0965079144 0.0000489603 0.9953322411
70.5 33.3 2103.3 0.9953818917 -0.0047654328 -0.0958760157 0.0180757381 0.9902052283 0.1384444982 0.0942771807 -0.1395381689 0.9857184887
-66.3 223.0 2063.4 0.2486865520 -0.8317776322 -0.4962871969 0.2720636725 0.5517427325 -0.7883915901 0.9295893312 0.0610406809 0.3635074496
-111.1 174.0 1895.9 -0.5550773740 -0.8317776322 -0.0059230221 -0.8278598189 0.5517427325 0.1011340991 -0.0808530897 0.0610406809 -0.9948551655
205.6 228.0 2089.1 0.7362743020 0.5208370686 0.4320056438 -0.4579831064 -0.0864291638 0.8847493529 0.4981481433 -0.8492695689 0.1748990119
370.8 125.2 2200.9 -0.6587069035 0.5208370686 0.5429861546 -0.6734929085 -0.0864291638 -0.7341234684 -0.3354288936 -0.8492695689 0.4077115357
-17.3 -161.5 2118.3 0.9919272065 0.0357218198 -0.1216732636 -0.0378462933 0.9991680384 -0.0151936971 0.1210292950 0.0196759235 0.9924539328
-31.1 -549.4 2110.6 0.9910045862 0.0703563392 -0.1138417497 -0.0522747226 0.9865823388 0.1546693444 0.1231962293 -0.1473269910 0.9813854694
160.7 -156.6 2138.1 0.9914844632 0.0841416195 -0.0993919969 -0.0900847688 0.9943075776 -0.0568958707 0.0940389112 0.0653650761 0.9934204221
128.0 -542.6 2112.8 0.9932878613 -0.0740941167 -0.0888216719 0.0796122327 0.9950016737 0.0602791607 0.0839113817 -0.0669458508 0.9942218661
30.2 384.8 1916.5 0 0 0 0 0 0 0 0 0
201.9 -47.4 2114.9 0 0 0 0 0 0 0 0 0
-57.4 -917.4 2165.6 0 0 0 0 0 0 0 0 0
155.7 -913.9 2137.8 0 0 0 0 0 0 0 0 0
72.9 440.7 2077.6 24 0.9955160022 0.0068242233 -0.0943468958 -0.0070610652 0.9999727011 -0.0021767153 0.0943294689 0.0028331443 0.9955369830
71.4 222.4 2077.0 0.9955160022 0.0068242233 -0.0943468958 -0.0070610652 0.9999727011 -0.0021767153 0.0943294689 0.0028331443 0.9955369830
72.3 29.8 2100.3 0.9955437183 -0.0043931231 -0.0941986665 0.0156710409 0.9927318692 0.1193224117 0.0929898247 -0.1202668697 0.9883768559
-64.6 220.3 2064.3 0.2864391208 -0.8130133152 -0.5069141984 0.2303546369 0.5720034242 -0.7872412801 0.9299942851 0.1087266654 0.3511255383
-117.1 178.0 1893.7 -0.5810286999 -0.8130133152 -0.0376172327 -0.8091081977 0.5720034242 0.1347442120 -0.0880316570 0.1087266654 -0.9901661277
207.4 224.6 2089.7 0.7411431074 0.5248861313 0.4185707569 -0.4472947121 -0.0788673460 0.8909025788 0.5006339550 -0.8475107551 0.1763267815
372.9 124.7 2201.4 -0.6595008969 0.5248861313 0.5381013751 -0.6671515703 -0.0788673460 -0.7407352924 -0.3463630378 -0.8475107551 0.4021916687
-17.7 -160.5 2122.0 0.9918705225 0.0429968834 -0.1197671145 -0.0464971401 0.9985646009 -0.0265847109 0.1184521466 0.0319374166 0.9924460053
-34.4 -548.1 2109.6 0.9925569296 0.0508929789 -0.1106375754 -0.0345668234 0.9888619184 0.1447662711 0.1167728677 -0.1398643851 0.9832609296
160.6 -157.3 2138.9 0.9913374186 0.0882546082 -0.0972689465 -0.0952520892 0.9930026531 -0.0698054433 0.0904276744 0.0784658194 0.9928070903
126.4 -542.7 2108.4 0.9928157330 -0.0875398219 -0.0815699399 0.0950392634 0.9911095500 0.0931092948 0.0726939738 -0.1001927182 0.9923089147
31.2 384.5 1916.2 0 0 0 0 0 0 0 0 0
203.8 -46.3 2112.6 0 0 0 0 0 0 0 0 0
-53.4 -917.1 2161.8 0 0 0 0 0 0 0 0 0
159.0 -912.4 2145.8 0 0 0 0 0 0 0 0 0
74.3 442.2 2078.8 25 0.9954499602 0.0142226061 -0.0942183957 -0.0149246920 0.9998658299 -0.0067511932 0.0941097289 0.0081266556 0.9955286384
71.2 222.4 2077.0 0.9954499602 0.0142226061 -0.0942183957 -0.0149246920 0.9998658299 -0.0067511932 0.0941097289 0.0081266556 0.9955286384
69.6 29.4 2097.8 0.9956384897 0.0081986152 -0.0929339975 0.0018453771 0.9942056537 0.1074788421 0.0932766870 -0.1071815714 0.9898543358
-64.8 222.1 2064.3 0.3534284532 -0.7956635356 -0.4919429421 0.2551535368 0.5879364610 -0.7676115036 0.8999916911 0.1457747668 0.4108098149
-130.1 175.0 1898.0 -0.5968859196 -0.7956635356 -0.1031830087 -0.8019863367 0.5879364610 0.1055870056 -0.0233466756 0.1457747668 -0.9890422821
207.2 222.6 2089.7 0.7425150871 0.5153463483 0.4278895557 -0.4514089227 -0.0869659781 0.8880692124 0.4948750436 -0.8525579572 0.1680583805
374.1 121.2 2201.0 -0.6781044602 0.5153463483 0.5240157247 -0.6496909261 -0.0869659781 -0.7552076578 -0.3436219692 -0.8525579572 0.3937878609
-16.0 -164.3 2115.3 0.9918556809 0.0460801795 -0.1187387481 -0.0471904501 0.9988644123 -0.0065544448 0.1183018759 0.0121043986 0.9929038882
-33.9 -552.0 2110.6 0.9929252267 0.0473877639 -0.1088755727 -0.0286230426 0.9853962660 0.1678538620 0.1152397990 -0.1635499746 0.9797812104
162.3 -161.5 2132.0 0.9915329814 0.0887621865 -0.0947816670 -0.0932270736 0.9946827888 -0.0437584706 0.0903935954 0.0522241853 0.9945358634
127.9 -547.5 2111.7 0.9937340021 -0.0748264417 -0.0830285549 0.0814952329 0.9934522510 0.0800699443 0.0764935538 -0.0863346606 0.9933252335
22.3 379.7 1904.0 0 0 0 0 0 0 0 0 0
200.3 -45.4 2112.9 0 0 0 0 0 0 0 0 0
-51.6 -919.6 2171.7 0 0 0 0 0 0 0 0 0
155.8 -918.2 2143.9 0 0 0 0 0 0 0 0 0
75.0 446.6 2084.4 26 0.9948996305 0.0174900778 -0.0993419141 -0.0205375142 0.9993467331 -0.0297368243 0.0987569168 0.0316253938 0.9946089387
71.0 222.0 2077.3 0.9948996305 0.0174900778 -0.0993419141 -0.0205375142 0.9993467331 -0.0297368243 0.0987569168 0.0316253938 0.9946089387
68.5 29.1 2098.0 0.9951742291 0.0133084161 -0.0972172320 -0.0027652250 0.9941699505 0.1077889875 0.0980849490 -0.1069999933 0.9894090891
-64.9 222.4 2063.9 0.4023177028 -0.7825791836 -0.4750897586 0.2616262436 0.5955780745 -0.7594988346 0.8773210049 0.1812638789 0.4443548620
-140.7 173.2 1898.7 -0.6056343913 -0.7825791836 -0.1441417038 -0.7957430482 0.5955780745 0.1099081039 -0.0001641603 0.1812638789 -0.9834344983
207.0 221.7 2090.7 0.7441343069 0.5086123943 0.4331022501 -0.4564334154 -0.0862964690 0.8855627775 0.4877834022 -0.8566600084 0.1679315269
375.9 118.1 2201.4 -0.6905363202 0.5086123943 0.5142694116 -0.6351734996 -0.0862964690 -0.7675334215 -0.3459973633 -0.8566600084 0.3826479614
-21.2 -163.7 2110.3 0.9919234514 0.0311805941 -0.1229457334 -0.0303097609 0.9995005131 0.0089474982 0.1231633127 -0.0051487773 0.9923730493
-33.3 -551.6 2112.3 0.9919136763 0.0499851070 -0.1166563481 -0.0305023696 0.9861248732 0.1631787717 0.1231942326 -0.1583009511 0.9796754718
157.2 -163.4 2127.0 0.9923302531 0.0740620345 -0.0989720449 -0.0777316764 0.9964030385 -0.0337454304 0.0961167961 0.0411798768 0.9945178628
128.5 -550.1 2111.0 0.9935356975 -0.0692664832 -0.0899387971 0.0764814764 0.9939029813 0.0794197172 0.0838893056 -0.0857849792 0.9927756786
14.3 376.8 1898.7 0 0 0 0 0 0 0 0 0
198.8 -44.7 2112.7 0 0 0 0 0 0 0 0 0
-51.9 -919.6 2171.3 0 0 0 0 0 0 0 0 0
154.3 -921.0 2143.0 0 0 0 0 0 0 0 0 0
76.4 449.1 2082.2 27 0.9943229556 -0.0043634702 -0.1063147187 0.0021562832 0.9997799397 -0.0208669882 0.1063823774 0.0205192808 0.9941135645
77.4 219.3 2077.5 0.9943229556 -0.0043634702 -0.1063147187 0.0021562832 0.9997799397 -0.0208669882 0.1063823774 0.0205192808 0.9941135645
71.4 26.4 2098.4 0.9940404296 0.0307943393 -0.1045721844 -0.0191526711 0.9936850667 0.1105585322 0.1073163897 -0.1078968123 0.9883528948
-58.4 221.9 2062.8 0.4715403318 -0.7535286546 -0.4580876827 0.2309782356 0.6068669558 -0.7605008483 0.8510574698 0.2527985275 0.4602109492
-149.9 177.1 1897.7 -0.6281542778 -0.7535286546 -0.1939505488 -0.7780756950 0.6068669558 0.1622058749 -0.0045245891 0.2527985275 -0.9675083756
213.2 216.7 2092.1 0.7418937683 0.5286862254 0.4124130905 -0.4323822558 -0.0928883553 0.8968931437 0.5124834180 -0.8437195420 0.1596812308
375.5 122.1 2204.2 -0.6759867668 0.5286862254 0.5133544207 -0.6472310424 -0.0928883553 -0.7566133142 -0.3523263931 -0.8437195420 0.4049734175
-23.3 -163.6 2110.0 0.9908379912 0.0291339178 -0.1318760514 -0.0274676345 0.9995184541 0.0144371372 0.1322331578 -0.0106825409 0.9911610484
-34.6 -551.6 2114.2 0.9910476208 0.0397693925 -0.1274479777 -0.0225494914 0.9907503128 0.1338108182 0.1315907091 -0.1297390163 0.9827775359
155.0 -164.1 2127.6 0.9914164543 0.0733168200 -0.1082499698 -0.0764591396 0.9967551231 -0.0251633190 0.1060538143 0.0332240276 0.9938051701
126.6 -551.0 2114.7 0.9909127951 -0.0875966921 -0.1020717397 0.0934696943 0.9941434264 0.0542426147 0.0967224762 -0.0632903203 0.9932971001
10.4 375.5 1898.9 0 0 0 0 0 0 0 0 0
202.2 -43.8 2113.9 0 0 0 0 0 0 0 0 0
-49.4 -921.2 2162.6 0 0 0 0 0 0 0 0 0
159.2 -921.9 2138.3 0 0 0 0 0 0 0 0 0
79.4 451.9 2085.6 28 0.9935677052 -0.0009258587 -0.1132359430 -0.0027432116 0.9994763136 -0.0322418846 0.1132064983 0.0323451236 0.9930448532
79.6 220.0 2078.1 0.9935677052 -0.0009258587 -0.1132359430 -0.0027432116 0.9994763136 -0.0322418846 0.1132064983 0.0323451236 0.9930448532
72.9 27.3 2100.2 0.9932595491 0.0342560597 -0.1107336506 -0.0211613756 0.9928668737 0.1173353046 0.1139632165 -0.1142011359 0.9868994355
-56.1 222.9 2062.5 0.5066114068 -0.7277443409 -0.4623127580 0.2105615884 0.6244143248 -0.7521771789 0.8360674381 0.2837162316 0.4695704281
-155.6 181.6 1898.4 -0.6535753012 -0.7277443409 -0.2079122066 -0.7567831278 0.6244143248 0.1933545768 -0.0108893365 0.2837162316 -0.9588464499
215.3 217.1 2093.6 0.7378827929 0.5379081368 0.4076564908 -0.4259358644 -0.0974035934 0.8994949460 0.5235528350 -0.8373574018 0.1572419256
374.8 125.0 2206.8 -0.6671103835 0.5379081368 0.5153819919 -0.6564531326 -0.0974035934 -0.7480520010 -0.3521831930 -0.8373574018 0.4180904329
-23.6 -164.7 2109.7 0.9901020527 0.0228298511 -0.1384800971 -0.0208773576 0.9996613264 0.0155358315 0.1387878805 -0.0124909598 0.9902433753
-32.5 -552.8 2114.5 0.9894140363 0.0517119095 -0.1355939656 -0.0364179462 0.9929341078 0.1129408032 0.1404762566 -0.1068071648 0.9843061566
154.5 -168.2 2128.9 0.9905269146 0.0737563595 -0.1158294454 -0.0779092163 0.9964551330 -0.0317386650 0.1130779162 0.0404621810 0.9927619100
125.9 -555.0 2113.2 0.9893670082 -0.0975555405 -0.1078692973 0.1052521542 0.9921102524 0.0681116357 0.1003735736 -0.0787408799 0.9918291569
10.7 374.1 1901.1 0 0 0 0 0 0 0 0 0
203.8 -43.3 2116.5 0 0 0 0 0 0 0 0 0
-51.8 -923.2 2154.4 0 0 0 0 0 0 0 0 0
162.3 -925.2 2142.6 0 0 0 0 0 0 0 0 0
78.2 449.9 2087.3 29 0.9935780168 -0.0250512827 -0.1103412285 0.0212330818 0.9991389513 -0.0356438793 0.1111391485 0.0330720879 0.9932544231
84.0 219.8 2079.7 0.9935780168 -0.0250512827 -0.1103412285 0.0212330818 0.9991389513 -0.0356438793 0.1111391485 0.0330720879 0.9932544231
76.1 27.1 2101.8 0.9931989312 0.0405257307 -0.1091491878 -0.0275588464 0.9926560521 0.1177901104 0.1131211296 -0.1139809862 0.9870217443
-51.7 223.6 2064.2 0.5352315903 -0.7106295228 -0.4566539824 0.2004321665 0.6320102811 -0.7485920191 0.8205815554 0.3091419339 0.4807048738
-159.0 183.4 1899.7 -0.6667750478 -0.7106295228 -0.2245367318 -0.7452018261 0.6320102811 0.2126905620 -0.0092346640 0.3091419339 -0.9509710670
219.7 216.1 2095.1 0.7312796712 0.5464133620 0.4082432091 -0.4259116650 -0.1016872376 0.8990322351 0.5327563286 -0.8313195109 0.1583620161
373.7 126.3 2207.3 -0.6652298570 0.5464133620 0.5088237524 -0.6557402611 -0.1016872376 -0.7481072545 -0.3570348918 -0.8313195109 0.4259506166
-22.7 -163.5 2112.2 0.9900724292 0.0301655717 -0.1372829378 -0.0269824341 0.9993234873 0.0249892697 0.1379438788 -0.0210369602 0.9902166128
-34.4 -551.5 2120.3 0.9901437163 0.0387667492 -0.1345830262 -0.0251952633 0.9945553541 0.1011178493 0.1377702802 -0.0967303440 0.9857294559
155.2 -167.3 2132.6 0.9908317924 0.0722985491 -0.1141286045 -0.0747451633 0.9970526099 -0.0173000172 0.1125414521 0.0256719664 0.9933153391
127.2 -554.3 2122.6 0.9897114635 -0.0878243148 -0.1129517779 0.0882458836 0.9960979223 -0.0012718135 0.1126227304 -0.0087088011 0.9935996532
11.0 373.3 1902.0 0 0 0 0 0 0 0 0 0
203.2 -41.8 2115.8 0 0 0 0 0 0 0 0 0
-48.9 -922.6 2156.4 0 0 0 0 0 0 0 0 0
159.9 -925.2 2125.9 0 0 0 0 0 0 0 0 0
79.8 450.5 2088.6 30 0.9941508770 -0.0238650814 -0.1053301170 0.0200891141 0.9991219640 -0.0367655121 0.1061150432 0.0344344787 0.9937574267
85.4 216.8 2080.6 0.9941508770 -0.0238650814 -0.1053301170 0.0200891141 0.9991219640 -0.0367655121 0.1061150432 0.0344344787 0.9937574267
76.7 24.1 2101.5 0.9935871959 0.0449355878 -0.1037556902 -0.0332093500 0.9931418300 0.1121001169 0.1080814004 -0.1079355776 0.9882653356
-50.3 221.4 2065.8 0.5576956272 -0.6823149920 -0.4726752043 0.1782336980 0.6546130180 -0.7346526980 0.8106838465 0.3254659176 0.4866863489
-163.6 185.2 1901.2 -0.6900718808 -0.6823149920 -0.2413443327 -0.7236864567 0.6546130180 0.2185400128 0.0088740177 0.3254659176 -0.9455121160
221.2 212.3 2095.3 0.7344467044 0.5521869659 0.3945600092 -0.4112174213 -0.1004185155 0.9059891701 0.5398965478 -0.8276506662 0.1533168703
371.4 128.2 2205.8 -0.6508852243 0.5521869659 0.5209970474 -0.6722803116 -0.1004185155 -0.7334543467 -0.3526861966 -0.8276506662 0.4365853965
-20.7 -163.1 2113.8 0.9908481240 0.0246357732 -0.1327141523 -0.0239439420 0.9996901155 0.0068065836 0.1328407079 -0.0035665908 0.9911310077
-30.3 -551.1 2115.1 0.9895675778 0.0647969097 -0.1286752522 -0.0479801781 0.9903864861 0.1297401935 0.1358449906 -0.1222128347 0.9831633568
157.3 -168.0 2134.0 0.9911501408 0.0750920400 -0.1094648093 -0.0781711265 0.9966484308 -0.0241078269 0.1072876304 0.0324514620 0.9936982989
128.1 -554.9 2121.4 0.9903982878 -0.0878576636 -0.1067346409 0.0895576254 0.9959183335 0.0112303356 0.1053123176 -0.0206814073 0.9942241311
12.6 370.0 1898.9 0 0 0 0 0 0 0 0 0
204.5 -44.2 2115.3 0 0 0 0 0 0 0 0 0
-54.4 -920.5 2160.7 0 0 0 0 0 0 0 0 0
160.9 -926.2 2129.1 0 0 0 0 0 0 0 0 0
79.5 453.5 2094.8 31 0.9943104982 -0.0110700736 -0.1059440002 0.0090270601 0.9997643232 -0.0197440591 0.1061376035 0.0186753627 0.9941760898
81.9 237.9 2090.8 0.9943104982 -0.0110700736 -0.1059440002 0.0090270601 0.9997643232 -0.0197440591 0.1061376035 0.0186753627 0.9941760898
76.7 44.5 2101.1 0.9940801263 0.0265368931 -0.1053590551 -0.0207315050 0.9982256293 0.0558189452 0.1066533774 -0.0533042513 0.9928663969
-53.9 240.7 2076.1 0.5134450197 -0.6937869191 -0.5050088763 0.2583850622 0.6861863732 -0.6799892783 0.8182978630 0.2186503410 0.5315831900
-164.4 185.1 1900.0 -0.6992602348 -0.6937869191 -0.1723220497 -0.7144820690 0.6861863732 0.1366148442 0.0234634541 0.2186503410 -0.9755211473
217.7 235.1 2105.4 0.7242689729 0.5027770400 0.4718576968 -0.5179598331 -0.0549986251 0.8536350727 0.4551396370 -0.8626646996 0.2205844969
370.6 125.8 2201.5 -0.6603790522 0.5027770400 0.5577766299 -0.6683951616 -0.0549986251 -0.7417702079 -0.3422680795 -0.8626646996 0.3723736703
-21.0 -165.7 2112.8 0.9909918308 0.0246861428 -0.1316272616 -0.0251815207 0.9996806979 -0.0021000355 0.1315333843 0.0053956928 0.9912970662
-30.6 -553.8 2110.7 0.9898167253 0.0663911849 -0.1259168833 -0.0458837226 0.9861662984 0.1592818499 0.1347499043 -0.1518823057 0.9791702032
157.0 -171.5 2132.1 0.9917118549 0.0744718611 -0.1046976522 -0.0771837011 0.9967721701 -0.0220875368 0.1027148068 0.0299854241 0.9942587614
128.1 -558.7 2120.4 0.9908307195 -0.0892694443 -0.1014170945 0.0918003693 0.9955651760 0.0205594245 0.0991320014 -0.0296810362 0.9946315289
14.2 367.6 1894.0 0 0 0 0 0 0 0 0 0
201.3 -45.6 2113.7 0 0 0 0 0 0 0 0 0
-55.4 -921.6 2167.3 0 0 0 0 0 0 0 0 0
161.4 -930.0 2131.5 0 0 0 0 0 0 0 0 0
77.7 451.6 2091.9 32 0.9953963161 -0.0222618394 -0.0932233930 0.0231672525 0.9996942282 0.0086412244 0.0930025205 -0.0107611734 0.9956077337
82.4 237.4 2094.2 0.9953963161 -0.0222618394 -0.0932233930 0.0231672525 0.9996942282 0.0086412244 0.0930025205 -0.0107611734 0.9956077337
74.5 43.8 2099.4 0.9948410392 0.0404751003 -0.0930219293 -0.0377617776 0.9988136292 0.0307467133 0.0941560492 -0.0270754192 0.9951891899
-53.5 242.6 2081.3 0.4995605052 -0.6923394203 -0.5206778049 0.2605742216 0.6933096647 -0.6718800068 0.8261600137 0.1999695003 0.5267559290
-163.6 185.2 1899.2 -0.7014214396 -0.6923394203 -0.1693340838 -0.7116804719 0.6933096647 0.1132810190 0.0389720388 0.1999695003 -0.9790267348
218.3 232.3 2107.0 0.7342717648 0.4889008403 0.4709787071 -0.5171885490 -0.0465213992 0.8546062112 0.4397282600 -0.8710979819 0.2186945677
368.6 126.4 2197.1 -0.6381908059 0.4889008403 0.5947171450 -0.6998540759 -0.0465213992 -0.7127692699 -0.3208064139 -0.8710979819 0.3718487918
-17.5 -147.1 2101.8 0.9923955798 0.0351943448 -0.1179508716 -0.0316024311 0.9989821315 0.0321863517 0.1189635918 -0.0282140560 0.9924976826
-31.1 -534.7 2112.8 0.9918470979 0.0567762777 -0.1140867621 -0.0421604849 0.9910486341 0.1266693473 0.1202573404 -0.1208266765 0.9853624105
160.7 -150.8 2121.0 0.9920582771 0.0890476480 -0.0888308883 -0.0889814422 0.9960221052 0.0047129225 0.0888972059 0.0032288064 0.9960355759
126.1 -537.3 2119.7 0.9921789765 -0.0889023021 -0.0876199007 0.0908222571 0.9957013726 0.0181670357 0.0856281668 -0.0259827878 0.9959883094
14.8 366.1 1889.3 0 0 0 0 0 0 0 0 0
205.1 -52.8 2114.9 0 0 0 0 0 0 0 0 0
-52.3 -904.3 2157.8 0 0 0 0 0 0 0 0 0
159.3 -908.9 2129.4 0 0 0 0 0 0 0 0 0
77.0 451.4 2090.4 33 0.9979127049 -0.0069140363 -0.0642063320 0.0082086306 0.9997678399 0.0199211761 0.0640536919 -0.0204066411 0.9977377653
78.4 245.5 2094.6 0.9979127049 -0.0069140363 -0.0642063320 0.0082086306 0.9997678399 0.0199211761 0.0640536919 -0.0204066411 0.9977377653
73.0 51.7 2100.1 0.9975559711 0.0278016627 -0.0641023144 -0.0259281360 0.9992172718 0.0298762061 0.0648827478 -0.0281411335 0.9974960089
-57.8 249.1 2085.8 0.4710846543 -0.6870306134 -0.5532343388 0.2844441533 0.7120006084 -0.6419864893 0.8349675536 0.1450657099 0.5308343768
-163.6 185.2 1898.3 -0.7126809359 -0.6870306134 -0.1416858137 -0.6992062330 0.7120006084 0.0645423383 0.0565378331 0.1450657099 -0.9878053665
214.6 242.0 2103.5 0.7448027730 0.4893726110 0.4536333680 -0.4991497993 -0.0425798334 0.8654689193 0.4428524077 -0.8710346818 0.2125566602
377.4 132.9 2200.3 -0.6329585314 0.4893726110 0.5998982787 -0.7044197917 -0.0425798334 -0.7085052729 -0.3211795092 -0.8710346818 0.3716750145
-22.4 -146.5 2096.3 0.9956988692 0.0253872722 -0.0891022757 -0.0226547215 0.9992455244 0.0315461904 0.0898359194 -0.0293919183 0.9955227971
-32.3 -534.3 2107.7 0.9949995875 0.0522915199 -0.0850966796 -0.0381722040 0.9864090681 0.1598123759 0.0922969729 -0.1557649225 0.9834727049
155.8 -153.2 2113.1 0.9949566126 0.0801551715 -0.0603028946 -0.0806174204 0.9967312217 -0.0052679591 0.0596835203 0.0101028541 0.9981662035
124.7 -540.1 2109.2 0.9936373234 -0.0998947844 -0.0520183817 0.1044598669 0.9900724292 0.0940465778 0.0421072021 -0.0988820270 0.9942079186
16.5 361.8 1884.0 0 0 0 0 0 0 0 0 0
215.2 -47.6 2118.0 0 0 0 0 0 0 0 0 0
-51.8 -902.1 2165.8 0 0 0 0 0 0 0 0 0
161.8 -908.6 2146.0 0 0 0 0 0 0 0 0 0
75.3 452.1 2090.2 34 0.9970831275 -0.0466681980 -0.0603926778 0.0472164713 0.9988551140 0.0076826876 0.0599649958 -0.0105118072 0.9981451035
85.7 230.6 2092.5 0.9970831275 -0.0466681980 -0.0603926778 0.0472164713 0.9988551140 0.0076826876 0.0599649958 -0.0105118072 0.9981451035
73.7 37.1 2098.3 0.9962723851 0.0617872067 -0.0601966046 -0.0598435998 0.9976429939 0.0335741118 0.0621291734 -0.0298465807 0.9976217747
-50.3 238.7 2084.0 0.4921660125 -0.6759230494 -0.5485441685 0.2326540202 0.7093610168 -0.6653412580 0.8388353586 0.1998373568 0.5063796043
-159.8 187.0 1897.5 -0.7188706994 -0.6759230494 -0.1623360068 -0.6943486333 0.7093610168 0.1211894900 0.0332400762 0.1998373568 -0.9792650938
221.7 222.4 2101.0 0.7725369930 0.4970787764 0.3950940073 -0.4281453192 -0.0517164506 0.9022288918 0.4689117074 -0.8661628366 0.1728690714
378.7 135.4 2196.3 -0.6132306457 0.4970787764 0.6138899326 -0.7271667719 -0.0517164506 -0.6845099926 -0.3085071743 -0.8661628366 0.3931732774
-21.7 -139.8 2099.7 0.9959192872 0.0261650216 -0.0863720626 -0.0256469101 0.9996458292 0.0071030264 0.0865273252 -0.0048588649 0.9962376356
-31.9 -527.7 2101.6 0.9952085018 0.0562008135 -0.0800091401 -0.0398793295 0.9804558158 0.1926551014 0.0892728046 -0.1885412782 0.9779992700
156.9 -144.4 2111.3 0.9950252771 0.0815190300 -0.0572659932 -0.0815568194 0.9966672659 0.0016808663 0.0572121665 0.0029979276 0.9983575344
125.3 -531.3 2110.1 0.9945966601 -0.0907606110 -0.0503977910 0.0947453454 0.9920106530 0.0832954571 0.0424352027 -0.0876203477 0.9952496886
21.2 361.8 1889.1 0 0 0 0 0 0 0 0 0
221.6 -51.0 2117.3 0 0 0 0 0 0 0 0 0
-52.8 -893.3 2171.9 0 0 0 0 0 0 0 0 0
159.1 -901.1 2142.8 0 0 0 0 0 0 0 0 0
70.8 452.2 2095.1 35 0.9977856278 -0.0592782088 -0.0301647093 0.0585116968 0.9979560971 -0.0256895982 0.0316258892 0.0238677245 0.9992147684
84.5 221.1 2089.6 0.9977856278 -0.0592782088 -0.0301647093 0.0585116968 0.9979560971 -0.0256895982 0.0316258892 0.0238677245 0.9992147684
73.9 27.5 2094.4 0.9980598688 0.0543957762 -0.0302927122 -0.0535951108 0.9982072115 0.0266443193 0.0316877440 -0.0249690823 0.9991858602
-51.8 228.4 2085.2 0.4598705173 -0.6892962456 -0.5598122478 0.1874506027 0.6915782690 -0.6975541115 0.8679754138 0.2158474326 0.4472454786
-150.9 188.0 1898.0 -0.7042627931 -0.6892962456 -0.1699545979 -0.7095233798 0.6915782690 0.1352629513 0.0243006628 0.2158474326 -0.9761246443
220.7 213.8 2093.9 0.7901895046 0.4867806435 0.3723509014 -0.3944643438 -0.0610147156 0.9168833494 0.4690399468 -0.8713907599 0.1438044161
377.7 135.5 2187.1 -0.5908776522 0.4867806435 0.6433569789 -0.7577077746 -0.0610147156 -0.6497354507 -0.2770243883 -0.8713907599 0.4048897028
-27.5 -151.0 2098.5 0.9983598590 0.0115085049 -0.0560819469 -0.0106416335 0.9998196363 0.0157314427 0.0562528744 -0.0151088368 0.9983022213
-32.0 -539.1 2104.4 0.9964606762 0.0652660728 -0.0529762022 -0.0533920452 0.9781730175 0.2008153945 0.0649263263 -0.1972761452 0.9781956077
150.9 -161.7 2109.7 0.9973495603 0.0675731972 -0.0269756615 -0.0676784962 0.9977026582 -0.0030089396 0.0267103650 0.0048266370 0.9996315837
124.6 -549.0 2107.8 0.9940278530 -0.1074925438 -0.0188128762 0.1089477837 0.9874019623 0.1147506610 0.0062410310 -0.1161149740 0.9932161570
27.1 367.4 1891.9 0 0 0 0 0 0 0 0 0
226.4 -58.5 2116.2 0 0 0 0 0 0 0 0 0
-56.3 -904.0 2178.0 0 0 0 0 0 0 0 0 0
164.7 -917.1 2151.1 0 0 0 0 0 0 0 0 0
69.1 455.4 2098.5 36 0.9988099337 -0.0470108241 -0.0129876547 0.0463617928 0.9978454709 -0.0464223474 0.0151420245 0.0457649715 0.9988374710
80.2 220.5 2087.8 0.9988099337 -0.0470108241 -0.0129876547 0.0463617928 0.9978454709 -0.0464223474 0.0151420245 0.0457649715 0.9988374710
71.8 27.0 2097.5 0.9989798665 0.0431928188 -0.0131737860 -0.0424710847 0.9978019595 0.0508676283 0.0153419459 -0.0502562337 0.9986185431
-56.2 226.4 2085.7 0.4346121848 -0.6958763599 -0.5717239976 0.1700084507 0.6867906451 -0.7066935301 0.8844259977 0.2099397033 0.4167924523
-148.9 190.1 1897.1 -0.6996396184 -0.6958763599 -0.1620508879 -0.7142788172 0.6867906451 0.1346267164 0.0176114887 0.2099397033 -0.9775556922
216.6 214.7 2089.8 0.8002718091 0.4725770652 0.3691014946 -0.3980781138 -0.0416359045 0.9164061546 0.4484404325 -0.8803052902 0.1548025459
376.1 135.4 2179.2 -0.5675210357 0.4725770652 0.6742334366 -0.7785767317 -0.0416359045 -0.6261667013 -0.2678397000 -0.8803052902 0.3915667832
-26.0 -161.4 2096.4 0.9991225004 0.0154062044 -0.0389475003 -0.0143176895 0.9995033145 0.0280743670 0.0393606760 -0.0274920948 0.9988467693
-32.0 -549.4 2107.0 0.9970785975 0.0676553398 -0.0354537778 -0.0586914830 0.9756703377 0.2112408131 0.0488827676 -0.2085428536 0.9767908454
152.7 -171.0 2102.0 0.9977497458 0.0664651245 -0.0088232309 -0.0661442205 0.9972739220 0.0327049866 0.0109729189 -0.0320477895 0.9994261265
126.9 -557.9 2114.5 0.9955525398 -0.0939291343 -0.0072418950 0.0941886902 0.9939563274 0.0563855022 0.0019018861 -0.0568168350 0.9983828068
28.9 371.6 1892.7 0 0 0 0 0 0 0 0 0
230.7 -64.0 2110.6 0 0 0 0 0 0 0 0 0
-57.2 -913.4 2184.9 0 0 0 0 0 0 0 0 0
161.9 -928.0 2135.6 0 0 0 0 0 0 0 0 0
66.2 453.7 2099.7 37 0.9993065596 -0.0365069732 -0.0073246239 0.0360995643 0.9981144667 -0.0496417135 0.0091230823 0.0493428744 0.9987402558
74.8 218.5 2088.1 0.9993065596 -0.0365069732 -0.0073246239 0.0360995643 0.9981144667 -0.0496417135 0.0091230823 0.0493428744 0.9987402558
70.5 24.8 2098.0 0.9997250438 0.0220218934 -0.0080552837 -0.0215825718 0.9984618425 0.0510699712 0.0091675501 -0.0508820750 0.9986625910
-61.7 221.4 2086.9 0.4113425314 -0.6911768317 -0.5941985846 0.1311094165 0.6899927258 -0.7118429542 0.9020020366 0.2149062455 0.3744431138
-148.6 193.8 1896.3 -0.7078843713 -0.6911768317 -0.1455140114 -0.7062699199 0.6899927258 0.1584073454 -0.0090838782 0.2149062455 -0.9765924215
211.3 215.5 2089.4 0.8123066425 0.4541084170 0.3659828007 -0.3990931213 -0.0248059779 0.9165747762 0.4253028929 -0.8906010389 0.1610814929
375.8 134.7 2175.5 -0.5589667559 0.4541084170 0.6937879324 -0.7863393426 -0.0248059779 -0.6172966361 -0.2631095052 -0.8906010389 0.3709490299
-26.0 -162.8 2105.8 0.9991759658 0.0231505297 -0.0333380625 -0.0222016387 0.9993456006 0.0285569932 0.0339773558 -0.0277933013 0.9990360737
-35.0 -550.7 2116.6 0.9988254309 0.0376337431 -0.0305208042 -0.0329779200 0.9894821048 0.1408459097 0.0355003476 -0.1396739632 0.9895609617
152.9 -170.4 2108.6 0.9978287816 0.0657381043 -0.0040322365 -0.0656437725 0.9976379275 0.0202344041 0.0053528836 -0.0199257787 0.9997871518
127.4 -557.6 2116.3 0.9958654642 -0.0908260867 -0.0015991981 0.0907689407 0.9942335486 0.0571024008 -0.0035964111 -0.0570114665 0.9983670712
31.5 373.5 1898.7 0 0 0 0 0 0 0 0 0
232.6 -66.8 2108.1 0 0 0 0 0 0 0 0 0
-49.0 -918.9 2168.6 0 0 0 0 0 0 0 0 0
161.3 -928.3 2137.5 0 0 0 0 0 0 0 0 0
64.8 454.1 2100.4 38 0.9993272424 -0.0303425770 -0.0206001960 0.0294077490 0.9985871911 -0.0442589968 0.0219140239 0.0436234176 0.9988076687
72.0 216.9 2090.0 0.9993272424 -0.0303425770 -0.0206001960 0.0294077490 0.9985871911 -0.0442589968 0.0219140239 0.0436234176 0.9988076687
70.0 23.1 2100.1 0.9997109175 0.0106601799 -0.0215511303 -0.0095222285 0.9985895753 0.0522324480 0.0220775399 -0.0520121343 0.9984023571
-64.5 218.2 2087.0 0.4177134335 -0.6719098091 -0.6115984321 0.0954065248 0.7018531561 -0.7059034705 0.9035558105 0.2365148813 0.3572780788
-151.4 198.4 1899.1 -0.7232604027 -0.6719098091 -0.1594728231 -0.6905536056 0.7018531561 0.1747508198 -0.0054902923 0.2365148813 -0.9716123343
208.6 215.6 2093.0 0.8508604765 0.4015900195 0.3387653232 -0.3684082031 -0.0036643231 0.9296569228 0.3745822608 -0.9158122540 0.1448312253
377.7 142.4 2167.5 -0.5301535726 0.4015900195 0.7467681170 -0.8163332939 -0.0036643231 -0.5775694847 -0.2292097360 -0.9158122540 0.3297739625
-23.2 -167.0 2107.0 0.9984887242 0.0289420635 -0.0467181988 -0.0279483050 0.9993719459 0.0217863470 0.0473193973 -0.0204477273 0.9986705184
-34.5 -555.0 2114.9 0.9975864291 0.0547817945 -0.0426647700 -0.0478898995 0.9877497554 0.1485158354 0.0502780788 -0.1461141706 0.9879892468
155.8 -170.9 2108.6 0.9971905947 0.0728732124 -0.0173311532 -0.0725435019 0.9971852303 0.0189480409 0.0186631754 -0.0176375471 0.9996702671
127.5 -557.9 2115.5 0.9957841039 -0.0905664414 -0.0145519394 0.0912529528 0.9942069054 0.0567937046 0.0093240356 -0.0578821786 0.9982798696
33.0 374.4 1900.5 0 0 0 0 0 0 0 0 0
242.0 -66.6 2108.8 0 0 0 0 0 0 0 0 0
-54.9 -923.1 2169.4 0 0 0 0 0 0 0 0 0
161.3 -928.9 2137.1 0 0 0 0 0 0 0 0 0
63.4 455.1 2100.7 39 0.9986065030 -0.0357460566 -0.0388238132 0.0340565443 0.9984797239 -0.0433400907 0.0403140262 0.0419574939 0.9983057380
72.0 214.8 2090.6 0.9986065030 -0.0357460566 -0.0388238132 0.0340565443 0.9984797239 -0.0433400907 0.0403140262 0.0419574939 0.9983057380
69.7 21.0 2100.2 0.9991315603 0.0118590938 -0.0399436839 -0.0098432461 0.9986860752 0.0502911732 0.0404876098 -0.0498543233 0.9979355335
-64.5 216.2 2085.0 0.4666692913 -0.6356274486 -0.6149776578 0.0732286498 0.7207180858 -0.6893496513 0.8813951015 0.2766643167 0.3828831315
-160.9 201.0 1902.9 -0.7477217317 -0.6356274486 -0.1920675337 -0.6639102101 0.7207180858 0.1994709074 0.0116373664 0.2766643167 -0.9608961344
208.4 213.5 2096.1 0.8734749556 0.3486854434 0.3397939503 -0.3660900295 0.0102800736 0.9305226803 0.3209666014 -0.9371834397 0.1366296560
379.7 141.7 2159.0 -0.5222086310 0.3486854434 0.7782779932 -0.8282127380 0.0102800736 -0.5603195429 -0.2033760250 -0.9371834397 0.2834174037
-21.6 -169.8 2108.2 0.9974128008 0.0307560675 -0.0649752915 -0.0292103719 0.9992703795 0.0246067084 0.0656846911 -0.0226450935 0.9975834489
-33.6 -557.7 2117.0 0.9965578318 0.0559637137 -0.0611595698 -0.0472682156 0.9896654487 0.1353809983 0.0681039393 -0.1320240945 0.9889041781
157.4 -171.5 2112.2 0.9964471459 0.0761535838 -0.0359681174 -0.0756865889 0.9970309138 0.0141733345 0.0369406752 -0.0114006754 0.9992524385
127.9 -558.5 2116.6 0.9956552982 -0.0870919898 -0.0329468176 0.0887671709 0.9946224093 0.0533543974 0.0281229001 -0.0560471863 0.9980319738
30.3 370.8 1900.0 0 0 0 0 0 0 0 0 0
245.9 -70.4 2106.9 0 0 0 0 0 0 0 0 0
-54.4 -926.8 2166.2 0 0 0 0 0 0 0 0 0
160.4 -929.7 2137.5 0 0 0 0 0 0 0 0 0
62.3 451.5 2094.8 40 0.9990058541 -0.0335926898 -0.0293062460 0.0328232646 0.9991136789 -0.0263521541 0.0301655121 0.0253640283 0.9992230535
70.3 213.9 2088.8 0.9990058541 -0.0335926898 -0.0293062460 0.0328232646 0.9991136789 -0.0263521541 0.0301655121 0.0253640283 0.9992230535
69.5 20.1 2099.4 0.9995258451 0.0041858312 -0.0305050258 -0.0025004244 0.9984787703 0.0550802648 0.0306891780 -0.0549778752 0.9980158210
-66.3 214.2 2084.6 0.5048315525 -0.5962432623 -0.6242107749 0.0423790962 0.7393679023 -0.6719666123 0.8621769547 0.3127764463 0.3985244930
-169.8 205.5 1907.7 -0.7737163305 -0.5962432623 -0.2141424716 -0.6331575513 0.7393679023 0.2290122360 0.0217830725 0.3127764463 -0.9495769739
206.8 213.6 2093.0 0.8851868510 0.3526495695 0.3034510016 -0.3324974477 0.0233205575 0.9428157806 0.3254069388 -0.9354647994 0.1378981322
382.6 147.5 2157.6 -0.5097653866 0.3526495695 0.7847149372 -0.8335415721 0.0233205575 -0.5519643426 -0.2129499614 -0.9354647994 0.2820600569
-22.1 -172.0 2106.3 0.9978713393 0.0345554985 -0.0553057864 -0.0328834243 0.9989825487 0.0308632348 0.0563160107 -0.0289788935 0.9979923368
-35.5 -559.8 2117.5 0.9978631139 0.0394196250 -0.0521086827 -0.0330910012 0.9925593734 0.1171787456 0.0563401058 -0.1152040139 0.9917428493
156.9 -173.8 2113.5 0.9968926907 0.0738903806 -0.0272980258 -0.0737959221 0.9972634315 0.0044532167 0.0275523718 -0.0024248960 0.9996173978
128.2 -560.9 2114.5 0.9961057901 -0.0853645727 -0.0220480021 0.0867832229 0.9934457541 0.0743918940 0.0155530628 -0.0760155916 0.9969853163
28.6 367.9 1902.1 0 0 0 0 0 0 0 0 0
251.9 -66.1 2103.0 0 0 0 0 0 0 0 0 0
-50.2 -930.1 2160.5 0 0 0 0 0 0 0 0 0
160.1 -931.6 2142.8 0 0 0 0 0 0 0 0 0
59.7 446.1 2087.9 41 0.9988187551 -0.0450876690 -0.0181155615 0.0450971760 0.9989826083 0.0001164172 0.0180918816 -0.0009332403 0.9998359084
70.1 215.4 2088.1 0.9988187551 -0.0450876690 -0.0181155615 0.0450971760 0.9989826083 0.0001164172 0.0180918816 -0.0009332403 0.9998359084
70.6 21.5 2098.1 0.9998105764 -0.0022111028 -0.0193374250 0.0032088936 0.9986563921 0.0517211482 0.0191970821 -0.0517734028 0.9984742999
-66.4 215.0 2085.5 0.5692558885 -0.5499098897 -0.6111848354 0.0425575860 0.7621011138 -0.6460578442 0.8210582137 0.3417616785 0.4572333694
-184.5 206.1 1915.2 -0.8038551807 -0.5499098897 -0.2267509401 -0.5940087438 0.7621011138 0.2575957179 0.0311527103 0.3417616785 -0.9392701983
206.7 215.8 2090.7 0.8912522197 0.3328529596 0.3080234230 -0.3332650065 0.0200512968 0.9426199794 0.3075775802 -0.9427655339 0.1287990063
388.4 147.9 2153.4 -0.5277375579 0.3328529596 0.7814742327 -0.8245810270 0.0200512968 -0.5653884411 -0.2038607895 -0.9427655339 0.2638824284
-20.9 -173.5 2107.4 0.9984664917 0.0332578793 -0.0442564860 -0.0324457623 0.9992939234 0.0189439710 0.0448552743 -0.0174789857 0.9988405704
-33.8 -561.4 2114.2 0.9981303811 0.0462007672 -0.0400161184 -0.0403249003 0.9897633791 0.1369028836 0.0459315069 -0.1350332797 0.9897758961
158.2 -173.9 2112.9 0.9968947172 0.0772990882 -0.0150256967 -0.0771223754 0.9969493747 0.0120053068 0.0159078576 -0.0108092092 0.9998150468
128.2 -561.0 2117.1 0.9957090616 -0.0916168094 -0.0130327828 0.0920481905 0.9950428605 0.0376404449 0.0095196804 -0.0386785753 0.9992063642
22.4 359.0 1907.2 0 0 0 0 0 0 0 0 0
253.1 -63.4 2101.2 0 0 0 0 0 0 0 0 0
-51.0 -930.7 2164.5 0 0 0 0 0 0 0 0 0
162.4 -932.1 2131.5 0 0 0 0 0 0 0 0 0
59.4 445.1 2093.9 42 0.9989002347 -0.0447085612 -0.0141249411 0.0443076044 0.9986386299 -0.0275272634 0.0153364157 0.0268711466 0.9995212555
69.6 216.9 2087.8 0.9989002347 -0.0447085612 -0.0141249411 0.0443076044 0.9986386299 -0.0275272634 0.0153364157 0.0268711466 0.9995212555
69.8 23.1 2098.5 0.9998713136 -0.0009731739 -0.0160131417 0.0018530018 0.9984834790 0.0550213903 0.0159353111 -0.0550439842 0.9983567595
-67.0 216.7 2085.6 0.6124067903 -0.5154737830 -0.5993702412 0.0400161743 0.7774166465 -0.6277117729 0.7895293832 0.3604304194 0.4967225492
-193.4 208.4 1922.7 -0.8250305653 -0.5154737830 -0.2315412015 -0.5639152527 0.7774166465 0.2786088586 0.0363884233 0.3604304194 -0.9320760369
206.2 217.2 2090.0 0.8960217834 0.2951355577 0.3317226768 -0.3521566987 0.0173498467 0.9357802272 0.2704266608 -0.9552978277 0.1194797978
392.0 144.2 2146.1 -0.5503957868 0.2951355577 0.7809990644 -0.8141882420 0.0173498467 -0.5803416967 -0.1848296821 -0.9552978277 0.2307466120
-18.6 -172.6 2106.5 0.9981500506 0.0451735072 -0.0406913050 -0.0439938009 0.9985980988 0.0294353869 0.0419639573 -0.0275907684 0.9987381101
-36.1 -560.2 2117.2 0.9986979365 0.0349081643 -0.0371996723 -0.0308727343 0.9940958619 0.1040203944 0.0406112000 -0.1027365029 0.9938792586
160.6 -172.0 2109.9 0.9962903857 0.0852381140 -0.0118308971 -0.0850660428 0.9962718487 0.0143569969 0.0130105531 -0.0132973306 0.9998269677
127.5 -558.8 2115.1 0.9959971905 -0.0889748335 -0.0085498793 0.0893028304 0.9946149588 0.0525933504 0.0038243532 -0.0531463586 0.9985793829
18.6 353.3 1913.3 0 0 0 0 0 0 0 0 0
251.0 -64.5 2098.7 0 0 0 0 0 0 0 0 0
-49.1 -931.0 2155.5 0 0 0 0 0 0 0 0 0
160.7 -929.9 2134.9 0 0 0 0 0 0 0 0 0
59.1 448.2 2097.4 43 0.9990009665 -0.0372738205 -0.0246520825 0.0365152620 0.9988664389 -0.0305364449 0.0257623475 0.0296057612 0.9992296100
67.4 224.9 2090.8 0.9990009665 -0.0372738205 -0.0246520825 0.0365152620 0.9988664389 -0.0305364449 0.0257623475 0.0296057612 0.9992296100
70.1 31.1 2101.4 0.9995481968 -0.0136018461 -0.0268019959 0.0150310621 0.9984350204 0.0538658462 0.0260273758 -0.0542443730 0.9981884360
-69.1 222.9 2087.3 0.6266382337 -0.5047116876 -0.5937934518 0.0657689348 0.7934790850 -0.6050333977 0.7765300870 0.3400838971 0.5304186344
-198.0 209.4 1927.5 -0.8352034092 -0.5047116876 -0.2184063643 -0.5484715104 0.7934790850 0.2637611628 0.0401775315 0.3400838971 -0.9395364523
204.0 227.0 2094.4 0.8888403177 0.2732534707 0.3678252995 -0.3958612680 0.0536364652 0.9167425632 0.2307742387 -0.9604455829 0.1558447182
393.1 142.8 2143.5 -0.5520068407 0.2732534707 0.7877950072 -0.8089457750 0.0536364652 -0.5854313970 -0.2022257000 -0.9604455829 0.1914395392
-19.6 -170.9 2107.7 0.9979841709 0.0377287120 -0.0510312058 -0.0361694768 0.9988603592 0.0311408155 0.0521479510 -0.0292322673 0.9982114434
-34.3 -558.6 2119.1 0.9975122213 0.0512810387 -0.0483692475 -0.0463290401 0.9940614104 0.0984658301 0.0531314313 -0.0959799662 0.9939642549
159.5 -170.5 2110.6 0.9963560700 0.0823548660 -0.0221880395 -0.0821014792 0.9965505004 0.0121002030 0.0231080130 -0.0102344397 0.9996805787
127.6 -557.4 2114.6 0.9964765310 -0.0821964741 -0.0166794881 0.0832555890 0.9934599400 0.0781401694 0.0101475567 -0.0792535096 0.9968028665
16.5 350.3 1917.2 0 0 0 0 0 0 0 0 0
251.6 -64.5 2091.6 0 0 0 0 0 0 0 0 0
-53.4 -929.5 2154.9 0 0 0 0 0 0 0 0 0
158.2 -928.1 2144.1 0 0 0 0 0 0 0 0 0
58.6 446.8 2099.7 44 0.9992754459 -0.0344637632 -0.0161492750 0.0338088199 0.9986588359 -0.0392103158 0.0174789522 0.0386359207 0.9991004467
66.4 221.0 2091.0 0.9992754459 -0.0344637632 -0.0161492750 0.0338088199 0.9986588359 -0.0392103158 0.0174789522 0.0386359207 0.9991004467
68.4 27.2 2100.5 0.9997802377 -0.0105197635 -0.0181317758 0.0113942074 0.9987426400 0.0488185585 0.0175954178 -0.0490144305 0.9986431003
-70.2 219.5 2088.6 0.6265573502 -0.5123836398 -0.5872724056 0.0679256245 0.7865497470 -0.6137797236 0.7764096856 0.3446773589 0.5276225209
-198.7 205.5 1929.2 -0.8306789994 -0.5123836398 -0.2177968174 -0.5557511449 0.7865497470 0.2692213655 0.0333634019 0.3446773589 -0.9381281137
203.0 222.6 2093.4 0.9011383057 0.2574534118 0.3488086760 -0.3770287037 0.0682282895 0.9236851335 0.2140072733 -0.9638789296 0.1585504413
393.4 142.9 2138.6 -0.5537496209 0.2574534118 0.7918832898 -0.8070454597 0.0682282895 -0.5865343213 -0.2050341070 -0.9638789296 0.1699952185
-16.8 -164.0 2109.6 0.9980270863 0.0460166745 -0.0427136607 -0.0451993942 0.9987795949 0.0199068971 0.0435775816 -0.0179369897 0.9988890290
-34.7 -551.7 2116.5 0.9982614517 0.0452202670 -0.0378041081 -0.0403232984 0.9917669296 0.1215416119 0.0429890081 -0.1198059246 0.9918661714
162.3 -161.3 2114.2 0.9960721135 0.0874674320 -0.0137784602 -0.0873975903 0.9961578250 0.0055931243 0.0142147364 -0.0043669506 0.9998894334
128.3 -548.0 2115.9 0.9977208376 -0.0668609291 -0.0090975016 0.0672811046 0.9960073829 0.0586731397 0.0051382389 -0.0591515042 0.9982358217
15.3 348.8 1920.6 0 0 0 0 0 0 0 0 0
251.4 -64.0 2086.0 0 0 0 0 0 0 0 0 0
-51.5 -921.7 2161.2 0 0 0 0 0 0 0 0 0
153.3 -919.6 2138.0 0 0 0 0 0 0 0 0 0
57.1 446.0 2100.3 45 0.9985568523 -0.0491388403 0.0216700751 0.0501681827 0.9974966049 -0.0498362593 -0.0191669315 0.0508514866 0.9985222816
68.6 212.5 2088.4 0.9985568523 -0.0491388403 0.0216700751 0.0501681827 0.9974966049 -0.0498362593 -0.0191669315 0.0508514866 0.9985222816
68.5 18.6 2097.8 0.9998139739 0.0004927370 0.0192814320 -0.0014215751 0.9988372326 0.0481886715 -0.0192352682 -0.0482071154 0.9986521602
-67.8 212.7 2091.1 0.6386420131 -0.4962574840 -0.5881027579 0.0350624025 0.7822349668 -0.6219961047 0.7687047720 0.3766125143 0.5169680715
-200.4 205.4 1931.5 -0.8329792619 -0.4962574840 -0.2446916550 -0.5512703061 0.7822349668 0.2901888192 0.0473979823 0.3766125143 -0.9251575470
205.1 212.3 2085.8 0.9112034440 0.2640083432 0.3162401319 -0.3432149887 0.0619476698 0.9372118115 0.2278414071 -0.9625290036 0.1470585614
393.1 141.5 2132.8 -0.5569730401 0.2640083432 0.7874519825 -0.8049409986 0.0619476698 -0.5901122689 -0.2045753896 -0.9625290036 0.1780079603
-19.1 -167.7 2108.4 0.9994477034 0.0326781049 -0.0060363831 -0.0326106623 0.9994081259 0.0109518021 0.0063906945 -0.0107489033 0.9999217987
-31.8 -555.7 2112.6 0.9979685545 0.0636701360 -0.0021980244 -0.0628759712 0.9899057150 0.1270169616 0.0102630239 -0.1266207248 0.9918981194
160.0 -165.7 2111.6 0.9959853888 0.0867942274 0.0219069030 -0.0866364837 0.9962074757 -0.0080514839 -0.0225226432 0.0061212233 0.9997276068
126.4 -552.4 2109.2 0.9955451488 -0.0889749303 0.0311983302 0.0854575709 0.9912979603 0.1001268774 -0.0398356244 -0.0970146954 0.9944854379
14.8 347.9 1919.2 0 0 0 0 0 0 0 0 0
250.3 -64.9 2080.3 0 0 0 0 0 0 0 0 0
-55.5 -925.0 2159.9 0 0 0 0 0 0 0 0 0
159.5 -922.0 2145.4 0 0 0 0 0 0 0 0 0
57.4 442.1 2096.7 46 0.9982145429 -0.0457260199 0.0384301245 0.0471017547 0.9982523322 -0.0356894508 -0.0367310233 0.0374358520 0.9986237288
68.2 206.7 2087.8 0.9982145429 -0.0457260199 0.0384301245 0.0471017547 0.9982523322 -0.0356894508 -0.0367310233 0.0374358520 0.9986237288
68.0 12.9 2099.2 0.9993401170 0.0007837341 0.0363141336 -0.0029018910 0.9982941151 0.0583128035 -0.0362064838 -0.0583797060 0.9976376891
-68.3 207.1 2092.8 0.6322324276 -0.4922812581 -0.5982819796 0.0118589038 0.7782553434 -0.6278359294 0.7746880054 0.3898432553 0.4978761971
-199.2 204.6 1932.4 -0.8306293488 -0.4922812581 -0.2602191567 -0.5539111495 0.7782553434 0.2958057821 0.0568973199 0.3898432553 -0.9191218019
204.6 206.2 2082.9 0.9200070500 0.2557810545 0.2969226539 -0.3231844008 0.0666213483 0.9439880252 0.2216728628 -0.9644364715 0.1439565569
392.3 140.3 2128.1 -0.5582574606 0.2557810545 0.7892557383 -0.8042941093 0.0666213483 -0.5904850364 -0.2036161572 -0.9644364715 0.1685313284
-21.1 -175.2 2109.0 0.9995436072 0.0283651762 0.0103945676 -0.0283898544 0.9995944500 0.0022341933 -0.0103269788 -0.0025282737 0.9999434948
-32.1 -563.2 2109.9 0.9973859787 0.0706380978 0.0152124688 -0.0722184032 0.9814363718 0.1776713729 -0.0023797019 -0.1783055663 0.9839723110
158.0 -175.4 2105.5 0.9961929321 0.0773530602 0.0402012318 -0.0781184286 0.9967846870 0.0178273227 -0.0386929736 -0.0208999105 0.9990325570
127.9 -562.2 2113.6 0.9953350425 -0.0852725804 0.0451302193 0.0813600123 0.9932731986 0.0823948383 -0.0518526584 -0.0783386752 0.9955773950
14.6 347.1 1917.8 0 0 0 0 0 0 0 0 0
249.2 -66.0 2075.9 0 0 0 0 0 0 0 0 0
-58.4 -929.0 2176.4 0 0 0 0 0 0 0 0 0
159.7 -932.7 2142.8 0 0 0 0 0 0 0 0 0
57.7 444.0 2098.8 47 0.9982049465 -0.0463252179 0.0379593149 0.0481565297 0.9976449609 -0.0488408543 -0.0356073566 0.0505811684 0.9980850220
68.8 203.3 2086.6 0.9982049465 -0.0463252179 0.0379593149 0.0481565297 0.9976449609 -0.0488408543 -0.0356073566 0.0505811684 0.9980850220
70.2 9.7 2100.8 0.9993746877 -0.0067427023 0.0347100683 0.0041826675 0.9973007441 0.0733058229 -0.0351106562 -0.0731148049 0.9967052937
-67.7 202.7 2091.4 0.6192851067 -0.5039973855 -0.6020569801 0.0075849770 0.7705935836 -0.6372817159 0.7851295471 0.3900924921 0.4810399413
-193.7 201.2 1931.6 -0.8183365464 -0.5039973855 -0.2762460709 -0.5704991817 0.7705935836 0.2841060162 0.0696847588 0.3900924921 -0.9181349874
205.3 203.8 2081.8 0.9239588380 0.2490800768 0.2902743816 -0.3176223338 0.0768075287 0.9451013803 0.2131106853 -0.9654324055 0.1500803828
392.8 139.4 2125.0 -0.5611094236 0.2490800768 0.7893765569 -0.8010530472 0.0768075287 -0.5936452150 -0.2084952593 -0.9654324055 0.1564289182
-21.6 -180.6 2113.8 0.9993249774 0.0356313847 0.0089406772 -0.0356974378 0.9993357062 0.0073407954 -0.0086731752 -0.0076549994 0.9999330640
-35.4 -568.6 2116.7 0.9990535975 0.0413545705 0.0134777585 -0.0428105257 0.9896955490 0.1366379857 -0.0076882718 -0.1370856613 0.9905293584
157.4 -181.2 2107.3 0.9963063598 0.0770127326 0.0379826315 -0.0778243467 0.9967589378 0.0203714501 -0.0362906642 -0.0232521798 0.9990707040
127.5 -568.1 2116.3 0.9950727224 -0.0906564221 0.0401458107 0.0886794627 0.9948759079 0.0485575497 -0.0443421528 -0.0447581857 0.9980132580
14.4 346.2 1913.8 0 0 0 0 0 0 0 0 0
248.9 -66.0 2071.6 0 0 0 0 0 0 0 0 0
-50.8 -937.3 2167.8 0 0 0 0 0 0 0 0 0
161.3 -939.1 2133.0 0 0 0 0 0 0 0 0 0
57.7 447.7 2099.4 48 0.9980088472 -0.0501775332 0.0382174477 0.0523421019 0.9969482422 -0.0579179823 -0.0351946354 0.0598030388 0.9975895882
70.1 203.0 2084.7 0.9980088472 -0.0501775332 0.0382174477 0.0523421019 0.9969482422 -0.0579179823 -0.0351946354 0.0598030388 0.9975895882
69.9 9.5 2100.4 0.9993944168 0.0008873404 0.0347846337 -0.0037018007 0.9967128634 0.0809304267 -0.0345984809 -0.0810101852 0.9961125851
-66.5 203.5 2089.4 0.6132003069 -0.5132194757 -0.6004924178 -0.0058747013 0.7572028637 -0.6531533599 0.7899056077 0.4040415585 0.4613020122
-190.2 204.7 1930.0 -0.8107745051 -0.5132194757 -0.2815146446 -0.5821563601 0.7572028637 0.2962056994 0.0611451641 0.4040415585 -0.9126947522
206.6 202.5 2080.0 0.9278768897 0.2415980846 0.2840332687 -0.3110028803 0.0811718702 0.9469363093 0.2057224810 -0.9669754505 0.1504552066
391.9 140.4 2121.1 -0.5525813103 0.2415980846 0.7976742983 -0.8076362014 0.0811718702 -0.5840675235 -0.2058583051 -0.9669754505 0.1502692997
-18.0 -184.2 2118.2 0.9983906746 0.0561898313 0.0076654474 -0.0561774895 0.9984191656 -0.0018160966 -0.0077553755 0.0013825482 0.9999689460
-39.8 -571.7 2117.6 0.9997693896 0.0152276149 0.0151402801 -0.0170978792 0.9910687208 0.1322515011 -0.0129911834 -0.1324798763 0.9911005497
161.0 -183.5 2111.9 0.9956957698 0.0854839683 0.0358112939 -0.0857664198 0.9962945580 0.0064239874 -0.0351294465 -0.0094677433 0.9993379116
127.8 -570.2 2115.5 0.9948812127 -0.0925879031 0.0404828154 0.0900072455 0.9940406084 0.0614980161 -0.0459355339 -0.0575394742 0.9972859025
15.7 352.5 1914.4 0 0 0 0 0 0 0 0 0
250.2 -66.7 2068.3 0 0 0 0 0 0 0 0 0
-45.5 -941.2 2167.0 0 0 0 0 0 0 0 0 0
162.3 -941.1 2137.0 0 0 0 0 0 0 0 0 0
59.0 449.4 2100.7 49 0.9976961613 -0.0519728214 0.0436021760 0.0547426455 0.9963865280 -0.0649396703 -0.0400695205 0.0671769604 0.9969361424
71.9 203.2 2084.1 0.9976961613 -0.0519728214 0.0436021760 0.0547426455 0.9963865280 -0.0649396703 -0.0400695205 0.0671769604 0.9969361424
68.9 10.3 2105.0 0.9990573525 0.0156988539 0.0404717848 -0.0199484434 0.9940767288 0.1068343073 -0.0385548845 -0.1075409427 0.9934527874
-64.6 205.9 2089.3 0.5991364121 -0.5386036634 -0.5924032927 0.0057761683 0.7427942157 -0.6694948673 0.8006260991 0.3976969719 0.4481461346
-185.3 204.7 1928.0 -0.7973824739 -0.5386036634 -0.2721898258 -0.6018531322 0.7427942157 0.2933080196 0.0442042574 0.3976969719 -0.9164513946
208.4 200.4 2078.8 0.9300505519 0.2303955853 0.2862233818 -0.3103674054 0.0756603926 0.9476009607 0.1966672987 -0.9701511860 0.1418752670
391.4 139.4 2117.5 -0.5580104589 0.2303955853 0.7972090244 -0.8064966798 0.0756603926 -0.5863775015 -0.1954159290 -0.9701511860 0.1435939819
-19.8 -183.6 2119.3 0.9986475706 0.0508212820 0.0109655941 -0.0508880578 0.9986869693 0.0058985744 -0.0106514227 -0.0064486144 0.9999224544
-39.5 -571.3 2121.8 0.9997686744 0.0150340106 0.0153826997 -0.0164082982 0.9954833984 0.0935073346 -0.0139074316 -0.0937381014 0.9954997301
159.3 -184.3 2113.1 0.9960254431 0.0805586800 0.0379947983 -0.0808516592 0.9967066646 0.0062360377 -0.0373672992 -0.0092831943 0.9992584586
128.0 -571.2 2116.7 0.9946691990 -0.0937848017 0.0428670496 0.0907785073 0.9935882688 0.0673919469 -0.0489125364 -0.0631412864 0.9968052506
16.9 357.3 1916.8 0 0 0 0 0 0 0 0 0
248.3 -67.5 2067.4 0 0 0 0 0 0 0 0 0
-45.1 -942.3 2156.7 0 0 0 0 0 0 0 0 0
163.0 -942.0 2140.2 0 0 0 0 0 0 0 0 0
57.9 449.2 2094.8 50 0.9973338842 -0.0650646016 0.0330414362 0.0663411170 0.9970294237 -0.0391303785 -0.0303972829 0.0412180573 0.9986876845
73.7 206.1 2084.8 0.9973338842 -0.0650646016 0.0330414362 0.0663411170 0.9970294237 -0.0391303785 -0.0303972829 0.0412180573 0.9986876845
69.5 13.0 2103.7 0.9993120432 0.0217002127 0.0300756004 -0.0245285891 0.9949713945 0.0971093327 -0.0278170686 -0.0977802351 0.9948192239
-62.8 209.4 2088.6 0.5985719562 -0.5533479452 -0.5792388916 0.0213753190 0.7338577509 -0.6789668202 0.8007838130 0.3940290809 0.4510946572
-182.3 205.2 1928.7 -0.7891224027 -0.5533479452 -0.2666307092 -0.6132923961 0.7338577509 0.2921048403 0.0340333991 0.3940290809 -0.9184676409
210.2 202.7 2081.0 0.9246740341 0.2197089046 0.3109757900 -0.3353515863 0.0831359923 0.9384176731 0.1803254485 -0.9720166922 0.1505534202
392.4 136.6 2116.5 -0.5824144483 0.2197089046 0.7826374769 -0.7881437540 0.0831359923 -0.6098507047 -0.1990549713 -0.9720166922 0.1247425973
-23.7 -180.8 2129.3 0.9994561076 0.0329699442 -0.0007217941 -0.0329778008 0.9992511868 -0.0202382859 0.0000539985 0.0202510804 0.9997949004
-36.5 -568.5 2121.4 0.9995938540 0.0283558592 0.0028492801 -0.0284965970 0.9957141876 0.0879840180 -0.0003422062 -0.0880294740 0.9961178303
155.3 -184.4 2122.4 0.9971754551 0.0703361407 0.0263429675 -0.0700254887 0.9974664450 -0.0125361513 -0.0271579698 0.0106560625 0.9995743632
128.0 -571.5 2118.3 0.9951195121 -0.0938517451 0.0304799341 0.0923710316 0.9946234822 0.0468155481 -0.0347097777 -0.0437716022 0.9984384179
17.6 360.5 1920.1 0 0 0 0 0 0 0 0 0
243.1 -65.4 2065.5 0 0 0 0 0 0 0 0 0
-47.0 -939.9 2154.2 0 0 0 0 0 0 0 0 0
163.0 -942.7 2134.6 0 0 0 0 0 0 0 0 0
59.3 447.7 2097.9 51 0.9973289967 -0.0564147830 0.0463919304 0.0584929809 0.9972851872 -0.0447302125 -0.0437425412 0.0473243408 0.9979213476
72.8 208.9 2086.6 0.9973289967 -0.0564147830 0.0463919304 0.0584929809 0.9972851872 -0.0447302125 -0.0437425412 0.0473243408 0.9979213476
68.1 15.5 2102.1 0.9987133741 0.0244830195 0.0444096401 -0.0279429425 0.9964796901 0.0790404528 -0.0423181579 -0.0801796913 0.9958817363
-63.6 212.7 2092.3 0.5847005248 -0.5643070340 -0.5828231573 0.0372816660 0.7363588810 -0.6755632162 0.8103920817 0.3732735813 0.4515877366
-181.3 205.2 1929.2 -0.7852184176 -0.5643070340 -0.2549304962 -0.6183521748 0.7363588810 0.2746200562 0.0327502973 0.3732735813 -0.9271430373
209.3 205.1 2080.8 0.9231626987 0.2142731249 0.3191514611 -0.3425674736 0.0818860829 0.9359178543 0.1744079739 -0.9733353257 0.1489971876
391.7 137.4 2115.2 -0.5751472116 0.2142731249 0.7894889116 -0.7948393822 0.0818860829 -0.6012695432 -0.1934840530 -0.9733353257 0.1232161671
-24.2 -177.9 2125.2 0.9990381002 0.0412961803 0.0147458818 -0.0413167998 0.9991455078 0.0010964312 -0.0146880029 -0.0017046292 0.9998906851
-40.2 -565.6 2125.9 0.9998415112 0.0055324095 0.0169203077 -0.0064424095 0.9985088706 0.0542087369 -0.0165951718 -0.0543091558 0.9983862638
154.9 -182.3 2120.2 0.9966909289 0.0694060251 0.0423079096 -0.0693553686 0.9975884557 -0.0026657139 -0.0423908979 -0.0002773877 0.9991010427
127.9 -569.5 2120.3 0.9945538640 -0.0940044150 0.0450092815 0.0923931748 0.9950484037 0.0366358422 -0.0482303463 -0.0322777666 0.9983145595
18.0 362.2 1920.9 0 0 0 0 0 0 0 0 0
244.2 -66.4 2065.6 0 0 0 0 0 0 0 0 0
-42.3 -937.9 2146.1 0 0 0 0 0 0 0 0 0
163.0 -940.9 2132.4 0 0 0 0 0 0 0 0 0
