48.0 468.9 2323.3 42 0.9872767329 -0.1515292078 -0.0482030213 0.1541141570 0.9864993691 0.0553874671 0.0391594321 -0.0621115267 0.9973006845
80.0 260.5 2336.4 0.9872767329 -0.1515292078 -0.0482030213 0.1541141570 0.9864993691 0.0553874671 0.0391594321 -0.0621115267 0.9973006845
92.2 62.2 2334.7 0.9972350001 -0.0619724803 -0.0410088077 0.0615501218 0.9980379343 -0.0114840530 0.0416400433 0.0089282030 0.9990927577
-60.2 251.8 2330.6 0.1888440102 -0.8861807585 -0.4231094420 0.6985805631 0.4240435958 -0.5763438344 0.6901616454 -0.1867369711 0.6991467476
-97.9 112.4 2192.8 -0.4492589831 -0.8861807585 0.1133579388 -0.8849780560 0.4240435958 -0.1923560351 0.1223935112 -0.1867369711 -0.9747559428
220.2 269.2 2342.2 0.2119048089 0.5666376352 0.7962525487 -0.9770111442 0.1423009187 0.1587439924 -0.0233571418 -0.8115862608 0.5837655663
275.2 15.7 2336.1 -0.0408538803 0.5715666413 0.8195379972 -0.9554907084 0.2175032943 -0.1993234307 -0.2921788394 -0.7912040949 0.5372407436
16.1 -141.0 2329.3 0.9866440892 0.1438783556 -0.0763708577 -0.1404847652 0.9889129400 0.0481167659 0.0824470893 -0.0367451794 0.9959177971
-41.1 -534.2 2343.9 0.9973535538 0.0130894557 -0.0715164766 -0.0072607454 0.9966744781 0.0811616704 0.0723410100 -0.0804276168 0.9941318631
198.4 -125.6 2342.4 0.9627717137 0.0597396232 0.2636319399 -0.0173247885 0.9869055748 -0.1603658199 -0.2697600424 0.1498283148 0.9511997700
174.6 -517.9 2282.8 0.9646694064 -0.0242035780 0.2623492479 -0.0578022078 0.9520677924 0.3003761768 -0.2570444345 -0.3049280941 0.9170316458
17.5 339.8 2161.4 0 0 0 0 0 0 0 0 0
263.9 -247.0 2255.8 0 0 0 0 0 0 0 0 0
-44.6 -802.5 2365.5 0 0 0 0 0 0 0 0 0
183.9 -881.9 2399.4 0 0 0 0 0 0 0 0 0
49.6 469.0 2323.5 43 0.9869454503 -0.1497890055 -0.0591768883 0.1528134048 0.9869701862 0.0503780618 0.0508597419 -0.0587634221 0.9969754815
81.4 259.6 2336.0 0.9869454503 -0.1497890055 -0.0591768883 0.1528134048 0.9869701862 0.0503780618 0.0508597419 -0.0587634221 0.9969754815
91.5 61.1 2336.6 0.9972306490 -0.0510337129 -0.0540980287 0.0511172190 0.9986926317 0.0001601301 0.0540191308 -0.0029250274 0.9985356331
-58.9 252.3 2328.4 0.1950901598 -0.8756296039 -0.4418287277 0.6974671483 0.4405775368 -0.5651822686 0.6895501614 -0.1978995204 0.6966752410
-97.5 114.2 2191.9 -0.4641203880 -0.8756296039 0.1336602569 -0.8809468746 0.4405775368 -0.1726964563 0.0923304260 -0.1978995204 -0.9758641720
221.7 266.8 2343.6 0.1999142021 0.5762107968 0.7924742103 -0.9794686437 0.1389784962 0.1460347623 -0.0259900726 -0.8053981066 0.5921642184
274.7 6.9 2336.7 -0.0339055359 0.5812463760 0.8130209446 -0.9548035264 0.2215210646 -0.1981885433 -0.2952976525 -0.7829949260 0.5474652648
13.1 -141.7 2329.2 0.9864340425 0.1376237422 -0.0894853920 -0.1330567151 0.9895717502 0.0551698767 0.0961448997 -0.0425148122 0.9944589734
-41.6 -535.1 2346.1 0.9962348938 0.0074923546 -0.0863708928 -0.0007887777 0.9970007539 0.0773880482 0.0866916627 -0.0770285502 0.9932528138
195.9 -130.4 2336.8 0.9667025805 0.0533459149 0.2502806187 -0.0185257513 0.9900531173 -0.1394690424 -0.2552312016 0.1301884353 0.9580751657
174.7 -523.9 2285.0 0.9682930708 -0.0239414833 0.2486671954 -0.0544204339 0.9512768388 0.3034976423 -0.2438175231 -0.3074072301 0.9198118448
21.5 340.1 2168.2 0 0 0 0 0 0 0 0 0
265.4 -255.7 2255.5 0 0 0 0 0 0 0 0 0
-43.6 -801.6 2366.7 0 0 0 0 0 0 0 0 0
183.9 -887.6 2402.6 0 0 0 0 0 0 0 0 0
50.2 465.6 2320.6 44 0.9814260006 -0.1838532239 -0.0547816232 0.1875782907 0.9795245528 0.0731169209 0.0402171612 -0.0820346922 0.9958177209
88.8 259.8 2337.9 0.9814260006 -0.1838532239 -0.0547816232 0.1875782907 0.9795245528 0.0731169209 0.0402171612 -0.0820346922 0.9958177209
94.2 61.2 2337.4 0.9985492826 -0.0269732662 -0.0466026850 0.0268315580 0.9996332526 -0.0036637811 0.0466844179 0.0024080432 0.9989067912
-51.6 256.0 2331.3 0.2125374675 -0.8690308332 -0.4467809498 0.6782038212 0.4603568316 -0.5728098750 0.7034681439 -0.1812649816 0.6872231364
-95.1 117.1 2187.3 -0.4789440632 -0.8690308332 0.1240886375 -0.8746491075 0.4603568316 -0.1518569142 0.0748432949 -0.1812649816 -0.9805822372
229.3 263.6 2344.4 0.1704725325 0.5741836429 0.8007822633 -0.9848897457 0.1244583800 0.1204255968 -0.0305176545 -0.8092114925 0.5867243409
274.4 3.0 2336.4 -0.0304878466 0.5805975199 0.8136197329 -0.9540277123 0.2259144336 -0.1969613284 -0.2981636822 -0.7822206616 0.5470184684
10.2 -142.1 2332.3 0.9885258079 0.1268621832 -0.0819921121 -0.1236445978 0.9913850427 0.0432163775 0.0867682844 -0.0325826220 0.9956955314
-40.3 -536.2 2345.2 0.9970217347 0.0075186342 -0.0767533183 -0.0010799193 0.9964998364 0.0835874677 0.0771131292 -0.0832556337 0.9935401678
193.0 -132.7 2342.2 0.9661028981 0.0462747775 0.2539760768 -0.0076711760 0.9885149598 -0.1509282589 -0.2580433190 0.1438639313 0.9553621411
174.6 -525.6 2285.0 0.9683388472 -0.0232744720 0.2485522628 -0.0535189509 0.9531401396 0.2977575362 -0.2438353002 -0.3016324341 0.9217169881
27.9 341.8 2168.1 0 0 0 0 0 0 0 0 0
266.0 -259.4 2254.4 0 0 0 0 0 0 0 0 0
-42.3 -805.2 2367.7 0 0 0 0 0 0 0 0 0
183.5 -890.0 2400.3 0 0 0 0 0 0 0 0 0
48.4 469.5 2321.2 45 0.9813060164 -0.1419933885 -0.1299090981 0.1486549079 0.9879513383 0.0430562086 0.1222301796 -0.0615629405 0.9905906320
77.4 267.3 2333.8 0.9813060164 -0.1419933885 -0.1299090981 0.1486549079 0.9879513383 0.0430562086 0.1222301796 -0.0615629405 0.9905906320
89.7 69.1 2336.8 0.9900578260 -0.0624017604 -0.1260613501 0.0636218041 0.9979579449 0.0056713358 0.1254500300 -0.0136352014 0.9920062423
-61.3 258.3 2316.3 0.1829041988 -0.8518803716 -0.4907605052 0.7278362513 0.4529054165 -0.5149088502 0.6609088182 -0.2630142868 0.7028676867
-97.0 116.5 2187.4 -0.4973985851 -0.8518803716 0.1639953405 -0.8568727970 0.4529054165 -0.2462635636 0.1355127245 -0.2630142868 -0.9552276134
216.2 276.3 2351.4 0.2044533491 0.6235860586 0.7545457482 -0.9770336151 0.1772750467 0.1182321385 -0.0600342192 -0.7613895535 0.6455090046
275.7 -7.9 2333.9 -0.0393729880 0.6259773970 0.7788466215 -0.9492400885 0.2200068831 -0.2248115987 -0.3120785952 -0.7481639385 0.5855404735
7.9 -140.0 2332.7 0.9795578718 0.1178028956 -0.1630610228 -0.1113897562 0.9926187396 0.0479614809 0.1675074399 -0.0288177170 0.9854495525
-38.9 -534.6 2344.2 0.9874243736 0.0120660206 -0.1576310098 0.0025661038 0.9957285523 0.0922934860 0.1580713093 -0.0915373340 0.9831756353
191.1 -135.0 2341.3 0.9825291038 0.0407908261 0.1815837175 -0.0125623029 0.9879957438 -0.1539693922 -0.1856844872 0.1489983052 0.9712470174
174.9 -527.8 2282.0 0.9834101796 -0.0257315841 0.1795613319 -0.0348634832 0.9446215034 0.3263047338 -0.1780138314 -0.3271515369 0.9280533195
30.1 335.4 2152.8 0 0 0 0 0 0 0 0 0
264.9 -269.0 2248.1 0 0 0 0 0 0 0 0 0
-42.2 -807.1 2369.2 0 0 0 0 0 0 0 0 0
184.7 -888.8 2407.1 0 0 0 0 0 0 0 0 0
49.3 469.8 2324.5 46 0.9805889726 -0.1144836321 -0.1591816992 0.1179864407 0.9929339886 0.0126993973 0.1566030383 -0.0312341694 0.9871675968
72.4 269.7 2330.8 0.9805889726 -0.1144836321 -0.1591816992 0.1179864407 0.9929339886 0.0126993973 0.1566030383 -0.0312341694 0.9871675968
87.0 71.5 2333.1 0.9847251177 -0.0734501928 -0.1578654498 0.0741852745 0.9972437024 -0.0012392882 0.1575213522 -0.0104909334 0.9874598384
-65.8 259.2 2308.7 0.1666324437 -0.8460054398 -0.5064666271 0.7640773654 0.4354511201 -0.4759916961 0.6232330203 -0.3076640368 0.7189738750
-97.4 114.2 2190.4 -0.4992944896 -0.8460054398 0.1870289743 -0.8494567871 0.4354511201 -0.2980025113 0.1706697494 -0.3076640368 -0.9360634089
210.6 280.1 2352.9 0.2336690873 0.6430252194 0.7293266654 -0.9705353975 0.1996264905 0.1349453777 -0.0588196367 -0.7393699288 0.6707252860
275.3 11.6 2336.6 -0.0429964587 0.6432849765 0.7644185424 -0.9522345066 0.2051447034 -0.2261970639 -0.3023256063 -0.7376313806 0.6037376523
11.4 -134.9 2328.4 0.9733040929 0.1237555221 -0.1932968944 -0.1149126813 0.9917759299 0.0563525148 0.1986811459 -0.0326358713 0.9795206785
-37.8 -529.2 2341.3 0.9819396734 0.0235763658 -0.1877195537 -0.0048643216 0.9950233102 0.0995237976 0.1891317517 -0.0968132317 0.9771675467
192.4 -123.2 2351.3 0.9874821305 0.0451633893 0.1511266679 -0.0166235827 0.9825937748 -0.1850221008 -0.1568523496 0.1801937521 0.9710445404
174.4 -513.7 2279.6 0.9877761006 -0.0247868095 0.1538960338 -0.0260067228 0.9472338557 0.3194866478 -0.1536945850 -0.3195835948 0.9350103140
30.2 331.4 2146.8 0 0 0 0 0 0 0 0 0
263.5 -250.3 2253.5 0 0 0 0 0 0 0 0 0
-44.3 -807.2 2368.4 0 0 0 0 0 0 0 0 0
183.9 -875.7 2401.8 0 0 0 0 0 0 0 0 0
50.7 470.1 2323.6 47 0.9821487069 -0.0971551612 -0.1610739678 0.1007462442 0.9948099852 0.0142597165 0.1588525772 -0.0302327592 0.9868392944
70.1 270.6 2329.7 0.9821487069 -0.0971551612 -0.1610739678 0.1007462442 0.9948099852 0.0142597165 0.1588525772 -0.0302327592 0.9868392944
85.2 72.4 2332.9 0.9841602445 -0.0760838687 -0.1601246893 0.0776190683 0.9969774485 0.0033455156 0.1593861580 -0.0157212522 0.9870911241
-68.2 259.7 2307.3 0.1612109691 -0.8397711515 -0.5184547901 0.7740316391 0.4334939420 -0.4614738226 0.6122794151 -0.3269057572 0.7198933959
-98.9 112.4 2190.8 -0.5030692816 -0.8397711515 0.2042196691 -0.8477239609 0.4334939420 -0.3056912422 0.1681827158 -0.3269057572 -0.9299716353
208.5 281.5 2352.1 0.2402677238 0.6437495947 0.7265382409 -0.9693018198 0.1993625909 0.1439048052 -0.0522058830 -0.7388105392 0.6718880534
274.2 16.5 2337.8 -0.0467594042 0.6445906162 0.7630966306 -0.9468851686 0.2147120535 -0.2393892854 -0.3181541264 -0.7337586284 0.6003134847
11.4 -133.5 2320.9 0.9728412032 0.1263554394 -0.1939441413 -0.1137626842 0.9906886220 0.0747940391 0.2015888840 -0.0506991148 0.9781572223
-38.9 -527.3 2341.1 0.9813475609 0.0202693492 -0.1911703497 -0.0018245724 0.9953632951 0.0961698517 0.1922332495 -0.0940272510 0.9768342972
191.6 -119.8 2349.7 0.9909626842 0.0443550125 0.1265920103 -0.0193975829 0.9812128544 -0.1919507086 -0.1327276826 0.1877604276 0.9732057452
174.0 -509.9 2275.1 0.9909626842 -0.0250091683 0.1317856014 -0.0193975829 0.9454207420 0.3252742887 -0.1327276826 -0.3248910010 0.9363915920
30.2 329.8 2147.7 0 0 0 0 0 0 0 0 0
261.3 -243.9 2250.3 0 0 0 0 0 0 0 0 0
-44.5 -805.4 2367.3 0 0 0 0 0 0 0 0 0
183.5 -871.3 2399.3 0 0 0 0 0 0 0 0 0
51.2 470.4 2316.2 48 0.9834485650 -0.1411692351 -0.1135791317 0.1506288201 0.9853889346 0.0794960931 0.1006972194 -0.0952886045 0.9903434515
79.9 270.0 2335.6 0.9834485650 -0.1411692351 -0.1135791317 0.1506288201 0.9853889346 0.0794960931 0.1006972194 -0.0952886045 0.9903434515
89.9 71.5 2336.2 0.9931304455 -0.0504762828 -0.1055652648 0.0503915213 0.9987235069 -0.0034717338 0.1056057513 -0.0018717097 0.9944063425
-59.5 262.8 2320.8 0.1952995658 -0.8649809957 -0.4622400999 0.7476319671 0.4363466501 -0.5006475449 0.6347475648 -0.2478092313 0.7319058180
-99.1 111.2 2192.0 -0.4793271422 -0.8649809957 0.1485036016 -0.8646028638 0.4363466501 -0.2491254658 0.1506897509 -0.2478092313 -0.9570178390
219.4 277.1 2350.4 0.2045728117 0.6128673553 0.7632454038 -0.9777699709 0.1645846516 0.1299144328 -0.0459981635 -0.7728554010 0.6329128742
273.6 18.0 2338.2 -0.0346592553 0.6166905165 0.7864423394 -0.9474909902 0.2300336063 -0.2221381813 -0.3178986609 -0.7528461814 0.5763359070
10.1 -132.8 2321.5 0.9823558331 0.1270037740 -0.1372843981 -0.1177605689 0.9903177619 0.0735065416 0.1452907771 -0.0560428947 0.9878004789
-40.4 -526.6 2343.8 0.9906396866 0.0125825787 -0.1359214336 -0.0011217283 0.9964593053 0.0840691403 0.1364979893 -0.0831297636 0.9871462584
190.5 -118.6 2350.7 0.9835706949 0.0413499624 0.1757238209 -0.0074271625 0.9818581343 -0.1894714981 -0.1803704947 0.1850534827 0.9660339952
174.1 -508.9 2277.2 0.9845116138 -0.0239490271 0.1736758053 -0.0318502486 0.9497092962 0.3115088642 -0.1724018753 -0.3122157156 0.9342370629
23.8 332.9 2153.4 0 0 0 0 0 0 0 0 0
264.0 -242.5 2250.8 0 0 0 0 0 0 0 0 0
-43.9 -805.7 2367.1 0 0 0 0 0 0 0 0 0
183.2 -872.0 2396.5 0 0 0 0 0 0 0 0 0
52.1 472.2 2319.5 49 0.9813002348 -0.1789088249 -0.0710034072 0.1844282597 0.9795222282 0.0807612836 0.0551005118 -0.0923461020 0.9942012429
89.5 267.9 2338.8 0.9813002348 -0.1789088249 -0.0710034072 0.1844282597 0.9795222282 0.0807612836 0.0551005118 -0.0923461020 0.9942012429
92.2 69.3 2337.2 0.9979667068 -0.0142403608 -0.0621265434 0.0136318170 0.9998549819 -0.0102081308 0.0622629002 0.0093404772 0.9980160594
-50.6 266.0 2330.1 0.2186766863 -0.8641496897 -0.4532392919 0.7121139765 0.4588848948 -0.5313363671 0.6671388149 -0.2065671682 0.7157204747
-96.2 117.3 2190.8 -0.4840243459 -0.8641496897 0.1377162933 -0.8702438474 0.4588848948 -0.1791653931 0.0916297883 -0.2065671682 -0.9741324186
229.5 269.9 2347.5 0.1677799821 0.5871159434 0.7919247150 -0.9849804640 0.1330713481 0.1100252271 -0.0407849252 -0.7984904051 0.6006243825
273.6 11.4 2336.7 -0.0313413851 0.5947946906 0.8032664657 -0.9448085427 0.2445890456 -0.2179748416 -0.3261204362 -0.7657646537 0.5543013811
8.9 -131.6 2327.1 0.9871963859 0.1308398694 -0.0912369117 -0.1248768717 0.9898198247 0.0682826862 0.0992422029 -0.0560150407 0.9934854507
-43.1 -525.1 2349.3 0.9957398176 0.0013864323 -0.0921970010 0.0042582247 0.9981287718 0.0609989651 0.0921090469 -0.0611316934 0.9938706160
190.7 -122.3 2346.4 0.9761422873 0.0410392508 0.2132182419 -0.0049794256 0.9859486818 -0.1669742912 -0.2170747519 0.1619289666 0.9626305699
174.4 -514.2 2282.0 0.9775707722 -0.0219700728 0.2094582170 -0.0395472832 0.9577035308 0.2850262225 -0.2068609297 -0.2869167924 0.9353541136
28.4 341.3 2167.2 0 0 0 0 0 0 0 0 0
264.9 -248.5 2247.1 0 0 0 0 0 0 0 0 0
-43.5 -806.3 2366.6 0 0 0 0 0 0 0 0 0
182.8 -880.2 2391.6 0 0 0 0 0 0 0 0 0
52.9 472.1 2321.1 50 0.9790071249 -0.2010246366 -0.0336772278 0.2032749504 0.9750826359 0.0888435245 0.0149783427 -0.0938241780 0.9954761267
95.4 266.3 2340.9 0.9790071249 -0.2010246366 -0.0336772278 0.2032749504 0.9750826359 0.0888435245 0.0149783427 -0.0938241780 0.9954761267
91.7 67.7 2337.9 0.9995539188 0.0178695638 -0.0239310935 -0.0182610042 0.9997013807 -0.0162396152 0.0236337520 0.0166693758 0.9995816946
-44.9 268.8 2337.7 0.2273292691 -0.8572612405 -0.4619789422 0.6825743318 0.4786273837 -0.5522754192 0.6945601106 -0.1897865981 0.6939505339
-93.8 122.1 2188.3 -0.4943435490 -0.8572612405 0.1439707875 -0.8681798577 0.4786273837 -0.1310709119 0.0434536487 -0.1897865981 -0.9808633327
235.7 263.7 2344.2 0.1480112225 0.5606571436 0.8147123456 -0.9882649779 0.1152901128 0.1002023369 -0.0377491266 -0.8199827671 0.5711420774
274.4 5.2 2334.3 -0.0356405787 0.5719115734 0.8195406199 -0.9418766499 0.2549034953 -0.2188436687 -0.3340629935 -0.7797059417 0.5295853019
3.6 -130.5 2329.9 0.9915822148 0.1179647669 -0.0533758737 -0.1156809554 0.9923098087 0.0440352373 0.0581600107 -0.0374899879 0.9976030588
-43.3 -525.0 2344.8 0.9987778664 -0.0018557060 -0.0493901521 0.0056742039 0.9969928265 0.0772855207 0.0490982085 -0.0774713159 0.9957848787
186.2 -128.0 2341.2 0.9686558247 0.0293885153 0.2466621101 0.0071720215 0.9892542362 -0.1460294574 -0.2483031303 0.1432213485 0.9580361247
174.6 -521.2 2284.3 0.9714222550 -0.0217187963 0.2363623232 -0.0469074026 0.9585995674 0.2808676064 -0.2326769233 -0.2839281857 0.9301861525
33.7 346.0 2177.1 0 0 0 0 0 0 0 0 0
264.6 -253.9 2242.5 0 0 0 0 0 0 0 0 0
-42.7 -807.0 2366.7 0 0 0 0 0 0 0 0 0
182.9 -887.6 2392.8 0 0 0 0 0 0 0 0 0
53.3 468.5 2320.0 51 0.9725226164 -0.2165606320 -0.0854476392 0.2244947404 0.9695520997 0.0978305191 0.0616596974 -0.1143249348 0.9915280342
98.6 265.7 2343.9 0.9725226164 -0.2165606320 -0.0854476392 0.2244947404 0.9695520997 0.0978305191 0.0616596974 -0.1143249348 0.9915280342
94.1 67.1 2339.9 0.9970026612 0.0226968806 -0.0739629343 -0.0241506174 0.9995311499 -0.0188201237 0.0735011026 0.0205499642 0.9970833659
-41.3 269.1 2333.6 0.2438400090 -0.8422929645 -0.4807125926 0.6813571453 0.5015190840 -0.5331332088 0.6901409030 -0.1975377500 0.6961927414
-93.2 124.1 2186.7 -0.5212149024 -0.8422929645 0.1373957247 -0.8512197733 0.5015190840 -0.1546076089 0.0613183230 -0.1975377500 -0.9783756137
238.6 262.3 2354.2 0.1361466348 0.5969387293 0.7906505466 -0.9873645902 0.1470829844 0.0589727536 -0.0810881183 -0.7886892557 0.6094210148
274.7 0.2 2332.7 -0.0373555906 0.6040950418 0.7960363030 -0.9412577152 0.2462658286 -0.2310563028 -0.3356164992 -0.7579065561 0.5594096780
-3.4 -129.2 2332.7 0.9901877642 0.0934379101 -0.1039113030 -0.0904936641 0.9953598380 0.0327069089 0.1064852029 -0.0229826663 0.9940486550
-40.5 -524.7 2341.8 0.9951483607 0.0065139979 -0.0981700495 0.0025427113 0.9957696795 0.0918489620 0.0983530656 -0.0916529596 0.9909219742
179.6 -132.5 2336.9 0.9800994396 0.0120610883 0.1981405020 0.0129692387 0.9921292663 -0.1245444566 -0.1980831325 0.1246356815 0.9722288847
174.8 -526.7 2287.4 0.9822139144 -0.0215881243 0.1865201443 -0.0323462598 0.9590632319 0.2813386321 -0.1849581897 -0.2823679447 0.9413069487
41.1 343.4 2170.9 0 0 0 0 0 0 0 0 0
264.5 -258.7 2240.3 0 0 0 0 0 0 0 0 0
-42.3 -804.9 2367.6 0 0 0 0 0 0 0 0 0
183.0 -893.4 2395.4 0 0 0 0 0 0 0 0 0
54.9 466.7 2314.9 52 0.9703021049 -0.2246176600 -0.0897818357 0.2342496067 0.9650957584 0.1171209216 0.0603406392 -0.1346740425 0.9890510440
101.5 266.5 2342.8 0.9703021049 -0.2246176600 -0.0897818357 0.2342496067 0.9650957584 0.1171209216 0.0603406392 -0.1346740425 0.9890510440
95.6 67.9 2339.9 0.9965988398 0.0296215713 -0.0768982470 -0.0306845605 0.9994487166 -0.0126785235 0.0764802918 0.0149949901 0.9969583154
-38.6 270.9 2332.1 0.2545999289 -0.8485375047 -0.4638566673 0.6840143204 0.4970849156 -0.5338829756 0.6835958362 -0.1813580394 0.7069695592
-93.6 123.0 2184.3 -0.5184127688 -0.8485375047 0.1059827134 -0.8496367931 0.4970849156 -0.1761361510 0.0967757106 -0.1813580394 -0.9786438346
241.6 262.2 2353.6 0.1225993261 0.6008190513 0.7899277806 -0.9896932840 0.1333633959 0.0521673821 -0.0740042925 -0.7881819010 0.6109768152
274.7 -4.5 2333.6 -0.0374927297 0.6105729342 0.7910720110 -0.9364852905 0.2547645569 -0.2410194427 -0.3486970663 -0.7498638034 0.5622407198
-1.7 -129.3 2329.2 0.9890745282 0.1025266498 -0.1059240624 -0.0982930586 0.9941639900 0.0444577709 0.1098639891 -0.0335604474 0.9933798909
-42.4 -524.5 2342.5 0.9948186874 0.0042927302 -0.1015744880 0.0044520670 0.9963102341 0.0857094228 0.1015676260 -0.0857175514 0.9911289215
180.8 -133.8 2342.6 0.9808510542 0.0154737160 0.1941438168 0.0126532763 0.9896698594 -0.1428057253 -0.1943480074 0.1425276995 0.9705228806
174.7 -527.1 2286.0 0.9829110503 -0.0218347516 0.1827815026 -0.0316684358 0.9580791593 0.2847480476 -0.1813365519 -0.2856703997 0.9410151243
39.6 341.4 2159.4 0 0 0 0 0 0 0 0 0
264.3 -262.1 2237.7 0 0 0 0 0 0 0 0 0
-43.6 -801.3 2366.3 0 0 0 0 0 0 0 0 0
183.0 -893.4 2395.2 0 0 0 0 0 0 0 0 0
54.8 472.2 2319.8 53 0.9801524282 -0.1556332111 -0.1227985024 0.1639906615 0.9845671058 0.0611123219 0.1113922596 -0.0800371990 0.9905482531
86.4 272.3 2336.1 0.9801524282 -0.1556332111 -0.1227985024 0.1639906615 0.9845671058 0.0611123219 0.1113922596 -0.0800371990 0.9905482531
91.4 73.9 2336.4 0.9928133488 -0.0252341218 -0.1169823855 0.0250911638 0.9996815324 -0.0026947877 0.1170131341 -0.0002598032 0.9931303263
-52.9 268.8 2319.7 0.2060384601 -0.8366372585 -0.5075296164 0.7192372680 0.4811589122 -0.5011824369 0.6635103226 -0.2617713213 0.7008779049
-94.9 122.1 2184.4 -0.5273602605 -0.8366372585 0.1480854899 -0.8367478848 0.4811589122 -0.2614173293 0.1474588215 -0.2617713213 -0.9537985325
225.7 275.9 2352.5 0.1693880856 0.6233325601 0.7633899450 -0.9830601215 0.1618811190 0.0859493762 -0.0700033754 -0.7650169730 0.6401941180
274.5 -6.8 2332.3 -0.0463948287 0.6296626329 0.7754821181 -0.9361916184 0.2433641702 -0.2536122501 -0.3484147191 -0.7377661467 0.5781940222
-1.6 -127.9 2329.9 0.9830796123 0.1048077866 -0.1502324194 -0.1005907506 0.9942971468 0.0354209095 0.1530880481 -0.0197095852 0.9880160093
-43.3 -523.2 2337.8 0.9897097945 0.0019088975 -0.1430763155 0.0125663234 0.9948880076 0.1001993343 0.1425361931 -0.1009662077 0.9846264720
181.1 -133.5 2343.9 0.9866549373 0.0162629839 0.1620109230 0.0082445396 0.9887332916 -0.1494607180 -0.1626162678 0.1488018632 0.9754045010
174.6 -526.6 2284.8 0.9879602194 -0.0224370994 0.1530724615 -0.0237683523 0.9556679130 0.2934858501 -0.1528714150 -0.2935906351 0.9436285496
40.4 336.7 2146.6 0 0 0 0 0 0 0 0 0
261.7 -264.3 2236.5 0 0 0 0 0 0 0 0 0
-43.8 -802.6 2366.1 0 0 0 0 0 0 0 0 0
183.2 -891.9 2397.0 0 0 0 0 0 0 0 0 0
54.4 471.3 2320.8 54 0.9778127670 -0.1207630634 -0.1711678952 0.1283837408 0.9911369681 0.0341332480 0.1655288041 -0.0553511009 0.9846504331
78.7 272.2 2331.9 0.9778127670 -0.1207630634 -0.1711678952 0.1283837408 0.9911369681 0.0341332480 0.1655288041 -0.0553511009 0.9846504331
89.6 74.0 2334.6 0.9841621518 -0.0554377511 -0.1683791578 0.0566916168 0.9983882308 0.0026448874 0.1679611355 -0.0121486848 0.9857187271
-59.4 264.2 2308.4 0.1807919443 -0.8357615471 -0.5184755921 0.7479966879 0.4591291547 -0.4792717695 0.6386041641 -0.3011695445 0.7081536651
-94.1 120.4 2185.6 -0.5191630721 -0.8357615471 0.1788082570 -0.8393495679 0.4591291547 -0.2910201252 0.1611273587 -0.3011695445 -0.9398589730
216.7 280.2 2355.5 0.2045354098 0.6538516283 0.7284526825 -0.9763249159 0.1897861063 0.1037830785 -0.0703914613 -0.7324337959 0.6771895885
273.6 8.9 2335.9 -0.0537552312 0.6562131643 0.7526584268 -0.9387427568 0.2237376273 -0.2621134818 -0.3404003084 -0.7206426263 0.6039882898
5.5 -126.8 2326.0 0.9724832177 0.1201472282 -0.1996022910 -0.1084293723 0.9917291999 0.0686754063 0.2062025815 -0.0451429263 0.9774674773
-42.3 -520.9 2343.9 0.9800843596 0.0080237333 -0.1984195113 0.0077020563 0.9968956113 0.0783566609 0.1984322518 -0.0783243701 0.9769800305
187.1 -122.1 2347.3 0.9928352833 0.0314449854 0.1152795181 -0.0109928194 0.9846978784 -0.1739229411 -0.1189845055 0.1714095920 0.9779884815
174.6 -513.5 2279.2 0.9928823709 -0.0232555047 0.1168064475 -0.0128494157 0.9541098475 0.2991809547 -0.1184037849 -0.2985523939 0.9470200539
39.6 336.6 2144.1 0 0 0 0 0 0 0 0 0
258.8 -249.3 2242.3 0 0 0 0 0 0 0 0 0
-44.5 -800.1 2365.9 0 0 0 0 0 0 0 0 0
183.5 -878.2 2393.4 0 0 0 0 0 0 0 0 0
53.8 471.1 2314.8 55 0.9773924351 -0.1750532687 -0.1185762957 0.1858500540 0.9787151814 0.0870422795 0.1008153856 -0.1071118787 0.9891225100
90.0 268.7 2336.9 0.9773924351 -0.1750532687 -0.1185762957 0.1858500540 0.9787151814 0.0870422795 0.1008153856 -0.1071118787 0.9891225100
93.3 70.3 2336.6 0.9938243032 -0.0175727811 -0.1095648706 0.0170707572 0.9998390675 -0.0055183745 0.1096442118 0.0036139395 0.9939643145
-49.3 266.3 2321.6 0.2208292335 -0.8486223817 -0.4807020426 0.7179166079 0.4750513434 -0.5088437796 0.6601743698 -0.2327364087 0.7141453624
-94.5 119.4 2186.6 -0.5077964664 -0.8486223817 0.1482658535 -0.8548439145 0.4750513434 -0.2087297738 0.1066988707 -0.2327364087 -0.9666690826
229.3 271.2 2352.2 0.1771661639 0.6191861033 0.7649971843 -0.9823560119 0.1585689187 0.0991593003 -0.0599067174 -0.7690672874 0.6363542080
274.6 19.8 2336.9 -0.0625652745 0.6245722175 0.7784568667 -0.9422063231 0.2202650011 -0.2524491847 -0.3291395605 -0.7492615581 0.5746949315
10.5 -129.4 2322.0 0.9819881916 0.1307619512 -0.1363837868 -0.1210220084 0.9896237254 0.0774501637 0.1450961679 -0.0595497079 0.9876238704
-41.5 -522.7 2345.6 0.9904969335 0.0083871856 -0.1372787803 0.0013453941 0.9975002408 0.0706505999 0.1375281662 -0.0701638982 0.9880096316
190.5 -119.0 2352.6 0.9852536321 0.0407375321 0.1661797315 -0.0082428977 0.9814160466 -0.1917148530 -0.1709014475 0.1875179559 0.9672795534
174.3 -509.1 2278.1 0.9859453440 -0.0232156683 0.1654474586 -0.0279802624 0.9533654451 0.3005185127 -0.1647086293 -0.3009240925 0.9393166304
37.0 340.7 2158.9 0 0 0 0 0 0 0 0 0
257.4 -239.3 2246.4 0 0 0 0 0 0 0 0 0
-43.8 -803.8 2365.4 0 0 0 0 0 0 0 0 0
183.2 -873.5 2393.2 0 0 0 0 0 0 0 0 0
54.3 470.4 2318.8 56 0.9780235291 -0.1940831840 -0.0761691481 0.1999514699 0.9766222835 0.0789200589 0.0590714328 -0.0924158096 0.9939667583
94.9 266.1 2338.1 0.9780235291 -0.1940831840 -0.0761691481 0.1999514699 0.9766222835 0.0789200589 0.0590714328 -0.0924158096 0.9939667583
92.7 67.5 2337.6 0.9975916743 0.0105546815 -0.0685525835 -0.0107931094 0.9999369383 -0.0031085662 0.0685154498 0.0038409752 0.9976426363
-45.0 267.6 2328.5 0.2336610705 -0.8524662852 -0.4676577747 0.6990400553 0.4815911055 -0.5285953283 0.6758295298 -0.2033993453 0.7084371448
-94.1 120.8 2186.6 -0.5029601455 -0.8524662852 0.1425917447 -0.8616439700 0.4815911055 -0.1601240933 0.0678294823 -0.2033993453 -0.9767435193
234.8 264.6 2347.7 0.1544207633 0.5914312005 0.7914311886 -0.9862828255 0.1395551115 0.0881507993 -0.0583131313 -0.7941873074 0.6048686504
275.9 2.2 2332.2 -0.0886248946 0.6011525393 0.7942048311 -0.9370374084 0.2200857252 -0.2711516321 -0.3377966285 -0.7682303786 0.5437973142
5.9 -129.8 2326.2 0.9884325862 0.1181473881 -0.0950903967 -0.1120080650 0.9914109707 0.0675167665 0.1022505909 -0.0560848787 0.9931763411
-41.1 -523.9 2348.5 0.9953060150 0.0090213977 -0.0963565782 -0.0035463308 0.9983769059 0.0568416938 0.0967129767 -0.0562331676 0.9937224984
187.5 -126.6 2346.2 0.9787818789 0.0327949487 0.2022634298 0.0012132408 0.9861640930 -0.1657674909 -0.2049012780 0.1624956131 0.9651997685
174.5 -518.5 2281.6 0.9805224538 -0.0232346226 0.1950280219 -0.0373318531 0.9528284669 0.3012045622 -0.1928266287 -0.3026185930 0.9334022999
36.2 344.0 2169.0 0 0 0 0 0 0 0 0 0
251.6 -255.5 2239.3 0 0 0 0 0 0 0 0 0
-43.6 -803.8 2364.3 0 0 0 0 0 0 0 0 0
183.3 -882.8 2397.3 0 0 0 0 0 0 0 0 0
54.7 469.5 2313.8 57 0.9756616950 -0.2054616660 -0.0766145363 0.2117762715 0.9735108614 0.0861822963 0.0568779260 -0.1003099009 0.9933291674
97.8 265.4 2334.8 0.9756616950 -0.2054616660 -0.0766145363 0.2117762715 0.9735108614 0.0861822963 0.0568779260 -0.1003099009 0.9933291674
91.6 66.9 2337.2 0.9970538616 0.0309420191 -0.0701870173 -0.0300649684 0.9994565248 0.0135183260 0.0705671534 -0.0113683287 0.9974422455
-42.3 269.7 2324.9 0.2456822991 -0.8522819281 -0.4617961645 0.7070878744 0.4834430218 -0.5160518885 0.6630738378 -0.1997456551 0.7214116454
-93.4 122.4 2186.8 -0.5006192923 -0.8522819281 0.1516436189 -0.8645717502 0.4834430218 -0.1371079236 0.0435435660 -0.1997456551 -0.9788798094
237.9 261.2 2344.7 0.1354282051 0.5946857333 0.7924696207 -0.9895775914 0.1206969768 0.0785392150 -0.0489425361 -0.7948465943 0.6048334241
274.4 -5.5 2331.5 -0.1094547436 0.6082232594 0.7861832976 -0.9318932295 0.2123871595 -0.2940522134 -0.3458246291 -0.7648242712 0.5435523391
-0.7 -130.1 2330.9 0.9902786613 0.0973869041 -0.0993174687 -0.0927195400 0.9944064617 0.0505851544 0.1036882624 -0.0408847295 0.9937691689
-39.4 -525.3 2347.2 0.9950855970 0.0142688528 -0.0979852453 -0.0079984898 0.9979120493 0.0640900359 0.0986951515 -0.0629913360 0.9931220412
181.8 -132.0 2343.4 0.9801239371 0.0165410563 0.1976953596 0.0123413345 0.9895041585 -0.1439764649 -0.1980019063 0.1435546130 0.9696325660
175.2 -525.2 2286.4 0.9822226167 -0.0226090308 0.1863533705 -0.0320267379 0.9579831362 0.2850308418 -0.1849676520 -0.2859320343 0.9402286410
36.2 346.2 2175.5 0 0 0 0 0 0 0 0 0
244.3 -261.7 2236.5 0 0 0 0 0 0 0 0 0
-43.4 -804.7 2364.8 0 0 0 0 0 0 0 0 0
183.9 -891.4 2395.7 0 0 0 0 0 0 0 0 0
54.2 471.6 2317.8 58 0.9746220112 -0.2119063884 -0.0721635669 0.2166503966 0.9740282297 0.0658149198 0.0563427508 -0.0797789395 0.9952189922
99.2 265.1 2334.7 0.9746220112 -0.2119063884 -0.0721635669 0.2166503966 0.9740282297 0.0658149198 0.0563427508 -0.0797789395 0.9952189922
90.6 66.6 2338.4 0.9967201352 0.0433088019 -0.0683619007 -0.0419403724 0.9988924265 0.0213279687 0.0692098737 -0.0183908921 0.9974325895
-41.0 270.9 2325.0 0.2477028072 -0.8444656134 -0.4748907089 0.7045186162 0.4934746921 -0.5100355744 0.6650540233 -0.2082321048 0.7171767950
-92.8 123.5 2185.8 -0.5097677708 -0.8444656134 0.1643615067 -0.8597978354 0.4934746921 -0.1312645525 0.0297401547 -0.2082321048 -0.9776271582
239.3 259.2 2344.4 0.1256217062 0.5937593579 0.7947760820 -0.9907695651 0.1162205189 0.0697745457 -0.0509400032 -0.7962051630 0.6028785110
273.4 -9.6 2330.6 -0.1307904273 0.6082705259 0.7828798294 -0.9283586740 0.2019732744 -0.3120208383 -0.3479138911 -0.7676025629 0.5382770300
-5.9 -128.9 2333.1 0.9909230471 0.0914741457 -0.0985087529 -0.0874761641 0.9951866269 0.0441757329 0.1020755321 -0.0351575837 0.9941551685
-42.2 -524.4 2347.1 0.9953047037 0.0053477106 -0.0966435373 0.0008759417 0.9979340434 0.0642411411 0.0967874154 -0.0640241578 0.9932437539
176.8 -134.4 2346.1 0.9803391099 0.0049578710 0.1972577274 0.0259595662 0.9877545238 -0.1538410634 -0.1956049353 0.1559371352 0.9682056904
174.8 -526.9 2284.1 0.9838057160 -0.0246323980 0.1775376052 -0.0333946832 0.9479778409 0.3165799379 -0.1760998368 -0.3173819780 0.9318034053
39.2 346.2 2178.1 0 0 0 0 0 0 0 0 0
237.4 -264.8 2235.0 0 0 0 0 0 0 0 0 0
-43.7 -805.7 2365.2 0 0 0 0 0 0 0 0 0
184.2 -889.1 2405.4 0 0 0 0 0 0 0 0 0
54.2 472.7 2320.3 59 0.9847828150 -0.1555027515 -0.0775993317 0.1595355719 0.9859869480 0.0487659611 0.0689286888 -0.0604037344 0.9957912564
86.2 269.7 2332.7 0.9847828150 -0.1555027515 -0.0775993317 0.1595355719 0.9859869480 0.0487659611 0.0689286888 -0.0604037344 0.9957912564
89.4 71.4 2338.2 0.9970023036 -0.0163687095 -0.0756206289 0.0183746852 0.9994954467 0.0259076674 0.0751584023 -0.0272195078 0.9968000650
-53.8 267.1 2322.2 0.2020087242 -0.8472238183 -0.4913290441 0.7141284943 0.4707354009 -0.5181009769 0.6702334881 -0.2462111562 0.7001193762
-95.2 120.6 2184.7 -0.5007757545 -0.8472238183 0.1773003042 -0.8623731136 0.4707354009 -0.1863351911 0.0744060874 -0.2462111562 -0.9663559198
226.2 272.3 2343.3 0.1613434851 0.5919166803 0.7896853089 -0.9856312275 0.1371797174 0.0985534415 -0.0499933884 -0.7942394614 0.6055446267
272.7 -11.7 2328.9 -0.1408133656 0.6018390059 0.7861052155 -0.9284941554 0.1953018159 -0.3158414662 -0.3436135054 -0.7743687630 0.5313028693
-9.4 -128.1 2335.8 0.9904823899 0.0857060775 -0.1076990813 -0.0822618604 0.9959591031 0.0360339321 0.1103522107 -0.0268314499 0.9935303330
-43.5 -524.0 2346.5 0.9944643378 0.0026562461 -0.1050409079 0.0043407287 0.9977884889 0.0663272217 0.1049847901 -0.0664160103 0.9922535419
173.3 -135.8 2348.5 0.9796170592 -0.0047643692 0.2008176446 0.0365170576 0.9872844815 -0.1547122151 -0.1975270361 0.1588920057 0.9673346877
175.2 -528.2 2285.3 0.9837194085 -0.0231549423 0.1782133430 -0.0311004426 0.9547675252 0.2957224846 -0.1769997478 -0.2964504659 0.9385031462
33.7 342.6 2165.6 0 0 0 0 0 0 0 0 0
234.0 -267.0 2234.4 0 0 0 0 0 0 0 0 0
-44.3 -805.7 2365.2 0 0 0 0 0 0 0 0 0
184.0 -893.0 2398.6 0 0 0 0 0 0 0 0 0
53.3 474.6 2321.0 60 0.9863309264 -0.1288920194 -0.1026552394 0.1333062351 0.9903712273 0.0373396911 0.0968540087 -0.0505138785 0.9940159321
79.5 273.1 2331.3 0.9863309264 -0.1288920194 -0.1026552394 0.1333062351 0.9903712273 0.0373396911 0.0968540087 -0.0505138785 0.9940159321
90.7 75.1 2337.1 0.9932487607 -0.0565465689 -0.1012884751 0.0591299422 0.9979925156 0.0226846039 0.0998024046 -0.0285206381 0.9945984483
-60.0 264.8 2317.3 0.1807831973 -0.8534855843 -0.4887532890 0.7264078259 0.4508909285 -0.5186800361 0.6630603671 -0.2612655759 0.7014921308
-96.5 118.1 2183.4 -0.4923236370 -0.8534855843 0.1708209366 -0.8620120287 0.4508909285 -0.2315872908 0.1206348017 -0.2612655759 -0.9576990604
218.9 281.5 2345.3 0.1938307881 0.6052445173 0.7720807791 -0.9796196818 0.1616696566 0.1191983745 -0.0526778661 -0.7794498205 0.6242460012
273.5 5.6 2330.5 -0.1378098726 0.6083124876 0.7816420794 -0.9345276356 0.1815827042 -0.3060814738 -0.3281258643 -0.7726471424 0.5434609056
1.4 -128.6 2336.8 0.9848119617 0.1106875315 -0.1337673813 -0.1075935513 0.9937372804 0.0301636495 0.1362683773 -0.0153130135 0.9905536175
-42.6 -523.5 2342.9 0.9917674065 0.0066048130 -0.1278821528 0.0038537050 0.9966771007 0.0813627616 0.1279945970 -0.0811857507 0.9884464145
183.9 -125.2 2350.6 0.9827411175 0.0240726061 0.1834133118 0.0100774141 0.9830576181 -0.1830196977 -0.1847116053 0.1817093194 0.9658485055
174.4 -515.8 2278.4 0.9847004414 -0.0239273310 0.1726052016 -0.0311040264 0.9504859447 0.3092070222 -0.1714573205 -0.3098450005 0.9351996779
29.5 338.7 2152.5 0 0 0 0 0 0 0 0 0
235.6 -251.3 2240.3 0 0 0 0 0 0 0 0 0
-44.5 -807.5 2366.0 0 0 0 0 0 0 0 0 0
183.5 -879.0 2396.8 0 0 0 0 0 0 0 0 0
53.1 473.6 2314.9 61 0.9813643694 -0.1724915206 -0.0846795887 0.1786038578 0.9813684225 0.0708286092 0.0708845407 -0.0846327767 0.9938876629
89.6 265.8 2332.8 0.9813643694 -0.1724915206 -0.0846795887 0.1786038578 0.9813684225 0.0708286092 0.0708845407 -0.0846327767 0.9938876629
93.9 67.4 2338.0 0.9965590835 -0.0214766860 -0.0800546259 0.0234345850 0.9994468093 0.0235981867 0.0795035288 -0.0253930334 0.9965111017
-50.4 262.5 2321.7 0.2274468392 -0.8606672287 -0.4555434883 0.6997912526 0.4697713256 -0.5381516218 0.6771706939 -0.1963844597 0.7091353536
-97.2 118.3 2182.2 -0.4975965917 -0.8606672287 0.1079331711 -0.8577873707 0.4697713256 -0.2086042166 0.1288349032 -0.1963844597 -0.9720261097
229.6 269.0 2344.0 0.1768540293 0.5947315693 0.7842301726 -0.9833229184 0.1411000937 0.1147468314 -0.0424113944 -0.7914449573 0.6097673178
274.4 19.9 2333.2 -0.1068208441 0.6014205813 0.7917591929 -0.9424216747 0.1925669163 -0.2734214962 -0.3169079423 -0.7753781676 0.5462216735
11.0 -128.4 2333.8 0.9840815067 0.1396946609 -0.1098591611 -0.1349757314 0.9896209240 0.0493145399 0.1156079024 -0.0337012038 0.9927230477
-44.5 -521.5 2347.2 0.9941389561 -0.0005148922 -0.1081087887 0.0072211428 0.9980716705 0.0616501197 0.1078685820 -0.0620694533 0.9922256470
192.8 -117.5 2352.1 0.9794074893 0.0471167937 0.1963185072 -0.0081133991 0.9807868004 -0.1949138939 -0.2017303258 0.1893073320 0.9609722495
174.1 -507.2 2276.8 0.9806357026 -0.0237437915 0.1943961084 -0.0379695408 0.9507376552 0.3076625764 -0.1921247691 -0.3090860248 0.9314257503
31.1 339.5 2148.9 0 0 0 0 0 0 0 0 0
245.0 -239.2 2246.1 0 0 0 0 0 0 0 0 0
-44.4 -805.1 2364.8 0 0 0 0 0 0 0 0 0
183.2 -870.6 2395.0 0 0 0 0 0 0 0 0 0
53.4 468.0 2318.3 62 0.9776141644 -0.1963467151 -0.0756207108 0.2010044605 0.9777613282 0.0598326176 0.0621910654 -0.0736933202 0.9953399301
94.7 262.3 2333.8 0.9776141644 -0.1963467151 -0.0756207108 0.2010044605 0.9777613282 0.0598326176 0.0621910654 -0.0736933202 0.9953399301
95.3 63.7 2337.4 0.9974497557 -0.0029518667 -0.0713112801 0.0041794139 0.9998455644 0.0170708559 0.0712498724 -0.0173253603 0.9973080158
-45.5 261.7 2323.8 0.2560646534 -0.8767340779 -0.4071464837 0.6989179850 0.4588848650 -0.5485785007 0.6677908301 -0.1440904289 0.7302693725
-98.6 116.8 2185.4 -0.4779664874 -0.8767340779 0.0537158884 -0.8646913767 0.4588848650 -0.2042878866 0.1544567347 -0.1440904289 -0.9774359465
234.9 262.9 2343.9 0.1464695632 0.5917130709 0.7927309275 -0.9878498912 0.1295804381 0.0857989788 -0.0519540422 -0.7956660986 0.6035032868
273.6 2.4 2330.2 -0.0928301215 0.6021993160 0.7929303646 -0.9385851026 0.2128768861 -0.2715538442 -0.3323260844 -0.7694410086 0.5454539061
6.9 -133.2 2335.9 0.9866297841 0.1284908354 -0.1002586409 -0.1243927404 0.9911599755 0.0461345799 0.1053002179 -0.0330463052 0.9938912392
-44.2 -527.1 2349.1 0.9951246977 -0.0013138670 -0.0986159518 0.0071390453 0.9982478023 0.0587397367 0.0983659774 -0.0591573864 0.9933904409
189.4 -128.9 2350.5 0.9785806537 0.0384491757 0.2022413015 -0.0023071184 0.9843902588 -0.1759842932 -0.2058508247 0.1717482358 0.9633939862
174.1 -520.1 2282.2 0.9799144864 -0.0300687365 0.1971380711 -0.0307889301 0.9539011121 0.2985375524 -0.1970268786 -0.2986109555 0.9338157773
24.2 338.8 2145.7 0 0 0 0 0 0 0 0 0
248.0 -255.6 2238.8 0 0 0 0 0 0 0 0 0
-43.8 -805.8 2365.6 0 0 0 0 0 0 0 0 0
185.6 -884.7 2396.4 0 0 0 0 0 0 0 0 0
53.1 465.9 2320.1 63 0.9734438658 -0.2168352157 -0.0734130591 0.2207925618 0.9739944339 0.0508476309 0.0604783557 -0.0657063723 0.9960045218
98.8 260.6 2333.9 0.9734438658 -0.2168352157 -0.0734130591 0.2207925618 0.9739944339 0.0508476309 0.0604783557 -0.0657063723 0.9960045218
96.4 61.9 2336.9 0.9974926710 0.0119426213 -0.0697549433 -0.0108790351 0.9998189807 0.0156075284 0.0699287131 -0.0148095293 0.9974420667
-41.5 262.1 2324.1 0.2807600200 -0.8823838830 -0.3775877059 0.7030612230 0.4568905532 -0.5449365973 0.6533595324 -0.1124708578 0.7486464977
-100.0 115.7 2188.0 -0.4695737362 -0.8823838830 0.0299863666 -0.8702969551 0.4568905532 -0.1839408875 0.1486059874 -0.1124708578 -0.9824798107
239.1 259.1 2343.7 0.1341626793 0.5911840796 0.7952998281 -0.9887926579 0.1329055279 0.0680088699 -0.0654939786 -0.7955108881 0.6023893952
275.3 -7.9 2326.1 -0.1209490970 0.6005564928 0.7903817296 -0.9362379909 0.1955978423 -0.2918902040 -0.3298935294 -0.7752892375 0.5386064053
4.4 -135.3 2334.4 0.9874688983 0.1241129562 -0.0974739492 -0.1195864007 0.9915127158 0.0510056466 0.1029771268 -0.0387099311 0.9939302206
-44.9 -529.4 2349.8 0.9953136444 -0.0059452252 -0.0965164751 0.0116479592 0.9982118011 0.0586301796 0.0959953144 -0.0594796389 0.9936030507
187.3 -134.5 2347.4 0.9789830446 0.0317441747 0.2014560550 0.0024435909 0.9859150648 -0.1672289968 -0.2039270997 0.1642066240 0.9651165605
174.7 -526.4 2282.2 0.9806756973 -0.0276577063 0.1936755031 -0.0327968560 0.9527063370 0.3021174669 -0.1928717643 -0.3026311994 0.9333888888
20.3 338.7 2150.0 0 0 0 0 0 0 0 0 0
242.0 -265.2 2235.4 0 0 0 0 0 0 0 0 0
-43.2 -806.2 2366.3 0 0 0 0 0 0 0 0 0
185.2 -890.6 2397.8 0 0 0 0 0 0 0 0 0
52.0 466.0 2314.9 64 0.9695683122 -0.2322081625 -0.0775672942 0.2377128303 0.9687093496 0.0713781267 0.0585655794 -0.0876447037 0.9944286942
101.5 259.7 2333.6 0.9695683122 -0.2322081625 -0.0775672942 0.2377128303 0.9687093496 0.0713781267 0.0585655794 -0.0876447037 0.9944286942
96.7 61.0 2336.8 0.9971212149 0.0240165815 -0.0719197839 -0.0227785353 0.9995787144 0.0179853644 0.0723214373 -0.0162953623 0.9972482324
-38.8 262.9 2323.4 0.2930504680 -0.8857020736 -0.3600739241 0.7074760199 0.4542052746 -0.5414565802 0.6431167126 -0.0960695595 0.7597180605
-100.1 114.9 2188.9 -0.4634269178 -0.8857020736 0.0277001578 -0.8773341775 0.4542052746 -0.1548621058 0.1245801300 -0.0960695595 -0.9875476956
241.8 256.5 2343.8 0.1213014647 0.5932733417 0.7958095074 -0.9895245433 0.1354976147 0.0498155132 -0.0782760754 -0.7935156822 0.6034945846
275.1 -15.2 2322.3 -0.1475537121 0.6014776230 0.7851449251 -0.9313496947 0.1826867163 -0.3149814308 -0.3328898251 -0.7777211666 0.5332298875
2.6 -135.7 2333.5 0.9884995222 0.1135272980 -0.0999011248 -0.1091607139 0.9928568602 0.0481580310 0.1046547666 -0.0366989113 0.9938312769
-42.6 -530.4 2348.1 0.9951635003 0.0053299861 -0.0980876759 0.0009534828 0.9979557395 0.0639016256 0.0982277542 -0.0636860877 0.9931240678
185.5 -137.7 2346.3 0.9799488187 0.0274969786 0.1973427832 0.0050689522 0.9866708517 -0.1626498848 -0.1991847456 0.1603888869 0.9667475820
174.6 -530.0 2282.5 0.9818704128 -0.0261108857 0.1877463758 -0.0342609361 0.9497077465 0.3112577498 -0.1864313930 -0.3120471239 0.9315953851
18.5 339.3 2157.0 0 0 0 0 0 0 0 0 0
234.5 -271.2 2230.8 0 0 0 0 0 0 0 0 0
-44.0 -804.9 2365.6 0 0 0 0 0 0 0 0 0
184.5 -893.0 2401.8 0 0 0 0 0 0 0 0 0
51.8 462.6 2311.9 65 0.9660668373 -0.2471025139 -0.0752011463 0.2530212700 0.9638727307 0.0832444727 0.0519144125 -0.0994472131 0.9936876297
103.8 259.9 2332.8 0.9660668373 -0.2471025139 -0.0752011463 0.2530212700 0.9638727307 0.0832444727 0.0519144125 -0.0994472131 0.9936876297
96.4 61.3 2336.6 0.9969487190 0.0371904969 -0.0686300620 -0.0357712172 0.9991223216 0.0217949226 0.0693803877 -0.0192734394 0.9974040985
-36.5 264.9 2323.0 0.3049739599 -0.8862179518 -0.3487242162 0.7122915387 0.4553126693 -0.5341639519 0.6321642399 -0.0854872093 0.7701041102
-100.8 114.8 2189.8 -0.4627701342 -0.8862179518 0.0214827098 -0.8786188364 0.4553126693 -0.1439420879 0.1177827194 -0.0854872093 -0.9893528819
244.0 254.8 2342.5 0.1097259372 0.5924540162 0.7980967760 -0.9910545945 0.1265793294 0.0422905572 -0.0759673491 -0.7955978513 0.6010432839
273.9 -15.1 2321.8 -0.1616536379 0.6017072201 0.7821869850 -0.9287114143 0.1752707064 -0.3267648518 -0.3337112367 -0.7792487144 0.5304792523
0.5 -135.5 2333.5 0.9893574119 0.1085825264 -0.0968596190 -0.1044346169 0.9934239984 0.0469269529 0.1013181210 -0.0363120288 0.9941911697
-42.7 -530.5 2347.9 0.9955004454 0.0047848551 -0.0946362019 0.0015809457 0.9977465272 0.0670769215 0.0947438926 -0.0669247136 0.9932495356
183.4 -139.7 2346.7 0.9799195528 0.0223902352 0.1981320977 0.0102583747 0.9866981506 -0.1622391492 -0.1991291493 0.1610138416 0.9666551352
174.5 -532.0 2282.7 0.9822062850 -0.0249681119 0.1861381084 -0.0347900353 0.9497795701 0.3109798133 -0.1845547557 -0.3119220734 0.9320108294
17.6 339.5 2159.7 0 0 0 0 0 0 0 0 0
229.5 -270.5 2230.1 0 0 0 0 0 0 0 0 0
-44.0 -802.0 2366.1 0 0 0 0 0 0 0 0 0
184.0 -895.1 2402.0 0 0 0 0 0 0 0 0 0
53.2 463.3 2311.3 66 0.9666743279 -0.2461847067 -0.0702414736 0.2521297932 0.9630747437 0.0944332927 0.0443997569 -0.1089962050 0.9930500984
105.1 260.1 2334.3 0.9666743279 -0.2461847067 -0.0702414736 0.2521297932 0.9630747437 0.0944332927 0.0443997569 -0.1089962050 0.9930500984
96.2 61.6 2336.5 0.9970788956 0.0446917936 -0.0619380437 -0.0439317636 0.9989422560 0.0135794636 0.0624794215 -0.0108187487 0.9979876280
-35.2 266.3 2325.5 0.3048460484 -0.8867895603 -0.3473804593 0.7043836713 0.4554212689 -0.5444585085 0.6410245895 -0.0787131041 0.7634734511
-100.7 114.9 2187.7 -0.4620192945 -0.8867895603 0.0119356886 -0.8779407740 0.4554212689 -0.1476870626 0.1255315840 -0.0787131041 -0.9889621139
245.4 254.0 2343.1 0.1059016958 0.5885185003 0.8015178442 -0.9912950397 0.1258923560 0.0385391973 -0.0782239288 -0.7986220121 0.5967276692
274.3 -16.3 2321.8 -0.1683678925 0.5984490514 0.7832694054 -0.9261563420 0.1760008186 -0.3335538208 -0.3374710083 -0.7815896869 0.5246244669
-2.5 -134.0 2334.1 0.9902860522 0.1071116924 -0.0886600018 -0.1028956547 0.9933918715 0.0508431308 0.0935200229 -0.0412265174 0.9947634935
-45.1 -529.0 2350.5 0.9960989952 -0.0046349317 -0.0881208554 0.0095848702 0.9983941317 0.0558323152 0.0877205729 -0.0564591400 0.9945438504
180.4 -140.6 2346.8 0.9789589047 0.0148404948 0.2035171837 0.0180330835 0.9871578813 -0.1587264389 -0.2032591701 0.1590567082 0.9661194086
174.5 -533.0 2283.6 0.9819449782 -0.0245504100 0.1875667423 -0.0360120535 0.9491484165 0.3127624691 -0.1857071221 -0.3138702214 0.9311274886
17.1 338.8 2155.7 0 0 0 0 0 0 0 0 0
228.0 -271.0 2229.0 0 0 0 0 0 0 0 0 0
-43.8 -801.2 2365.9 0 0 0 0 0 0 0 0 0
183.9 -895.9 2403.6 0 0 0 0 0 0 0 0 0
51.6 460.5 2310.0 67 0.9697896838 -0.2394686043 -0.0465049893 0.2433682382 0.9628358483 0.1171282679 0.0167281292 -0.1249076277 0.9920273423
101.7 258.8 2336.2 0.9697896838 -0.2394686043 -0.0465049893 0.2433682382 0.9628358483 0.1171282679 0.0167281292 -0.1249076277 0.9920273423
96.4 60.2 2335.7 0.9990804791 0.0265740827 -0.0336460657 -0.0266364422 0.9996442199 -0.0014064084 0.0335967205 0.0023013265 0.9994328022
-38.8 262.5 2331.5 0.2885034978 -0.8898409605 -0.3534809053 0.6862639785 0.4496178329 -0.5717390180 0.6676881909 -0.0776325166 0.7403821349
-101.1 114.3 2187.2 -0.4562611282 -0.8898409605 -0.0029656079 -0.8757417202 0.4496178329 -0.1758414507 0.1578043252 -0.0776325166 -0.9844140410
242.2 255.1 2341.0 0.1143862754 0.5660734773 0.8163801432 -0.9909593463 0.1230109259 0.0535521694 -0.0701092184 -0.8151252270 0.5750265718
273.8 -18.1 2321.6 -0.1658717245 0.5783459544 0.7987506390 -0.9269829392 0.1848888099 -0.3263721466 -0.3364360332 -0.7945641279 0.5054489970
-4.1 -132.9 2332.9 0.9932629466 0.0991907567 -0.0599162281 -0.0963832363 0.9941830635 0.0480650887 0.0643353164 -0.0419663526 0.9970455170
-43.6 -528.2 2349.6 0.9982490540 -0.0006751091 -0.0591469966 0.0039787982 0.9984365106 0.0557556301 0.0590168796 -0.0558933392 0.9966909885
178.8 -141.0 2344.4 0.9721960425 0.0111818546 0.2339014113 0.0260418579 0.9875004888 -0.1554495841 -0.2327159792 0.1572186947 0.9597528577
174.4 -533.6 2281.8 0.9770329595 -0.0255548880 0.2115504593 -0.0464404039 0.9433821440 0.3284409344 -0.2079661936 -0.3307220936 0.9205286503
14.8 336.8 2147.1 0 0 0 0 0 0 0 0 0
228.2 -273.0 2229.1 0 0 0 0 0 0 0 0 0
-43.4 -803.1 2365.0 0 0 0 0 0 0 0 0 0
184.1 -894.2 2408.3 0 0 0 0 0 0 0 0 0
51.2 463.4 2309.4 68 0.9801872373 -0.1696151793 -0.1022922546 0.1778740585 0.9809697270 0.0778408125 0.0871426240 -0.0944937095 0.9917041659
85.8 262.9 2328.7 0.9801872373 -0.1696151793 -0.1022922546 0.1778740585 0.9809697270 0.0778408125 0.0871426240 -0.0944937095 0.9917041659
92.2 64.7 2333.7 0.9947901964 -0.0332442299 -0.0963705480 0.0353319459 0.9991747141 0.0200380590 0.0956248641 -0.0233386252 0.9951438308
-53.6 257.8 2315.4 0.2443485260 -0.8909631968 -0.3827249408 0.7278945446 0.4293005466 -0.5346686840 0.6406741738 -0.1479378939 0.7534261942
-101.9 113.9 2188.7 -0.4520457089 -0.8909631968 0.0428866372 -0.8693568110 0.4293005466 -0.2447852045 0.1996833384 -0.1479378939 -0.9686284065
225.3 268.0 2342.0 0.1701441109 0.6030810475 0.7793229222 -0.9823976159 0.1656946689 0.0862567425 -0.0771098435 -0.7802810669 0.6206573248
275.0 -19.1 2319.5 -0.1704509109 0.6035934091 0.7788590789 -0.9275568724 0.1684688181 -0.3335514367 -0.3325429261 -0.7792902589 0.5311515331
-0.5 -136.1 2332.1 0.9866636395 0.1022872180 -0.1266182661 -0.0966217890 0.9940583706 0.0501212254 0.1309927106 -0.0372187048 0.9906844497
-41.2 -531.3 2346.9 0.9921659231 0.0124644488 -0.1243037209 -0.0034723300 0.9973772168 0.0722957402 0.1248788238 -0.0712977424 0.9896069765
182.7 -140.9 2338.3 0.9830425978 0.0205342863 0.1822240800 0.0049505704 0.9903767109 -0.1383093745 -0.1833105683 0.1368661225 0.9734808207
174.5 -534.6 2283.9 0.9847444296 -0.0244573914 0.1722797006 -0.0320160761 0.9477035999 0.3175418079 -0.1710363328 -0.3182132542 0.9324628115
12.6 334.1 2138.2 0 0 0 0 0 0 0 0 0
228.1 -274.3 2228.0 0 0 0 0 0 0 0 0 0
-44.6 -804.0 2366.4 0 0 0 0 0 0 0 0 0
183.9 -896.9 2405.5 0 0 0 0 0 0 0 0 0
51.0 465.0 2309.1 69 0.9858356118 -0.1332862377 -0.1017987356 0.1404657811 0.9878208041 0.0669285059 0.0916382596 -0.0802797377 0.9925510287
78.0 265.0 2325.3 0.9858356118 -0.1332862377 -0.1017987356 0.1404657811 0.9878208041 0.0669285059 0.0916382596 -0.0802797377 0.9925510287
90.3 67.1 2333.0 0.9931825995 -0.0626921430 -0.0982754380 0.0660449341 0.9973275065 0.0312395338 0.0960543230 -0.0375171565 0.9946687818
-61.4 255.7 2311.9 0.2153900564 -0.8888123631 -0.4044993222 0.7441729903 0.4176077545 -0.5213543177 0.6323082447 -0.1887229234 0.7513787150
-103.0 111.9 2189.8 -0.4510091245 -0.8888123631 0.0812609643 -0.8701339960 0.4176077545 -0.2616687417 0.1986392140 -0.1887229234 -0.9617307782
217.4 274.4 2338.8 0.2017110586 0.5995799303 0.7744781971 -0.9777686000 0.1695137769 0.1234246194 -0.0572818071 -0.7821565866 0.6204432845
274.0 0.1 2322.7 -0.1488401145 0.6001327634 0.7859308720 -0.9351453185 0.1729625463 -0.3091717660 -0.3214806914 -0.7809767127 0.5354675651
7.7 -136.8 2330.0 0.9841541648 0.1210497022 -0.1295667589 -0.1142711714 0.9917222261 0.0585585088 0.1355827153 -0.0428248532 0.9898400903
-40.4 -531.0 2347.0 0.9917945266 0.0093776640 -0.1274978518 0.0002577769 0.9971572757 0.0753476769 0.1278419942 -0.0747622773 0.9889727235
189.5 -130.2 2347.4 0.9820923805 0.0397560894 0.1841575503 -0.0086395806 0.9859570861 -0.1667753160 -0.1882017702 0.1621977091 0.9686443806
173.7 -522.0 2282.9 0.9827742577 -0.0297507867 0.1823995858 -0.0255841743 0.9555532336 0.2937064171 -0.1830305159 -0.2933136523 0.9383320212
12.2 334.2 2139.0 0 0 0 0 0 0 0 0 0
233.1 -257.1 2234.3 0 0 0 0 0 0 0 0 0
-43.0 -806.8 2367.7 0 0 0 0 0 0 0 0 0
185.1 -887.1 2395.0 0 0 0 0 0 0 0 0 0
51.4 461.8 2308.9 70 0.9806185365 -0.1787462085 -0.0802311450 0.1853335202 0.9790849686 0.0839295089 0.0635510236 -0.0971723571 0.9932365417
87.8 262.5 2328.7 0.9806185365 -0.1787462085 -0.0802311450 0.1853335202 0.9790849686 0.0839295089 0.0635510236 -0.0971723571 0.9932365417
92.7 64.2 2335.8 0.9968715310 -0.0250758696 -0.0749555752 0.0275923647 0.9990833402 0.0327281877 0.0740661845 -0.0346940011 0.9966496229
-52.2 258.6 2318.4 0.2534342110 -0.8877053857 -0.3843829632 0.7309517264 0.4360045791 -0.5249853134 0.6336250305 -0.1479161531 0.7593682408
-103.0 112.0 2191.3 -0.4566863775 -0.8877053857 0.0584528446 -0.8746314645 0.4360045791 -0.2119429410 0.1626571864 -0.1479161531 -0.9755324125
227.8 266.4 2339.1 0.1762112379 0.5874518156 0.7898417115 -0.9826284051 0.1524451077 0.1058389470 -0.0582322255 -0.7947709560 0.6041094065
273.7 10.5 2323.9 -0.1243324429 0.5918560028 0.7963968515 -0.9413166046 0.1834693104 -0.2833054960 -0.3137904406 -0.7848856449 0.5343127251
11.8 -136.9 2331.9 0.9853232503 0.1328279078 -0.1072140485 -0.1283076406 0.9905700684 0.0480426177 0.1125844270 -0.0335811265 0.9930745363
-41.0 -530.7 2345.2 0.9946419597 0.0072647929 -0.1031240076 0.0008211822 0.9969410896 0.0781520531 0.1033763215 -0.0778179988 0.9915935397
193.6 -124.8 2349.3 0.9787873030 0.0494862087 0.1988128275 -0.0134257069 0.9837977290 -0.1787787378 -0.2044386864 0.1723171622 0.9635930657
173.9 -515.8 2280.9 0.9796538949 -0.0267789904 0.1988996714 -0.0351856127 0.9527908564 0.3015817106 -0.1975858510 -0.3024441004 0.9324631095
14.1 336.3 2149.6 0 0 0 0 0 0 0 0 0
239.5 -248.3 2237.7 0 0 0 0 0 0 0 0 0
-43.0 -805.0 2366.6 0 0 0 0 0 0 0 0 0
184.2 -880.0 2396.5 0 0 0 0 0 0 0 0 0
48.7 456.8 2308.9 71 0.9777231216 -0.2015230954 -0.0587023534 0.2063947618 0.9739261866 0.0941750929 0.0381933041 -0.1041930169 0.9938234687
88.9 262.6 2329.6 0.9777231216 -0.2015230954 -0.0587023534 0.2063947618 0.9739261866 0.0941750929 0.0381933041 -0.1041930169 0.9938234687
90.7 64.0 2335.9 0.9986087680 -0.0095284330 -0.0518628806 0.0111064231 0.9994814396 0.0302235316 0.0515480042 -0.0307574943 0.9981967807
-51.5 261.0 2322.4 0.2546276748 -0.8816849589 -0.3972358704 0.7029623389 0.4508450031 -0.5500752330 0.6640848517 -0.1391774863 0.7345889211
-103.3 117.8 2187.2 -0.4647911489 -0.8816849589 0.0812451690 -0.8806634545 0.4508450031 -0.1455015540 0.0916575640 -0.1391774863 -0.9860165119
229.2 264.1 2336.9 0.1667090952 0.5719341040 0.8031808734 -0.9842795730 0.1447152644 0.1012483835 -0.0583251230 -0.8074335456 0.5870683789
273.6 1.8 2321.3 -0.1087711677 0.5786808729 0.8082680702 -0.9434154034 0.1961421967 -0.2673867047 -0.3132670522 -0.7916164994 0.5246018171
6.4 -136.7 2336.1 0.9888570905 0.1220668480 -0.0852137432 -0.1193110719 0.9921771288 0.0367351137 0.0890312642 -0.0261588339 0.9956852794
-42.1 -531.1 2346.5 0.9967509508 0.0023792523 -0.0805099085 0.0036324000 0.9972187877 0.0744409412 0.0804631040 -0.0744915232 0.9939701557
188.9 -131.6 2349.6 0.9752201438 0.0372609086 0.2180763036 0.0019152963 0.9842562675 -0.1767368466 -0.2212283462 0.1727750152 0.9597951770
174.1 -522.8 2280.9 0.9776381254 -0.0268433131 0.2085740119 -0.0435064398 0.9445448518 0.3254876435 -0.2057446837 -0.3272834420 0.9222552180
16.8 345.5 2163.5 0 0 0 0 0 0 0 0 0
243.7 -257.6 2235.2 0 0 0 0 0 0 0 0 0
-42.8 -803.4 2366.8 0 0 0 0 0 0 0 0 0
184.4 -883.8 2406.0 0 0 0 0 0 0 0 0 0
