43.5 488.4 2065.5  0.9631283879 0.2543900609 -0.0875749439 -0.2531785369 0.9671000838 0.0248609129 0.0910181031 -0.0017721552 0.9958476424
-25.1 227.5 2066.0 0.9631283879 0.2543900609 -0.0875749439 -0.2531785369 0.9671000838 0.0248609129 0.0910181031 -0.0017721552 0.9958476424
22.5 40.8 2089.0 0.9655304551 -0.2452430129 -0.0872167870 0.2534472346 0.9621248245 0.1004008949 0.0592908151 -0.1190449744 0.9911170006
-157.0 192.9 2057.9 0.2638449669 -0.9041610956 -0.3359739780 0.8510003090 0.3821755052 -0.3601948619 0.4540751874 -0.1908783615 0.8702765107
-193.2 76.4 1995.7 -0.4259968698 -0.9041610956 -0.0319268145 -0.7732273936 0.3821755052 -0.5060249567 0.4697297215 -0.1908783615 -0.8619277477
106.8 262.1 2074.0 0.6384891868 0.1346796304 0.7577552199 0.6628305316 0.4041443765 -0.6303356290 -0.3911358714 0.9047257900 0.1687720567
278.6 440.6 1968.7 -0.8789799213 0.1346796304 0.4574447274 0.4702343047 0.4041443765 0.7845680118 -0.0792083889 0.9047257900 -0.4185657799
-18.3 -169.1 2101.6 0.9477843642 0.1203951761 -0.2953129709 -0.1266496181 0.9919453859 -0.0020693268 0.2926851809 0.0393625498 0.9553983212
-65.1 -554.2 2086.3 0.9623729587 0.0589641966 -0.2652574778 -0.0059371395 0.9805026650 0.1964159906 0.2716671824 -0.1874505579 0.9439593554
155.4 -126.5 2112.6 0.9387051463 0.1787218601 -0.2947731018 -0.2019732147 0.9781059623 -0.0501551107 0.2793555260 0.1066171303 0.9542500973
86.0 -506.2 2071.2 0.9612030387 -0.1254171878 -0.2456811965 0.1715743542 0.9692342877 0.1764854491 0.2159883380 -0.2117909491 0.9531493187
-70.6 298.8 1860.6 0 0 0 0 0 0 0 0 0
55.6 559.9 1948.6 0 0 0 0 0 0 0 0 0
-87.1 -920.1 2156.3 0 0 0 0 0 0 0 0 0
132.8 -867.9 2150.3 0 0 0 0 0 0 0 0 0
41.9 488.8 2065.7  0.9629097581 0.2485932410 -0.1049106494 -0.2475373596 0.9686011076 0.0231773406 0.1073782966 0.0036516176 0.9942115545
-25.4 226.3 2064.7 0.9629097581 0.2485932410 -0.1049106494 -0.2475373596 0.9686011076 0.0231773406 0.1073782966 0.0036516176 0.9942115545
22.6 40.5 2093.1 0.9632162452 -0.2474287003 -0.1048498750 0.2595004439 0.9577864408 0.1237119511 0.0698138997 -0.1463699490 0.9867632985
-157.0 190.9 2055.2 0.2561122477 -0.9047857523 -0.3402488828 0.8217498660 0.3891514838 -0.4162791073 0.5090517402 -0.1729852855 0.8431739807
-192.0 78.5 1985.6 -0.4258327782 -0.9047857523 -0.0054066642 -0.8215571642 0.3891514838 -0.4166592658 0.3790913820 -0.1729852855 -0.9090466499
106.2 261.8 2074.2 0.6373041868 0.1211996451 0.7610216737 0.6684597135 0.4044038653 -0.6241948009 -0.3834123015 0.9065142870 0.1767112017
279.3 443.4 1970.1 -0.8884528279 0.1211996451 0.4426762462 0.4514704347 0.4044038653 0.7953816652 -0.0826200172 0.9065142870 -0.4140118062
-16.4 -168.6 2106.8 0.9400439262 0.1285392195 -0.3159035742 -0.1399780661 0.9900599718 -0.0136877177 0.3110041022 0.0570866317 0.9486925602
-66.3 -552.9 2084.7 0.9594399333 0.0506351180 -0.2773284614 0.0112205679 0.9760990143 0.2170363367 0.2816897035 -0.2113451064 0.9359402657
156.5 -123.2 2117.4 0.9310031533 0.1852390617 -0.3145149052 -0.2103625834 0.9764642715 -0.0475936309 0.2982963622 0.1104719937 0.9480586648
84.6 -502.3 2074.6 0.9545286894 -0.1239328012 -0.2711377442 0.1687129587 0.9744051695 0.1485613734 0.2457863986 -0.1875505447 0.9510067701
-69.2 315.5 1876.2 0 0 0 0 0 0 0 0 0
53.9 558.0 1949.1 0 0 0 0 0 0 0 0 0
-85.2 -917.1 2163.6 0 0 0 0 0 0 0 0 0
130.9 -865.9 2144.5 0 0 0 0 0 0 0 0 0
40.5 489.1 2065.3  0.9610991478 0.2446376979 -0.1282219440 -0.2431835830 0.9696010351 0.0271204636 0.1309588253 0.0051160203 0.9913746119
-25.6 226.9 2064.0 0.9610991478 0.2446376979 -0.1282219440 -0.2431835830 0.9696010351 0.0271204636 0.1309588253 0.0051160203 0.9913746119
20.5 40.6 2093.0 0.9628472328 -0.2378441989 -0.1278879195 0.2532628477 0.9596761465 0.1219819784 0.0937182829 -0.1498392671 0.9842586517
-157.1 192.3 2051.2 0.2788917720 -0.8947131038 -0.3488665521 0.7806164622 0.4228056371 -0.4602970183 0.5593364835 -0.1439579278 0.8163447976
-194.0 88.9 1977.1 -0.4466410279 -0.8947131038 -0.0005169980 -0.8465917110 0.4228056371 -0.3232923150 0.2894724607 -0.1439579278 -0.9462990165
105.9 261.5 2076.8 0.6284971237 0.1199759915 0.7685031891 0.6746508479 0.4076208174 -0.6153791547 -0.3870885968 0.9052353501 0.1752465963
278.7 447.0 1970.3 -0.8961386085 0.1199759915 0.4272485673 0.4368743598 0.4076208174 0.8018640876 -0.0779509544 0.9052353501 -0.4176991880
-15.7 -168.6 2115.3 0.9312313795 0.1263914257 -0.3418089151 -0.1476555616 0.9883536100 -0.0368102118 0.3331755698 0.0847488046 0.9390482903
-64.8 -552.1 2082.4 0.9543734193 0.0614501983 -0.2922245860 0.0121796252 0.9697728753 0.2437051982 0.2983672023 -0.2361449450 0.9247770309
156.8 -122.1 2127.8 0.9193590879 0.1910326034 -0.3439264894 -0.2314629108 0.9695317149 -0.0802071169 0.3181254864 0.1533453614 0.9355647564
82.7 -498.1 2068.3 0.9510315657 -0.1256091893 -0.2824203372 0.1797299534 0.9680857062 0.1746630669 0.2514677942 -0.2168694884 0.9432558417
-64.9 333.6 1893.4 0 0 0 0 0 0 0 0 0
51.3 557.9 1950.5 0 0 0 0 0 0 0 0 0
-87.7 -913.9 2170.5 0 0 0 0 0 0 0 0 0
129.6 -859.2 2149.2 0 0 0 0 0 0 0 0 0
39.3 491.0 2064.7  0.9625832438 0.2380579710 -0.1294675618 -0.2353467494 0.9712415934 0.0360781588 0.1343329698 -0.0042584608 0.9909271002
-25.5 226.6 2065.8 0.9625832438 0.2380579710 -0.1294675618 -0.2353467494 0.9712415934 0.0360781588 0.1343329698 -0.0042584608 0.9909271002
21.0 40.2 2093.5 0.9621496201 -0.2397672534 -0.1295367330 0.2546758652 0.9602544904 0.1142434329 0.0969963968 -0.1429091543 0.9849714041
-156.9 191.8 2052.6 0.2810279429 -0.8909800053 -0.3566201627 0.7169214487 0.4419374168 -0.5391799212 0.6380022764 -0.1041440368 0.7629594207
-194.2 96.7 1968.0 -0.4539903700 -0.8909800053 0.0068845884 -0.8706039190 0.4419374168 -0.2161946446 0.1895825416 -0.1041440368 -0.9763259888
105.9 261.4 2079.1 0.6252283454 0.1168585196 0.7716434598 0.6759773493 0.4130682349 -0.6102698445 -0.3900566399 0.9031714797 0.1792682558
278.9 448.4 1971.2 -0.8991546631 0.1168585196 0.4217403531 0.4301810563 0.4130682349 0.8026947379 -0.0804058239 0.9031714797 -0.4216825664
-19.6 -168.3 2113.7 0.9324947000 0.1202928200 -0.3405631483 -0.1367410123 0.9903008938 -0.0246186201 0.3342985511 0.0695256889 0.9398992658
-66.3 -552.6 2086.7 0.9516190886 0.0520825237 -0.3028342128 0.0127989659 0.9779574275 0.2084118277 0.3070135713 -0.2022046298 0.9299763441
152.9 -122.9 2130.5 0.9219272137 0.1765372753 -0.3447966874 -0.2185332328 0.9719733596 -0.0866661891 0.3198333979 0.1552494615 0.9346679449
84.4 -500.1 2070.2 0.9518377185 -0.1138393655 -0.2846850455 0.1690870821 0.9694540501 0.1776750386 0.2557626367 -0.2172543705 0.9420116544
-62.5 349.2 1913.0 0 0 0 0 0 0 0 0 0
50.7 557.6 1950.7 0 0 0 0 0 0 0 0 0
-85.7 -917.4 2162.1 0 0 0 0 0 0 0 0 0
126.9 -861.8 2151.3 0 0 0 0 0 0 0 0 0
37.6 493.2 2064.8  0.9640868902 0.2294152677 -0.1338097602 -0.2266048938 0.9733183980 0.0360757969 0.1385158300 -0.0044582584 0.9903501868
-25.2 226.7 2066.0 0.9640868902 0.2294152677 -0.1338097602 -0.2266048938 0.9733183980 0.0360757969 0.1385158300 -0.0044582584 0.9903501868
20.4 40.1 2094.4 0.9627009034 -0.2350300103 -0.1340441257 0.2508671880 0.9609471560 0.1168170720 0.1013538018 -0.1460871696 0.9840660095
-156.8 192.4 2052.2 0.2818771303 -0.8914279342 -0.3548260331 0.6878616810 0.4455781579 -0.5729802847 0.6688733697 -0.0825611800 0.7387773991
-195.4 98.1 1960.5 -0.4525296092 -0.8914279342 0.0239415690 -0.8849099278 0.4455781579 -0.1356265992 0.1102335006 -0.0825611800 -0.9904707074
106.3 260.9 2079.9 0.6257898808 0.1076829582 0.7725227475 0.6797022820 0.4105500877 -0.6078268290 -0.3826118708 0.9054573178 0.1837257445
279.8 449.4 1973.8 -0.8980450630 0.1076829582 0.4265201688 0.4308941960 0.4105500877 0.8036036491 -0.0885734782 0.9054573178 -0.4150924385
-18.6 -169.0 2112.6 0.9308786392 0.1191070378 -0.3453671634 -0.1344955564 0.9906948805 -0.0208482742 0.3396703005 0.0658575594 0.9382360578
-64.9 -553.5 2087.0 0.9497013688 0.0629007667 -0.3067748845 0.0054772929 0.9761336446 0.2171016932 0.3131091297 -0.2078620642 0.9266908765
153.8 -123.3 2130.0 0.9184693694 0.1841844469 -0.3499858677 -0.2265445888 0.9703853130 -0.0838444978 0.3241783082 0.1562960148 0.9329951406
82.3 -500.0 2069.3 0.9483326077 -0.1337847412 -0.2876923382 0.1906719357 0.9650580287 0.1797419637 0.2535930574 -0.2253100127 0.9407050014
-67.0 349.1 1929.2 0 0 0 0 0 0 0 0 0
51.8 558.8 1951.3 0 0 0 0 0 0 0 0 0
-88.3 -917.7 2164.6 0 0 0 0 0 0 0 0 0
132.2 -860.1 2153.4 0 0 0 0 0 0 0 0 0
35.8 490.0 2064.9  0.9627211094 0.2126563191 -0.1671684980 -0.2097869366 0.9771258831 0.0348490663 0.1707555354 0.0015198350 0.9853122830
-21.9 225.0 2064.5 0.9627211094 0.2126563191 -0.1671684980 -0.2097869366 0.9771258831 0.0348490663 0.1707555354 0.0015198350 0.9853122830
21.2 38.8 2097.6 0.9603893161 -0.2225658000 -0.1676807106 0.2460005432 0.9598265886 0.1349691749 0.1309048831 -0.1708724946 0.9765585065
-153.0 191.4 2046.6 0.3212515414 -0.8914063573 -0.3196751475 0.6648663282 0.4526867867 -0.5941610932 0.6743516922 -0.0216660742 0.7380923629
-197.3 99.7 1953.6 -0.4532034695 -0.8914063573 -0.0011674010 -0.8902609944 0.4526867867 -0.0500997193 0.0451876707 -0.0216660742 -0.9987435341
109.3 258.7 2082.4 0.6170616150 0.0956530496 0.7810796499 0.6896687150 0.4122374058 -0.5953296423 -0.3789353669 0.9060412645 0.1884069741
280.7 450.3 1977.1 -0.8979006410 0.0956530496 0.4296800494 0.4286354780 0.4122374058 0.8039477468 -0.1002301350 0.9060412645 -0.4111485183
-20.2 -168.9 2113.7 0.9175350666 0.1187680960 -0.3795043528 -0.1332355887 0.9910119176 -0.0119833350 0.3746701181 0.0615586191 0.9251123667
-66.4 -553.6 2089.8 0.9360599518 0.0522816218 -0.3479344547 0.0147283301 0.9822087884 0.1872136295 0.3515321016 -0.1803676784 0.9186363220
152.2 -123.9 2131.8 0.9051192999 0.1808034927 -0.3847976029 -0.2253573090 0.9714912176 -0.0736133531 0.3605179191 0.1533458084 0.9200608134
82.1 -501.0 2072.3 0.9331573844 -0.1356594861 -0.3328870833 0.1950316131 0.9689726233 0.1518378407 0.3019602299 -0.2066120952 0.9306618571
-70.0 349.8 1940.9 0 0 0 0 0 0 0 0 0
52.8 559.1 1951.6 0 0 0 0 0 0 0 0 0
-85.9 -920.0 2157.0 0 0 0 0 0 0 0 0 0
132.7 -862.6 2149.4 0 0 0 0 0 0 0 0 0
34.8 491.3 2064.9 0 0.9687376022 0.1606295407 -0.1890649647 -0.1600814015 0.9869347215 0.0182689149 0.1895293146 0.0125679988 0.9817945957
-9.6 218.3 2061.5 0.9687376022 0.1606295407 -0.1890649647 -0.1600814015 0.9869347215 0.0182689149 0.1895293146 0.0125679988 0.9817945957
21.6 31.2 2100.3 0.9685937762 -0.1614226550 -0.1891265213 0.1941812634 0.9661480188 0.1698575467 0.1553053558 -0.2012477964 0.9671502113
-141.6 191.7 2040.1 0.4016681015 -0.8830457926 -0.2426784933 0.6457224488 0.4610014558 -0.6087036729 0.6493883729 0.0877938941 0.7553721070
-198.2 100.8 1948.7 -0.4623556733 -0.8830457926 -0.0803577080 -0.8866778016 0.4610014558 0.0357787274 0.0054507665 0.0877938941 -0.9961237311
122.4 244.8 2082.8 0.5714108348 0.0633268207 0.8182171583 0.7348977923 0.4042664468 -0.5445125103 -0.3652600050 0.9124463797 0.1844635010
281.7 449.7 1981.0 -0.8952245712 0.0633268207 0.4410925508 0.4271046519 0.4042664468 0.8087955713 -0.1271004677 0.9124463797 -0.3889564574
-21.6 -169.6 2119.0 0.9018165469 0.1169863939 -0.4159820676 -0.1395188123 0.9899268746 -0.0240692981 0.4089760184 0.0797434151 0.9090542197
-67.0 -553.8 2088.0 0.9266394973 0.0478585921 -0.3728924096 0.0410863236 0.9730317593 0.2269827425 0.3736992180 -0.2256519496 0.8996832967
150.4 -125.4 2142.4 0.8855325580 0.1766751856 -0.4296719134 -0.2373073548 0.9671242833 -0.0914105251 0.3993961513 0.1829112917 0.8983463645
81.8 -500.7 2071.5 0.9165494442 -0.1364247352 -0.3759326935 0.2013670504 0.9695909619 0.1390852183 0.3455262780 -0.2031789273 0.9161494970
-68.8 348.9 1947.2 0 0 0 0 0 0 0 0 0
54.5 558.0 1948.7 0 0 0 0 0 0 0 0 0
-84.9 -916.5 2172.2 0 0 0 0 0 0 0 0 0
132.7 -862.6 2147.3 0 0 0 0 0 0 0 0 0
34.2 492.8 2063.9 1 0.9815766215 0.1398922503 -0.1301442385 -0.1383653879 0.9901639223 0.0207465179 0.1317664087 -0.0023568401 0.9912779927
-5.0 215.2 2064.6 0.9815766215 0.1398922503 -0.1301442385 -0.1383653879 0.9901639223 0.0207465179 0.1317664087 -0.0023568401 0.9912779927
17.9 26.3 2100.6 0.9845379591 -0.1189823225 -0.1285620481 0.1400257498 0.9755345583 0.1694847494 0.1052510291 -0.1848661602 0.9771113992
-139.0 196.0 2050.3 0.3843138218 -0.8837732077 -0.2669228911 0.6136386991 0.4605513513 -0.6413578987 0.6897466183 0.0826884955 0.7193136811
-198.2 101.5 1944.0 -0.4639619887 -0.8837732077 -0.0606976748 -0.8854380250 0.4605513513 0.0623854175 -0.0271801632 0.0826884955 -0.9962047338
129.0 234.3 2079.0 0.5431557298 0.0540641546 0.8378895521 0.7634688616 0.3834982514 -0.5196579695 -0.3494240642 0.9219577909 0.1670229733
280.7 447.5 1981.4 -0.8894340992 0.0540641546 0.4538546801 0.4381566346 0.3834982514 0.8129869699 -0.1300990283 0.9219577909 -0.3647849858
-33.8 -173.4 2125.2 0.9227889180 0.0927088559 -0.3739862442 -0.1209706441 0.9912528396 -0.0527624935 0.3658233881 0.0939300060 0.9259321690
-69.8 -558.0 2088.8 0.9421881437 0.0278662238 -0.3339236975 0.0501011871 0.9736186266 0.2226131856 0.3313177228 -0.2264734805 0.9159357548
139.3 -138.5 2153.2 0.9073022604 0.1405485570 -0.3962936699 -0.2064810991 0.9699448943 -0.1287338585 0.3662896752 0.1986276656 0.9090538621
84.8 -514.7 2076.1 0.9308673143 -0.1300612390 -0.3414236009 0.1894500852 0.9708726406 0.1466799229 0.3124014437 -0.2012222856 0.9283937216
-68.6 348.8 1951.6 0 0 0 0 0 0 0 0 0
55.0 558.7 1948.4 0 0 0 0 0 0 0 0 0
-80.2 -921.1 2173.2 0 0 0 0 0 0 0 0 0
133.4 -877.1 2151.2 0 0 0 0 0 0 0 0 0
32.6 493.5 2053.5 2 0.9839060903 0.1334014535 -0.1188818514 -0.1269173324 0.9900621176 0.0605726466 0.1257808954 -0.0445096307 0.9910590649
-4.5 218.1 2065.8 0.9839060903 0.1334014535 -0.1188818514 -0.1269173324 0.9900621176 0.0605726466 0.1257808954 -0.0445096307 0.9910590649
13.9 27.9 2098.6 0.9885224700 -0.0955360681 -0.1170308217 0.1133956015 0.9810780287 0.1569310278 0.0998237878 -0.1684006304 0.9806510210
-139.3 202.6 2052.3 0.3564076424 -0.8864591122 -0.2952353060 0.6175429821 0.4606231749 -0.6375476122 0.7011520863 0.0449063741 0.7115961909
-197.9 100.9 1936.8 -0.4627276361 -0.8864591122 -0.0085691549 -0.8839215636 0.4606231749 0.0806779414 -0.0675705373 0.0449063741 -0.9967033863
130.2 233.6 2079.4 0.5394145846 0.0315310434 0.8414497375 0.7688183784 0.3891364932 -0.5074357986 -0.3434387743 0.9206402898 0.1856642514
281.1 448.6 1983.4 -0.8902660608 0.0315310434 0.4543480873 0.4296417832 0.3891364932 0.8148501515 -0.1511103362 0.9206402898 -0.3599820435
-47.1 -175.2 2127.2 0.9276450872 0.0564881489 -0.3691662252 -0.0871914625 0.9939354062 -0.0670081824 0.3631421924 0.0943479538 0.9269445539
-69.0 -560.7 2090.6 0.9404216409 0.0355522335 -0.3381466568 0.0410296917 0.9753848910 0.2166584134 0.3375258446 -0.2176243067 0.9158143997
128.6 -150.1 2146.0 0.9148539901 0.1061564460 -0.3895805776 -0.1609756202 0.9807210565 -0.1107840762 0.3703094125 0.1640642285 0.9143051505
87.5 -530.2 2082.4 0.9253597260 -0.1311393976 -0.3556850553 0.1818028241 0.9768407941 0.1128265262 0.3326516747 -0.1690696776 0.9277706146
-68.8 347.6 1955.7 0 0 0 0 0 0 0 0 0
55.2 557.6 1945.0 0 0 0 0 0 0 0 0 0
-82.3 -924.7 2171.8 0 0 0 0 0 0 0 0 0
136.4 -894.6 2145.5 0 0 0 0 0 0 0 0 0
31.2 491.6 2049.2 3 0.9815299511 0.1297959089 -0.1405417174 -0.1186150461 0.9892749190 0.0852388218 0.1500980407 -0.0669940934 0.9863986969
-4.2 221.5 2067.5 0.9815299511 0.1297959089 -0.1405417174 -0.1186150461 0.9892749190 0.0852388218 0.1500980407 -0.0669940934 0.9863986969
14.4 31.1 2099.6 0.9855450988 -0.0962401405 -0.1394226849 0.1172079965 0.9815663099 0.1509631872 0.1223239005 -0.1651224941 0.9786579609
-138.7 205.5 2050.8 0.3380405605 -0.8831275105 -0.3252911568 0.5838684440 0.4678735733 -0.6634696722 0.7381234765 0.0343524143 0.6737905145
-192.8 112.0 1932.7 -0.4689807296 -0.8831275105 0.0119519010 -0.8786053061 0.4678735733 0.0956402197 -0.0900544897 0.0343524143 -0.9953442216
130.2 237.5 2084.2 0.5409027338 0.0461865887 0.8398160934 0.7584012151 0.4049401879 -0.5107357502 -0.3636644185 0.9131758809 0.1840052903
280.8 448.5 1983.0 -0.8900433183 0.0461865887 0.4535302520 0.4317201376 0.4049401879 0.8060032129 -0.1464260817 0.9131758809 -0.3803539872
-56.0 -172.4 2122.4 0.9207695723 0.0320260674 -0.3887900114 -0.0607025512 0.9962472916 -0.0616970137 0.3853550851 0.0804092810 0.9192582965
-68.4 -558.8 2091.3 0.9293760657 0.0391600132 -0.3670512140 0.0376349539 0.9791232944 0.1997527927 0.3672107160 -0.1994594336 0.9085000157
120.7 -152.0 2140.3 0.9091534019 0.0841882527 -0.4078632295 -0.1374190897 0.9851463437 -0.1029690206 0.3931361735 0.1496628225 0.9072182775
88.0 -534.1 2082.2 0.9149331450 -0.1339866370 -0.3807163239 0.1880540550 0.9761598110 0.1083865389 0.3571176529 -0.1707616895 0.9183177352
-61.9 357.2 1957.8 0 0 0 0 0 0 0 0 0
54.9 558.1 1945.8 0 0 0 0 0 0 0 0 0
-83.1 -924.2 2165.7 0 0 0 0 0 0 0 0 0
138.1 -898.4 2146.0 0 0 0 0 0 0 0 0 0
31.7 489.1 2047.1 4 0.9776165485 0.1372493058 -0.1594630182 -0.1222241893 0.9873977900 0.1005328521 0.1712514907 -0.0787923485 0.9820716381
-5.2 223.6 2068.3 0.9776165485 0.1372493058 -0.1594630182 -0.1222241893 0.9873977900 0.1005328521 0.1712514907 -0.0787923485 0.9820716381
14.1 33.0 2099.4 0.9822953939 -0.0996328071 -0.1586476862 0.1227391213 0.9820503592 0.1432207227 0.1415305287 -0.1601573229 0.9768924117
-139.3 206.8 2049.0 0.3202225566 -0.8772462606 -0.3576262891 0.5675423145 0.4799084365 -0.6690168977 0.7585204244 0.0112662595 0.6515518427
-189.7 117.5 1929.6 -0.4780120850 -0.8772462606 0.0440850966 -0.8711431623 0.4799084365 0.1039109528 -0.1123123020 0.0112662595 -0.9936090708
128.9 240.3 2087.6 0.5448575020 0.0723119304 0.8354048729 0.7445775867 0.4164904058 -0.5216703415 -0.3856610954 0.9062597752 0.1730860770
279.8 446.5 1980.8 -0.8875035644 0.0723119304 0.4550916553 0.4414688647 0.4164904058 0.7947584391 -0.1320707947 0.9062597752 -0.4015601575
-55.1 -169.8 2120.7 0.9137543440 0.0328785218 -0.4049346149 -0.0591299124 0.9968693852 -0.0524890162 0.4019411802 0.0719058141 0.9128378034
-67.9 -556.7 2092.8 0.9207134247 0.0443511419 -0.3877108693 0.0235610139 0.9853905439 0.1686724424 0.3895274401 -0.1644338369 0.9062173367
121.2 -148.8 2142.6 0.9021680355 0.0802295208 -0.4238585234 -0.1391282380 0.9841634631 -0.1098434627 0.4083333611 0.1580679417 0.8990430236
90.1 -530.7 2081.3 0.9152150154 -0.1008747220 -0.3901355565 0.1675612926 0.9757574797 0.1407853067 0.3664760292 -0.1942204386 0.9099306464
-56.3 360.6 1960.9 0 0 0 0 0 0 0 0 0
54.5 558.5 1947.3 0 0 0 0 0 0 0 0 0
-84.5 -924.2 2154.2 0 0 0 0 0 0 0 0 0
127.7 -894.6 2153.7 0 0 0 0 0 0 0 0 0
32.0 484.8 2046.0 5 0.9694790840 0.1440760195 -0.1983744502 -0.1245344803 0.9863470793 0.1077527106 0.2111906409 -0.0797595382 0.9741852880
-5.9 225.3 2067.0 0.9694790840 0.1440760195 -0.1983744502 -0.1245344803 0.9863470793 0.1077527106 0.2111906409 -0.0797595382 0.9741852880
13.6 34.8 2098.5 0.9751020074 -0.1005333215 -0.1976591945 0.1296004951 0.9816218615 0.1400794387 0.1799439341 -0.1622084677 0.9702106118
-138.9 207.6 2042.5 0.3192103803 -0.8765083551 -0.3603301942 0.5988062024 0.4812512696 -0.6401783824 0.7345310450 -0.0114163933 0.6784790754
-188.8 114.1 1927.7 -0.4766238928 -0.8765083551 0.0675482005 -0.8709200621 0.4812512696 0.0994760990 -0.1196992919 -0.0114163933 -0.9927445650
127.2 243.0 2091.6 0.5474382043 0.0811056048 0.8329065442 0.7339909077 0.4315259159 -0.5244452357 -0.4019562006 0.8984471560 0.1767030060
279.8 447.6 1979.5 -0.8917376399 0.0811056048 0.4452255964 0.4340771437 0.4315259159 0.7907986045 -0.1279881895 0.8984471560 -0.4200139940
-54.5 -168.5 2117.8 0.8977044225 0.0290374346 -0.4396402538 -0.0569961816 0.9970951080 -0.0505245812 0.4368960559 0.0704139546 0.8967517614
-65.7 -555.5 2090.5 0.9064608216 0.0585022643 -0.4182179570 0.0299164988 0.9789727926 0.2017853409 0.4212288857 -0.1954221278 0.8856502771
121.4 -146.5 2143.2 0.8855149746 0.0830965564 -0.4571194649 -0.1471405476 0.9833900332 -0.1062716171 0.4406959414 0.1613659114 0.8830335140
89.1 -528.2 2080.5 0.8993843198 -0.1080159023 -0.4236041009 0.1801189929 0.9744833708 0.1339375526 0.3983277977 -0.1967604756 0.8958907723
-55.7 357.2 1961.1 0 0 0 0 0 0 0 0 0
53.5 557.8 1947.0 0 0 0 0 0 0 0 0 0
-87.5 -920.6 2163.4 0 0 0 0 0 0 0 0 0
129.4 -891.8 2154.0 0 0 0 0 0 0 0 0 0
29.5 484.4 2052.0 6 0.9737914205 0.1348939389 -0.1831224710 -0.1203343049 0.9887836576 0.0884675905 0.1930022538 -0.0641130656 0.9791014194
-5.8 225.3 2068.8 0.9737914205 0.1348939389 -0.1831224710 -0.1203343049 0.9887836576 0.0884675905 0.1930022538 -0.0641130656 0.9791014194
14.8 35.4 2103.4 0.9775412679 -0.1060484722 -0.1821174473 0.1353780478 0.9782754183 0.1570032090 0.1615110636 -0.1781318188 0.9706612229
-139.3 206.8 2046.8 0.3001608253 -0.8771244287 -0.3749083281 0.5903852582 0.4795333147 -0.6492249966 0.7492321134 -0.0264684372 0.6617784500
-187.5 112.0 1926.4 -0.4734577239 -0.8771244287 0.0805640742 -0.8726260662 0.4795333147 0.0925824493 -0.1198394820 -0.0264684372 -0.9924404025
127.6 243.7 2090.8 0.5483345985 0.0880091786 0.8316150308 0.7321661711 0.4299642146 -0.5282646418 -0.4040568471 0.8985461593 0.1713269055
279.4 446.4 1979.0 -0.8897764087 0.0880091786 0.4478306770 0.4394703507 0.4299642146 0.7886676192 -0.1231411770 0.8985461593 -0.4212494493
-54.1 -167.3 2113.9 0.9048005342 0.0269645322 -0.4249810874 -0.0510379896 0.9976660013 -0.0453610830 0.4227660596 0.0627329126 0.9040649533
-64.6 -554.6 2089.6 0.9127193093 0.0656635240 -0.4032762945 0.0252858568 0.9760324359 0.2161511183 0.4078039825 -0.2074824870 0.8891832829
120.4 -144.1 2146.1 0.8923868537 0.0799926445 -0.4441248775 -0.1449313164 0.9828301072 -0.1141922548 0.4273647666 0.1662712693 0.8886581063
89.3 -525.6 2081.6 0.9030894637 -0.1141809896 -0.4139953554 0.1758683771 0.9777950644 0.1139608696 0.3917904496 -0.1757255495 0.9031172395
-55.3 355.6 1959.9 0 0 0 0 0 0 0 0 0
53.5 557.9 1947.8 0 0 0 0 0 0 0 0 0
-89.1 -918.7 2167.0 0 0 0 0 0 0 0 0 0
131.9 -890.5 2147.1 0 0 0 0 0 0 0 0 0
32.0 486.4 2053.0 7 0.9797770381 0.1359541863 -0.1468109787 -0.1236692518 0.9882490039 0.0898318812 0.1572988331 -0.0698592067 0.9850770235
-3.4 228.6 2071.2 0.9797770381 0.1359541863 -0.1468109787 -0.1236692518 0.9882490039 0.0898318812 0.1572988331 -0.0698592067 0.9850770235
14.2 37.3 2097.8 0.9850249887 -0.0915883556 -0.1460731775 0.1099021286 0.9863435626 0.1226697192 0.1328432113 -0.1368864924 0.9816387892
-137.8 213.5 2053.1 0.2795941830 -0.8756998777 -0.3936709762 0.5956007838 0.4797882736 -0.6442537308 0.7530516386 -0.0543411411 0.6557135582
-186.4 110.2 1922.5 -0.4690012038 -0.8756998777 0.1148373559 -0.8719353080 0.4797882736 0.0976321697 -0.1405940950 -0.0543411411 -0.9885749221
131.0 243.7 2089.3 0.5400092006 0.0835172534 0.8375051618 0.7400715947 0.4267990589 -0.5197467208 -0.4008542597 0.9004817605 0.1686666757
279.6 447.3 1979.0 -0.8902146220 0.0835172534 0.4478200972 0.4380410016 0.4267990589 0.7911779881 -0.1250521839 0.9004817605 -0.4165267348
-52.1 -166.5 2123.5 0.9182347655 0.0306093544 -0.3948518932 -0.0605536550 0.9961369038 -0.0635969192 0.3913798630 0.0823066235 0.9165409803
-64.0 -553.2 2091.5 0.9256671667 0.0691238120 -0.3719707429 0.0102853756 0.9782069921 0.2073771507 0.3781990707 -0.1957880706 0.9047831297
122.9 -142.3 2152.4 0.9053622484 0.0894755870 -0.4151064456 -0.1556043923 0.9794575572 -0.1282581687 0.3951031864 0.1807124913 0.9006866813
88.2 -522.5 2082.3 0.9165174961 -0.1177521348 -0.3822697103 0.1702760756 0.9796253443 0.1064903364 0.3619416356 -0.1626916379 0.9178941846
-55.4 353.6 1961.7 0 0 0 0 0 0 0 0 0
53.6 558.5 1947.2 0 0 0 0 0 0 0 0 0
-89.8 -918.2 2164.6 0 0 0 0 0 0 0 0 0
132.1 -888.1 2143.0 0 0 0 0 0 0 0 0 0
29.1 486.9 2054.0 8 0.9832048416 0.1284723133 -0.1296267360 -0.1172953695 0.9889661670 0.0904859230 0.1398213953 -0.0737615824 0.9874255657
-4.1 231.6 2073.0 0.9832048416 0.1284723133 -0.1296267360 -0.1172953695 0.9889661670 0.0904859230 0.1398213953 -0.0737615824 0.9874255657
12.8 39.8 2097.1 0.9877353907 -0.0876954496 -0.1291831583 0.1024037451 0.9884181023 0.1119962931 0.1178654060 -0.1238515377 0.9852758646
-138.9 217.5 2057.0 0.2635118663 -0.8741570115 -0.4079350531 0.6059401631 0.4790378511 -0.6351056695 0.7505984306 -0.0798263699 0.6559190154
-186.0 109.4 1923.0 -0.4664660692 -0.8741570115 0.1351256222 -0.8739523888 0.4790378511 0.0820359811 -0.1364426166 -0.0798263699 -0.9874265194
130.8 245.6 2089.1 0.5422236919 0.0829945132 0.8361251950 0.7365086079 0.4320074320 -0.5205042362 -0.4044112861 0.8980431557 0.1731184870
279.6 447.8 1978.1 -0.8927624822 0.0829945132 0.4428172410 0.4326585233 0.4320074320 0.7913129330 -0.1256256998 0.8980431557 -0.4215882719
-56.3 -163.8 2112.5 0.9249615073 0.0245925598 -0.3792642951 -0.0445397161 0.9980421662 -0.0439089835 0.3774419427 0.0575064458 0.9242459536
-65.8 -551.1 2090.2 0.9313146472 0.0557014123 -0.3599310219 0.0252048373 0.9760103226 0.2162602842 0.3633424342 -0.2104783803 0.9075688124
120.0 -144.0 2136.2 0.9137333035 0.0860343128 -0.3971014023 -0.1338309348 0.9865158200 -0.0942116454 0.3836413622 0.1392287761 0.9129264355
86.6 -526.7 2082.2 0.9207669497 -0.1294715405 -0.3680018783 0.1879585385 0.9738445878 0.1276647002 0.3418476880 -0.1867185384 0.9210191965
-55.8 353.4 1961.1 0 0 0 0 0 0 0 0 0
53.0 557.6 1946.2 0 0 0 0 0 0 0 0 0
-86.6 -915.3 2168.8 0 0 0 0 0 0 0 0 0
135.0 -890.0 2151.9 0 0 0 0 0 0 0 0 0
32.0 486.0 2054.5 9 0.9798608422 0.1297046542 -0.1518204063 -0.1179352105 0.9894491434 0.0841524452 0.1611335278 -0.0645527169 0.9848192334
-1.3 231.4 2071.1 0.9798608422 0.1297046542 -0.1518204063 -0.1179352105 0.9894491434 0.0841524452 0.1611335278 -0.0645527169 0.9848192334
14.8 40.6 2102.0 0.9850633144 -0.0838557482 -0.1503942311 0.1059550494 0.9836641550 0.1455277801 0.1357340813 -0.1592891067 0.9778564572
-135.8 216.9 2052.6 0.2801147699 -0.8688901663 -0.4081244469 0.5901579857 0.4911824167 -0.6406663656 0.7571322918 -0.0613977574 0.6503699422
-183.3 117.0 1924.4 -0.4796044528 -0.8688901663 0.1225129366 -0.8660550117 0.4911824167 0.0932126120 -0.1411677301 -0.0613977574 -0.9880799651
133.2 245.9 2089.6 0.5344456434 0.0892629921 0.8404760361 0.7379849553 0.4354504347 -0.5155202746 -0.4120025337 0.8957762122 0.1668498367
279.0 447.3 1977.2 -0.8933014870 0.0892629921 0.4405049086 0.4327643216 0.4354504347 0.7893655300 -0.1213569269 0.8957762122 -0.4276183546
-58.7 -161.1 2110.6 0.9163997769 0.0171524137 -0.3998965919 -0.0371305607 0.9984163046 -0.0422638915 0.3985383511 0.0535790063 0.9155853391
-65.3 -548.7 2089.8 0.9217962623 0.0586649887 -0.3832102418 0.0234457850 0.9782384634 0.2061546892 0.3869650960 -0.1990172714 0.9003611207
118.2 -142.7 2131.7 0.9054524302 0.0751202852 -0.4177473783 -0.1159769297 0.9905469418 -0.0732534006 0.4082956016 0.1147765294 0.9056053758
89.1 -527.0 2087.1 0.9092661142 -0.1152522117 -0.3999400437 0.1636874229 0.9824878573 0.0890171602 0.3826768100 -0.1464054435 0.9122082591
-49.4 358.7 1963.8 0 0 0 0 0 0 0 0 0
52.2 557.1 1946.4 0 0 0 0 0 0 0 0 0
-87.2 -913.7 2164.1 0 0 0 0 0 0 0 0 0
132.0 -893.3 2141.7 0 0 0 0 0 0 0 0 0
28.5 486.2 2050.7 0 0.9816916585 0.1085882634 -0.1564929485 -0.0938641280 0.9906895161 0.0986090899 0.1657437235 -0.0821146518 0.9827442169
0.5 230.3 2071.9 0.9816916585 0.1085882634 -0.1564929485 -0.0938641280 0.9906895161 0.0986090899 0.1657437235 -0.0821146518 0.9827442169
18.4 40.2 2106.6 0.9834043980 -0.0926716402 -0.1559735984 0.1181443185 0.9795439243 0.1628974080 0.1376870275 -0.1786214262 0.9742364287
-133.8 214.1 2053.2 0.2743603289 -0.8734734654 -0.4022070169 0.5867885947 0.4834301472 -0.6495955586 0.7618435025 -0.0577872358 0.6451783776
-180.0 115.3 1924.9 -0.4714111388 -0.8734734654 0.1217193529 -0.8694311976 0.4834301472 0.1019054502 -0.1478545219 -0.0577872358 -0.9873194695
134.8 246.4 2090.7 0.5302860141 0.0891536400 0.8431182504 0.7384242415 0.4400452971 -0.5109694600 -0.4165650010 0.8935388923 0.1675166786
279.4 447.7 1977.2 -0.8942711949 0.0891536400 0.4385551512 0.4303705692 0.4400452971 0.7881252170 -0.1227199063 0.8935388923 -0.4318889380
-57.2 -159.7 2120.8 0.9145677090 0.0198572967 -0.4039450586 -0.0525066853 0.9961705208 -0.0699096769 0.4010099173 0.0851469487 0.9121080041
-64.9 -546.2 2087.7 0.9221861959 0.0604562275 -0.3819916844 0.0244317371 0.9766268730 0.2135485858 0.3859737217 -0.2062642723 0.8991547823
119.2 -140.6 2145.0 0.9017148018 0.0811696723 -0.4246432185 -0.1406422704 0.9838652015 -0.1105850860 0.4088155329 0.1594389975 0.8985816836
87.7 -522.0 2083.2 0.9111282825 -0.1185280979 -0.3947104514 0.1782009006 0.9768936634 0.1179967076 0.3716042042 -0.1778478920 0.9111972451
-48.4 358.0 1966.1 0 0 0 0 0 0 0 0 0
52.3 557.0 1946.0 0 0 0 0 0 0 0 0 0
-87.5 -910.7 2164.7 0 0 0 0 0 0 0 0 0
131.9 -886.3 2149.5 0 0 0 0 0 0 0 0 0
28.6 487.7 2051.8 1 0.9855138659 0.1063967347 -0.1320686638 -0.0951723605 0.9915110469 0.0885891840 0.1403731406 -0.0747365877 0.9872739315
0.7 228.3 2071.4 0.9855138659 0.1063967347 -0.1320686638 -0.0951723605 0.9915110469 0.0885891840 0.1403731406 -0.0747365877 0.9872739315
16.8 38.0 2106.0 0.9878721833 -0.0831190422 -0.1311477423 0.1046132371 0.9804586768 0.1666039079 0.1147369891 -0.1783031672 0.9772632122
-134.2 214.0 2055.7 0.2821879983 -0.8720983267 -0.3997679651 0.5926771760 0.4861480892 -0.6421789527 0.7543896437 -0.0557181500 0.6540579200
-182.5 112.5 1926.6 -0.4756025672 -0.8720983267 0.1150942892 -0.8689010143 0.4861480892 0.0931184962 -0.1371613592 -0.0557181500 -0.9889804125
135.6 242.6 2087.1 0.5258926153 0.0798249915 0.8467968702 0.7498266697 0.4264450669 -0.5058701634 -0.4014934301 0.9009842277 0.1644093990
279.6 447.9 1977.1 -0.8961415887 0.0798249915 0.4365297556 0.4265298247 0.4264450669 0.7976320386 -0.1224849969 0.9009842277 -0.4162029028
-51.8 -160.4 2128.9 0.9225121140 0.0326574929 -0.3845840693 -0.0720032454 0.9934834242 -0.0883530825 0.3791925013 0.1091980934 0.9188519120
-64.4 -545.8 2086.6 0.9325563312 0.0664560348 -0.3548552394 0.0174708348 0.9734532833 0.2282180637 0.3606014848 -0.2190258205 0.9066389799
124.4 -139.2 2153.6 0.9078387618 0.0962745771 -0.4081176817 -0.1629507989 0.9777889848 -0.1318169385 0.3863623440 0.1861716211 0.9033627510
87.1 -518.3 2081.4 0.9220238328 -0.1189315617 -0.3684119284 0.1777929962 0.9754339457 0.1300704479 0.3438920081 -0.1854291111 0.9205185175
-49.7 355.1 1964.9 0 0 0 0 0 0 0 0 0
52.2 556.2 1946.0 0 0 0 0 0 0 0 0 0
-89.2 -909.2 2168.3 0 0 0 0 0 0 0 0 0
131.4 -882.3 2150.6 0 0 0 0 0 0 0 0 0
32.7 488.6 2053.4 2 0.9715076685 0.1410087198 -0.1904977709 -0.1298335046 0.9890627861 0.0699863285 0.1982829422 -0.0432592630 0.9791896939
-5.4 221.4 2065.1 0.9715076685 0.1410087198 -0.1904977709 -0.1298335046 0.9890627861 0.0699863285 0.1982829422 -0.0432592630 0.9791896939
22.4 33.8 2104.3 0.9709406495 -0.1446149647 -0.1906850189 0.1780273616 0.9689390063 0.1716491580 0.1599391103 -0.2006082982 0.9665277004
-137.5 197.1 2043.4 0.3040543795 -0.8764825463 -0.3732683957 0.5703617334 0.4813186824 -0.6655973196 0.7630454898 -0.0105202058 0.6462591290
-183.3 111.3 1928.6 -0.4760898054 -0.8764825463 0.0715322271 -0.8697935343 0.4813186824 0.1085888818 -0.1296060532 -0.0105202058 -0.9915097356
126.7 245.7 2086.8 0.5524215698 0.0950021222 0.8281334639 0.7289794683 0.4267466068 -0.5352348089 -0.4042515755 0.8993675113 0.1664894372
278.5 446.0 1975.7 -0.8894355893 0.0950021222 0.4470781684 0.4421374202 0.4267466068 0.7889245152 -0.1158395931 0.8993675113 -0.4215676188
-55.5 -161.6 2130.4 0.9062906504 0.0228467155 -0.4220370650 -0.0680002645 0.9934114814 -0.0922473893 0.4171489179 0.1123015806 0.9018731117
-64.4 -547.1 2086.8 0.9164469838 0.0683714375 -0.3942718208 0.0216937605 0.9753569365 0.2195635885 0.3995676339 -0.2097716331 0.8923797011
121.4 -142.8 2150.9 0.8935971260 0.0862827078 -0.4404991567 -0.1578186303 0.9790882468 -0.1283722967 0.4202112257 0.1842320859 0.8885274529
87.9 -522.7 2079.4 0.9099363089 -0.1145747453 -0.3986082077 0.1885168701 0.9703238606 0.1514362693 0.3694283068 -0.2129417360 0.9045322537
-50.4 354.2 1964.8 0 0 0 0 0 0 0 0 0
52.7 558.2 1946.3 0 0 0 0 0 0 0 0 0
-89.9 -911.2 2165.1 0 0 0 0 0 0 0 0 0
130.7 -884.7 2158.9 0 0 0 0 0 0 0 0 0
35.3 486.1 2054.7 3 0.9717783928 0.1509457231 -0.1812791526 -0.1401942968 0.9875894189 0.0708001927 0.1897163540 -0.0433877967 0.9808797836
-5.3 220.4 2066.4 0.9717783928 0.1509457231 -0.1812791526 -0.1401942968 0.9875894189 0.0708001927 0.1897163540 -0.0433877967 0.9808797836
22.2 31.6 2100.8 0.9731266499 -0.1424305439 -0.1809365004 0.1703885645 0.9739346504 0.1497299969 0.1548942029 -0.1765357554 0.9720302820
-138.0 197.1 2045.3 0.2999059558 -0.8789950609 -0.3707076311 0.5718238950 0.4766863585 -0.6676732302 0.7635927200 -0.0117402952 0.6455914378
-183.9 109.6 1928.4 -0.4715872407 -0.8789950609 0.0705210492 -0.8727065921 0.4766863585 0.1056090817 -0.1264462769 -0.0117402952 -0.9919039607
127.4 243.6 2087.4 0.5465888977 0.0903378576 0.8325140476 0.7338750958 0.4271478653 -0.5281780362 -0.4033210874 0.8996576071 0.1671775877
278.6 446.7 1975.8 -0.8894287944 0.0903378576 0.4480574429 0.4410183430 0.4271478653 0.7893335819 -0.1200800762 0.8996576071 -0.4197582901
-36.4 -169.7 2129.3 0.9085739255 0.0692348927 -0.4119465053 -0.1073882654 0.9917376637 -0.0701725259 0.4036844671 0.1079951450 0.9085019827
-63.2 -554.2 2087.4 0.9258253574 0.0895548016 -0.3671883941 0.0077914363 0.9667935967 0.2554397583 0.3778712451 -0.2393535227 0.8943842649
136.9 -137.8 2157.7 0.8921949267 0.1378808469 -0.4300896525 -0.2101822644 0.9696170688 -0.1251644045 0.3997645080 0.2020682544 0.8940675259
83.5 -513.6 2079.4 0.9138227701 -0.1391430646 -0.3815326393 0.1993588954 0.9721838832 0.1229411066 0.3538134992 -0.1884083152 0.9161431789
-52.2 353.2 1963.7 0 0 0 0 0 0 0 0 0
52.8 558.6 1945.4 0 0 0 0 0 0 0 0 0
-96.6 -914.9 2176.7 0 0 0 0 0 0 0 0 0
135.4 -876.2 2149.7 0 0 0 0 0 0 0 0 0
36.0 486.8 2053.3 4 0.9720764756 0.1557128131 -0.1755588204 -0.1440881789 0.9865487218 0.0772023201 0.1852187216 -0.0497506037 0.9814371467
-6.2 219.2 2066.8 0.9720764756 0.1557128131 -0.1755588204 -0.1440881789 0.9865487218 0.0772023201 0.1852187216 -0.0497506037 0.9814371467
21.0 30.2 2100.5 0.9744683504 -0.1406438202 -0.1750162691 0.1672364920 0.9747723341 0.1478203833 0.1498109847 -0.1733154058 0.9734055996
-139.2 196.4 2046.4 0.2784989476 -0.8819568157 -0.3802505732 0.5693767667 0.4704522789 -0.6741548181 0.7734652162 -0.0287544336 0.6331862211
-181.6 109.8 1928.8 -0.4635541439 -0.8819568157 0.0852626637 -0.8768265247 0.4704522789 0.0992465168 -0.1276431531 -0.0287544336 -0.9914032221
126.8 242.1 2087.2 0.5468863249 0.0794946626 0.8334242702 0.7368414998 0.4269056320 -0.5242291093 -0.3974668980 0.9007952809 0.1748938709
279.1 447.3 1976.5 -0.8901755810 0.0794946626 0.4486290514 0.4370947480 0.4269056320 0.7916437387 -0.1285908073 0.9007952809 -0.4147676528
-37.3 -172.4 2121.3 0.9112779498 0.0730874464 -0.4052539468 -0.1007726118 0.9937809110 -0.0473751053 0.3992711008 0.0840103850 0.9129757881
-65.7 -557.9 2088.8 0.9275834560 0.0662392378 -0.3676973283 0.0247594584 0.9710965157 0.2373994887 0.3727947474 -0.2293118238 0.8991330266
136.7 -141.9 2149.0 0.8954278827 0.1409625560 -0.4223013818 -0.2027660012 0.9735862613 -0.1049561501 0.3963519335 0.1796090305 0.9003586769
82.0 -519.4 2079.3 0.9115875959 -0.1590089202 -0.3791097999 0.2186239809 0.9684655070 0.1194911078 0.3481546044 -0.1918091029 0.9176042676
-52.2 354.6 1964.4 0 0 0 0 0 0 0 0 0
53.1 558.2 1943.9 0 0 0 0 0 0 0 0 0
-90.4 -920.1 2174.3 0 0 0 0 0 0 0 0 0
141.4 -880.7 2150.9 0 0 0 0 0 0 0 0 0
35.6 487.5 2054.1 5 0.9772616625 0.1658577174 -0.1321018636 -0.1578705311 0.9850550890 0.0688723996 0.1415506303 -0.0464513637 0.9888405800
-9.7 218.3 2066.8 0.9772616625 0.1658577174 -0.1321018636 -0.1578705311 0.9850550890 0.0688723996 0.1415506303 -0.0464513637 0.9888405800
17.9 29.7 2103.1 0.9811633825 -0.1420751959 -0.1308933049 0.1632223576 0.9721232653 0.1683295071 0.1033289880 -0.1865234673 0.9770016074
-143.6 196.1 2052.8 0.2302246988 -0.8825756907 -0.4099472165 0.5604690313 0.4646354914 -0.6855569482 0.7955319285 -0.0719305798 0.6016269326
-179.7 108.2 1928.0 -0.4536974728 -0.8825756907 0.1233642697 -0.8817695379 0.4646354914 0.0812177286 -0.1290002018 -0.0719305798 -0.9890323281
124.1 240.5 2080.9 0.5525051951 0.0793519169 0.8297235966 0.7406698465 0.4098277986 -0.5323996544 -0.3822907507 0.9087048173 0.1676584184
278.2 447.2 1974.3 -0.8899822831 0.0793519169 0.4490376413 0.4397544563 0.4098277986 0.7991603017 -0.1206132099 0.9087048173 -0.3996348381
-39.0 -173.9 2120.8 0.9276297092 0.0719647184 -0.3665027022 -0.0962294042 0.9941843748 -0.0483463183 0.3608920276 0.0801158175 0.9291600585
-66.9 -559.7 2089.8 0.9411487579 0.0539487861 -0.3336593211 0.0223604329 0.9750784636 0.2207305282 0.3372521698 -0.2152010351 0.9164875746
135.4 -143.9 2147.6 0.9133884311 0.1275518537 -0.3865903616 -0.1832636744 0.9768106937 -0.1107034907 0.3635051847 0.1719632596 0.9155831933
86.0 -522.9 2080.9 0.9281095266 -0.1397016644 -0.3451030552 0.1929884255 0.9731992483 0.1250549555 0.3183836341 -0.1826655865 0.9301962852
-53.0 354.4 1964.0 0 0 0 0 0 0 0 0 0
52.3 558.8 1943.7 0 0 0 0 0 0 0 0 0
-87.1 -923.5 2170.1 0 0 0 0 0 0 0 0 0
138.1 -886.0 2149.1 0 0 0 0 0 0 0 0 0
36.8 489.3 2060.1 6 0.9800432920 0.1725164056 -0.0987587720 -0.1690431833 0.9846884012 0.0425812490 0.1045925766 -0.0250369720 0.9941999316
-11.3 214.8 2067.0 0.9800432920 0.1725164056 -0.0987587720 -0.1690431833 0.9846884012 0.0425812490 0.1045925766 -0.0250369720 0.9941999316
17.0 26.0 2101.6 0.9845678806 -0.1456096470 -0.0970771238 0.1601929963 0.9732062817 0.1649477035 0.0704580918 -0.1779532731 0.9815132618
-145.6 193.0 2057.4 0.2099148333 -0.8860019445 -0.4134444594 0.5551873446 0.4560939670 -0.6955180168 0.8047998548 -0.0835395902 0.5876379609
-178.7 105.6 1930.8 -0.4458362758 -0.8860019445 0.1273993105 -0.8874645829 0.4560939670 0.0662188828 -0.1167761087 -0.0835395902 -0.9896385670
123.0 236.7 2076.6 0.5517235398 0.0759606063 0.8305607438 0.7487034798 0.3936736286 -0.5333517790 -0.3674835563 0.9161064625 0.1603270322
278.2 447.2 1973.3 -0.8904361725 0.0759606063 0.4487241507 0.4402466416 0.3936736286 0.8069720864 -0.1153527647 0.9161064625 -0.3839826584
-42.3 -173.5 2130.1 0.9396514297 0.0649749488 -0.3359068930 -0.0924820080 0.9934890270 -0.0665331855 0.3293968141 0.0935833454 0.9395424128
-67.5 -559.1 2093.7 0.9498460889 0.0480309315 -0.3090072274 0.0101188328 0.9828963280 0.1838816404 0.3125540912 -0.1777860373 0.9331141710
133.2 -144.3 2148.5 0.9260436893 0.1233305186 -0.3566968739 -0.1771161258 0.9765787125 -0.1221634224 0.3332760930 0.1763054281 0.9261983633
85.4 -523.4 2080.1 0.9401630163 -0.1371342242 -0.3119097650 0.1876436323 0.9724899530 0.1380333155 0.2844000161 -0.1883017123 0.9400314093
-54.2 353.4 1963.4 0 0 0 0 0 0 0 0 0
52.1 559.0 1944.0 0 0 0 0 0 0 0 0 0
-85.4 -925.6 2160.0 0 0 0 0 0 0 0 0 0
136.6 -886.3 2150.4 0 0 0 0 0 0 0 0 0
35.6 491.6 2057.0 7 0.9803438187 0.1674263179 -0.1043765023 -0.1623157263 0.9851636887 0.0557320230 0.1121589467 -0.0376945958 0.9929750562
-11.0 217.5 2067.5 0.9803438187 0.1674263179 -0.1043765023 -0.1623157263 0.9851636887 0.0557320230 0.1121589467 -0.0376945958 0.9929750562
16.1 28.8 2103.8 0.9848792553 -0.1395213902 -0.1026968211 0.1558533907 0.9724120498 0.1735642254 0.0756477043 -0.1869454533 0.9794533253
-145.5 196.2 2057.2 0.2045448422 -0.8863862157 -0.4153082371 0.5796558261 0.4515713453 -0.6782937646 0.7887715697 -0.1019943357 0.6061654687
-178.0 104.1 1931.9 -0.4410815239 -0.8863862157 0.1405937374 -0.8906793594 0.4515713453 0.0526651032 -0.1101697236 -0.1019943357 -0.9886656404
123.5 238.8 2077.8 0.5563328862 0.0789014101 0.8272051215 0.7435067892 0.3972703516 -0.5379348993 -0.3710678816 0.9143034816 0.1623508334
278.3 445.8 1974.5 -0.8871417642 0.0789014101 0.4547021091 0.4463219047 0.3972703516 0.8018559813 -0.1173720956 0.9143034816 -0.3876505494
-42.9 -177.2 2129.8 0.9369882345 0.0645512193 -0.3433456719 -0.0944015607 0.9930041432 -0.0709300265 0.3363650441 0.0988729671 0.9365269542
-67.9 -562.7 2091.4 0.9498351812 0.0450005010 -0.3094965816 0.0262724031 0.9746157527 0.2223373502 0.3116455078 -0.2193150520 0.9245420098
133.3 -148.6 2142.4 0.9252215624 0.1138184220 -0.3619536757 -0.1602970958 0.9818890691 -0.1009887755 0.3439039588 0.1514571160 0.9267096519
89.1 -529.6 2083.6 0.9387646914 -0.1118596643 -0.3258961141 0.1611859202 0.9785308838 0.1284382343 0.3045323491 -0.1731031388 0.9366404414
-54.8 352.8 1962.6 0 0 0 0 0 0 0 0 0
53.1 559.1 1944.7 0 0 0 0 0 0 0 0 0
-84.7 -926.0 2173.2 0 0 0 0 0 0 0 0 0
130.9 -894.7 2148.2 0 0 0 0 0 0 0 0 0
33.3 488.0 2050.5 8 0.9768520594 0.1593873352 -0.1426734626 -0.1495663077 0.9857358932 0.0771668330 0.1529377550 -0.0540414378 0.9867570996
-10.2 219.0 2065.2 0.9768520594 0.1593873352 -0.1426734626 -0.1495663077 0.9857358932 0.0771668330 0.1529377550 -0.0540414378 0.9867570996
15.4 30.4 2103.7 0.9810952544 -0.1322808713 -0.1412582099 0.1567703187 0.9712157249 0.1793408245 0.1134688258 -0.1980955154 0.9735928178
-144.1 197.5 2049.8 0.2099919319 -0.8866974115 -0.4119115472 0.6127942204 0.4476486742 -0.6512249708 0.7618311048 -0.1156650186 0.6373656392
-176.3 103.5 1932.9 -0.4373392761 -0.8866974115 0.1500069797 -0.8932272196 0.4476486742 0.0419017933 -0.1043046340 -0.1156650186 -0.9877966046
123.7 240.4 2080.7 0.5520816445 0.0972167179 0.8281031251 0.7367876768 0.4080528319 -0.5391073823 -0.3903200626 0.9077674747 0.1536503881
277.7 446.0 1971.8 -0.8860176802 0.0972167179 0.4533449113 0.4509415925 0.4080528319 0.7938164473 -0.1078164354 0.9077674747 -0.4053810835
-45.1 -173.9 2133.3 0.9228593707 0.0589801259 -0.3805941641 -0.0947469398 0.9926022887 -0.0759189054 0.3733009398 0.1061226055 0.9216205478
-68.0 -559.2 2092.1 0.9365179539 0.0436396785 -0.3478932679 0.0327643007 0.9769899249 0.2107539326 0.3490854502 -0.2087733150 0.9135387540
131.3 -146.0 2146.8 0.9100341797 0.1100928783 -0.3996464908 -0.1664156318 0.9800155163 -0.1089742705 0.3796624839 0.1656777412 0.9101688266
88.6 -526.3 2082.5 0.9258145690 -0.1100847945 -0.3615919352 0.1666858792 0.9775110483 0.1291818321 0.3392391801 -0.1798706949 0.9233435392
-54.2 352.9 1962.0 0 0 0 0 0 0 0 0 0
52.8 560.4 1944.5 0 0 0 0 0 0 0 0 0
-84.2 -923.7 2170.0 0 0 0 0 0 0 0 0 0
129.7 -891.1 2149.7 0 0 0 0 0 0 0 0 0
32.9 490.6 2051.7 9 0.9706140161 0.1394852847 -0.1960926652 -0.1281017065 0.9893125296 0.0696467981 0.2037116289 -0.0424803495 0.9781088829
-4.6 224.4 2063.2 0.9706140161 0.1394852847 -0.1960926652 -0.1281017065 0.9893125296 0.0696467981 0.2037116289 -0.0424803495 0.9781088829
14.2 35.7 2103.7 0.9762564301 -0.0972849056 -0.1935433447 0.1342595369 0.9729135633 0.1881848872 0.1699934006 -0.2097017467 0.9628745914
-137.7 206.0 2040.0 0.2342947423 -0.8860765696 -0.3999679089 0.6674762368 0.4457402229 -0.5964822769 0.7068107724 -0.1272163987 0.6958696246
-174.2 101.9 1929.7 -0.4325271249 -0.8860765696 0.1666992903 -0.8937461972 0.4457402229 0.0503331311 -0.1189035848 -0.1272163987 -0.9847222567
128.4 242.8 2086.4 0.5394848585 0.1013052240 0.8358787894 0.7345673442 0.4285925031 -0.5260411501 -0.4115420878 0.8978005052 0.1568036526
278.0 446.5 1972.2 -0.8882420063 0.1013052240 0.4480662644 0.4454115331 0.4285925031 0.7860770226 -0.1124041229 0.8978005052 -0.4258163869
-46.7 -172.1 2131.9 0.8982331157 0.0540840141 -0.4361790419 -0.0950539410 0.9928181171 -0.0726422146 0.4291176796 0.1067101732 0.8969230652
-67.7 -557.5 2090.5 0.9134384394 0.0457521863 -0.4043970704 0.0411888696 0.9781659842 0.2037025988 0.4048872888 -0.2027264386 0.8916099072
128.9 -144.0 2152.2 0.8830141425 0.1085223705 -0.4566277862 -0.1778124422 0.9777293801 -0.1114811599 0.4343602061 0.1796335429 0.8826454282
86.7 -523.5 2082.5 0.8993109465 -0.1282877773 -0.4180695117 0.1958019733 0.9729451537 0.1226348355 0.3910261393 -0.1921456903 0.9000992179
-53.5 351.5 1962.9 0 0 0 0 0 0 0 0 0
52.5 559.5 1943.7 0 0 0 0 0 0 0 0 0
-84.8 -922.6 2166.2 0 0 0 0 0 0 0 0 0
134.6 -886.6 2154.2 0 0 0 0 0 0 0 0 0
33.5 491.8 2053.3 0 0.9693436027 0.1221794188 -0.2131787091 -0.1133330092 0.9921272397 0.0532834753 0.2180105448 -0.0274898112 0.9755591750
-0.1 218.4 2060.9 0.9693436027 0.1221794188 -0.2131787091 -0.1133330092 0.9921272397 0.0532834753 0.2180105448 -0.0274898112 0.9755591750
18.0 30.7 2106.6 0.9729953408 -0.0938527957 -0.2108832002 0.1392644197 0.9672809839 0.2120681405 0.1840801239 -0.2357098460 0.9542302489
-132.9 199.3 2035.8 0.2532872260 -0.8994221687 -0.3562096357 0.6602007151 0.4298520088 -0.6159239411 0.7070931196 -0.0791641846 0.7026751637
-170.9 100.3 1929.8 -0.4202004075 -0.8994221687 0.1202968583 -0.9002338648 0.4298520088 0.0693267509 -0.1140638664 -0.0791641846 -0.9903143048
132.6 237.4 2086.0 0.5209615231 0.1026848182 0.8473812342 0.7490529418 0.4210198224 -0.5115290284 -0.4092905819 0.9012203813 0.1424187571
278.1 446.5 1971.8 -0.8890353441 0.1026848182 0.4461748302 0.4452314973 0.4210198224 0.7902601957 -0.1067007259 0.9012203813 -0.4200200438
-54.3 -165.2 2128.9 0.8904768229 0.0408376418 -0.4531923532 -0.0821435302 0.9940285683 -0.0718307123 0.4475527406 0.1011904031 0.8885139227
-70.1 -551.0 2089.7 0.9047189355 0.0266103838 -0.4251770079 0.0653203577 0.9775800109 0.2001762539 0.4209713340 -0.2088759691 0.8826969862
120.2 -141.1 2159.4 0.8743146062 0.0884449184 -0.4772331715 -0.1744232476 0.9748263359 -0.1388888061 0.4529354572 0.2046730667 0.8677317500
85.9 -519.3 2079.9 0.8882754445 -0.1334414631 -0.4394998550 0.2013396472 0.9731596708 0.1114567220 0.4128305912 -0.1874930114 0.8913008571
-53.6 351.6 1961.6 0 0 0 0 0 0 0 0 0
52.4 559.5 1944.7 0 0 0 0 0 0 0 0 0
-80.1 -915.8 2167.6 0 0 0 0 0 0 0 0 0
135.7 -882.5 2149.9 0 0 0 0 0 0 0 0 0
32.5 492.5 2054.7 1 0.9638100863 0.1166847050 -0.2396972179 -0.1100805700 0.9930846691 0.0408057570 0.2428010404 -0.0129429940 0.9699897766
0.4 219.5 2058.2 0.9638100863 0.1166847050 -0.2396972179 -0.1100805700 0.9930846691 0.0408057570 0.2428010404 -0.0129429940 0.9699897766
19.1 31.8 2103.9 0.9664965272 -0.0962355658 -0.2379563749 0.1474181116 0.9670266509 0.2076714039 0.2101247758 -0.2357927561 0.9488146901
-131.5 199.3 2029.5 0.2706195712 -0.8997159600 -0.3424562216 0.6793045402 0.4305292964 -0.5942978263 0.6821366549 -0.0718034431 0.7276907563
-170.7 100.8 1930.6 -0.4217554629 -0.8997159600 0.1123990044 -0.8998910785 0.4305292964 0.0695744753 -0.1109883264 -0.0718034431 -0.9912244081
132.3 239.6 2086.9 0.5053947568 0.1091539860 0.8559564948 0.7536578774 0.4272294044 -0.4994745851 -0.4202094376 0.8975301981 0.1336547285
272.4 448.4 1970.5 -0.8852702379 0.1091539860 0.4520862997 0.4524351954 0.4272294044 0.7828010321 -0.1076987088 0.8975301981 -0.4275985658
-50.9 -169.5 2135.7 0.8783599138 0.0434464961 -0.4760213196 -0.0933987722 0.9922647476 -0.0817763954 0.4687862694 0.1162889153 0.8756234050
-67.8 -554.6 2090.6 0.8952557445 0.0448809750 -0.4432863593 0.0539049357 0.9766950607 0.2077522278 0.4422797263 -0.2098866999 0.8719726205
123.2 -144.5 2168.7 0.8614709973 0.0908906311 -0.4996064305 -0.1922640651 0.9689868689 -0.1552383751 0.4700023532 0.2297897339 0.8522291183
87.9 -520.4 2079.5 0.8830929399 -0.1182994917 -0.4540397227 0.1935593635 0.9733657241 0.1228576228 0.4274126887 -0.1963783354 0.8824703693
-53.0 352.0 1961.5 0 0 0 0 0 0 0 0 0
47.6 563.3 1943.1 0 0 0 0 0 0 0 0 0
-84.5 -919.1 2168.9 0 0 0 0 0 0 0 0 0
132.1 -883.7 2152.8 0 0 0 0 0 0 0 0 0
36.6 491.6 2055.3 2 0.9444215894 0.1345627010 -0.2999346256 -0.1311508268 0.9908593893 0.0315770395 0.3014421165 0.0095146336 0.9534370303
-1.1 214.1 2052.6 0.9444215894 0.1345627010 -0.2999346256 -0.1311508268 0.9908593893 0.0315770395 0.3014421165 0.0095146336 0.9534370303
19.9 28.8 2105.9 0.9484708309 -0.1094669476 -0.2973550856 0.1828927100 0.9554558992 0.2316340506 0.2587533891 -0.2740822136 0.9262427688
-130.4 189.1 2017.5 0.3007784486 -0.9070965052 -0.2944626510 0.6898100972 0.4201326072 -0.5896190405 0.6585547328 -0.0257786009 0.7520911694
-169.1 100.1 1932.6 -0.4157531857 -0.9070965052 0.0657664165 -0.9038431048 0.4201326072 0.0809709132 -0.1010790467 -0.0257786009 -0.9945443869
128.2 239.2 2087.8 0.5253188014 0.0962010846 0.8454498649 0.7438403964 0.4305790365 -0.5111781955 -0.4132089019 0.8974112868 0.1546330154
275.7 448.1 1971.8 -0.8889061809 0.0962010846 0.4478740394 0.4428460300 0.4305790365 0.7864407897 -0.1171887144 0.8974112868 -0.4253466427
-48.8 -169.1 2130.8 0.8509010077 0.0552546680 -0.5224120617 -0.0997369587 0.9933577180 -0.0573850200 0.5157712698 0.1009327620 0.8507599831
-70.2 -554.6 2091.7 0.8705672026 0.0261185057 -0.4913558960 0.0814346299 0.9771714211 0.1962255239 0.4852640629 -0.2108408809 0.8485664129
124.2 -142.6 2168.5 0.8332980275 0.1050239280 -0.5427562594 -0.2132110745 0.9668871164 -0.1402509660 0.5100543499 0.2325925082 0.8280974030
83.4 -517.9 2078.2 0.8539606929 -0.1422808766 -0.5005069971 0.2207210809 0.9701126218 0.1008150652 0.4712041318 -0.1965645552 0.8598424792
-53.1 352.5 1960.8 0 0 0 0 0 0 0 0 0
50.1 560.5 1942.0 0 0 0 0 0 0 0 0 0
-80.0 -919.3 2170.3 0 0 0 0 0 0 0 0 0
136.5 -879.9 2151.5 0 0 0 0 0 0 0 0 0
39.7 491.0 2055.6 3 0.9448778629 0.1485963017 -0.2917618454 -0.1424423754 0.9888967276 0.0423487425 0.2948151827 0.0015448602 0.9555530548
-0.8 221.2 2055.2 0.9448778629 0.1485963017 -0.2917618454 -0.1424423754 0.9888967276 0.0423487425 0.2948151827 0.0015448602 0.9555530548
20.3 34.5 2103.0 0.9511804581 -0.1096611321 -0.2884963453 0.1735252738 0.9630313516 0.2060571909 0.2552345693 -0.2460589707 0.9350455999
-130.6 197.5 2020.5 0.3517946899 -0.9020596147 -0.2500578165 0.6639679670 0.4287649989 -0.6126231551 0.6598386765 0.0494872108 0.7497759461
-173.1 117.3 1940.8 -0.4315485954 -0.9020596147 0.0073631657 -0.8940242529 0.4287649989 0.1299275607 -0.1203594804 0.0494872108 -0.9914961457
129.0 245.0 2090.0 0.5178800225 0.1008284912 0.8494904041 0.7404222488 0.4445299804 -0.5041507483 -0.4284566939 0.8900711536 0.1555575430
272.0 449.5 1971.7 -0.8885088563 0.1008284912 0.4476445913 0.4427609146 0.4445299804 0.7786885500 -0.1204774529 0.8900711536 -0.4396117330
-43.9 -172.9 2136.0 0.8558040261 0.0599170886 -0.5138185024 -0.1067579463 0.9923442006 -0.0620949008 0.5061642528 0.1079952717 0.8556487560
-67.2 -558.1 2094.1 0.8746172190 0.0565880425 -0.4815002382 0.0429861993 0.9802016020 0.1932795793 0.4829046130 -0.1897435188 0.8548687100
125.6 -140.0 2182.1 0.8372669816 0.1065260023 -0.5363172293 -0.2298087776 0.9585611820 -0.1683697701 0.4961571395 0.2642208636 0.8270522356
84.3 -511.9 2079.6 0.8615989089 -0.1324048638 -0.4900165796 0.1996223181 0.9759777784 0.0872830972 0.4666886032 -0.1730212718 0.8673323393
-52.6 366.8 1974.4 0 0 0 0 0 0 0 0 0
46.5 561.9 1941.1 0 0 0 0 0 0 0 0 0
-88.3 -923.7 2164.8 0 0 0 0 0 0 0 0 0
133.7 -876.0 2144.2 0 0 0 0 0 0 0 0 0
42.7 491.3 2054.8 4 0.9408476353 0.1684385836 -0.2939969003 -0.1590991914 0.9856966734 0.0555830933 0.2991541028 -0.0055205529 0.9541888237
-2.5 226.8 2056.3 0.9408476353 0.1684385836 -0.2939969003 -0.1590991914 0.9856966734 0.0555830933 0.2991541028 -0.0055205529 0.9541888237
17.5 39.6 2103.5 0.9517271519 -0.1033568904 -0.2890202999 0.1669083089 0.9644875526 0.2047079057 0.2575985193 -0.2430659682 0.9351801872
-132.4 203.9 2021.1 0.3784980178 -0.8963425159 -0.2308881432 0.6536016464 0.4354494512 -0.6190223694 0.6553961635 0.0833898857 0.7506676912
-176.6 127.5 1944.6 -0.4428936839 -0.8963425159 -0.0203783754 -0.8880598545 0.4354494512 0.1474228948 -0.1232676506 0.0833898857 -0.9888635874
127.5 249.6 2091.4 0.5203053951 0.1102209240 0.8468374014 0.7315509319 0.4540777206 -0.5085731745 -0.4405854046 0.8841180801 0.1556268781
270.2 450.2 1970.6 -0.8889201880 0.1102209240 0.4446034133 0.4429526627 0.4540777206 0.7730500698 -0.1166782230 0.8841180801 -0.4524615109
-43.7 -167.9 2127.9 0.8551374078 0.0610401966 -0.5147951841 -0.0985831693 0.9940701723 -0.0458899476 0.5089414120 0.0899923518 0.8560841084
-67.4 -553.7 2093.0 0.8729032874 0.0500177741 -0.4853226244 0.0510648526 0.9799015522 0.1928349733 0.4852135777 -0.1931092143 0.8528051376
126.6 -136.7 2173.5 0.8363543153 0.1161281765 -0.5357478261 -0.2243870497 0.9642030597 -0.1412902474 0.5001618862 0.2383835763 0.8324730396
81.5 -510.8 2081.0 0.8520939350 -0.1572736800 -0.4992002547 0.2179667503 0.9737716317 0.0652633905 0.4758428335 -0.1644196063 0.8640253544
-53.0 375.5 1979.0 0 0 0 0 0 0 0 0 0
44.5 562.7 1941.0 0 0 0 0 0 0 0 0 0
-86.0 -919.4 2165.0 0 0 0 0 0 0 0 0 0
140.2 -874.1 2142.4 0 0 0 0 0 0 0 0 0
