162.4 464.8 2271.2 2 0.9471498728 0.0440425985 0.3177535832 -0.1184793413 0.9685238004 0.2189161479 -0.2981102765 -0.2449936420 0.9225553274
153.3 264.2 2322.0 0.9471498728 0.0440425985 0.3177535832 -0.1184793413 0.9685238004 0.2189161479 -0.2981102765 -0.2449936420 0.9225553274
144.1 69.9 2362.2 0.9476692677 0.0465279743 0.3158450425 -0.1073157191 0.9781804085 0.1778943688 -0.3006763756 -0.2024801672 0.9319847226
15.1 279.9 2365.8 0.6447967291 -0.6577525139 -0.3893569112 0.7639082670 0.5371506810 0.3576496840 -0.0261016600 -0.5280442834 0.8488156199
-115.5 125.2 2371.1 -0.6435396075 -0.6577525139 -0.3914312720 -0.0364447013 0.5371506810 -0.8426986337 0.7645446658 -0.5280442834 -0.3696493208
291.6 248.5 2278.1 0.8174647093 0.5613141656 0.1291428059 -0.5397863388 0.8248194456 -0.1682367027 -0.2009531409 0.0678180456 0.9772505164
449.2 144.5 2239.4 -0.7174383402 0.5613141656 0.4125635028 0.5258095860 0.8248194456 -0.2078391910 -0.4569534659 0.0678180456 -0.8869014978
48.9 -113.6 2429.2 0.9943138957 -0.0570947044 0.0898890942 0.0615472719 0.9969701767 -0.0475652032 -0.0869010165 0.0528271720 0.9948152900
71.6 -509.7 2408.2 0.9948627949 0.0431883596 0.0915573537 -0.0361317284 0.9963469505 -0.0773774907 -0.0945646912 0.0736718625 0.9927889705
221.4 -133.2 2371.5 0.8916130066 0.0214105509 0.4522917867 -0.0400885604 0.9986914992 0.0317515098 -0.4510201514 -0.0464417860 0.8913046718
212.9 -530.0 2389.9 0.8879348040 -0.1001814157 0.4489269853 0.1377404630 0.9891176820 -0.0517085306 -0.4388613701 0.1077492163 0.8920710683
55.1 134.9 2168.5 0 0 0 0 0 0 0 0 0
256.7 285.5 2116.8 0 0 0 0 0 0 0 0 0
57.7 -830.2 2384.5 0 0 0 0 0 0 0 0 0
243.9 -836.2 2356.6 0 0 0 0 0 0 0 0 0
163.8 459.4 2269.5 3 0.9693455696 0.0446996875 0.2416010946 -0.1019947156 0.9677918553 0.2301650643 -0.2235312760 -0.2477515340 0.9426839352
154.6 259.8 2320.6 0.9693455696 0.0446996875 0.2416010946 -0.1019947156 0.9677918553 0.2301650643 -0.2235312760 -0.2477515340 0.9426839352
145.2 65.5 2361.1 0.9697140455 0.0476653613 0.2395467609 -0.0942326933 0.9778506756 0.1868911088 -0.2253327221 -0.2038040757 0.9527271986
13.5 273.5 2353.4 0.6539872885 -0.6520597339 -0.3835606277 0.7546191812 0.5265070200 0.3915868998 -0.0533906966 -0.5455350280 0.8363856673
-117.2 122.7 2364.0 -0.6667116284 -0.6520597339 -0.3609899282 -0.0555980764 0.5265070200 -0.8483508825 0.7432391644 -0.5455350280 -0.3872815967
295.7 246.1 2287.8 0.8725067973 0.4542002976 0.1800942570 -0.3841537535 0.8654566407 -0.3215753734 -0.3019233942 0.2113928199 0.9295995831
465.2 171.5 2229.2 -0.7772405744 0.4542002976 0.4354298711 0.5009092689 0.8654566407 -0.0086434530 -0.3807715178 0.2113928199 -0.9001811743
48.1 -114.6 2430.0 0.9982792735 -0.0570543744 0.0135378828 0.0577015765 0.9968965650 -0.0535520129 -0.0104404911 0.0542410202 0.9984732866
70.8 -510.8 2408.4 0.9991585612 0.0381660797 0.0150161451 -0.0368575193 0.9961577654 -0.0794431418 -0.0179904830 0.0788228363 0.9967262745
221.7 -134.3 2374.9 0.9245300889 0.0197669920 0.3805960417 -0.0305284597 0.9992859960 0.0222587734 -0.3798843026 -0.0321979150 0.9244734645
213.9 -531.4 2387.7 0.9219094515 -0.0791467577 0.3792344034 0.0957339257 0.9950917363 -0.0250497647 -0.3753904104 0.0593992136 0.9249615073
58.9 137.4 2167.6 0 0 0 0 0 0 0 0 0
258.9 304.4 2128.2 0 0 0 0 0 0 0 0 0
58.5 -830.6 2383.1 0 0 0 0 0 0 0 0 0
241.2 -875.1 2367.2 0 0 0 0 0 0 0 0 0
164.0 456.7 2268.1 4 0.9811596870 0.0383474305 0.1893546730 -0.0967332348 0.9459106922 0.3096702099 -0.1672375649 -0.3221527934 0.9317988753
155.8 253.9 2337.2 0.9811596870 0.0383474305 0.1893546730 -0.0967332348 0.9459106922 0.3096702099 -0.1672375649 -0.3221527934 0.9317988753
151.3 57.4 2359.5 0.9828525186 0.0251610167 0.1826685667 -0.0450390466 0.9933986664 0.1055015773 -0.1788081825 -0.1119197085 0.9774976373
12.8 260.8 2362.9 0.6868457794 -0.6135666370 -0.3895880878 0.7264969349 0.5951499939 0.3435093164 0.0210975036 -0.5189724565 0.8545305729
-120.0 120.4 2358.8 -0.6828988194 -0.6135666370 -0.3964658380 -0.0699483976 0.5951499939 -0.8005645871 0.7271564007 -0.5189724565 -0.4493452609
298.8 247.1 2311.5 0.8486433029 0.4032884836 0.3422907591 -0.2315326780 0.8650171757 -0.4451268613 -0.4756019115 0.2985024154 0.8274654746
472.6 199.7 2214.1 -0.8240821362 0.4032884836 0.3978027105 0.4851295948 0.8650171757 0.1280413121 -0.2924686074 0.2985024154 -0.9084923863
47.4 -120.6 2421.6 0.9972419143 -0.0584671423 -0.0457185805 0.0569945015 0.9978329539 -0.0328780152 0.0475417897 0.0301816259 0.9984131455
70.6 -516.6 2409.6 0.9983338118 0.0391121879 -0.0424242765 -0.0427237749 0.9952159524 -0.0878627524 0.0387848131 0.0895288885 0.9952287674
224.3 -137.4 2381.0 0.9429507256 0.0342565738 0.3311651945 -0.0394057259 0.9991841316 0.0088446382 -0.3305920064 -0.0213898625 0.9435313344
210.7 -534.4 2389.5 0.9392490387 -0.0988114029 0.3287058175 0.1209432781 0.9915210009 -0.0475266203 -0.3212225437 0.0843940899 0.9432357550
62.1 139.0 2164.9 0 0 0 0 0 0 0 0 0
260.7 324.4 2138.9 0 0 0 0 0 0 0 0 0
58.2 -831.4 2381.3 0 0 0 0 0 0 0 0 0
242.7 -855.1 2362.2 0 0 0 0 0 0 0 0 0
165.6 456.7 2268.9 5 0.9864307642 0.0461837649 0.1575480700 -0.0988789648 0.9331791997 0.3455423415 -0.1310621351 -0.3564317822 0.9250832796
155.5 251.3 2347.4 0.9864307642 0.0461837649 0.1575480700 -0.0988789648 0.9331791997 0.3455423415 -0.1310621351 -0.3564317822 0.9250832796
153.5 53.7 2358.6 0.9888020754 0.0120990388 0.1487417221 -0.0202929527 0.9983511567 0.0536945760 -0.1478468329 -0.0561117157 0.9874172211
11.4 254.5 2368.7 0.7004803419 -0.5823687911 -0.4125213921 0.7101956010 0.6258011460 0.3224827349 0.0703524724 -0.5188636780 0.8519571424
-124.3 116.9 2355.1 -0.7085826397 -0.5823687911 -0.3984435499 -0.0779348239 0.6258011460 -0.7760792971 0.7013108134 -0.5188636780 -0.4888186157
299.5 248.0 2326.1 0.8283292055 0.3606150150 0.4287511408 -0.1130496860 0.8571424484 -0.5025202036 -0.5487171412 0.3677819669 0.7507635355
477.9 223.7 2208.0 -0.8501976728 0.3606150150 0.3835632205 0.4642327428 0.8571424484 0.2231473625 -0.2482980490 0.3677819669 -0.8961498141
57.2 -134.9 2397.6 0.9958968759 -0.0333410800 -0.0841298923 0.0355783030 0.9990482330 0.0252344627 0.0832084790 -0.0281241201 0.9961352348
70.5 -530.9 2408.7 0.9959608912 0.0409820080 -0.0798897073 -0.0478675887 0.9951210618 -0.0862712711 0.0759643614 0.0897469446 0.9930633903
236.7 -143.4 2365.6 0.9510934353 0.0636555329 0.3022735417 -0.0730377212 0.9971321225 0.0198254753 -0.3001446426 -0.0409332477 0.9530150294
211.4 -539.3 2381.9 0.9498687387 -0.0869266614 0.3003216386 0.0938911289 0.9955435395 -0.0088071441 -0.2982176840 0.0365631692 0.9537973404
67.6 138.0 2165.2 0 0 0 0 0 0 0 0 0
259.3 343.0 2144.2 0 0 0 0 0 0 0 0 0
58.0 -833.8 2381.4 0 0 0 0 0 0 0 0 0
242.0 -890.2 2369.0 0 0 0 0 0 0 0 0 0
165.8 457.6 2268.4 6 0.9902381897 0.0529619567 0.1289317161 -0.0991201252 0.9179040790 0.3842230141 -0.0979977474 -0.3932520151 0.9141932726
154.1 255.5 2354.9 0.9902381897 0.0529619567 0.1289317161 -0.0991201252 0.9179040790 0.3842230141 -0.0979977474 -0.3932520151 0.9141932726
153.7 57.4 2359.1 0.9929924607 0.0040820534 0.1181072369 -0.0065281303 0.9997720122 0.0203311983 -0.1179973185 -0.0209597461 0.9927926660
9.3 256.7 2372.0 0.6926785111 -0.5662220716 -0.4467539489 0.7142466307 0.6246055365 0.3157841861 0.1002410203 -0.5378293991 0.8370730281
-128.5 114.5 2352.0 -0.7340632677 -0.5662220716 -0.3748915195 -0.0853485242 0.6246055365 -0.7762625217 0.6736962795 -0.5378293991 -0.5068262219
298.9 254.3 2337.9 0.7937247753 0.3482890427 0.4986940026 -0.0553237237 0.8577838540 -0.5110245943 -0.6057559252 0.3780232966 0.7001129389
482.1 241.6 2198.1 -0.8784546256 0.3482890427 0.3271272182 0.4394084811 0.8577838540 0.2666965425 -0.1877169609 0.3780232966 -0.9065653682
61.2 -142.0 2383.0 0.9928563833 -0.0230788272 -0.1170623228 0.0307150166 0.9974865317 0.0638530105 0.1152944341 -0.0669924393 0.9910697341
70.4 -537.6 2409.6 0.9928784966 0.0401544832 -0.1121603698 -0.0503209308 0.9947297573 -0.0893338025 0.1079820991 0.0943416208 0.9896663427
242.0 -146.0 2356.4 0.9571569562 0.0826785937 0.2775153518 -0.1017963588 0.9932738543 0.0551775284 -0.2710867226 -0.0810636058 0.9591353536
209.2 -540.2 2388.6 0.9578957558 -0.1056955084 0.2669535279 0.1239682734 0.9908962846 -0.0525012463 -0.2589741051 0.0833844915 0.9622782469
70.5 137.7 2169.3 0 0 0 0 0 0 0 0 0
257.1 354.1 2150.0 0 0 0 0 0 0 0 0 0
58.4 -833.9 2381.5 0 0 0 0 0 0 0 0 0
243.4 -860.7 2361.6 0 0 0 0 0 0 0 0 0
166.6 461.5 2276.1 7 0.9922199249 0.0835693106 0.0922813118 -0.1120639965 0.9224091172 0.3695985377 -0.0542340241 -0.3770644367 0.9245977998
148.0 256.3 2359.9 0.9922199249 0.0835693106 0.0922813118 -0.1120639965 0.9224091172 0.3695985377 -0.0542340241 -0.3770644367 0.9245977998
153.5 58.1 2357.8 0.9963728189 -0.0261843652 0.0809665397 0.0270301960 0.9995906949 -0.0093681198 -0.0806881040 0.0115226815 0.9966728091
2.8 252.5 2371.5 0.6898617148 -0.5529145598 -0.4673074782 0.7133906484 0.6290097833 0.3089020252 0.1231445521 -0.5464724898 0.8283738494
-132.2 113.0 2347.5 -0.7502237558 -0.5529145598 -0.3625600636 -0.0904386342 0.6290097833 -0.7721188664 0.6549695730 -0.5464724898 -0.5219029188
293.3 260.1 2348.3 0.7627638578 0.2835879624 0.5811791420 0.0343125947 0.8797017932 -0.4742861986 -0.6457661986 0.3817101419 0.6612740755
473.7 268.2 2195.6 -0.9121118784 0.2835879624 0.2960233092 0.3703245223 0.8797017932 0.2983027101 -0.1758171618 0.3817101419 -0.9074060321
62.3 -140.1 2374.0 0.9873245955 -0.0213964432 -0.1572650075 0.0348142833 0.9959356785 0.0830669105 0.1548484862 -0.0874890760 0.9840567112
70.8 -535.4 2408.7 0.9875366688 0.0429053456 -0.1514280587 -0.0563409962 0.9947370291 -0.0855803266 0.1469592452 0.0930453166 0.9847565889
244.1 -141.5 2352.6 0.9670096636 0.0804912522 0.2416887730 -0.0955317840 0.9941112399 0.0511521548 -0.2361482233 -0.0725535899 0.9690046310
212.1 -536.3 2381.5 0.9680656791 -0.0806988254 0.2373531163 0.0827590823 0.9965687394 0.0012879367 -0.2366426289 0.0183963180 0.9714226127
72.0 137.6 2169.2 0 0 0 0 0 0 0 0 0
240.3 362.9 2150.6 0 0 0 0 0 0 0 0 0
57.9 -833.9 2380.8 0 0 0 0 0 0 0 0 0
240.5 -887.2 2375.0 0 0 0 0 0 0 0 0 0
167.7 465.0 2271.4 8 0.9930447936 0.0940592960 0.0708159655 -0.1145871803 0.9103100896 0.3977503777 -0.0270523652 -0.4030985534 0.9147566557
146.4 258.9 2362.7 0.9930447936 0.0940592960 0.0708159655 -0.1145871803 0.9103100896 0.3977503777 -0.0270523652 -0.4030985534 0.9147566557
153.2 60.6 2358.2 0.9977899790 -0.0333092809 0.0574944392 0.0345641747 0.9991824031 -0.0209714044 -0.0567488894 0.0229123048 0.9981255531
0.9 253.9 2370.9 0.6729769111 -0.5499501228 -0.4946280718 0.7266741991 0.6163536906 0.3034020066 0.1380098611 -0.5636159778 0.8144263625
-131.0 111.5 2343.8 -0.7666690350 -0.5499501228 -0.3313208222 -0.1048452780 0.6163536906 -0.7804585695 0.6334241033 -0.5636159778 -0.5301989317
292.0 263.8 2354.5 0.7374534607 0.2227388471 0.6376125813 0.0988757685 0.8982792497 -0.4281564653 -0.6681212187 0.3787899017 0.6404156685
468.1 287.4 2195.0 -0.9352231622 0.2227388471 0.2752180994 0.3065811396 0.8982792497 0.3148053288 -0.1771033257 0.3787899017 -0.9083791375
67.8 -142.4 2362.9 0.9832981229 -0.0086870436 -0.1817946285 0.0300872959 0.9928757548 0.1152928919 0.1794979274 -0.1188369915 0.9765542746
71.3 -536.6 2410.1 0.9832569361 0.0461771712 -0.1762766242 -0.0624636635 0.9941611290 -0.0879883096 0.1711843163 0.0975259990 0.9804002047
250.2 -137.7 2348.4 0.9695799351 0.1041419059 0.2215157300 -0.1234901994 0.9894824028 0.0753311440 -0.2113407850 -0.1003945842 0.9722427726
208.8 -530.6 2388.2 0.9732936025 -0.0983095914 0.2074482143 0.1096198931 0.9930115938 -0.0437206738 -0.2017003149 0.0652935058 0.9772685170
78.6 140.2 2170.6 0 0 0 0 0 0 0 0 0
226.9 366.5 2149.3 0 0 0 0 0 0 0 0 0
57.4 -835.7 2380.7 0 0 0 0 0 0 0 0 0
241.3 -858.4 2366.7 0 0 0 0 0 0 0 0 0
168.3 466.3 2275.6 9 0.9923539758 0.1064040959 0.0625440329 -0.1224111840 0.9132824540 0.3884979486 -0.0157825965 -0.3931835890 0.9193245173
144.2 259.3 2364.7 0.9923539758 0.1064040959 0.0625440329 -0.1224111840 0.9132824540 0.3884979486 -0.0157825965 -0.3931835890 0.9193245173
152.0 60.9 2358.4 0.9981150627 -0.0386109054 0.0477028377 0.0400728621 0.9987438917 -0.0300804060 -0.0464814864 0.0319352970 0.9984085560
-1.5 253.5 2371.4 0.6569635272 -0.5483055115 -0.5174552798 0.7371692657 0.6110593081 0.2884232402 0.1580518335 -0.5709357262 0.8056376576
-127.7 111.9 2341.1 -0.7729678750 -0.5483055115 -0.3191891611 -0.1097347736 0.6110593081 -0.7839418054 0.6248831153 -0.5709357262 -0.5324974060
289.9 265.0 2358.0 0.7256414294 0.1807773560 0.6639006138 0.1485392600 0.9009618163 -0.4076811075 -0.6718485951 0.3944455981 0.6269227266
466.4 301.2 2194.6 -0.9555109143 0.1807773560 0.2330632806 0.2559218407 0.9009618163 0.3503880799 -0.1466388851 0.3944455981 -0.9071437120
68.6 -140.8 2358.9 0.9813444614 -0.0064228335 -0.1921505630 0.0291585308 0.9928526282 0.1157302558 0.1900338829 -0.1191740707 0.9745176435
71.2 -535.2 2406.2 0.9811414480 0.0457562059 -0.1877974272 -0.0591409691 0.9960457087 -0.0662968755 0.1840213239 0.0761531293 0.9799677730
251.4 -134.6 2348.6 0.9724210501 0.1001517251 0.2106346935 -0.1148878783 0.9916309118 0.0588974357 -0.2029731870 -0.0814724788 0.9757889509
211.6 -528.5 2381.0 0.9761008024 -0.0717067719 0.2051471919 0.0717367902 0.9973968863 0.0073009506 -0.2051366866 0.0075901374 0.9787039161
84.0 141.9 2169.9 0 0 0 0 0 0 0 0 0
220.0 367.2 2156.8 0 0 0 0 0 0 0 0 0
57.3 -837.7 2383.1 0 0 0 0 0 0 0 0 0
237.1 -883.1 2378.3 0 0 0 0 0 0 0 0 0
168.7 463.1 2272.7 0 0.9921897650 0.1138985306 0.0508584902 -0.1247170344 0.9132224321 0.3879052699 -0.0022632733 -0.3912185431 0.9202950001
142.4 252.7 2362.8 0.9921897650 0.1138985306 0.0508584902 -0.1247170344 0.9132224321 0.3879052699 -0.0022632733 -0.3912185431 0.9202950001
151.8 54.4 2356.1 0.9982340336 -0.0471190028 0.0361750983 0.0482965894 0.9983074069 -0.0323992968 -0.0345872454 0.0340892114 0.9988201261
-3.3 245.7 2367.8 0.6655296683 -0.5377677083 -0.5175675154 0.7254567742 0.6290920377 0.2792054415 0.1754499525 -0.5612924099 0.8088066578
-127.8 110.0 2335.0 -0.7820194960 -0.5377677083 -0.3150419295 -0.1234243512 0.6290920377 -0.7674696445 0.6109107137 -0.5612924099 -0.5583358407
288.2 259.7 2357.8 0.7546588182 0.1723083109 0.6330876350 0.1946159303 0.8626900911 -0.4667873681 -0.6265897751 0.4754741192 0.6175027490
484.4 310.3 2194.8 -0.9578307271 0.1723083109 0.2299349606 0.2594103217 0.8626900911 0.4341337085 -0.1235577762 0.4754741192 -0.8710096478
68.3 -141.1 2356.3 0.9788100123 -0.0077962978 -0.2046219856 0.0324541777 0.9925510287 0.1174275205 0.2021822631 -0.1215800717 0.9717718959
71.4 -535.4 2404.6 0.9786631465 0.0475052334 -0.1999043375 -0.0611264072 0.9961698055 -0.0625243112 0.1961684376 0.0734096691 0.9778184891
251.2 -133.8 2347.9 0.9739502668 0.1067099497 0.2000847757 -0.1233072579 0.9897256494 0.0723771155 -0.1903056651 -0.0951636136 0.9771016240
208.8 -526.9 2385.7 0.9776020646 -0.0958472788 0.1873701066 0.1041744277 0.9939398766 -0.0350893736 -0.1828713864 0.0538226143 0.9816624522
87.1 143.9 2167.2 0 0 0 0 0 0 0 0 0
236.5 377.4 2162.9 0 0 0 0 0 0 0 0 0
57.1 -835.7 2382.5 0 0 0 0 0 0 0 0 0
240.6 -856.1 2367.9 0 0 0 0 0 0 0 0 0
169.6 459.1 2269.2 1 0.9911830425 0.1309603304 0.0201390628 -0.1289356053 0.9182981849 0.3743047714 0.0305254124 -0.3736011982 0.9270870090
138.8 243.3 2357.0 0.9911830425 0.1309603304 0.0201390628 -0.1289356053 0.9182981849 0.3743047714 0.0305254124 -0.3736011982 0.9270870090
153.9 45.4 2354.6 0.9970791340 -0.0758398399 0.0090311319 0.0759429187 0.9970437884 -0.0116767064 -0.0081188744 0.0123284506 0.9998910427
-6.7 232.2 2358.2 0.6990701556 -0.5205835700 -0.4901975989 0.6981270313 0.6451761723 0.3104292154 0.1546594501 -0.5592319965 0.8144568801
-131.1 108.0 2330.7 -0.7951619625 -0.5205835700 -0.3109826148 -0.1277902126 0.6451761723 -0.7532711029 0.5927791595 -0.5592319965 -0.5795450807
284.4 254.5 2355.8 0.7583053708 0.1744253784 0.6281311512 0.2386935800 0.8223367929 -0.5165148377 -0.6066286564 0.5416068435 0.5819482207
485.9 317.9 2194.5 -0.9530259967 0.1744253784 0.2476231009 0.2793107927 0.8223367929 0.4957294166 -0.1171618029 0.5416068435 -0.8324272633
69.7 -148.3 2352.5 0.9720192552 -0.0018003380 -0.2348943651 0.0320432819 0.9916393757 0.1249983087 0.2327054590 -0.1290275455 0.9639502168
70.4 -542.4 2403.7 0.9722427130 0.0404398814 -0.2304532230 -0.0560951680 0.9965116978 -0.0617882721 0.2271506190 0.0730005130 0.9711197019
252.7 -139.5 2346.2 0.9801353812 0.1038515121 0.1689660102 -0.1187955067 0.9896210432 0.0808567181 -0.1588152200 -0.0993229374 0.9822996855
211.5 -532.7 2385.6 0.9847885966 -0.0747172311 0.1568717510 0.0796824694 0.9964916110 -0.0255960207 -0.1544089168 0.0377065986 0.9872872233
89.0 143.4 2166.6 0 0 0 0 0 0 0 0 0
238.9 390.3 2164.1 0 0 0 0 0 0 0 0 0
58.5 -836.2 2382.2 0 0 0 0 0 0 0 0 0
238.1 -888.0 2372.2 0 0 0 0 0 0 0 0 0
171.8 454.5 2267.5 2 0.9887949228 0.1492801458 0.0002094358 -0.1393225193 0.9223324656 0.3604054451 0.0536082052 -0.3563962579 0.9327957034
136.5 236.2 2351.8 0.9887949228 0.1492801458 0.0002094358 -0.1393225193 0.9223324656 0.3604054451 0.0536082052 -0.3563962579 0.9327957034
153.8 38.4 2355.1 0.9961146116 -0.0873856843 -0.0109302606 0.0875457227 0.9960454702 0.0151378838 0.0095642023 -0.0160359647 0.9998256564
-8.9 223.3 2350.5 0.7209003568 -0.5258264542 -0.4514522851 0.6846234202 0.6415295005 0.3460212052 0.1076728627 -0.5585216284 0.8224719763
-129.3 109.0 2332.5 -0.7880452871 -0.5258264542 -0.3201423585 -0.1202855855 0.6415295005 -0.7576088905 0.6037515998 -0.5585216284 -0.5688036680
281.9 249.0 2353.2 0.7396718264 0.1446330845 0.6572418809 0.3093003333 0.7943058610 -0.5228876472 -0.5976779461 0.5900503993 0.5427905917
478.4 331.2 2194.4 -0.9573933482 0.1446330845 0.2499585599 0.2629774213 0.7943058610 0.5476504564 -0.1193351746 0.5900503993 -0.7984983921
77.5 -159.6 2353.1 0.9665839672 0.0181899257 -0.2557041347 0.0147633189 0.9918739200 0.1263651848 0.2559248507 -0.1259175986 0.9584608674
70.3 -553.7 2403.1 0.9660444260 0.0448016897 -0.2544620633 -0.0634865910 0.9958181381 -0.0656936020 0.2504547834 0.0796178728 0.9648488760
260.3 -145.6 2351.5 0.9821701646 0.1218707711 0.1431408376 -0.1318308860 0.9893151522 0.0622587390 -0.1340238750 -0.0800190568 0.9877421260
211.8 -538.6 2383.3 0.9887415767 -0.0690299869 0.1327588260 0.0720903128 0.9972287416 -0.0183792002 -0.1311222017 0.0277429055 0.9909779429
89.7 142.4 2164.7 0 0 0 0 0 0 0 0 0
230.0 399.4 2163.4 0 0 0 0 0 0 0 0 0
57.6 -835.4 2380.6 0 0 0 0 0 0 0 0 0
237.3 -906.9 2373.1 0 0 0 0 0 0 0 0 0
172.4 452.6 2267.6 3 0.9858341813 0.1677222848 -0.0005102071 -0.1546509117 0.9101725221 0.3842774034 0.0649162605 -0.3787548840 0.9232175350
132.9 238.2 2356.8 0.9858341813 0.1677222848 -0.0005102071 -0.1546509117 0.9101725221 0.3842774034 0.0649162605 -0.3787548840 0.9232175350
153.1 40.7 2354.6 0.9946877360 -0.1019503251 -0.0142296860 0.1017669439 0.9947224259 -0.0130677428 0.0154868485 0.0115502123 0.9998133779
-12.4 223.4 2354.6 0.7239440084 -0.5143663883 -0.4597089887 0.6781312227 0.6529553533 0.3373237550 0.1266614646 -0.5559465289 0.8215110302
-134.1 109.4 2333.3 -0.7932327986 -0.5143663883 -0.3258971870 -0.1158950850 0.6529553533 -0.7484768629 0.5977876186 -0.5559465289 -0.5775581598
278.1 253.1 2359.1 0.7123404145 0.1419775635 0.6873234510 0.3222748637 0.8038010597 -0.5000427961 -0.6234661937 0.5777077675 0.5268241763
464.4 337.4 2196.1 -0.9597324729 0.1419775635 0.2423963398 0.2546946108 0.8038010597 0.5376192927 -0.1185085550 0.5777077675 -0.8075948954
79.8 -167.4 2357.5 0.9653460979 0.0214829426 -0.2600872815 0.0119901635 0.9919026494 0.1264331192 0.2606974244 -0.1251702160 0.9572718143
71.3 -561.6 2407.2 0.9645262361 0.0517317131 -0.2588686347 -0.0754686296 0.9937204719 -0.0826079696 0.2529696226 0.0992140174 0.9623736143
262.4 -151.3 2359.2 0.9813637137 0.1314328015 0.1401809454 -0.1389216483 0.9892802238 0.0450046584 -0.1327631474 -0.0636401102 0.9891025424
210.2 -544.3 2384.5 0.9872716069 -0.0942411199 0.1281149536 0.1003303528 0.9940705299 -0.0419231653 -0.1234044135 0.0542433672 0.9908728600
90.2 142.1 2164.2 0 0 0 0 0 0 0 0 0
216.4 403.2 2165.4 0 0 0 0 0 0 0 0 0
57.0 -835.4 2379.9 0 0 0 0 0 0 0 0 0
241.0 -869.7 2366.7 0 0 0 0 0 0 0 0 0
172.3 453.7 2268.2 4 0.9833904505 0.1797678620 -0.0250343047 -0.1567178518 0.9105661511 0.3825033009 0.0915571973 -0.3722267747 0.9236149192
130.0 239.4 2355.8 0.9833904505 0.1797678620 -0.0250343047 -0.1567178518 0.9105661511 0.3825033009 0.0915571973 -0.3722267747 0.9236149192
152.0 42.1 2351.3 0.9930571914 -0.1106543690 -0.0399125814 0.1096127257 0.9935963154 -0.0274116080 0.0426902063 0.0228463672 0.9988270998
-15.0 223.4 2349.6 0.7326461673 -0.5085020065 -0.4523883760 0.6724402905 0.6434854865 0.3657191992 0.1051364020 -0.5721469522 0.8133844137
-139.6 109.0 2331.7 -0.8035005927 -0.5085020065 -0.3095358908 -0.1157450750 0.6434854865 -0.7566568255 0.5839433670 -0.5721469522 -0.5758975744
275.0 255.4 2362.1 0.6918936968 0.1280883700 0.7105466127 0.3456403315 0.8052747846 -0.4817315042 -0.6338894963 0.5789005756 0.5128920674
455.9 345.8 2196.3 -0.9641498923 0.1280883700 0.2323969901 0.2378861904 0.8052747846 0.5430862308 -0.1175804213 0.5789005756 -0.8068760633
82.1 -166.1 2350.9 0.9582085013 0.0251493566 -0.2849630415 0.0183890332 0.9886529446 0.1490878016 0.2854790092 -0.1480973959 0.9468731880
72.1 -558.9 2409.8 0.9575991035 0.0553207807 -0.2827429771 -0.0841619521 0.9922981858 -0.0908906683 0.2755371928 0.1108330190 0.9548797011
264.5 -147.4 2353.8 0.9850689769 0.1257514656 0.1175827160 -0.1332943141 0.9893411994 0.0586224906 -0.1089575589 -0.0734203085 0.9913312793
214.5 -540.5 2382.9 0.9922064543 -0.0630907491 0.1074518859 0.0654382482 0.9976858497 -0.0184594523 -0.1060386077 0.0253470503 0.9940388799
90.3 142.1 2164.6 0 0 0 0 0 0 0 0 0
208.3 406.8 2166.1 0 0 0 0 0 0 0 0 0
56.6 -837.9 2378.6 0 0 0 0 0 0 0 0 0
236.9 -894.1 2374.0 0 0 0 0 0 0 0 0 0
170.9 453.7 2260.5 5 0.9835246801 0.1703325212 -0.0605481826 -0.1313221008 0.9033854008 0.4082269967 0.1242326796 -0.3935500085 0.9108702540
130.1 237.6 2354.6 0.9835246801 0.1703325212 -0.0605481826 -0.1313221008 0.9033854008 0.4082269967 0.1242326796 -0.3935500085 0.9108702540
153.3 40.3 2350.4 0.9904912710 -0.1166389585 -0.0729550645 0.1147216633 0.9929459095 -0.0299551133 0.0759343654 0.0213007517 0.9968852997
-14.4 220.9 2343.5 0.7551819086 -0.5068173409 -0.4157360196 0.6525698900 0.6413055062 0.4035836458 0.0620706193 -0.5760759115 0.8150360584
-141.3 111.3 2333.1 -0.8020705581 -0.5068173409 -0.3159415424 -0.1058843136 0.6413055062 -0.7599445581 0.5877681375 -0.5760759115 -0.5680362582
274.7 254.3 2365.7 0.6686785817 0.1003529131 0.7367483974 0.3780844212 0.8073031902 -0.4531155825 -0.6402508020 0.5815417767 0.5018845201
449.4 353.1 2198.4 -0.9666383266 0.1003529131 0.2356684357 0.2175543904 0.8073031902 0.5485723615 -0.1352050602 0.5815417767 -0.8022024632
83.0 -165.3 2342.9 0.9481257796 0.0278345123 -0.3166745007 0.0246526785 0.9867215157 0.1605394632 0.3169380724 -0.1600184888 0.9348499179
71.9 -557.4 2406.5 0.9477586150 0.0546731725 -0.3142680824 -0.0830094591 0.9935312271 -0.0774925277 0.3079984188 0.0995314345 0.9461662173
265.0 -145.2 2350.7 0.9877304435 0.1296593249 0.0870462805 -0.1365785748 0.9874836802 0.0788815692 -0.0757290497 -0.0898023844 0.9930763245
213.5 -537.6 2386.4 0.9947816730 -0.0718287975 0.0724570528 0.0740733743 0.9968374968 -0.0287784245 -0.0701607838 0.0339953899 0.9969562292
90.0 141.8 2163.6 0 0 0 0 0 0 0 0 0
202.2 408.8 2163.8 0 0 0 0 0 0 0 0 0
56.4 -839.2 2378.2 0 0 0 0 0 0 0 0 0
239.9 -904.7 2373.9 0 0 0 0 0 0 0 0 0
170.7 451.0 2250.1 6 0.9827090502 0.1741740406 -0.0628193766 -0.1276187599 0.8829708695 0.4517475963 0.1341503859 -0.4359195232 0.8899313807
128.5 237.2 2355.7 0.9827090502 0.1741740406 -0.0628193766 -0.1276187599 0.8829708695 0.4517475963 0.1341503859 -0.4359195232 0.8899313807
155.0 40.4 2349.7 0.9883393049 -0.1333292425 -0.0735439658 0.1306448877 0.9906139374 -0.0401982479 0.0782132819 0.0301213656 0.9964814782
-15.8 218.2 2344.2 0.7619872093 -0.5148501992 -0.3928163648 0.6465998292 0.6384338140 0.4175056219 0.0358343944 -0.5721289515 0.8193804622
-141.3 111.6 2338.3 -0.7943608761 -0.5148501992 -0.3223662674 -0.1043224037 0.6384338140 -0.7625740170 0.5984209180 -0.5721289515 -0.5608572364
272.8 256.3 2367.1 0.6556845903 0.0715629086 0.7516358495 0.3992094696 0.8121104240 -0.4255684018 -0.6408662200 0.5790988207 0.5039197206
445.0 361.1 2198.9 -0.9706107378 0.0715629086 0.2297683507 0.1904428452 0.8121104240 0.5515507460 -0.1471266896 0.5790988207 -0.8018717766
85.7 -167.4 2339.3 0.9469127059 0.0336847901 -0.3197211921 0.0239720326 0.9843292832 0.1747032851 0.3205957711 -0.1730931401 0.9312664270
72.3 -558.5 2408.1 0.9462795258 0.0605362989 -0.3176325262 -0.0917615518 0.9922087193 -0.0842717141 0.3100562394 0.1088910550 0.9444617033
267.3 -146.4 2353.2 0.9869616032 0.1376501322 0.0834220797 -0.1430021673 0.9877805114 0.0619684309 -0.0738727450 -0.0730900019 0.9945856929
212.6 -538.9 2382.3 0.9946692586 -0.0698705092 0.0758362785 0.0694384873 0.9975515008 0.0083218999 -0.0762320533 -0.0030115813 0.9970855713
89.8 142.0 2164.2 0 0 0 0 0 0 0 0 0
197.8 409.6 2161.4 0 0 0 0 0 0 0 0 0
55.3 -837.6 2377.4 0 0 0 0 0 0 0 0 0
238.8 -912.9 2383.4 0 0 0 0 0 0 0 0 0
168.5 451.7 2240.9 7 0.9831056595 0.1717678905 -0.0632381216 -0.1213191375 0.8701829910 0.4775596261 0.1370581537 -0.4618195891 0.8763205409
126.1 236.9 2354.9 0.9831056595 0.1717678905 -0.0632381216 -0.1213191375 0.8701829910 0.4775596261 0.1370581537 -0.4618195891 0.8763205409
152.7 40.1 2350.8 0.9882387519 -0.1340735704 -0.0735422522 0.1320962012 0.9907475114 -0.0311448537 0.0770374984 0.0210638996 0.9968056679
-18.3 217.6 2343.7 0.7666202784 -0.5327674747 -0.3584022522 0.6420629025 0.6299915910 0.4368818998 -0.0069660605 -0.5650393367 0.8250345588
-142.9 113.3 2344.8 -0.7724714279 -0.5327674747 -0.3456105888 -0.0893488675 0.6299915910 -0.7714449763 0.6287325621 -0.5650393367 -0.5342527032
270.4 256.2 2366.2 0.6640917659 0.0289752167 0.7470894456 0.4331058860 0.7996009588 -0.4160019457 -0.6094271541 0.5998322964 0.5184590220
454.2 376.1 2197.5 -0.9738517404 0.0289752167 0.2253291160 0.1578550041 0.7996009588 0.5794135928 -0.1633847356 0.5998322964 -0.7832666636
90.9 -168.3 2336.6 0.9463397264 0.0491705909 -0.3194109201 0.0145673305 0.9808626771 0.1941550374 0.3228449821 -0.1883895844 0.9275130630
71.4 -558.0 2411.4 0.9456717372 0.0583869815 -0.3198374212 -0.0952866375 0.9903177023 -0.1009519771 0.3108463883 0.1259436607 0.9420789480
272.1 -144.4 2350.9 0.9845725298 0.1541754305 0.0827461109 -0.1598553509 0.9848609567 0.0670462996 -0.0711565167 -0.0792393461 0.9943127632
210.9 -535.7 2382.4 0.9945047498 -0.0752055049 0.0728314519 0.0750673711 0.9971677065 0.0046358872 -0.0729738176 0.0008568539 0.9973334670
82.5 139.3 2161.4 0 0 0 0 0 0 0 0 0
203.8 416.7 2155.5 0 0 0 0 0 0 0 0 0
54.9 -837.6 2375.9 0 0 0 0 0 0 0 0 0
239.3 -913.2 2382.1 0 0 0 0 0 0 0 0 0
169.1 449.4 2234.4 8 0.9810210466 0.1898256540 -0.0395459272 -0.1452232748 0.8544384241 0.4988438487 0.1284829080 -0.4836333394 0.8657891750
121.8 236.2 2355.0 0.9810210466 0.1898256540 -0.0395459272 -0.1452232748 0.8544384241 0.4988438487 0.1284829080 -0.4836333394 0.8657891750
149.4 39.5 2349.3 0.9887909293 -0.1390886158 -0.0542853586 0.1372102946 0.9898530841 -0.0369345620 0.0588717088 0.0290720519 0.9978421330
-22.7 216.2 2346.4 0.7701283097 -0.5232405066 -0.3648585677 0.6376597285 0.6468193531 0.4183476567 0.0171011537 -0.5548369884 0.8317832947
-146.4 113.7 2343.7 -0.7726581693 -0.5232405066 -0.3594700098 -0.0854463652 0.6468193531 -0.7578414083 0.6290454865 -0.5548369884 -0.5444792509
266.2 256.3 2363.6 0.6725568771 0.0219964180 0.7397184372 0.4577117264 0.7730804682 -0.4391430020 -0.5815214515 0.6339264512 0.5098725557
461.7 389.3 2194.6 -0.9745504260 0.0219964180 0.2230865359 0.1580691785 0.7730804682 0.6142969728 -0.1589515060 0.6339264512 -0.7568828464
88.8 -168.9 2339.5 0.9519838095 0.0428435616 -0.3031356633 0.0118436245 0.9842643142 0.1763049811 0.3059191704 -0.1714297086 0.9364963174
71.7 -559.9 2407.6 0.9508434534 0.0599147975 -0.3038206697 -0.0901384577 0.9921710491 -0.0864385962 0.2962630987 0.1095754951 0.9487999678
270.0 -144.6 2353.6 0.9830765128 0.1522268802 0.1019193083 -0.1593379825 0.9850381017 0.0656612143 -0.0903989971 -0.0807896107 0.9926233292
209.5 -536.1 2385.8 0.9921866655 -0.0865288004 0.0898800939 0.0878174156 0.9960815310 -0.0104753850 -0.0886214748 0.0182865746 0.9958975315
78.2 138.5 2160.8 0 0 0 0 0 0 0 0 0
209.8 430.2 2153.5 0 0 0 0 0 0 0 0 0
54.9 -838.7 2376.8 0 0 0 0 0 0 0 0 0
242.4 -914.8 2378.8 0 0 0 0 0 0 0 0 0
168.3 446.4 2224.6 9 0.9800907373 0.1972095370 -0.0230330396 -0.1561335325 0.8371728659 0.5241792798 0.1226557866 -0.5101470351 0.8512963653
118.6 235.4 2353.1 0.9800907373 0.1972095370 -0.0230330396 -0.1561335325 0.8371728659 0.5241792798 0.1226557866 -0.5101470351 0.8512963653
148.1 39.0 2349.8 0.9882168174 -0.1483568102 -0.0376534574 0.1475946307 0.9887967706 -0.0222886577 0.0405382924 0.0164685789 0.9990422726
-25.7 213.9 2347.2 0.7675121427 -0.5218207836 -0.3723279834 0.6407878995 0.6406416893 0.4230473638 0.0177739114 -0.5632772446 0.8260767460
-144.9 114.3 2344.4 -0.7779955864 -0.5218207836 -0.3498941362 -0.0865691602 0.6406416893 -0.7629442811 0.6222769618 -0.5632772446 -0.5435900092
262.9 257.0 2359.0 0.6640768647 0.0085399449 0.7476155162 0.4933909476 0.7462903261 -0.4467841685 -0.5617537498 0.6655657887 0.4913806021
452.1 397.5 2199.0 -0.9614033699 0.0085399449 0.2750102580 0.1891784966 0.7462903261 0.6381710172 -0.1997875422 0.6655657887 -0.7191016078
86.3 -169.7 2338.1 0.9564557672 0.0360988528 -0.2896364927 0.0190604199 0.9824793935 0.1853938699 0.2912544012 -0.1828416139 0.9390100241
72.0 -560.1 2410.7 0.9559279680 0.0571690314 -0.2879815698 -0.0896447301 0.9908530116 -0.1008668691 0.2795809507 0.1222374886 0.9523090124
267.7 -144.5 2348.9 0.9825075865 0.1458299011 0.1158124804 -0.1545930654 0.9854497313 0.0706384629 -0.1038261801 -0.0873066261 0.9907560945
209.7 -536.2 2383.6 0.9903707504 -0.0882791728 0.1066419631 0.0877114758 0.9960955977 0.0100112166 -0.1071093753 -0.0005610924 0.9942470789
81.2 139.5 2163.5 0 0 0 0 0 0 0 0 0
214.7 444.2 2149.7 0 0 0 0 0 0 0 0 0
56.0 -836.9 2376.6 0 0 0 0 0 0 0 0 0
243.4 -915.8 2383.8 0 0 0 0 0 0 0 0 0
164.2 446.1 2216.2 0 0.9863486886 0.1572788805 -0.0487815551 -0.1064105481 0.8348512053 0.5400927663 0.1256705374 -0.5275289416 0.8401905298
124.2 234.0 2350.2 0.9863486886 0.1572788805 -0.0487815551 -0.1064105481 0.8348512053 0.5400927663 0.1256705374 -0.5275289416 0.8401905298
152.0 37.3 2349.6 0.9886745214 -0.1400280148 -0.0539894029 0.1396432519 0.9901424050 -0.0108529981 0.0549769215 0.0031908266 0.9984825253
-20.2 213.6 2342.2 0.7861107588 -0.5099296570 -0.3492873013 0.6180523634 0.6426522732 0.4527795315 -0.0064154370 -0.5718126893 0.8203591108
-147.1 113.8 2343.2 -0.7925209403 -0.5099296570 -0.3344880342 -0.0925042555 0.6426522732 -0.7605530620 0.6027880907 -0.5718126893 -0.5564860702
268.6 254.4 2358.2 0.6322644949 -0.0466370732 0.7733476758 0.5486271381 0.7317510247 -0.4044115245 -0.5470374227 0.6799745560 0.4882465601
450.1 411.9 2201.2 -0.9523515701 -0.0466370732 0.3014157712 0.1728303283 0.7317510247 0.6592951417 -0.2513089180 0.6799745560 -0.6888239384
87.0 -171.0 2342.8 0.9516152740 0.0407315828 -0.3045805097 0.0111353435 0.9859545231 0.1666424721 0.3070901334 -0.1619711369 0.9377958179
70.8 -562.7 2407.2 0.9508900642 0.0526423417 -0.3050194383 -0.0828934163 0.9927462935 -0.0870830938 0.2982226610 0.1080905572 0.9483562708
268.2 -144.0 2350.3 0.9833921194 0.1522454321 0.0987989381 -0.1595270932 0.9846726656 0.0705045611 -0.0865506157 -0.0850947425 0.9926065803
207.7 -535.3 2384.1 0.9904060364 -0.1056643128 0.0890556946 0.1053165868 0.9944015145 0.0086077573 -0.0894666463 0.0008538669 0.9959894419
82.9 140.7 2168.2 0 0 0 0 0 0 0 0 0
209.2 455.7 2137.6 0 0 0 0 0 0 0 0 0
56.1 -839.1 2377.1 0 0 0 0 0 0 0 0 0
248.0 -914.7 2383.7 0 0 0 0 0 0 0 0 0
163.9 445.0 2212.5 1 0.9880641103 0.1525862217 -0.0211374927 -0.1154855937 0.8245487809 0.5538793802 0.1019432545 -0.5448272228 0.8323285580
125.1 235.3 2351.0 0.9880641103 0.1525862217 -0.0211374927 -0.1154855937 0.8245487809 0.5538793802 0.1019432545 -0.5448272228 0.8323285580
152.1 38.5 2349.3 0.9903556705 -0.1360289603 -0.0263025165 0.1357430220 0.9906668067 -0.0123758642 0.0277405065 0.0086861243 0.9995774031
-19.5 215.5 2347.0 0.7883549929 -0.5049451590 -0.3514638245 0.6150941253 0.6584973335 0.4336363375 0.0124754300 -0.5580427051 0.8297184706
-148.4 115.0 2344.9 -0.7918272614 -0.5049451590 -0.3435694277 -0.0960499570 0.6584973335 -0.7464286089 0.6031450629 -0.5580427051 -0.5699161291
269.7 255.2 2355.1 0.6154945493 -0.1149242893 0.7797171474 0.5965849161 0.7144221067 -0.3656330109 -0.5150270462 0.6902126074 0.5082850456
449.1 429.0 2205.0 -0.9468598366 -0.1149242893 0.3004144430 0.1313431561 0.7144221067 0.6872772574 -0.2936075926 0.6902126074 -0.6613630652
89.2 -172.3 2343.9 0.9597257376 0.0441697277 -0.2774446011 0.0050474023 0.9846929908 0.1742248386 0.2808932066 -0.1686084270 0.9448122382
71.6 -563.5 2410.9 0.9589210153 0.0521797538 -0.2788328528 -0.0844710991 0.9908704758 -0.1050727442 0.2708045840 0.1243097857 0.9545742273
270.5 -146.6 2353.9 0.9804692268 0.1527033746 0.1239425465 -0.1600324064 0.9857702255 0.0514465198 -0.1143228114 -0.0702765584 0.9909548163
209.8 -538.4 2381.9 0.9874153733 -0.1009339765 0.1217504069 0.0970580354 0.9945768714 0.0373715237 -0.1248621941 -0.0250843614 0.9918569326
82.9 143.0 2168.8 0 0 0 0 0 0 0 0 0
206.7 462.6 2129.8 0 0 0 0 0 0 0 0 0
57.2 -837.8 2376.4 0 0 0 0 0 0 0 0 0
248.3 -918.0 2391.4 0 0 0 0 0 0 0 0 0
168.0 450.5 2203.6 2 0.9869377017 0.1588028222 -0.0271226931 -0.1152221262 0.8134589195 0.5700950623 0.1125959009 -0.5595232248 0.8211308718
126.1 236.2 2351.0 0.9869377017 0.1588028222 -0.0271226931 -0.1152221262 0.8134589195 0.5700950623 0.1125959009 -0.5595232248 0.8211308718
151.8 39.3 2346.6 0.9909529090 -0.1290163547 -0.0369748920 0.1280716062 0.9914005399 -0.0268820170 0.0401251465 0.0219033789 0.9989545345
-18.6 217.5 2345.1 0.7891194224 -0.5016212463 -0.3544950187 0.6141263247 0.6554133296 0.4396387637 0.0118086161 -0.5646321774 0.8252581358
-149.9 115.3 2343.2 -0.7987531424 -0.5016212463 -0.3322191536 -0.1002488211 0.6554133296 -0.7485877275 0.5932483673 -0.5646321774 -0.5738003850
270.8 254.9 2356.8 0.5744745135 -0.2022321075 0.7931463718 0.6498764753 0.7018091679 -0.2917609513 -0.4976339638 0.6830564141 0.5345973969
435.1 440.8 2214.6 -0.9218670130 -0.2022321075 0.3305500448 0.0989939049 0.7018091679 0.7054530978 -0.3746483326 0.6830564141 -0.6269549727
88.4 -170.8 2345.0 0.9572411180 0.0415329859 -0.2862943709 0.0050110705 0.9871114492 0.1599559635 0.2892478704 -0.1545510590 0.9446955323
71.8 -563.0 2406.4 0.9564104676 0.0513801947 -0.2874701619 -0.0820096657 0.9920420051 -0.0955354497 0.2802738547 0.1149464399 0.9530130625
269.9 -145.9 2350.1 0.9814841151 0.1501235068 0.1189615056 -0.1589673012 0.9848933220 0.0686628968 -0.1068564728 -0.0863025337 0.9905218482
210.3 -537.3 2384.4 0.9883130789 -0.1040342599 0.1114189103 0.1024298519 0.9945382476 0.0200441070 -0.1128956378 -0.0083972290 0.9935713410
82.7 144.5 2170.4 0 0 0 0 0 0 0 0 0
201.8 465.8 2119.8 0 0 0 0 0 0 0 0 0
57.6 -838.6 2374.5 0 0 0 0 0 0 0 0 0
250.0 -917.1 2387.6 0 0 0 0 0 0 0 0 0
166.1 456.7 2205.7 3 0.9871622920 0.1559217125 -0.0346277617 -0.1112441644 0.8267674446 0.5514348149 0.1146097705 -0.5405035019 0.8334989548
124.6 236.9 2349.4 0.9871622920 0.1559217125 -0.0346277617 -0.1112441644 0.8267674446 0.5514348149 0.1146097705 -0.5405035019 0.8334989548
150.2 39.9 2344.5 0.9907052517 -0.1289663613 -0.0432519466 0.1277289242 0.9913474321 -0.0302586406 0.0467800535 0.0244528707 0.9986058474
-20.1 218.2 2342.6 0.7830591798 -0.5209951997 -0.3396796584 0.6219421625 0.6537502408 0.4310436249 -0.0025060093 -0.5487937927 0.8359540105
-150.4 114.8 2343.0 -0.7779150605 -0.5209951997 -0.3513006866 -0.0990535021 0.6537502408 -0.7501993179 0.6205132008 -0.5487937927 -0.5601685643
269.3 255.5 2356.2 0.5382092595 -0.2403096259 0.8078255057 0.6822779775 0.6869421601 -0.2502142787 -0.4948005378 0.6858292222 0.5336766243
430.4 459.7 2208.1 -0.9232967496 -0.2403096259 0.2996237278 0.0563267618 0.6869421601 0.7245258689 -0.3799347281 0.6858292222 -0.6207156181
86.5 -169.5 2338.6 0.9556522369 0.0414496399 -0.2915660739 0.0095845228 0.9851436019 0.1714648008 0.2943416238 -0.1666552424 0.9410573840
70.1 -560.9 2404.8 0.9552328587 0.0436312705 -0.2926201224 -0.0704595000 0.9941571355 -0.0817745849 0.2873424590 0.0987316370 0.9527257681
268.3 -146.0 2345.9 0.9829010367 0.1442054808 0.1145005897 -0.1535000205 0.9851473570 0.0769575685 -0.1017022431 -0.0932175145 0.9904378653
211.0 -537.5 2383.0 0.9890164733 -0.1025221795 0.1064686552 0.1006162092 0.9946562648 0.0231358502 -0.1082716584 -0.0121692652 0.9940468669
75.3 143.5 2163.0 0 0 0 0 0 0 0 0 0
193.8 474.2 2110.8 0 0 0 0 0 0 0 0 0
57.9 -838.0 2377.3 0 0 0 0 0 0 0 0 0
250.1 -917.4 2387.6 0 0 0 0 0 0 0 0 0
131.1 443.6 2278.8 4 0.9967242479 0.0248296671 -0.0769695044 0.0009969381 0.9478613734 0.3186814487 0.0808691755 -0.3177142441 0.9447315931
125.6 235.5 2348.6 0.9967242479 0.0248296671 -0.0769695044 0.0009969381 0.9478613734 0.3186814487 0.0808691755 -0.3177142441 0.9447315931
153.7 38.8 2344.1 0.9883857369 -0.1412887275 -0.0559565052 0.1397271752 0.9897071719 -0.0309189763 0.0597490594 0.0227412302 0.9979543686
-18.7 215.1 2339.8 0.7943699360 -0.5245720148 -0.3062688708 0.6070330739 0.6672316790 0.4316395521 -0.0220737271 -0.5287967920 0.8484613895
-151.0 114.0 2343.5 -0.7664389014 -0.5245720148 -0.3706691563 -0.0996840820 0.6672316790 -0.7381497025 0.6345348954 -0.5287967920 -0.5636838078
270.0 255.9 2357.3 0.5009023547 -0.2816478014 0.8183956146 0.7151282430 0.6673152447 -0.2080430686 -0.4875330031 0.6894670725 0.5356740952
424.4 476.3 2207.0 -0.9223989844 -0.2816478014 0.2643003166 0.0096271168 0.6673152447 0.7447131276 -0.3861184418 0.6894670725 -0.6128194332
85.0 -168.8 2335.4 0.9513614178 0.0374893844 -0.3057875037 0.0163625684 0.9850186706 0.1716697514 0.3076421916 -0.1683234423 0.9364953041
70.1 -560.3 2402.3 0.9511713982 0.0424872041 -0.3057250977 -0.0679132864 0.9950160384 -0.0730124116 0.3010992706 0.0902101174 0.9493162632
266.7 -145.4 2344.0 0.9839987159 0.1439986974 0.1049327552 -0.1553149670 0.9818214178 0.1091051921 -0.0873142183 -0.1236570030 0.9884762168
209.5 -535.4 2393.1 0.9895171523 -0.1197223812 0.0807612315 0.1238383129 0.9911395907 -0.0480248407 -0.0742960051 0.0575227402 0.9955758452
71.1 142.9 2159.6 0 0 0 0 0 0 0 0 0
186.6 478.8 2107.5 0 0 0 0 0 0 0 0 0
58.3 -836.8 2377.2 0 0 0 0 0 0 0 0 0
250.2 -872.4 2373.5 0 0 0 0 0 0 0 0 0
113.8 438.6 2317.2 5 0.9957216382 -0.0559356511 -0.0735501722 0.0665649027 0.9862776995 0.1510809511 0.0640900806 -0.1553304344 0.9857813716
125.3 236.1 2349.1 0.9957216382 -0.0559356511 -0.0735501722 0.0665649027 0.9862776995 0.1510809511 0.0640900806 -0.1553304344 0.9857813716
153.6 39.5 2343.9 0.9883291125 -0.1420796216 -0.0549450740 0.1403269470 0.9895018935 -0.0345590971 0.0592783988 0.0264454857 0.9978911281
-19.0 215.6 2340.4 0.8029726744 -0.5033823848 -0.3191253841 0.5958518982 0.6905434728 0.4100124538 0.0139769036 -0.5193802714 0.8544289470
-152.6 116.5 2338.1 -0.7726564407 -0.5033823848 -0.3867921829 -0.0906620994 0.6905434728 -0.7175862789 0.6283171177 -0.5193802714 -0.5791905522
269.7 256.6 2357.8 0.4614556432 -0.3007671833 0.8346243501 0.7516916394 0.6322184801 -0.1877752393 -0.4711882770 0.7140300870 0.5178249478
406.6 479.6 2218.0 -0.9262920022 -0.3007671833 0.2269850075 -0.0154592833 0.6322184801 0.7746359110 -0.3764891624 0.7140300870 -0.5902685523
91.1 -170.6 2334.1 0.9511908889 0.0518946536 -0.3042085469 0.0057932134 0.9825833440 0.1857320368 0.3085487783 -0.1784289628 0.9343236685
70.5 -561.1 2405.0 0.9505923986 0.0450363010 -0.3071577251 -0.0725930259 0.9942372441 -0.0788832903 0.3018350303 0.0972833633 0.9483836293
272.4 -145.0 2345.0 0.9834334254 0.1485320479 0.1039081439 -0.1582707316 0.9830301404 0.0927478001 -0.0883688107 -0.1076569036 0.9902529716
213.4 -535.6 2387.8 0.9915282726 -0.0959320441 0.0875714347 0.0973466635 0.9951779842 -0.0120188668 -0.0859961733 0.0204418339 0.9960857630
68.8 142.5 2158.0 0 0 0 0 0 0 0 0 0
168.2 475.6 2121.1 0 0 0 0 0 0 0 0 0
58.0 -837.9 2377.9 0 0 0 0 0 0 0 0 0
248.0 -894.6 2380.4 0 0 0 0 0 0 0 0 0
108.4 434.3 2327.5 6 0.9907212853 -0.0999092758 -0.0921382606 0.1076343432 0.9907138348 0.0830722675 0.0829829574 -0.0922187045 0.9922749400
128.5 234.7 2346.1 0.9907212853 -0.0999092758 -0.0921382606 0.1076343432 0.9907138348 0.0830722675 0.0829829574 -0.0922187045 0.9922749400
157.0 38.1 2346.1 0.9863411188 -0.1437140554 -0.0804830343 0.1432395279 0.9896192551 -0.0116691533 0.0813245848 -0.0000185864 0.9966876507
-15.5 213.7 2334.2 0.8209856153 -0.4927545190 -0.2884018421 0.5709279180 0.7041882873 0.4220903218 -0.0048977337 -0.5111867189 0.8594557047
-153.0 118.1 2335.0 -0.7726523280 -0.4927545190 -0.4002516270 -0.0838634744 0.7041882873 -0.7050431371 0.6292656660 -0.5111867189 -0.5854167938
272.6 255.6 2357.9 0.4150804579 -0.3263607621 0.8492330909 0.7909287214 0.5907382965 -0.1595619023 -0.4495997727 0.7379139066 0.5033320189
394.8 488.6 2225.5 -0.9306420684 -0.3263607621 0.1655112952 -0.0641182587 0.5907382965 0.8043115735 -0.3602695763 0.7379139066 -0.5706915855
91.2 -170.0 2333.2 0.9427603483 0.0514017828 -0.3294856846 0.0107754692 0.9828370810 0.1841605455 0.3332969248 -0.1771696210 0.9260259867
70.7 -560.5 2403.6 0.9423812628 0.0447193570 -0.3315384984 -0.0743262991 0.9942443371 -0.0771606863 0.3261797130 0.0973568186 0.9402810335
272.4 -144.2 2344.0 0.9853240252 0.1522187442 0.0772402361 -0.1600609124 0.9811524749 0.1082604155 -0.0593051873 -0.1190347299 0.9911173582
211.9 -534.1 2391.3 0.9919945002 -0.1158676371 0.0502153002 0.1188116670 0.9910869598 -0.0602529421 -0.0427863635 0.0657367557 0.9969192743
66.9 142.0 2155.9 0 0 0 0 0 0 0 0 0
156.7 472.2 2133.3 0 0 0 0 0 0 0 0 0
58.3 -836.8 2376.5 0 0 0 0 0 0 0 0 0
250.6 -864.4 2369.4 0 0 0 0 0 0 0 0 0
105.8 433.7 2331.0 7 0.9898369908 -0.1077853516 -0.0927631035 0.1122464240 0.9926931858 0.0442835912 0.0873121768 -0.0542458631 0.9947029352
127.3 235.1 2341.8 0.9898369908 -0.1077853516 -0.0927631035 0.1122464240 0.9926931858 0.0442835912 0.0873121768 -0.0542458631 0.9947029352
153.1 38.1 2343.4 0.9877256155 -0.1296936721 -0.0870500728 0.1298881322 0.9915226698 -0.0034506761 0.0867596492 -0.0078984508 0.9961979389
-16.9 216.1 2329.1 0.8132008910 -0.4963965118 -0.3038006723 0.5819717050 0.6903342009 0.4298227727 -0.0036385164 -0.5263356566 0.8502690792
-153.1 118.6 2329.8 -0.7748748064 -0.4963965118 -0.3913560510 -0.0790204257 0.6903342009 -0.7191623449 0.6271561384 -0.5263356566 -0.5741479993
271.6 254.1 2354.5 0.3973230422 -0.3398869634 0.8524149656 0.8192334771 0.5499310493 -0.1625803709 -0.4135105014 0.7629237771 0.4969470203
387.6 493.3 2233.8 -0.9316040277 -0.3398869634 0.1288054138 -0.0857698843 0.5499310493 0.8307944536 -0.3532102704 0.7629237771 -0.5414699912
95.1 -171.7 2338.6 0.9403398037 0.0613005683 -0.3346689045 -0.0050044735 0.9860209823 0.1665459126 0.3401999474 -0.1549349129 0.9275015593
70.7 -563.4 2400.2 0.9393578768 0.0451878831 -0.3399482667 -0.0678204149 0.9961811900 -0.0549857803 0.3361653686 0.0747067556 0.9388353229
275.9 -145.4 2353.5 0.9841969609 0.1634376496 0.0681499988 -0.1691659987 0.9815553427 0.0890619233 -0.0523369238 -0.0991831347 0.9936918616
211.0 -535.3 2392.9 0.9905766249 -0.1316812634 0.0376557559 0.1345719397 0.9869115949 -0.0888591185 -0.0254618190 0.0930891708 0.9953321815
66.1 141.0 2152.3 0 0 0 0 0 0 0 0 0
151.0 471.5 2144.1 0 0 0 0 0 0 0 0 0
58.2 -838.0 2379.6 0 0 0 0 0 0 0 0 0
252.6 -847.2 2363.5 0 0 0 0 0 0 0 0 0
102.4 434.9 2342.3 8 0.9890769124 -0.1218806356 -0.0828976259 0.1225470677 0.9924582243 0.0029799982 0.0819092318 -0.0131063089 0.9965535998
126.7 237.1 2344.9 0.9890769124 -0.1218806356 -0.0828976259 0.1225470677 0.9924582243 0.0029799982 0.0819092318 -0.0131063089 0.9965535998
153.1 40.2 2342.8 0.9879197478 -0.1328248084 -0.0798253641 0.1315582246 0.9910871387 -0.0209456012 0.0818959847 0.0101908911 0.9965887666
-17.6 217.9 2332.9 0.8058732748 -0.4904929698 -0.3316397071 0.5906611085 0.7048500180 0.3928178847 0.0410818458 -0.5124481320 0.8577349186
-152.8 118.7 2326.0 -0.7708496451 -0.4904929698 -0.4064572752 -0.0766548067 0.7048500180 -0.7052024007 0.6323882341 -0.5124481320 -0.5809320211
271.0 256.3 2356.8 0.3895665705 -0.3453674912 0.8537910581 0.8333364725 0.5269058347 -0.1670946032 -0.3921584487 0.7765896916 0.4930722117
384.2 498.5 2242.9 -0.9317150116 -0.3453674912 0.1123763695 -0.0934229419 0.5269058347 0.8447735906 -0.3509690762 0.7765896916 -0.5231913328
88.2 -170.8 2337.0 0.9439992309 0.0422945544 -0.3272255659 0.0161818229 0.9846221209 0.1739466190 0.3295505345 -0.1695005894 0.9287981391
71.4 -561.9 2404.3 0.9434984922 0.0501251183 -0.3275637925 -0.0784675777 0.9941751957 -0.0738814473 0.3219524920 0.0954101682 0.9419360161
269.4 -146.9 2352.9 0.9858546853 0.1479392499 0.0787685588 -0.1551980376 0.9832291603 0.0957809091 -0.0632777885 -0.1066507846 0.9922809601
210.6 -537.6 2395.3 0.9884490967 -0.1444980502 0.0457016788 0.1488737613 0.9822265506 -0.1143134311 -0.0283713341 0.1197967902 0.9923929572
65.3 140.4 2147.1 0 0 0 0 0 0 0 0 0
148.7 474.9 2154.1 0 0 0 0 0 0 0 0 0
57.7 -834.7 2378.1 0 0 0 0 0 0 0 0 0
254.8 -838.0 2358.6 0 0 0 0 0 0 0 0 0
95.3 434.3 2338.1 9 0.9843189120 -0.1449963599 -0.1004605293 0.1463841796 0.9892061949 0.0065441360 0.0984272957 -0.0211473480 0.9949195385
124.2 237.3 2342.3 0.9843189120 -0.1449963599 -0.1004605293 0.1463841796 0.9892061949 0.0065441360 0.0984272957 -0.0211473480 0.9949195385
154.1 41.0 2344.2 0.9836519361 -0.1506602019 -0.0986426920 0.1508459002 0.9885413647 -0.0056159594 0.0983584821 -0.0093556968 0.9951070547
-19.4 215.3 2328.0 0.8199340701 -0.4795554876 -0.3126253486 0.5717617273 0.7129591703 0.4059282243 0.0282240082 -0.5115815997 0.8587710261
-156.5 119.7 2323.3 -0.7757598758 -0.4795554876 -0.4101501405 -0.0719582215 0.7129591703 -0.6975035667 0.6269119978 -0.5115815997 -0.5875930786
267.9 259.4 2356.7 0.3961733282 -0.3367998302 0.8541736007 0.8415392637 0.5052700639 -0.1910859048 -0.3672306538 0.7945237756 0.4836047888
383.4 504.9 2249.6 -0.9365930557 -0.3367998302 0.0967434049 -0.0930778757 0.5052700639 0.8579269648 -0.3378311992 0.7945237756 -0.5045810342
88.8 -168.8 2333.3 0.9365990162 0.0419498831 -0.3478829265 0.0267884806 0.9813299775 0.1904570162 0.3493775725 -0.1877011061 0.9179888964
72.2 -558.6 2407.9 0.9366498590 0.0539413691 -0.3460886180 -0.0886564255 0.9924063683 -0.0852621943 0.3388614058 0.1105438098 0.9343195558
270.0 -144.6 2348.3 0.9880907536 0.1429112852 0.0570352972 -0.1483995467 0.9830421805 0.1077296957 -0.0406723134 -0.1149107292 0.9925428629
213.2 -535.2 2394.0 0.9898903966 -0.1399206519 0.0232215859 0.1416906714 0.9829146862 -0.1174839884 -0.0063864002 0.1195865571 0.9928032160
64.9 140.2 2144.3 0 0 0 0 0 0 0 0 0
146.8 481.3 2164.2 0 0 0 0 0 0 0 0 0
57.0 -837.2 2376.8 0 0 0 0 0 0 0 0 0
255.8 -834.3 2357.6 0 0 0 0 0 0 0 0 0
96.2 434.4 2340.6 0 0.9835413694 -0.1488290429 -0.1024514958 0.1489320099 0.9888248444 -0.0066867033 0.1023017615 -0.0086816587 0.9947155118
125.9 237.6 2342.3 0.9835413694 -0.1488290429 -0.1024514958 0.1489320099 0.9888248444 -0.0066867033 0.1023017615 -0.0086816587 0.9947155118
156.0 41.3 2342.9 0.9832079411 -0.1516400278 -0.1015257612 0.1511262059 0.9884318709 -0.0127785765 0.1022890434 -0.0027792053 0.9947508574
-17.8 215.5 2327.4 0.8349609375 -0.4509853721 -0.3153607249 0.5474345088 0.7391845584 0.3923285007 0.0561753549 -0.5002183318 0.8640751839
-160.7 121.8 2317.7 -0.7864590883 -0.4509853721 -0.4220122099 -0.0641176254 0.7391845584 -0.6704439521 0.6143053174 -0.5002183318 -0.6102545261
269.5 259.7 2357.2 0.3945016861 -0.3258889616 0.8591651917 0.8488985300 0.4871844053 -0.2049942166 -0.3517665267 0.8102146387 0.4688417315
384.7 507.8 2254.4 -0.9393911958 -0.3258889616 0.1064923480 -0.0703332648 0.4871844053 0.8704622984 -0.3355554640 0.8102146387 -0.4805775583
93.8 -169.2 2337.1 0.9346683621 0.0565175377 -0.3509997725 0.0074954294 0.9839311838 0.1783907413 0.3554418385 -0.1693670601 0.9192256927
71.3 -560.1 2404.4 0.9339282513 0.0493532531 -0.3540371358 -0.0796912089 0.9942432642 -0.0716216862 0.3484642506 0.0951031595 0.9324848652
274.1 -141.5 2355.1 0.9873012304 0.1501260996 0.0519461557 -0.1542169452 0.9842327833 0.0866193324 -0.0381232910 -0.0935303494 0.9948862791
214.5 -532.5 2392.3 0.9905563593 -0.1354809552 0.0210484788 0.1369878203 0.9843482375 -0.1108733788 -0.0056978017 0.1127097160 0.9936116338
64.7 140.2 2141.7 0 0 0 0 0 0 0 0 0
148.4 490.1 2170.0 0 0 0 0 0 0 0 0 0
57.5 -839.1 2377.7 0 0 0 0 0 0 0 0 0
255.5 -830.2 2358.2 0 0 0 0 0 0 0 0 0
101.1 438.0 2337.9 1 0.9781122804 -0.1336342096 -0.1594938189 0.1346098483 0.9908874035 -0.0047206138 0.1586712450 -0.0168521479 0.9871876240
127.7 240.9 2341.3 0.9781122804 -0.1336342096 -0.1594938189 0.1346098483 0.9908874035 -0.0047206138 0.1586712450 -0.0168521479 0.9871876240
154.5 44.1 2344.0 0.9779349566 -0.1353568435 -0.1591281891 0.1359162331 0.9906926155 -0.0074141170 0.1586506665 -0.0143775782 0.9872300625
-14.9 221.1 2318.1 0.8446442485 -0.4365084767 -0.3098975122 0.5329555273 0.7401148081 0.4101079106 0.0503441505 -0.5115568638 0.8577733040
-160.2 129.3 2309.5 -0.7870873809 -0.4365084767 -0.4358369410 -0.0386999771 0.7401148081 -0.6713660955 0.6156263351 -0.5115568638 -0.5994278789
270.3 260.8 2364.4 0.3930628896 -0.3295740187 0.8584186435 0.8490978479 0.4883798957 -0.2012905329 -0.3528942764 0.8080012798 0.4718046188
384.8 508.1 2261.7 -0.9350151420 -0.3295740187 0.1308726966 -0.0502055101 0.4883798957 0.8711856604 -0.3510357440 0.8080012798 -0.4731890261
95.9 -169.0 2334.1 0.9140966535 0.0611354150 -0.4008612335 0.0155851459 0.9825419784 0.1853869557 0.4051967263 -0.1757090688 0.8971855640
71.6 -559.4 2403.9 0.9137461185 0.0474769510 -0.4035020769 -0.0799567997 0.9947401881 -0.0640219525 0.3983401656 0.0907625481 0.9127361178
276.2 -141.2 2352.8 0.9877266884 0.1561858654 -0.0014181940 -0.1551373750 0.9820685387 0.1071155593 0.0181226991 -0.1055808738 0.9942455888
214.2 -531.5 2394.8 0.9898552299 -0.1367708892 -0.0384754688 0.1307946295 0.9829528928 -0.1292145699 0.0554923639 0.1228713244 0.9908699393
65.6 140.5 2132.8 0 0 0 0 0 0 0 0 0
149.5 495.4 2173.3 0 0 0 0 0 0 0 0 0
58.3 -837.7 2378.5 0 0 0 0 0 0 0 0 0
255.3 -827.1 2357.8 0 0 0 0 0 0 0 0 0
