196.9 588.6 2336.5 2 0.9909576178 0.0542706326 0.1227100417 -0.0646335110 0.9945253730 0.0821085647 -0.1175821647 -0.0892972872 0.9890401363
185.7 383.7 2354.9 0.9909576178 0.0542706326 0.1227100417 -0.0646335110 0.9945253730 0.0821085647 -0.1175821647 -0.0892972872 0.9890401363
175.0 185.8 2364.7 0.9912354350 0.0540578626 0.1205406711 -0.0595246516 0.9973335862 0.0422199443 -0.1179369390 -0.0490250476 0.9918102026
41.1 392.2 2372.1 0.6749619842 -0.7371006608 -0.0333005488 0.5555571914 0.5373874903 -0.6344847083 0.4855743945 0.4097526968 0.7722177505
-141.7 241.8 2240.7 -0.7686026096 -0.6124501228 -0.1848101765 -0.6247279048 0.6563904285 0.4229263067 -0.1377136558 0.4405183494 -0.8871181011
330.4 375.3 2337.6 0.5850179195 -0.7228522897 0.3677480221 0.7239529490 0.2610495090 -0.6385493279 0.3655764163 0.6397950649 0.6760296822
429.8 498.3 2399.7 -0.3529098630 -0.7228522897 0.5940868855 0.6565650702 0.2610495090 0.7076549530 -0.6666160822 0.6397950649 0.3824726045
70.2 2.3 2376.9 0.9955217242 -0.0305786766 -0.0894507989 0.0310451873 0.9995106459 0.0038283118 0.0892899632 -0.0065881843 0.9959838986
82.3 -394.8 2379.5 0.9946037531 0.0523024350 -0.0895984322 -0.0517311171 0.9986232519 0.0086883763 0.0899294987 -0.0040064650 0.9959400892
251.7 -7.1 2353.6 0.9529838562 0.1049748808 0.2842569053 -0.0968049392 0.9943878651 -0.0426804051 -0.2871420085 0.0131562632 0.9577976465
210.0 -402.2 2348.3 0.9525719881 -0.0815078840 0.2931946814 0.0682409331 0.9961397648 0.0552153587 -0.2965633571 -0.0325887240 0.9544569850
58.0 404.1 2276.4 0 0 0 0 0 0 0 0 0
353.6 640.0 2255.8 0 0 0 0 0 0 0 0 0
59.6 -828.1 2381.2 0 0 0 0 0 0 0 0 0
243.3 -809.0 2361.6 0 0 0 0 0 0 0 0 0
184.5 536.8 2337.1 3 0.9932312965 0.0696503520 0.0929540172 -0.0820158944 0.9872209430 0.1366317272 -0.0822497085 -0.1433306187 0.9862511158
170.6 339.3 2365.8 0.9932312965 0.0696503520 0.0929540172 -0.0820158944 0.9872209430 0.1366317272 -0.0822497085 -0.1433306187 0.9862511158
168.1 141.5 2355.0 0.9963043928 0.0131615475 0.0848781243 -0.0083322553 0.9983392954 -0.0570020564 -0.0854873955 0.0560841709 0.9947595000
25.1 339.9 2378.0 0.7002138495 -0.7077655196 -0.0936405137 0.4128782451 0.5084491968 -0.7556526661 0.5824363232 0.4904563427 0.6482441425
-141.3 241.8 2239.7 -0.7607042193 -0.6044396162 -0.2366048396 -0.6317809224 0.6058298349 0.4835525751 -0.1489360631 0.5173228979 -0.8427307010
316.0 338.7 2353.5 0.5408964157 -0.7546277642 0.3714404702 0.7039598227 0.1644921601 -0.6909290552 0.4602951705 0.6352002025 0.6202008128
407.9 458.3 2431.8 -0.3577114344 -0.7546277642 0.5500722528 0.7084250450 0.1644921601 0.6863499880 -0.6084213257 0.6352002025 0.4757564664
73.1 -31.2 2363.9 0.9912346601 -0.0225581992 -0.1301726848 0.0279185846 0.9988293648 0.0395019613 0.1291292161 -0.0427899547 0.9907041192
81.6 -403.7 2379.8 0.9900978208 0.0542138591 -0.1294880360 -0.0531784147 0.9985194802 0.0114432117 0.1299166977 -0.0044439305 0.9915149808
255.2 -33.0 2348.7 0.9587928653 0.1110323817 0.2615111470 -0.1054704487 0.9937973022 -0.0352542177 -0.2638034523 0.0062197945 0.9645563960
212.8 -412.0 2346.3 0.9597743750 -0.0776171386 0.2698308229 0.0672632903 0.9966076016 0.0474232137 -0.2725962996 -0.0273658764 0.9617392421
56.4 406.0 2278.3 0 0 0 0 0 0 0 0 0
330.7 611.2 2300.4 0 0 0 0 0 0 0 0 0
58.6 -826.8 2381.7 0 0 0 0 0 0 0 0 0
244.0 -811.8 2357.3 0 0 0 0 0 0 0 0 0
184.0 512.0 2345.4 4 0.9969062805 0.0766715482 0.0173011068 -0.0778424367 0.9935649633 0.0822751597 -0.0108816102 -0.0833673850 0.9964594841
168.5 310.8 2362.3 0.9969062805 0.0766715482 0.0173011068 -0.0778424367 0.9935649633 0.0822751597 -0.0108816102 -0.0833673850 0.9964594841
166.1 112.9 2349.0 0.9998751283 0.0116944583 0.0106301717 -0.0109447027 0.9976223111 -0.0680437610 -0.0114006316 0.0679189190 0.9976257086
22.6 312.1 2363.9 0.7510232329 -0.6319783330 -0.1912263334 0.3320560455 0.6118336320 -0.7179125547 0.5707038641 0.4756711125 0.6693534851
-140.1 240.2 2240.2 -0.7444547415 -0.6319783330 -0.2153846025 -0.6498585939 0.6118336320 0.4509361982 -0.1532023549 0.4756711125 -0.8661789894
314.3 309.5 2360.8 0.5071535707 -0.7992530465 0.3224745095 0.6970229149 0.1602994055 -0.6989014149 0.5069065690 0.5792225003 0.6383941174
400.5 428.0 2446.9 -0.3096101284 -0.7992530465 0.5151079297 0.7162203193 0.1602994055 0.6792146564 -0.6254358888 0.5792225003 0.5228109360
74.5 -66.8 2341.0 0.9787715077 -0.0140386010 -0.2044731826 0.0368416645 0.9934521914 0.1081456915 0.2016161084 -0.1133830547 0.9728798866
79.9 -448.6 2384.5 0.9778725505 0.0551390499 -0.2018043101 -0.0560042039 0.9984295368 0.0014245524 0.2015659362 0.0099088596 0.9794248343
257.0 -64.1 2329.0 0.9736323953 0.1117593497 0.1988712102 -0.1219878197 0.9917290211 0.0399067849 -0.1927663833 -0.0631144047 0.9792128205
213.6 -449.4 2353.5 0.9769308567 -0.0830820575 0.1967319399 0.0804738328 0.9965306520 0.0212291162 -0.1978131682 -0.0049076057 0.9802274704
53.3 409.0 2280.0 0 0 0 0 0 0 0 0 0
333.6 582.5 2311.9 0 0 0 0 0 0 0 0 0
59.1 -825.2 2380.8 0 0 0 0 0 0 0 0 0
243.9 -812.6 2355.3 0 0 0 0 0 0 0 0 0
183.6 500.2 2350.1 5 0.9970037341 0.0773518756 0.0004747412 -0.0772337914 0.9951031804 0.0616813637 0.0042987526 -0.0615332164 0.9980957508
167.8 296.3 2362.7 0.9970037341 0.0773518756 0.0004747412 -0.0772337914 0.9951031804 0.0616813637 0.0042987526 -0.0615332164 0.9980957508
165.5 98.4 2346.8 0.9999188185 0.0113087799 -0.0058660987 -0.0117457863 0.9966638684 -0.0807659924 0.0049331640 0.0808283389 0.9967158437
21.9 297.9 2362.0 0.7646011710 -0.6201046109 -0.1756567359 0.2843559682 0.5691570640 -0.7714933157 0.5783828497 0.5399356484 0.6115086079
-139.7 237.8 2239.7 -0.7382310033 -0.6201046109 -0.2654905617 -0.6562409401 0.5691570640 0.4953867793 -0.1560857892 0.5399356484 -0.8271074295
313.7 294.7 2363.5 0.4992426634 -0.8085738420 0.3113922179 0.6900234222 0.1536596268 -0.7072880268 0.5240461826 0.5679762959 0.6346483231
398.5 412.0 2452.5 -0.2987304032 -0.8085738420 0.5069206357 0.7244281769 0.1536596268 0.6720063686 -0.6212599874 0.5679762959 0.5398508906
72.6 -89.7 2331.2 0.9751381278 -0.0147387218 -0.2211071998 0.0487824492 0.9875860810 0.1493116021 0.2161617279 -0.1563855857 0.9637518525
78.4 -475.3 2392.3 0.9748722911 0.0570832416 -0.2153265923 -0.0632459223 0.9977591038 -0.0218336582 0.2135977298 0.0349035561 0.9762979746
255.4 -89.7 2331.0 0.9764678478 0.1090614200 0.1860540956 -0.1215086505 0.9909621477 0.0568305440 -0.1781745404 -0.0781003833 0.9808945656
212.6 -479.0 2361.7 0.9794350266 -0.0920955092 0.1795145720 0.0936012417 0.9956097603 0.0000827402 -0.1787340790 0.0167217478 0.9837552905
52.1 408.3 2280.3 0 0 0 0 0 0 0 0 0
334.0 568.3 2318.4 0 0 0 0 0 0 0 0 0
58.2 -828.1 2380.0 0 0 0 0 0 0 0 0 0
243.7 -815.8 2356.0 0 0 0 0 0 0 0 0 0
180.1 491.8 2345.4 6 0.9981204867 0.0612582006 0.0017136243 -0.0611724816 0.9942721128 0.0876406282 0.0036648982 -0.0875807330 0.9961506724
167.4 285.8 2363.6 0.9981204867 0.0612582006 0.0017136243 -0.0611724816 0.9942721128 0.0876406282 0.0036648982 -0.0875807330 0.9961506724
163.6 88.0 2345.3 0.9997925758 0.0195855778 -0.0055882554 -0.0200171545 0.9955502152 -0.0920818374 0.0037599129 0.0921745971 0.9957357645
21.5 288.6 2363.0 0.7695657611 -0.6144668460 -0.1737785935 0.2445140779 0.5349503756 -0.8087279797 0.5898994803 0.5798780918 0.5619252920
-139.7 237.4 2239.5 -0.7324091792 -0.6144668460 -0.2932699919 -0.6600102782 0.5349503756 0.5274604559 -0.1672220826 0.5798780918 -0.7973570228
313.4 282.9 2364.1 0.4532994926 -0.8746919632 0.1715620905 0.8315639496 0.3456766903 -0.4347516298 0.3209687471 0.3397375345 0.8840574026
413.4 466.3 2434.9 -0.2638392746 -0.8746919632 0.4065744877 0.2484059036 0.3456766903 0.9048768878 -0.9320318699 0.3397375345 0.1260755658
71.9 -101.2 2327.6 0.9755495191 -0.0147693651 -0.2192830145 0.0530491173 0.9840624332 0.1697261631 0.2132814229 -0.1772090346 0.9607850909
77.7 -488.8 2397.4 0.9755318761 0.0605390407 -0.2113589793 -0.0704343393 0.9967300892 -0.0396002196 0.2082704902 0.0535182059 0.9766059518
255.0 -102.4 2329.4 0.9763809443 0.1017185003 0.1906138808 -0.1173953637 0.9904122949 0.0728139207 -0.1813797951 -0.0934713036 0.9789609313
214.8 -493.7 2366.4 0.9795050025 -0.0894456357 0.1804700196 0.0942892730 0.9953743815 -0.0184236877 -0.1779873073 0.0350624807 0.9834079146
50.5 408.9 2282.9 0 0 0 0 0 0 0 0 0
359.0 517.5 2242.7 0 0 0 0 0 0 0 0 0
56.9 -831.5 2379.0 0 0 0 0 0 0 0 0 0
244.0 -818.4 2354.9 0 0 0 0 0 0 0 0 0
178.4 486.4 2351.1 7 0.9982746243 0.0582358576 -0.0075059799 -0.0575328022 0.9956568480 0.0731940567 0.0117358994 -0.0726359338 0.9972894788
166.5 283.4 2365.9 0.9982746243 0.0582358576 -0.0075059799 -0.0575328022 0.9956568480 0.0731940567 0.0117358994 -0.0726359338 0.9972894788
163.7 86.0 2343.9 0.9997997284 0.0141117629 -0.0141892983 -0.0155957006 0.9937445521 -0.1105825827 0.0125400228 0.1107817292 0.9937656522
20.5 285.7 2364.1 0.7748073936 -0.6037984490 -0.1873524487 0.2215898633 0.5369269848 -0.8140069842 0.5920907259 0.5891832113 0.5498105884
-139.4 239.9 2241.8 -0.7366510630 -0.6037984490 -0.3045860529 -0.6582593918 0.5369269848 0.5276400447 -0.1550477743 0.5891832113 -0.7929838300
312.5 281.2 2367.7 0.4412566125 -0.8946409822 0.0700718686 0.8652670979 0.4034643471 -0.2975388765 0.2379189730 0.1919218749 0.9521347284
420.8 493.4 2426.1 -0.2209845334 -0.8946409822 0.3883082867 -0.0262541082 0.4034643471 0.9146186113 -0.9749238491 0.1919218749 -0.1126473770
68.1 -109.3 2325.3 0.9730715752 -0.0225838292 -0.2293942273 0.0654610172 0.9812887311 0.1810725331 0.2210126668 -0.1912129223 0.9563425183
77.0 -497.5 2401.0 0.9742071629 0.0579779372 -0.2180801630 -0.0702798069 0.9963193536 -0.0490762256 0.2144321501 0.0631370395 0.9746961594
251.3 -112.5 2326.5 0.9796752930 0.0825871006 0.1827995479 -0.0969396308 0.9927538633 0.0710105971 -0.1756104082 -0.0872878507 0.9805824161
218.6 -505.8 2361.1 0.9817858338 -0.0625046045 0.1794150919 0.0576837510 0.9978229403 0.0319674462 -0.1810226142 -0.0210358519 0.9832539558
52.0 410.9 2282.1 0 0 0 0 0 0 0 0 0
370.7 487.5 2205.3 0 0 0 0 0 0 0 0 0
57.5 -834.0 2379.7 0 0 0 0 0 0 0 0 0
240.7 -858.6 2368.5 0 0 0 0 0 0 0 0 0
179.5 489.2 2349.9 8 0.9974384308 0.0714239851 -0.0038949926 -0.0708723068 0.9941673279 0.0812920034 0.0096784737 -0.0808077231 0.9966827035
164.5 281.3 2366.8 0.9974384308 0.0714239851 -0.0038949926 -0.0708723068 0.9941673279 0.0812920034 0.0096784737 -0.0808077231 0.9966827035
163.0 84.0 2343.7 0.9999021888 0.0075737624 -0.0117599424 -0.0088934768 0.9931434989 -0.1165629998 0.0107964901 0.1166561842 0.9931136966
18.5 282.6 2365.2 0.7731590271 -0.6048066616 -0.1908770353 0.2112790793 0.5294005275 -0.8216423988 0.5979852080 0.5949319005 0.5370937586
-140.2 239.2 2242.5 -0.7339094281 -0.6048066616 -0.3091696203 -0.6605420113 0.5294005275 0.5323714018 -0.1583072096 0.5949319005 -0.7880322933
310.6 280.0 2368.4 0.4733093083 -0.8807468414 0.0162275862 0.8571997881 0.4562548101 -0.2388307154 0.2029454708 0.1269510835 0.9709256291
426.4 489.8 2418.1 -0.2024517357 -0.8807468414 0.4281335175 -0.1203923374 0.4562548101 0.8816673160 -0.9718636870 0.1269510835 -0.1984047443
69.3 -110.6 2320.1 0.9731792808 -0.0170727707 -0.2294135243 0.0623007305 0.9795357585 0.1913853735 0.2214512676 -0.2005449086 0.9543275237
76.1 -499.0 2399.6 0.9743400812 0.0527485013 -0.2188127339 -0.0644041896 0.9968410134 -0.0464767925 0.2156699151 0.0593766607 0.9746593833
252.6 -113.3 2322.6 0.9794602394 0.0824159905 0.1840252578 -0.0961696357 0.9931011200 0.0670936108 -0.1772260964 -0.0834131613 0.9806289673
219.9 -507.3 2355.7 0.9812878966 -0.0543458834 0.1847176403 0.0409626961 0.9963030219 0.0755140260 -0.1881386191 -0.0665344670 0.9798862338
50.5 410.8 2283.6 0 0 0 0 0 0 0 0 0
377.7 460.8 2184.6 0 0 0 0 0 0 0 0 0
58.3 -835.8 2379.6 0 0 0 0 0 0 0 0 0
239.9 -873.5 2380.2 0 0 0 0 0 0 0 0 0
177.3 481.8 2315.8 9 0.9974498749 0.0518498309 -0.0490438044 -0.0452045836 0.9907365441 0.1280532032 0.0552290268 -0.1255096495 0.9905539155
166.6 276.7 2341.8 0.9974498749 0.0518498309 -0.0490438044 -0.0452045836 0.9907365441 0.1280532032 0.0552290268 -0.1255096495 0.9905539155
162.7 79.6 2342.9 0.9984290600 0.0173918847 -0.0532626621 -0.0170552153 0.9998316169 0.0067689796 0.0533714183 -0.0058499398 0.9985575676
20.9 278.8 2334.0 0.8551771045 -0.5172024965 -0.0342589766 0.2052726895 0.3986192346 -0.8938488960 0.4759571254 0.7573667169 0.4470576048
-140.0 240.2 2244.5 -0.7350692749 -0.5172024965 -0.4383774698 -0.6601479053 0.3986192346 0.6366376281 -0.1545248479 0.7573667169 -0.6344428658
312.3 274.6 2349.7 0.5187932253 -0.8538879752 -0.0415807553 0.8129664660 0.5078082681 -0.2849848270 0.2644601464 0.1140444279 0.9576297402
438.0 471.6 2413.7 -0.2157439440 -0.8538879752 0.4736347795 -0.1459476203 0.5078082681 0.8490171432 -0.9654811621 0.1140444279 -0.2341794670
69.9 -112.9 2319.2 0.9643805623 -0.0159822777 -0.2640353739 0.0698774904 0.9781070948 0.1960196346 0.2551220357 -0.2074876577 0.9443842769
76.2 -501.1 2401.5 0.9662072062 0.0552379824 -0.2517785132 -0.0708147958 0.9960684180 -0.0532251783 0.2478485852 0.0692561939 0.9663201571
252.8 -114.9 2325.0 0.9876838923 0.0811742395 0.1337583959 -0.0895540714 0.9942997694 0.0578624457 -0.1282989979 -0.0691284165 0.9893233180
220.6 -508.9 2352.4 0.9894213080 -0.0496400222 0.1363132298 0.0375347249 0.9952357411 0.0899829641 -0.1401305497 -0.0839145854 0.9865707159
51.1 411.7 2284.6 0 0 0 0 0 0 0 0 0
384.7 435.5 2175.1 0 0 0 0 0 0 0 0 0
57.7 -834.7 2378.3 0 0 0 0 0 0 0 0 0
239.2 -881.9 2383.8 0 0 0 0 0 0 0 0 0
175.4 494.2 2326.8 0 0.9985684752 0.0438991934 -0.0305591859 -0.0406736732 0.9942380786 0.0991780683 0.0347369425 -0.0977931395 0.9946003556
165.6 271.5 2348.7 0.9985684752 0.0438991934 -0.0305591859 -0.0406736732 0.9942380786 0.0991780683 0.0347369425 -0.0977931395 0.9946003556
161.9 73.8 2342.5 0.9992602468 0.0169612020 -0.0345152058 -0.0180135351 0.9993751645 -0.0304099191 0.0339778513 0.0310091637 0.9989414215
19.7 273.9 2343.7 0.8432000875 -0.5294908881 -0.0930217132 0.1723676026 0.4301691055 -0.8861399293 0.5092180967 0.7311593294 0.4539856911
-140.9 241.0 2246.7 -0.7385458350 -0.5294908881 -0.4173600674 -0.6577957869 0.4301691055 0.6182711720 -0.1478335559 0.7311593294 -0.6659964919
311.5 269.1 2353.7 0.5881003737 -0.8065953255 -0.0595138893 0.7745108008 0.5828443170 -0.2458160520 0.2329614162 0.0984703600 0.9674877524
446.7 447.2 2407.3 -0.2244209200 -0.8065953255 0.5468447804 -0.1478422284 0.5828443170 0.7990213633 -0.9632123113 0.0984703600 -0.2500513196
67.2 -116.4 2339.0 0.9689331055 -0.0242266208 -0.2461336255 0.0632483140 0.9863706231 0.1518970132 0.2390990108 -0.1627455801 0.9572594166
76.9 -507.8 2403.5 0.9699409604 0.0629583895 -0.2350549102 -0.0803622678 0.9946308136 -0.0652030557 0.2296877801 0.0821326599 0.9697926044
250.0 -119.3 2350.7 0.9856846333 0.0735244155 0.1517234594 -0.0765045285 0.9969725013 0.0138905356 -0.1502428204 -0.0252992194 0.9883253574
220.8 -514.5 2360.7 0.9863074422 -0.0610237904 0.1532113254 0.0563760959 0.9978132844 0.0345025733 -0.1549817622 -0.0253926869 0.9875909686
51.0 412.0 2285.1 0 0 0 0 0 0 0 0 0
390.4 410.1 2165.7 0 0 0 0 0 0 0 0 0
56.1 -835.2 2376.5 0 0 0 0 0 0 0 0 0
241.4 -850.7 2369.3 0 0 0 0 0 0 0 0 0
173.5 493.4 2338.3 1 0.9989255071 0.0386550464 -0.0255660657 -0.0369876735 0.9973433018 0.0627557933 0.0279239714 -0.0617427342 0.9977014065
164.8 269.0 2352.2 0.9989255071 0.0386550464 -0.0255660657 -0.0369876735 0.9973433018 0.0627557933 0.0279239714 -0.0617427342 0.9977014065
160.7 71.1 2341.2 0.9993871450 0.0196202658 -0.0289902594 -0.0211797971 0.9982888103 -0.0545053557 0.0278712418 0.0550859608 0.9980925322
18.9 272.0 2348.1 0.8408718705 -0.5252930522 -0.1303907037 0.1511511803 0.4592429996 -0.8753566146 0.5196997523 0.7163540721 0.4655631781
-143.4 242.8 2247.8 -0.7562611103 -0.5252930522 -0.3900466561 -0.6378548145 0.4592429996 0.6182532907 -0.1456379592 0.7163540721 -0.6823682785
310.8 266.0 2356.3 0.6403255463 -0.7647248507 -0.0719657168 0.7377862334 0.6384093165 -0.2193284929 0.2136695385 0.0873463154 0.9729933143
447.5 423.6 2401.9 -0.2313816100 -0.7647248507 0.6013804078 -0.1455551088 0.6384093165 0.7558090091 -0.9619128108 0.0873463154 -0.2590257823
66.7 -122.5 2333.1 0.9703074098 -0.0163284820 -0.2413232625 0.0604774170 0.9824060202 0.1766944826 0.2341922671 -0.1860425621 0.9542233348
73.1 -512.5 2407.0 0.9720029831 0.0511488318 -0.2293338478 -0.0706625208 0.9944698215 -0.0776955038 0.2240915596 0.0917255655 0.9702419043
249.7 -125.6 2340.3 0.9844217300 0.0725032613 0.1601784527 -0.0780078843 0.9965498447 0.0283405557 -0.1575710326 -0.0403942429 0.9866811633
220.9 -521.1 2356.4 0.9844720960 -0.0612233058 0.1645188034 0.0463939942 0.9946296215 0.0925178304 -0.1692995280 -0.0834485367 0.9820254445
49.6 405.6 2285.0 0 0 0 0 0 0 0 0 0
389.1 386.9 2159.3 0 0 0 0 0 0 0 0 0
56.5 -835.9 2377.2 0 0 0 0 0 0 0 0 0
242.9 -878.2 2386.3 0 0 0 0 0 0 0 0 0
173.9 490.5 2345.5 2 0.9984189868 0.0492238924 -0.0271395817 -0.0481632613 0.9980995655 0.0384394936 0.0289801452 -0.0370715894 0.9988923073
162.8 265.2 2353.9 0.9984189868 0.0492238924 -0.0271395817 -0.0481632613 0.9980995655 0.0384394936 0.0289801452 -0.0370715894 0.9988923073
160.6 67.2 2341.1 0.9994843006 0.0108493408 -0.0302223079 -0.0127666071 0.9978691339 -0.0639858991 0.0294637028 0.0643387437 0.9974930882
16.8 267.0 2349.6 0.8488527536 -0.5099974275 -0.1391101480 0.1264386028 0.4513887167 -0.8833240867 0.5132858157 0.7322232127 0.4476459324
-144.7 242.9 2251.9 -0.7629070282 -0.5099974275 -0.3973354995 -0.6305760741 0.4513887167 0.6313652396 -0.1426418871 0.7322232127 -0.6659598351
308.8 263.4 2358.2 0.8141043186 -0.2151081115 0.5394095182 0.4580057561 0.8088960648 -0.3686704338 -0.3570222557 0.5471888781 0.7570465207
451.9 343.9 2295.5 -0.6029214263 -0.2151081115 0.7682540417 0.3307772279 0.8088960648 0.4860798120 -0.7259973884 0.5471888781 -0.4165478945
65.0 -124.9 2327.7 0.9693429470 -0.0199414715 -0.2449011058 0.0667352155 0.9806022644 0.1842974871 0.2364754230 -0.1949909925 0.9518707395
73.0 -514.4 2405.1 0.9713093638 0.0535328723 -0.2317161411 -0.0719792470 0.9948116541 -0.0718939453 0.2266652286 0.0865100175 0.9701231122
248.2 -128.7 2333.3 0.9843927622 0.0700838491 0.1614284962 -0.0819443911 0.9943131208 0.0680188090 -0.1557434499 -0.0801853836 0.9845376015
220.4 -523.3 2365.1 0.9848547578 -0.0702054426 0.1585315913 0.0664852113 0.9973758459 0.0286563430 -0.1601274014 -0.0176823288 0.9869379401
48.3 402.4 2288.0 0 0 0 0 0 0 0 0 0
328.9 411.3 2147.4 0 0 0 0 0 0 0 0 0
55.6 -836.8 2377.1 0 0 0 0 0 0 0 0 0
243.5 -851.0 2370.9 0 0 0 0 0 0 0 0 0
171.1 490.7 2350.6 3 0.9993195534 0.0329320915 0.0166095980 -0.0332111977 0.9993068576 0.0168175288 -0.0160442479 -0.0173577107 0.9997206330
163.6 262.1 2354.6 0.9993195534 0.0329320915 0.0166095980 -0.0332111977 0.9993068576 0.0168175288 -0.0160442479 -0.0173577107 0.9997206330
159.0 64.3 2338.7 0.9996448159 0.0227462538 0.0138866957 -0.0215524174 0.9964984655 -0.0807856247 -0.0156756416 0.0804576352 0.9966347814
17.7 265.2 2356.9 0.8470692635 -0.5067632198 -0.1602018923 0.1106157154 0.4629221261 -0.8794698715 0.5198439956 0.7272510529 0.4481830895
-146.5 243.8 2256.1 -0.7692382932 -0.5067632198 -0.3891830444 -0.6236497164 0.4629221261 0.6298921704 -0.1390447617 0.7272510529 -0.6721401811
309.5 259.1 2352.3 0.6975835562 0.2325762659 0.6777060628 0.2943734229 0.7693068981 -0.5670195818 -0.6532392502 0.5950421691 0.4681915641
442.8 315.3 2227.5 -0.7963662148 0.2325762659 0.5583091378 0.5018513203 0.7693068981 0.3953632712 -0.3375589848 0.5950421691 -0.7293687463
66.7 -129.8 2325.6 0.9795707464 -0.0130415587 -0.2006764710 0.0517140366 0.9806718230 0.1887020916 0.1943367869 -0.1952248365 0.9613118768
71.9 -519.4 2403.2 0.9805071354 0.0473698005 -0.1906879842 -0.0613438003 0.9957938194 -0.0680560917 0.1866621077 0.0784270093 0.9792887568
250.0 -132.0 2331.2 0.9750858545 0.0736715719 0.2092369497 -0.0949622169 0.9910717010 0.0935900807 -0.2004738897 -0.1111279726 0.9733759761
220.7 -525.5 2375.4 0.9771955013 -0.0734212175 0.1992441416 0.0794368386 0.9965891838 -0.0223571751 -0.1969230622 0.0376746543 0.9796948433
47.3 400.9 2291.2 0 0 0 0 0 0 0 0 0
274.2 421.6 2156.0 0 0 0 0 0 0 0 0 0
56.7 -837.7 2378.1 0 0 0 0 0 0 0 0 0
243.7 -838.0 2363.5 0 0 0 0 0 0 0 0 0
168.4 492.5 2351.2 4 0.9994038939 0.0171946343 0.0299372692 -0.0174368285 0.9998171926 0.0078478158 -0.0297968555 -0.0083651487 0.9995209575
164.4 261.7 2353.1 0.9994038939 0.0171946343 0.0299372692 -0.0174368285 0.9998171926 0.0078478158 -0.0297968555 -0.0083651487 0.9995209575
159.0 63.7 2339.1 0.9992293119 0.0273348596 0.0281699076 -0.0252641775 0.9971269965 -0.0714102313 -0.0300409645 0.0706435144 0.9970491529
18.6 265.4 2357.5 0.8476368189 -0.5131607652 -0.1348254830 0.1280707270 0.4444837868 -0.8865844607 0.5148881078 0.7342344522 0.4424816966
-145.6 240.6 2257.8 -0.7605468631 -0.5131607652 -0.3977870047 -0.6319597363 0.4444837868 0.6348708868 -0.1489809453 0.7342344522 -0.6623476744
310.3 258.1 2348.7 0.6478626728 0.4003359079 0.6480780244 0.1481317282 0.7683165073 -0.6226931214 -0.7472154498 0.4994205534 0.4384611547
441.6 288.1 2197.3 -0.8111866117 0.4003359079 0.4262715876 0.5506492853 0.7683165073 0.3263052106 -0.1968798190 0.4994205534 -0.8436927199
62.8 -131.7 2324.2 0.9823327661 -0.0232708845 -0.1856900454 0.0579583123 0.9812845588 0.1836339086 0.1779414564 -0.1911518872 0.9652967453
72.0 -521.6 2400.1 0.9837110043 0.0428113788 -0.1745846421 -0.0537863411 0.9968302250 -0.0586222224 0.1715215594 0.0670575947 0.9828955531
245.9 -135.5 2321.4 0.9730095267 0.0575810969 0.2234656364 -0.0811405107 0.9919012785 0.0977140293 -0.2160293609 -0.1132088006 0.9698015451
223.0 -529.4 2366.4 0.9741720557 -0.0501871221 0.2201592177 0.0410556197 0.9981037974 0.0458609946 -0.2220433950 -0.0356377251 0.9743852615
47.0 400.6 2295.5 0 0 0 0 0 0 0 0 0
252.3 416.6 2151.4 0 0 0 0 0 0 0 0 0
58.4 -838.6 2378.8 0 0 0 0 0 0 0 0 0
240.4 -875.8 2378.7 0 0 0 0 0 0 0 0 0
167.9 488.9 2352.0 5 0.9991584420 0.0096697556 0.0398607254 -0.0102537088 0.9998427033 0.0144715374 -0.0397145189 -0.0148680788 0.9991004467
165.7 260.7 2355.4 0.9991584420 0.0096697556 0.0398607254 -0.0102537088 0.9998427033 0.0144715374 -0.0397145189 -0.0148680788 0.9991004467
160.2 62.9 2337.9 0.9989072680 0.0272800196 0.0379478373 -0.0238190945 0.9957610369 -0.0888406858 -0.0402105525 0.0878397226 0.9953227043
19.8 264.2 2361.2 0.8524832129 -0.5039595962 -0.1389140189 0.1134121269 0.4377030432 -0.8919382095 0.5103039145 0.7446078062 0.4302896261
-145.9 242.1 2262.1 -0.7638891339 -0.5039595962 -0.4031105638 -0.6282117367 0.4377030432 0.6432464719 -0.1477275044 0.7446078062 -0.6509499550
311.5 257.3 2349.5 0.5973908901 0.4918641448 0.6333985925 0.0442377217 0.7684085965 -0.6384286880 -0.8007291555 0.4094116092 0.4372813702
437.5 266.6 2180.7 -0.7994396091 0.4918641448 0.3449144065 0.5848569274 0.7684085965 0.2597894967 -0.1372540593 0.4094116092 -0.9019664526
61.9 -132.1 2327.9 0.9838951230 -0.0274041500 -0.1766336709 0.0588075519 0.9827935100 0.1750959307 0.1687960774 -0.1826634258 0.9685772657
72.8 -522.6 2400.5 0.9852274060 0.0450031012 -0.1652320623 -0.0557493754 0.9965806007 -0.0609845296 0.1619225740 0.0692952126 0.9843674302
245.1 -136.7 2322.4 0.9702737331 0.0589813031 0.2347127497 -0.0875582546 0.9897007346 0.1132517606 -0.2256156504 -0.1304362416 0.9654449821
221.6 -529.8 2374.2 0.9719081521 -0.0646440163 0.2263088077 0.0668427944 0.9977613688 -0.0020580501 -0.2256691605 0.0171273500 0.9740534425
47.0 400.8 2299.4 0 0 0 0 0 0 0 0 0
241.1 410.3 2146.9 0 0 0 0 0 0 0 0 0
58.7 -835.7 2378.7 0 0 0 0 0 0 0 0 0
242.5 -851.3 2368.7 0 0 0 0 0 0 0 0 0
167.3 490.2 2351.9 6 0.9988557696 0.0049982416 0.0475622229 -0.0058375434 0.9998294115 0.0175238885 -0.0474665202 -0.0177814849 0.9987145662
166.1 261.9 2355.9 0.9988557696 0.0049982416 0.0475622229 -0.0058375434 0.9998294115 0.0175238885 -0.0474665202 -0.0177814849 0.9987145662
161.3 64.0 2338.7 0.9986431599 0.0243841913 0.0460132882 -0.0202780385 0.9959417582 -0.0876857415 -0.0479647033 0.0866337121 0.9950849414
20.3 264.8 2362.9 0.8550533056 -0.4995186925 -0.1391579360 0.1104403883 0.4376391470 -0.8923423886 0.5066426396 0.7476316094 0.4293718338
-146.1 243.3 2264.3 -0.7668967843 -0.4995186925 -0.4029272795 -0.6247881651 0.4376391470 0.6466156244 -0.1466598362 0.7476316094 -0.6477174163
312.0 258.9 2348.9 0.5848931670 0.5422967076 0.6031701565 -0.0768138543 0.7773263454 -0.6243903637 -0.8074649572 0.3188698292 0.4963087738
435.2 242.8 2178.8 -0.7796215415 0.5422967076 0.3132163882 0.6070399284 0.7773263454 0.1651249528 -0.1539246440 0.3188698292 -0.9352161288
63.2 -132.7 2324.2 0.9851922393 -0.0215633269 -0.1700919867 0.0541079417 0.9804657102 0.1891013384 0.1626916975 -0.1955044866 0.9671139717
71.7 -522.3 2401.9 0.9863203168 0.0427262262 -0.1592065096 -0.0534171946 0.9965520501 -0.0634870753 0.1559450030 0.0711229593 0.9852018356
246.3 -137.1 2316.8 0.9686669707 0.0562677123 0.2419054210 -0.0866263732 0.9893763661 0.1167487949 -0.2327663153 -0.1340460926 0.9632504582
224.0 -530.2 2370.1 0.9708535671 -0.0426571630 0.2358466983 0.0373160914 0.9989368916 0.0270656869 -0.2367505133 -0.0174759440 0.9714133143
47.2 400.8 2301.3 0 0 0 0 0 0 0 0 0
237.8 396.5 2139.8 0 0 0 0 0 0 0 0 0
58.3 -835.9 2379.5 0 0 0 0 0 0 0 0 0
239.0 -881.7 2376.3 0 0 0 0 0 0 0 0 0
168.7 491.2 2353.8 7 0.9989463091 0.0228565428 0.0397972204 -0.0233161747 0.9996662736 0.0111237317 -0.0395296887 -0.0120399296 0.9991458654
163.5 262.2 2356.6 0.9989463091 0.0228565428 0.0397972204 -0.0233161747 0.9996662736 0.0111237317 -0.0395296887 -0.0120399296 0.9991458654
159.9 64.4 2338.6 0.9991266727 0.0180101488 0.0377033018 -0.0145106148 0.9957345128 -0.0911162794 -0.0391834974 0.0904896110 0.9951262474
17.6 264.4 2362.3 0.8618168831 -0.4885447323 -0.1363659054 0.1151794270 0.4503225684 -0.8854057193 0.4939689338 0.7473510504 0.4443659186
-149.6 242.0 2266.5 -0.7723436952 -0.4885447323 -0.4059670568 -0.6217032671 0.4503225684 0.6408545971 -0.1302700192 0.7473510504 -0.6515336633
309.4 260.1 2350.9 0.5803749561 0.5971749425 0.5536668897 -0.1953990608 0.7621467710 -0.6172126532 -0.7905593514 0.2500288188 0.5590183139
435.2 217.8 2179.5 -0.7388217449 0.5971749425 0.3122891784 0.6440105438 0.7621467710 0.0662017390 -0.1984761655 0.2500288188 -0.9476776123
64.8 -132.0 2325.9 0.9835625887 -0.0178098083 -0.1796870977 0.0513771586 0.9815949202 0.1839343905 0.1731040925 -0.1901427954 0.9663750529
71.9 -522.1 2401.5 0.9846249223 0.0398772024 -0.1700693071 -0.0504890382 0.9970078468 -0.0585342757 0.1672262400 0.0662209466 0.9836921096
248.0 -135.7 2317.1 0.9701294303 0.0658068880 0.2334915698 -0.0976551175 0.9870105982 0.1275678128 -0.2220638245 -0.1465589404 0.9639544487
221.8 -527.9 2375.4 0.9732736945 -0.0600650124 0.2216541469 0.0650297403 0.9977681041 -0.0151622510 -0.2202487141 0.0291711297 0.9750074744
47.0 400.3 2299.7 0 0 0 0 0 0 0 0 0
246.5 382.3 2128.9 0 0 0 0 0 0 0 0 0
59.3 -836.5 2380.6 0 0 0 0 0 0 0 0 0
241.4 -853.5 2365.8 0 0 0 0 0 0 0 0 0
169.1 490.9 2352.8 8 0.9990428090 0.0201520380 0.0388249010 -0.0212415066 0.9993862510 0.0278559811 -0.0382397175 -0.0286540166 0.9988576770
164.5 263.6 2359.3 0.9990428090 0.0201520380 0.0388249010 -0.0212415066 0.9993862510 0.0278559811 -0.0382397175 -0.0286540166 0.9988576770
160.9 65.9 2339.9 0.9991729856 0.0181183442 0.0364013202 -0.0144568048 0.9950373173 -0.0984464213 -0.0380043611 0.0978387594 0.9944763780
18.6 265.8 2364.9 0.8564803600 -0.4946905077 -0.1473862082 0.1179332212 0.4655168355 -0.8771464229 0.5025267601 0.7338769436 0.4570464790
-148.7 242.7 2266.7 -0.7731791139 -0.4946905077 -0.3968316615 -0.6213294864 0.4655168355 0.6302727461 -0.1270581335 0.7338769436 -0.6672936678
310.5 261.5 2353.8 0.5745035410 0.6333321333 0.5184940696 -0.3010002375 0.7525528669 -0.5857158899 -0.7611468434 0.1804289818 0.6229773760
436.9 195.3 2186.2 -0.7082412839 0.6333321333 0.3119048774 0.6576090455 0.7525528669 -0.0348503962 -0.2567967772 0.1804289818 -0.9494739771
64.7 -132.1 2324.2 0.9832938313 -0.0173378941 -0.1811977774 0.0530736595 0.9795078635 0.1942871511 0.1741161197 -0.2006581873 0.9640642405
71.6 -521.4 2404.0 0.9845070839 0.0426245145 -0.1700849682 -0.0556978099 0.9957867265 -0.0728457198 0.1662633419 0.0811904892 0.9827332497
247.9 -134.8 2317.0 0.9700893760 0.0684706792 0.2328913957 -0.1006905362 0.9864677787 0.1293938011 -0.2208801657 -0.1489735097 0.9638562202
220.7 -526.8 2376.2 0.9734990597 -0.0706482083 0.2175048441 0.0819747746 0.9956851006 -0.0434886739 -0.2134939432 0.0601660945 0.9750899076
46.9 399.9 2298.9 0 0 0 0 0 0 0 0 0
255.7 363.6 2120.5 0 0 0 0 0 0 0 0 0
58.3 -832.9 2378.6 0 0 0 0 0 0 0 0 0
242.9 -838.6 2357.4 0 0 0 0 0 0 0 0 0
169.0 489.5 2353.3 9 0.9990460873 0.0131789679 0.0416320935 -0.0146104712 0.9993058443 0.0342695899 -0.0411515534 -0.0348451622 0.9985451102
166.0 266.3 2361.1 0.9990460873 0.0131789679 0.0416320935 -0.0146104712 0.9993058443 0.0342695899 -0.0411515534 -0.0348451622 0.9985451102
161.5 68.6 2340.7 0.9989750385 0.0227095261 0.0391548425 -0.0185562111 0.9944716096 -0.1033534110 -0.0412854850 0.1025209129 0.9938737154
20.1 269.0 2367.1 0.8513156176 -0.5046598315 -0.1434578449 0.1297757179 0.4674885571 -0.8744213581 0.5083502531 0.7257912159 0.4634729028
-147.9 243.4 2266.8 -0.7716167569 -0.5046598315 -0.3872027993 -0.6213052869 0.4674885571 0.6288355589 -0.1363351643 0.7257912159 -0.6742698550
311.9 263.5 2355.0 0.5502611399 0.6663617492 0.5031647086 -0.3815139532 0.7366624475 -0.5583686233 -0.7427380085 0.1152842045 0.6595830321
434.9 178.3 2189.0 -0.6775546074 0.6663617492 0.3112583756 0.6627856493 0.7366624475 -0.1343262643 -0.3188022375 0.1152842045 -0.9407840967
65.7 -130.5 2323.9 0.9840410948 -0.0147525612 -0.1773287952 0.0496197715 0.9797772169 0.1938414574 0.1708830595 -0.1995469630 0.9648730159
71.6 -519.8 2403.2 0.9848716259 0.0444321521 -0.1674921960 -0.0561610684 0.9962411523 -0.0659511685 0.1639322639 0.0743599758 0.9836649895
249.0 -133.1 2317.0 0.9695554972 0.0640204474 0.2363546193 -0.0948208570 0.9880726933 0.1213313639 -0.2257678658 -0.1400488317 0.9640617967
223.5 -525.8 2372.6 0.9731836319 -0.0435697772 0.2258657068 0.0470026620 0.9988462925 -0.0098408451 -0.2251763642 0.0201932397 0.9741087556
46.9 400.2 2301.2 0 0 0 0 0 0 0 0 0
259.6 349.7 2106.6 0 0 0 0 0 0 0 0 0
57.5 -836.3 2379.6 0 0 0 0 0 0 0 0 0
238.7 -872.7 2365.6 0 0 0 0 0 0 0 0 0
169.6 491.1 2353.0 0 0.9992859364 0.0118700434 0.0358709134 -0.0131494813 0.9992780089 0.0356449969 -0.0354219079 -0.0360912308 0.9987205267
167.0 267.5 2361.1 0.9992859364 0.0118700434 0.0358709134 -0.0131494813 0.9992780089 0.0356449969 -0.0354219079 -0.0360912308 0.9987205267
161.5 69.8 2341.7 0.9990745783 0.0273049157 0.0332328007 -0.0239078719 0.9948357344 -0.0986422300 -0.0357545950 0.0977564156 0.9945678711
21.0 271.0 2366.3 0.8581163883 -0.4976532757 -0.1264021248 0.1396313012 0.4630798399 -0.8752486110 0.4941046238 0.7334154844 0.4668643773
-147.2 243.6 2269.4 -0.7713854909 -0.4976532757 -0.3966177106 -0.6229272485 0.4630798399 0.6304908395 -0.1301001757 0.7334154844 -0.6672148705
312.9 264.0 2355.9 0.5158452392 0.6964414120 0.4988717437 -0.4389769733 0.7149542570 -0.5441871285 -0.7356649041 0.0617231242 0.6745275259
430.9 163.6 2187.7 -0.6449826956 0.6964414120 0.3145896792 0.6613397002 0.7149542570 -0.2268704772 -0.3829192221 0.0617231242 -0.9217174649
65.4 -127.3 2324.1 0.9832856059 -0.0135775972 -0.1815629005 0.0505913645 0.9783197045 0.2008258700 0.1748998463 -0.2066547126 0.9626545906
70.8 -516.1 2406.2 0.9843200445 0.0440971106 -0.1707906574 -0.0578763038 0.9953840375 -0.0765571520 0.1666263342 0.0852414742 0.9823286533
248.6 -130.7 2316.5 0.9701018333 0.0717637166 0.2318456173 -0.1031402051 0.9866321683 0.1261706352 -0.2196918726 -0.1463109702 0.9645354152
220.1 -522.7 2374.7 0.9736972451 -0.0661987290 0.2180168927 0.0739064813 0.9968891740 -0.0273820236 -0.2155260295 0.0427746624 0.9755607843
47.1 400.6 2302.2 0 0 0 0 0 0 0 0 0
264.1 334.6 2088.6 0 0 0 0 0 0 0 0 0
56.7 -834.2 2379.0 0 0 0 0 0 0 0 0 0
241.9 -852.1 2360.6 0 0 0 0 0 0 0 0 0
170.5 491.3 2353.4 1 0.9995087981 0.0082034953 0.0302473065 -0.0091419164 0.9994770288 0.0310183223 -0.0299770292 -0.0312796049 0.9990610480
168.7 269.8 2360.3 0.9995087981 0.0082034953 0.0302473065 -0.0091419164 0.9994770288 0.0310183223 -0.0299770292 -0.0312796049 0.9990610480
161.9 72.0 2342.4 0.9990267754 0.0343712904 0.0276426803 -0.0317260809 0.9953435659 -0.0910201222 -0.0306424424 0.0900545493 0.9954653382
22.8 274.4 2364.8 0.8659669161 -0.4893936217 -0.1029327065 0.1495238543 0.4497781992 -0.8805351853 0.4772251844 0.7471234798 0.4626690745
-147.4 245.1 2271.0 -0.7730818987 -0.4893936217 -0.4035322070 -0.6201996803 0.4497781992 0.6426911354 -0.1330289543 0.7471234798 -0.6512371302
314.6 265.2 2355.9 0.4913494289 0.7131724358 0.4999607801 -0.4911511242 0.7009364367 -0.5171640515 -0.7192679048 0.0085519580 0.6946801543
428.8 151.0 2188.7 -0.6335192919 0.7131724358 0.3000638783 0.6497047544 0.7009364367 -0.2942309082 -0.4201630950 0.0085519580 -0.9074082971
64.5 -125.7 2325.5 0.9825740457 -0.0213201717 -0.1846449077 0.0596083663 0.9770744443 0.2043827623 0.1760543436 -0.2118275762 0.9613188505
73.0 -514.0 2409.7 0.9839973450 0.0507235527 -0.1708107591 -0.0658223480 0.9942960143 -0.0839220509 0.1655796170 0.0938222408 0.9817233682
247.7 -130.1 2319.0 0.9709572196 0.0737213641 0.2276120037 -0.1043964326 0.9865466356 0.1258057952 -0.2152752876 -0.1459139287 0.9655908346
218.4 -522.1 2377.0 0.9743744731 -0.0760939270 0.2116696537 0.0874069482 0.9951738119 -0.0445997566 -0.2072543204 0.0619582646 0.9763231277
47.1 401.1 2304.5 0 0 0 0 0 0 0 0 0
264.9 319.1 2080.0 0 0 0 0 0 0 0 0 0
56.6 -834.8 2379.4 0 0 0 0 0 0 0 0 0
242.5 -836.8 2357.4 0 0 0 0 0 0 0 0 0
171.3 489.4 2354.6 2 0.9995613098 0.0217367932 0.0201169625 -0.0222125649 0.9994714260 0.0237370115 -0.0195903629 -0.0241734479 0.9995158315
166.6 270.0 2359.9 0.9995613098 0.0217367932 0.0201169625 -0.0222125649 0.9994714260 0.0237370115 -0.0195903629 -0.0241734479 0.9995158315
161.8 72.1 2343.3 0.9995617270 0.0237606317 0.0176569261 -0.0221940093 0.9962043166 -0.0841687843 -0.0195898078 0.0837400183 0.9962950349
20.6 273.2 2362.7 0.8745991588 -0.4742357433 -0.1008798257 0.1486763060 0.4603645504 -0.8751913309 0.4614884853 0.7504431605 0.4731420875
-148.1 244.6 2273.8 -0.7766029835 -0.4742357433 -0.4147146642 -0.6202664375 0.4603645504 0.6350858808 -0.1102604792 0.7504431605 -0.6516730189
312.6 266.8 2357.0 0.4769098461 0.7191032171 0.5054181814 -0.5258170366 0.6941962242 -0.4915363789 -0.7043248415 -0.0313389674 0.7091857195
426.2 141.5 2189.2 -0.6222838759 0.7191032171 0.3092787266 0.6232278943 0.6941962242 -0.3601091206 -0.4736557603 -0.0313389674 -0.8801523447
63.4 -122.8 2327.3 0.9800771475 -0.0244703796 -0.1971039325 0.0664638132 0.9755758643 0.2093664557 0.1871665567 -0.2182955593 0.9577659965
73.1 -510.5 2414.1 0.9821994305 0.0512412973 -0.1807168126 -0.0688510537 0.9933242798 -0.0925550014 0.1747677624 0.1033500135 0.9791705608
246.7 -128.6 2321.7 0.9740814567 0.0701232776 0.2150536776 -0.0982580110 0.9875239134 0.1230525225 -0.2037418038 -0.1409939229 0.9688188434
218.8 -521.1 2377.8 0.9768621325 -0.0794722959 0.1985560209 0.0930597186 0.9938480854 -0.0600492246 -0.1925622672 0.0771373808 0.9782482386
46.9 400.3 2301.5 0 0 0 0 0 0 0 0 0
265.8 302.1 2067.2 0 0 0 0 0 0 0 0 0
56.4 -835.3 2380.3 0 0 0 0 0 0 0 0 0
243.6 -831.1 2353.7 0 0 0 0 0 0 0 0 0
169.9 487.1 2346.2 3 0.9996566772 0.0217227731 0.0146506028 -0.0226060692 0.9977514744 0.0630949810 -0.0132470625 -0.0634045079 0.9979000092
165.1 269.4 2360.0 0.9996566772 0.0217227731 0.0146506028 -0.0226060692 0.9977514744 0.0630949810 -0.0132470625 -0.0634045079 0.9979000092
161.0 71.4 2343.9 0.9997150898 0.0208780933 0.0115692886 -0.0198719241 0.9965038300 -0.0811492130 -0.0132230818 0.0808961913 0.9966348410
19.1 272.3 2361.9 0.8729380369 -0.4780518115 -0.0971885100 0.1620012224 0.4719977081 -0.8665874004 0.4601464570 0.7407324910 0.4894697666
-148.1 241.3 2273.8 -0.7719379067 -0.4780518115 -0.4190207124 -0.6281048656 0.4719977081 0.6186295152 -0.0979601294 0.7407324910 -0.6646195650
311.2 266.5 2358.1 0.4630465806 0.7368499041 0.4925850928 -0.5748491883 0.6726844311 -0.4658799171 -0.6746378541 -0.0674380586 0.7350618243
423.8 126.7 2193.9 -0.5966073275 0.7368499041 0.3179809451 0.6000951529 0.6726844311 -0.4328758121 -0.5328653455 -0.0674380586 -0.8435085416
65.4 -123.9 2328.4 0.9788590074 -0.0227631498 -0.2032654881 0.0635954514 0.9784018993 0.1966859549 0.1943981498 -0.2054545879 0.9591651559
74.5 -512.7 2410.1 0.9804136753 0.0545874499 -0.1892331243 -0.0706372932 0.9943583608 -0.0791314095 0.1838459671 0.0909484327 0.9787384868
248.8 -127.9 2324.8 0.9757733941 0.0713605955 0.2068186700 -0.0937723815 0.9904918671 0.1006606594 -0.1976689994 -0.1176158786 0.9731872678
220.4 -521.5 2371.6 0.9786744118 -0.0568696484 0.1973885745 0.0604887716 0.9980924726 -0.0123494593 -0.1963097453 0.0240258910 0.9802475572
46.5 399.6 2298.5 0 0 0 0 0 0 0 0 0
270.0 281.3 2056.6 0 0 0 0 0 0 0 0 0
56.7 -837.2 2380.4 0 0 0 0 0 0 0 0 0
240.1 -867.4 2363.2 0 0 0 0 0 0 0 0 0
170.1 489.6 2349.5 4 0.9996141791 0.0206109770 0.0186191909 -0.0216449127 0.9981308579 0.0571511760 -0.0174064469 -0.0575321354 0.9981918931
165.5 268.7 2362.2 0.9996141791 0.0206109770 0.0186191909 -0.0216449127 0.9981308579 0.0571511760 -0.0174064469 -0.0575321354 0.9981918931
160.9 70.9 2344.1 0.9996068478 0.0234786309 0.0153278140 -0.0219774302 0.9955459237 -0.0916807353 -0.0174120814 0.0913078263 0.9956704974
19.5 271.9 2364.7 0.8666223288 -0.4878778756 -0.1045989916 0.1660793275 0.4797229767 -0.8615587950 0.4705139995 0.7292743325 0.4967650771
-148.1 239.8 2273.8 -0.7689362168 -0.4878778756 -0.4131734073 -0.6316260695 0.4797229767 0.6090273857 -0.0989222303 0.7292743325 -0.6770327687
311.6 265.5 2359.7 0.4461394250 0.7565909624 0.4780478477 -0.6193078160 0.6466003060 -0.4453828633 -0.6460785270 -0.0973559096 0.7570365667
419.6 115.5 2203.2 -0.5607640743 0.7565909624 0.3363238871 0.5650286674 0.6466003060 -0.5124945641 -0.6052159071 -0.0973559096 -0.7900857925
65.1 -124.8 2329.1 0.9796980619 -0.0236721709 -0.1990761757 0.0622010715 0.9798918962 0.1895862371 0.1905852109 -0.1981200278 0.9614706039
74.5 -514.2 2407.8 0.9810411334 0.0558241792 -0.1855853796 -0.0713731572 0.9943808913 -0.0781823769 0.1801780909 0.0899459422 0.9795129299
248.5 -128.4 2326.7 0.9745698571 0.0732307807 0.2117800862 -0.0965331644 0.9901038408 0.1018615142 -0.2022248805 -0.1197149679 0.9719945788
219.4 -521.9 2374.2 0.9774050713 -0.0688911006 0.1998333782 0.0771702379 0.9964403510 -0.0339318216 -0.1967844367 0.0485863239 0.9792422056
46.3 399.4 2298.8 0 0 0 0 0 0 0 0 0
275.6 260.6 2047.7 0 0 0 0 0 0 0 0 0
56.5 -835.4 2378.8 0 0 0 0 0 0 0 0 0
241.9 -847.3 2358.4 0 0 0 0 0 0 0 0 0
170.1 491.0 2351.1 5 0.9996637702 0.0162359104 0.0202185605 -0.0172128063 0.9986445904 0.0491189472 -0.0193936657 -0.0494504496 0.9985882640
166.5 269.2 2362.1 0.9996637702 0.0162359104 0.0202185605 -0.0172128063 0.9986445904 0.0491189472 -0.0193936657 -0.0494504496 0.9985882640
161.3 71.3 2344.6 0.9995084405 0.0261530429 0.0172885414 -0.0245198719 0.9957531095 -0.0887382552 -0.0195358954 0.0882707238 0.9959049225
20.5 272.8 2365.0 0.8660967350 -0.4909710884 -0.0939355716 0.1745582074 0.4731428325 -0.8635191321 0.4684078693 0.7314938307 0.4954904914
-147.8 238.9 2274.0 -0.7663363814 -0.4909710884 -0.4143379331 -0.6339110732 0.4731428325 0.6117945910 -0.1043324172 0.7314938307 -0.6738185883
312.5 265.6 2359.2 0.4362863302 0.7533853054 0.4920008481 -0.6604266763 0.6394799948 -0.3935759068 -0.6111389995 -0.1532186866 0.7765520811
417.9 106.0 2211.5 -0.5660359263 0.7533853054 0.3346848190 0.5120639205 0.6394799948 -0.5734595656 -0.6460602880 -0.1532186866 -0.7477500439
64.5 -124.9 2327.5 0.9802126288 -0.0235398896 -0.1965429038 0.0626500025 0.9787549376 0.1952272952 0.1877717227 -0.2036776692 0.9608627558
73.9 -513.9 2408.5 0.9816186428 0.0557485707 -0.1825291514 -0.0715161860 0.9941475391 -0.0809696242 0.1769469678 0.0925350860 0.9798607230
247.9 -129.0 2324.3 0.9738138318 0.0762390718 0.2141825855 -0.1004304215 0.9894489646 0.1044242978 -0.2039615214 -0.1232002750 0.9711958766
217.6 -522.2 2373.3 0.9763082862 -0.0814079866 0.2004865408 0.0919172168 0.9948088527 -0.0436645597 -0.1958911419 0.0610582344 0.9787229300
46.5 399.6 2300.4 0 0 0 0 0 0 0 0 0
271.2 238.7 2044.1 0 0 0 0 0 0 0 0 0
55.8 -835.8 2378.5 0 0 0 0 0 0 0 0 0
243.1 -833.8 2354.2 0 0 0 0 0 0 0 0 0
170.5 491.1 2351.4 6 0.9996545911 0.0124167763 0.0231627822 -0.0134028094 0.9989889860 0.0429118574 -0.0226065367 -0.0432074815 0.9988103509
167.7 269.5 2361.0 0.9996545911 0.0124167763 0.0231627822 -0.0134028094 0.9989889860 0.0429118574 -0.0226065367 -0.0432074815 0.9988103509
162.3 71.6 2344.6 0.9994142056 0.0272859205 0.0206561200 -0.0254820380 0.9962189198 -0.0830572620 -0.0228443108 0.0824822560 0.9963306785
21.7 273.3 2364.4 0.8684225082 -0.4881100357 -0.0871260464 0.1797248274 0.4736539423 -0.8621780276 0.4621053338 0.7330760956 0.4990572333
-147.8 238.2 2274.1 -0.7652975917 -0.4881100357 -0.4196047485 -0.6360830665 0.4736539423 0.6091389656 -0.0985794142 0.7330760956 -0.6729647517
313.7 265.8 2357.7 0.4167138934 0.7782836556 0.4697063863 -0.7155542970 0.5995186567 -0.3585519493 -0.5606528521 -0.1866868436 0.8067319393
414.6 92.6 2222.0 -0.5484071970 0.7782836556 0.3058171570 0.5041976571 0.5995186567 -0.6215803623 -0.6671088934 -0.1866868436 -0.7211890817
64.4 -124.3 2328.8 0.9809840322 -0.0217658859 -0.1928640455 0.0595682375 0.9794979692 0.1924456656 0.1847211868 -0.2002747059 0.9621684551
73.0 -513.6 2408.4 0.9822798371 0.0526017845 -0.1798870713 -0.0676045641 0.9946341515 -0.0783106536 0.1748025417 0.0890841633 0.9805651903
247.7 -128.8 2325.2 0.9731925726 0.0737386867 0.2178504914 -0.1001467332 0.9885614514 0.1127692461 -0.2070431411 -0.1315632015 0.9694453478
218.4 -521.6 2377.5 0.9761867523 -0.0802345872 0.2015486509 0.0945242792 0.9935718775 -0.0622902550 -0.1952552348 0.0798581615 0.9774957895
46.1 399.4 2299.1 0 0 0 0 0 0 0 0 0
273.4 222.4 2050.3 0 0 0 0 0 0 0 0 0
56.0 -835.4 2379.6 0 0 0 0 0 0 0 0 0
243.3 -829.1 2352.8 0 0 0 0 0 0 0 0 0
169.7 491.5 2351.6 7 0.9996349216 0.0062566777 0.0262850374 -0.0073232912 0.9991453886 0.0406804420 -0.0260080490 -0.0408580825 0.9988263845
168.4 269.7 2360.7 0.9996349216 0.0062566777 0.0262850374 -0.0073232912 0.9991453886 0.0406804420 -0.0260080490 -0.0408580825 0.9988263845
162.2 71.7 2344.7 0.9992353916 0.0308458563 0.0240236670 -0.0288093425 0.9963024855 -0.0809405446 -0.0264315195 0.0801865533 0.9964293838
22.4 273.9 2364.5 0.8828113079 -0.4642799795 -0.0713323802 0.1814269423 0.4770956933 -0.8599209189 0.4332764149 0.7462062836 0.5054183602
-148.3 238.8 2280.8 -0.7690760493 -0.4642799795 -0.4392791092 -0.6350328326 0.4770956933 0.6075466871 -0.0724935904 0.7462062836 -0.6617558599
314.3 265.5 2356.8 0.4040489197 0.7921451330 0.4574391544 -0.7572319508 0.5701957345 -0.3185539246 -0.5131707788 -0.2176761627 0.8302245736
411.7 82.9 2233.1 -0.5417025685 0.7921451330 0.2811839581 0.4925234020 0.5701957345 -0.6574933529 -0.6811600327 -0.2176761627 -0.6990265250
65.2 -124.0 2330.3 0.9817930460 -0.0218864121 -0.1886887401 0.0590797365 0.9792565703 0.1938200444 0.1805326641 -0.2014388591 0.9627202749
73.9 -513.2 2410.4 0.9829965830 0.0546275750 -0.1753098220 -0.0702378303 0.9939781427 -0.0841078684 0.1696595103 0.0949911252 0.9809140563
248.5 -128.7 2326.2 0.9727367759 0.0749031752 0.2194827944 -0.0954238549 0.9918502569 0.0844237208 -0.2113704681 -0.1030659527 0.9719567299
218.8 -522.7 2367.1 0.9738200307 -0.0730411038 0.2152663469 0.0676202625 0.9971832633 0.0324500687 -0.2170301825 -0.0170441605 0.9760161042
46.1 399.3 2299.1 0 0 0 0 0 0 0 0 0
272.7 209.4 2058.2 0 0 0 0 0 0 0 0 0
56.1 -836.6 2379.5 0 0 0 0 0 0 0 0 0
243.9 -866.3 2373.0 0 0 0 0 0 0 0 0 0
168.7 490.3 2352.7 8 0.9991234541 -0.0000985922 0.0418600887 -0.0012208378 0.9995031953 0.0314932689 -0.0418423973 -0.0315167680 0.9986270070
168.7 270.6 2359.6 0.9991234541 -0.0000985922 0.0418600887 -0.0012208378 0.9995031953 0.0314932689 -0.0418423973 -0.0315167680 0.9986270070
162.0 72.6 2343.5 0.9986258149 0.0339445285 0.0399278104 -0.0305634998 0.9961274266 -0.0824381411 -0.0425715074 0.0811045244 0.9957960248
22.8 275.0 2365.8 0.8931788802 -0.4438581765 -0.0722594410 0.1702628136 0.4824959636 -0.8591904640 0.4162235856 0.7551076412 0.5065277219
-149.3 242.2 2285.6 -0.7779829502 -0.4438581765 -0.4446711838 -0.6256458163 0.4824959636 0.6129967570 -0.0575315692 0.7551076412 -0.6530716419
314.6 266.1 2353.4 0.3631829619 0.8044669628 0.4700330496 -0.7964977622 0.5298161507 -0.2913522422 -0.4834143519 -0.2685661316 0.8331763148
401.1 76.5 2238.3 -0.5443739891 0.8044669628 0.2376759797 0.4766877890 0.5298161507 -0.7014724016 -0.6902359724 -0.2685661316 -0.6718977094
64.5 -123.6 2331.2 0.9846580029 -0.0237546880 -0.1728709340 0.0579724424 0.9789516926 0.1956855059 0.1645838320 -0.2027050555 0.9653096795
73.9 -512.7 2411.8 0.9855641127 0.0579625890 -0.1590713114 -0.0728635490 0.9933182597 -0.0894969553 0.1528209597 0.0997954905 0.9832022190
247.7 -128.9 2326.4 0.9691027999 0.0707125291 0.2363038361 -0.0958682895 0.9906850457 0.0967076048 -0.2272642404 -0.1163736582 0.9668547511
219.6 -522.5 2372.6 0.9710842371 -0.0732259378 0.2272297889 0.0778453723 0.9969000220 -0.0114222569 -0.2256889641 0.0287807602 0.9737741947
46.2 399.4 2300.1 0 0 0 0 0 0 0 0 0
264.9 195.7 2065.7 0 0 0 0 0 0 0 0 0
55.0 -836.2 2379.3 0 0 0 0 0 0 0 0 0
243.4 -845.4 2363.3 0 0 0 0 0 0 0 0 0
167.6 489.4 2352.7 9 0.9984233975 -0.0172367245 0.0534197465 0.0153629929 0.9992589951 0.0352899618 -0.0539884493 -0.0344136357 0.9979483485
171.4 270.9 2360.2 0.9984233975 -0.0172367245 0.0534197465 0.0153629929 0.9992589951 0.0352899618 -0.0539884493 -0.0344136357 0.9979483485
164.0 73.1 2343.0 0.9979448318 0.0371928811 0.0521803163 -0.0324703492 0.9955376983 -0.0886022970 -0.0552428477 0.0867258906 0.9946993589
25.6 275.6 2368.3 0.8970252872 -0.4351018369 -0.0776658729 0.1626917571 0.4884403944 -0.8572965264 0.4109464586 0.7563810945 0.5089308619
-149.6 243.9 2288.0 -0.7821835279 -0.4351018369 -0.4459543526 -0.6211305857 0.4884403944 0.6128807068 -0.0488433987 0.7563810945 -0.6523050666
317.1 266.2 2352.2 0.3316271007 0.8311284781 0.4463731050 -0.8468659520 0.4707666039 -0.2473800629 -0.4157421589 -0.2959802449 0.8599733710
396.2 64.2 2253.0 -0.5195925832 0.8311284781 0.1981136948 0.4678202868 0.4707666039 -0.7480127215 -0.7149599195 -0.2959802449 -0.6334255934
63.6 -122.5 2331.3 0.9868308306 -0.0208722949 -0.1604033262 0.0519633219 0.9799852371 0.1921685040 0.1531818956 -0.1979728937 0.9681642652
71.9 -512.0 2410.0 0.9875429869 0.0510577857 -0.1488353759 -0.0633677840 0.9948447347 -0.0791736692 0.1440256536 0.0876187682 0.9856873751
246.8 -128.1 2323.5 0.9665015340 0.0634611249 0.2486914396 -0.0887711868 0.9918027520 0.0919073746 -0.2408203185 -0.1109052524 0.9642124176
221.6 -522.2 2367.6 0.9684434533 -0.0497481376 0.2442179173 0.0438645259 0.9986025691 0.0294749402 -0.2453429699 -0.0178323090 0.9692723155
46.4 399.5 2300.3 0 0 0 0 0 0 0 0 0
265.5 181.9 2073.2 0 0 0 0 0 0 0 0 0
55.3 -836.8 2381.4 0 0 0 0 0 0 0 0 0
239.1 -874.3 2373.8 0 0 0 0 0 0 0 0 0
167.2 487.8 2353.2 0 0.9979541302 -0.0259954706 0.0584108531 0.0245232973 0.9993667603 0.0257809050 -0.0590440519 -0.0242957342 0.9979596734
172.9 269.7 2358.5 0.9979541302 -0.0259954706 0.0584108531 0.0245232973 0.9993667603 0.0257809050 -0.0590440519 -0.0242957342 0.9979596734
163.6 71.9 2342.4 0.9972805977 0.0463603251 0.0572893992 -0.0414521471 0.9955966473 -0.0840777010 -0.0609350018 0.0814742893 0.9948109984
27.2 275.8 2367.4 0.8968314528 -0.4368461072 -0.0697049797 0.1653245687 0.4771325886 -0.8631409407 0.4103182554 0.7625679970 0.5001289248
-147.9 243.5 2287.4 -0.7747329473 -0.4368461072 -0.4571152627 -0.6303553581 0.4771325886 0.6123697162 -0.0494067185 0.7625679970 -0.6450185776
318.5 263.7 2349.6 0.3231431544 0.8282940388 0.4577198327 -0.8700329661 0.4503105879 -0.2006563693 -0.3723185658 -0.3333906233 0.8661579490
395.1 57.5 2261.4 -0.5306183100 0.8282940388 0.1799254119 0.4393658638 0.4503105879 -0.7772889137 -0.7248460650 -0.3333906233 -0.6028671861
65.0 -121.8 2330.9 0.9878986478 -0.0257168245 -0.1529540271 0.0558626838 0.9789699316 0.1962071210 0.1446915716 -0.2023771703 0.9685596824
75.3 -510.9 2411.3 0.9885389805 0.0577959307 -0.1394641846 -0.0705441162 0.9935958982 -0.0882650092 0.1334696859 0.0970917791 0.9862854481
248.1 -127.7 2320.7 0.9640033245 0.0709286705 0.2562552392 -0.1018628553 0.9887512922 0.1095209271 -0.2456045300 -0.1316814274 0.9603844881
219.9 -520.6 2373.0 0.9671275616 -0.0653001368 0.2457645386 0.0701881275 0.9974712133 -0.0111727370 -0.2444134653 0.0280552153 0.9692651629
49.9 404.4 2300.0 0 0 0 0 0 0 0 0 0
261.1 168.5 2078.3 0 0 0 0 0 0 0 0 0
56.5 -833.9 2379.7 0 0 0 0 0 0 0 0 0
241.5 -850.2 2363.8 0 0 0 0 0 0 0 0 0
168.0 489.5 2353.5 1 0.9968214035 -0.0505108424 0.0616096817 0.0497510284 0.9986662269 0.0138059454 -0.0622248575 -0.0106969168 0.9980048537
179.4 263.5 2355.9 0.9968214035 -0.0505108424 0.0616096817 0.0497510284 0.9986662269 0.0138059454 -0.0622248575 -0.0106969168 0.9980048537
165.3 66.0 2340.8 0.9956382513 0.0708979443 0.0606456809 -0.0659223795 0.9945767522 -0.0804443136 -0.0660201237 0.0760955364 0.9949124455
34.0 273.2 2365.6 0.9073272943 -0.4151126146 -0.0666238889 0.1421848387 0.4521049559 -0.8805592656 0.3956522346 0.7894825339 0.4692298770
-146.9 244.8 2286.6 -0.7786639333 -0.4151126146 -0.4704933763 -0.6253390908 0.4521049559 0.6360440850 -0.0513175428 0.7894825339 -0.6116239429
324.8 253.9 2346.3 0.3073865473 0.8113425374 0.4972291291 -0.8875796795 0.4328556359 -0.1576016694 -0.3430973589 -0.3928858638 0.8531851768
394.6 52.4 2268.4 -0.5619525909 0.8113425374 0.1610360593 0.3923808634 0.4328556359 -0.8115868568 -0.7281802893 -0.3928858638 -0.5615996122
63.0 -122.1 2331.8 0.9893552661 -0.0291108303 -0.1425788701 0.0556534044 0.9809939265 0.1858861744 0.1344576925 -0.1918424666 0.9721716046
74.5 -512.0 2408.0 0.9899685383 0.0562544242 -0.1296060979 -0.0673839673 0.9942562580 -0.0831496045 0.1241841391 0.0910488665 0.9880730510
245.9 -129.7 2320.6 0.9628286362 0.0615389459 0.2630093992 -0.0892838910 0.9914781451 0.0948657021 -0.2549301386 -0.1148219258 0.9601179957
221.4 -523.6 2366.2 0.9647610188 -0.0509222373 0.2581531703 0.0456345044 0.9986082911 0.0264377110 -0.2591401637 -0.0137253832 0.9657421708
53.6 405.9 2299.9 0 0 0 0 0 0 0 0 0
250.6 152.9 2081.7 0 0 0 0 0 0 0 0 0
56.2 -836.0 2378.3 0 0 0 0 0 0 0 0 0
239.6 -879.1 2371.1 0 0 0 0 0 0 0 0 0
