76.2 431.4 2140.0  0.9878020883 0.1381763667 0.0717933849 -0.1417286396 0.9887903929 0.0469736010 -0.0644979700 -0.0565758012 0.9963127971
49.0 236.6 2151.2 0.9878020883 0.1381763667 0.0717933849 -0.1417286396 0.9887903929 0.0469736010 -0.0644979700 -0.0565758012 0.9963127971
21.9 42.9 2162.3 0.9877978563 0.1382080913 0.0717907324 -0.1417590380 0.9887869358 0.0469546393 -0.0644962266 -0.0565586761 0.9963138700
-91.8 256.8 2160.4 0.5311757922 0.2495658100 -0.8096722960 -0.8429204226 0.2522744536 -0.4752291441 0.0856586918 0.9349195361 0.3443661928
-244.4 499.0 2135.8 -0.9473351836 0.2495658100 -0.2006812394 -0.1364777088 0.2522744536 0.9579830170 0.2897065580 0.9349195361 -0.2049283087
189.7 216.4 2142.0 -0.1754978895 0.8456383944 0.5040795207 -0.1607631445 0.4805365801 -0.8621135354 -0.9712650180 -0.2323365211 0.0516143329
150.9 180.8 1926.9 -0.3470495939 0.8456383944 -0.4055271149 0.8257265091 0.4805365801 0.2953985929 0.4446710348 -0.2323365211 -0.8650360703
-93.5 -137.1 2179.1 0.8760096431 0.0597871244 0.4785734713 -0.0365631878 0.9976636767 -0.0577084571 -0.4809056222 0.0330549926 0.8761490583
-116.9 -527.9 2166.2 0.8748546839 0.0571754128 0.4809992015 -0.0615065359 0.9980837107 -0.0067704231 -0.4804645777 -0.0236614570 0.8766948581
85.4 -162.2 2171.3 0.9991632104 -0.0337495394 0.0231059343 0.0366489813 0.9895559549 -0.1394125074 -0.0181595068 0.1401426494 0.9899647832
98.6 -549.9 2116.4 0.9997436404 0.0193348695 0.0117815072 -0.0210343078 0.9856847525 0.1672815382 -0.0083784852 -0.1674864739 0.9858387709
-1.8 534.0 2061.6 0 0 0 0 0 0 0 0 0
62.0 392.3 2040.8 0 0 0 0 0 0 0 0 0
-138.5 -903.7 2175.1 0 0 0 0 0 0 0 0 0
91.3 -921.0 2179.5 0 0 0 0 0 0 0 0 0
76.0 431.5 2140.3  0.9872068763 0.1356468052 0.0838005394 -0.1400290877 0.9889433980 0.0488143526 -0.0762524754 -0.0599243790 0.9952862263
49.3 236.7 2152.1 0.9872068763 0.1356468052 0.0838005394 -0.1400290877 0.9889433980 0.0488143526 -0.0762524754 -0.0599243790 0.9952862263
22.7 43.0 2163.8 0.9872019887 0.1356820166 0.0838010162 -0.1400646567 0.9889381528 0.0488178208 -0.0762503222 -0.0599306114 0.9952859879
-91.4 256.6 2163.0 0.5345034599 0.2417270839 -0.8098605275 -0.8396847844 0.2608398795 -0.4763318598 0.0961016119 0.9346285462 0.3423943818
-245.0 497.9 2135.3 -0.9485176802 0.2417270839 -0.2046514601 -0.1396257132 0.2608398795 0.9552314878 0.2842865884 0.9346285462 -0.2136599272
189.9 216.7 2141.2 -0.1773879677 0.8427660465 0.5082114935 -0.1621554792 0.4843138158 -0.8597358465 -0.9706900120 -0.2349160761 0.0507476926
150.7 180.9 1926.7 -0.3498354256 0.8427660465 -0.4090973139 0.8244944215 0.4843138158 0.2926586568 0.4447742403 -0.2349160761 -0.8642860055
-94.4 -137.9 2179.2 0.8707265854 0.0531115904 0.4888909459 -0.0258214958 0.9977171421 -0.0624001697 -0.4910890460 0.0417095907 0.8701102734
-115.2 -528.7 2162.8 0.8672477007 0.0794029087 0.4915043712 -0.0984926298 0.9950523973 0.0130364075 -0.4880374670 -0.0597153530 0.8707775474
84.1 -163.6 2167.5 0.9986773729 -0.0377018899 0.0349586904 0.0418217406 0.9911758304 -0.1257833987 -0.0299079362 0.1270790547 0.9914416075
98.9 -551.8 2117.7 0.9995252490 0.0209040865 0.0226329099 -0.0243518259 0.9860404730 0.1647154242 -0.0188737400 -0.1651883870 0.9860814214
-2.1 533.6 2062.5 0 0 0 0 0 0 0 0 0
61.1 392.0 2040.6 0 0 0 0 0 0 0 0 0
-145.1 -903.2 2185.3 0 0 0 0 0 0 0 0 0
91.0 -923.1 2179.9 0 0 0 0 0 0 0 0 0
75.6 431.1 2140.3  0.9872341156 0.1345335096 0.0852616131 -0.1389414519 0.9891346693 0.0480401479 -0.0778722093 -0.0592732467 0.9951997995
49.1 236.3 2152.0 0.9872341156 0.1345335096 0.0852616131 -0.1389414519 0.9891346693 0.0480401479 -0.0778722093 -0.0592732467 0.9951997995
22.8 42.5 2163.6 0.9872317314 0.1345506161 0.0852619782 -0.1389588118 0.9891321063 0.0480427779 -0.0778711736 -0.0592772588 0.9951996207
-91.6 256.1 2163.1 0.5336940885 0.2552332580 -0.8062422872 -0.8406329155 0.2640911043 -0.4728553593 0.0922329873 0.9301139116 0.3555013537
-245.8 499.1 2136.4 -0.9445437193 0.2552332580 -0.2066230923 -0.1374716461 0.2640911043 0.9546504021 0.2982258797 0.9301139116 -0.2143582553
189.8 216.4 2140.9 -0.1771721989 0.8420132995 0.5095326900 -0.1609993279 0.4859523773 -0.8590282202 -0.9709218740 -0.2342303395 0.0494663231
150.7 180.9 1926.6 -0.3517767191 0.8420132995 -0.4089825451 0.8237950802 0.4859523773 0.2919108868 0.4445389211 -0.2342303395 -0.8645931482
-93.1 -138.1 2182.5 0.8698841929 0.0540530272 0.4902854264 -0.0267679933 0.9976859093 -0.0625001118 -0.4925291836 0.0412438996 0.8693180680
-114.3 -528.9 2166.3 0.8670318723 0.0756907091 0.4924699068 -0.0817652717 0.9966089725 -0.0092207454 -0.4914978445 -0.0322722569 0.8702806234
85.3 -163.4 2168.7 0.9985337853 -0.0397360027 0.0367597826 0.0442256890 0.9904333353 -0.1307131350 -0.0312140957 0.1321472079 0.9907385111
100.9 -551.4 2116.9 0.9991520643 0.0342318825 0.0228768475 -0.0377617739 0.9833352566 0.1778364182 -0.0164079349 -0.1785494983 0.9837940931
-4.0 534.3 2060.1 0 0 0 0 0 0 0 0 0
60.6 391.9 2040.5 0 0 0 0 0 0 0 0 0
-142.8 -903.9 2178.4 0 0 0 0 0 0 0 0 0
88.0 -921.6 2184.1 0 0 0 0 0 0 0 0 0
74.3 431.7 2140.1  0.9873071313 0.1313215792 0.0893265083 -0.1357425302 0.9897062778 0.0453367308 -0.0824533179 -0.0568866879 0.9949700236
48.5 236.7 2151.3 0.9873071313 0.1313215792 0.0893265083 -0.1357425302 0.9897062778 0.0453367308 -0.0824533179 -0.0568866879 0.9949700236
22.7 42.9 2162.4 0.9873065948 0.1313248724 0.0893276781 -0.1357466280 0.9897053242 0.0453455448 -0.0824530870 -0.0568958893 0.9949695468
-92.2 256.1 2163.0 0.5306069255 0.2535241842 -0.8088150024 -0.8426940441 0.2604877651 -0.4711823761 0.0912303030 0.9315962791 0.3518599570
-245.4 499.3 2136.7 -0.9457459450 0.2535241842 -0.2031996250 -0.1355557740 0.2604877651 0.9559135437 0.2952782214 0.9315962791 -0.2119885981
189.2 217.4 2139.5 -0.1749371737 0.8408240080 0.5122616291 -0.1669348776 0.4874219596 -0.8570604324 -0.9703245759 -0.2354460657 0.0550946258
150.6 180.6 1925.6 -0.3501631021 0.8408240080 -0.4127963185 0.8214621544 0.4874219596 0.2960063219 0.4500952065 -0.2354460657 -0.8613823056
-92.8 -138.7 2182.3 0.8669446111 0.0636560842 0.4943227768 -0.0387295224 0.9974154830 -0.0605175756 -0.4968974888 0.0333205014 0.8671693206
-117.7 -529.3 2169.2 0.8660516143 0.0645883456 0.4957649708 -0.0541229621 0.9979044795 -0.0354597755 -0.4970163703 0.0038777278 0.8677325249
85.7 -163.8 2168.2 0.9985641837 -0.0342768990 0.0411667340 0.0393282883 0.9908730984 -0.1289333552 -0.0363715738 0.1303672493 0.9907984138
99.1 -551.9 2117.1 0.9995170236 0.0112487422 0.0289683640 -0.0161424335 0.9844920039 0.1746850759 -0.0265541356 -0.1750683188 0.9841981530
-3.1 534.0 2061.1 0 0 0 0 0 0 0 0 0
60.9 391.0 2040.9 0 0 0 0 0 0 0 0 0
-142.0 -904.8 2167.7 0 0 0 0 0 0 0 0 0
94.9 -922.6 2183.0 0 0 0 0 0 0 0 0 0
73.2 432.5 2140.8  0.9877377748 0.1288202107 0.0882012397 -0.1330551654 0.9901347756 0.0439250618 -0.0816726834 -0.0551220737 0.9951336980
47.8 237.5 2151.7 0.9877377748 0.1288202107 0.0882012397 -0.1330551654 0.9901347756 0.0439250618 -0.0816726834 -0.0551220737 0.9951336980
22.6 43.6 2162.5 0.9877374172 0.1288226992 0.0882016569 -0.1330579519 0.9901342988 0.0439282432 -0.0816725269 -0.0551255010 0.9951335192
-93.0 256.5 2163.3 0.5334015489 0.2479764223 -0.8086967468 -0.8403493762 0.2643304169 -0.4732255340 0.0964143723 0.9320070744 0.3493810892
-246.1 497.7 2135.6 -0.9439051151 0.2479764223 -0.2180615664 -0.1506264806 0.2643304169 0.9525970221 0.2938618958 0.9320070744 -0.2121510059
188.6 218.5 2140.0 -0.1727742106 0.8455692530 0.5051352978 -0.1715610921 0.4791732728 -0.8607901931 -0.9699050784 -0.2353839129 0.0622780062
150.3 180.5 1925.0 -0.3416002095 0.8455692530 -0.4102705419 0.8244500756 0.4791732728 0.3011229634 0.4512110054 -0.2353839129 -0.8608153462
-92.2 -138.7 2181.0 0.8668985367 0.0705875829 0.4934615493 -0.0454614088 0.9969933033 -0.0627504215 -0.4964072704 0.0319647901 0.8675010204
-119.9 -529.2 2168.5 0.8675772548 0.0383214653 0.4958237410 -0.0303539131 0.9992482066 -0.0241180304 -0.4963752031 0.0058740648 0.8680882454
86.3 -163.2 2166.1 0.9986830354 -0.0319592953 0.0401350632 0.0365745053 0.9920889139 -0.1200913861 -0.0359795131 0.1214011461 0.9919512272
98.8 -551.8 2118.6 0.9994628429 0.0126129566 0.0302486699 -0.0169207640 0.9890388250 0.1466831565 -0.0280670002 -0.1471161842 0.9887209535
-4.4 536.2 2060.4 0 0 0 0 0 0 0 0 0
62.8 391.6 2040.6 0 0 0 0 0 0 0 0 0
-134.3 -905.2 2166.3 0 0 0 0 0 0 0 0 0
94.0 -924.1 2173.9 0 0 0 0 0 0 0 0 0
71.5 435.1 2139.9  0.9874510765 0.1181738228 0.1047629938 -0.1235084012 0.9912784696 0.0459641516 -0.0984175429 -0.0583264641 0.9934344292
48.2 239.8 2151.4 0.9874510765 0.1181738228 0.1047629938 -0.1235084012 0.9912784696 0.0459641516 -0.0984175429 -0.0583264641 0.9934344292
25.1 45.7 2162.9 0.9874468446 0.1182003766 0.1047731116 -0.1235440597 0.9912700653 0.0460489802 -0.0984154418 -0.0584150143 0.9934294820
-92.5 257.4 2165.5 0.5352665782 0.2382149547 -0.8103970289 -0.8380148411 0.2700784802 -0.4741189182 0.1059285849 0.9329047203 0.3441916406
-245.8 497.5 2135.1 -0.9427955747 0.2382149547 -0.2332168818 -0.1663526446 0.2700784802 0.9483587742 0.2889001071 0.9329047203 -0.2150011212
188.9 222.2 2137.4 -0.1724501699 0.8411854506 0.5125114322 -0.1863411218 0.4830518663 -0.8555336595 -0.9672321081 -0.2430388778 0.0734450743
151.3 181.6 1926.5 -0.3446268737 0.8411854506 -0.4167005122 0.8252497315 0.4830518663 0.2926153243 0.4474317133 -0.2430388778 -0.8606607914
-92.0 -138.3 2180.7 0.8583887815 0.0658510551 0.5087556839 -0.0423027910 0.9974356294 -0.0577289835 -0.5112525821 0.0280321259 0.8589732051
-117.8 -529.0 2169.7 0.8587949872 0.0520336255 0.5096701980 -0.0349557884 0.9984618425 -0.0430351570 -0.5111255050 0.0191424526 0.8592928648
86.6 -162.4 2165.9 0.9977297187 -0.0339691415 0.0581505187 0.0405198820 0.9924854040 -0.1154592633 -0.0537914895 0.1175533906 0.9916086197
99.9 -551.2 2119.8 0.9985213280 0.0260830428 0.0476955809 -0.0324825905 0.9897947907 0.1387487203 -0.0435898453 -0.1400928199 0.9891784191
-4.4 540.1 2061.1 0 0 0 0 0 0 0 0 0
63.1 392.9 2041.1 0 0 0 0 0 0 0 0 0
-137.3 -904.9 2162.5 0 0 0 0 0 0 0 0 0
90.1 -923.8 2172.6 0 0 0 0 0 0 0 0 0
73.7 432.2 2137.5  0.9838150740 0.1300421655 0.1232759431 -0.1367313564 0.9894727468 0.0474154875 -0.1158121675 -0.0635037571 0.9912390113
48.1 237.3 2150.0 0.9838150740 0.1300421655 0.1232759431 -0.1367313564 0.9894727468 0.0474154875 -0.1158121675 -0.0635037571 0.9912390113
22.7 43.5 2162.5 0.9838082790 0.1301025003 0.1232665703 -0.1367831081 0.9894689918 0.0473441817 -0.1158088520 -0.0634383783 0.9912436008
-92.0 256.8 2166.5 0.5385832787 0.2319915295 -0.8100049496 -0.8350673318 0.2749969065 -0.4764863849 0.1122080386 0.9330362678 0.3418372571
-246.6 496.5 2134.3 -0.9437120557 0.2319915295 -0.2357699573 -0.1688642502 0.2749969065 0.9464996457 0.2844159007 0.9330362678 -0.2203428149
188.3 217.8 2133.5 -0.1706026644 0.8416889310 0.5123031139 -0.1697946042 0.4870351553 -0.8567184806 -0.9706000686 -0.2331447601 0.0598247387
151.5 181.2 1924.2 -0.3472006917 0.8416889310 -0.4135352373 0.8188452125 0.4870351553 0.3037914336 0.4571040869 -0.2331447601 -0.8583119512
-87.3 -137.3 2183.2 0.8480956554 0.0839353353 0.5231525302 -0.0586899891 0.9961783886 -0.0646844581 -0.5265825987 0.0241547897 0.8497807384
-120.2 -527.5 2173.7 0.8509153724 0.0262828358 0.5246449113 -0.0025836811 0.9989448786 -0.0458531268 -0.5252964497 0.0376616158 0.8500854373
91.2 -159.6 2165.4 0.9968764186 -0.0257549956 0.0746596679 0.0346446447 0.9921286702 -0.1203348860 -0.0709727705 0.1225455701 0.9899219275
101.3 -548.3 2117.4 0.9968742132 0.0448950045 0.0650096387 -0.0542599820 0.9871469140 0.1503225565 -0.0574253313 -0.1533801109 0.9864972830
-4.9 539.7 2061.5 0 0 0 0 0 0 0 0 0
62.6 390.9 2041.3 0 0 0 0 0 0 0 0 0
-130.1 -903.4 2159.5 0 0 0 0 0 0 0 0 0
84.4 -919.9 2175.1 0 0 0 0 0 0 0 0 0
74.2 431.1 2137.1  0.9821098447 0.1333999634 0.1329088360 -0.1406596303 0.9889523983 0.0467763580 -0.1252005547 -0.0646344274 0.9900238514
48.0 236.3 2149.9 0.9821098447 0.1333999634 0.1329088360 -0.1406596303 0.9889523983 0.0467763580 -0.1252005547 -0.0646344274 0.9900238514
21.8 42.6 2162.5 0.9821059108 0.1334356666 0.1329017431 -0.1406884640 0.9889507890 0.0467237048 -0.1251986623 -0.0645853654 0.9900273085
-92.0 256.3 2167.7 0.5370433331 0.2316996157 -0.8111101985 -0.8354189992 0.2793079615 -0.4733520746 0.1168740243 0.9318274260 0.3435667455
-246.3 496.4 2134.1 -0.9452494979 0.2316996157 -0.2298231572 -0.1616619676 0.2793079615 0.9464948177 0.2834939361 0.9318274260 -0.2265586853
187.9 216.2 2132.0 -0.1681624204 0.8427537680 0.5113584399 -0.1609865129 0.4883024096 -0.8576969504 -0.9725249410 -0.2265542150 0.0535578728
152.1 181.9 1924.8 -0.3477225900 0.8427537680 -0.4109197855 0.8151056767 0.4883024096 0.3117106557 0.4633484483 -0.2265542150 -0.8567271233
-91.7 -137.9 2185.4 0.8445014954 0.0726094246 0.5306082368 -0.0408444740 0.9966132045 -0.0713714734 -0.5339934230 0.0386009030 0.8446069956
-120.2 -528.2 2170.3 0.8453652263 0.0275675301 0.5334769487 -0.0177306514 0.9995652437 -0.0235561617 -0.5338944197 0.0104546659 0.8454865217
86.1 -162.6 2164.5 0.9957175851 -0.0400375836 0.0833275914 0.0492263511 0.9925652146 -0.1113152429 -0.0782512724 0.1149404570 0.9902855158
101.8 -551.4 2119.4 0.9966763258 0.0422968939 0.0696221143 -0.0528555773 0.9860899448 0.1575844437 -0.0619883388 -0.1607405990 0.9850481749
-4.2 537.8 2061.5 0 0 0 0 0 0 0 0 0
63.0 390.7 2043.5 0 0 0 0 0 0 0 0 0
-130.5 -904.4 2166.3 0 0 0 0 0 0 0 0 0
85.8 -922.7 2180.0 0 0 0 0 0 0 0 0 0
75.2 430.0 2137.9  0.9815328121 0.1377220154 0.1327629089 -0.1445915550 0.9885336757 0.0435249805 -0.1252462715 -0.0619175918 0.9901916981
48.0 235.2 2150.1 0.9815328121 0.1377220154 0.1327629089 -0.1445915550 0.9885336757 0.0435249805 -0.1252462715 -0.0619175918 0.9901916981
21.1 41.6 2162.2 0.9815309048 0.1377393156 0.1327591836 -0.1446053535 0.9885328412 0.0434981808 -0.1252454072 -0.0618924983 0.9901933670
-91.8 255.8 2167.9 0.5361274481 0.2317278683 -0.8117077947 -0.8357250094 0.2811217010 -0.4717354476 0.1188744456 0.9312748313 0.3443778455
-246.4 496.7 2133.7 -0.9463189244 0.2317278683 -0.2253502607 -0.1566267759 0.2811217010 0.9468044043 0.2827518284 0.9312748313 -0.2297360003
187.9 214.6 2132.2 -0.1655857116 0.8441905379 0.5098271370 -0.1531490535 0.4886804521 -0.8589160442 -0.9742313623 -0.2203037590 0.0483684838
152.4 181.8 1923.2 -0.3450458050 0.8441905379 -0.4102264345 0.8099030256 0.4886804521 0.3244203031 0.4743421972 -0.2203037590 -0.8523296118
-93.0 -138.4 2186.5 0.8454070687 0.0645816103 0.5302038789 -0.0303243306 0.9968655705 -0.0730714798 -0.5332610607 0.0456970632 0.8447155952
-118.3 -528.8 2168.6 0.8447796702 0.0478792712 0.5329680443 -0.0454322286 0.9988102913 -0.0177160501 -0.5331822038 -0.0092477659 0.8459498882
84.5 -163.8 2163.9 0.9957074523 -0.0423643440 0.0822915137 0.0512458049 0.9927197695 -0.1090016216 -0.0770746246 0.1127508208 0.9906294942
101.1 -552.7 2119.7 0.9973868728 0.0242700428 0.0680465922 -0.0348675326 0.9866358638 0.1591663212 -0.0632742345 -0.1611230224 0.9849039316
-4.0 536.8 2061.2 0 0 0 0 0 0 0 0 0
64.0 389.2 2044.6 0 0 0 0 0 0 0 0 0
-136.4 -904.7 2172.1 0 0 0 0 0 0 0 0 0
91.9 -924.2 2180.4 0 0 0 0 0 0 0 0 0
74.1 430.5 2131.4 0 0.9753741622 0.1337118745 0.1754033267 -0.1451174617 0.9879485965 0.0538381077 -0.1660906672 -0.0779663846 0.9830234647
47.8 235.9 2146.8 0.9753741622 0.1337118745 0.1754033267 -0.1451174617 0.9879485965 0.0538381077 -0.1660906672 -0.0779663846 0.9830234647
21.6 42.4 2162.0 0.9753276706 0.1340491921 0.1754046381 -0.1454609036 0.9878975153 0.0538478792 -0.1660635471 -0.0780338421 0.9830226898
-91.1 256.7 2170.4 0.5386144519 0.2318083942 -0.8100365996 -0.8329038024 0.2915705144 -0.4703806043 0.1271446198 0.9280363917 0.3501181901
-246.3 496.7 2133.8 -0.9475125670 0.2318083942 -0.2201926857 -0.1482733637 0.2915705144 0.9449876547 0.2832577527 0.9280363917 -0.2418957055
186.7 215.1 2123.1 -0.1676348448 0.8405119181 0.5152069926 -0.1575071365 0.4930549562 -0.8556215763 -0.9731855392 -0.2245807797 0.0497334413
152.7 183.2 1925.6 -0.3498951793 0.8405119181 -0.4136581421 0.8104618192 0.4930549562 0.3163043559 0.4698137939 -0.2245807797 -0.8537203670
-94.6 -138.9 2185.6 0.8226240277 0.0615427904 0.5652452707 -0.0192604493 0.9965705872 -0.0804741383 -0.5682594180 0.0553130805 0.8209882379
-118.7 -529.2 2164.0 0.8208934069 0.0551908650 0.5684083104 -0.0690726489 0.9976074696 0.0028895768 -0.5668888688 -0.0416334979 0.8227415681
82.8 -165.1 2163.0 0.9910691381 -0.0442767292 0.1257835329 0.0587918721 0.9917238951 -0.1141367331 -0.1196889430 0.1205124408 0.9854701161
100.2 -553.5 2115.8 0.9938615561 0.0256787315 0.1076094583 -0.0446171425 0.9831131101 0.1774766743 -0.1012348905 -0.1811884642 0.9782240391
-3.6 534.7 2061.2 0 0 0 0 0 0 0 0 0
63.0 390.7 2045.9 0 0 0 0 0 0 0 0 0
-139.5 -904.6 2179.7 0 0 0 0 0 0 0 0 0
90.5 -923.7 2184.0 0 0 0 0 0 0 0 0 0
72.4 431.8 2132.7 1 0.9737793803 0.1298943907 0.1867649257 -0.1417014003 0.9885810614 0.0512664840 -0.1779730469 -0.0763870999 0.9810660481
46.8 237.1 2147.7 0.9737793803 0.1298943907 0.1867649257 -0.1417014003 0.9885810614 0.0512664840 -0.1779730469 -0.0763870999 0.9810660481
21.3 43.5 2162.7 0.9737574458 0.1300537586 0.1867685765 -0.1418685317 0.9885556102 0.0512942299 -0.1779601276 -0.0764447227 0.9810639024
-91.9 257.3 2173.1 0.5348185897 0.2302183360 -0.8129997849 -0.8336258531 0.3008723557 -0.4631886780 0.1379746199 0.9254595637 0.3528280854
-246.1 497.6 2133.3 -0.9474508762 0.2302183360 -0.2221179307 -0.1477664113 0.3008723557 0.9421469569 0.2837286592 0.9254595637 -0.2510432303
185.5 216.8 2122.4 -0.1644668132 0.8417239189 0.5142484903 -0.1661850512 0.4902497828 -0.8555920124 -0.9722824693 -0.2261769027 0.0592521057
152.1 183.2 1925.3 -0.3477064669 0.8417239189 -0.4130388200 0.8126996756 0.4902497828 0.3149196804 0.4675676227 -0.2261769027 -0.8545317650
-92.7 -137.9 2192.3 0.8159901500 0.0653039366 0.5743652582 -0.0142322369 0.9955667853 -0.0929740593 -0.5778905749 0.0676914155 0.8133021593
-118.2 -527.8 2165.8 0.8146402240 0.0511814505 0.5777038932 -0.0518902801 0.9985356927 -0.0152926007 -0.5776406527 -0.0175192486 0.8161031604
83.5 -164.2 2162.3 0.9895508289 -0.0440518521 0.1372903287 0.0591332354 0.9924141765 -0.1077836752 -0.1315008104 0.1147758439 0.9846491814
100.8 -553.0 2117.3 0.9922359586 0.0346651860 0.1194411218 -0.0553726144 0.9830662012 0.1746845990 -0.1113630533 -0.1799421012 0.9773530960
-3.4 535.5 2060.7 0 0 0 0 0 0 0 0 0
63.1 391.3 2045.0 0 0 0 0 0 0 0 0 0
-137.5 -903.6 2172.4 0 0 0 0 0 0 0 0 0
87.7 -923.2 2185.1 0 0 0 0 0 0 0 0 0
73.1 431.3 2132.3 2 0.9725909829 0.1326019317 0.1910064816 -0.1445928216 0.9882165790 0.0502090529 -0.1820979416 -0.0764510408 0.9803038239
47.0 236.7 2147.4 0.9725909829 0.1326019317 0.1910064816 -0.1445928216 0.9882165790 0.0502090529 -0.1820979416 -0.0764510408 0.9803038239
21.0 43.1 2162.4 0.9725799561 0.1326816082 0.1910075247 -0.1446753144 0.9882040620 0.0502168685 -0.1820915639 -0.0764739960 0.9803032279
-91.6 257.3 2173.3 0.5368919373 0.2439855784 -0.8076002002 -0.8338156939 0.2992046177 -0.4639267027 0.1284462810 0.9224682450 0.3640795350
-246.8 498.3 2136.2 -0.9438814521 0.2439855784 -0.2226182371 -0.1450904757 0.2992046177 0.9430934787 0.2967096269 0.9224682450 -0.2470136881
185.6 216.0 2121.5 -0.1641079783 0.8415234089 0.5146911144 -0.1631488055 0.4914247692 -0.8555023074 -0.9728571773 -0.2243659943 0.0566468090
152.5 183.2 1925.5 -0.3493104577 0.8415234089 -0.4120929539 0.8118033409 0.4914247692 0.3153997660 0.4679289758 -0.2243659943 -0.8548113108
-92.1 -137.3 2193.7 0.8134370446 0.0662574768 0.5778668523 -0.0177114755 0.9958516359 -0.0892514288 -0.5813832283 0.0623655468 0.8112361431
-118.0 -527.4 2169.3 0.8121167421 0.0559322573 0.5808081031 -0.0479369983 0.9984257817 -0.0291210972 -0.5815225840 -0.0041924655 0.8135194778
83.9 -163.0 2161.6 0.9891905189 -0.0412416458 0.1407169849 0.0556630529 0.9934151769 -0.1001391932 -0.1356604993 0.1068894789 0.9849725366
100.0 -552.1 2119.7 0.9917023182 0.0284706894 0.1253633201 -0.0483965054 0.9861084223 0.1588960588 -0.1190979481 -0.1636447459 0.9793038964
-5.0 535.4 2060.2 0 0 0 0 0 0 0 0 0
63.0 391.1 2045.4 0 0 0 0 0 0 0 0 0
-139.1 -903.3 2170.9 0 0 0 0 0 0 0 0 0
89.3 -923.4 2181.3 0 0 0 0 0 0 0 0 0
71.3 432.5 2131.7 3 0.9677335620 0.1287502199 0.2165989280 -0.1420547068 0.9887445569 0.0469532758 -0.2081157714 -0.0762071609 0.9751309156
45.9 237.8 2146.7 0.9677335620 0.1287502199 0.2165989280 -0.1420547068 0.9887445569 0.0469532758 -0.2081157714 -0.0762071609 0.9751309156
20.7 44.1 2161.6 0.9677272439 0.1287863106 0.2166059017 -0.1421035528 0.9887350202 0.0470067449 -0.2081120163 -0.0762701705 0.9751268029
-91.9 258.0 2176.3 0.5359886289 0.2348953038 -0.8108886480 -0.8317772150 0.3112688959 -0.4596285224 0.1444398165 0.9208343625 0.3622171581
-246.5 497.9 2134.7 -0.9452775121 0.2348953038 -0.2264390588 -0.1475389153 0.3112688959 0.9387992024 0.2910029590 0.9208343625 -0.2595792711
183.8 217.5 2117.0 -0.1572250724 0.8407620192 0.5180729032 -0.1745787412 0.4926731884 -0.8525229692 -0.9720095396 -0.2244825065 0.0693185851
152.8 183.1 1925.3 -0.3508928716 0.8407620192 -0.4123026431 0.8116214275 0.4926731884 0.3139168024 0.4670597613 -0.2244825065 -0.8552559614
-92.8 -137.3 2193.8 0.7982012630 0.0579746030 0.5995945930 -0.0093373666 0.9964292645 -0.0839141905 -0.6023184657 0.0613817759 0.7958924174
-115.6 -527.6 2169.8 0.7961330414 0.0663084015 0.6014776230 -0.0508578829 0.9977934361 -0.0426822975 -0.6029806137 0.0033909085 0.7977486253
82.9 -163.5 2160.9 0.9850677252 -0.0443654507 0.1663530469 0.0607096329 0.9936732054 -0.0944878235 -0.1611085683 0.1031761393 0.9815287590
100.3 -552.7 2120.5 0.9878810048 0.0376400277 0.1505802274 -0.0604461022 0.9868553877 0.1498755366 -0.1429595947 -0.1571611762 0.9771708846
-4.4 535.7 2060.1 0 0 0 0 0 0 0 0 0
62.9 390.9 2045.0 0 0 0 0 0 0 0 0 0
-140.5 -903.3 2168.5 0 0 0 0 0 0 0 0 0
86.1 -924.4 2179.7 0 0 0 0 0 0 0 0 0
69.3 433.2 2135.0 4 0.9700757861 0.1248500422 0.2082438022 -0.1363425553 0.9897828102 0.0417212360 -0.2009072453 -0.0688652545 0.9771866798
44.7 238.2 2148.5 0.9700757861 0.1248500422 0.2082438022 -0.1363425553 0.9897828102 0.0417212360 -0.2009072453 -0.0688652545 0.9771866798
20.3 44.3 2162.0 0.9700695872 0.1248968840 0.2082445771 -0.1363916844 0.9897757769 0.0417273827 -0.2009038329 -0.0688812956 0.9771862626
-93.5 257.6 2177.2 0.5324193835 0.2202300131 -0.8173300028 -0.8321523070 0.3130805492 -0.4577150941 0.1550875455 0.9238394499 0.3499550819
-245.8 495.7 2132.8 -0.9442760348 0.2202300131 -0.2446252853 -0.1690878868 0.3130805492 0.9345532656 0.2824041247 0.9238394499 -0.2583962381
183.0 218.7 2119.9 -0.1496002227 0.8415485620 0.5190528035 -0.1763944775 0.4938231111 -0.8514832258 -0.9728847742 -0.2189401388 0.0745684654
153.1 183.5 1925.7 -0.3543766141 0.8415485620 -0.4076926112 0.8106029630 0.4938231111 0.3147405386 0.4661974907 -0.2189401388 -0.8571611047
-91.9 -136.7 2195.3 0.8030728698 0.0647641569 0.5923509002 -0.0045871981 0.9947185516 -0.1025376245 -0.5958631635 0.0796279535 0.7991285324
-117.3 -526.3 2164.1 0.8002755642 0.0676328167 0.5958060026 -0.0770599768 0.9969795942 -0.0096664317 -0.5946602225 -0.0381769873 0.8030701876
82.9 -162.4 2157.7 0.9863675237 -0.0456471890 0.1580996215 0.0604111701 0.9941194057 -0.0898728296 -0.1530674696 0.0981986150 0.9833246469
100.8 -551.8 2119.3 0.9888792038 0.0411620922 0.1429110914 -0.0622900091 0.9872218966 0.1466728449 -0.1350475997 -0.1539436579 0.9788071513
-4.0 539.0 2060.5 0 0 0 0 0 0 0 0 0
62.3 391.1 2045.1 0 0 0 0 0 0 0 0 0
-142.7 -901.4 2178.5 0 0 0 0 0 0 0 0 0
85.3 -923.6 2177.2 0 0 0 0 0 0 0 0 0
13.0 461.7 2148.1 5 0.9703095555 -0.1407643557 0.1966843009 0.1370785385 0.9900334477 0.0322994888 -0.1992706507 -0.0043793060 0.9799346924
44.7 238.7 2149.1 0.9703095555 -0.1407643557 0.1966843009 0.1370785385 0.9900334477 0.0322994888 -0.1992706507 -0.0043793060 0.9799346924
20.6 44.8 2161.9 0.9726657867 0.1235411987 0.1966184527 -0.1338281035 0.9902021885 0.0398703404 -0.1897663921 -0.0650935918 0.9796690941
-93.9 257.8 2176.1 0.5401304960 0.2163496315 -0.8132969141 -0.8282173276 0.3081854880 -0.4680573940 0.1493822634 0.9263986945 0.3456448913
-247.3 493.0 2133.7 -0.9404725432 0.2163496315 -0.2621149719 -0.1889609098 0.3081854880 0.9323709011 0.2824981213 0.9263986945 -0.2489583641
183.3 219.6 2122.1 -0.1477978081 0.8354122639 0.5293790102 -0.1798821241 0.5036233068 -0.8449887037 -0.9725216031 -0.2201133072 0.0758413151
153.5 183.3 1925.4 -0.3604462743 0.8354122639 -0.4149274826 0.8043487072 0.5036233068 0.3152566254 0.4723364115 -0.2201133072 -0.8534919024
-91.8 -137.2 2193.7 0.8087406754 0.0695653930 0.5840370059 -0.0213115513 0.9957947135 -0.0890993848 -0.5877791643 0.0596115589 0.8068222404
-119.1 -527.1 2170.3 0.8081212640 0.0510531776 0.5867995024 -0.0348918252 0.9986363649 -0.0388322324 -0.5879818201 0.0109066460 0.8088006377
83.5 -161.9 2157.4 0.9878267646 -0.0520250835 0.1466003060 0.0657022595 0.9937674999 -0.0900517255 -0.1410016716 0.0985874757 0.9850883484
103.9 -551.1 2118.7 0.9892935753 0.0676532015 0.1293105781 -0.0877947882 0.9836839437 0.1570285410 -0.1165772602 -0.1667001247 0.9790918231
-6.5 541.4 2061.4 0 0 0 0 0 0 0 0 0
61.1 389.3 2046.4 0 0 0 0 0 0 0 0 0
-138.3 -902.6 2166.2 0 0 0 0 0 0 0 0 0
78.4 -921.5 2181.5 0 0 0 0 0 0 0 0 0
41.6 448.6 2142.3 6 0.9820278883 -0.0181293003 0.1878629774 0.0117823100 0.9993231893 0.0348470621 -0.1883675903 -0.0320073292 0.9815768600
45.4 239.5 2149.0 0.9820278883 -0.0181293003 0.1878629774 0.0117823100 0.9993231893 0.0348470621 -0.1883675903 -0.0320073292 0.9815768600
21.3 45.5 2161.5 0.9744086862 0.1230099425 0.1881389469 -0.1327599138 0.9903374314 0.0400824249 -0.1813905090 -0.0640339702 0.9813241959
-93.4 258.4 2174.8 0.5541514158 0.2161704153 -0.8038572669 -0.8198997378 0.3085763752 -0.4822292626 0.1438076794 0.9263104200 0.3482361138
-249.1 488.7 2134.4 -0.9331709743 0.2161704153 -0.2871623933 -0.2137423754 0.3085763752 0.9268736839 0.2889741957 0.9263104200 -0.2417497635
184.3 220.6 2123.1 -0.1502721459 0.8271817565 0.5414689183 -0.1793538332 0.5157910585 -0.8377301693 -0.9722399116 -0.2230020314 0.0708491951
153.6 184.0 1924.7 -0.3732406795 0.8271817565 -0.4200734794 0.8009665608 0.5157910585 0.3039936125 0.4681281149 -0.2230020314 -0.8550591469
-91.5 -137.1 2191.8 0.8141167164 0.0660265312 0.5769354105 -0.0155723644 0.9956399798 -0.0919703171 -0.5804924369 0.0658903196 0.8115953207
-117.4 -527.0 2165.9 0.8123238683 0.0618971549 0.5799126625 -0.0544345453 0.9980581999 -0.0302778054 -0.5806607008 -0.0069718990 0.8141158223
84.3 -161.3 2157.5 0.9891892076 -0.0487767383 0.1382953078 0.0617841445 0.9938977957 -0.0913777798 -0.1329942942 0.0989343747 0.9861665964
103.4 -550.6 2118.7 0.9903606176 0.0632480085 0.1232297570 -0.0806065649 0.9866650701 0.1414022446 -0.1126430929 -0.1499723494 0.9822524190
-10.2 543.4 2060.5 0 0 0 0 0 0 0 0 0
58.0 389.1 2044.6 0 0 0 0 0 0 0 0 0
-140.7 -902.5 2168.6 0 0 0 0 0 0 0 0 0
79.6 -922.1 2175.2 0 0 0 0 0 0 0 0 0
57.6 442.8 2142.6 7 0.9844578505 0.0546775572 0.1668923944 -0.0602613725 0.9977735281 0.0285750739 -0.1649584025 -0.0381881222 0.9855609536
46.5 240.7 2150.3 0.9844578505 0.0546775572 0.1668923944 -0.0602613725 0.9977735281 0.0285750739 -0.1649584025 -0.0381881222 0.9855609536
21.6 46.7 2160.9 0.9776411653 0.1274504811 0.1672547311 -0.1346733421 0.9903559089 0.0325303413 -0.1614957154 -0.0543277524 0.9853768945
-92.8 259.9 2173.3 0.5580378771 0.2086118162 -0.8031654954 -0.8168955445 0.3082337976 -0.4875177443 0.1458608061 0.9281557202 0.3424201906
-248.5 487.9 2132.6 -0.9311612844 0.2086118162 -0.2990313768 -0.2275767773 0.3082337976 0.9236886501 0.2848639488 0.9281557202 -0.2395401746
185.8 221.5 2127.3 -0.1532211602 0.8250286579 0.5439218283 -0.1820366234 0.5174368620 -0.8361350298 -0.9712805748 -0.2271272838 0.0709031671
153.8 183.5 1924.3 -0.3714132011 0.8250286579 -0.4258871973 0.7994514704 0.5174368620 0.3051826656 0.4721541703 -0.2271272838 -0.8517532945
-90.8 -136.4 2190.5 0.8261556625 0.0673163086 0.5594062209 -0.0159799010 0.9952374101 -0.0961623564 -0.5632153153 0.0705058128 0.8232967257
-117.2 -526.3 2162.9 0.8247196674 0.0496219322 0.5633605719 -0.0644410253 0.9979007244 0.0064399606 -0.5618583560 -0.0416146964 0.8261860609
85.3 -160.5 2157.7 0.9921262860 -0.0447706655 0.1169657484 0.0566215143 0.9933705330 -0.1000449434 -0.1117112488 0.1058799997 0.9880840182
102.9 -549.6 2116.2 0.9931922555 0.0577053130 0.1011890173 -0.0737878457 0.9838311672 0.1631919593 -0.0901358649 -0.1695475131 0.9813914299
-10.1 546.2 2059.7 0 0 0 0 0 0 0 0 0
58.7 388.2 2045.2 0 0 0 0 0 0 0 0 0
-135.9 -901.7 2178.5 0 0 0 0 0 0 0 0 0
81.1 -920.0 2180.0 0 0 0 0 0 0 0 0 0
25.2 463.6 2139.4 8 0.9845635295 -0.1056259274 0.1395630091 0.0972342864 0.9930935502 0.0656556338 -0.1455340683 -0.0510718338 0.9880341887
48.7 243.3 2150.8 0.9845635295 -0.1056259274 0.1395630091 0.0972342864 0.9930935502 0.0656556338 -0.1455340683 -0.0510718338 0.9880341887
23.6 49.4 2161.7 0.9819672108 0.1278644651 0.1392516792 -0.1343114972 0.9902145267 0.0378899686 -0.1330442578 -0.0559098087 0.9895318747
-91.2 262.4 2169.7 0.5701731443 0.2172705233 -0.7922727466 -0.8112822771 0.3007246554 -0.5013838410 0.1293200254 0.9286324382 0.3477328420
-249.1 487.1 2133.9 -0.9292190075 0.2172705233 -0.2989073694 -0.2276056707 0.3007246554 0.9261535406 0.2911146581 0.9286324382 -0.2299870551
188.6 224.2 2131.8 -0.1635828912 0.8191990256 0.5496850014 -0.1893901080 0.5207492113 -0.8324371576 -0.9681797624 -0.2402773798 0.0699625388
153.7 183.8 1925.4 -0.3724158406 0.8191990256 -0.4361414611 0.8016300797 0.5207492113 0.2936145961 0.4676491022 -0.2402773798 -0.8506298065
-91.7 -135.0 2186.2 0.8416568041 0.0577627830 0.5369146466 -0.0200596564 0.9969207644 -0.0758064091 -0.5396401286 0.0530326590 0.8402237892
-114.3 -525.5 2165.4 0.8396392465 0.0639705434 0.5393641591 -0.0646215156 0.9977521896 -0.0177393742 -0.5392865539 -0.0199598540 0.8418857455
85.0 -159.4 2157.0 0.9950373769 -0.0444734544 0.0890095979 0.0528324358 0.9941813946 -0.0938726366 -0.0843168423 0.0981093794 0.9915972948
102.4 -548.8 2118.5 0.9953815937 0.0584767647 0.0761314034 -0.0688303038 0.9875603914 0.1413750052 -0.0669172034 -0.1459622234 0.9870243669
-11.1 545.4 2059.3 0 0 0 0 0 0 0 0 0
58.3 389.1 2045.1 0 0 0 0 0 0 0 0 0
-138.4 -900.9 2172.9 0 0 0 0 0 0 0 0 0
80.4 -920.6 2173.5 0 0 0 0 0 0 0 0 0
4.2 476.6 2138.4 9 0.9780651331 -0.1711227298 0.1187669709 0.1622166634 0.9834201932 0.0810585916 -0.1306688040 -0.0600146018 0.9896079302
44.5 245.6 2152.5 0.9780651331 -0.1711227298 0.1187669709 0.1622166634 0.9834201932 0.0810585916 -0.1306688040 -0.0600146018 0.9896079302
21.9 51.3 2162.3 0.9860645533 0.1151906848 0.1200326011 -0.1203179136 0.9920694232 0.0363573842 -0.1148926392 -0.0502928011 0.9921039939
-96.0 262.8 2168.8 0.5604578257 0.2068904489 -0.8019247651 -0.8184468150 0.2864013016 -0.4981155694 0.1266169548 0.9355055690 0.3298446834
-249.4 486.7 2134.2 -0.9248359203 0.2068904489 -0.3191783726 -0.2546950579 0.2864013016 0.9236366749 0.2825047076 0.9355055690 -0.2121802568
184.9 228.5 2136.1 -0.1448840350 0.8234100938 0.5486387610 -0.2067803144 0.5170479417 -0.8306041956 -0.9676004052 -0.2337889820 0.0953529999
153.2 183.2 1924.2 -0.3668168485 0.8234100938 -0.4329448640 0.7993496060 0.5170479417 0.3061072826 0.4759050608 -0.2337889820 -0.8478543758
-90.1 -132.4 2184.7 0.8509406447 0.0593120568 0.5219023228 -0.0248855297 0.9970408082 -0.0727347434 -0.5246719718 0.0489051342 0.8498985767
-113.3 -523.0 2165.5 0.8485746384 0.0706805438 0.5243332386 -0.0712497309 0.9972751737 -0.0191237926 -0.5242562294 -0.0211306382 0.8512983918
87.3 -156.7 2160.6 0.9966409802 -0.0383863412 0.0723411292 0.0463132374 0.9927076101 -0.1112957150 -0.0675413534 0.1142722219 0.9911508560
102.4 -545.5 2115.9 0.9970137477 0.0488629714 0.0598000176 -0.0574705712 0.9867204428 0.1519206166 -0.0515826084 -0.1549036801 0.9865820408
-12.6 551.9 2061.8 0 0 0 0 0 0 0 0 0
59.2 387.9 2046.1 0 0 0 0 0 0 0 0 0
-140.0 -898.4 2173.5 0 0 0 0 0 0 0 0 0
84.0 -917.1 2174.2 0 0 0 0 0 0 0 0 0
-7.4 484.7 2137.8 0 0.9691892862 -0.2242068797 0.1019968465 0.2154825628 0.9723628759 0.0898758695 -0.1193287373 -0.0651281849 0.9907163978
47.3 247.3 2153.7 0.9691892862 -0.2242068797 0.1019968465 0.2154825628 0.9723628759 0.0898758695 -0.1193287373 -0.0651281849 0.9907163978
22.3 53.2 2161.2 0.9862119555 0.1277550161 0.1051885188 -0.1310398579 0.9910642505 0.0249044057 -0.1010669172 -0.0383449122 0.9941403866
-93.2 266.0 2168.1 0.5808075070 0.1886648834 -0.7918763757 -0.8048990965 0.2784757316 -0.5240121484 0.1216556802 0.9417307377 0.3135969937
-250.5 484.0 2135.2 -0.9143535495 0.1886648834 -0.3582780063 -0.3000424206 0.2784757316 0.9123737216 0.2719046175 0.9417307377 -0.1980178207
187.8 228.6 2139.3 -0.1530318707 0.8183055520 0.5540372133 -0.2043848336 0.5223109126 -0.8278998733 -0.9668547511 -0.2399318665 0.0873190314
153.7 183.0 1923.6 -0.3676082194 0.8183055520 -0.4418599010 0.7964733839 0.5223109126 0.3046661615 0.4800982773 -0.2399318665 -0.8437643647
-89.7 -132.1 2182.6 0.8586206436 0.0616471432 0.5088911057 -0.0288019106 0.9969758391 -0.0721781030 -0.5118017197 0.0473165736 0.8577995896
-113.9 -522.6 2164.0 0.8569577932 0.0574010089 0.5121800900 -0.0711431652 0.9974398017 0.0072487090 -0.5104526877 -0.0426499508 0.8588474989
88.4 -153.8 2161.8 0.9980630875 -0.0279813949 0.0555621795 0.0342394300 0.9927659035 -0.1150807440 -0.0519401170 0.1167602539 0.9918010235
99.4 -542.7 2116.1 0.9984234571 0.0310066808 0.0467887633 -0.0371654630 0.9898601770 0.1370968372 -0.0420634151 -0.1386196315 0.9894520044
-16.6 560.8 2065.6 0 0 0 0 0 0 0 0 0
59.5 387.0 2046.6 0 0 0 0 0 0 0 0 0
-135.5 -898.1 2180.1 0 0 0 0 0 0 0 0 0
87.7 -915.4 2168.3 0 0 0 0 0 0 0 0 0
-13.5 486.3 2138.0 1 0.9720916152 -0.2262692899 0.0619685128 0.2202590257 0.9711887240 0.0909855217 -0.0807703510 -0.0747971386 0.9939222932
41.6 249.9 2156.3 0.9720916152 -0.2262692899 0.0619685128 0.2202590257 0.9711887240 0.0909855217 -0.0807703510 -0.0747971386 0.9939222932
21.0 55.3 2160.2 0.9921685457 0.1055511683 0.0667871833 -0.1066132188 0.9942215681 0.0125327762 -0.0650784150 -0.0195550229 0.9976885319
-99.7 265.1 2165.5 0.5756872892 0.1786022931 -0.7979256511 -0.8101400733 0.2567184567 -0.5270376205 0.1107121110 0.9498404264 0.2924824357
-251.4 478.7 2136.3 -0.8893080950 0.1786022931 -0.4209897518 -0.3709300756 0.2567184567 0.8924721479 0.2674733996 0.9498404264 -0.1620528400
182.8 234.7 2147.0 -0.1263805181 0.8254813552 0.5500986576 -0.2204457521 0.5173073411 -0.8269200921 -0.9671771526 -0.2257734984 0.1165962890
153.8 184.0 1924.7 -0.3686634600 0.8254813552 -0.4273965359 0.7970488667 0.5173073411 0.3116187453 0.4783308208 -0.2257734984 -0.8486612439
-91.8 -129.0 2177.9 0.8767659664 0.0487404093 0.4784410596 -0.0268814713 0.9982624650 -0.0524348058 -0.4801654518 0.0331118517 0.8765527606
-110.9 -520.0 2164.9 0.8728873730 0.0874847323 0.4800146222 -0.0930569470 0.9955856800 -0.0122294473 -0.4789655805 -0.0339937657 0.8771752119
86.4 -152.7 2159.6 0.9992935061 -0.0319276974 0.0198259614 0.0339289233 0.9932934046 -0.1105308682 -0.0161640011 0.1111254543 0.9936749339
99.0 -541.8 2116.1 0.9994307756 0.0318598114 0.0110953404 -0.0331304483 0.9889374375 0.1445859671 -0.0063661160 -0.1448712498 0.9894300103
-24.4 573.4 2068.0 0 0 0 0 0 0 0 0 0
59.3 388.2 2047.2 0 0 0 0 0 0 0 0 0
-143.8 -894.7 2177.7 0 0 0 0 0 0 0 0 0
87.0 -914.2 2170.6 0 0 0 0 0 0 0 0 0
-17.7 486.8 2137.7 2 0.9707846045 -0.2333828956 0.0557648838 0.2277970463 0.9694035649 0.0914618149 -0.0754043013 -0.0760866404 0.9942459464
38.7 252.3 2156.1 0.9707846045 -0.2333828956 0.0557648838 0.2277970463 0.9694035649 0.0914618149 -0.0754043013 -0.0760866404 0.9942459464
22.0 57.4 2162.7 0.9944795370 0.0857240111 0.0605127737 -0.0875546262 0.9957584143 0.0282730777 -0.0578324236 -0.0334151722 0.9977669120
-102.9 264.8 2164.3 0.5938857198 0.1654699296 -0.7873496413 -0.7982869148 0.2430578321 -0.5510542989 0.1001885757 0.9557942152 0.2764410377
-252.5 466.0 2139.1 -0.8663274050 0.1654699296 -0.4712711871 -0.4272951186 0.2430578321 0.8708282113 0.2586420476 0.9557942152 -0.1398631632
180.4 239.8 2147.8 -0.1108265072 0.8291766644 0.5478900671 -0.2378767431 0.5131304860 -0.8246889114 -0.9649518728 -0.2217276990 0.1403733790
154.9 185.1 1925.7 -0.3705953658 0.8291766644 -0.4184795618 0.8015842438 0.5131304860 0.3068546951 0.4691713750 -0.2217276990 -0.8548187017
-89.2 -129.7 2169.9 0.8787460923 0.0627321377 0.4731490612 -0.0437004752 0.9977357984 -0.0511223190 -0.4752847850 0.0242466964 0.8794978857
-113.7 -520.4 2160.4 0.8765004277 0.0677857175 0.4766047299 -0.0916732624 0.9954226017 0.0270165671 -0.4725917876 -0.0673719421 0.8787024617
90.0 -149.0 2158.2 0.9996031523 -0.0227670781 0.0165874828 0.0244549904 0.9936417341 -0.1099001393 -0.0139799099 0.1102621779 0.9938042164
98.9 -538.2 2115.0 0.9996501207 0.0244785827 0.0100201778 -0.0257374849 0.9875584245 0.1551320851 -0.0060980977 -0.1553356946 0.9878429174
-42.7 569.4 2076.4 0 0 0 0 0 0 0 0 0
59.9 390.4 2045.8 0 0 0 0 0 0 0 0 0
-139.2 -895.0 2185.8 0 0 0 0 0 0 0 0 0
89.7 -910.1 2173.5 0 0 0 0 0 0 0 0 0
-16.6 485.8 2137.0 3 0.9716830850 -0.2278962433 0.0624125004 0.2221959829 0.9711354375 0.0867462382 -0.0803801343 -0.0704220384 0.9942734838
38.3 251.9 2153.9 0.9716830850 -0.2278962433 0.0624125004 0.2221959829 0.9711354375 0.0867462382 -0.0803801343 -0.0704220384 0.9942734838
21.7 57.0 2161.6 0.9941697121 0.0850517303 0.0662777275 -0.0874099731 0.9956080317 0.0335281156 -0.0631350204 -0.0391259715 0.9972377419
-103.3 264.4 2162.9 0.6117721200 0.1620541662 -0.7742566466 -0.7862607241 0.2319385707 -0.5727115870 0.0867696777 0.9591365457 0.2693103552
-252.8 456.5 2141.7 -0.8397732377 0.1620541662 -0.5181885362 -0.4780024588 0.2319385707 0.8471824527 0.2574773729 0.9591365457 -0.1173135117
180.0 239.5 2144.9 -0.1095142514 0.8318664432 0.5440632105 -0.2407075614 0.5088686347 -0.8265062571 -0.9643995762 -0.2214743495 0.1445081830
155.2 185.0 1926.7 -0.3692350090 0.8318664432 -0.4143231511 0.8054044843 0.5088686347 0.3039348125 0.4636692405 -0.2214743495 -0.8578810692
-84.6 -129.6 2174.5 0.8755128384 0.0774875358 0.4769412875 -0.0527289994 0.9964844584 -0.0651027858 -0.4803092182 0.0318496898 0.8765207529
-114.9 -519.9 2162.0 0.8739702106 0.0603784844 0.4822142124 -0.0864738375 0.9957385063 0.0320487767 -0.4782242179 -0.0697085932 0.8754669428
95.1 -145.5 2164.0 0.9996743798 -0.0118210940 0.0226130430 0.0143930381 0.9930056334 -0.1171862707 -0.0210696086 0.1174735874 0.9928524494
99.7 -534.4 2118.0 0.9988283515 0.0444743484 0.0190782677 -0.0465393253 0.9908465743 0.1267170012 -0.0132679800 -0.1274564117 0.9917554259
-57.9 567.4 2082.0 0 0 0 0 0 0 0 0 0
60.6 391.3 2045.5 0 0 0 0 0 0 0 0 0
-137.7 -894.7 2188.3 0 0 0 0 0 0 0 0 0
83.0 -907.4 2166.0 0 0 0 0 0 0 0 0 0
-16.4 487.5 2142.1 4 0.9649730325 -0.2470830828 0.0881869495 0.2419258356 0.9681017995 0.0651985332 -0.1014833972 -0.0415801294 0.9939678907
44.3 249.7 2152.3 0.9649730325 -0.2470830828 0.0881869495 0.2419258356 0.9681017995 0.0651985332 -0.1014833972 -0.0415801294 0.9939678907
25.0 55.1 2161.7 0.9910461903 0.0984625742 0.0901806206 -0.1022931933 0.9939942956 0.0388780311 -0.0858109891 -0.0477547906 0.9951663017
-96.9 264.3 2164.6 0.6388453245 0.1512336731 -0.7543241978 -0.7645658851 0.2338103950 -0.6006427407 0.0855314359 0.9604483843 0.2649967968
-254.8 453.3 2143.4 -0.8342486620 0.1512336731 -0.5302429199 -0.4910019338 0.2338103950 0.8391959071 0.2508910000 0.9604483843 -0.1207999811
185.5 235.1 2140.1 -0.1331677586 0.8247152567 0.5496463180 -0.2234489322 0.5153234005 -0.8273525834 -0.9655759335 -0.2329945713 0.1156572849
155.9 185.5 1925.6 -0.3728321791 0.8247152567 -0.4252538979 0.8051835895 0.5153234005 0.2934641242 0.4611676335 -0.2329945713 -0.8561763763
-84.8 -130.0 2175.0 0.8646556735 0.0758053586 0.4966126382 -0.0504491143 0.9966548085 -0.0642969161 -0.4998254478 0.0305410288 0.8655875325
-114.5 -520.4 2163.0 0.8634582162 0.0572717525 0.5011584759 -0.0764025077 0.9969197512 0.0177090354 -0.4986005723 -0.0535807796 0.8651742935
94.9 -145.9 2163.6 0.9989103675 -0.0146877402 0.0442982316 0.0199284181 0.9925389886 -0.1202880740 -0.0422009602 0.1210398003 0.9917501807
100.6 -534.6 2116.2 0.9986680150 0.0338548906 0.0389362536 -0.0390894115 0.9889985919 0.1426666677 -0.0336779356 -0.1439986378 0.9890046716
-65.7 564.5 2086.6 0 0 0 0 0 0 0 0 0
60.4 391.7 2043.7 0 0 0 0 0 0 0 0 0
-136.0 -895.7 2183.2 0 0 0 0 0 0 0 0 0
87.9 -906.9 2170.4 0 0 0 0 0 0 0 0 0
-16.8 488.9 2139.2 5 0.9623813629 -0.2561577857 0.0905830860 0.2494485974 0.9651510715 0.0791126713 -0.1076916903 -0.0535407364 0.9927415848
46.8 249.2 2152.5 0.9623813629 -0.2561577857 0.0905830860 0.2494485974 0.9651510715 0.0791126713 -0.1076916903 -0.0535407364 0.9927415848
27.0 54.5 2161.0 0.9904106259 0.1010757387 0.0941834524 -0.1046342477 0.9939419627 0.0336305983 -0.0902136490 -0.0431629159 0.9949866533
-94.3 264.1 2165.4 0.6549685001 0.1377936304 -0.7429866195 -0.7499765754 0.2388590872 -0.6168317795 0.0924736261 0.9612280130 0.2597871721
-252.3 445.0 2143.0 -0.8148909211 0.1377936304 -0.5629971027 -0.5243028402 0.2388590872 0.8173450232 0.2471019030 0.9612280130 -0.1223985106
187.9 234.3 2139.6 -0.1432803869 0.8211858273 0.5523808002 -0.2210084051 0.5174960494 -0.8266517520 -0.9646896124 -0.2405237854 0.1073419377
156.0 185.0 1924.8 -0.3711485565 0.8211858273 -0.4334773123 0.8044893742 0.5174960494 0.2915385365 0.4637300968 -0.2405237854 -0.8527031541
-83.8 -130.3 2178.9 0.8628444076 0.0735870898 0.5000845194 -0.0464752205 0.9967050552 -0.0664762482 -0.5033285618 0.0341171175 0.8634213209
-112.6 -520.7 2165.5 0.8610362411 0.0699413046 0.5037109852 -0.0786750540 0.9968925714 -0.0039345832 -0.5024209023 -0.0362416692 0.8638632894
95.3 -148.8 2163.4 0.9986171722 -0.0218753591 0.0478035584 0.0276294574 0.9919928908 -0.1232345626 -0.0447249860 0.1243849397 0.9912255406
103.9 -537.4 2114.7 0.9975132942 0.0581732616 0.0397879928 -0.0637929663 0.9852427840 0.1588304341 -0.0299611483 -0.1609736681 0.9865038395
-69.8 562.5 2087.7 0 0 0 0 0 0 0 0 0
60.9 391.1 2043.5 0 0 0 0 0 0 0 0 0
-138.9 -896.0 2179.2 0 0 0 0 0 0 0 0 0
82.0 -908.2 2175.2 0 0 0 0 0 0 0 0 0
-16.8 491.1 2143.7 6 0.9605508447 -0.2635617256 0.0887540281 0.2588096261 0.9639642835 0.0615665056 -0.1017822847 -0.0361673646 0.9941490293
49.3 249.3 2152.8 0.9605508447 -0.2635617256 0.0887540281 0.2588096261 0.9639642835 0.0615665056 -0.1017822847 -0.0361673646 0.9941490293
27.2 54.9 2161.2 0.9894329906 0.1128855944 0.0909903571 -0.1162480637 0.9926874638 0.0325259566 -0.0866532773 -0.0427597091 0.9953204393
-91.7 265.9 2165.2 0.6675633192 0.1341457814 -0.7323688269 -0.7388513684 0.2408510745 -0.6293563247 0.0919663161 0.9612469077 0.2598971426
-251.2 442.4 2143.2 -0.8069226146 0.1341457814 -0.5752224326 -0.5365144014 0.2408510745 0.8087911010 0.2470388561 0.9612469077 -0.1223770231
190.3 232.7 2140.5 -0.1435282677 0.8165083528 0.5592081547 -0.2054995745 0.5281527638 -0.8239080906 -0.9680751562 -0.2331711501 0.0919872671
158.1 186.6 1923.2 -0.3799364567 0.8165083528 -0.4346980751 0.7956556678 0.5281527638 0.2966255248 0.4717842042 -0.2331711501 -0.8503239751
-82.3 -130.6 2177.6 0.8643177748 0.0761862844 0.4971422851 -0.0532334931 0.9967656732 -0.0602025315 -0.5001209974 0.0255694985 0.8655779958
-112.1 -521.1 2167.6 0.8632280827 0.0721293911 0.4996345341 -0.0699936599 0.9972812533 -0.0230424497 -0.4999381900 -0.0150803588 0.8659297824
96.7 -149.6 2161.3 0.9990088344 -0.0123893190 0.0427531749 0.0174818188 0.9925134182 -0.1208782122 -0.0409355015 0.1215058044 0.9917462468
101.6 -538.3 2113.7 0.9983112216 0.0443394147 0.0375324115 -0.0499099605 0.9852669239 0.1635790169 -0.0297264475 -0.1651760042 0.9858160019
-72.0 561.5 2088.3 0 0 0 0 0 0 0 0 0
60.8 390.4 2044.1 0 0 0 0 0 0 0 0 0
-139.3 -896.5 2173.3 0 0 0 0 0 0 0 0 0
84.9 -909.3 2175.9 0 0 0 0 0 0 0 0 0
-19.1 492.0 2141.0 7 0.9584653974 -0.2739557624 0.0793244988 0.2683408260 0.9604291320 0.0746263340 -0.0966298729 -0.0502407514 0.9940515757
49.9 250.1 2153.7 0.9584653974 -0.2739557624 0.0793244988 0.2683408260 0.9604291320 0.0746263340 -0.0966298729 -0.0502407514 0.9940515757
28.1 55.6 2160.9 0.9902691245 0.1115482152 0.0832110718 -0.1142057553 0.9930658937 0.0278772973 -0.0795244128 -0.0371092074 0.9961419702
-91.2 266.3 2165.0 0.6497200727 0.1309818923 -0.7488040924 -0.7540939450 0.2353862375 -0.6131358743 0.0959484726 0.9630353451 0.2517078221
-250.2 450.8 2141.5 -0.8050036430 0.1309818923 -0.5786302090 -0.5417158008 0.2353862375 0.8069307804 0.2418949157 0.9630353451 -0.1185318008
191.0 233.8 2142.3 -0.1438207328 0.8143016100 0.5623419881 -0.2023911625 0.5320351720 -0.8221778274 -0.9686864614 -0.2320592552 0.0882897601
158.4 187.9 1923.0 -0.3835971653 0.8143016100 -0.4356215298 0.7933163643 0.5320351720 0.2959522307 0.4727603495 -0.2320592552 -0.8500859737
-84.3 -129.0 2177.4 0.8673809171 0.0775016323 0.4915728569 -0.0609472394 0.9969062805 -0.0496312864 -0.4938986003 0.0130892219 0.8694210052
-114.7 -519.5 2172.3 0.8688861728 0.0524316654 0.4922273457 -0.0370404497 0.9984734654 -0.0409723185 -0.4936241806 0.0173679590 0.8695018888
94.5 -150.0 2161.7 0.9992870688 -0.0139374938 0.0350872800 0.0178470351 0.9933547974 -0.1137003154 -0.0332694203 0.1142454594 0.9928953052
100.0 -539.1 2117.0 0.9986935854 0.0412614606 0.0301433112 -0.0454141460 0.9871147275 0.1534344405 -0.0234239772 -0.1546029299 0.9876989722
-57.7 580.3 2083.7 0 0 0 0 0 0 0 0 0
60.2 391.1 2044.1 0 0 0 0 0 0 0 0 0
-134.4 -895.2 2165.7 0 0 0 0 0 0 0 0 0
84.4 -910.8 2175.2 0 0 0 0 0 0 0 0 0
-18.2 488.2 2139.6 8 0.9572889805 -0.2780474126 0.0792937428 0.2717472315 0.9588950872 0.0816921890 -0.0987486839 -0.0566551760 0.9934983253
50.4 251.3 2153.6 0.9572889805 -0.2780474126 0.0792937428 0.2717472315 0.9588950872 0.0816921890 -0.0987486839 -0.0566551760 0.9934983253
28.0 56.9 2160.9 0.9898781180 0.1145279706 0.0838129595 -0.1172067523 0.9927195907 0.0277551170 -0.0800240263 -0.0372976288 0.9960948825
-90.6 268.0 2165.0 0.6425867677 0.1534101367 -0.7506980300 -0.7606639862 0.2454251051 -0.6009632349 0.0920462906 0.9571999907 0.2744005024
-251.8 458.8 2142.0 -0.8146287203 0.1534101367 -0.5593258142 -0.5168799162 0.2454251051 0.8201229572 0.2630877793 0.9571999907 -0.1206357256
191.5 234.6 2142.2 -0.1417931020 0.8110854030 0.5674814582 -0.2041983157 0.5369780064 -0.8185093999 -0.9686061144 -0.2319377512 0.0894824862
159.2 188.1 1921.6 -0.3850179017 0.8110854030 -0.4403427243 0.7886259556 0.5369780064 0.2995392084 0.4794062376 -0.2319377512 -0.8463891149
-83.3 -128.6 2175.4 0.8677428961 0.0740827620 0.4914611280 -0.0532242209 0.9969935417 -0.0563118756 -0.4941553175 0.0227065943 0.8690770864
-112.3 -519.1 2166.5 0.8662766218 0.0738934427 0.4940693676 -0.0760979429 0.9969770312 -0.0156824011 -0.4937346280 -0.0240123644 0.8692810535
95.7 -149.3 2161.0 0.9993268847 -0.0108089596 0.0350564420 0.0140989609 0.9953771234 -0.0950033441 -0.0338674933 0.0954336599 0.9948595166
100.0 -539.1 2123.6 0.9985486865 0.0429992899 0.0324285626 -0.0458250269 0.9946925640 0.0921238735 -0.0282951873 -0.0934762061 0.9952193499
-50.2 586.7 2076.8 0 0 0 0 0 0 0 0 0
60.6 390.1 2044.4 0 0 0 0 0 0 0 0 0
-140.1 -894.0 2175.5 0 0 0 0 0 0 0 0 0
83.8 -913.0 2158.8 0 0 0 0 0 0 0 0 0
-18.3 488.7 2138.0 9 0.9557108879 -0.2738543451 0.1077982858 0.2649312913 0.9600464106 0.0901235566 -0.1281720847 -0.0575729273 0.9900794029
49.8 250.1 2152.3 0.9557108879 -0.2738543451 0.1077982858 0.2649312913 0.9600464106 0.0901235566 -0.1281720847 -0.0575729273 0.9900794029
29.4 55.6 2161.6 0.9881637096 0.1042777523 0.1125104576 -0.1089116782 0.9934051037 0.0358412825 -0.1080310121 -0.0476707593 0.9930039048
-91.0 265.7 2167.7 0.6490625143 0.1320840567 -0.7491806149 -0.7536463141 0.2457735687 -0.6096003652 0.1036103070 0.9602859616 0.2590670586
-251.5 452.1 2142.0 -0.8170807958 0.1320840567 -0.5611887574 -0.5214747190 0.2457735687 0.8171043396 0.2458518147 0.9602859616 -0.1319383532
190.6 234.6 2136.9 -0.1457727849 0.8136597276 0.5627682805 -0.2159992307 0.5289453268 -0.8207077384 -0.9654504657 -0.2411943674 0.0986440480
158.0 186.4 1921.4 -0.3763166368 0.8136597276 -0.4431068301 0.7954677939 0.5289453268 0.2957159281 0.4749914110 -0.2411943674 -0.8462910056
-83.9 -127.0 2175.5 0.8533793688 0.0734229311 0.5160936713 -0.0500184372 0.9969962835 -0.0591320731 -0.5188851357 0.0246478915 0.8544885516
-112.7 -517.5 2165.8 0.8519129753 0.0673718452 0.5193315744 -0.0760286376 0.9970948696 -0.0046335170 -0.5181350112 -0.0355367213 0.8545602560
95.1 -148.2 2161.0 0.9977686405 -0.0148468222 0.0650947765 0.0214213636 0.9946053028 -0.1014956534 -0.0632367283 0.1026635990 0.9927040339
100.9 -537.7 2120.8 0.9973730445 0.0392813087 0.0608600080 -0.0451163612 0.9941951036 0.0976759270 -0.0566698834 -0.1001651213 0.9933556914
-56.1 576.8 2083.2 0 0 0 0 0 0 0 0 0
61.7 390.1 2043.0 0 0 0 0 0 0 0 0 0
-138.0 -892.7 2179.2 0 0 0 0 0 0 0 0 0
86.1 -911.8 2158.5 0 0 0 0 0 0 0 0 0
-20.1 489.9 2138.6 0 0.9535408616 -0.2786452770 0.1145277768 0.2691841424 0.9587398767 0.0914208740 -0.1352763474 -0.0563444793 0.9892045259
49.8 249.3 2152.8 0.9535408616 -0.2786452770 0.1145277768 0.2691841424 0.9587398767 0.0914208740 -0.1352763474 -0.0563444793 0.9892045259
28.3 54.8 2161.8 0.9867181182 0.1099322587 0.1195919737 -0.1145978272 0.9928690195 0.0328401364 -0.1151289791 -0.0461089388 0.9922798276
-90.8 265.6 2169.2 0.6577823162 0.1237593070 -0.7429711223 -0.7449280024 0.2527514100 -0.6174131632 0.1113763750 0.9595834017 0.2584472001
-250.8 446.8 2142.1 -0.8116822839 0.1237593070 -0.5708375573 -0.5305019617 0.2527514100 0.8091257215 0.2444168478 0.9595834017 -0.1394992918
190.4 232.9 2136.4 -0.1416183412 0.8141222596 0.5631599426 -0.2056248784 0.5322926641 -0.8212081790 -0.9683298469 -0.2320978492 0.0920213982
158.9 187.1 1920.8 -0.3820213675 0.8141222596 -0.4373380542 0.7919656038 0.5322926641 0.2990902066 0.4762878418 -0.2320978492 -0.8481040597
-80.3 -129.1 2180.6 0.8490668535 0.0831197724 0.5217054486 -0.0586499833 0.9962711334 -0.0632772222 -0.5250196457 0.0231285766 0.8507757783
-112.8 -519.4 2171.6 0.8500001431 0.0539140478 0.5240162015 -0.0432445221 0.9985328913 -0.0325888693 -0.5250043869 0.0050397133 0.8510845900
98.3 -148.8 2161.1 0.9974151254 -0.0078108539 0.0714286119 0.0159584116 0.9933275580 -0.1142178774 -0.0700598657 0.1150625274 0.9908845425
101.4 -537.9 2116.1 0.9966627955 0.0461544432 0.0673279911 -0.0548134707 0.9895957708 0.1330249757 -0.0604877993 -0.1362715214 0.9888231754
-63.2 569.4 2085.6 0 0 0 0 0 0 0 0 0
61.0 390.0 2042.8 0 0 0 0 0 0 0 0 0
-133.1 -895.0 2169.7 0 0 0 0 0 0 0 0 0
84.0 -910.2 2167.3 0 0 0 0 0 0 0 0 0
