133.7 61.1 2650.9 64 0.9999745488 0.0027022653 -0.0066032968 -0.0021724824 0.9968754649 0.0789597631 0.0067960345 -0.0789434090 0.9968559146
133.1 -137.8 2666.7 0.9999745488 0.0027022653 -0.0066032968 -0.0021724824 0.9968754649 0.0789597631 0.0067960345 -0.0789434090 0.9968559146
133.4 -329.9 2682.8 0.9999778271 0.0009187669 -0.0065975348 -0.0003738023 0.9966213703 0.0821320042 0.0066507044 -0.0821277127 0.9965996146
-3.0 -136.5 2666.0 0.3504208028 -0.9160275459 -0.1951892227 0.9330104589 0.3596248925 -0.0127056781 0.0818336532 -0.1776612550 0.9806833267
-97.3 -387.6 2644.0 0.0527682751 -0.9160275459 -0.3976293206 0.5471106172 0.3596248925 -0.7558703423 0.8353953958 -0.1776612550 0.5201451778
269.3 -139.2 2667.4 0.2942259908 0.9519101977 0.0854289308 -0.7599128485 0.2872143388 -0.5831298232 -0.5796236396 0.1066533998 0.8078746796
327.4 -289.2 2552.9 -0.2870003581 0.9519101977 0.1072279140 0.9577672482 0.2872143388 0.0137770465 -0.0176828839 0.1066533998 -0.9941390157
45.5 -525.2 2697.3 0.9820886850 0.1737178862 -0.0729650036 -0.0558341965 -0.1015401036 -0.9932633638 -0.1799564958 0.9795466661 -0.0900219828
-19.0 -487.5 2333.6 0.9820886850 0.0540491343 0.1805006564 -0.0558341965 0.9984284043 0.0048195892 -0.1799564958 -0.0148113733 0.9835630655
224.6 -524.4 2698.4 0.9944649339 -0.1025125757 0.0230373163 0.0118788071 -0.1081572995 -0.9940628409 0.1043955982 0.9888342619 -0.1063409075
261.9 -485.1 2338.7 0.9944649339 -0.0090884492 -0.1046754345 0.0118788071 0.9995896816 0.0260647275 0.1043955982 -0.0271638762 0.9941648245
-111.2 -532.2 2423.1 0 0 0 0 0 0 0 0 0
250.1 -31.2 2548.1 0 0 0 0 0 0 0 0 0
-39.2 -860.2 2339.2 0 0 0 0 0 0 0 0 0
265.3 -858.1 2348.8 0 0 0 0 0 0 0 0 0
133.3 59.6 2643.9 65 0.9996926785 0.0063793026 0.0239557903 -0.0087683806 0.9948490262 0.1009878144 -0.0231881626 -0.1011668295 0.9945992231
132.0 -139.8 2664.2 0.9996926785 0.0063793026 0.0239557903 -0.0087683806 0.9948490262 0.1009878144 -0.0231881626 -0.1011668295 0.9945992231
131.4 -331.6 2683.5 0.9996963143 0.0058429688 0.0239410363 -0.0081770346 0.9950949550 0.0985856280 -0.0232475717 -0.0987514555 0.9948405623
-4.1 -137.3 2667.6 0.3596295714 -0.9182571769 -0.1657416523 0.9314296842 0.3638871014 0.0049939523 0.0557255186 -0.1561726779 0.9861565828
-100.9 -388.0 2652.6 0.0818859488 -0.9182571769 -0.3874253631 0.5603616238 0.3638871014 -0.7440302968 0.8241902590 -0.1561726779 0.5443533063
268.1 -142.2 2660.9 0.2710446119 0.9567872882 0.1053228602 -0.7716612220 0.2813906074 -0.5704018474 -0.5753901005 0.0733307675 0.8145850897
321.6 -294.6 2547.2 -0.2802913487 0.9567872882 0.0774263293 0.9595870972 0.2813906074 -0.0034483548 -0.0250863861 0.0733307675 -0.9969921112
43.7 -523.4 2698.1 0.9831052423 0.1669244319 -0.0751020163 -0.0598689169 -0.0944931135 -0.9937236905 -0.1729733795 0.9814312458 -0.0829030871
-18.1 -488.4 2334.7 0.9831052423 0.0588760078 0.1733138561 -0.0598689169 0.9982061386 0.0005022940 -0.1729733795 -0.0108699212 0.9848664999
222.9 -523.4 2699.3 0.9936128855 -0.1113883853 0.0180574078 0.0064769881 -0.1034623161 -0.9946122766 0.1126565188 0.9883765578 -0.1020800322
263.6 -485.6 2337.7 0.9936128855 -0.0021341306 -0.1128223687 0.0064769881 0.9992514253 0.0381403603 0.1126565188 -0.0386275016 0.9928829074
-122.5 -536.2 2434.7 0 0 0 0 0 0 0 0 0
246.1 -36.0 2540.5 0 0 0 0 0 0 0 0 0
-40.1 -861.0 2338.7 0 0 0 0 0 0 0 0 0
264.4 -858.5 2352.1 0 0 0 0 0 0 0 0 0
134.0 61.1 2650.5 66 0.9997375607 0.0103487540 0.0204383563 -0.0119926333 0.9965585470 0.0820196494 -0.0195192173 -0.0822432339 0.9964210987
131.9 -137.5 2666.8 0.9997375607 0.0103487540 0.0204383563 -0.0119926333 0.9965585470 0.0820196494 -0.0195192173 -0.0822432339 0.9964210987
130.3 -329.5 2684.2 0.9997298717 0.0109463530 0.0205036793 -0.0127133345 0.9960276484 0.0881319791 -0.0194575079 -0.0883688405 0.9958977699
-4.2 -134.5 2669.7 0.3638183177 -0.9159023762 -0.1695849001 0.9290710688 0.3698744178 -0.0044567552 0.0668070689 -0.1559349746 0.9855055213
-102.1 -384.5 2651.7 0.0813056380 -0.9159023762 -0.3930803835 0.5513732433 0.3698744178 -0.7477837205 0.8302872777 -0.1559349746 0.5350769758
268.0 -140.5 2664.0 0.2696404457 0.9578149915 0.0994208828 -0.7669301033 0.2760373950 -0.5793285370 -0.5823334455 0.0799615383 0.8090080023
321.2 -292.0 2549.0 -0.2756399214 0.9578149915 0.0813210905 0.9611246586 0.2760373950 0.0065369182 -0.0161865018 0.0799615383 -0.9966664910
40.7 -523.9 2704.8 0.9854530096 0.1514502168 -0.0771048740 -0.0627387166 -0.0974523649 -0.9932607412 -0.1579436064 0.9836492538 -0.0865329355
-16.1 -487.4 2335.4 0.9854530096 0.0636001378 0.1575987041 -0.0627387166 0.9979754090 -0.0104398727 -0.1579436064 0.0004004636 0.9874480367
219.8 -525.5 2700.6 0.9928880930 -0.1158417761 0.0274573229 0.0149478102 -0.1075053066 -0.9940921068 0.1181092039 0.9874326587 -0.1050091609
262.5 -485.8 2336.7 0.9928880930 -0.0106905401 -0.1185703725 0.0149478102 0.9992729425 0.0350739881 0.1181092039 -0.0365969129 0.9923260212
-123.6 -530.3 2432.2 0 0 0 0 0 0 0 0 0
247.0 -33.0 2544.6 0 0 0 0 0 0 0 0 0
-39.9 -859.9 2335.3 0 0 0 0 0 0 0 0 0
266.5 -858.8 2350.4 0 0 0 0 0 0 0 0 0
133.8 61.4 2643.7 67 0.9998525381 0.0132620540 0.0109098498 -0.0143254986 0.9944742322 0.1039991602 -0.0094703222 -0.1041401103 0.9945175648
131.2 -136.9 2664.5 0.9998525381 0.0132620540 0.0109098498 -0.0143254986 0.9944742322 0.1039991602 -0.0094703222 -0.1041401103 0.9945175648
129.2 -328.5 2685.3 0.9998592138 0.0127218030 0.0109400684 -0.0138134900 0.9942368865 0.1063119620 -0.0095245391 -0.1064481139 0.9942726493
-4.9 -133.7 2666.0 0.3640125096 -0.9140073061 -0.1791244149 0.9298654199 0.3676450849 0.0136906495 0.0533408597 -0.1715451628 0.9837311506
-102.9 -384.0 2651.6 0.0737708732 -0.9140073061 -0.3989342451 0.5664020777 0.3676450849 -0.7375810742 0.8208206892 -0.1715451628 0.5448170900
267.3 -140.1 2663.0 0.2745583355 0.9572503567 0.0910466760 -0.7776510119 0.2767380476 -0.5645130277 -0.5655763745 0.0841892064 0.8203874230
321.5 -293.7 2551.3 -0.2745821476 0.9572503567 0.0909747928 0.9608735442 0.2767380476 -0.0117490077 -0.0364229269 0.0841892064 -0.9957838655
38.6 -521.6 2703.1 0.9860864282 0.1483673751 -0.0749714151 -0.0613485798 -0.0943606943 -0.9936460257 -0.1544989944 0.9844202399 -0.0839456692
-16.8 -486.4 2335.1 0.9860864282 0.0612441935 0.1545404047 -0.0613485798 0.9981079698 -0.0040980536 -0.1544989944 -0.0054398002 0.9879779816
217.7 -523.9 2699.6 0.9921864867 -0.1224473566 0.0239300169 0.0104293637 -0.1097314581 -0.9939065576 0.1243271083 0.9863902330 -0.1075970232
262.3 -484.0 2340.6 0.9921864867 -0.0080292849 -0.1245051473 0.0104293637 0.9997718930 0.0186371412 0.1243271083 -0.0197900292 0.9920439124
-122.4 -533.7 2434.6 0 0 0 0 0 0 0 0 0
247.5 -34.8 2541.5 0 0 0 0 0 0 0 0 0
-39.7 -859.0 2337.2 0 0 0 0 0 0 0 0 0
265.3 -857.2 2348.0 0 0 0 0 0 0 0 0 0
135.2 62.4 2650.3 68 0.9998000860 0.0187434237 -0.0069635804 -0.0180677883 0.9960517883 0.0869157016 0.0085651847 -0.0867725089 0.9961913228
131.5 -136.0 2667.6 0.9998000860 0.0187434237 -0.0069635804 -0.0180677883 0.9960517883 0.0869157016 0.0085651847 -0.0867725089 0.9961913228
128.4 -327.8 2686.5 0.9998003840 0.0187945925 -0.0067828684 -0.0180528443 0.9951691031 0.0965016410 0.0085638100 -0.0963599309 0.9953097105
-4.6 -132.2 2666.7 0.3668372929 -0.9091858864 -0.1970062256 0.9277107716 0.3732688129 0.0048128897 0.0691604689 -0.1845303476 0.9803904295
-103.3 -381.9 2648.0 0.0611168332 -0.9091858864 -0.4118807912 0.5579950213 0.3732688129 -0.7411558032 0.8275906444 -0.1845303476 0.5301342010
267.6 -139.7 2668.6 0.2816109955 0.9566941261 0.0736991912 -0.7732462883 0.2717470527 -0.5729255676 -0.5681421161 0.1043545157 0.8162871599
323.2 -292.4 2556.4 -0.2698767185 0.9566941261 0.1091003045 0.9623658061 0.2717470527 -0.0023710264 -0.0319160335 0.1043545157 -0.9940279126
37.2 -520.3 2706.8 0.9871656299 0.1378930956 -0.0805571899 -0.0674396306 -0.0972972363 -0.9929678440 -0.1447613984 0.9856564999 -0.0867490321
-14.7 -483.6 2335.6 0.9871656299 0.0675772429 0.1446972191 -0.0674396306 0.9977061152 -0.0058615198 -0.1447613984 -0.0039720354 0.9894586205
216.3 -522.7 2705.1 0.9917749763 -0.1260854155 0.0220203307 0.0085397987 -0.1064737663 -0.9942788482 0.1277086586 0.9862889051 -0.1045212746
262.9 -483.4 2341.0 0.9917749763 -0.0054044742 -0.1278797090 0.0085397987 0.9996759295 0.0239821915 0.1277086586 -0.0248770043 0.9914996624
-119.5 -529.4 2429.2 0 0 0 0 0 0 0 0 0
250.5 -33.1 2547.8 0 0 0 0 0 0 0 0 0
-40.0 -856.1 2337.1 0 0 0 0 0 0 0 0 0
264.9 -856.6 2350.3 0 0 0 0 0 0 0 0 0
135.5 66.6 2653.2 69 0.9996911287 0.0224870481 0.0105807073 -0.0232786518 0.9963732362 0.0818440989 -0.0087019019 -0.0820651278 0.9965890050
131.1 -131.8 2669.5 0.9996911287 0.0224870481 0.0105807073 -0.0232786518 0.9963732362 0.0818440989 -0.0087019019 -0.0820651278 0.9965890050
127.2 -323.7 2686.8 0.9996893406 0.0224997196 0.0107233860 -0.0233586021 0.9958322048 0.0881624967 -0.0086950613 -0.0883855894 0.9960483909
-5.0 -127.3 2670.9 0.3729486763 -0.9101818800 -0.1802172959 0.9251629710 0.3795624971 -0.0024003531 0.0705884844 -0.1658351570 0.9836239219
-105.4 -376.2 2651.9 0.0782320872 -0.9101818800 -0.4067538977 0.5506881475 0.3795624971 -0.7434210777 0.8310368657 -0.1658351570 0.5309203267
267.1 -136.2 2668.1 0.2677108943 0.9597834945 0.0845367387 -0.7699050307 0.2658472061 -0.5801478028 -0.5792901516 0.0902266279 0.8101123571
320.0 -288.3 2553.7 -0.2652020156 0.9597834945 0.0921058357 0.9639999270 0.2658472061 0.0054170261 -0.0192869082 0.0902266279 -0.9957345128
35.2 -519.3 2704.4 0.9877861738 0.1345402002 -0.0785964876 -0.0666559637 -0.0910695344 -0.9936112761 -0.1408383995 0.9867143631 -0.0809893236
-14.9 -485.4 2337.0 0.9877861738 0.0672926083 0.1405353248 -0.0666559637 0.9977332354 -0.0092377616 -0.1408383995 -0.0002425844 0.9900325537
214.3 -522.6 2705.9 0.9914702773 -0.1291476637 0.0175362863 0.0040301755 -0.1041060612 -0.9945580363 0.1302704811 0.9861454368 -0.1026975811
262.0 -484.1 2341.3 0.9914702773 -0.0012433090 -0.1303268671 0.0040301755 0.9997687936 0.0211221054 0.1302704811 -0.0214671809 0.9912460446
-126.0 -521.8 2432.2 0 0 0 0 0 0 0 0 0
248.5 -28.5 2548.5 0 0 0 0 0 0 0 0 0
-40.1 -857.8 2337.1 0 0 0 0 0 0 0 0 0
262.5 -857.3 2349.3 0 0 0 0 0 0 0 0 0
135.2 67.9 2654.6 70 0.9995260239 0.0225279275 0.0209804010 -0.0240115281 0.9970152378 0.0733761787 -0.0192647669 -0.0738451704 0.9970836043
130.7 -130.8 2669.3 0.9995260239 0.0225279275 0.0209804010 -0.0240115281 0.9970152378 0.0733761787 -0.0192647669 -0.0738451704 0.9970836043
126.6 -322.9 2684.8 0.9994924068 0.0238656886 0.0211048480 -0.0254582372 0.9965713620 0.0787237585 -0.0191536900 -0.0792210922 0.9966730475
-5.3 -126.0 2672.1 0.3757592440 -0.9109615684 -0.1701588482 0.9236381650 0.3830989897 -0.0113005033 0.0754820034 -0.1529189348 0.9853518605
-106.5 -374.6 2651.8 0.0879778191 -0.9109615684 -0.4029999375 0.5426393747 0.3830989897 -0.7475143671 0.8353456855 -0.1529189348 0.5280278325
266.7 -135.5 2666.4 0.2600195706 0.9612593055 0.0914897919 -0.7649799585 0.2628864646 -0.5879594684 -0.5892329216 0.0828931108 0.8036997318
318.1 -286.6 2550.1 -0.2631865442 0.9612593055 0.0819353163 0.9647159576 0.2628864646 0.0146238580 -0.0074823657 0.0828931108 -0.9965303540
33.3 -514.9 2704.8 0.9885461926 0.1281251758 -0.0797517672 -0.0701345429 -0.0779018179 -0.9944910407 -0.1336321533 0.9886937141 -0.0680235475
-14.3 -486.0 2337.6 0.9885461926 0.0716861337 0.1328062564 -0.0701345429 0.9974038601 -0.0163305048 -0.1336321533 0.0068291523 0.9910074472
212.4 -519.1 2703.2 0.9905406833 -0.1358945370 0.0190224294 0.0056656767 -0.0980058685 -0.9951696992 0.1371024400 0.9858638644 -0.0963088647
261.9 -483.4 2344.1 0.9905406833 -0.0039828736 -0.1371616274 0.0056656767 0.9999133945 0.0118805431 0.1371024400 -0.0125452746 0.9904774427
-129.7 -518.0 2430.9 0 0 0 0 0 0 0 0 0
247.1 -26.7 2548.1 0 0 0 0 0 0 0 0 0
-41.0 -858.3 2335.0 0 0 0 0 0 0 0 0 0
263.4 -856.6 2348.7 0 0 0 0 0 0 0 0 0
136.0 65.5 2656.3 71 0.9992886782 0.0281014536 0.0251495373 -0.0297062118 0.9973845482 0.0658907965 -0.0232321341 -0.0665910244 0.9975098372
130.4 -133.3 2669.5 0.9992886782 0.0281014536 0.0251495373 -0.0297062118 0.9973845482 0.0658907965 -0.0232321341 -0.0665910244 0.9975098372
126.0 -325.5 2684.3 0.9993550181 0.0254112966 0.0253730379 -0.0272325091 0.9968699813 0.0742199570 -0.0234075952 -0.0748630539 0.9969190359
-5.6 -128.3 2673.0 0.3778036833 -0.9108642340 -0.1661047190 0.9225898385 0.3854748905 -0.0153965494 0.0780533627 -0.1474296600 0.9859879017
-107.2 -376.6 2651.9 0.0924504325 -0.9108642340 -0.4022179842 0.5387281179 0.3854748905 -0.7491202354 0.8373917341 -0.1474296600 0.5263454914
266.4 -138.3 2666.1 0.2561428845 0.9620862603 0.0937062278 -0.7628160715 0.2607229352 -0.5917221904 -0.5937191844 0.0800848082 0.8006771803
317.0 -289.0 2548.9 -0.2614012957 0.9620862603 0.0778421313 0.9652279615 0.2607229352 0.0189341381 -0.0020789548 0.0800848082 -0.9967858791
32.4 -514.0 2701.9 0.9885482192 0.1285907924 -0.0789732337 -0.0691316947 -0.0792831704 -0.9944521189 -0.1341386288 0.9885234237 -0.0694855452
-15.0 -484.8 2337.8 0.9885482192 0.0704499334 0.1334509999 -0.0691316947 0.9975022674 -0.0144918589 -0.1341386288 0.0051002088 0.9909494519
211.4 -518.6 2698.5 0.9899002910 -0.1388694048 0.0285077468 0.0151618337 -0.0962303355 -0.9952436090 0.1409521997 0.9856241941 -0.0931529254
261.6 -483.8 2342.8 0.9899002910 -0.0125614898 -0.1412076950 0.0151618337 0.9997344613 0.0173542276 0.1409521997 -0.0193199217 0.9898278713
-131.7 -519.0 2430.6 0 0 0 0 0 0 0 0 0
246.6 -28.9 2548.3 0 0 0 0 0 0 0 0 0
-41.3 -857.2 2335.9 0 0 0 0 0 0 0 0 0
266.2 -857.0 2350.0 0 0 0 0 0 0 0 0 0
135.3 62.4 2657.1 72 0.9999026656 0.0087814536 0.0108415820 -0.0094120409 0.9981808066 0.0595527887 -0.0102988984 -0.0596490316 0.9981662631
133.5 -135.9 2669.0 0.9999026656 0.0087814536 0.0108415820 -0.0094120409 0.9981808066 0.0595527887 -0.0102988984 -0.0596490316 0.9981662631
132.8 -328.3 2681.9 0.9999204874 0.0063641178 0.0108859772 -0.0070628771 0.9978339076 0.0654036701 -0.0104461610 -0.0654753521 0.9977995157
-2.6 -133.7 2670.6 0.3581545055 -0.9164218903 -0.1785951555 0.9291774035 0.3685788512 -0.0279104616 0.0914041549 -0.1559503227 0.9835267067
-99.0 -383.7 2646.0 0.0706962720 -0.9164218903 -0.3939199150 0.5326266885 0.3685788512 -0.7618781924 0.8433924317 -0.1559503227 0.5141679645
269.6 -138.2 2667.3 0.2791214585 0.9555323124 0.0951274857 -0.7519775629 0.2791129649 -0.5971814990 -0.5971775055 0.0951524377 0.7964452505
324.8 -286.7 2549.4 -0.2806793451 0.9555323124 0.0904275179 0.9597961903 0.2791129649 0.0297864806 0.0032224520 0.0951524377 -0.9954574704
31.6 -516.6 2700.9 0.9885652661 0.1350418925 -0.0670997202 -0.0567462631 -0.0791129172 -0.9952492118 -0.1397088021 0.9876765013 -0.0705451593
-18.7 -487.1 2333.0 0.9885652661 0.0574347228 0.1394271851 -0.0567462631 0.9983488321 -0.0089114849 -0.1397088021 0.0008976125 0.9901922345
210.6 -521.4 2696.7 0.9895379543 -0.1420943141 0.0249769483 0.0104984939 -0.1017443240 -0.9947552085 0.1438903213 0.9846101999 -0.0991880968
261.9 -484.7 2341.3 0.9895379543 -0.0069160676 -0.1441069394 0.0104984939 0.9996541142 0.0241139196 0.1438903213 -0.0253745448 0.9892682433
-117.7 -524.5 2423.1 0 0 0 0 0 0 0 0 0
249.1 -28.1 2550.3 0 0 0 0 0 0 0 0 0
-40.2 -859.7 2332.6 0 0 0 0 0 0 0 0 0
264.5 -857.8 2350.7 0 0 0 0 0 0 0 0 0
135.0 59.8 2656.5 73 0.9999721646 0.0021736070 -0.0071417699 -0.0017060479 0.9978945851 0.0648341030 0.0072676577 -0.0648201108 0.9978705049
134.5 -137.8 2669.4 0.9999721646 0.0021736070 -0.0071417699 -0.0017060479 0.9978945851 0.0648341030 0.0072676577 -0.0648201108 0.9978705049
135.0 -330.0 2683.6 0.9999745488 0.0002052545 -0.0071329931 0.0003102607 0.9973904490 0.0721957311 0.0071291975 -0.0721961111 0.9973649979
-1.6 -136.5 2668.6 0.3496772945 -0.9162142873 -0.1956454366 0.9324116707 0.3606893420 -0.0226201769 0.0912921503 -0.1745123267 0.9804137945
-95.7 -387.5 2644.1 0.0519582815 -0.9162142873 -0.3973055482 0.5388014317 0.3606893420 -0.7613121867 0.8408289552 -0.1745123267 0.5123983622
270.7 -139.0 2670.1 0.2950749993 0.9516422749 0.0854854137 -0.7538805008 0.2868518531 -0.5910839438 -0.5870221257 0.1099683195 0.8020673394
328.9 -287.9 2554.2 -0.2877150178 0.9516422749 0.1076897457 0.9576802850 0.2868518531 0.0237595253 -0.0082804346 0.1099683195 -0.9939005971
42.0 -521.3 2695.5 0.9835522771 0.1705344170 -0.0595228337 -0.0447677225 -0.0891009495 -0.9950160384 -0.1749880165 0.9813149571 -0.0800010040
-21.5 -488.1 2330.3 0.9835522771 0.0431377999 0.1753969342 -0.0447677225 0.9989831448 0.0053447862 -0.1749880165 -0.0131089976 0.9844833016
221.1 -522.6 2693.7 0.9931588769 -0.1149358675 0.0206208359 0.0079047754 -0.1100120246 -0.9938988090 0.1165031642 0.9872624278 -0.1083508730
261.8 -483.6 2343.8 0.9931588769 -0.0055256411 -0.1166402176 0.0079047754 0.9997698665 0.0199444778 0.1165031642 -0.0207300503 0.9929739833
-109.4 -529.9 2421.8 0 0 0 0 0 0 0 0 0
251.4 -29.9 2552.0 0 0 0 0 0 0 0 0 0
-37.6 -861.0 2335.2 0 0 0 0 0 0 0 0 0
263.9 -856.8 2351.6 0 0 0 0 0 0 0 0 0
135.2 58.8 2646.3 74 0.9999948740 0.0031267109 -0.0006571420 -0.0030526456 0.9957202077 0.0923686847 0.0009431398 -0.0923662111 0.9957246780
134.6 -139.7 2664.7 0.9999948740 0.0031267109 -0.0006571420 -0.0030526456 0.9957202077 0.0923686847 0.0009431398 -0.0923662111 0.9957246780
134.9 -331.6 2683.0 0.9999995828 0.0006062377 -0.0006552513 -0.0005424035 0.9956306219 0.0933772773 0.0007089971 -0.0933768898 0.9956305623
-1.6 -138.4 2664.8 0.3510660827 -0.9170045257 -0.1893550158 0.9337892532 0.3578198850 -0.0015880519 0.0692112371 -0.1762601733 0.9819074273
-96.1 -389.7 2646.1 0.0578327850 -0.9170045257 -0.3946619928 0.5564922094 0.3578198850 -0.7498542070 0.8288376331 -0.1762601733 0.5309996009
270.7 -141.1 2664.6 0.2906390429 0.9525783658 0.0901295990 -0.7664784789 0.2881678939 -0.5739947557 -0.5727474689 0.0977428928 0.8138837218
328.1 -292.5 2551.5 -0.2869313359 0.9525783658 0.1013154164 0.9575765729 0.2881678939 0.0025289094 -0.0267868657 0.0977428928 -0.9948511124
45.4 -523.6 2697.0 0.9814860225 0.1837777793 -0.0539529026 -0.0385977179 -0.0861308128 -0.9955359101 -0.1876043826 0.9791870117 -0.0774427876
-23.8 -491.2 2328.5 0.9814860225 0.0365923159 0.1880058199 -0.0385977179 0.9992302060 0.0070155966 -0.1876043826 -0.0141423056 0.9821428657
224.5 -523.6 2698.3 0.9943537712 -0.1041893736 0.0201282669 0.0087790908 -0.1082611531 -0.9940837026 0.1057520658 0.9886476398 -0.1067351997
262.0 -484.6 2341.9 0.9943537712 -0.0061949226 -0.1059348583 0.0087790908 0.9996747375 0.0239450410 0.1057520658 -0.0247398522 0.9940847158
-111.4 -536.8 2427.0 0 0 0 0 0 0 0 0 0
250.8 -34.5 2544.3 0 0 0 0 0 0 0 0 0
-37.4 -864.2 2333.8 0 0 0 0 0 0 0 0 0
264.4 -857.7 2351.1 0 0 0 0 0 0 0 0 0
134.8 59.5 2642.1 75 0.9999227524 0.0117575815 0.0040261308 -0.0121304914 0.9938038588 0.1104843542 -0.0027021554 -0.1105246544 0.9938697219
132.5 -138.7 2664.2 0.9999227524 0.0117575815 0.0040261308 -0.0121304914 0.9938038588 0.1104843542 -0.0027021554 -0.1105246544 0.9938697219
130.9 -330.2 2686.3 0.9999360442 0.0105557190 0.0040574027 -0.0109474296 0.9935039878 0.1132695526 -0.0028354041 -0.1133067235 0.9935560226
-3.6 -135.9 2664.7 0.3609663248 -0.9139101505 -0.1856650859 0.9312779903 0.3637588918 0.0200200751 0.0492407791 -0.1801323742 0.9824091196
-100.8 -386.5 2651.5 0.0667056888 -0.9139101505 -0.4003980160 0.5723220706 0.3637588918 -0.7349332571 0.8173113465 -0.1801323742 0.5473157167
268.6 -141.5 2663.6 0.2805361450 0.9558698535 0.0872481540 -0.7807648778 0.2801238894 -0.5585130453 -0.5583060980 0.0885628089 0.8248944879
324.0 -295.6 2553.4 -0.2771075666 0.9558698535 0.0975918546 0.9597870708 0.2801238894 -0.0184209719 -0.0449458621 0.0885628089 -0.9950560331
45.2 -524.8 2701.0 0.9817377925 0.1822481751 -0.0545570329 -0.0386676714 -0.0896303356 -0.9952241778 -0.1862677485 0.9791588187 -0.0809463784
-23.8 -490.8 2330.1 0.9817377925 0.0364965759 0.1867052913 -0.0386676714 0.9992201328 0.0079987198 -0.1862677485 -0.0150721045 0.9823834300
224.4 -524.9 2701.2 0.9945138693 -0.1027066186 0.0198357217 0.0079217181 -0.1151330918 -0.9933184981 0.1043041274 0.9880262017 -0.1136878431
261.6 -483.2 2343.1 0.9945138693 -0.0070214765 -0.1043685973 0.0079217181 0.9999349117 0.0082135703 0.1043041274 -0.0089952881 0.9945047498
-118.4 -537.8 2435.4 0 0 0 0 0 0 0 0 0
249.3 -37.1 2541.2 0 0 0 0 0 0 0 0 0
-37.4 -863.8 2335.8 0 0 0 0 0 0 0 0 0
264.2 -856.4 2346.5 0 0 0 0 0 0 0 0 0
135.2 61.4 2650.0 76 0.9996001124 0.0186753441 0.0212321226 -0.0203825105 0.9963195324 0.0832583085 -0.0195991006 -0.0836577788 0.9963017702
131.4 -136.9 2666.7 0.9996001124 0.0186753441 0.0212321226 -0.0203825105 0.9963195324 0.0832583085 -0.0195991006 -0.0836577788 0.9963017702
128.4 -328.8 2684.1 0.9996073246 0.0181750357 0.0213287603 -0.0199951790 0.9958770275 0.0884827375 -0.0196326450 -0.0888744667 0.9958493114
-4.6 -132.8 2669.6 0.3705793321 -0.9132164717 -0.1694302261 0.9264335036 0.3764485121 -0.0027260028 0.0662711859 -0.1559556425 0.9855384231
-104.3 -382.2 2651.7 0.0854681581 -0.9132164717 -0.3984103799 0.5511858463 0.3764485121 -0.7446345687 0.8299935460 -0.1559556425 0.5355263948
267.5 -140.9 2663.8 0.2639465630 0.9598124027 0.0953539759 -0.7691648602 0.2691029012 -0.5796283484 -0.5819945335 0.0796479955 0.8092827797
319.6 -292.8 2548.9 -0.2686441541 0.9598124027 0.0811818168 0.9630960226 0.2691029012 0.0054425425 -0.0166224428 0.0796479955 -0.9966844320
38.3 -521.7 2699.4 0.9823077321 0.1782044023 -0.0575733893 -0.0369514152 -0.1169502884 -0.9924501181 -0.1835922152 0.9770188332 -0.1082962677
-30.2 -476.8 2324.2 0.9823077321 0.0410771333 0.1827133745 -0.0369514152 0.9989806414 -0.0259291418 -0.1835922152 0.0187188797 0.9828242660
218.5 -523.9 2708.0 0.9927679300 -0.1175674498 0.0242844578 0.0112819681 -0.1100227684 -0.9938650131 0.1195180193 0.9869512916 -0.1079006866
261.8 -483.4 2344.4 0.9927679300 -0.0118158394 -0.1194664240 0.0112819681 0.9999231100 -0.0051441598 0.1195180193 0.0037591404 0.9928249121
-126.9 -527.9 2432.3 0 0 0 0 0 0 0 0 0
247.2 -33.3 2544.4 0 0 0 0 0 0 0 0 0
-45.5 -849.5 2317.2 0 0 0 0 0 0 0 0 0
266.2 -856.6 2343.0 0 0 0 0 0 0 0 0 0
136.4 60.8 2644.0 77 0.9995574951 0.0295055080 0.0037796840 -0.0297408719 0.9937607646 0.1074943542 -0.0005844259 -0.1075591967 0.9941985011
130.5 -138.0 2665.5 0.9995574951 0.0295055080 0.0037796840 -0.0297408719 0.9937607646 0.1074943542 -0.0005844259 -0.1075591967 0.9941985011
125.5 -329.6 2686.8 0.9995847344 0.0285617746 0.0038255809 -0.0288086683 0.9936170578 0.1090652049 -0.0006860667 -0.1091301218 0.9940272570
-5.5 -132.8 2665.8 0.3774348795 -0.9068539739 -0.1875068843 0.9244647622 0.3807803392 0.0192690399 0.0539247319 -0.1806163192 0.9820742607
-107.1 -381.6 2651.3 0.0750654414 -0.9068539739 -0.4147060215 0.5676500797 0.3807803392 -0.7299176455 0.8198406100 -0.1806163192 0.5433591604
266.6 -143.3 2665.3 0.2678080797 0.9605187178 0.0753830969 -0.7833372355 0.2626230419 -0.5633932352 -0.5609471202 0.0918308794 0.8227426410
319.5 -297.9 2554.5 -0.2598124146 0.9605187178 0.0995052233 0.9647651315 0.2626230419 -0.0160434619 -0.0415424109 0.0918308794 -0.9949076772
34.8 -520.1 2698.5 0.9855721593 0.1575910896 -0.0617457703 -0.0448922515 -0.1083505601 -0.9930986166 -0.1631936878 0.9815422297 -0.0997126773
-24.2 -479.5 2331.0 0.9855721593 0.0484193750 0.1621821672 -0.0448922515 0.9986702800 -0.0253445692 -0.1631936878 0.0176981781 0.9864352942
214.4 -523.8 2699.6 0.9910702109 -0.1314387321 0.0224427842 0.0072044376 -0.1152815670 -0.9933067560 0.1331462264 0.9845983982 -0.1133051887
261.7 -482.3 2345.2 0.9910702109 -0.0084019136 -0.1330760270 0.0072044376 0.9999291301 -0.0094773974 0.1331462264 0.0084340284 0.9910604954
-126.9 -531.7 2434.5 0 0 0 0 0 0 0 0 0
249.5 -38.0 2543.3 0 0 0 0 0 0 0 0 0
-42.3 -852.2 2324.4 0 0 0 0 0 0 0 0 0
264.8 -855.6 2342.1 0 0 0 0 0 0 0 0 0
137.1 61.3 2641.0 78 0.9992392063 0.0361393541 0.0146628832 -0.0376152545 0.9923546314 0.1175471693 -0.0103027020 -0.1180092841 0.9929590225
129.8 -137.2 2664.6 0.9992392063 0.0361393541 0.0146628832 -0.0376152545 0.9923546314 0.1175471693 -0.0103027020 -0.1180092841 0.9929590225
123.1 -328.5 2687.8 0.9991942048 0.0373496227 0.0146949012 -0.0388298221 0.9922050834 0.1184118167 -0.0101577193 -0.1188869998 0.9928558469
-6.1 -130.7 2666.1 0.3871074021 -0.9047630429 -0.1776280850 0.9211041927 0.3881251514 0.0304286480 0.0414112136 -0.1753931344 0.9836271405
-110.3 -378.5 2655.0 0.0887658671 -0.9047630429 -0.4165627360 0.5745928884 0.3881251514 -0.7205566764 0.8136115074 -0.1753931344 0.5543226600
265.8 -143.8 2663.1 0.2544816732 0.9639363885 0.0778825283 -0.7912486792 0.2538401783 -0.5563188791 -0.5560257435 0.0799485072 0.8273110986
316.1 -300.1 2553.3 -0.2506173849 0.9639363885 0.0895406902 0.9668846726 0.2538401783 -0.0264427587 -0.0482181646 0.0799485072 -0.9956321120
30.1 -519.7 2705.8 0.9883050919 0.1384099871 -0.0639979839 -0.0509941094 -0.0955410898 -0.9941184521 -0.1437103599 0.9857558608 -0.0873656496
-22.5 -483.4 2331.3 0.9883050919 0.0535797477 0.1427665055 -0.0509941094 0.9984629154 -0.0217113476 -0.1437103599 0.0141771836 0.9895182252
209.4 -524.9 2708.0 0.9895427823 -0.1422740370 0.0237307046 0.0082654487 -0.1083208397 -0.9940816164 0.1440025270 0.9838824868 -0.1060121506
262.2 -484.8 2343.4 0.9895427823 -0.0083402228 -0.1439982206 0.0082654487 0.9999651909 -0.0011174923 0.1440025270 -0.0000844034 0.9895772934
-133.8 -530.4 2439.9 0 0 0 0 0 0 0 0 0
248.5 -39.6 2540.3 0 0 0 0 0 0 0 0 0
-42.5 -856.1 2326.0 0 0 0 0 0 0 0 0 0
265.3 -858.0 2343.4 0 0 0 0 0 0 0 0 0
136.6 59.5 2640.0 79 0.9991821647 0.0387588032 0.0115212491 -0.0398467071 0.9922551513 0.1176517084 -0.0068719792 -0.1180145741 0.9929881096
128.8 -138.8 2663.6 0.9991821647 0.0387588032 0.0115212491 -0.0398467071 0.9922551513 0.1176517084 -0.0068719792 -0.1180145741 0.9929881096
121.5 -330.1 2686.3 0.9991183877 0.0403854065 0.0114669083 -0.0414464846 0.9923502803 0.1162890717 -0.0066828080 -0.1166618094 0.9931492209
-7.1 -131.8 2664.6 0.3893810809 -0.9031069875 -0.1810529381 0.9199900031 0.3908798397 0.0288335644 0.0447301492 -0.1777941287 0.9830505848
-111.9 -379.4 2652.6 0.0873772129 -0.9031069875 -0.4204319417 0.5726480484 0.3908798397 -0.7206158042 0.8151315451 -0.1777941287 0.5513164401
264.8 -145.7 2662.5 0.2543782294 0.9643102288 0.0734676421 -0.7907493711 0.2511259019 -0.5582572818 -0.5567828417 0.0839139968 0.8264086843
315.0 -301.9 2552.5 -0.2478973716 0.9643102288 0.0930197015 0.9676420689 0.2511259019 -0.0245899297 -0.0470719747 0.0839139968 -0.9953605533
26.2 -517.5 2710.6 0.9901292324 0.1278423220 -0.0574493036 -0.0465679914 -0.0865355656 -0.9951598048 -0.1321949512 0.9880121350 -0.0797280297
-22.8 -484.3 2331.7 0.9901292324 0.0486896783 0.1314283013 -0.0465679914 0.9987311363 -0.0191706605 -0.1321949512 0.0128610786 0.9911403060
205.4 -524.5 2710.0 0.9876473546 -0.1558633298 0.0161043890 -0.0005954707 -0.1065093055 -0.9943115115 0.1566919833 0.9820195436 -0.1052864417
263.6 -484.7 2343.3 0.9876473546 0.0010015251 -0.1566899121 -0.0005954707 0.9999963641 0.0026383724 0.1566919833 -0.0025124771 0.9876443148
-135.0 -530.8 2437.1 0 0 0 0 0 0 0 0 0
248.2 -41.2 2539.9 0 0 0 0 0 0 0 0 0
-41.0 -857.1 2326.9 0 0 0 0 0 0 0 0 0
263.2 -858.0 2344.2 0 0 0 0 0 0 0 0 0
135.7 61.8 2640.5 80 0.9994645715 0.0326363221 0.0023381459 -0.0326934420 0.9932243228 0.1115193516 0.0013172782 -0.1115360856 0.9937595129
129.2 -137.0 2662.8 0.9994645715 0.0326363221 0.0023381459 -0.0326934420 0.9932243228 0.1115193516 0.0013172782 -0.1115360856 0.9937595129
122.9 -328.4 2685.0 0.9993748069 0.0352722518 0.0024187115 -0.0353181697 0.9928670526 0.1138756201 0.0016151906 -0.1138898507 0.9934920669
-6.8 -130.9 2662.8 0.3833388388 -0.9039649963 -0.1894692928 0.9222396612 0.3857919574 0.0252697766 0.0502527356 -0.1844229698 0.9815614223
-110.0 -379.1 2649.2 0.0770181119 -0.9039649963 -0.4206132293 0.5711336136 0.3857919574 -0.7245487571 0.8172359467 -0.1844229698 0.5459977984
265.2 -143.1 2662.9 0.2638894022 0.9620128274 0.0699548945 -0.7877854109 0.2568086088 -0.5598602295 -0.5565577745 0.0926317424 0.8256287575
317.3 -298.7 2553.0 -0.2534272671 0.9620128274 0.1015180573 0.9662223458 0.2568086088 -0.0215339027 -0.0467866026 0.0926317424 -0.9946005940
24.1 -518.9 2709.0 0.9908967018 0.1189332679 -0.0630766302 -0.0528789498 -0.0870330259 -0.9948010445 -0.1238046885 0.9890804291 -0.0799516737
-21.2 -485.8 2332.2 0.9908967018 0.0543080121 0.1231845096 -0.0528789498 0.9984906316 -0.0148433056 -0.1238046885 0.0081943143 0.9922727942
203.2 -526.4 2708.4 0.9861737490 -0.1645961255 0.0192226283 -0.0000137362 -0.1160794497 -0.9932399392 0.1657148004 0.9795068502 -0.1144767627
264.1 -483.4 2346.0 0.9861737490 -0.0012077014 -0.1657104045 -0.0000137362 0.9999728203 -0.0073695728 0.1657148004 0.0072699552 0.9861469269
-130.3 -530.1 2433.2 0 0 0 0 0 0 0 0 0
249.0 -38.4 2540.4 0 0 0 0 0 0 0 0 0
-41.5 -858.5 2329.1 0 0 0 0 0 0 0 0 0
264.5 -856.7 2343.3 0 0 0 0 0 0 0 0 0
138.2 63.1 2640.2 81 0.9989162087 0.0432339907 0.0172410943 -0.0448928922 0.9927379489 0.1116061658 -0.0122907097 -0.1122592092 0.9936029315
129.5 -135.2 2662.6 0.9989162087 0.0432339907 0.0172410943 -0.0448928922 0.9927379489 0.1116061658 -0.0122907097 -0.1122592092 0.9936029315
121.6 -326.5 2685.1 0.9988864064 0.0438708849 0.0173583347 -0.0455720238 0.9924029708 0.1142780706 -0.0122129824 -0.1149418652 0.9932971597
-6.4 -127.7 2664.5 0.3934367597 -0.9024305344 -0.1755752414 0.9182787538 0.3949684203 0.0276410170 0.0444025807 -0.1721020192 0.9840778708
-112.3 -374.8 2652.5 0.0941928774 -0.9024305344 -0.4204127192 0.5706694722 0.3949684203 -0.7199557424 0.8157597780 -0.1721020192 0.5521928072
265.5 -142.7 2660.8 0.2480556071 0.9657876492 0.0756477937 -0.7906948328 0.2469624728 -0.5601885915 -0.5597053766 0.0791435987 0.8249037266
314.4 -298.8 2550.3 -0.2441287637 0.9657876492 0.0874946564 0.9687518477 0.2469624728 -0.0230083968 -0.0438291244 0.0791435987 -0.9958992600
26.5 -518.0 2706.7 0.9903182387 0.1256458610 -0.0590163842 -0.0484834127 -0.0853002593 -0.9951749444 -0.1300737262 0.9884012341 -0.0783826634
-20.9 -485.8 2334.2 0.9903182387 0.0512522757 0.1290078312 -0.0484834127 0.9985231161 -0.0245146025 -0.1300737262 0.0180225186 0.9913405180
205.6 -524.3 2707.3 0.9874437451 -0.1568823457 0.0185139719 0.0012471101 -0.1094531864 -0.9939911962 0.1579660773 0.9815334678 -0.1078832150
263.5 -483.9 2345.0 0.9874437451 -0.0010940687 -0.1579672247 0.0012471101 0.9999988675 0.0008696973 0.1579660773 -0.0010557796 0.9874439836
-137.2 -525.7 2436.9 0 0 0 0 0 0 0 0 0
248.7 -37.8 2538.5 0 0 0 0 0 0 0 0 0
-40.0 -858.5 2327.4 0 0 0 0 0 0 0 0 0
263.9 -857.2 2345.3 0 0 0 0 0 0 0 0 0
138.8 63.0 2639.1 82 0.9990097284 0.0423107706 0.0137625970 -0.0435638130 0.9930591583 0.1092505082 -0.0090445997 -0.1097418740 0.9939189553
130.4 -135.9 2661.1 0.9990097284 0.0423107706 0.0137625970 -0.0435638130 0.9930591583 0.1092505082 -0.0090445997 -0.1097418740 0.9939189553
123.3 -327.4 2682.2 0.9991365075 0.0392273478 0.0136896651 -0.0404740386 0.9933837652 0.1074737161 -0.0093831811 -0.1079349890 0.9941136837
-5.6 -129.1 2662.5 0.3886645138 -0.9038690925 -0.1787752658 0.9199112058 0.3916195631 0.0199357662 0.0519925728 -0.1722057015 0.9836879373
-110.2 -376.7 2648.5 0.0887758955 -0.9038690925 -0.4184967577 0.5654649138 0.3916195631 -0.7258674502 0.8199806809 -0.1722057015 0.5458726287
266.3 -142.7 2659.6 0.2537780702 0.9642798901 0.0759009495 -0.7855404615 0.2512502372 -0.5655081868 -0.5643783212 0.0838903114 0.8212426901
316.4 -297.8 2548.2 -0.2488694787 0.9642798901 0.0907096863 0.9677954316 0.2512502372 -0.0156632699 -0.0378946066 0.0838903114 -0.9957541823
23.6 -515.0 2708.4 0.9912155271 0.1218850315 -0.0513399690 -0.0421764702 -0.0766074955 -0.9961688519 -0.1253511012 0.9895834327 -0.0707938597
-23.1 -485.7 2329.8 0.9912155271 0.0421215668 0.1253695637 -0.0421764702 0.9991077185 -0.0022175151 -0.1253511012 -0.0030896100 0.9921076298
202.5 -523.2 2706.3 0.9857575893 -0.1678635031 0.0101864366 -0.0069588805 -0.1012347862 -0.9948382378 0.1680282503 0.9805984497 -0.1009611040
265.0 -485.6 2341.5 0.9857575893 0.0105538368 -0.1678408086 -0.0069588805 0.9997339249 0.0219926182 0.1680282503 -0.0205114074 0.9855687618
-133.7 -526.2 2431.8 0 0 0 0 0 0 0 0 0
249.4 -37.1 2538.0 0 0 0 0 0 0 0 0 0
-38.8 -858.6 2330.9 0 0 0 0 0 0 0 0 0
261.0 -858.7 2349.2 0 0 0 0 0 0 0 0 0
141.4 60.6 2637.5 83 0.9988668561 0.0454016365 0.0142722130 -0.0467323400 0.9924235940 0.1136285216 -0.0090051610 -0.1141667366 0.9934207797
132.3 -137.4 2660.3 0.9988668561 0.0454016365 0.0142722130 -0.0467323400 0.9924235940 0.1136285216 -0.0090051610 -0.1141667366 0.9934207797
124.7 -328.9 2681.6 0.9990249276 0.0418572910 0.0140406564 -0.0431351326 0.9931755066 0.1083593741 -0.0094092060 -0.1088593602 0.9940126538
-3.6 -130.2 2661.8 0.3911087215 -0.9028376341 -0.1786566824 0.9189239740 0.3938578665 0.0213230588 0.0511140786 -0.1725115478 0.9836803675
-108.9 -377.5 2648.0 0.0903309733 -0.9028376341 -0.4203862250 0.5659878254 0.3938578665 -0.7242470384 0.8194498420 -0.1725115478 0.5465726852
268.3 -144.6 2658.9 0.2516544461 0.9649490714 0.0744536743 -0.7867347598 0.2487670779 -0.5649454594 -0.5636652112 0.0835957229 0.8217623234
318.0 -300.0 2547.6 -0.2463018298 0.9649490714 0.0906019583 0.9684171677 0.2487670779 -0.0168279763 -0.0387769230 0.0835957229 -0.9957450032
26.2 -516.6 2703.9 0.9905227423 0.1263458878 -0.0538649410 -0.0444167629 -0.0764425620 -0.9960841537 -0.1299687177 0.9890365005 -0.0701062232
-21.5 -487.8 2331.1 0.9905227423 0.0433171503 0.1303393245 -0.0444167629 0.9989977479 0.0055399663 -0.1299687177 -0.0112767126 0.9914539456
205.2 -523.8 2702.3 0.9860432744 -0.1664891094 0.0000261346 -0.0168455690 -0.0999252200 -0.9948523641 0.1656346917 0.9809670448 -0.1013351977
266.7 -486.9 2339.7 0.9860432744 0.0219562333 -0.1650349796 -0.0168455690 0.9993361235 0.0323034413 0.1656346917 -0.0290724821 0.9857585430
-132.8 -527.2 2431.4 0 0 0 0 0 0 0 0 0
251.6 -39.0 2537.1 0 0 0 0 0 0 0 0 0
-37.6 -860.6 2335.3 0 0 0 0 0 0 0 0 0
258.5 -859.9 2350.6 0 0 0 0 0 0 0 0 0
139.2 59.7 2638.8 84 0.9992230535 0.0361892320 0.0156087726 -0.0376684926 0.9934206605 0.1081504449 -0.0115921944 -0.1086543798 0.9940119982
131.9 -138.7 2660.4 0.9992230535 0.0361892320 0.0156087726 -0.0376684926 0.9934206605 0.1081504449 -0.0115921944 -0.1086543798 0.9940119982
126.0 -330.2 2681.1 0.9993294477 0.0331720822 0.0155006154 -0.0346201174 0.9938639998 0.1050516292 -0.0119207222 -0.1055178195 0.9943459630
-4.1 -132.6 2662.2 0.3834226429 -0.9065557718 -0.1764758229 0.9220296144 0.3867710233 0.0164187141 0.0533712581 -0.1690112501 0.9841680527
-107.2 -380.8 2647.9 0.0874890089 -0.9065557718 -0.4129192531 0.5639095306 0.3867710233 -0.7296671867 0.8211892247 -0.1690112501 0.5450536609
267.9 -144.7 2658.6 0.2569675446 0.9630019665 0.0812091678 -0.7826247215 0.2566603422 -0.5671190023 -0.5669798851 0.0821748823 0.8196225166
318.7 -299.2 2546.7 -0.2545981109 0.9630019665 0.0883575231 0.9664191604 0.2566603422 -0.0126297856 -0.0348403826 0.0821748823 -0.9960087538
27.1 -517.8 2703.5 0.9900011420 0.1351763457 -0.0403122976 -0.0307686552 -0.0719626024 -0.9969326258 -0.1376626790 0.9882047772 -0.0670838654
-24.1 -490.5 2329.1 0.9900011420 0.0288959332 0.1380679160 -0.0307686552 0.9994609952 0.0114483302 -0.1376626790 -0.0155820241 0.9903566241
206.1 -525.5 2701.9 0.9862087965 -0.1654582322 0.0039763087 -0.0134204049 -0.1038917899 -0.9944980741 0.1649609953 0.9807293415 -0.1046795174
266.9 -487.4 2341.6 0.9862087965 0.0177715458 -0.1645491123 -0.0134204049 0.9995312691 0.0275169723 0.1649609953 -0.0249291640 0.9859849811
-130.4 -529.9 2430.8 0 0 0 0 0 0 0 0 0
250.1 -38.8 2537.3 0 0 0 0 0 0 0 0 0
-34.9 -863.6 2334.9 0 0 0 0 0 0 0 0 0
260.3 -860.4 2350.9 0 0 0 0 0 0 0 0 0
139.5 60.1 2637.4 85 0.9991030693 0.0350238085 0.0237987507 -0.0374696814 0.9930473566 0.1115930155 -0.0197248738 -0.1123846546 0.9934689999
132.5 -138.2 2659.8 0.9991030693 0.0350238085 0.0237987507 -0.0374696814 0.9930473566 0.1115930155 -0.0197248738 -0.1123846546 0.9934689999
126.5 -329.7 2681.1 0.9991558790 0.0335638300 0.0236842688 -0.0359394923 0.9934709072 0.1082772464 -0.0198954325 -0.1090370491 0.9938385487
-3.4 -132.0 2662.7 0.3849991560 -0.9074085951 -0.1684793979 0.9217067957 0.3873786926 0.0198576786 0.0472462960 -0.1629337966 0.9855051041
-107.1 -380.0 2650.0 0.0948439017 -0.9074085951 -0.4094072580 0.5664747953 0.3873786926 -0.7273541689 0.8186030388 -0.1629337966 0.5507646203
268.5 -144.4 2656.9 0.2513852119 0.9639571905 0.0871320665 -0.7848001719 0.2556929290 -0.5645438433 -0.5664751530 0.0735367164 0.8207912445
318.1 -299.3 2545.1 -0.2536587715 0.9639571905 0.0802729130 0.9666257501 0.2556929290 -0.0159945022 -0.0359432325 0.0735367164 -0.9966446161
30.1 -520.0 2702.6 0.9891703725 0.1387262344 -0.0479274467 -0.0371716954 -0.0791116804 -0.9961724877 -0.1419868767 0.9871658087 -0.0730982348
-22.4 -490.1 2329.5 0.9891703725 0.0354487151 0.1424268037 -0.0371716954 0.9992641807 0.0094540166 -0.1419868767 -0.0146458792 0.9897601604
209.1 -526.3 2700.5 0.9876095653 -0.1568824649 0.0038990900 -0.0133336652 -0.1086426005 -0.9939914346 0.1563634276 0.9816234708 -0.1093882918
266.3 -486.7 2342.8 0.9876095653 0.0149753485 -0.1562147439 -0.0133336652 0.9998443723 0.0115518030 0.1563634276 -0.0093257567 0.9876555800
-132.1 -529.8 2433.5 0 0 0 0 0 0 0 0 0
249.8 -38.9 2535.4 0 0 0 0 0 0 0 0 0
-35.6 -863.1 2335.0 0 0 0 0 0 0 0 0 0
260.7 -859.8 2346.3 0 0 0 0 0 0 0 0 0
138.2 59.8 2639.2 86 0.9991875887 0.0313204043 0.0253606886 -0.0338571146 0.9937142730 0.1067036018 -0.0218592770 -0.1074755564 0.9939674139
132.0 -138.4 2660.6 0.9991875887 0.0313204043 0.0253606886 -0.0338571146 0.9937142730 0.1067036018 -0.0218592770 -0.1074755564 0.9939674139
126.7 -330.0 2680.7 0.9992381930 0.0297836587 0.0252191108 -0.0322118327 0.9942527413 0.1020975038 -0.0220333319 -0.1028320789 0.9944546819
-4.0 -132.7 2663.8 0.3817764223 -0.9091080427 -0.1666414589 0.9227725267 0.3851244748 0.0130401393 0.0523228087 -0.1587505788 0.9859313369
-106.8 -381.0 2649.7 0.0943929404 -0.9091080427 -0.4057247639 0.5616436601 0.3851244748 -0.7322810292 0.8219771385 -0.1587505788 0.5469477773
267.9 -144.1 2657.4 0.2531056702 0.9631730318 0.0907483250 -0.7803040147 0.2586973011 -0.5693868399 -0.5718943477 0.0733037442 0.8170455098
317.9 -298.2 2544.5 -0.2571986318 0.9631730318 0.0784002692 0.9659124613 0.2586973011 -0.0094248047 -0.0293596555 0.0733037442 -0.9968774319
30.5 -519.3 2704.0 0.9888980389 0.1403525770 -0.0488042049 -0.0383281335 -0.0764002874 -0.9963402748 -0.1435675919 0.9871494770 -0.0701726452
-22.6 -490.4 2330.4 0.9888980389 0.0364589468 0.1440536082 -0.0383281335 0.9992129207 0.0102209421 -0.1435675919 -0.0156287756 0.9895170927
209.5 -525.7 2700.5 0.9890668392 -0.1461178809 0.0199100673 0.0025782685 -0.1178579703 -0.9930270910 0.1474455744 0.9822214842 -0.1161926761
262.6 -482.9 2343.6 0.9890668392 -0.0007633133 -0.1474661380 0.0025782685 0.9999232888 0.0121168513 0.1474455744 -0.0123645822 0.9889928699
-131.7 -529.5 2432.4 0 0 0 0 0 0 0 0 0
248.6 -37.9 2536.6 0 0 0 0 0 0 0 0 0
-36.2 -863.4 2336.3 0 0 0 0 0 0 0 0 0
262.9 -856.1 2348.3 0 0 0 0 0 0 0 0 0
135.3 59.5 2639.1 87 0.9997126460 0.0182684287 0.0155200008 -0.0199172013 0.9933108687 0.1137403622 -0.0133383274 -0.1140167937 0.9933893085
131.6 -138.2 2661.8 0.9997126460 0.0182684287 0.0155200008 -0.0199172013 0.9933108687 0.1137403622 -0.0133383274 -0.1140167937 0.9933893085
128.8 -329.7 2683.6 0.9997292161 0.0173754059 0.0154786520 -0.0189940445 0.9935901165 0.1114354357 -0.0134431999 -0.1116992682 0.9936511517
-4.4 -134.3 2663.8 0.3689717948 -0.9127982855 -0.1750975698 0.9282504320 0.3714317977 0.0197370723 0.0470208414 -0.1698168218 0.9843532443
-103.7 -384.1 2651.1 0.0799626783 -0.9127982855 -0.4005063176 0.5702866912 0.3714317977 -0.7326742411 0.8175445199 -0.1698168218 0.5502573848
267.7 -142.1 2659.8 0.2683051229 0.9589828849 0.0914561749 -0.7819871902 0.2722568512 -0.5606890321 -0.5625907183 0.0789181888 0.8229602575
320.7 -296.5 2548.7 -0.2698116004 0.9589828849 0.0869112983 0.9620671868 0.2722568512 -0.0174059216 -0.0403541774 0.0789181888 -0.9960640073
31.4 -520.1 2702.6 0.9883277416 0.1458513141 -0.0439958796 -0.0331932269 -0.0756905898 -0.9965786934 -0.1486824006 0.9864068031 -0.0699658319
-23.7 -491.5 2329.9 0.9883277416 0.0311251860 0.1491290331 -0.0331932269 0.9993839860 0.0113980062 -0.1486824006 -0.0162150394 0.9887520671
210.4 -525.9 2698.7 0.9894707203 -0.1427465677 0.0238982122 0.0070020133 -0.1177134141 -0.9930229187 0.1445637494 0.9827344418 -0.1154744625
262.3 -483.2 2342.0 0.9894707203 -0.0049745878 -0.1446477175 0.0070020133 0.9998841882 0.0135105839 0.1445637494 -0.0143811526 0.9893909693
-124.9 -534.9 2435.0 0 0 0 0 0 0 0 0 0
248.0 -37.3 2537.8 0 0 0 0 0 0 0 0 0
-35.3 -864.6 2335.9 0 0 0 0 0 0 0 0 0
264.1 -856.4 2347.3 0 0 0 0 0 0 0 0 0
135.1 60.2 2638.0 88 0.9999988675 -0.0012655389 0.0008232321 0.0011619044 0.9932969809 0.1155843660 -0.0009639905 -0.1155832782 0.9932973385
135.3 -137.7 2661.0 0.9999988675 -0.0012655389 0.0008232321 0.0011619044 0.9932969809 0.1155843660 -0.0009639905 -0.1155832782 0.9932973385
136.6 -329.2 2682.7 0.9999903440 -0.0043193186 0.0008361845 0.0041998448 0.9938142300 0.1109758690 -0.0013103521 -0.1109712794 0.9938227534
-0.8 -136.9 2661.4 0.3467467725 -0.9190400839 -0.1874352843 0.9365177155 0.3503039181 0.0148911644 0.0519737378 -0.1806999147 0.9821640849
-94.1 -388.9 2647.4 0.0567924269 -0.9190400839 -0.3900511861 0.5713384151 0.3503039181 -0.7421991825 0.8187472224 -0.1806999147 0.5449774861
271.5 -138.4 2660.7 0.2931734025 0.9513828158 0.0944462344 -0.7751098871 0.2943544090 -0.5590708256 -0.5596910119 0.0906984732 0.8237230778
329.4 -291.4 2550.2 -0.2915422618 0.9513828158 0.0993671939 0.9555848837 0.2943544090 -0.0145958932 -0.0431354530 0.0906984732 -0.9949437976
35.8 -520.9 2706.5 0.9865078330 0.1544625610 -0.0542548373 -0.0419249050 -0.0819942281 -0.9957506061 -0.1582547724 0.9845904112 -0.0744121224
-23.0 -489.6 2331.5 0.9865078330 0.0419728681 0.1582420617 -0.0419249050 0.9991140962 -0.0036427539 -0.1582547724 -0.0030406781 0.9873936176
215.0 -524.3 2704.1 0.9911558628 -0.1322657466 0.0107603511 -0.0036534062 -0.1082528234 -0.9941166639 0.1326524168 0.9852852821 -0.1077786386
263.5 -484.5 2342.5 0.9911558628 0.0045952005 -0.1326231360 -0.0036534062 0.9999663830 0.0073437495 0.1326524168 -0.0067942743 0.9911393523
-109.1 -540.0 2430.9 0 0 0 0 0 0 0 0 0
250.8 -34.0 2538.5 0 0 0 0 0 0 0 0 0
-38.7 -862.6 2332.6 0 0 0 0 0 0 0 0 0
261.8 -857.8 2345.1 0 0 0 0 0 0 0 0 0
136.8 63.9 2639.0 89 0.9999729395 0.0003115316 -0.0073482208 0.0005091366 0.9937736392 0.1114167348 0.0073371776 -0.1114174649 0.9937465787
136.7 -133.8 2661.2 0.9999729395 0.0003115316 -0.0073482208 0.0005091366 0.9937736392 0.1114167348 0.0073371776 -0.1114174649 0.9937465787
137.9 -325.4 2681.7 0.9999665618 -0.0036049797 -0.0073375464 0.0043554166 0.9944655299 0.1049728096 0.0069185123 -0.1050012559 0.9944480062
0.6 -133.1 2660.4 0.3461240232 -0.9175961018 -0.1954880953 0.9362379909 0.3512529135 0.0089324424 0.0604693852 -0.1861151159 0.9806653857
-92.6 -385.0 2644.1 0.0499620512 -0.9175961018 -0.3943617940 0.5663923621 0.3512529135 -0.7455340624 0.8226198554 -0.1861151159 0.5372687578
272.9 -134.5 2661.9 0.2979072928 0.9505487680 0.0877967700 -0.7716727853 0.2939419150 -0.5640206933 -0.5619363189 0.1002754867 0.8210800290
331.7 -286.9 2551.0 -0.2913671434 0.9505487680 0.1075277403 0.9557848573 0.2939419150 -0.0085730180 -0.0397559814 0.1002754867 -0.9941651225
47.9 -522.4 2704.4 0.9805854559 0.1913853288 -0.0427062958 -0.0261318255 -0.0883052722 -0.9957506061 -0.1943432540 0.9775345922 -0.0815896168
-24.9 -488.8 2332.5 0.9805854559 0.0272314604 0.1941922158 -0.0261318255 0.9996246696 -0.0082225297 -0.1943432540 0.0029882954 0.9809290171
227.0 -521.7 2704.2 0.9950604439 -0.0985523760 0.0119210314 0.0017809698 -0.1023439914 -0.9947474599 0.0992547721 0.9898551106 -0.1016629413
263.1 -484.2 2341.6 0.9950604439 -0.0010475797 -0.0992652178 0.0017809698 0.9999717474 0.0072998623 0.0992547721 -0.0074405926 0.9950342178
-105.8 -534.8 2426.6 0 0 0 0 0 0 0 0 0
253.2 -29.4 2540.2 0 0 0 0 0 0 0 0 0
-35.1 -861.9 2331.4 0 0 0 0 0 0 0 0 0
263.5 -857.5 2344.4 0 0 0 0 0 0 0 0 0
139.6 63.5 2637.5 90 0.9995522499 0.0252080448 0.0161215477 -0.0269343890 0.9926729798 0.1177916452 -0.0130341277 -0.1181731299 0.9929074645
134.6 -134.5 2661.1 0.9995522499 0.0252080448 0.0161215477 -0.0269343890 0.9926729798 0.1177916452 -0.0130341277 -0.1181731299 0.9929074645
130.7 -326.0 2682.5 0.9996179938 0.0225872677 0.0159263778 -0.0242003985 0.9936722517 0.1096805111 -0.0133482162 -0.1100240350 0.9938392639
-1.5 -129.9 2663.0 0.3738155365 -0.9108199477 -0.1751255989 0.9262273312 0.3764865398 0.0189960208 0.0486304797 -0.1693071276 0.9843628407
-102.1 -379.1 2650.0 0.0828334391 -0.9108199477 -0.4044077694 0.5684838891 0.3764865398 -0.7314943075 0.8185136914 -0.1693071276 0.5489721894
270.6 -139.1 2659.1 0.2642877102 0.9603830576 0.0884105191 -0.7824320197 0.2671037912 -0.5625439882 -0.5638724566 0.0794982314 0.8220266700
322.8 -293.6 2547.7 -0.2647703886 0.9603830576 0.0869543180 0.9635318518 0.2671037912 -0.0161839221 -0.0387685932 0.0794982314 -0.9960808158
49.0 -518.8 2701.5 0.9798040986 0.1947203130 -0.0454747230 -0.0293207616 -0.0850538686 -0.9959448576 -0.1977984905 0.9771642089 -0.0776267871
-24.0 -487.0 2335.1 0.9798040986 0.0326074138 0.1972833127 -0.0293207616 0.9993786812 -0.0195584409 -0.1977984905 0.0133789424 0.9801514149
228.2 -518.1 2702.7 0.9955485463 -0.0920514092 0.0202382244 0.0114026880 -0.0955166444 -0.9953625202 0.0935576111 0.9911624789 -0.0940418243
261.8 -483.1 2340.3 0.9955485463 -0.0092191482 -0.0937979445 0.0114026880 0.9996756911 0.0227699112 0.0935576111 -0.0237381011 0.9953308105
-124.0 -529.4 2433.6 0 0 0 0 0 0 0 0 0
251.5 -34.0 2537.3 0 0 0 0 0 0 0 0 0
-36.2 -860.0 2330.1 0 0 0 0 0 0 0 0 0
265.3 -856.3 2349.2 0 0 0 0 0 0 0 0 0
141.1 61.2 2637.7 91 0.9992185235 0.0337544158 0.0205672905 -0.0358918682 0.9927861691 0.1144003272 -0.0165574048 -0.1150491238 0.9932218194
134.4 -136.6 2660.6 0.9992185235 0.0337544158 0.0205672905 -0.0358918682 0.9927861691 0.1144003272 -0.0165574048 -0.1150491238 0.9932218194
128.8 -328.1 2681.8 0.9993079305 0.0311400406 0.0203456562 -0.0331544392 0.9936395288 0.1076161042 -0.0168650802 -0.1082161739 0.9939843416
-1.6 -130.7 2663.1 0.3822937906 -0.9079777598 -0.1715455353 0.9227359891 0.3849802017 0.0186701752 0.0490895286 -0.1654287279 0.9849992394
-104.5 -379.1 2649.9 0.0907688737 -0.9079777598 -0.4090689719 0.5661371350 0.3849802017 -0.7288888693 0.8192983270 -0.1654287279 0.5489841700
270.3 -142.4 2658.2 0.2552924156 0.9630146623 0.0861889124 -0.7836859226 0.2583108842 -0.5648998618 -0.5662703514 0.0766696110 0.8206458688
320.8 -297.1 2546.3 -0.2562290728 0.9630146623 0.0833631381 0.9659447074 0.2583108842 -0.0150434440 -0.0360206626 0.0766696110 -0.9964056611
36.8 -516.6 2705.1 0.9864749908 0.1560889781 -0.0500328429 -0.0374426693 -0.0825841352 -0.9958804846 -0.1595778912 0.9842845798 -0.0756227970
-21.9 -485.6 2335.0 0.9864749908 0.0396709926 0.1590385735 -0.0374426693 0.9991544485 -0.0169845000 -0.1595778912 0.0107999565 0.9871262908
215.8 -521.0 2702.8 0.9921213984 -0.1211217195 0.0320102684 0.0193987954 -0.1039036885 -0.9943981767 0.1237692013 0.9871846437 -0.1007354632
260.4 -482.7 2339.2 0.9921213984 -0.0159374196 -0.1242623329 0.0193987954 0.9994553924 0.0266952999 0.1237692013 -0.0288955178 0.9918902516
-128.5 -528.7 2433.3 0 0 0 0 0 0 0 0 0
251.7 -36.9 2536.6 0 0 0 0 0 0 0 0 0
-36.7 -858.5 2331.0 0 0 0 0 0 0 0 0 0
266.4 -855.8 2350.0 0 0 0 0 0 0 0 0 0
139.5 61.2 2638.8 92 0.9990204573 0.0343684927 0.0278725475 -0.0373559557 0.9926739931 0.1149036065 -0.0237192903 -0.1158322617 0.9929855466
132.6 -136.6 2661.9 0.9990204573 0.0343684927 0.0278725475 -0.0373559557 0.9926739931 0.1149036065 -0.0237192903 -0.1158322617 0.9929855466
126.7 -328.0 2683.8 0.9990582466 0.0333555117 0.0277496614 -0.0362488925 0.9931254983 0.1113003343 -0.0238464158 -0.1122014076 0.9933993220
-3.3 -130.3 2665.3 0.3854062259 -0.9079716802 -0.1644672155 0.9217506051 0.3871062696 0.0229036491 0.0428704247 -0.1604249626 0.9861165881
-107.0 -378.4 2653.8 0.0983048379 -0.9079716802 -0.4073371887 0.5689438581 0.3871062696 -0.7255698442 0.8164796829 -0.1604249626 0.5546393394
268.6 -142.8 2658.5 0.2488946021 0.9643086791 0.0903342143 -0.7865859270 0.2556757331 -0.5620609522 -0.5650964975 0.0688383207 0.8221479654
317.7 -298.1 2546.9 -0.2535739541 0.9643086791 0.0762171000 0.9665748477 0.2556757331 -0.0190524720 -0.0378593244 0.0688383207 -0.9969092011
33.3 -518.0 2704.3 0.9878311157 0.1410813332 -0.0654658079 -0.0535892621 -0.0864000842 -0.9948182106 -0.1460065246 0.9862205982 -0.0777882487
-19.6 -485.6 2334.5 0.9878311157 0.0565563589 0.1448830366 -0.0535892621 0.9982672334 -0.0243038889 -0.1460065246 0.0162439626 0.9891502261
212.3 -523.9 2701.3 0.9904749990 -0.1362937242 0.0195770226 0.0053259344 -0.1041505784 -0.9945473075 0.1375894994 0.9851785302 -0.1024326533
262.6 -485.5 2338.0 0.9904749990 -0.0011581841 -0.1376876682 0.0053259344 0.9995385408 0.0299050380 0.1375894994 -0.0303535089 0.9900241494
-133.0 -528.8 2437.9 0 0 0 0 0 0 0 0 0
249.4 -37.7 2536.7 0 0 0 0 0 0 0 0 0
-40.7 -858.1 2328.4 0 0 0 0 0 0 0 0 0
263.0 -858.6 2349.3 0 0 0 0 0 0 0 0 0
140.0 60.1 2637.4 93 0.9994372129 0.0298297238 0.0153440079 -0.0313771665 0.9930827022 0.1131467819 -0.0118627315 -0.1135645583 0.9934598207
134.1 -138.7 2660.1 0.9994372129 0.0298297238 0.0153440079 -0.0313771665 0.9930827022 0.1131467819 -0.0118627315 -0.1135645583 0.9934598207
128.8 -330.3 2681.0 0.9994439483 0.0297056995 0.0151462974 -0.0311532374 0.9938193560 0.1065485030 -0.0118875857 -0.1069611087 0.9941921234
-1.9 -133.2 2661.9 0.3802064657 -0.9079006910 -0.1765201092 0.9234372377 0.3833624125 0.0172321647 0.0520260744 -0.1695570201 0.9841461778
-104.3 -381.7 2647.9 0.0855324492 -0.9079006910 -0.4103663266 0.5654027462 0.3833624125 -0.7303102016 0.8203681707 -0.1695570201 0.5461194515
270.1 -144.3 2658.3 0.2596876025 0.9621022940 0.0831957236 -0.7825464606 0.2601351142 -0.5656419396 -0.5658475161 0.0817856789 0.8204435706
321.4 -298.8 2546.6 -0.2579662204 0.9621022940 0.0883889794 0.9654740691 0.2601351142 -0.0137676587 -0.0362389721 0.0817856789 -0.9959908724
30.7 -517.5 2707.8 0.9896959662 0.1311633140 -0.0574292429 -0.0466290414 -0.0839801058 -0.9953758717 -0.1353797019 0.9877973199 -0.0769987553
-18.7 -485.9 2335.8 0.9896959662 0.0490400046 0.1345251352 -0.0466290414 0.9986911416 -0.0210164785 -0.1353797019 0.0145271467 0.9906873107
209.7 -524.0 2703.5 0.9890535474 -0.1463218629 0.0190516934 0.0038628946 -0.1033942029 -0.9946329594 0.1475063860 0.9838188887 -0.1016971767
263.7 -485.9 2340.4 0.9890535474 -0.0007955089 -0.1475548148 0.0038628946 0.9997823238 0.0205027126 0.1475063860 -0.0208482705 0.9888413548
-126.9 -531.2 2431.0 0 0 0 0 0 0 0 0 0
251.9 -38.7 2536.8 0 0 0 0 0 0 0 0 0
-37.0 -858.7 2330.4 0 0 0 0 0 0 0 0 0
264.0 -859.0 2348.2 0 0 0 0 0 0 0 0 0
