106.3 -15.3 2955.7 55 0.9846629500 0.0309993215 0.1716912538 0.0453996286 0.9046598077 -0.4237092435 -0.1684568822 0.4250055254 0.8893776536
100.2 -195.4 2871.1 0.9846629500 0.0309993215 0.1716912538 0.0453996286 0.9046598077 -0.4237092435 -0.1684568822 0.4250055254 0.8893776536
93.2 -369.2 2784.9 0.9846210480 0.0359425656 0.1709665060 0.0442722365 0.8953303099 -0.4431970119 -0.1690011322 0.4439501762 0.8799698353
-34.3 -201.5 2894.2 -0.2999901175 -0.4683668613 -0.8310465813 0.5025570393 0.6628791690 -0.5550023317 0.8108281493 -0.5841435194 0.0365238711
54.7 -350.6 2653.5 -0.2021958679 -0.4526932240 -0.8684386611 0.6398667693 0.6102483869 -0.4670839310 0.7414090037 -0.6501274705 0.1662736386
234.7 -189.4 2848.0 0.5702666640 0.6391886473 0.5159784555 -0.7953757048 0.2726136446 0.5413495302 0.2053617388 -0.7191103101 0.6638575792
375.5 -385.7 2898.7 -0.2914440930 0.6391886473 0.7116868496 -0.7794509530 0.2726136446 -0.5640372634 -0.5545417666 -0.7191103101 0.4187645614
-4.0 -544.4 2712.5 0.9866294265 0.1519255787 -0.0589999408 -0.0444937237 -0.0971738324 -0.9942723513 -0.1567886621 0.9836035371 -0.0891148299
-78.9 -496.5 2227.9 0.9866294265 0.0620494969 0.1507057995 -0.0444937237 0.9921122789 -0.1171902493 -0.1567886621 0.1089178920 0.9816079736
172.7 -538.0 2683.8 0.9590092301 -0.2785155475 0.0522525981 0.0323073268 -0.0757306516 -0.9966048002 0.2815270722 0.9574413300 -0.0636283010
303.3 -502.5 2234.9 0.9590092301 -0.0603762753 -0.2768681049 0.0323073268 0.9939634800 -0.1048469767 0.2815270722 0.0916043520 0.9551707506
105.9 -512.7 2465.7 0 0 0 0 0 0 0 0 0
301.5 -583.6 2757.9 0 0 0 0 0 0 0 0 0
-102.0 -866.8 2187.2 0 0 0 0 0 0 0 0 0
325.8 -873.4 2200.7 0 0 0 0 0 0 0 0 0
107.1 -15.2 2955.3 56 0.9830409884 0.0316483155 0.1806345284 0.0480816253 0.9060572386 -0.4204145968 -0.1769706458 0.4219699502 0.8891696930
100.8 -195.5 2871.3 0.9830409884 0.0316483155 0.1806345284 0.0480816253 0.9060572386 -0.4204145968 -0.1769706458 0.4219699502 0.8891696930
93.8 -369.6 2785.7 0.9830244780 0.0360310450 0.1799017936 0.0476420783 0.8967659473 -0.4399330318 -0.1771810502 0.4410358369 0.8798262477
-33.5 -202.0 2895.6 -0.3100428581 -0.4760200679 -0.8229691982 0.4928268492 0.6597743630 -0.5672913194 0.8130160570 -0.5814659595 0.0300371274
57.2 -346.2 2657.7 -0.1761620641 -0.4624302685 -0.8689793944 0.6536257863 0.6051278114 -0.4545257390 0.7360301018 -0.6480575204 0.1956557930
235.1 -189.0 2847.1 0.5750619769 0.6322097182 0.5192442536 -0.7925198078 0.2729890645 0.5453341603 0.2030175775 -0.7251122594 0.6580243707
377.1 -384.7 2897.3 -0.2928936779 0.6322097182 0.7173033953 -0.7822214961 0.2729890645 -0.5600058436 -0.5498571396 -0.7251122594 0.4145712554
-2.0 -547.0 2713.9 0.9858563542 0.1553324163 -0.0629208982 -0.0471441858 -0.1032426506 -0.9935383201 -0.1608248353 0.9824524522 -0.0944594070
-78.8 -495.9 2228.0 0.9858563542 0.0651936531 0.1543923169 -0.0471441858 0.9919162393 -0.1178118438 -0.1608248353 0.1088668555 0.9809604287
174.4 -539.0 2683.6 0.9595655203 -0.2791958153 0.0358290859 0.0140587054 -0.0795915276 -0.9967284203 0.2811340690 0.9569299221 -0.0724481493
305.1 -501.8 2235.7 0.9595655203 -0.0453806743 -0.2778031826 0.0140587054 0.9934134483 -0.1137190759 0.2811340690 0.1052153558 0.9538832903
101.9 -511.9 2471.1 0 0 0 0 0 0 0 0 0
302.7 -583.3 2757.7 0 0 0 0 0 0 0 0 0
-103.1 -866.2 2187.3 0 0 0 0 0 0 0 0 0
322.0 -872.5 2196.5 0 0 0 0 0 0 0 0 0
107.8 -14.0 2955.2 57 0.9802214503 0.0401495956 0.1937882155 0.0436794534 0.9111659527 -0.4097177982 -0.1930232346 0.4100787342 0.8913907409
99.8 -195.6 2873.4 0.9802214503 0.0401495956 0.1937882155 0.0436794534 0.9111659527 -0.4097177982 -0.1930232346 0.4100787342 0.8913907409
91.4 -370.6 2789.9 0.9802693725 0.0434172340 0.1928391457 0.0447180830 0.9015752077 -0.4303050637 -0.1925416589 0.4304382801 0.8818449974
-34.1 -201.7 2899.7 -0.3163730800 -0.4857881367 -0.8148115873 0.4837646484 0.6562317610 -0.5790782571 0.8160145879 -0.5773818493 0.0273930617
58.5 -343.4 2660.8 -0.1682233512 -0.4738737643 -0.8643752337 0.6495057940 0.6063285470 -0.4588114321 0.7415140867 -0.6385995150 0.2057851553
233.7 -189.5 2847.1 0.5774403214 0.6213771701 0.5295782089 -0.7907660604 0.2643011808 0.5521177053 0.2031051815 -0.7375875115 0.6439821124
376.3 -384.8 2897.3 -0.3017752171 0.6213771701 0.7230644226 -0.7880274653 0.2643011808 -0.5560194850 -0.5366045833 -0.7375875115 0.4099027216
-1.2 -547.9 2716.0 0.9855706096 0.1551363617 -0.0677002519 -0.0516146980 -0.1054684296 -0.9930822253 -0.1612034142 0.9822469950 -0.0959392637
-78.1 -495.7 2229.5 0.9855706096 0.0707042739 0.1537905037 -0.0516146980 0.9908434749 -0.1247602403 -0.1612034142 0.1150221750 0.9801955819
174.9 -539.4 2684.2 0.9597961307 -0.2775526941 0.0419030450 0.0196405519 -0.0825109184 -0.9963966012 0.2800100148 0.9571606517 -0.0737423748
305.1 -500.7 2235.4 0.9597961307 -0.0498378277 -0.2762382030 0.0196405519 0.9936236143 -0.1110241711 0.2800100148 0.1011350974 0.9546549320
101.2 -508.1 2472.7 0 0 0 0 0 0 0 0 0
299.7 -584.8 2761.1 0 0 0 0 0 0 0 0 0
-104.5 -865.6 2186.5 0 0 0 0 0 0 0 0 0
323.7 -871.6 2197.7 0 0 0 0 0 0 0 0 0
106.8 -13.5 2956.6 58 0.9815357327 0.0397012085 0.1871132851 0.0414832830 0.9107585549 -0.4108502865 -0.1867262870 0.4110262990 0.8922951818
98.9 -195.4 2874.4 0.9815357327 0.0397012085 0.1871132851 0.0414832830 0.9107585549 -0.4108502865 -0.1867262870 0.4110262990 0.8922951818
90.1 -370.5 2791.1 0.9814652205 0.0453081690 0.1862074584 0.0399791002 0.9018645883 -0.4301649928 -0.1874238998 0.4296363890 0.8833373189
-35.2 -200.9 2900.1 -0.3184312284 -0.4768825471 -0.8192585707 0.4949630797 0.6534356475 -0.5727419853 0.8084633946 -0.5878816843 0.0279649328
54.6 -340.5 2672.0 -0.1838521212 -0.4682362974 -0.8642645478 0.6251558661 0.6228113770 -0.4704105556 0.7585371137 -0.6267860532 0.1782155037
233.0 -190.0 2848.8 0.5727058649 0.6264727712 0.5287152529 -0.7931784391 0.2605649829 0.5504306555 0.2070651203 -0.7346004248 0.6461318135
374.4 -385.8 2900.0 -0.3026134074 0.6264727712 0.7183014750 -0.7872292995 0.2605649829 -0.5589060187 -0.5373036265 -0.7346004248 0.4143272638
-4.8 -549.6 2723.6 0.9872218370 0.1458054781 -0.0642948821 -0.0487564914 -0.1077475846 -0.9929820299 -0.1517098397 0.9834282994 -0.0992618054
-77.9 -495.6 2230.5 0.9872218370 0.0680114999 0.1441093534 -0.0487564914 0.9898935556 -0.1331674159 -0.1517098397 0.1244395077 0.9805605412
170.8 -541.6 2689.1 0.9579998255 -0.2826496661 0.0484302007 0.0250002258 -0.0859215483 -0.9959881902 0.2856769264 0.9553672671 -0.0752465203
305.9 -500.6 2232.4 0.9579998255 -0.0487207845 -0.2825997174 0.0250002258 0.9958993196 -0.0869455412 0.2856769264 0.0762287602 0.9552894235
101.3 -499.0 2479.6 0 0 0 0 0 0 0 0 0
297.6 -585.6 2763.6 0 0 0 0 0 0 0 0 0
-103.3 -865.1 2184.0 0 0 0 0 0 0 0 0 0
324.1 -872.2 2204.0 0 0 0 0 0 0 0 0 0
107.1 -13.8 2955.8 59 0.9754384160 0.0456733033 0.2154851258 0.0458115563 0.9148112535 -0.4012750387 -0.2154557854 0.4012908041 0.8902496696
98.0 -196.2 2875.8 0.9754384160 0.0456733033 0.2154851258 0.0458115563 0.9148112535 -0.4012750387 -0.2154557854 0.4012908041 0.8902496696
88.2 -372.4 2795.0 0.9753778577 0.0506020188 0.2146566212 0.0446650945 0.9078267813 -0.4169599414 -0.2159700394 0.4162811339 0.8832139969
-35.2 -202.2 2905.3 -0.3136745095 -0.5008866191 -0.8066727519 0.4849561751 0.6458818913 -0.5896219611 0.8163490891 -0.5761502981 0.0403113700
53.7 -339.6 2674.0 -0.1901546270 -0.4924086332 -0.8493379354 0.6113381386 0.6175354123 -0.4948896170 0.7681841850 -0.6133382320 0.1836009622
231.2 -190.1 2846.3 0.5844310522 0.6031926274 0.5427697897 -0.7862060070 0.2554048598 0.5627152920 0.2007996738 -0.7555971146 0.6235001683
375.5 -384.2 2895.9 -0.3115452528 0.6031926274 0.7342330813 -0.7966381907 0.2554048598 -0.5478466749 -0.5179837942 -0.7555971146 0.4009560943
-6.6 -549.1 2724.4 0.9878738523 0.1415255517 -0.0638416633 -0.0487596653 -0.1075871065 -0.9929992557 -0.1474032998 0.9840708971 -0.0993817523
-77.9 -494.9 2228.7 0.9878738523 0.0663751140 0.1403551996 -0.0487596653 0.9909051061 -0.1254177541 -0.1474032998 0.1170532554 0.9821256399
169.2 -542.0 2690.9 0.9576481581 -0.2836404443 0.0495788530 0.0272388235 -0.0821727440 -0.9962458014 0.2866496444 0.9554034472 -0.0709665492
304.0 -502.9 2236.9 0.9576481581 -0.0585462973 -0.2819260359 0.0272388235 0.9931398630 -0.1137158126 0.2866496444 0.1012204066 0.9526733160
101.9 -494.7 2479.2 0 0 0 0 0 0 0 0 0
296.4 -586.4 2764.4 0 0 0 0 0 0 0 0 0
-102.7 -864.8 2185.0 0 0 0 0 0 0 0 0 0
325.9 -873.5 2199.1 0 0 0 0 0 0 0 0 0
109.4 -11.5 2957.4 60 0.9742456079 0.0495517142 0.2199776620 0.0432470813 0.9163841009 -0.3979571462 -0.2213034779 0.3972213864 0.8906401992
99.5 -194.7 2877.9 0.9742456079 0.0495517142 0.2199776620 0.0432470813 0.9163841009 -0.3979571462 -0.2213034779 0.3972213864 0.8906401992
88.8 -371.3 2798.3 0.9741126299 0.0554660521 0.2191531509 0.0409346893 0.9101292491 -0.4122973979 -0.2223261893 0.4105950594 0.8842979074
-33.5 -200.3 2908.3 -0.2962661386 -0.5036755204 -0.8115031123 0.4958877563 0.6450380087 -0.5813959837 0.8162853122 -0.5746623874 0.0586636066
48.8 -338.0 2681.6 -0.2122933269 -0.4955377579 -0.8422433734 0.5903522968 0.6217963099 -0.5146391988 0.7787269950 -0.6064747572 0.1605386585
232.6 -189.1 2847.6 0.5837541819 0.5990914106 0.5480151176 -0.7864320874 0.2493804395 0.5650963783 0.2018801421 -0.7608540654 0.6167215705
376.7 -383.3 2897.4 -0.3168845177 0.5990914106 0.7353051901 -0.7988227010 0.2493804395 -0.5474410057 -0.5113379359 -0.7608540654 0.3995430171
-8.9 -552.6 2733.5 0.9887199402 0.1333777755 -0.0681413487 -0.0530799255 -0.1133921295 -0.9921314120 -0.1400549710 0.9845570326 -0.1050333828
-77.5 -494.2 2226.8 0.9887199402 0.0689527318 0.1329601258 -0.0530799255 0.9914221168 -0.1194349527 -0.1400549710 0.1110302061 0.9838988185
165.8 -544.6 2694.9 0.9567028284 -0.2865428030 0.0511167459 0.0265407357 -0.0890065655 -0.9956773520 0.2898539007 0.9539240599 -0.0775477812
303.5 -501.8 2236.5 0.9567028284 -0.0601640195 -0.2847805917 0.0265407357 0.9923598766 -0.1204884201 0.2898539007 0.1077133268 0.9509903193
102.6 -487.7 2484.0 0 0 0 0 0 0 0 0 0
296.3 -586.0 2767.6 0 0 0 0 0 0 0 0 0
-103.3 -864.3 2185.3 0 0 0 0 0 0 0 0 0
325.9 -872.2 2196.4 0 0 0 0 0 0 0 0 0
108.4 -13.0 2958.2 61 0.9812059999 0.0399456248 0.1887832731 0.0402369350 0.9144773483 -0.4026314914 -0.1887214035 0.4026605189 0.8956834078
100.5 -195.3 2877.9 0.9812059999 0.0399456248 0.1887832731 0.0402369350 0.9144773483 -0.4026314914 -0.1887214035 0.4026605189 0.8956834078
91.8 -371.4 2796.9 0.9811361432 0.0447579175 0.1880653650 0.0387342982 0.9075866342 -0.4180743396 -0.1893977523 0.4174724519 0.8887323737
-33.5 -200.5 2903.8 -0.3080289066 -0.4803688526 -0.8211966753 0.5070379972 0.6474745870 -0.5689368248 0.8050035238 -0.5916268826 0.0441243723
48.8 -336.0 2688.7 -0.2162180990 -0.4827095866 -0.8486702442 0.5562476516 0.6534627080 -0.5133955479 0.8023953438 -0.5830762386 0.1272156090
234.4 -190.0 2852.1 0.5738803148 0.6250616312 0.5291118622 -0.7897635102 0.2514937520 0.5594859123 0.2166448683 -0.7389511466 0.6379781961
376.1 -385.0 2905.5 -0.3021630943 0.6250616312 0.7197189331 -0.7949106097 0.2514937520 -0.5521485209 -0.5261316895 -0.7389511466 0.4208760262
-9.2 -551.7 2738.5 0.9883306026 0.1306951195 -0.0782397240 -0.0638040677 -0.1112090275 -0.9917467237 -0.1383174211 0.9851656556 -0.1015724018
-76.6 -494.3 2230.6 0.9883306026 0.0801770985 0.1295156479 -0.0638040677 0.9899808764 -0.1259637773 -0.1383174211 0.1162302345 0.9835439920
165.3 -544.4 2698.7 0.9568502903 -0.2865919769 0.0479851998 0.0229933728 -0.0899423733 -0.9956815243 0.2896702290 0.9538214803 -0.0794716626
304.1 -500.8 2236.8 0.9568502903 -0.0559828915 -0.2851376235 0.0229933728 0.9927760959 -0.1177580953 0.2896702290 0.1061205864 0.9512252808
103.6 -477.0 2485.3 0 0 0 0 0 0 0 0 0
299.4 -586.7 2772.0 0 0 0 0 0 0 0 0 0
-106.5 -863.9 2187.2 0 0 0 0 0 0 0 0 0
325.0 -871.4 2197.1 0 0 0 0 0 0 0 0 0
108.0 -12.7 2956.6 62 0.9819827676 0.0385024771 0.1850065589 0.0405416489 0.9133024812 -0.4052591920 -0.1845704168 0.4054580033 0.8952863216
100.3 -194.9 2875.7 0.9819827676 0.0385024771 0.1850065589 0.0405416489 0.9133024812 -0.4052591920 -0.1845704168 0.4054580033 0.8952863216
92.1 -370.6 2793.6 0.9819691777 0.0424836800 0.1842053831 0.0402372926 0.9051198363 -0.4232482314 -0.1847090870 0.4230286479 0.8870903850
-33.8 -200.4 2900.9 -0.3135096431 -0.4753682613 -0.8220320344 0.5091078877 0.6465989947 -0.5680835247 0.8015739918 -0.5966026783 0.0392987356
51.0 -338.1 2684.1 -0.2164997756 -0.4808132052 -0.8496743441 0.5482879281 0.6602212191 -0.5133110881 0.8077797890 -0.5769979358 0.1206863448
234.4 -189.4 2850.5 0.5733113885 0.6282983422 0.5258852243 -0.7907156348 0.2561138570 0.5560345650 0.2146690786 -0.7346066236 0.6436383128
376.0 -384.6 2903.5 -0.2995594144 0.6282983422 0.7179870009 -0.7918068767 0.2561138570 -0.5544795394 -0.5322650075 -0.7346066236 0.4207696021
-4.7 -551.1 2732.9 0.9873887300 0.1387345642 -0.0762638524 -0.0610516295 -0.1107840464 -0.9919675589 -0.1460689902 0.9841136336 -0.1009169444
-75.0 -494.9 2233.9 0.9873887300 0.0810262933 0.1360080540 -0.0610516295 0.9875320196 -0.1450970620 -0.1460689902 0.1349636912 0.9800248146
171.0 -544.2 2699.0 0.9602836370 -0.2751116753 0.0465709381 0.0217158310 -0.0927113369 -0.9954562187 0.2781792879 0.9569316506 -0.0830549002
303.5 -499.5 2238.3 0.9602836370 -0.0566371083 -0.2732169926 0.0217158310 0.9913825989 -0.1291855574 0.2781792879 0.1181216463 0.9532384872
105.9 -477.2 2479.1 0 0 0 0 0 0 0 0 0
299.9 -585.6 2768.4 0 0 0 0 0 0 0 0 0
-105.3 -863.5 2183.6 0 0 0 0 0 0 0 0 0
324.6 -869.6 2194.2 0 0 0 0 0 0 0 0 0
108.3 -11.4 2955.8 63 0.9825940132 0.0431614444 0.1806822717 0.0329977646 0.9166133404 -0.3984107673 -0.1828117669 0.3974381387 0.8992345333
99.7 -194.7 2876.3 0.9825940132 0.0431614444 0.1806822717 0.0329977646 0.9166133404 -0.3984107673 -0.1828117669 0.3974381387 0.8992345333
90.9 -371.4 2796.3 0.9826186895 0.0454981104 0.1799734980 0.0335058123 0.9101079702 -0.4130143225 -0.1825866848 0.4118657410 0.8927646279
-34.5 -199.3 2901.2 -0.3166334331 -0.4768031240 -0.8200012445 0.4997987151 0.6508772373 -0.5714543462 0.8061913848 -0.5907770991 0.0322160870
53.2 -337.8 2677.8 -0.2196600139 -0.4758087695 -0.8516780734 0.5667938590 0.6483055353 -0.5083745122 0.7940366268 -0.5943954587 0.1272787005
233.9 -190.2 2851.3 0.5692176223 0.6313405037 0.5266882181 -0.7905004621 0.2441191077 0.5617071390 0.2260537893 -0.7360808849 0.6380318403
374.5 -385.3 2907.1 -0.3018769622 0.6313405037 0.7143384814 -0.7969365120 0.2441191077 -0.5525378585 -0.5232232213 -0.7360808849 0.4294443727
-4.1 -549.9 2728.0 0.9870300293 0.1408700645 -0.0769896060 -0.0617309362 -0.1096564680 -0.9920507669 -0.1481926739 0.9839365482 -0.0995381847
-75.0 -494.7 2232.7 0.9870300293 0.0807166696 0.1387681365 -0.0617309362 0.9887758493 -0.1360572278 -0.1481926739 0.1257262826 0.9809341431
171.8 -542.7 2695.0 0.9597030282 -0.2775554657 0.0439660661 0.0198050234 -0.0892613083 -0.9958113432 0.2803173363 0.9565539360 -0.0801673606
305.6 -499.7 2233.8 0.9597030282 -0.0457324646 -0.2772698998 0.0198050234 0.9952227473 -0.0956001729 0.2803173363 0.0862564370 0.9560240507
109.0 -481.6 2476.3 0 0 0 0 0 0 0 0 0
297.8 -587.6 2774.3 0 0 0 0 0 0 0 0 0
-105.2 -863.7 2185.7 0 0 0 0 0 0 0 0 0
322.7 -870.9 2201.6 0 0 0 0 0 0 0 0 0
105.4 -11.4 2955.9 64 0.9844331145 0.0369915776 0.1718227267 0.0344767384 0.9179661274 -0.3951576054 -0.1723449379 0.3949301243 0.9024009109
98.0 -194.4 2877.1 0.9844331145 0.0369915776 0.1718227267 0.0344767384 0.9179661274 -0.3951576054 -0.1723449379 0.3949301243 0.9024009109
90.3 -371.4 2798.0 0.9844194055 0.0397686176 0.1712800413 0.0341500938 0.9122995138 -0.4080972075 -0.1724881679 0.4075880349 0.8967272639
-36.5 -199.0 2900.7 -0.3280258477 -0.4728955925 -0.8177828789 0.4980879128 0.6489920020 -0.5750806928 0.8026876450 -0.5959690809 0.0226574410
52.9 -334.8 2681.9 -0.2191959620 -0.4730964303 -0.8533070087 0.5676134229 0.6495118141 -0.5059143901 0.7935792804 -0.5952429175 0.1261655241
232.5 -189.7 2853.6 0.5680414438 0.6386258602 0.5191203356 -0.7884050012 0.2412987202 0.5658555627 0.2361069322 -0.7307064533 0.6405634880
372.7 -384.3 2911.9 -0.2951691151 0.6386258602 0.7106561661 -0.8001182675 0.2412987202 -0.5491682291 -0.5221934319 -0.7307064533 0.4397522807
-6.0 -551.1 2732.7 0.9877520800 0.1365624517 -0.0754752085 -0.0606672578 -0.1095254943 -0.9921308756 -0.1437542886 0.9845582247 -0.0998991728
-75.3 -495.5 2233.0 0.9877520800 0.0794141293 0.1343101114 -0.0606672578 0.9885267019 -0.1383274347 -0.1437542886 0.1284849793 0.9812371135
170.1 -545.1 2700.0 0.9592094421 -0.2782468498 0.0499591045 0.0251105428 -0.0921641365 -0.9954271317 0.2815788984 0.9560776353 -0.0814177766
305.2 -500.3 2235.7 0.9592094421 -0.0527976342 -0.2777222097 0.0251105428 0.9944341779 -0.1023234800 0.2815788984 0.0911758915 0.9551964402
108.6 -478.9 2480.5 0 0 0 0 0 0 0 0 0
297.8 -587.4 2779.3 0 0 0 0 0 0 0 0 0
-104.9 -864.5 2185.0 0 0 0 0 0 0 0 0 0
324.9 -871.4 2201.6 0 0 0 0 0 0 0 0 0
105.2 -8.8 2956.4 65 0.9834666252 0.0354080796 0.1775942594 0.0377633013 0.9190376401 -0.3923567235 -0.1771084070 0.3925762773 0.9025056958
98.1 -192.1 2878.1 0.9834666252 0.0354080796 0.1775942594 0.0377633013 0.9190376401 -0.3923567235 -0.1771084070 0.3925762773 0.9025056958
90.6 -369.4 2799.5 0.9834378362 0.0386713631 0.1770720780 0.0370521881 0.9134442210 -0.4052737057 -0.1774179637 0.4051223993 0.8968827724
-36.2 -197.2 2902.3 -0.3318421245 -0.4751251042 -0.8149459958 0.5033187866 0.6414804459 -0.5789412260 0.7978414297 -0.6022947431 0.0262691565
55.1 -335.8 2682.7 -0.2031102329 -0.4821235240 -0.8522341847 0.5551692843 0.6602481604 -0.5058254600 0.8065564036 -0.5758726001 0.1335570365
232.5 -187.1 2853.9 0.5718861818 0.6342080235 0.5203136802 -0.7858742476 0.2416580617 0.5692126751 0.2352612466 -0.7344259620 0.6366086602
373.7 -381.1 2911.9 -0.2950030565 0.6342080235 0.7146701217 -0.8024014831 0.2416580617 -0.5456677079 -0.5187726617 -0.7344259620 0.4375995994
-5.6 -551.6 2734.4 0.9877246618 0.1370170563 -0.0750083998 -0.0599619262 -0.1108232960 -0.9920296073 -0.1442376673 0.9843497872 -0.1012471020
-75.2 -495.4 2234.9 0.9877246618 0.0800401717 0.1341398805 -0.0599619262 0.9872350097 -0.1475518793 -0.1442376673 0.1376973391 0.9799157977
170.7 -545.5 2703.5 0.9600622654 -0.2755730748 0.0483725816 0.0242321137 -0.0903432593 -0.9956158400 0.2787350714 0.9570253491 -0.0800574347
306.3 -501.0 2232.8 0.9600622654 -0.0470249727 -0.2758062482 0.0242321137 0.9960455298 -0.0854754969 0.2787350714 0.0753784329 0.9574052691
106.7 -476.6 2478.0 0 0 0 0 0 0 0 0 0
298.8 -584.8 2780.3 0 0 0 0 0 0 0 0 0
-105.0 -863.9 2183.5 0 0 0 0 0 0 0 0 0
323.8 -872.8 2204.7 0 0 0 0 0 0 0 0 0
106.2 -9.4 2956.2 66 0.9837763906 0.0333665721 0.1762686819 0.0397854075 0.9175066948 -0.3957253993 -0.1749317050 0.3963182271 0.9012939334
99.5 -192.5 2877.1 0.9837763906 0.0333665721 0.1762686819 0.0397854075 0.9175066948 -0.3957253993 -0.1749317050 0.3963182271 0.9012939334
92.0 -369.4 2797.6 0.9836705327 0.0389443673 0.1757146269 0.0371073484 0.9114477038 -0.4097391367 -0.1761117280 0.4095686078 0.8951191306
-34.9 -197.6 2901.2 -0.3287605643 -0.4743793905 -0.8166276217 0.5008966327 0.6454679966 -0.5766052604 0.8006366491 -0.5986111164 0.0254106354
55.2 -334.8 2681.8 -0.2041025609 -0.4778012037 -0.8544285297 0.5655600429 0.6548591256 -0.5012996793 0.7990519404 -0.5855472088 0.1365668327
233.9 -187.4 2853.0 0.5709926486 0.6352456808 0.5200291276 -0.7874540687 0.2446891218 0.5657236576 0.2321280390 -0.7325231433 0.6399424672
374.9 -381.8 2910.4 -0.2950610518 0.6352456808 0.7137239575 -0.7996401787 0.2446891218 -0.5483638048 -0.5229862332 -0.7325231433 0.4357697070
-5.0 -550.1 2736.7 0.9878234267 0.1376865655 -0.0724381432 -0.0577869937 -0.1075822338 -0.9925153255 -0.1444490850 0.9846159220 -0.0983157530
-75.3 -495.2 2234.2 0.9878234267 0.0776653811 0.1348071247 -0.0577869937 0.9876591563 -0.1455678642 -0.1444490850 0.1360052377 0.9801209569
171.2 -543.4 2704.9 0.9612387419 -0.2700168490 0.0557760112 0.0345607176 -0.0827000663 -0.9959750175 0.2735427320 0.9592974782 -0.0701625347
302.4 -503.2 2238.7 0.9612387419 -0.0669972971 -0.2674536109 0.0345607176 0.9916554093 -0.1241977289 0.2735427320 0.1101402789 0.9555330873
107.0 -478.3 2479.1 0 0 0 0 0 0 0 0 0
300.0 -584.8 2777.6 0 0 0 0 0 0 0 0 0
-104.3 -863.9 2183.4 0 0 0 0 0 0 0 0 0
327.4 -873.1 2197.6 0 0 0 0 0 0 0 0 0
107.7 -10.1 2955.6 67 0.9868128896 0.0316079222 0.1587488800 0.0361517146 0.9129364491 -0.4064973593 -0.1577761769 0.4068759084 0.8997547626
101.4 -192.1 2874.5 0.9868128896 0.0316079222 0.1587488800 0.0361517146 0.9129364491 -0.4064973593 -0.1577761769 0.4068759084 0.8997547626
94.6 -367.7 2792.2 0.9867999554 0.0349945165 0.1581176668 0.0357983857 0.9050821662 -0.4237271845 -0.1579376161 0.4237943292 0.8918823004
-33.4 -196.9 2896.1 -0.3257849216 -0.4571468532 -0.8275753260 0.5125235319 0.6501586437 -0.5609040856 0.7944707870 -0.6068859100 0.0224866569
54.9 -335.9 2680.7 -0.2060207129 -0.4579781592 -0.8647609353 0.5827463865 0.6525048614 -0.4844006896 0.7861056924 -0.6037328839 0.1324556023
236.2 -187.2 2852.9 0.5638330579 0.6491438746 0.5105922818 -0.7931035161 0.2531154156 0.5540030599 0.2303889096 -0.7173178196 0.6575531363
375.4 -383.0 2909.8 -0.2885118723 0.6491438746 0.7038275003 -0.7906211615 0.2531154156 -0.5575398803 -0.5400732160 -0.7173178196 0.4402000904
-3.7 -549.7 2733.9 0.9873402119 0.1410676092 -0.0725206584 -0.0575812757 -0.1072468534 -0.9925636053 -0.1477961838 0.9841737747 -0.0977662802
-75.6 -495.0 2232.0 0.9873402119 0.0752173886 0.1396483332 -0.0575812757 0.9903200269 -0.1262956709 -0.1477961838 0.1166556701 0.9821138978
172.6 -543.0 2702.3 0.9618005753 -0.2679912150 0.0558603331 0.0339276344 -0.0857882723 -0.9957355261 0.2716405392 0.9595942497 -0.0734189004
301.5 -501.7 2240.7 0.9618005753 -0.0694193691 -0.2648029923 0.0339276344 0.9900829792 -0.1363251954 0.2716405392 0.1221335009 0.9546176195
107.2 -483.8 2481.2 0 0 0 0 0 0 0 0 0
302.2 -583.7 2772.7 0 0 0 0 0 0 0 0 0
-103.7 -864.6 2188.5 0 0 0 0 0 0 0 0 0
327.4 -871.1 2195.1 0 0 0 0 0 0 0 0 0
108.3 -11.6 2955.3 68 0.9907202721 0.0200890135 0.1344236881 0.0356558077 0.9159633517 -0.3996746242 -0.1311562359 0.4007587433 0.9067472219
104.4 -193.6 2875.7 0.9907202721 0.0200890135 0.1344236881 0.0356558077 0.9159633517 -0.3996746242 -0.1311562359 0.4007587433 0.9067472219
100.3 -370.0 2795.0 0.9907481074 0.0209687352 0.1340840459 0.0368914008 0.9091770053 -0.4147725105 -0.1306033880 0.4158816338 0.8999918103
-30.9 -198.6 2893.5 -0.3182418942 -0.4539776146 -0.8322418332 0.5043709874 0.6622448564 -0.5541133881 0.8027029037 -0.5961007476 0.0182191022
59.8 -342.5 2664.6 -0.2011543214 -0.4489007294 -0.8706463575 0.5990082026 0.6468935609 -0.4719299674 0.7750652432 -0.6164550781 0.1387697905
239.7 -188.5 2857.8 0.5588541627 0.6684018373 0.4908370376 -0.7894963026 0.2477438301 0.5615323186 0.2537274063 -0.7013286948 0.6661534905
377.6 -383.4 2920.5 -0.2714919448 0.6684018373 0.6924818158 -0.7965822816 0.2477438301 -0.5514341593 -0.5401377082 -0.7013286948 0.4651766419
-0.5 -546.6 2724.1 0.9861660600 0.1507597268 -0.0689058527 -0.0537605993 -0.1023289561 -0.9932968020 -0.1568002105 0.9832600355 -0.0928084105
-76.3 -495.2 2230.0 0.9861660600 0.0722643882 0.1491789818 -0.0537605993 0.9907563925 -0.1245452389 -0.1568002105 0.1148023382 0.9809353352
176.2 -540.2 2695.8 0.9625644088 -0.2654995024 0.0545870587 0.0343254916 -0.0803681985 -0.9961740375 0.2688707709 0.9607554078 -0.0682461709
302.1 -502.1 2240.3 0.9625644088 -0.0679212287 -0.2624050975 0.0343254916 0.9908463359 -0.1305576861 0.2688707709 0.1166630015 0.9560848475
110.9 -494.5 2467.9 0 0 0 0 0 0 0 0 0
308.7 -585.6 2783.4 0 0 0 0 0 0 0 0 0
-103.3 -865.0 2187.1 0 0 0 0 0 0 0 0 0
327.5 -871.9 2196.8 0 0 0 0 0 0 0 0 0
107.9 -13.4 2955.1 69 0.9933600426 0.0134054366 0.1142631546 0.0344614424 0.9129123688 -0.4066981375 -0.1097642109 0.4079353809 0.9063887596
105.2 -194.4 2874.2 0.9933600426 0.0134054366 0.1142631546 0.0344614424 0.9129123688 -0.4066981375 -0.1097642109 0.4079353809 0.9063887596
103.5 -370.3 2792.2 0.9934275150 0.0092717400 0.1140869483 0.0398710221 0.9062613249 -0.4208333194 -0.1072944477 0.4226161540 0.8999352455
-30.4 -199.8 2888.9 -0.3322455883 -0.4394237697 -0.8345775008 0.5077341795 0.6623706818 -0.5508821607 0.7948703766 -0.6067716479 0.0030407370
60.0 -338.1 2672.4 -0.1864460856 -0.4365930855 -0.8801274300 0.6071916223 0.6530601978 -0.4525822699 0.7723705173 -0.6187881827 0.1433351487
240.9 -189.0 2859.6 0.5545923114 0.6839663386 0.4739381671 -0.7900983691 0.2541176379 0.5578250289 0.2610975206 -0.6838232279 0.6813324094
377.8 -384.0 2924.0 -0.2570147812 0.6839663386 0.6827396154 -0.7933294773 0.2541176379 -0.5532201529 -0.5518801808 -0.6838232279 0.4772987068
7.5 -549.8 2726.0 0.9832646251 0.1677639931 -0.0710348710 -0.0533697344 -0.1075581610 -0.9927653074 -0.1741906404 0.9799420834 -0.0968046114
-78.0 -495.0 2226.8 0.9832646251 0.0703728646 0.1680427641 -0.0533697344 0.9931816459 -0.1036430821 -0.1741906404 0.0929401740 0.9803161621
184.9 -543.2 2702.6 0.9677423835 -0.2456490695 0.0559576042 0.0364413895 -0.0832895488 -0.9958588481 0.2492924780 0.9657739997 -0.0716510341
303.7 -502.9 2235.7 0.9677423835 -0.0606984757 -0.2445207834 0.0364413895 0.9940615892 -0.1025358438 0.2492924780 0.0903176069 0.9642074108
107.4 -492.2 2476.4 0 0 0 0 0 0 0 0 0
312.6 -585.3 2784.0 0 0 0 0 0 0 0 0 0
-104.2 -865.7 2192.1 0 0 0 0 0 0 0 0 0
326.3 -873.8 2202.0 0 0 0 0 0 0 0 0 0
108.2 -12.6 2955.5 70 0.9945688248 0.0116365226 0.1034284756 0.0317129195 0.9125980735 -0.4076261222 -0.0991319790 0.4086922407 0.9072725773
105.9 -194.2 2874.2 0.9945688248 0.0116365226 0.1034284756 0.0317129195 0.9125980735 -0.4076261222 -0.0991319790 0.4086922407 0.9072725773
104.1 -369.7 2791.2 0.9946159124 0.0092802066 0.1032135189 0.0358039252 0.9038758278 -0.4262940586 -0.0972483009 0.4276942909 0.8986769915
-30.0 -199.1 2887.5 -0.3248220384 -0.4326727390 -0.8410023451 0.5065502524 0.6713367701 -0.5410303473 0.7986848354 -0.6017485261 0.0011054934
58.4 -336.9 2670.2 -0.1977182925 -0.4246513247 -0.8835036755 0.6179606915 0.6456499696 -0.4486209154 0.7609415650 -0.6346710920 0.1347610056
241.7 -189.3 2860.9 0.5483835340 0.6918707490 0.4696704447 -0.7940583229 0.2547326088 0.5518901348 0.2621962726 -0.6755931973 0.6890769005
377.1 -385.4 2925.7 -0.2552153170 0.6918707490 0.6754109859 -0.7890114784 0.2547326088 -0.5590816140 -0.5588614345 -0.6755931973 0.4808823168
12.7 -549.8 2719.9 0.9810756445 0.1781793833 -0.0757802129 -0.0562101975 -0.1124299690 -0.9920685291 -0.1852861196 0.9775539041 -0.1002868041
-76.8 -493.3 2228.7 0.9810756445 0.0745316222 0.1787052602 -0.0562101975 0.9928308725 -0.1054856330 -0.1852861196 0.0934443250 0.9782316685
190.6 -542.6 2700.6 0.9707114697 -0.2336248159 0.0560237356 0.0369074792 -0.0854112655 -0.9956619740 0.2373964041 0.9685682058 -0.0742871910
302.8 -501.7 2235.8 0.9707114697 -0.0607583039 -0.2324384600 0.0369074792 0.9937213659 -0.1056206897 0.2373964041 0.0939484984 0.9668591619
108.6 -493.8 2477.1 0 0 0 0 0 0 0 0 0
312.3 -585.6 2783.8 0 0 0 0 0 0 0 0 0
-104.6 -863.9 2193.9 0 0 0 0 0 0 0 0 0
325.4 -872.5 2200.7 0 0 0 0 0 0 0 0 0
106.3 -16.0 2956.8 71 0.9910827875 0.0174561758 0.1320993155 0.0393981673 0.9086654186 -0.4156620204 -0.1272899508 0.4171599150 0.8998749256
102.9 -196.2 2874.0 0.9910827875 0.0174561758 0.1320993155 0.0393981673 0.9086654186 -0.4156620204 -0.1272899508 0.4171599150 0.8998749256
99.7 -371.1 2789.8 0.9911466837 0.0160588548 0.1317967474 0.0428486466 0.9008558393 -0.4319985807 -0.1256672740 0.4338212609 0.8921921849
-32.5 -202.1 2891.1 -0.3289532065 -0.4477371871 -0.8314572573 0.5019733906 0.6628640890 -0.5555483103 0.7998828292 -0.6001188159 0.0067008869
58.2 -340.5 2670.6 -0.2027313262 -0.4415161014 -0.8740500808 0.6068189144 0.6439006329 -0.4660072923 0.7685511112 -0.6248643994 0.1373814791
238.2 -190.4 2856.8 0.5605267882 0.6704415679 0.4861252904 -0.7924751639 0.2638449371 0.5498808622 0.2404012829 -0.6934651732 0.6792004704
376.6 -386.0 2916.2 -0.2664320469 0.6704415679 0.6924753189 -0.7866871953 0.2638449371 -0.5581300259 -0.5568996668 -0.6934651732 0.4571310282
13.2 -548.3 2716.9 0.9808629155 0.1802570224 -0.0735893622 -0.0546072163 -0.1080984250 -0.9926393032 -0.1868851036 0.9776615500 -0.0961863995
-77.0 -494.2 2227.5 0.9808629155 0.0717904270 0.1809809953 -0.0546072163 0.9936667085 -0.0982068107 -0.1868851036 0.0864445418 0.9785710573
191.4 -541.9 2699.5 0.9712970853 -0.2321162671 0.0520003177 0.0330928229 -0.0846224725 -0.9958633780 0.2355564833 0.9690000415 -0.0745121762
302.8 -501.3 2234.3 0.9712970853 -0.0561392270 -0.2311501205 0.0330928229 0.9941924810 -0.1024020091 0.2355564833 0.0918133631 0.9675140381
109.7 -494.5 2475.5 0 0 0 0 0 0 0 0 0
308.9 -585.7 2774.8 0 0 0 0 0 0 0 0 0
-103.8 -865.1 2195.2 0 0 0 0 0 0 0 0 0
323.8 -872.4 2200.1 0 0 0 0 0 0 0 0 0
106.6 -14.1 2958.9 72 0.9877345562 0.0242901407 0.1542413384 0.0422309600 0.9094508886 -0.4136612415 -0.1503228247 0.4151012897 0.8972703218
101.8 -195.2 2876.2 0.9877345562 0.0242901407 0.1542413384 0.0422309600 0.9094508886 -0.4136612415 -0.1503228247 0.4151012897 0.8972703218
96.6 -370.2 2792.3 0.9877483249 0.0266986340 0.1537542790 0.0427200831 0.9013597965 -0.4309588373 -0.1500939429 0.4322472811 0.8891760707
-33.1 -201.1 2896.7 -0.3189758360 -0.4616808593 -0.8277108073 0.4985722303 0.6609879136 -0.5608214140 0.8060274124 -0.5915620923 0.0193420835
57.5 -342.7 2667.7 -0.2151691914 -0.4535534084 -0.8648650050 0.5993654728 0.6378625035 -0.4836242497 0.7710143924 -0.6224312782 0.1345959008
236.7 -189.4 2855.7 0.5663067102 0.6531578302 0.5026744604 -0.7921884060 0.2630464137 0.5506760478 0.2274516374 -0.7100644112 0.6663889885
376.5 -384.9 2911.8 -0.2799986601 0.6531578302 0.7035521865 -0.7873604298 0.2630464137 -0.5575573444 -0.5492398143 -0.7100644112 0.4406179488
7.8 -549.8 2716.9 0.9826976657 0.1715761423 -0.0697630197 -0.0514663681 -0.1088697836 -0.9927228093 -0.1779226363 0.9791368842 -0.0981556848
-77.8 -495.5 2228.0 0.9826976657 0.0704061985 0.1713132113 -0.0514663681 0.9923074245 -0.1125932187 -0.1779226363 0.1018282250 0.9787617326
185.3 -542.1 2694.4 0.9673590660 -0.2471301854 0.0560630374 0.0363542326 -0.0836075917 -0.9958354235 0.2507883012 0.9653685689 -0.0718943328
303.4 -502.2 2233.1 0.9673590660 -0.0580931231 -0.2466608733 0.0363542326 0.9951142669 -0.0917928368 0.2507883012 0.0798294693 0.9647448063
112.2 -494.8 2472.0 0 0 0 0 0 0 0 0 0
305.4 -584.8 2772.4 0 0 0 0 0 0 0 0 0
-104.1 -865.8 2189.9 0 0 0 0 0 0 0 0 0
325.1 -873.6 2203.3 0 0 0 0 0 0 0 0 0
107.2 -12.2 2956.9 73 0.9853864312 0.0280488245 0.1680085361 0.0435263924 0.9121374488 -0.4075667858 -0.1646786481 0.4089235961 0.8975870013
101.6 -194.9 2875.0 0.9853864312 0.0280488245 0.1680085361 0.0435263924 0.9121374488 -0.4075667858 -0.1646786481 0.4089235961 0.8975870013
95.4 -370.1 2791.7 0.9853832722 0.0319919921 0.1673209220 0.0434316769 0.9025688171 -0.4283494353 -0.1647223979 0.4293553829 0.8879867792
-33.0 -200.8 2897.5 -0.3147214353 -0.4689172804 -0.8252678514 0.5024904609 0.6553120017 -0.5639764667 0.8052662611 -0.5921847224 0.0293857288
55.0 -341.2 2672.5 -0.2238522470 -0.4631018937 -0.8575702906 0.5850149989 0.6399105191 -0.4982689917 0.7795175910 -0.6132301092 0.1276761442
236.2 -188.9 2852.5 0.5705907345 0.6423326731 0.5116981268 -0.7908620834 0.2618985772 0.5531241894 0.2212767005 -0.7202901840 0.6574334502
377.0 -384.2 2907.1 -0.2871299684 0.6423326731 0.7106090188 -0.7891300917 0.2618985772 -0.5555922985 -0.5429825783 -0.7202901840 0.4316850901
3.0 -549.0 2721.9 0.9845635891 0.1591009647 -0.0729478449 -0.0560870357 -0.1080089882 -0.9925665259 -0.1657973081 0.9813362956 -0.0974182114
-77.3 -494.5 2226.5 0.9845635891 0.0730107948 0.1590720862 -0.0560870357 0.9925237298 -0.1084017381 -0.1657973081 0.0978065208 0.9812976718
179.9 -541.3 2695.0 0.9644579887 -0.2593801618 0.0504253618 0.0291224718 -0.0853287578 -0.9959271550 0.2626264691 0.9619984031 -0.0747422129
304.3 -500.4 2233.6 0.9644579887 -0.0525312871 -0.2589618564 0.0291224718 0.9952009320 -0.0934183374 0.2626264691 0.0825564563 0.9613593221
111.8 -489.7 2474.7 0 0 0 0 0 0 0 0 0
304.2 -584.5 2769.3 0 0 0 0 0 0 0 0 0
-104.6 -865.0 2190.0 0 0 0 0 0 0 0 0 0
323.9 -871.9 2202.8 0 0 0 0 0 0 0 0 0
106.6 -12.2 2955.4 74 0.9823504090 0.0283925906 0.1848823577 0.0478340834 0.9174138904 -0.3950489759 -0.1808301061 0.3969202340 0.8998637795
100.9 -195.1 2876.3 0.9823504090 0.0283925906 0.1848823577 0.0478340834 0.9174138904 -0.3950489759 -0.1808301061 0.3969202340 0.8998637795
94.1 -371.8 2796.3 0.9822425842 0.0350158699 0.1843188405 0.0447246507 0.9104052186 -0.4112932086 -0.1822066158 0.4122332931 0.8926726580
-33.3 -201.2 2901.2 -0.2929435670 -0.4891975820 -0.8215045929 0.4990113974 0.6546725631 -0.5677952766 0.8155806065 -0.5762721300 0.0523330756
52.9 -347.9 2661.4 -0.2490386814 -0.4766381681 -0.8430870771 0.5786743760 0.6248071194 -0.5241679549 0.7766052485 -0.6184110045 0.1202171594
235.1 -189.0 2851.4 0.5780752897 0.6287616491 0.5200843811 -0.7841051221 0.2516247034 0.5673307180 0.2258497328 -0.7357606888 0.6384732723
377.8 -382.6 2907.2 -0.2924949527 0.6287616491 0.7204897404 -0.8001733422 0.2516247034 -0.5444333553 -0.5236118436 -0.7357606888 0.4295193553
0.9 -549.2 2723.1 0.9853901267 0.1532215178 -0.0743599907 -0.0583031550 -0.1067507342 -0.9925749302 -0.1600218266 0.9824090004 -0.0962578207
-75.9 -495.6 2230.3 0.9853901267 0.0779063180 0.1514491588 -0.0583031550 0.9898212552 -0.1298255771 -0.1600218266 0.1190988794 0.9799022675
177.4 -541.4 2693.6 0.9631602168 -0.2626982033 0.0575508177 0.0365764350 -0.0840491802 -0.9957900643 0.2664293647 0.9612103701 -0.0713442564
301.4 -501.7 2239.8 0.9631602168 -0.0700252280 -0.2596515119 0.0365764350 0.9906427860 -0.1314878464 0.2664293647 0.1171467304 0.9567089677
116.1 -494.8 2464.4 0 0 0 0 0 0 0 0 0
303.5 -585.7 2774.3 0 0 0 0 0 0 0 0 0
-105.0 -865.0 2185.8 0 0 0 0 0 0 0 0 0
327.6 -871.2 2196.1 0 0 0 0 0 0 0 0 0
106.5 -9.4 2956.7 75 0.9843361378 0.0336463451 0.1730614156 0.0383283496 0.9173017144 -0.3963438869 -0.1720850617 0.3967687786 0.9016436338
99.8 -192.2 2877.6 0.9843361378 0.0336463451 0.1730614156 0.0383283496 0.9173017144 -0.3963438869 -0.1720850617 0.3967687786 0.9016436338
91.9 -368.9 2797.5 0.9841865301 0.0407964066 0.1723732948 0.0346553102 0.9099649787 -0.4132345021 -0.1737121344 0.4126734734 0.8941614628
-34.7 -197.0 2901.3 -0.2944312692 -0.4711074531 -0.8314853907 0.5231548548 0.6486561298 -0.5527696013 0.7997620106 -0.5977482796 0.0554775186
47.9 -343.8 2676.9 -0.2438512295 -0.4676393867 -0.8496175408 0.5689057708 0.6405182481 -0.5158320069 0.7854188681 -0.6091385484 0.1098515838
234.2 -187.5 2853.9 0.5680211186 0.6376830339 0.5203002691 -0.7900038362 0.2452098876 0.5619306564 0.2307508737 -0.7302276492 0.6430564523
374.4 -382.6 2910.9 -0.2962110043 0.6376830339 0.7110691667 -0.7970283031 0.2452098876 -0.5519220829 -0.5263125300 -0.7302276492 0.4356175661
-0.6 -552.5 2732.7 0.9864278436 0.1502429992 -0.0662351698 -0.0497276746 -0.1110867336 -0.9925658107 -0.1564839035 0.9823883176 -0.1021078154
-77.8 -495.5 2228.1 0.9864278436 0.0670014471 0.1499028355 -0.0497276746 0.9919856787 -0.1161532924 -0.1564839035 0.1071225256 0.9818541408
175.3 -544.5 2700.0 0.9629918933 -0.2640146017 0.0542483255 0.0318083279 -0.0885426030 -0.9955644011 0.2676468194 0.9604460001 -0.0768679455
301.7 -502.2 2240.4 0.9629918933 -0.0689276382 -0.2605677843 0.0318083279 0.9890549779 -0.1440779120 0.2676468194 0.1304576397 0.9546444416
109.8 -488.1 2477.6 0 0 0 0 0 0 0 0 0
299.3 -584.9 2777.3 0 0 0 0 0 0 0 0 0
-102.8 -865.7 2188.2 0 0 0 0 0 0 0 0 0
327.4 -871.2 2191.7 0 0 0 0 0 0 0 0 0
106.4 -11.0 2957.3 76 0.9855279326 0.0444223471 0.1635889113 0.0254147071 0.9154227376 -0.4016906321 -0.1675970405 0.4000349045 0.9010456800
97.6 -193.2 2877.7 0.9855279326 0.0444223471 0.1635889113 0.0254147071 0.9154227376 -0.4016906321 -0.1675970405 0.4000349045 0.9010456800
87.6 -369.6 2797.5 0.9853218198 0.0512307324 0.1628384143 0.0214827824 0.9091081619 -0.4160058200 -0.1693500131 0.4133978486 0.8946635127
-37.0 -196.1 2900.9 -0.3221270740 -0.4568065703 -0.8291935325 0.5149939656 0.6503890753 -0.5583684444 0.7943647504 -0.6068952084 0.0257446952
52.6 -339.3 2679.9 -0.2162246704 -0.4603397846 -0.8610076308 0.5658645630 0.6595651507 -0.4947434962 0.7956407666 -0.5941894650 0.1178757027
232.1 -190.2 2854.6 0.5563032031 0.6441834569 0.5249328017 -0.7976968884 0.2369892150 0.5545410514 0.2328227907 -0.7272301912 0.6457009912
369.5 -387.2 2912.1 -0.3046255410 0.6441834569 0.7015917301 -0.7926346064 0.2369892150 -0.5617530346 -0.5281416774 -0.7272301912 0.4384091496
-4.2 -548.6 2733.0 0.9873471856 0.1415943354 -0.0713904947 -0.0567783974 -0.1046825573 -0.9928835630 -0.1480600238 0.9843742251 -0.0953185260
-77.3 -494.6 2224.8 0.9873471856 0.0718025193 0.1413858384 -0.0567783974 0.9925745130 -0.1075734049 -0.1480600238 0.0981846377 0.9840924740
172.1 -542.4 2701.9 0.9617856741 -0.2678756118 0.0566650890 0.0349368826 -0.0851982757 -0.9957513213 0.2715652585 0.9596790671 -0.0725837424
301.0 -501.4 2240.0 0.9617856741 -0.0730683804 -0.2638736367 0.0349368826 0.9886066318 -0.1464113593 0.2715652585 0.1315974295 0.9533805251
107.4 -482.9 2478.1 0 0 0 0 0 0 0 0 0
292.2 -588.3 2778.0 0 0 0 0 0 0 0 0 0
-104.1 -865.0 2188.2 0 0 0 0 0 0 0 0 0
328.3 -870.4 2190.9 0 0 0 0 0 0 0 0 0
108.0 -12.0 2956.2 77 0.9839114547 0.0419549644 0.1736608148 0.0326156281 0.9135180116 -0.4054887295 -0.1756545454 0.4046290517 0.8974524140
99.6 -193.9 2875.6 0.9839114547 0.0419549644 0.1736608148 0.0326156281 0.9135180116 -0.4054887295 -0.1756545454 0.4046290517 0.8974524140
90.4 -369.8 2794.0 0.9838051796 0.0474195741 0.1728546619 0.0304525718 0.9061299562 -0.4219017923 -0.1766351908 0.4203330576 0.8900113106
-34.8 -198.0 2899.7 -0.3186945617 -0.4642743170 -0.8263674378 0.5134285688 0.6482925415 -0.5622347593 0.7967590094 -0.6034618020 0.0317644030
52.7 -338.9 2681.1 -0.2117879391 -0.4670352638 -0.8585009575 0.5684896708 0.6556541324 -0.4969276488 0.7949624658 -0.5932922363 0.1266450882
234.0 -189.7 2851.5 0.5641677380 0.6367583871 0.5255982280 -0.7952075601 0.2477528155 0.5534108281 0.2221705467 -0.7301762104 0.6461292505
373.3 -386.0 2906.3 -0.3026291728 0.6367583871 0.7091926932 -0.7906857133 0.2477528155 -0.5598523617 -0.5321952105 -0.7301762104 0.4284985363
-10.6 -548.0 2732.4 0.9889090657 0.1281244159 -0.0751200095 -0.0620600954 -0.1030463055 -0.9927386642 -0.1349349022 0.9863901734 -0.0939520076
-75.9 -495.4 2229.3 0.9889090657 0.0775303617 0.1266804039 -0.0620600954 0.9906116128 -0.1218079999 -0.1349349022 0.1125952378 0.9844363332
165.9 -544.1 2702.1 0.9581826329 -0.2814756930 0.0515507758 0.0267127883 -0.0913787410 -0.9954578876 0.2849078476 0.9552074671 -0.0800385252
303.2 -499.6 2236.3 0.9581826329 -0.0611399338 -0.2795495689 0.0267127883 0.9917535782 -0.1253445596 0.2849078476 0.1126354262 0.9519142509
106.4 -483.2 2479.4 0 0 0 0 0 0 0 0 0
296.5 -586.7 2771.2 0 0 0 0 0 0 0 0 0
-104.9 -865.1 2187.2 0 0 0 0 0 0 0 0 0
326.0 -869.7 2194.3 0 0 0 0 0 0 0 0 0
107.5 -9.8 2957.1 78 0.9823347926 0.0454780646 0.1815216839 0.0313650444 0.9162833095 -0.3993008733 -0.1844847053 0.3979405761 0.8986704946
98.4 -192.6 2877.7 0.9823347926 0.0454780646 0.1815216839 0.0313650444 0.9162833095 -0.3993008733 -0.1844847053 0.3979405761 0.8986704946
88.4 -369.0 2797.4 0.9822013974 0.0514794886 0.1806386262 0.0288537238 0.9089413285 -0.4159243703 -0.1856014878 0.4137335718 0.8912780881
-35.8 -196.5 2903.0 -0.2975392342 -0.4741257131 -0.8286587000 0.5133509636 0.6523614526 -0.5575798750 0.8049479723 -0.5912945867 0.0492897443
50.0 -344.5 2671.0 -0.2293698043 -0.4695699215 -0.8525805473 0.5757321715 0.6408154368 -0.5078268051 0.7848069668 -0.6073381901 0.1233627722
232.6 -188.7 2852.3 0.5658555031 0.6303009987 0.5315338969 -0.7939076424 0.2425302565 0.5575748682 0.2225269377 -0.7374956012 0.6376378536
372.3 -384.7 2907.3 -0.3076203763 0.6303009987 0.7128046155 -0.7941742539 0.2425302565 -0.5571950674 -0.5240772963 -0.7374956012 0.4259615541
-6.9 -548.4 2728.2 0.9880560637 0.1367920488 -0.0709448159 -0.0566405952 -0.1057682261 -0.9927763939 -0.1433076113 0.9849370718 -0.0967569575
-76.3 -494.8 2229.0 0.9880560637 0.0720459223 0.1362153292 -0.0566405952 0.9918909073 -0.1137728840 -0.1433076113 0.1046986654 0.9841245413
169.3 -542.9 2696.6 0.9595955014 -0.2767535150 0.0508327596 0.0270486902 -0.0890906528 -0.9956561923 0.2800800502 0.9568021297 -0.0780051723
300.9 -500.6 2241.6 0.9595955014 -0.0685030371 -0.2729172111 0.0270486902 0.9878783226 -0.1528553814 0.2800800502 0.1392972767 0.9498165250
108.2 -490.6 2471.9 0 0 0 0 0 0 0 0 0
294.2 -586.3 2774.2 0 0 0 0 0 0 0 0 0
-103.1 -865.0 2189.9 0 0 0 0 0 0 0 0 0
326.5 -869.1 2189.7 0 0 0 0 0 0 0 0 0
107.0 -10.6 2945.0 79 0.9878057837 0.0280500464 0.1531435549 0.0308209825 0.9289391041 -0.3689475060 -0.1526100188 0.3691684902 0.9167468548
101.4 -196.3 2871.2 0.9878057837 0.0280500464 0.1531435549 0.0308209825 0.9289391041 -0.3689475060 -0.1526100188 0.3691684902 0.9167468548
95.1 -375.2 2796.6 0.9877617359 0.0321905091 0.1526121795 0.0294683445 0.9223302603 -0.3852771521 -0.1531611085 0.3850592673 0.9100939631
-33.5 -200.4 2892.1 -0.3055836558 -0.4654540718 -0.8306450248 0.5283833146 0.6428315639 -0.5545977354 0.7921046019 -0.6083750129 0.0494993553
47.2 -339.9 2683.0 -0.2239371240 -0.4676199555 -0.8550928235 0.5706670284 0.6483260989 -0.5039964318 0.7900577784 -0.6008368134 0.1216710210
236.3 -192.2 2850.3 0.5623040199 0.6534294486 0.5067979097 -0.7824379802 0.2220975906 0.5817761421 0.2675910592 -0.7236729860 0.6361544132
375.0 -385.2 2916.3 -0.2854871750 0.6534294486 0.7010898590 -0.8130961657 0.2220975906 -0.5380959511 -0.5073181391 -0.7236729860 0.4678949714
-9.6 -548.1 2733.7 0.9888031483 0.1321989149 -0.0692230463 -0.0555446222 -0.1044935957 -0.9929732680 -0.1385033429 0.9857000113 -0.0959806591
-77.4 -494.5 2228.1 0.9888031483 0.0705458894 0.1314977556 -0.0555446222 0.9918749332 -0.1144506261 -0.1385033429 0.1058651432 0.9846874475
166.4 -542.9 2700.4 0.9586965442 -0.2798988223 0.0505721010 0.0272717942 -0.0865247846 -0.9958763719 0.2831203640 0.9561224580 -0.0753176734
301.2 -501.2 2239.9 0.9586965442 -0.0662236661 -0.2766140103 0.0272717942 0.9894391298 -0.1423605084 0.2831203640 0.1289367676 0.9503779411
104.0 -484.7 2482.5 0 0 0 0 0 0 0 0 0
302.5 -591.5 2787.6 0 0 0 0 0 0 0 0 0
-103.7 -864.7 2188.5 0 0 0 0 0 0 0 0 0
326.0 -870.5 2191.7 0 0 0 0 0 0 0 0 0
107.1 -12.7 2950.0 80 0.9894495606 0.0242555998 0.1428327411 0.0332338847 0.9215956926 -0.3867258132 -0.1410143077 0.3873925805 0.9110663533
102.3 -196.3 2872.8 0.9894495606 0.0242555998 0.1428327411 0.0332338847 0.9215956926 -0.3867258132 -0.1410143077 0.3873925805 0.9110663533
96.2 -373.6 2794.3 0.9893342853 0.0312066488 0.1422805786 0.0294192545 0.9138437510 -0.4049988985 -0.1426608711 0.4048650861 0.9031789303
-32.8 -200.3 2892.3 -0.3095279932 -0.4516865313 -0.8367626071 0.5312841535 0.6476645470 -0.5461389422 0.7886251211 -0.6136040092 0.0395035706
50.6 -343.5 2679.8 -0.2161350697 -0.4583503306 -0.8620908260 0.5605202913 0.6647123098 -0.4939377606 0.7994389534 -0.5899766684 0.1132470220
237.4 -192.2 2853.3 0.5573409796 0.6613500118 0.5019832253 -0.7896983624 0.2355276346 0.5664831996 0.2564127743 -0.7121396661 0.6535362601
374.9 -387.1 2916.6 -0.2826885879 0.6613500118 0.6947685480 -0.8011481762 0.2355276346 -0.5501712561 -0.5274929404 -0.7121396661 0.4632583559
0.3 -556.8 2735.7 0.9864410162 0.1501820683 -0.0661773831 -0.0478795283 -0.1223412603 -0.9913325310 -0.1569765955 0.9810596108 -0.1134917960
-76.9 -494.0 2231.5 0.9864410162 0.0670029595 0.1498155743 -0.0478795283 0.9906441569 -0.1277955323 -0.1569765955 0.1188896522 0.9804201126
177.2 -551.5 2708.2 0.9652283192 -0.2549504340 0.0577462651 0.0323546529 -0.1026903987 -0.9941870570 0.2593984008 0.9614858031 -0.0908708498
300.7 -501.7 2242.5 0.9652283192 -0.0719559044 -0.2513099611 0.0323546529 0.9868617654 -0.1582941860 0.2593984008 0.1446589679 0.9548749924
105.4 -485.8 2476.9 0 0 0 0 0 0 0 0 0
303.2 -590.4 2782.8 0 0 0 0 0 0 0 0 0
-101.9 -863.7 2187.2 0 0 0 0 0 0 0 0 0
327.5 -870.0 2188.5 0 0 0 0 0 0 0 0 0
107.7 -13.0 2952.0 81 0.9901903868 0.0323789269 0.1359211206 0.0244203489 0.9177025557 -0.3965168893 -0.1375739425 0.3959464729 0.9079095721
101.2 -196.0 2873.0 0.9901903868 0.0323789269 0.1359211206 0.0244203489 0.9177025557 -0.3965168893 -0.1375739425 0.3959464729 0.9079095721
93.6 -372.6 2792.8 0.9900401831 0.0392516181 0.1352027804 0.0205872115 0.9096604586 -0.4148421288 -0.1392718554 0.4134938121 0.8997923136
-34.0 -198.8 2892.0 -0.3066362739 -0.4424282312 -0.8427522779 0.5289348960 0.6569026709 -0.5373143554 0.7913292646 -0.6105211973 0.0325855501
51.5 -346.4 2671.2 -0.2328888178 -0.4416239858 -0.8664473891 0.5763980746 0.6549094915 -0.4887318313 0.7832803130 -0.6132387519 0.1020301208
236.4 -193.2 2854.0 0.5484041572 0.6661105752 0.5055190921 -0.7977263331 0.2354493588 0.5551543236 0.2507700026 -0.7077148557 0.6604953408
371.8 -390.1 2915.9 -0.2890655398 0.6661105752 0.6875593066 -0.7932102680 0.2354493588 -0.5615880489 -0.5359651446 -0.7077148557 0.4603054523
1.5 -553.5 2728.6 0.9854554534 0.1528168619 -0.0743277371 -0.0565012246 -0.1178580374 -0.9914217591 -0.1602660716 0.9812015295 -0.1075095013
-75.7 -494.0 2232.9 0.9854554534 0.0779165179 0.1510186046 -0.0565012246 0.9883613586 -0.1412424445 -0.1602660716 0.1306554079 0.9783884287
178.7 -548.2 2703.0 0.9654767513 -0.2528875172 0.0624705330 0.0379212946 -0.1008154303 -0.9941821694 0.2577142417 0.9622287750 -0.0877451301
299.1 -500.2 2244.8 0.9654767513 -0.0803119168 -0.2477996200 0.0379212946 0.9844848514 -0.1713228673 0.2577142417 0.1560113579 0.9535427690
110.6 -492.7 2472.5 0 0 0 0 0 0 0 0 0
298.4 -591.4 2779.9 0 0 0 0 0 0 0 0 0
-104.8 -862.9 2184.1 0 0 0 0 0 0 0 0 0
329.1 -867.7 2186.6 0 0 0 0 0 0 0 0 0
107.7 -15.1 2954.0 82 0.9876763225 0.0436742567 0.1502931565 0.0210888460 0.9143821001 -0.4043025970 -0.1550829858 0.4024896026 0.9021925330
99.0 -196.9 2874.0 0.9876763225 0.0436742567 0.1502931565 0.0210888460 0.9143821001 -0.4043025970 -0.1550829858 0.4024896026 0.9021925330
89.9 -373.1 2793.1 0.9876515865 0.0466325805 0.1495651007 0.0205899309 0.9077560902 -0.4189926982 -0.1553073525 0.4168983400 0.8955866098
-35.9 -199.7 2895.2 -0.3162234426 -0.4509527385 -0.8346522450 0.5135325193 0.6583884954 -0.5502808094 0.7976760864 -0.6026327610 0.0233810395
52.9 -343.9 2671.2 -0.2227083892 -0.4440049529 -0.8679058552 0.5998378992 0.6393862367 -0.4810194373 0.7685020566 -0.6277298927 0.1239343137
233.9 -194.1 2852.7 0.5517944098 0.6546913385 0.5166257620 -0.7992355227 0.2381816357 0.5518080592 0.2382131517 -0.7173902392 0.6546798348
370.1 -391.4 2911.5 -0.2983097732 0.6546913385 0.6945434213 -0.7906160355 0.2381816357 -0.5640884638 -0.5347313285 -0.7173902392 0.4465575516
-2.7 -550.9 2725.0 0.9866725802 0.1454980820 -0.0728526860 -0.0565012097 -0.1135165617 -0.9919282198 -0.1525936276 0.9828246832 -0.1037828624
-75.8 -493.9 2231.1 0.9866725802 0.0751273930 0.1443366855 -0.0565012097 0.9900243282 -0.1290714741 -0.1525936276 0.1191960871 0.9810746312
174.6 -547.2 2700.1 0.9630587697 -0.2636054456 0.0550453886 0.0296915956 -0.0992188677 -0.9946225286 0.2676494718 0.9595143199 -0.0877267346
300.1 -500.0 2243.2 0.9630587697 -0.0719942451 -0.2594892085 0.0296915956 0.9861134887 -0.1633969396 0.2676494718 0.1496562064 0.9518228769
109.4 -496.1 2476.2 0 0 0 0 0 0 0 0 0
294.4 -592.0 2775.8 0 0 0 0 0 0 0 0 0
-103.9 -863.4 2186.7 0 0 0 0 0 0 0 0 0
327.0 -868.0 2187.4 0 0 0 0 0 0 0 0 0
108.0 -16.4 2954.0 83 0.9933961034 0.0150984032 0.1137373000 0.0326651521 0.9130626917 -0.4065088928 -0.1099869236 0.4075396061 0.9065397978
105.0 -197.7 2873.1 0.9933961034 0.0150984032 0.1137373000 0.0326651521 0.9130626917 -0.4065088928 -0.1099869236 0.4075396061 0.9065397978
101.8 -373.6 2791.5 0.9933994412 0.0166093800 0.1134975702 0.0328548029 0.9068049788 -0.4202681184 -0.1099005565 0.4212230444 0.9002738595
-30.6 -202.1 2888.1 -0.3095062375 -0.4383713305 -0.8438225389 0.5177337527 0.6666436791 -0.5362256765 0.7975949049 -0.6028406024 0.0206292626
52.6 -341.4 2673.6 -0.2175663859 -0.4340161681 -0.8742395639 0.5904188156 0.6547155976 -0.4719672501 0.7772197127 -0.6188517213 0.1138071939
240.5 -193.2 2858.1 0.5495184064 0.6840466261 0.4796975553 -0.7936854362 0.2480812073 0.5554450154 0.2609463632 -0.6859562397 0.6792430282
376.2 -389.1 2922.5 -0.2638505399 0.6840466261 0.6800463796 -0.7925625443 0.2480812073 -0.5570460558 -0.5497522354 -0.6859562397 0.4766933620
-7.6 -551.1 2726.1 0.9880192280 0.1365026236 -0.0720074996 -0.0567373522 -0.1126347706 -0.9920152426 -0.1435232311 0.9842156768 -0.1035405174
-76.6 -494.2 2228.9 0.9880192280 0.0726926029 0.1361390054 -0.0567373522 0.9914366603 -0.1176188663 -0.1435232311 0.1084855273 0.9836828709
169.3 -547.4 2698.2 0.9594362378 -0.2770382762 0.0522674210 0.0259409118 -0.0978573561 -0.9948623180 0.2807297111 0.9558628201 -0.0867012665
301.6 -500.7 2241.9 0.9594362378 -0.0689208359 -0.2733715773 0.0259409118 0.9871262908 -0.1578251868 0.2807297111 0.1443316936 0.9488725662
107.8 -491.2 2476.4 0 0 0 0 0 0 0 0 0
309.2 -590.1 2783.0 0 0 0 0 0 0 0 0 0
-103.7 -864.3 2188.4 0 0 0 0 0 0 0 0 0
327.3 -869.2 2188.1 0 0 0 0 0 0 0 0 0
107.7 -13.7 2955.0 84 0.9964871407 0.0216059592 0.0809105411 0.0128380163 0.9153153300 -0.4025332630 -0.0827557743 0.4021579623 0.9118226171
103.4 -195.9 2874.9 0.9964871407 0.0216059592 0.0809105411 0.0128380163 0.9153153300 -0.4025332630 -0.0827557743 0.4021579623 0.9118226171
99.0 -372.3 2794.2 0.9964885116 0.0227669515 0.0805748701 0.0128935017 0.9091199636 -0.4163347483 -0.0827308968 0.4159116745 0.9056340456
-32.6 -197.7 2886.2 -0.3069534302 -0.4081104994 -0.8597822189 0.5388748050 0.6701058149 -0.5104626417 0.7844702005 -0.6200032234 0.0142291822
51.6 -345.4 2671.2 -0.2220770717 -0.4089632630 -0.8851162791 0.5824899673 0.6723396182 -0.4567985535 0.7819125652 -0.6170158386 0.0889057666
239.4 -194.1 2863.6 0.5266888142 0.7072533369 0.4715841413 -0.8023684621 0.2304197699 0.5505557060 0.2807200551 -0.6683557630 0.6888372898
369.4 -392.1 2932.9 -0.2641279995 0.7072533369 0.6557660699 -0.7908105850 0.2304197699 -0.5670320392 -0.5521367788 -0.6683557630 0.4984431267
9.7 -552.6 2719.7 0.9826095700 0.1724762470 -0.0687778369 -0.0498071574 -0.1120048165 -0.9924586415 -0.1788789928 0.9786249995 -0.1014664471
-76.2 -496.8 2232.7 0.9826095700 0.0738596916 0.1703619510 -0.0498071574 0.9887028933 -0.1413713694 -0.1788789928 0.1304276139 0.9751876593
187.4 -546.7 2700.0 0.9690338969 -0.2409515232 0.0539968535 0.0313212797 -0.0969672129 -0.9947946072 0.2449332029 0.9656809568 -0.0864176005
302.3 -500.4 2239.5 0.9690338969 -0.0647552237 -0.2382856607 0.0313212797 0.9894410372 -0.1415112019 0.2449332029 0.1296657324 0.9608301520
107.9 -493.2 2472.7 0 0 0 0 0 0 0 0 0
302.4 -592.8 2792.8 0 0 0 0 0 0 0 0 0
-103.7 -865.8 2184.0 0 0 0 0 0 0 0 0 0
326.5 -869.7 2191.1 0 0 0 0 0 0 0 0 0
