41.7 -4.6 3105.5 1 0.9960744977 0.0461577848 -0.0755314454 -0.0726561621 0.9137319326 -0.3997687101 0.0505630560 0.4036872685 0.9134987593
32.1 -193.7 3022.0 0.9960744977 0.0461577848 -0.0755314454 -0.0726561621 0.9137319326 -0.3997687101 0.0505630560 0.4036872685 0.9134987593
21.5 -369.2 2929.6 0.9954646230 0.0531542636 -0.0788977444 -0.0836945102 0.8836054206 -0.4606915712 0.0452267490 0.4652054608 0.8840466142
-113.2 -181.4 3015.4 0.0898511931 -0.9740615487 0.2076798081 0.4581955671 0.2255735695 0.8597519398 -0.8842983246 0.0179082341 0.4665787518
-146.5 -351.3 3343.3 0.0528272912 -0.9728277922 -0.2254226357 -0.1797828972 0.2127841264 -0.9604170918 0.9822868109 0.0912633687 -0.1636569947
177.4 -206.0 3028.5 0.4648359120 0.8715108037 0.1561937183 -0.6931484938 0.2484368682 0.6766270995 0.5508835912 -0.4227860272 0.7195687890
318.3 -416.1 3195.5 -0.3570049703 0.8715108037 0.3361790776 -0.2696179450 0.2484368682 -0.9303683639 -0.8943453431 -0.4227860272 0.1462817639
-80.4 -534.7 2831.6 0.9718180895 0.1713992506 -0.1618390083 -0.1313053221 -0.1765878946 -0.9754873514 -0.1957766116 0.9692466259 -0.1491056830
-153.5 -459.3 2417.9 0.9718180895 0.1449273527 0.1859183460 -0.1313053221 0.9878050685 -0.0836662278 -0.1957766116 0.0568962879 0.9789965749
102.1 -550.5 2840.9 0.9882835150 0.0585219078 0.1409641802 0.1497457623 -0.1930955946 -0.9696856737 -0.0295282938 0.9794331193 -0.1995965987
76.1 -464.6 2404.9 0.9882835150 -0.1434697956 0.0520781390 0.1497457623 0.9774354100 -0.1489841342 -0.0295282938 0.1550370455 0.9874672890
-160.4 -303.8 3083.8 0 0 0 0 0 0 0 0 0
232.0 -481.3 2979.4 0 0 0 0 0 0 0 0 0
-206.0 -817.0 2397.3 0 0 0 0 0 0 0 0 0
130.9 -838.0 2345.6 0 0 0 0 0 0 0 0 0
40.8 -4.6 3104.6 2 0.9978525639 0.0536497198 -0.0375759751 -0.0637588874 0.9269872904 -0.3696341515 0.0150016798 0.3712362051 0.9284172654
29.8 -195.0 3028.4 0.9978525639 0.0536497198 -0.0375759751 -0.0637588874 0.9269872904 -0.3696341515 0.0150016798 0.3712362051 0.9284172654
17.3 -373.8 2943.0 0.9971446991 0.0631932393 -0.0413404033 -0.0748297125 0.9004331827 -0.4285097420 0.0101453532 0.4303797185 0.9025909305
-115.6 -184.0 3027.0 0.0522974022 -0.9745782018 0.2178583890 0.4260849059 0.2190790772 0.8777562380 -0.9031703472 0.0469217971 0.4267103374
-135.0 -341.9 3361.8 0.0916049033 -0.9704520702 -0.2232293785 -0.1432481408 0.2089980692 -0.9673674703 0.9854382277 0.1205927953 -0.1198702082
175.2 -206.1 3029.8 0.5659221411 0.7589649558 0.3220315278 -0.6911130548 0.2237268537 0.6872474551 0.4495496154 -0.6114887595 0.6511425376
330.1 -395.2 3152.8 -0.4941697717 0.7589649558 0.4239910841 -0.4136010110 0.2237268537 -0.8825420737 -0.7646766901 -0.6114887595 0.2033496350
-80.5 -536.8 2832.9 0.9722815156 0.1643231213 -0.1663325727 -0.1377601027 -0.1721983403 -0.9753819108 -0.1889199913 0.9712598324 -0.1447881013
-151.8 -462.1 2411.5 0.9722815156 0.1477888823 0.1811823845 -0.1377601027 0.9882097840 -0.0668100491 -0.1889199913 0.0399984717 0.9811775088
102.3 -552.1 2840.9 0.9878021479 0.0593449175 0.1439620852 0.1526605636 -0.1868876368 -0.9704471827 -0.0306863748 0.9805871844 -0.1936676502
75.6 -468.1 2399.9 0.9878021479 -0.1468445361 0.0518033020 0.1526605636 0.9788295031 -0.1363361776 -0.0306863748 0.1425814927 0.9893072844
-159.2 -304.1 3101.6 0 0 0 0 0 0 0 0 0
209.4 -496.2 2966.1 0 0 0 0 0 0 0 0 0
-204.8 -816.4 2397.1 0 0 0 0 0 0 0 0 0
131.7 -842.1 2345.4 0 0 0 0 0 0 0 0 0
39.6 -3.5 3105.7 3 0.9989401698 0.0444723852 0.0118643306 -0.0373992249 0.9345003963 -0.3539918959 -0.0268300865 0.3531730175 0.9351732135
30.5 -195.4 3033.2 0.9989401698 0.0444723852 0.0118643306 -0.0373992249 0.9345003963 -0.3539918959 -0.0268300865 0.3531730175 0.9351732135
20.5 -376.2 2951.8 0.9986518025 0.0511374585 0.0089182211 -0.0429642648 0.9106903076 -0.4108493626 -0.0291315299 0.4099122882 0.9116595984
-115.1 -189.0 3037.4 0.0020796626 -0.9785107374 0.2061854899 0.4087615311 0.1890055239 0.8928554654 -0.9126388431 0.0824238583 0.4003705978
-115.8 -340.6 3375.8 0.1357431263 -0.9711015821 -0.1963047236 -0.1198656037 0.1805858612 -0.9762279391 0.9834663272 0.1560464203 -0.0918883905
176.1 -201.8 3028.9 0.6129067540 0.6900284886 0.3849752843 -0.6756222248 0.2050143927 0.7081692815 0.4097315073 -0.6941395998 0.5918533206
336.2 -378.3 3135.9 -0.5357973576 0.6900284886 0.4866023660 -0.5000814199 0.2050143927 -0.8413606286 -0.6803233027 -0.6941395998 0.2352242619
-86.5 -545.5 2856.6 0.9751737118 0.1425657123 -0.1694440991 -0.1422450989 -0.1831523478 -0.9727392197 -0.1697133332 0.9726922512 -0.1583260745
-151.8 -461.7 2411.6 0.9751737118 0.1521078348 0.1609331816 -0.1422450989 0.9872677922 -0.0711941272 -0.1697133332 0.0465346873 0.9843941927
96.3 -559.3 2858.3 0.9885402322 0.0457614958 0.1438544989 0.1501367539 -0.1987889558 -0.9684740305 -0.0157221314 0.9789733291 -0.2033813596
75.0 -466.8 2402.6 0.9885402322 -0.1463309079 0.0370876677 0.1501367539 0.9786182642 -0.1405891329 -0.0157221314 0.1445462257 0.9893731475
-151.7 -308.9 3116.1 0 0 0 0 0 0 0 0 0
202.2 -503.4 2965.8 0 0 0 0 0 0 0 0 0
-206.3 -815.7 2394.9 0 0 0 0 0 0 0 0 0
130.9 -840.8 2347.4 0 0 0 0 0 0 0 0 0
37.9 -3.0 3105.7 4 0.9995442033 0.0292415079 -0.0075077061 -0.0300546903 0.9402952790 -0.3390302956 -0.0028542965 0.3391014040 0.9407454729
31.8 -196.8 3035.8 0.9995442033 0.0292415079 -0.0075077061 -0.0300546903 0.9402952790 -0.3390302956 -0.0028542965 0.3391014040 0.9407454729
23.6 -379.5 2958.5 0.9990909696 0.0415721722 -0.0094349151 -0.0419610627 0.9200029373 -0.3896586895 -0.0075188093 0.3897003829 0.9209110141
-113.9 -190.6 3036.9 0.0204531625 -0.9802291989 0.1968053877 0.3875671327 0.1892281175 0.9022108912 -0.9216145277 0.0578222312 0.3837749362
-121.5 -334.3 3378.7 0.1155327708 -0.9743331075 -0.1932025105 -0.0968823805 0.1825242490 -0.9784164429 0.9885676503 0.1317570806 -0.0733081773
177.6 -203.0 3034.7 0.6165369749 0.6539680362 0.4384152591 -0.7137095332 0.2291208208 0.6619081497 0.3324167132 -0.7209919691 0.6080046892
331.8 -381.5 3117.9 -0.5529605746 0.6539680362 0.5162948370 -0.5056387186 0.2291208208 -0.8317650557 -0.6622416973 -0.7209919691 0.2039768100
-81.0 -553.0 2873.0 0.9740350842 0.1486285925 -0.1707783341 -0.1399766952 -0.1975145042 -0.9702548981 -0.1779388189 0.9689672589 -0.1715815067
-151.2 -459.7 2415.4 0.9740350842 0.1520464420 0.1677425951 -0.1399766952 0.9867832661 -0.0816410109 -0.1779388189 0.0560411513 0.9824444652
102.0 -561.0 2867.5 0.9881174564 0.0570089258 0.1427372396 0.1513932794 -0.2006835043 -0.9678875208 -0.0265332181 0.9779959917 -0.2069296390
75.0 -466.3 2405.9 0.9881174564 -0.1451924890 0.0504289120 0.1513932794 0.9760446548 -0.1562591195 -0.0265332181 0.1620369554 0.9864279032
-152.0 -308.7 3117.6 0 0 0 0 0 0 0 0 0
190.8 -510.4 2949.0 0 0 0 0 0 0 0 0 0
-206.0 -815.4 2395.2 0 0 0 0 0 0 0 0 0
130.5 -839.2 2343.9 0 0 0 0 0 0 0 0 0
38.5 -3.2 3119.2 5 0.9992419481 0.0316965729 -0.0226024520 -0.0379518308 0.9224660993 -0.3842082024 0.0086719124 0.3847747743 0.9229697585
32.0 -193.6 3039.9 0.9992419481 0.0316965729 -0.0226024520 -0.0379518308 0.9224660993 -0.3842082024 0.0086719124 0.3847747743 0.9229697585
24.0 -372.6 2954.3 0.9988846183 0.0404060706 -0.0244297646 -0.0469897538 0.9013996124 -0.4304308295 0.0046289610 0.4310986996 0.9022929072
-113.7 -186.6 3039.2 0.0354468040 -0.9800387025 0.1956212074 0.4283132553 0.1917534024 0.8830506206 -0.9029347897 0.0524858311 0.4265606105
-126.9 -345.4 3374.0 0.1009579673 -0.9752297401 -0.1968107224 -0.1416569501 0.1817151606 -0.9730945230 0.9847542048 0.1261212528 -0.1198024675
177.7 -200.6 3040.5 0.6194443107 0.5990663767 0.5073541403 -0.7388395071 0.2264421433 0.6346968412 0.2653391957 -0.7680126429 0.5828822255
329.8 -381.9 3105.6 -0.5788770318 0.5990663767 0.5531915426 -0.5401975513 0.2264421433 -0.8105002046 -0.6108093262 -0.7680126429 0.1925320476
-76.2 -558.3 2881.8 0.9728583694 0.1568046212 -0.1701732725 -0.1346095204 -0.2146833688 -0.9673630595 -0.1882203668 0.9640141726 -0.1877491027
-150.8 -456.2 2423.2 0.9728583694 0.1502590925 0.1759796441 -0.1346095204 0.9860617518 -0.0977882445 -0.1882203668 0.0714455694 0.9795246720
106.9 -566.0 2880.3 0.9882888198 0.0650647432 0.1380283833 0.1488065273 -0.2106254399 -0.9661747217 -0.0337916240 0.9753991365 -0.2178408206
75.4 -464.0 2407.7 0.9882888198 -0.1417603642 0.0564734787 0.1488065273 0.9772772789 -0.1509492844 -0.0337916240 0.1575851142 0.9869270921
-153.6 -308.0 3113.9 0 0 0 0 0 0 0 0 0
181.1 -520.7 2948.7 0 0 0 0 0 0 0 0 0
-205.6 -816.3 2397.2 0 0 0 0 0 0 0 0 0
129.6 -837.4 2347.5 0 0 0 0 0 0 0 0 0
38.1 -2.3 3112.5 6 0.9994935393 0.0294428207 0.0120739648 -0.0220804885 0.9148788452 -0.4031242728 -0.0229153298 0.4026535153 0.9150655866
31.9 -193.5 3028.4 0.9994935393 0.0294428207 0.0120739648 -0.0220804885 0.9148788452 -0.4031242728 -0.0229153298 0.4026535153 0.9150655866
23.8 -369.8 2937.3 0.9991275668 0.0405724533 0.0098985592 -0.0315032601 0.8878079653 -0.4591345489 -0.0274162348 0.4584221542 0.8883115649
-113.9 -188.8 3032.4 0.0011230550 -0.9806384444 0.1958238184 0.4572107196 0.1746611595 0.8720389009 -0.8893576860 0.0885533988 0.4485545754
-114.3 -358.3 3362.1 0.1335456818 -0.9733992219 -0.1861706823 -0.1711951494 0.1623710394 -0.9717653394 0.9761443138 0.1616465896 -0.1449572593
177.8 -198.1 3024.4 0.6012247801 0.6280299425 0.4940720499 -0.7345975637 0.1910654157 0.6510456204 0.3144760728 -0.7543689013 0.5762225389
328.7 -382.6 3103.3 -0.5777915120 0.6280299425 0.5212824345 -0.5348725915 0.1910654157 -0.8230463862 -0.6164968014 -0.7543689013 0.2255200148
-75.5 -547.1 2868.3 0.9716669321 0.1623478681 -0.1717747152 -0.1396514475 -0.1919890046 -0.9714101553 -0.1906852275 0.9678757191 -0.1638772488
-150.5 -458.4 2421.5 0.9716669321 0.1553581357 0.1781214029 -0.1396514475 0.9853752255 -0.0976376683 -0.1906852275 0.0699963793 0.9791525006
107.6 -555.8 2869.1 0.9882898927 0.0671558529 0.1370152682 0.1477647275 -0.1972271204 -0.9691579342 -0.0380614959 0.9780550003 -0.2048408389
76.1 -463.2 2409.9 0.9882898927 -0.1386737674 0.0636606589 0.1477647275 0.9738464952 -0.1725936830 -0.0380614959 0.1799793839 0.9829337597
-149.6 -313.1 3104.3 0 0 0 0 0 0 0 0 0
179.5 -520.7 2944.0 0 0 0 0 0 0 0 0 0
-206.9 -816.4 2396.0 0 0 0 0 0 0 0 0 0
129.0 -835.2 2341.1 0 0 0 0 0 0 0 0 0
38.0 -1.3 3123.1 7 0.9998425245 0.0100430800 -0.0146301575 -0.0155243836 0.8944129944 -0.4469724596 0.0085964231 0.4471291900 0.8944280744
35.9 -189.0 3029.3 0.9998425245 0.0100430800 -0.0146301575 -0.0155243836 0.8944129944 -0.4469724596 0.0085964231 0.4471291900 0.8944280744
32.2 -360.5 2929.5 0.9997054338 0.0186433848 -0.0155400299 -0.0239295512 0.8641013503 -0.5027487278 0.0040552230 0.5029724836 0.8642929196
-110.0 -185.3 3028.8 0.0266046170 -0.9843415022 0.1742525995 0.5009474754 0.1639753580 0.8498021364 -0.8650686741 0.0646827370 0.4974659085
-119.8 -371.0 3349.6 0.1029201746 -0.9793980718 -0.1737436354 -0.2187846601 0.1481040418 -0.9644679427 0.9703301787 0.1372756511 -0.1990343928
181.7 -192.7 3029.8 0.5769724846 0.5890879631 0.5657544732 -0.7764819860 0.1807687134 0.6036542058 0.2533347011 -0.7875900269 0.5617147684
325.7 -386.4 3093.0 -0.6045464873 0.5890879631 0.5361891985 -0.5481369495 0.1807687134 -0.8166202307 -0.5779873729 -0.7875900269 0.2136177868
-75.8 -543.2 2848.8 0.9705286622 0.1699533015 -0.1708506793 -0.1385962814 -0.1863347739 -0.9726614952 -0.1971424520 0.9676751494 -0.1572883576
-151.2 -460.5 2419.8 0.9705286622 0.1544065326 0.1850208193 -0.1385962814 0.9857227206 -0.0956127718 -0.1971424520 0.0671517402 0.9780723453
107.3 -548.9 2843.8 0.9872453809 0.0735329241 0.1412071735 0.1527749598 -0.1880209446 -0.9702102542 -0.0447924919 0.9794085026 -0.1968567967
74.5 -465.2 2408.0 0.9872453809 -0.1430301517 0.0699208751 0.1527749598 0.9746748805 -0.1633056253 -0.0447924919 0.1719048917 0.9840946794
-147.0 -313.2 3093.3 0 0 0 0 0 0 0 0 0
169.2 -528.2 2943.5 0 0 0 0 0 0 0 0 0
-206.8 -815.2 2395.6 0 0 0 0 0 0 0 0 0
129.2 -837.6 2342.4 0 0 0 0 0 0 0 0 0
37.2 1.7 3115.5 8 0.9997082353 0.0060866354 -0.0233747270 -0.0152770942 0.9089123607 -0.4167072475 0.0187092330 0.4169427752 0.9087401628
35.9 -188.6 3028.1 0.9997082353 0.0060866354 -0.0233747270 -0.0152770942 0.9089123607 -0.4167072475 0.0187092330 0.4169427752 0.9087401628
33.1 -363.7 2934.6 0.9996106029 0.0142547442 -0.0239886530 -0.0238739513 0.8819397688 -0.4707570970 0.0144460257 0.4711464643 0.8819366693
-110.0 -185.0 3026.1 0.0350592919 -0.9848369956 0.1699027270 0.4689274430 0.1663414985 0.8674315810 -0.8825405836 0.0492605157 0.4676488936
-123.0 -358.8 3353.3 0.0935877189 -0.9805913568 -0.1722842902 -0.1831130832 0.1531388313 -0.9710912108 0.9786270857 0.1224297136 -0.1652271897
181.8 -192.2 3030.2 0.6064642072 0.5844122767 0.5391320586 -0.7459466457 0.1834606081 0.6402388811 0.2752539814 -0.7904457450 0.5472027063
333.0 -378.1 3098.8 -0.5913569331 0.5844122767 0.5556610823 -0.5707489252 0.1834606081 -0.8003673553 -0.5696864128 -0.7904457450 0.2250619829
-63.0 -529.6 2829.4 0.9634308815 0.2123380005 -0.1634428352 -0.1301285774 -0.1624457985 -0.9780991077 -0.2342382073 0.9635994434 -0.1288740635
-153.4 -460.4 2419.1 0.9634308815 0.1485832930 0.2229887694 -0.1301285774 0.9868995547 -0.0953720659 -0.2342382073 0.0628671795 0.9701443911
120.2 -534.1 2830.2 0.9842965007 0.1048299670 0.1420247704 0.1573649347 -0.1565614343 -0.9750511646 -0.0799789801 0.9820892215 -0.1705994308
74.8 -466.3 2405.1 0.9842965007 -0.1435387582 0.1027471870 0.1573649347 0.9772310853 -0.1423223466 -0.0799789801 0.1562561989 0.9844731688
-147.7 -310.5 3094.8 0 0 0 0 0 0 0 0 0
179.7 -526.1 2951.1 0 0 0 0 0 0 0 0 0
-206.8 -814.7 2396.6 0 0 0 0 0 0 0 0 0
129.7 -839.7 2345.4 0 0 0 0 0 0 0 0 0
38.0 0.1 3111.1 9 0.9998546839 0.0105587924 -0.0133837443 -0.0150908977 0.9133989811 -0.4067856073 0.0079295337 0.4069284797 0.9134256244
35.8 -190.0 3026.4 0.9998546839 0.0105587924 -0.0133837443 -0.0150908977 0.9133989811 -0.4067856073 0.0079295337 0.4069284797 0.9134256244
32.4 -366.3 2934.9 0.9997628331 0.0165180918 -0.0141939558 -0.0212005507 0.8873193860 -0.4606678486 0.0049852175 0.4608595073 0.8874590993
-110.2 -186.9 3025.7 0.0252629649 -0.9847446084 0.1721622497 0.4588591456 0.1644261032 0.8731622696 -0.8881497979 0.0569395609 0.4560129642
-119.5 -357.0 3355.0 0.1035618633 -0.9797543883 -0.1713366956 -0.1716397554 0.1520743370 -0.9733515382 0.9797013402 0.1302102804 -0.1524157077
181.7 -193.2 3027.1 0.6246376634 0.6165407300 0.4792758524 -0.7079167366 0.1879656017 0.6808251143 0.3296689987 -0.7645564079 0.5538699031
336.4 -368.5 3108.8 -0.5541284680 0.6165407300 0.5593024492 -0.5862467289 0.1879656017 -0.7880252004 -0.5909792185 -0.7645564079 0.2572878599
-61.4 -536.4 2839.9 0.9633117914 0.2107151449 -0.1662214398 -0.1309753060 -0.1714892089 -0.9764409661 -0.2342560738 0.9623879790 -0.1375990957
-154.6 -460.6 2414.2 0.9633117914 0.1456342340 0.2254353762 -0.1309753060 0.9882528186 -0.0787515864 -0.2342560738 0.0463358611 0.9710700512
121.9 -540.8 2842.5 0.9841477275 0.1047037989 0.1431444883 0.1585139781 -0.1573211998 -0.9747427106 -0.0795396045 0.9819812179 -0.1714243144
74.8 -470.0 2400.6 0.9841477275 -0.1475087106 0.0984601974 0.1585139781 0.9805993438 -0.1153179184 -0.0795396045 0.1290971786 0.9884368181
-146.9 -311.7 3096.2 0 0 0 0 0 0 0 0 0
192.7 -520.5 2955.5 0 0 0 0 0 0 0 0 0
-207.0 -815.9 2397.5 0 0 0 0 0 0 0 0 0
131.1 -844.6 2351.3 0 0 0 0 0 0 0 0 0
37.1 -1.1 3108.9 0 0.9999236465 0.0058134203 -0.0109031303 -0.0095626423 0.9229066968 -0.3849048615 0.0078249583 0.3849797249 0.9228918552
35.9 -192.9 3028.9 0.9999236465 0.0058134203 -0.0109031303 -0.0095626423 0.9229066968 -0.3849048615 0.0078249583 0.3849797249 0.9228918552
33.6 -371.6 2942.3 0.9998750687 0.0109768184 -0.0113743860 -0.0148386769 0.8997937441 -0.4360630512 0.0054480168 0.4361773431 0.8998442292
-110.1 -190.7 3028.1 0.0224544629 -0.9857509136 0.1667062491 0.4343048334 0.1598103493 0.8864761591 -0.9004860520 0.0524959825 0.4317048192
-118.4 -351.7 3362.0 0.1045772359 -0.9806876779 -0.1652731746 -0.1438712627 0.1495180279 -0.9782359004 0.9840552211 0.1260792613 -0.1254565865
181.8 -195.2 3029.7 0.6414182782 0.6168141961 0.4562048018 -0.6863445640 0.1956467330 0.7004666328 0.3428028226 -0.7624058127 0.5488384366
337.4 -361.6 3112.9 -0.5311513543 0.6168141961 0.5808773637 -0.6113664508 0.1956467330 -0.7667812109 -0.5866082907 -0.7624058127 0.2731814981
-62.5 -540.5 2843.0 0.9638337493 0.2052052170 -0.1700451523 -0.1336290836 -0.1799321771 -0.9745602608 -0.2305814326 0.9620370269 -0.1460033208
-153.9 -460.4 2414.6 0.9638337493 0.1457844228 0.2230951339 -0.1336290836 0.9886453748 -0.0687279552 -0.2305814326 0.0364303179 0.9723708034
120.8 -544.4 2843.9 0.9854981303 0.0985428020 0.1381404400 0.1529296488 -0.1630487293 -0.9746935964 -0.0735254213 0.9816845059 -0.1757543385
76.1 -470.4 2398.3 0.9854981303 -0.1434446871 0.0906481668 0.1529296488 0.9822979569 -0.1081816703 -0.0735254213 0.1204756200 0.9899896979
-146.1 -313.7 3102.1 0 0 0 0 0 0 0 0 0
199.6 -520.2 2960.7 0 0 0 0 0 0 0 0 0
-206.4 -816.5 2401.5 0 0 0 0 0 0 0 0 0
130.9 -845.6 2352.2 0 0 0 0 0 0 0 0 0
35.8 0.0 3107.9 1 0.9987142682 0.0075442027 -0.0501284078 -0.0264940131 0.9207408428 -0.3892741799 0.0432185084 0.3901017904 0.9197568893
34.2 -192.8 3026.1 0.9987142682 0.0075442027 -0.0501284078 -0.0264940131 0.9207408428 -0.3892741799 0.0432185084 0.3901017904 0.9197568893
31.7 -371.0 2938.4 0.9986300468 0.0129137430 -0.0507081673 -0.0339812562 0.8969684839 -0.4407866299 0.0397914238 0.4419059157 0.8961784244
-111.5 -187.8 3020.3 0.0617685691 -0.9837772250 0.1684249640 0.4388205409 0.1783304065 0.8807013035 -0.8964492083 0.0195086710 0.4427168667
-134.4 -350.5 3352.7 0.0677697510 -0.9814553857 -0.1793112755 -0.1513400227 0.1675322205 -0.9741812944 0.9861559272 0.0931569934 -0.1371798664
180.0 -197.8 3032.0 0.6715767980 0.5707879066 0.4724254012 -0.6738933325 0.2055141032 0.7096701264 0.3079810441 -0.7949623466 0.5226686597
338.1 -356.5 3104.5 -0.5436589718 0.5707879066 0.6153341532 -0.6309593916 0.2055141032 -0.7481004000 -0.5534664989 -0.7949623466 0.2484143972
-60.2 -548.9 2855.2 0.9648918509 0.2032643706 -0.1663348973 -0.1273121536 -0.1919644773 -0.9731090665 -0.2297288030 0.9601214528 -0.1593469381
-154.4 -460.0 2410.6 0.9648918509 0.1390340477 0.2228300720 -0.1273121536 0.9896506667 -0.0662059039 -0.2297288030 0.0355125628 0.9726065397
123.1 -551.7 2856.2 0.9861270785 0.0985430554 0.1335762590 0.1497121602 -0.1804568470 -0.9721221924 -0.0716911480 0.9786340594 -0.1927064806
77.4 -467.9 2401.7 0.9861270785 -0.1386260241 0.0913026631 0.1497121602 0.9803408384 -0.1285226792 -0.0716911480 0.1404088140 0.9874947071
-152.3 -310.6 3092.2 0 0 0 0 0 0 0 0 0
197.0 -520.1 2960.9 0 0 0 0 0 0 0 0 0
-204.2 -814.3 2397.9 0 0 0 0 0 0 0 0 0
130.3 -842.4 2348.1 0 0 0 0 0 0 0 0 0
36.6 -0.4 3107.8 2 0.9997074008 0.0036291897 -0.0239150338 -0.0123452544 0.9267721176 -0.3754211664 0.0208013114 0.3756065667 0.9265457392
35.8 -193.4 3029.6 0.9997074008 0.0036291897 -0.0239150338 -0.0123452544 0.9267721176 -0.3754211664 0.0208013114 0.3756065667 0.9265457392
33.7 -372.9 2944.5 0.9996443987 0.0109059513 -0.0243330896 -0.0202770755 0.9035211802 -0.4280634820 0.0173170213 0.4284046590 0.9034210443
-110.0 -190.4 3027.0 0.0354099087 -0.9853885174 0.1666001529 0.4262388945 0.1656730324 0.8893103004 -0.9039173126 0.0395210646 0.4258773923
-123.2 -348.4 3362.2 0.0922576040 -0.9812437296 -0.1692611277 -0.1357831210 0.1560006142 -0.9783796668 0.9864337444 0.1132457703 -0.1188440844
181.7 -196.4 3032.1 0.6670541763 0.5680261850 0.4820632637 -0.6818290949 0.2046888471 0.7022901773 0.3002462685 -0.7971503735 0.5238353610
335.8 -353.9 3101.5 -0.5339634418 0.5680261850 0.6262820959 -0.6453978419 0.2046888471 -0.7359103560 -0.5462093353 -0.7971503735 0.2573065460
-62.4 -546.1 2847.0 0.9651749134 0.2005554587 -0.1679728627 -0.1280712038 -0.1976371258 -0.9718731046 -0.2281121314 0.9595400095 -0.1650690138
-151.7 -458.0 2419.6 0.9651749134 0.1445917636 0.2180151343 -0.1280712038 0.9878380299 -0.0881688073 -0.2281121314 0.0571768656 0.9719545841
120.7 -552.3 2854.2 0.9865604639 0.0945412070 0.1332683414 0.1488631070 -0.1837822944 -0.9716295004 -0.0673666596 0.9784099460 -0.1953860372
77.0 -467.4 2402.1 0.9865604639 -0.1379002035 0.0876471698 0.1488631070 0.9797129631 -0.1341724396 -0.0673666596 0.1454166472 0.9870743155
-147.5 -312.6 3101.6 0 0 0 0 0 0 0 0 0
197.2 -521.4 2959.7 0 0 0 0 0 0 0 0 0
-204.0 -815.5 2398.9 0 0 0 0 0 0 0 0 0
129.7 -841.7 2346.6 0 0 0 0 0 0 0 0 0
35.2 -0.5 3108.3 3 0.9989382029 0.0079141641 -0.0453856774 -0.0246153902 0.9244168401 -0.3805885017 0.0389432423 0.3813015819 0.9236300588
33.5 -193.8 3028.6 0.9989382029 0.0079141641 -0.0453856774 -0.0246153902 0.9244168401 -0.3805885017 0.0389432423 0.3813015819 0.9236300588
31.4 -373.0 2942.9 0.9988884926 0.0107521443 -0.0458931439 -0.0294790976 0.9022292495 -0.4302479923 0.0367800482 0.4311226606 0.9015433788
-112.3 -189.4 3023.2 0.0569604784 -0.9844235778 0.1663301289 0.4283233583 0.1745851785 0.8865997195 -0.9018284678 0.0207419377 0.4315960705
-133.4 -348.3 3357.6 0.0717082992 -0.9818096161 -0.1758061051 -0.1392718703 0.1646771729 -0.9764654636 0.9876544476 0.0945055187 -0.1249297485
179.3 -198.1 3034.0 0.6699227095 0.5952690244 0.4436872005 -0.6689939499 0.2248532772 0.7084406018 0.3219482303 -0.7714245319 0.5488656759
337.7 -356.2 3110.1 -0.5225535035 0.5952690244 0.6104037166 -0.6209781766 0.2248532772 -0.7508842349 -0.5842293501 -0.7714245319 0.2521511912
-60.1 -550.5 2857.8 0.9651817083 0.2047824115 -0.1627528518 -0.1216399968 -0.1994531453 -0.9723281860 -0.2315772772 0.9582706094 -0.1675987840
-154.1 -458.8 2417.6 0.9651817083 0.1378876418 0.2222865820 -0.1216399968 0.9889053106 -0.0852643177 -0.2315772772 0.0552566163 0.9712459445
123.2 -554.2 2861.0 0.9868918061 0.0966491401 0.1292421669 0.1457926333 -0.1905209422 -0.9707967043 -0.0692033246 0.9769138694 -0.2021142840
77.7 -464.6 2401.4 0.9868918061 -0.1355578601 0.0875708759 0.1457926333 0.9815654159 -0.1235872358 -0.0692033246 0.1347344220 0.9884622097
-152.3 -311.5 3096.7 0 0 0 0 0 0 0 0 0
202.1 -517.4 2958.5 0 0 0 0 0 0 0 0 0
-204.2 -817.7 2397.5 0 0 0 0 0 0 0 0 0
129.5 -839.7 2349.9 0 0 0 0 0 0 0 0 0
34.0 -0.7 3106.5 4 0.9996893406 0.0049650935 -0.0244246740 -0.0143758506 0.9153887630 -0.4023142457 0.0203605443 0.4025403857 0.9151757360
32.9 -193.1 3021.9 0.9996893406 0.0049650935 -0.0244246740 -0.0143758506 0.9153887630 -0.4023142457 0.0203605443 0.4025403857 0.9151757360
30.5 -369.1 2929.9 0.9996153116 0.0120164333 -0.0249965601 -0.0222291462 0.8860886097 -0.4629825354 0.0165857691 0.4633600712 0.8860148787
-113.0 -189.8 3019.5 0.0360710844 -0.9851792455 0.1676925123 0.4611644149 0.1652762294 0.8717861772 -0.8865812421 0.0458875448 0.4602912962
-126.4 -360.8 3348.2 0.0919601694 -0.9810560346 -0.1705063283 -0.1743174642 0.1527269930 -0.9727733135 0.9803860188 0.1191786304 -0.1569703966
178.9 -196.3 3024.4 0.6544629931 0.6299604177 0.4181244969 -0.6600032449 0.2061848193 0.7224150300 0.3688819706 -0.7487574220 0.5507162809
338.5 -357.4 3114.3 -0.5158240795 0.6299604177 0.5805819631 -0.6096586585 0.2061848193 -0.7653784156 -0.6018652916 -0.7487574220 0.2777057290
-62.3 -549.6 2853.9 0.9652083516 0.2032292485 -0.1645316929 -0.1242689416 -0.1971048862 -0.9724746346 -0.2300652862 0.9590868354 -0.1649921983
-155.1 -459.5 2415.8 0.9652083516 0.1387128383 0.2216563821 -0.1242689416 0.9891858101 -0.0779014677 -0.2300652862 0.0476461500 0.9720081091
120.8 -555.0 2860.6 0.9871228933 0.0938842446 0.1295151412 0.1456569880 -0.1928473860 -0.9703576565 -0.0661246330 0.9767270088 -0.2040389627
76.9 -464.9 2404.1 0.9871228933 -0.1350927502 0.0856643021 0.1456569880 0.9804565310 -0.1322461069 -0.0661246330 0.1430207491 0.9875082970
-150.7 -314.7 3089.3 0 0 0 0 0 0 0 0 0
204.6 -515.6 2958.1 0 0 0 0 0 0 0 0 0
-205.2 -816.4 2398.6 0 0 0 0 0 0 0 0 0
128.5 -839.5 2349.5 0 0 0 0 0 0 0 0 0
34.8 -1.3 3106.6 5 0.9991421700 0.0173540637 -0.0376003049 -0.0314196050 0.9091426730 -0.4152980149 0.0269769337 0.4161231220 0.9089080095
31.2 -192.1 3019.3 0.9991421700 0.0173540637 -0.0376003049 -0.0314196050 0.9091426730 -0.4152980149 0.0269769337 0.4161231220 0.9089080095
26.6 -366.5 2924.3 0.9989824891 0.0226542149 -0.0389964543 -0.0385496505 0.8777025342 -0.4776527584 0.0234064404 0.4786700606 0.8776828051
-114.6 -186.4 3015.9 0.0500445589 -0.9827387333 0.1781014502 0.4756671488 0.1802538931 0.8609583378 -0.8782005906 0.0416307263 0.4764772356
-133.2 -362.8 3341.5 0.0818318203 -0.9793645740 -0.1847932339 -0.1925632060 0.1663846672 -0.9670757651 0.9778665304 0.1147219539 -0.1749740243
177.0 -197.8 3022.7 0.6640909910 0.6447430849 0.3785359561 -0.6345874071 0.2183702141 0.7413591146 0.3953251839 -0.7325440645 0.5541635156
340.0 -353.5 3119.8 -0.5066646934 0.6447430849 0.5723610520 -0.5954838991 0.2183702141 -0.7731192708 -0.6234499216 -0.7325440645 0.2732936442
-63.6 -543.0 2836.4 0.9647283554 0.2068994194 -0.1627631485 -0.1250444353 -0.1839196086 -0.9749550819 -0.2316529900 0.9609194398 -0.1515608430
-154.7 -462.1 2413.3 0.9647283554 0.1406109929 0.2225483358 -0.1250444353 0.9887044430 -0.0826283917 -0.2316529900 0.0518855229 0.9714137912
119.6 -547.1 2839.4 0.9863449335 0.0978497043 0.1324732006 0.1490370333 -0.1880245954 -0.9707907438 -0.0700833648 0.9772779346 -0.2000403404
76.3 -463.8 2406.9 0.9863449335 -0.1375520676 0.0905711949 0.1490370333 0.9795101285 -0.1354544312 -0.0700833648 0.1471032500 0.9866351485
-154.8 -312.0 3083.2 0 0 0 0 0 0 0 0 0
208.5 -508.1 2957.9 0 0 0 0 0 0 0 0 0
-204.8 -814.2 2394.8 0 0 0 0 0 0 0 0 0
128.9 -838.1 2350.7 0 0 0 0 0 0 0 0 0
33.4 -2.2 3107.2 6 0.9963690639 0.0176830720 -0.0832829326 -0.0510656871 0.9068310261 -0.4183895588 0.0681251362 0.4211233258 0.9044413567
29.7 -191.8 3019.2 0.9963690639 0.0176830720 -0.0832829326 -0.0510656871 0.9068310261 -0.4183895588 0.0681251362 0.4211233258 0.9044413567
25.6 -365.5 2922.9 0.9961943626 0.0207690336 -0.0846488774 -0.0591569208 0.8743576407 -0.4816629589 0.0640097111 0.4848375022 0.8722587824
-115.6 -183.1 3009.8 0.0956664234 -0.9797657132 0.1758041680 0.4794541299 0.2001316398 0.8544419408 -0.8723369241 0.0025486299 0.4888986051
-151.1 -360.9 3333.3 0.0377172604 -0.9796754718 -0.1970112324 -0.1996768415 0.1857868284 -0.9620875120 0.9791356325 0.0756258890 -0.1886111349
175.1 -200.5 3028.5 0.6814776659 0.6271455884 0.3771957159 -0.6309670806 0.2423770577 0.7369762063 0.3707677722 -0.7402309179 0.5608827472
340.3 -353.4 3118.4 -0.5104355812 0.6271455884 0.5883399844 -0.5899540782 0.2423770577 -0.7701996565 -0.6256274581 -0.7402309179 0.2462692112
-69.5 -537.2 2827.0 0.9669906497 0.2003121972 -0.1574931294 -0.1230782568 -0.1740205884 -0.9770202637 -0.2231161147 0.9641534686 -0.1436222047
-155.6 -462.4 2412.5 0.9669906497 0.1364939660 0.2151707560 -0.1230782568 0.9895871878 -0.0746251866 -0.2231161147 0.0456790105 0.9737210274
113.7 -544.3 2831.3 0.9876226187 0.0838413909 0.1325602531 0.1456414759 -0.1764648110 -0.9734725356 -0.0582250692 0.9807296991 -0.1864914149
76.8 -466.5 2399.1 0.9876226187 -0.1374009997 0.0756476223 0.1456414759 0.9823827147 -0.1171013936 -0.0582250692 0.1266694218 0.9902346730
-161.1 -308.2 3074.7 0 0 0 0 0 0 0 0 0
207.7 -506.7 2955.9 0 0 0 0 0 0 0 0 0
-204.2 -814.9 2396.3 0 0 0 0 0 0 0 0 0
129.2 -841.9 2350.7 0 0 0 0 0 0 0 0 0
32.0 -0.9 3107.5 7 0.9954880476 0.0140062850 -0.0938473269 -0.0516516194 0.9096581340 -0.4121336341 0.0795965195 0.4151214957 0.9062772989
29.1 -190.8 3020.8 0.9954880476 0.0140062850 -0.0938473269 -0.0516516194 0.9096581340 -0.4121336341 0.0795965195 0.4151214957 0.9062772989
25.8 -365.4 2926.0 0.9953523278 0.0163991395 -0.0948934406 -0.0596343130 0.8786850572 -0.4736626148 0.0756137893 0.4771201015 0.8755792379
-116.2 -182.1 3009.7 0.1059085950 -0.9795000553 0.1713563204 0.4714414775 0.2011878043 0.8586422205 -0.8755148649 -0.0101531185 0.4830844700
-155.4 -356.9 3334.4 0.0266058799 -0.9802382588 -0.1960230470 -0.1908514500 0.1875045449 -0.9635443687 0.9812582731 0.0630472302 -0.1820911765
174.4 -199.5 3031.8 0.6846825480 0.5885342360 0.4299270809 -0.6545211673 0.2369914502 0.7179394364 0.3206429183 -0.7729569674 0.5474720001
338.5 -356.5 3108.7 -0.5351857543 0.5885342360 0.6059733033 -0.6023995876 0.2369914502 -0.7622006536 -0.5921916366 -0.7729569674 0.2276983261
-69.7 -533.8 2820.7 0.9668818712 0.1979124993 -0.1611525118 -0.1284380257 -0.1683288813 -0.9773275256 -0.2205519527 0.9656583667 -0.1373346448
-153.2 -462.8 2413.5 0.9668818712 0.1424635202 0.2117631584 -0.1284380257 0.9885942340 -0.0786455050 -0.2205519527 0.0488424711 0.9741515517
112.8 -544.6 2832.4 0.9886713624 0.0784665048 0.1279529929 0.1399035454 -0.1729658693 -0.9749408960 -0.0543687083 0.9817972183 -0.1819841415
77.7 -467.3 2393.2 0.9886713624 -0.1326912940 0.0701568276 0.1399035454 0.9839785695 -0.1105129942 -0.0543687083 0.1190762222 0.9913954139
-162.5 -306.5 3075.2 0 0 0 0 0 0 0 0 0
199.6 -512.8 2955.0 0 0 0 0 0 0 0 0 0
-204.0 -815.4 2396.0 0 0 0 0 0 0 0 0 0
128.4 -843.2 2347.7 0 0 0 0 0 0 0 0 0
33.7 0.9 3120.6 8 0.9966922402 0.0130151762 -0.0802192464 -0.0466858521 0.8996600509 -0.4340877831 0.0665203184 0.4363970459 0.8972918391
31.0 -188.6 3028.7 0.9966922402 0.0130151762 -0.0802192464 -0.0466858521 0.8996600509 -0.4340877831 0.0665203184 0.4363970459 0.8972918391
26.8 -362.0 2931.7 0.9964849949 0.0206282102 -0.0811918080 -0.0576030090 0.8724393845 -0.4853158295 0.0608237348 0.4882868528 0.8705610037
-114.5 -180.2 3019.8 0.0922130495 -0.9801135659 0.1757104099 0.4831273556 0.1983388662 0.8527893424 -0.8706805706 0.0062522017 0.4918091297
-148.7 -359.4 3342.6 0.0409814417 -0.9797806740 -0.1958324164 -0.2035393715 0.1837008148 -0.9616786242 0.9782087207 0.0792705864 -0.1918956190
176.4 -197.1 3037.6 0.6500501633 0.5886201262 0.4805842042 -0.7114248872 0.2491709739 0.6571061015 0.2670382261 -0.7690514922 0.5807326436
332.5 -367.8 3101.7 -0.5472669005 0.5886201262 0.5950002670 -0.5773597360 0.2491709739 -0.7775406837 -0.6059328914 -0.7690514922 0.2034825385
-68.7 -534.5 2824.3 0.9659398198 0.2060354203 -0.1565558016 -0.1238225028 -0.1632236987 -0.9787880182 -0.2272186279 0.9648354650 -0.1321524382
-157.0 -464.5 2410.7 0.9659398198 0.1371289045 0.2194447070 -0.1238225028 0.9895896912 -0.0733499676 -0.2272186279 0.0436794609 0.9728637338
113.8 -545.5 2838.2 0.9879048467 0.0814686641 0.1319349855 0.1440672278 -0.1675679386 -0.9752771854 -0.0573464595 0.9824885726 -0.1772781461
76.7 -469.2 2391.1 0.9879048467 -0.1377403438 0.0712150335 0.1440672278 0.9851855636 -0.0930269808 -0.0573464595 0.1021615565 0.9931134582
-159.5 -305.6 3084.2 0 0 0 0 0 0 0 0 0
190.4 -517.7 2944.4 0 0 0 0 0 0 0 0 0
-205.7 -815.9 2395.2 0 0 0 0 0 0 0 0 0
129.3 -845.6 2352.1 0 0 0 0 0 0 0 0 0
33.2 3.7 3114.7 9 0.9976651073 0.0168607924 -0.0661816746 -0.0428249761 0.9093096256 -0.4139106870 0.0532007702 0.4157784879 0.9079085588
29.7 -188.4 3026.8 0.9976651073 0.0168607924 -0.0661816746 -0.0428249761 0.9093096256 -0.4139106870 0.0532007702 0.4157784879 0.9079085588
25.5 -363.3 2932.7 0.9975154996 0.0205321517 -0.0673886612 -0.0499854907 0.8803527951 -0.4716782272 0.0496412292 0.4738748074 0.8791918755
-115.9 -181.1 3019.6 0.0784223825 -0.9813014865 0.1757763177 0.4695614278 0.1918951869 0.8617936373 -0.8794100285 0.0149538694 0.4758301973
-145.0 -355.2 3345.7 0.0541402027 -0.9799898863 -0.1915427446 -0.1873890609 0.1784444749 -0.9659414887 0.9807926416 0.0881892815 -0.1739783734
175.3 -195.7 3034.1 0.6267985702 0.6117105484 0.4826321602 -0.7311772704 0.2477118820 0.6356245875 0.2692645490 -0.7512982488 0.6025342941
330.3 -376.5 3100.7 -0.5592689514 0.6117105484 0.5594894886 -0.5362625122 0.2477118820 -0.8068836927 -0.6321714520 -0.7512982488 0.1894998699
-68.6 -530.1 2829.1 0.9671546221 0.1963883936 -0.1613802016 -0.1317173094 -0.1557892561 -0.9789689779 -0.2173994482 0.9680709243 -0.1248045564
-153.4 -462.8 2411.3 0.9671546221 0.1439852715 0.2094760388 -0.1317173094 0.9887084961 -0.0714566261 -0.2173994482 0.0415179841 0.9751993418
114.1 -540.6 2840.3 0.9878332615 0.0805384591 0.1330376863 0.1443647742 -0.1567850113 -0.9770247340 -0.0578297488 0.9843434691 -0.1665043533
77.3 -469.0 2390.6 0.9878332615 -0.1379268765 0.0718445852 0.1443647742 0.9850656986 -0.0938315168 -0.0578297488 0.1030617207 0.9929924607
-159.3 -305.7 3086.6 0 0 0 0 0 0 0 0 0
185.2 -515.6 2936.7 0 0 0 0 0 0 0 0 0
-204.6 -814.6 2396.5 0 0 0 0 0 0 0 0 0
130.0 -845.4 2351.2 0 0 0 0 0 0 0 0 0
30.6 2.1 3111.2 0 0.9958804250 0.0052370369 -0.0905248895 -0.0417229496 0.9128345847 -0.4061923623 0.0805070028 0.4082959890 0.9092925787
29.5 -188.4 3026.0 0.9958804250 0.0052370369 -0.0905248895 -0.0417229496 0.9128345847 -0.4061923623 0.0805070028 0.4082959890 0.9092925787
27.2 -364.2 2933.4 0.9957832098 0.0112139136 -0.0910496414 -0.0523435660 0.8845368028 -0.4635243416 0.0753388330 0.4663356245 0.8813938498
-115.8 -180.8 3015.0 0.1020788476 -0.9807770848 0.1663016826 0.4613745809 0.1947848350 0.8655589819 -0.8813134432 -0.0116278930 0.4723890126
-153.7 -351.9 3341.8 0.0287340917 -0.9813600183 -0.1900180876 -0.1786721945 0.1819926798 -0.9669306874 0.9834889770 0.0617348216 -0.1701123416
174.9 -196.1 3037.0 0.6191580892 0.6182521582 0.4841564894 -0.7417368293 0.2580257058 0.6190713048 0.2578173280 -0.7424196601 0.6183391213
327.1 -378.4 3100.4 -0.5452966690 0.6182521582 0.5660527945 -0.5394619703 0.2580257058 -0.8015007973 -0.6415857673 -0.7424196601 0.1928229481
-70.0 -533.6 2834.0 0.9683474898 0.1967486888 -0.1536004692 -0.1226690486 -0.1608123928 -0.9793322682 -0.2173832059 0.9671759605 -0.1315872967
-156.8 -462.6 2407.1 0.9683474898 0.1325660795 0.2114932239 -0.1226690486 0.9906738997 -0.0593091697 -0.2173832059 0.0314882137 0.9755783081
112.9 -542.8 2843.1 0.9881278276 0.0766378120 0.1331541836 0.1439844817 -0.1596358865 -0.9766191244 -0.0535897687 0.9841966629 -0.1687753201
77.6 -469.3 2389.8 0.9881278276 -0.1378972232 0.0677329227 0.1439844817 0.9849909544 -0.0951908231 -0.0535897687 0.1038131863 0.9931520224
-161.3 -304.7 3082.0 0 0 0 0 0 0 0 0 0
185.5 -518.5 2933.8 0 0 0 0 0 0 0 0 0
-203.8 -813.9 2395.9 0 0 0 0 0 0 0 0 0
130.3 -845.7 2350.2 0 0 0 0 0 0 0 0 0
30.9 -0.5 3109.5 1 0.9965410829 -0.0028294967 -0.0830536559 -0.0307025909 0.9161728621 -0.3996055424 0.0772221908 0.4007732868 0.9129170179
31.5 -190.9 3026.2 0.9965410829 -0.0028294967 -0.0830536559 -0.0307025909 0.9161728621 -0.3996055424 0.0772221908 0.4007732868 0.9129170179
30.6 -367.6 2935.5 0.9965308309 0.0044781738 -0.0831039175 -0.0419134609 0.8896790147 -0.4546586871 0.0718997642 0.4565645754 0.8867802620
-114.0 -184.7 3015.7 0.0941536501 -0.9826546907 0.1597649157 0.4526163340 0.1851848066 0.8722643256 -0.8867206573 -0.0098146563 0.4622013867
-148.9 -352.6 3344.5 0.0343159251 -0.9828262925 -0.1813142598 -0.1675598621 0.1731952280 -0.9705293179 0.9852644801 0.0636856034 -0.1587388813
177.0 -197.0 3036.7 0.6150210500 0.6158080697 0.4924728572 -0.7476813197 0.2570757568 0.6122782826 0.2504430711 -0.7447767854 0.6185352206
326.0 -378.1 3097.4 -0.5424888134 0.6158080697 0.5713897943 -0.5471770763 0.2570757568 -0.7965609431 -0.6374191046 -0.7447767854 0.1974953115
-66.3 -535.2 2833.8 0.9668708444 0.2067691684 -0.1496904790 -0.1165104583 -0.1642994881 -0.9795054793 -0.2271256000 0.9644958377 -0.1347656250
-157.0 -463.0 2410.5 0.9668708444 0.1301974058 0.2195663005 -0.1165104583 0.9904116392 -0.0742302388 -0.2271256000 0.0461892821 0.9727694988
116.3 -544.7 2847.6 0.9857904911 0.0869980827 0.1436958462 0.1563678533 -0.1627310663 -0.9742010832 -0.0613698438 0.9828275442 -0.1740224361
76.0 -469.3 2392.1 0.9857904911 -0.1492266804 0.0771269202 0.1563678533 0.9829462171 -0.0967774093 -0.0613698438 0.1074624136 0.9923132658
-157.9 -308.3 3084.3 0 0 0 0 0 0 0 0 0
185.1 -520.2 2931.9 0 0 0 0 0 0 0 0 0
-203.1 -813.3 2394.1 0 0 0 0 0 0 0 0 0
133.0 -844.9 2351.1 0 0 0 0 0 0 0 0 0
32.4 -2.3 3123.1 2 0.9975268841 0.0112723364 -0.0693758428 -0.0391130820 0.9091291428 -0.4146737754 0.0583972596 0.4163617492 0.9073216915
30.1 -189.7 3037.3 0.9975268841 0.0112723364 -0.0693758428 -0.0391130820 0.9091291428 -0.4146737754 0.0583972596 0.4163617492 0.9073216915
26.4 -365.5 2944.7 0.9973704219 0.0180803165 -0.0701808184 -0.0486756526 0.8845679164 -0.4638644457 0.0536928847 0.4660607874 0.8831219673
-115.5 -182.6 3029.4 0.0812170133 -0.9815089703 0.1733318120 0.4617553353 0.1911706775 0.8661615252 -0.8832812905 0.0096898349 0.4687433243
-145.6 -353.8 3357.0 0.0507418551 -0.9804515839 -0.1901051104 -0.1785738766 0.1783757955 -0.9676225781 0.9826172590 0.0830467716 -0.1660319269
175.7 -196.8 3045.1 0.6180105209 0.6110268831 0.4946808517 -0.7535092235 0.2808938622 0.5944093466 0.2242472768 -0.7400978208 0.6340097189
324.7 -378.5 3099.2 -0.5168789029 0.6110268831 0.5995684862 -0.5665485263 0.2808938622 -0.7746750116 -0.6417623758 -0.7400978208 0.2009882778
-61.7 -540.6 2838.3 0.9641262889 0.2145371288 -0.1563147157 -0.1190157160 -0.1769934297 -0.9769895673 -0.2372672111 0.9605452418 -0.1451107413
-156.5 -462.3 2413.6 0.9641262889 0.1351824999 0.2284429073 -0.1190157160 0.9894014001 -0.0831873938 -0.2372672111 0.0530148558 0.9699967504
121.1 -548.2 2851.4 0.9847782850 0.0978529155 0.1436540186 0.1588656157 -0.1713917106 -0.9723099470 -0.0705222487 0.9803314209 -0.1843283027
75.4 -468.3 2393.9 0.9847782850 -0.1502691358 0.0873547941 0.1588656157 0.9820599556 -0.1015870124 -0.0705222487 0.1139183640 0.9909839630
-159.0 -306.7 3097.4 0 0 0 0 0 0 0 0 0
190.5 -525.6 2932.6 0 0 0 0 0 0 0 0 0
-205.2 -818.4 2394.6 0 0 0 0 0 0 0 0 0
132.8 -843.5 2350.3 0 0 0 0 0 0 0 0 0
33.3 -0.7 3119.4 3 0.9969097376 0.0090649100 -0.0780310184 -0.0402202457 0.9121485353 -0.4078815281 0.0674784705 0.4097594619 0.9096943736
31.4 -191.4 3033.8 0.9969097376 0.0090649100 -0.0780310184 -0.0402202457 0.9121485353 -0.4078815281 0.0674784705 0.4097594619 0.9096943736
27.4 -367.8 2942.4 0.9966916442 0.0198206138 -0.0788221508 -0.0538094565 0.8877458572 -0.4571781754 0.0609124824 0.4599070549 0.8858754039
-114.1 -183.5 3024.9 0.0898472369 -0.9804701805 0.1749449223 0.4550069571 0.1966616064 0.8685003519 -0.8859436512 0.0015687979 0.4637902379
-147.4 -352.2 3353.4 0.0430057496 -0.9799872041 -0.1943594217 -0.1718607098 0.1843829900 -0.9677121639 0.9841821194 0.0750199333 -0.1604917645
176.9 -199.2 3042.7 0.6124512553 0.6014039516 0.5130465627 -0.7566871643 0.2581998408 0.6006308198 0.2287532091 -0.7560728788 0.6132094264
326.1 -383.5 3098.4 -0.5596443415 0.6014039516 0.5701855421 -0.5392318964 0.2581998408 -0.8015995622 -0.6293069124 -0.7560728788 0.1797960997
-68.6 -536.8 2847.2 0.9686213732 0.1955751032 -0.1533722579 -0.1218612716 -0.1641131043 -0.9788854718 -0.2166160196 0.9668594599 -0.1351304352
-155.9 -463.5 2415.9 0.9686213732 0.1383028328 0.2065066546 -0.1218612716 0.9884235263 -0.0903813317 -0.2166160196 0.0623801239 0.9742618799
114.3 -545.7 2857.1 0.9880006313 0.0780354366 0.1332863271 0.1449393630 -0.1702992171 -0.9746747017 -0.0533606037 0.9822976589 -0.1795661449
77.7 -465.8 2396.2 0.9880006313 -0.1378196031 0.0697174966 0.1449393630 0.9832816124 -0.1102262139 -0.0533606037 0.1190083772 0.9914583564
-158.8 -306.8 3093.4 0 0 0 0 0 0 0 0 0
181.0 -523.4 2935.2 0 0 0 0 0 0 0 0 0
-205.6 -819.2 2393.4 0 0 0 0 0 0 0 0 0
130.3 -841.5 2350.7 0 0 0 0 0 0 0 0 0
31.9 2.4 3126.1 4 0.9977243543 0.0221227091 -0.0636919215 -0.0475579686 0.9005220532 -0.4322017133 0.0477945097 0.4342472553 0.8995248675
27.3 -186.1 3035.2 0.9977243543 0.0221227091 -0.0636919215 -0.0475579686 0.9005220532 -0.4322017133 0.0477945097 0.4342472553 0.8995248675
21.7 -360.1 2939.4 0.9975017905 0.0275892261 -0.0650311708 -0.0555106737 0.8754843473 -0.4800476134 0.0436896309 0.4824582636 0.8748286963
-118.4 -178.0 3028.8 0.0760526061 -0.9802144170 0.1827450097 0.4778773785 0.1966876686 0.8561233282 -0.8751280904 0.0222193003 0.4833809137
-146.6 -355.2 3353.3 0.0584948957 -0.9785748124 -0.1974074095 -0.1973993629 0.1825032383 -0.9631853700 0.9785764217 0.0953095257 -0.1824945360
172.9 -194.3 3041.6 0.6162478924 0.5838854909 0.5285038352 -0.7553787827 0.2483664006 0.6063967943 0.2228036672 -0.7729113102 0.5941099524
329.8 -386.6 3098.3 -0.5938472748 0.5838854909 0.5535550117 -0.5184982419 0.2483664006 -0.8182137012 -0.6152275801 -0.7729113102 0.1552518755
-67.9 -539.2 2845.5 0.9676519632 0.1927154213 -0.1628201306 -0.1304727346 -0.1701074690 -0.9767498970 -0.2159316838 0.9663975239 -0.1394607276
-153.9 -463.3 2414.2 0.9676519632 0.1450317055 0.2064350545 -0.1304727346 0.9880095720 -0.0825465471 -0.2159316838 0.0529421829 0.9749721289
114.9 -549.1 2856.7 0.9871070981 0.0807688385 0.1381881833 0.1504466981 -0.1734742224 -0.9732792377 -0.0546385460 0.9815208316 -0.1833890378
76.8 -467.4 2394.3 0.9871070981 -0.1442358345 0.0693945587 0.1504466981 0.9840773940 -0.0946440846 -0.0546385460 0.1038640290 0.9930895567
-162.0 -303.1 3094.8 0 0 0 0 0 0 0 0 0
175.7 -521.1 2938.7 0 0 0 0 0 0 0 0 0
-206.3 -819.9 2395.1 0 0 0 0 0 0 0 0 0
131.9 -843.4 2354.6 0 0 0 0 0 0 0 0 0
31.6 3.4 3116.9 5 0.9927986264 0.0107849222 -0.1193088219 -0.0606459267 0.9041350484 -0.4229206741 0.1033101231 0.4271106422 0.8982780576
29.3 -186.3 3027.3 0.9927986264 0.0107849222 -0.1193088219 -0.0606459267 0.9041350484 -0.4229206741 0.1033101231 0.4271106422 0.8982780576
27.1 -360.3 2931.4 0.9927077293 0.0114257913 -0.1200032085 -0.0679260567 0.8754255772 -0.4785563052 0.0995859951 0.4832178950 0.8698178530
-115.5 -176.4 3012.8 0.1309960783 -0.9773809910 0.1660312265 0.4762484729 0.2089245766 0.8541299105 -0.8694983721 -0.0328155532 0.4928445220
-164.1 -353.0 3335.2 0.0010329115 -0.9800217748 -0.1988874972 -0.1973959953 0.1947744340 -0.9607797265 0.9803233147 0.0402519964 -0.1932511926
174.1 -196.2 3041.8 0.6206752658 0.5889308453 0.5176125169 -0.7512040138 0.2575376928 0.6077555418 0.2246212512 -0.7660514116 0.6022545099
332.2 -387.6 3099.0 -0.5989534855 0.5889308453 0.5426003933 -0.4972980320 0.2575376928 -0.8284738660 -0.6276538968 -0.7660514116 0.1386210471
-75.3 -528.9 2839.5 0.9713277221 0.1817310899 -0.1532851160 -0.1265397370 -0.1506492347 -0.9804552794 -0.2012714893 0.9717400074 -0.1233335733
-154.8 -463.0 2414.5 0.9713277221 0.1408578008 0.1915244013 -0.1265397370 0.9883043766 -0.0851005614 -0.2012714893 0.0584250875 0.9777915478
107.6 -539.1 2847.5 0.9877309799 0.0677124560 0.1407216638 0.1501026899 -0.1630103290 -0.9751393795 -0.0430900007 0.9842980504 -0.1711741686
76.5 -464.2 2395.7 0.9877309799 -0.1434543580 0.0617123283 0.1501026899 0.9811509252 -0.1217049658 -0.0430900007 0.1294749528 0.9906460047
-164.4 -300.8 3076.3 0 0 0 0 0 0 0 0 0
176.8 -516.6 2936.1 0 0 0 0 0 0 0 0 0
-205.2 -816.6 2393.6 0 0 0 0 0 0 0 0 0
131.3 -839.0 2346.2 0 0 0 0 0 0 0 0 0
30.8 4.2 3114.9 6 0.9923799038 0.0056104637 -0.1230881438 -0.0562836267 0.9092934132 -0.4123319983 0.1096098572 0.4161178172 0.9026802182
29.6 -187.1 3027.3 0.9923799038 0.0056104637 -0.1230881438 -0.0562836267 0.9092934132 -0.4123319983 0.1096098572 0.4161178172 0.9026802182
27.5 -363.0 2935.0 0.9922886491 0.0103601413 -0.1235146597 -0.0665334836 0.8852881789 -0.4602588117 0.1045777202 0.4649274647 0.8791506886
-115.2 -177.4 3012.1 0.1345045120 -0.9770937562 0.1649132371 0.4579504132 0.2088808268 0.8640892506 -0.8787434101 -0.0407018140 0.4755558968
-165.1 -347.2 3337.9 -0.0026602193 -0.9800093174 -0.1989338696 -0.1769436002 0.1962568611 -0.9644553661 0.9842174053 0.0326344110 -0.1739284545
174.4 -196.8 3042.6 0.6127607226 0.5433496833 0.5738426447 -0.7692300677 0.2436541766 0.5906925797 0.1811334789 -0.8033702374 0.5672626495
330.1 -392.2 3088.6 -0.6496707201 0.5433496833 0.5316945314 -0.4840408564 0.2436541766 -0.8404386044 -0.5862016678 -0.8033702374 0.1047084779
-66.1 -528.0 2826.4 0.9653257132 0.2092692703 -0.1560532749 -0.1257637292 -0.1510333866 -0.9804959893 -0.2287569344 0.9661238194 -0.1194779351
-155.5 -463.5 2413.5 0.9653257132 0.1408474445 0.2197913826 -0.1257637292 0.9887278676 -0.0812444314 -0.2287569344 0.0507855527 0.9721579552
115.7 -540.4 2844.6 0.9857576489 0.0896615759 0.1422767788 0.1556153744 -0.1655472666 -0.9738469720 -0.0637631267 0.9821175337 -0.1771422029
74.6 -464.5 2394.4 0.9857576489 -0.1470467597 0.0816035122 0.1556153744 0.9815516472 -0.1110866666 -0.0637631267 0.1222032905 0.9904547334
-164.4 -300.4 3077.9 0 0 0 0 0 0 0 0 0
161.7 -517.7 2936.7 0 0 0 0 0 0 0 0 0
-206.3 -819.8 2395.2 0 0 0 0 0 0 0 0 0
130.7 -839.5 2347.7 0 0 0 0 0 0 0 0 0
31.5 6.9 3110.3 7 0.9906883836 0.0009564853 -0.1361457705 -0.0554817431 0.9160156846 -0.3972871304 0.1243316531 0.4011413455 0.9075391293
31.3 -185.1 3026.2 0.9906883836 0.0009564853 -0.1361457705 -0.0554817431 0.9160156846 -0.3972871304 0.1243316531 0.4011413455 0.9075391293
30.0 -362.1 2936.0 0.9906413555 0.0061703692 -0.1363510191 -0.0673931763 0.8908233643 -0.4493238330 0.1186921746 0.4543079138 0.8829023242
-113.3 -175.3 3008.9 0.1473290622 -0.9759755135 0.1605177522 0.4469969571 0.2104698718 0.8694229126 -0.8823195696 -0.0563403107 0.4672664106
-167.9 -341.0 3336.0 -0.0162621774 -0.9799030423 -0.1988103390 -0.1650184095 0.1987402737 -0.9660596251 0.9861564040 0.0170971323 -0.1649339944
175.9 -195.0 3043.5 0.6105235815 0.5458786488 0.5738270283 -0.7679915428 0.2310091406 0.5973472595 0.1935198456 -0.8053889275 0.5602667332
331.9 -391.2 3093.0 -0.6554686427 0.5458786488 0.5218978524 -0.4810061157 0.2310091406 -0.8457351327 -0.5822319388 -0.8053889275 0.1111517325
-65.5 -532.8 2833.1 0.9650228024 0.2124436498 -0.1536187381 -0.1207237989 -0.1600385457 -0.9797006845 -0.2327161133 0.9639789462 -0.1287938356
-157.6 -463.4 2415.2 0.9650228024 0.1369443387 0.2235559672 -0.1207237989 0.9890621901 -0.0847450271 -0.2327161133 0.0547923595 0.9710000157
116.3 -545.0 2852.3 0.9864335060 0.0876834244 0.1387822330 0.1522932798 -0.1731943041 -0.9730418921 -0.0612833500 0.9809767604 -0.1841982603
75.8 -464.8 2398.5 0.9864335060 -0.1428946406 0.0808084980 0.1522932798 0.9803326130 -0.1255180389 -0.0612833500 0.1361217946 0.9887948036
-163.6 -297.5 3075.6 0 0 0 0 0 0 0 0 0
161.8 -516.0 2941.9 0 0 0 0 0 0 0 0 0
-206.8 -818.7 2395.6 0 0 0 0 0 0 0 0 0
130.4 -839.4 2346.5 0 0 0 0 0 0 0 0 0
32.1 8.0 3110.5 8 0.9907985330 0.0053714709 -0.1352384835 -0.0583301485 0.9186004400 -0.3908590972 0.1221306399 0.3951511085 0.9104612470
31.0 -183.6 3028.1 0.9907985330 0.0053714709 -0.1352384835 -0.0583301485 0.9186004400 -0.3908590972 0.1221306399 0.3951511085 0.9104612470
28.9 -361.0 2938.6 0.9906972051 0.0101860575 -0.1357029825 -0.0701267272 0.8928087950 -0.4449434280 0.1166246086 0.4503206015 0.8852174878
-113.6 -173.4 3011.0 0.1466747075 -0.9754120111 0.1644930542 0.4425830245 0.2134301066 0.8709580302 -0.8846506476 -0.0549456738 0.4630055726
-168.0 -337.5 3339.1 -0.0144338254 -0.9792014956 -0.2023759782 -0.1605788320 0.2020400465 -0.9661233425 0.9869174957 0.0185524430 -0.1601552516
175.6 -193.9 3045.1 0.6116116047 0.5157358646 0.5999564528 -0.7752280235 0.2392570078 0.5846174359 0.1579644084 -0.8226618767 0.5461452603
330.2 -389.8 3085.0 -0.6548924446 0.5157358646 0.5523878932 -0.5090063214 0.2392570078 -0.8268425465 -0.5585950613 -0.8226618767 0.1058252305
-62.0 -533.0 2834.9 0.9636789560 0.2162690163 -0.1566862464 -0.1205993593 -0.1710677594 -0.9778504968 -0.2382827401 0.9612302184 -0.1387724876
-156.9 -457.9 2413.0 0.9636789560 0.1351729333 0.2303283364 -0.1205993593 0.9897658825 -0.0762845203 -0.2382827401 0.0457363389 0.9701182842
119.6 -545.3 2856.6 0.9880217314 0.0891204998 0.1259787828 0.1397511661 -0.1705420315 -0.9753896594 -0.0654425398 0.9813118577 -0.1809539348
77.6 -464.9 2394.3 0.9880217314 -0.1327312738 0.0787116438 0.1397511661 0.9859378338 -0.0916306376 -0.0654425398 0.1015331000 0.9926773310
-164.2 -295.1 3078.4 0 0 0 0 0 0 0 0 0
160.2 -521.9 2940.1 0 0 0 0 0 0 0 0 0
-206.2 -818.3 2396.3 0 0 0 0 0 0 0 0 0
128.3 -841.4 2355.6 0 0 0 0 0 0 0 0 0
31.7 4.7 3110.2 9 0.9928553700 -0.0019242449 -0.1193083376 -0.0471125543 0.9123134017 -0.4067734778 0.1096293256 0.4094881713 0.9057046175
32.1 -185.5 3024.8 0.9928553700 -0.0019242449 -0.1193083376 -0.0471125543 0.9123134017 -0.4067734778 0.1096293256 0.4094881713 0.9057046175
31.1 -361.2 2932.1 0.9928371310 0.0045356820 -0.1193895116 -0.0596724674 0.8845415115 -0.4626289308 0.1035066396 0.4664394557 0.8784763217
-112.9 -176.7 3009.7 0.1303958446 -0.9785897136 0.1592455208 0.4603978693 0.2020143718 0.8644211888 -0.8780835271 -0.0394006371 0.4768824279
-161.2 -347.5 3335.3 -0.0004447373 -0.9813441038 -0.1922591478 -0.1786440611 0.1892444044 -0.9655427933 0.9839136600 0.0339165404 -0.1753954589
177.0 -194.2 3039.9 0.6080803275 0.5433209538 0.5788269639 -0.7680796981 0.2182876468 0.6020001173 0.2007284909 -0.8106496334 0.5500501990
332.1 -390.0 3091.1 -0.6459512711 0.5433209538 0.5362362862 -0.5080711842 0.2182876468 -0.8331951499 -0.5697461367 -0.8106496334 0.1350425333
-64.0 -532.0 2838.5 0.9649719596 0.2100245506 -0.1572223008 -0.1257708222 -0.1555925310 -0.9797819257 -0.2302408814 0.9652360678 -0.1237274706
-156.2 -463.6 2414.4 0.9649719596 0.1399340034 0.2219180912 -0.1257708222 0.9890829325 -0.0767896846 -0.2302408814 0.0461890735 0.9720368981
117.7 -544.9 2859.9 0.9876613617 0.0838004723 0.1322968602 0.1449887604 -0.1700226367 -0.9747156501 -0.0591881685 0.9818705320 -0.1800749153
78.0 -464.2 2394.3 0.9876613617 -0.1376531124 0.0746766329 0.1449887604 0.9839711189 -0.1038224623 -0.0591881685 0.1133687124 0.9917884469
-161.1 -300.3 3075.4 0 0 0 0 0 0 0 0 0
164.3 -521.9 2943.2 0 0 0 0 0 0 0 0 0
-206.2 -817.0 2397.9 0 0 0 0 0 0 0 0 0
130.5 -840.1 2351.0 0 0 0 0 0 0 0 0 0
29.9 2.0 3109.5 0 0.9964905977 0.0021594930 -0.0836769193 -0.0376071110 0.9046425819 -0.4245085120 0.0747809857 0.4261655807 0.9015490413
29.5 -186.4 3020.7 0.9964905977 0.0021594930 -0.0836769193 -0.0376071110 0.9046425819 -0.4245085120 0.0747809857 0.4261655807 0.9015490413
28.1 -360.0 2924.2 0.9964486361 0.0063668843 -0.0839617178 -0.0463589244 0.8738861084 -0.4839152396 0.0702919438 0.4860890508 0.8710777760
-116.0 -179.6 3010.4 0.0950071961 -0.9822694659 0.1616177112 0.4818491638 0.1874427050 0.8559711576 -0.8710883856 -0.0034480593 0.4911141396
-151.3 -358.3 3333.4 0.0340626836 -0.9824589491 -0.1833417416 -0.2005175799 0.1729998589 -0.9642944336 0.9790977836 0.0696096942 -0.1911074519
174.9 -193.1 3031.0 0.6072944403 0.5767695904 0.5463793278 -0.7567983866 0.2106934190 0.6187604070 0.2417636514 -0.7892687321 0.5644512177
333.1 -390.2 3094.0 -0.6346436739 0.5767695904 0.5143581629 -0.4927705228 0.2106934190 -0.8442662358 -0.5953189731 -0.7892687321 0.1504998058
-60.9 -531.5 2830.0 0.9634154439 0.2207796425 -0.1519443244 -0.1191671118 -0.1549332440 -0.9807114005 -0.2400623411 0.9629392624 -0.1229554042
-155.5 -465.1 2417.4 0.9634154439 0.1393420696 0.2289421707 -0.1191671118 0.9878488183 -0.0997695625 -0.2400623411 0.0688371584 0.9683137536
121.2 -542.4 2849.0 0.9855030179 0.0980645567 0.1384454668 0.1537072212 -0.1706435829 -0.9732701778 -0.0718184784 0.9804407954 -0.1832430065
76.1 -463.9 2397.9 0.9855030179 -0.1436037123 0.0903425589 0.1537072212 0.9811490178 -0.1171351224 -0.0718184784 0.1293233186 0.9889982939
-160.2 -305.3 3074.8 0 0 0 0 0 0 0 0 0
168.3 -518.2 2939.4 0 0 0 0 0 0 0 0 0
-204.6 -813.0 2393.1 0 0 0 0 0 0 0 0 0
130.9 -838.7 2348.5 0 0 0 0 0 0 0 0 0
