215.3 -51.8 2795.1 8 0.9844992161 0.1407642812 0.1046263054 -0.0091410065 0.6369094849 -0.7708843946 -0.1751504689 0.7579787374 0.6283236146
187.2 -179.0 2643.8 0.9844992161 0.1407642812 0.1046263054 -0.0091410065 0.6369094849 -0.7708843946 -0.1751504689 0.7579787374 0.6283236146
158.7 -305.0 2492.7 0.9841966629 0.1432548761 0.1040910929 -0.0104949055 0.6339786649 -0.7732793093 -0.1767675579 0.7599664927 0.6254631281
48.7 -177.5 2668.7 0.3208608329 -0.3848354518 -0.8654189706 0.4764439464 0.8552858829 -0.2036841363 0.8185654879 -0.3469693661 0.4577802718
-40.1 -309.2 2442.3 -0.2968965173 -0.3848354518 -0.8739302754 0.2412311733 0.8552858829 -0.4585777819 0.9239372015 -0.3469693661 -0.1610970795
325.7 -180.4 2618.9 -0.0711597875 0.0838107765 0.9939376712 -0.4233739674 0.8997116685 -0.1061764136 -0.9031559825 -0.4283628166 -0.0285399929
305.6 -299.6 2364.7 -0.4947935939 0.0796842948 0.8653494716 -0.3432801962 0.8968780637 -0.2788699269 -0.7983345389 -0.4350403845 -0.4164154828
41.2 -428.8 2360.8 0.9399591088 0.3328993917 -0.0751987845 -0.2243433148 0.4366469085 -0.8712115288 -0.2571904957 0.8357735872 0.4851140082
-91.6 -602.8 2027.6 0.9182637334 0.3954933584 0.0194092579 -0.2628027797 0.6453791857 -0.7172310352 -0.2961864471 0.6535064578 0.6965650916
220.5 -432.0 2325.4 0.9436941743 -0.0224309769 0.3300578296 0.3001220524 0.4777616560 -0.8256334066 -0.1391692013 0.8782030940 0.4575929344
229.4 -622.0 1976.2 0.9436941743 -0.0224309769 0.3300578296 0.3001220524 0.4777616560 -0.8256334066 -0.1391692013 0.8782030940 0.4575929344
37.1 -371.9 2202.3 0 0 0 0 0 0 0 0 0
177.0 -388.9 2157.1 0 0 0 0 0 0 0 0 0
-242.7 -849.5 1777.9 0 0 0 0 0 0 0 0 0
238.0 -804.6 1640.5 0 0 0 0 0 0 0 0 0
215.8 -50.9 2796.9 9 0.9877293706 0.1388965249 0.0714030266 -0.0333394594 0.6341870427 -0.7724605203 -0.1525749564 0.7606014013 0.6310359240
188.1 -177.5 2645.1 0.9877293706 0.1388965249 0.0714030266 -0.0333394594 0.6341870427 -0.7724605203 -0.1525749564 0.7606014013 0.6310359240
159.7 -303.4 2493.9 0.9871914983 0.1427388936 0.0712637007 -0.0357601456 0.6332905293 -0.7730875611 -0.1554802954 0.7606370449 0.6302834153
49.2 -172.5 2667.0 0.3170629740 -0.4212940931 -0.8496954441 0.4943467975 0.8380011916 -0.2310308665 0.8093777299 -0.3467929065 0.4739645422
-38.8 -309.7 2442.3 -0.2927124798 -0.4212940931 -0.8583884239 0.2362792492 0.8380011916 -0.4918598831 0.9265481830 -0.3467929065 -0.1457503587
326.9 -182.5 2623.3 -0.0770104975 0.1167339683 0.9901729822 -0.4065606296 0.9031273723 -0.1380921155 -0.9103723764 -0.4131999016 -0.0220908541
304.7 -300.0 2360.1 -0.5008454919 0.0948854834 0.8603200316 -0.3466259241 0.8887965679 -0.2998185754 -0.7930979133 -0.4483719766 -0.4122599661
39.7 -429.9 2358.7 0.9363399744 0.3350434601 -0.1049442366 -0.2527163029 0.4356646240 -0.8639044166 -0.2437250167 0.8354293704 0.4926011562
-93.6 -603.3 2026.1 0.9242917895 0.3816839755 0.0014215818 -0.2748287022 0.6681047082 -0.6914516091 -0.2648657560 0.6387123466 0.7224214077
221.9 -432.6 2328.4 0.9538410902 -0.0198832098 0.2996528745 0.2727479637 0.4749398232 -0.8366843462 -0.1256811172 0.8797936440 0.4584402442
229.8 -621.4 1978.6 0.9538410902 -0.0198832098 0.2996528745 0.2727479637 0.4749398232 -0.8366843462 -0.1256811172 0.8797936440 0.4584402442
37.3 -371.1 2201.5 0 0 0 0 0 0 0 0 0
174.5 -390.1 2154.0 0 0 0 0 0 0 0 0 0
-239.5 -858.6 1782.0 0 0 0 0 0 0 0 0 0
237.4 -803.0 1642.3 0 0 0 0 0 0 0 0 0
218.6 -53.7 2807.9 0 0.9886487722 0.1435170621 0.0444579907 -0.0547563247 0.6197256446 -0.7829060555 -0.1399121433 0.7715847492 0.6205494404
190.0 -176.9 2654.4 0.9886487722 0.1435170621 0.0444579907 -0.0547563247 0.6197256446 -0.7829060555 -0.1399121433 0.7715847492 0.6205494404
160.9 -300.6 2501.5 0.9881338477 0.1468774080 0.0449274257 -0.0569580086 0.6220555305 -0.7808986902 -0.1426437348 0.7690734267 0.6230399609
51.0 -168.9 2674.5 0.3166791499 -0.3874049485 -0.8658127189 0.4832727611 0.8513311148 -0.2041636407 0.8161873221 -0.3537693620 0.4568210840
-39.6 -307.2 2440.9 -0.2979966104 -0.3874049485 -0.8724192977 0.2474981397 0.8513311148 -0.4625797570 0.9219233394 -0.3537693620 -0.1578117758
329.0 -185.0 2634.3 -0.0872772560 0.1438621581 0.9857415557 -0.3836399317 0.9083429575 -0.1665337384 -0.9193492532 -0.3927044272 -0.0240864139
303.3 -298.1 2363.2 -0.4852028489 0.1057382971 0.8679848313 -0.3557412326 0.8829249740 -0.3064174056 -0.7987655401 -0.4574525654 -0.3907822371
40.7 -425.9 2357.4 0.9354702830 0.3315322101 -0.1224000975 -0.2692435682 0.4442379177 -0.8544943333 -0.2289176136 0.8323094845 0.5048342943
-91.2 -602.7 2026.2 0.9170007110 0.3984304965 -0.0190475304 -0.3021707237 0.6626979113 -0.6852185130 -0.2603891790 0.6341014504 0.7280884981
222.3 -429.5 2335.5 0.9615555406 -0.0186160710 0.2739787698 0.2498767376 0.4731180668 -0.8448200226 -0.1138970777 0.8808023334 0.4595810175
229.7 -617.6 1985.3 0.9615555406 -0.0186160710 0.2739787698 0.2498767376 0.4731180668 -0.8448200226 -0.1138970777 0.8808023334 0.4595810175
37.9 -371.6 2201.3 0 0 0 0 0 0 0 0 0
177.1 -390.6 2155.6 0 0 0 0 0 0 0 0 0
-243.4 -855.9 1783.9 0 0 0 0 0 0 0 0 0
236.8 -798.5 1648.6 0 0 0 0 0 0 0 0 0
218.1 -52.0 2803.3 1 0.9873793125 0.1441971511 0.0654923916 -0.0406512693 0.6304323673 -0.7751790285 -0.1530671269 0.7627333999 0.6283376813
189.3 -177.7 2651.2 0.9873793125 0.1441971511 0.0654923916 -0.0406512693 0.6304323673 -0.7751790285 -0.1530671269 0.7627333999 0.6283376813
159.6 -302.8 2499.6 0.9865587950 0.1498124301 0.0652535260 -0.0441660322 0.6289352775 -0.7762021422 -0.1573249698 0.7628870606 0.6270982027
50.6 -171.5 2673.4 0.3217818141 -0.4087719917 -0.8540269136 0.4883605242 0.8444119692 -0.2201645225 0.8111476302 -0.3462280929 0.4713445008
-37.8 -305.5 2450.8 -0.2798190713 -0.4087719917 -0.8686810136 0.2451371551 0.8444119692 -0.4763152301 0.9282289743 -0.3462280929 -0.1360773742
328.1 -184.0 2629.1 -0.0849542022 0.1250768602 0.9885032177 -0.3936644197 0.9071611166 -0.1486169398 -0.9153202176 -0.4017641842 -0.0278288443
304.2 -294.9 2371.1 -0.4768758714 0.0960786119 0.8737037778 -0.3573528528 0.8869578838 -0.2925827205 -0.8030493855 -0.4517461956 -0.3886348605
41.0 -419.0 2361.9 0.9360022545 0.3351778984 -0.1074967757 -0.2571226358 0.4424958825 -0.8591189384 -0.2403908074 0.8317770958 0.5003589392
-92.3 -595.0 2031.1 0.9306534529 0.3658879995 0.0031859570 -0.2673740685 0.6859710813 -0.6767235398 -0.2497905046 0.6289432645 0.7362303138
220.3 -431.8 2333.5 0.9559250474 -0.0224170554 0.2927537560 0.2683708072 0.4711595774 -0.8402295709 -0.1190982610 0.8817631006 0.4564093351
229.2 -619.2 1982.9 0.9559250474 -0.0224170554 0.2927537560 0.2683708072 0.4711595774 -0.8402295709 -0.1190982610 0.8817631006 0.4564093351
35.0 -369.2 2209.5 0 0 0 0 0 0 0 0 0
180.2 -387.8 2162.3 0 0 0 0 0 0 0 0 0
-232.0 -856.9 1790.9 0 0 0 0 0 0 0 0 0
237.8 -799.3 1645.8 0 0 0 0 0 0 0 0 0
216.4 -54.1 2798.1 2 0.9839775562 0.1483758539 0.0988573655 -0.0167633798 0.6290032864 -0.7772218585 -0.1775025576 0.7631117105 0.6214123964
186.7 -179.9 2645.4 0.9839775562 0.1483758539 0.0988573655 -0.0167633798 0.6290032864 -0.7772218585 -0.1775025576 0.7631117105 0.6214123964
156.7 -304.8 2493.6 0.9835904837 0.1510285884 0.0986923501 -0.0183886867 0.6281007528 -0.7779147029 -0.1794760972 0.7633346319 0.6205711365
48.4 -177.3 2670.6 0.3171229362 -0.3922955096 -0.8634449840 0.4758629501 0.8533534408 -0.2129373401 0.8203581572 -0.3433541656 0.4572968781
-37.3 -306.0 2448.8 -0.2888291776 -0.3922955096 -0.8733166456 0.2401199490 0.8533534408 -0.4627421200 0.9267794490 -0.3433541656 -0.1522753835
325.1 -182.5 2620.1 -0.0816299021 0.0910031423 0.9924993515 -0.4157704413 0.9019261003 -0.1168941930 -0.9057987928 -0.4221939743 -0.0357877240
302.6 -297.0 2370.6 -0.4761929810 0.0819788352 0.8755111098 -0.3505069613 0.8954341412 -0.2744860649 -0.8064645529 -0.4375810921 -0.3976652920
39.3 -423.7 2362.5 0.9390794635 0.3343273699 -0.0797181353 -0.2287654877 0.4349022210 -0.8709341884 -0.2565075457 0.8361132145 0.4848903120
-93.6 -596.6 2030.0 0.9347938895 0.3540630639 0.0282787159 -0.2371680290 0.6814665198 -0.6923544407 -0.2644081414 0.6405019164 0.7210031748
216.9 -431.3 2325.4 0.9457976818 -0.0292813256 0.3234337270 0.2973493934 0.4785162508 -0.8261994720 -0.1305760890 0.8775903583 0.4612863362
228.5 -621.6 1976.5 0.9457976818 -0.0292813256 0.3234337270 0.2973493934 0.4785162508 -0.8261994720 -0.1305760890 0.8775903583 0.4612863362
37.7 -368.4 2207.9 0 0 0 0 0 0 0 0 0
178.8 -388.1 2161.0 0 0 0 0 0 0 0 0 0
-228.9 -857.0 1785.3 0 0 0 0 0 0 0 0 0
239.7 -804.5 1641.0 0 0 0 0 0 0 0 0 0
215.6 -54.0 2797.4 3 0.9829851389 0.1508480310 0.1048099101 -0.0135729890 0.6286858916 -0.7775408626 -0.1831830293 0.7628885508 0.6200363636
185.4 -179.8 2644.8 0.9829851389 0.1508480310 0.1048099101 -0.0135729890 0.6286858916 -0.7775408626 -0.1831830293 0.7628885508 0.6200363636
154.4 -304.6 2493.2 0.9822254777 0.1558249742 0.1046504006 -0.0166854151 0.6278017759 -0.7781944275 -0.1869618297 0.7626162171 0.6192429066
47.2 -177.4 2671.1 0.2938710451 -0.3566855788 -0.8868005276 0.4612898529 0.8654984832 -0.1952537298 0.8371687531 -0.3516926765 0.4188803732
-36.2 -308.4 2433.4 -0.3016575575 -0.3566855788 -0.8841821551 0.2495893389 0.8654984832 -0.4343011677 0.9201673269 -0.3516926765 -0.1720592529
323.6 -182.1 2618.5 -0.0836188123 0.0857703537 0.9927997589 -0.4219020009 0.8995407224 -0.1132482812 -0.9027771354 -0.4283338785 -0.0390318409
300.2 -299.9 2366.5 -0.4829746187 0.0841307119 0.8715833426 -0.3416310847 0.8983857632 -0.2760275304 -0.8062404990 -0.4310742617 -0.4051558673
36.5 -427.9 2358.4 0.9403370023 0.3316920996 -0.0758065730 -0.2233661562 0.4337358475 -0.8729150891 -0.2566590309 0.8377670050 0.4819466472
-95.4 -600.4 2025.3 0.9292137623 0.3685137033 0.0275567323 -0.2445144355 0.6690312624 -0.7018616796 -0.2770819664 0.6454415321 0.7117800117
213.5 -430.9 2324.4 0.9439833760 -0.0356499441 0.3280616105 0.3041163981 0.4798897505 -0.8229331970 -0.1280958802 0.8766041994 0.4638496935
227.7 -621.7 1975.9 0.9439833760 -0.0356499441 0.3280616105 0.3041163981 0.4798897505 -0.8229331970 -0.1280958802 0.8766041994 0.4638496935
42.2 -373.3 2194.2 0 0 0 0 0 0 0 0 0
174.7 -388.7 2156.9 0 0 0 0 0 0 0 0 0
-236.2 -856.1 1778.6 0 0 0 0 0 0 0 0 0
241.3 -805.2 1640.8 0 0 0 0 0 0 0 0 0
216.5 -52.8 2798.6 4 0.9781574011 0.1569222808 0.1363213956 0.0067448416 0.6315089464 -0.7753392458 -0.2077561915 0.7593232989 0.6166567206
185.3 -178.5 2647.5 0.9781574011 0.1569222808 0.1363213956 0.0067448416 0.6315089464 -0.7753392458 -0.2077561915 0.7593232989 0.6166567206
153.0 -304.0 2496.7 0.9772861600 0.1623258591 0.1362425387 0.0032991441 0.6311531663 -0.7756512165 -0.2118981481 0.7584826946 0.6162817478
47.8 -178.9 2677.3 0.3051333129 -0.3154364228 -0.8985508084 0.4502110779 0.8792302608 -0.1557695419 0.8391684294 -0.3570070565 0.4102954268
-40.4 -309.1 2434.6 -0.3210529089 -0.3154364228 -0.8929864764 0.2551485896 0.8792302608 -0.4023100436 0.9120439887 -0.3570070565 -0.2017962635
322.7 -178.0 2617.7 -0.0845525935 0.0557182841 0.9948599339 -0.4324031770 0.8974720836 -0.0870136619 -0.8977072835 -0.4375378191 -0.0517908260
298.8 -300.2 2363.9 -0.4796628952 0.0635120571 0.8751512766 -0.3453809023 0.9031969309 -0.2548477054 -0.8066198230 -0.4245015085 -0.4112941921
32.7 -429.8 2365.2 0.9416872263 0.3333674371 -0.0457306020 -0.1992378831 0.4428864121 -0.8741601110 -0.2711630762 0.8322966695 0.4834798872
-100.6 -607.0 2032.2 0.9247982502 0.3765299320 0.0545292087 -0.2314474136 0.6705364585 -0.7048496008 -0.3019607961 0.6392229795 0.7072578073
210.4 -429.1 2326.5 0.9334904552 -0.0416311212 0.3561775088 0.3310077190 0.4821118116 -0.8111732602 -0.1379473358 0.8751200438 0.4638269842
226.9 -620.8 1978.5 0.9334904552 -0.0416311212 0.3561775088 0.3310077190 0.4821118116 -0.8111732602 -0.1379473358 0.8751200438 0.4638269842
43.0 -375.4 2197.6 0 0 0 0 0 0 0 0 0
174.1 -390.0 2154.2 0 0 0 0 0 0 0 0 0
-244.5 -863.2 1787.9 0 0 0 0 0 0 0 0 0
242.8 -805.2 1644.0 0 0 0 0 0 0 0 0 0
216.1 -52.6 2797.7 5 0.9818552732 0.1494884193 0.1166767254 -0.0043096598 0.6327115893 -0.7743754983 -0.1895828992 0.7598218322 0.6218754649
186.4 -178.5 2646.4 0.9818552732 0.1494884193 0.1166767254 -0.0043096598 0.6327115893 -0.7743754983 -0.1895828992 0.7598218322 0.6218754649
156.2 -304.1 2495.3 0.9815379381 0.1517295241 0.1164537370 -0.0056416183 0.6315538883 -0.7753114104 -0.1911844462 0.7603405714 0.6207501292
48.3 -177.8 2673.3 0.3099635243 -0.3523496091 -0.8830472231 0.4656257331 0.8660395741 -0.1821212918 0.8289241791 -0.3547185659 0.4325037003
-38.0 -307.4 2442.6 -0.2931446135 -0.3523496091 -0.8887721896 0.2578196526 0.8660395741 -0.4283742607 0.9206493497 -0.3547185659 -0.1630321592
324.4 -179.3 2619.5 -0.0893909261 0.0727195218 0.9933384061 -0.4319876730 0.8958101869 -0.1044545025 -0.8974385262 -0.4384472370 -0.0486633629
299.3 -300.8 2367.2 -0.4744972885 0.0813913941 0.8764860034 -0.3387640119 0.9021419287 -0.2671681941 -0.8124600053 -0.4236925244 -0.4004914165
30.9 -430.7 2368.6 0.9473747015 0.3128997982 -0.0676377639 -0.2053379267 0.4318592846 -0.8782561421 -0.2455961704 0.8459262848 0.4733827710
-93.9 -602.9 2031.3 0.9216118455 0.3870094717 0.0292448234 -0.2540190518 0.6584485769 -0.7084629536 -0.2934380770 0.6454991698 0.7051417828
216.1 -430.2 2326.6 0.9399669766 -0.0306539629 0.3398859203 0.3122211397 0.4793122113 -0.8202303052 -0.1377681643 0.8771089911 0.4601084590
228.3 -620.8 1977.9 0.9399669766 -0.0306539629 0.3398859203 0.3122211397 0.4793122113 -0.8202303052 -0.1377681643 0.8771089911 0.4601084590
38.2 -374.4 2203.3 0 0 0 0 0 0 0 0 0
176.0 -388.9 2156.0 0 0 0 0 0 0 0 0 0
-241.8 -854.5 1784.6 0 0 0 0 0 0 0 0 0
240.0 -804.0 1642.6 0 0 0 0 0 0 0 0 0
217.0 -52.9 2798.2 6 0.9842803478 0.1487168521 0.0952653661 -0.0195663050 0.6279020309 -0.7780464292 -0.1755259186 0.7639518380 0.6209414601
187.4 -177.8 2646.2 0.9842803478 0.1487168521 0.0952653661 -0.0195663050 0.6279020309 -0.7780464292 -0.1755259186 0.7639518380 0.6209414601
157.9 -302.9 2494.5 0.9843067527 0.1484375596 0.0954281241 -0.0194546934 0.6287574172 -0.7773581147 -0.1753902733 0.7633023262 0.6217779517
48.9 -175.1 2670.9 0.3050651550 -0.3642955124 -0.8799000382 0.4717475474 0.8604245782 -0.1926753819 0.8272783756 -0.3563121259 0.4343410730
-36.7 -307.5 2438.7 -0.2933581769 -0.3642955124 -0.8838720322 0.2571018636 0.8604245782 -0.4399638474 0.9207820892 -0.3563121259 -0.1587515175
325.8 -180.6 2621.6 -0.0834995285 0.0932873860 0.9921317101 -0.4208051860 0.8991839290 -0.1199634597 -0.9032999873 -0.4275110364 -0.0358256213
302.0 -300.8 2363.5 -0.4893277884 0.0884652883 0.8676013947 -0.3416875899 0.8958573341 -0.2840584517 -0.8023763895 -0.4354463220 -0.4081404209
35.9 -429.7 2363.3 0.9412136078 0.3275111616 -0.0827853531 -0.2281069756 0.4354165494 -0.8708499670 -0.2491669655 0.8385397196 0.4845275581
-94.5 -603.0 2029.5 0.9284704328 0.3711832166 0.0128697501 -0.2517998517 0.6545630693 -0.7128421664 -0.2730191052 0.6586123109 0.7012063861
218.7 -429.7 2326.7 0.9467847347 -0.0259158295 0.3208224475 0.2931741178 0.4808263779 -0.8263503909 -0.1328443438 0.8764327168 0.4628369212
229.0 -620.8 1978.2 0.9467847347 -0.0259158295 0.3208224475 0.2931741178 0.4808263779 -0.8263503909 -0.1328443438 0.8764327168 0.4628369212
39.5 -374.4 2199.4 0 0 0 0 0 0 0 0 0
174.8 -389.6 2154.9 0 0 0 0 0 0 0 0 0
-236.3 -853.2 1777.8 0 0 0 0 0 0 0 0 0
238.9 -804.7 1643.2 0 0 0 0 0 0 0 0 0
217.6 -52.7 2798.0 7 0.9840101004 0.1536236107 0.0901326612 -0.0271793883 0.6296278834 -0.7764213085 -0.1760266721 0.7615566254 0.6237356067
186.9 -178.1 2646.2 0.9840101004 0.1536236107 0.0901326612 -0.0271793883 0.6296278834 -0.7764213085 -0.1760266721 0.7615566254 0.6237356067
156.5 -303.7 2495.1 0.9840866923 0.1529014856 0.0905238390 -0.0268643685 0.6316210628 -0.7748116851 -0.1756466329 0.7600499988 0.6256774664
48.5 -174.4 2670.9 0.3015252650 -0.3806869984 -0.8741624355 0.4759163260 0.8545441628 -0.2079854310 0.8261877298 -0.3533152938 0.4388417900
-35.7 -307.3 2440.2 -0.2863321602 -0.3806869984 -0.8792561293 0.2543709278 0.8545441628 -0.4528241754 0.9237474203 -0.3533152938 -0.1478477716
325.4 -181.9 2621.5 -0.0791687518 0.0998959392 0.9918432832 -0.4167005718 0.9005520344 -0.1239622757 -0.9055898190 -0.4231155813 -0.0296688862
303.1 -299.6 2365.9 -0.4868471622 0.0902913362 0.8688079715 -0.3449783623 0.8939083815 -0.2862127423 -0.8024772406 -0.4390618503 -0.4040482044
38.0 -426.3 2359.7 0.9391277432 0.3327383995 -0.0855817720 -0.2362032831 0.4444087744 -0.8641231656 -0.2494936734 0.8317367435 0.4959505200
-94.3 -603.1 2028.8 0.9296241403 0.3684261739 0.0078167003 -0.2537908554 0.6554642916 -0.7113063931 -0.2671874464 0.6592637897 0.7028385997
216.4 -431.7 2327.9 0.9483781457 -0.0301501043 0.3157052696 0.2912515998 0.4767438173 -0.8293900490 -0.1255043298 0.8785250783 0.4609147012
228.4 -621.3 1978.6 0.9483781457 -0.0301501043 0.3157052696 0.2912515998 0.4767438173 -0.8293900490 -0.1255043298 0.8785250783 0.4609147012
38.7 -373.4 2200.1 0 0 0 0 0 0 0 0 0
176.5 -389.2 2157.3 0 0 0 0 0 0 0 0 0
-235.2 -853.7 1776.8 0 0 0 0 0 0 0 0 0
239.9 -803.6 1642.8 0 0 0 0 0 0 0 0 0
216.2 -50.8 2798.9 8 0.9826977849 0.1441989541 0.1162401140 -0.0024837595 0.6377941370 -0.7702028751 -0.1851997226 0.7565879226 0.6271170378
187.6 -177.5 2648.6 0.9826977849 0.1441989541 0.1162401140 -0.0024837595 0.6377941370 -0.7702028751 -0.1851997226 0.7565879226 0.6271170378
158.2 -304.2 2498.3 0.9821485281 0.1479218155 0.1162039861 -0.0048816060 0.6375897527 -0.7703605890 -0.1880436093 0.7560412884 0.6269299388
49.4 -176.8 2675.1 0.3129052520 -0.3510118723 -0.8825423121 0.4606065452 0.8687030077 -0.1821995974 0.8306214213 -0.3494935632 0.4335000813
-39.7 -308.0 2438.4 -0.3030356169 -0.3510118723 -0.8859797120 0.2477684468 0.8687030077 -0.4289124608 0.9202066064 -0.3494935632 -0.1762782782
325.7 -178.2 2622.1 -0.0850770324 0.0732631758 0.9936771989 -0.4271643162 0.8983105421 -0.1028049663 -0.9001625180 -0.4332097769 -0.0451301783
301.6 -299.6 2366.3 -0.4826085865 0.0742632002 0.8726820350 -0.3462892175 0.8990299106 -0.2680093944 -0.8044704795 -0.4315440059 -0.4081630111
35.8 -426.9 2360.6 0.9417005777 0.3294625878 -0.0682236478 -0.2146281600 0.4320887029 -0.8759189844 -0.2591038942 0.8394961357 0.4776101410
-95.2 -598.8 2026.7 0.9301609993 0.3651593626 0.0381986238 -0.2370840162 0.6768218875 -0.6969242096 -0.2803420722 0.6391954422 0.7161267400
218.9 -431.4 2330.7 0.9398566484 -0.0257083364 0.3406002522 0.3110449612 0.4764555693 -0.8223388195 -0.1411399245 0.8788226247 0.4557963908
229.1 -620.9 1981.3 0.9398566484 -0.0257083364 0.3406002522 0.3110449612 0.4764555693 -0.8223388195 -0.1411399245 0.8788226247 0.4557963908
39.0 -372.4 2199.3 0 0 0 0 0 0 0 0 0
176.1 -389.6 2157.1 0 0 0 0 0 0 0 0 0
-234.7 -857.4 1782.5 0 0 0 0 0 0 0 0 0
238.9 -803.0 1645.3 0 0 0 0 0 0 0 0 0
217.4 -51.4 2798.3 9 0.9793726206 0.1589399874 0.1247693226 -0.0042191646 0.6334294081 -0.7737889886 -0.2020185739 0.7573013306 0.6210339665
185.8 -177.3 2647.7 0.9793726206 0.1589399874 0.1247693226 -0.0042191646 0.6334294081 -0.7737889886 -0.2020185739 0.7573013306 0.6210339665
153.8 -303.6 2497.6 0.9789981246 0.1609248966 0.1251630783 -0.0057044369 0.6353209615 -0.7722271085 -0.2037893087 0.7552949190 0.6228960752
48.1 -176.5 2676.4 0.3139133155 -0.3547719121 -0.8806788921 0.4612475932 0.8677385449 -0.1851497740 0.8298849463 -0.3480900526 0.4360323846
-40.1 -306.1 2443.3 -0.2886639237 -0.3547719121 -0.8892750144 0.2524579465 0.8677385449 -0.4281294048 0.9235464931 -0.3480900526 -0.1609198302
323.5 -178.1 2619.1 -0.0704257637 0.0676110089 0.9952230453 -0.4270317852 0.8996121287 -0.0913340226 -0.9014899135 -0.4314241707 -0.0344838202
303.5 -299.4 2363.2 -0.4955448210 0.0646284148 0.8661746383 -0.3505602777 0.8975175619 -0.2675251067 -0.7946966887 -0.4362170994 -0.4221040308
38.7 -430.6 2365.4 0.9397890568 0.3349700272 -0.0677611455 -0.2118785828 0.4155050516 -0.8845694065 -0.2681491077 0.8456658125 0.4614600837
-94.5 -595.8 2029.2 0.9335601330 0.3556462228 0.0445109978 -0.2240391672 0.6759617329 -0.7020556927 -0.2797712088 0.6454390287 0.7107295990
211.6 -430.5 2328.8 0.9372870326 -0.0392694212 0.3463393748 0.3219262362 0.4784621000 -0.8169685006 -0.1336283833 0.8772296906 0.4610981643
227.2 -620.7 1980.0 0.9372870326 -0.0392694212 0.3463393748 0.3219262362 0.4784621000 -0.8169685006 -0.1336283833 0.8772296906 0.4610981643
34.9 -371.7 2203.3 0 0 0 0 0 0 0 0 0
174.7 -390.5 2156.6 0 0 0 0 0 0 0 0 0
-230.4 -854.1 1782.5 0 0 0 0 0 0 0 0 0
242.3 -803.6 1644.7 0 0 0 0 0 0 0 0 0
217.1 -52.4 2797.6 0 0.9831911922 0.1534607112 0.0989185944 -0.0201174673 0.6295420527 -0.7767059207 -0.1814672649 0.7616604567 0.6220474243
186.5 -177.8 2645.8 0.9831911922 0.1534607112 0.0989185944 -0.0201174673 0.6295420527 -0.7767059207 -0.1814672649 0.7616604567 0.6220474243
156.4 -303.2 2494.5 0.9834712148 0.1515359581 0.0991022810 -0.0189606752 0.6305130124 -0.7759470344 -0.1800691634 0.7612425089 0.6229646206
48.2 -175.1 2671.2 0.3168841600 -0.4050442576 -0.8576267362 0.4801404178 0.8483102322 -0.2232373357 0.8179545403 -0.3410408795 0.4632941782
-38.9 -307.1 2446.4 -0.2747012079 -0.4050442576 -0.8720541000 0.2428620607 0.8483102322 -0.4705186188 0.9303532839 -0.3410408795 -0.1346619576
324.8 -180.5 2620.5 -0.0847544521 0.0908508599 0.9922513962 -0.4184219539 0.9005295634 -0.1181928441 -0.9042896628 -0.4251971543 -0.0383098982
300.6 -300.1 2361.9 -0.4905418158 0.0783916712 0.8678844571 -0.3546153009 0.8917932510 -0.2809853256 -0.7960004210 -0.4456001818 -0.4096629918
32.0 -429.5 2366.3 0.9464976192 0.3111112118 -0.0857441351 -0.2196231037 0.4263156056 -0.8775082231 -0.2364485860 0.8493908644 0.4718339145
-91.6 -598.9 2028.7 0.9253554940 0.3789608181 0.0102891130 -0.2594030499 0.6527420282 -0.7117850184 -0.2764547765 0.6559851170 0.7023220658
216.5 -430.3 2326.7 0.9456956387 -0.0299665537 0.3236692846 0.2977135777 0.4795680642 -0.8254581094 -0.1304853112 0.8769928813 0.4624468684
228.4 -620.9 1978.0 0.9456956387 -0.0299665537 0.3236692846 0.2977135777 0.4795680642 -0.8254581094 -0.1304853112 0.8769928813 0.4624468684
32.5 -370.2 2204.6 0 0 0 0 0 0 0 0 0
173.1 -392.3 2155.0 0 0 0 0 0 0 0 0 0
-236.4 -848.3 1778.1 0 0 0 0 0 0 0 0 0
239.9 -804.3 1642.7 0 0 0 0 0 0 0 0 0
216.5 -52.2 2798.2 1 0.9836562872 0.1495377570 0.1002936289 -0.0167188011 0.6304600835 -0.7760416269 -0.1792786419 0.7616813779 0.6226561069
186.6 -178.2 2645.9 0.9836562872 0.1495377570 0.1002936289 -0.0167188011 0.6304600835 -0.7760416269 -0.1792786419 0.7616813779 0.6226561069
157.0 -303.4 2494.4 0.9837704897 0.1488690376 0.1001678407 -0.0162363146 0.6298182011 -0.7765728831 -0.1786951870 0.7623431087 0.6220136881
48.2 -175.9 2671.1 0.2856206298 -0.3855496347 -0.8773667216 0.4653545022 0.8561224341 -0.2247211188 0.8377744555 -0.3441015780 0.4239434898
-32.7 -307.6 2434.1 -0.2586709261 -0.3855496347 -0.8856866360 0.2576898634 0.8561224341 -0.4479401112 0.9309593439 -0.3441015780 -0.1221017540
325.0 -180.5 2620.8 -0.0672074929 0.0892952681 0.9937351346 -0.4178034961 0.9019384980 -0.1093031317 -0.9060482383 -0.4225320220 -0.0233091526
305.9 -299.1 2363.6 -0.4992757738 0.0776525661 0.8629564047 -0.3481629789 0.8940488696 -0.2818850875 -0.7934142947 -0.4411878586 -0.4193411767
36.1 -426.8 2359.8 0.9414320588 0.3281594813 -0.0775696412 -0.2249987870 0.4399843216 -0.8693614602 -0.2511597872 0.8358978033 0.4880508184
-94.3 -601.7 2027.6 0.9343520999 0.3562155068 0.0098340912 -0.2382189333 0.6448956728 -0.7261964679 -0.2650244236 0.6761805415 0.6874168515
217.7 -430.2 2326.5 0.9452766180 -0.0276665632 0.3250948489 0.2979114652 0.4794951081 -0.8254290819 -0.1330446005 0.8771083355 0.4614976943
228.7 -620.8 1977.7 0.9452766180 -0.0276665632 0.3250948489 0.2979114652 0.4794951081 -0.8254290819 -0.1330446005 0.8771083355 0.4614976943
34.6 -374.6 2192.1 0 0 0 0 0 0 0 0 0
176.1 -389.6 2157.4 0 0 0 0 0 0 0 0 0
-230.4 -848.0 1769.3 0 0 0 0 0 0 0 0 0
239.2 -804.1 1642.4 0 0 0 0 0 0 0 0 0
216.2 -54.2 2795.5 2 0.9834278226 0.1417803317 0.1129959598 -0.0018386615 0.6310209036 -0.7757636905 -0.1812908500 0.7626997828 0.6208241582
187.9 -180.3 2643.1 0.9834278226 0.1417803317 0.1129959598 -0.0018386615 0.6310209036 -0.7757636905 -0.1812908500 0.7626997828 0.6208241582
159.0 -305.3 2491.2 0.9829503298 0.1453726888 0.1125853434 -0.0039335289 0.6287900805 -0.7775651813 -0.1838292778 0.7638650537 0.6186411977
49.6 -179.7 2669.0 0.2973107994 -0.3296299279 -0.8960750103 0.4543054700 0.8743023872 -0.1708855778 0.8397694826 -0.3562856615 0.4096922278
-33.9 -307.3 2433.1 -0.2653133273 -0.3296299279 -0.9060645700 0.2763865292 0.8743023872 -0.3990060687 0.9236987233 -0.3562856615 -0.1408587992
326.2 -180.8 2617.2 -0.0744110644 0.0760635808 0.9943225384 -0.4191204309 0.9023630619 -0.1003941447 -0.9048762918 -0.4242113233 -0.0352659896
305.1 -300.0 2360.0 -0.5063740015 0.0657315105 0.8598050475 -0.3503703773 0.8953915238 -0.2747993469 -0.7879251242 -0.4404014647 -0.4303725660
37.2 -427.2 2359.3 0.9410737753 0.3318912387 -0.0650254488 -0.2151025385 0.4390052557 -0.8723561764 -0.2609808743 0.8349386454 0.4845269918
-94.8 -601.7 2027.4 0.9321684837 0.3611368835 0.0253397096 -0.2317257822 0.6489785910 -0.7246584892 -0.2781458497 0.6696319580 0.6886421442
220.3 -430.6 2322.5 0.9411802888 -0.0227006357 0.3371414244 0.3058500290 0.4813911915 -0.8214123845 -0.1436503232 0.8762118220 0.4600189030
229.3 -622.0 1974.1 0.9411802888 -0.0227006357 0.3371414244 0.3058500290 0.4813911915 -0.8214123845 -0.1436503232 0.8762118220 0.4600189030
35.0 -379.1 2193.1 0 0 0 0 0 0 0 0 0
173.4 -391.1 2155.2 0 0 0 0 0 0 0 0 0
-232.8 -849.7 1771.5 0 0 0 0 0 0 0 0 0
238.0 -806.1 1639.2 0 0 0 0 0 0 0 0 0
215.6 -52.4 2796.1 3 0.9835628271 0.1436156780 0.1094474494 -0.0055726878 0.6299887300 -0.7765842676 -0.1804803312 0.7632095218 0.6204338074
186.9 -178.5 2643.4 0.9835628271 0.1436156780 0.1094474494 -0.0055726878 0.6299887300 -0.7765842676 -0.1804803312 0.7632095218 0.6204338074
157.6 -303.7 2491.9 0.9830258489 0.1472472548 0.1094460115 -0.0078986557 0.6299561858 -0.7765905261 -0.1832970083 0.7625440359 0.6204262972
48.5 -177.4 2669.2 0.3034912646 -0.3351414204 -0.8919491768 0.4650771916 0.8691214323 -0.1683186740 0.8316226602 -0.3637419641 0.4196373820
-37.1 -308.5 2434.7 -0.2772543728 -0.3351414204 -0.9004500508 0.2779978514 0.8691214323 -0.4090784490 0.9196994901 -0.3637419641 -0.1477991194
325.2 -179.6 2617.7 -0.0736547336 0.0790754408 0.9941439033 -0.4268437028 0.8984306455 -0.1030865461 -0.9013209343 -0.4319368601 -0.0324208178
304.1 -302.0 2359.2 -0.5047881007 0.0767258704 0.8598268032 -0.3418456316 0.8968486786 -0.2807205915 -0.7926730514 -0.4356324375 -0.4264901280
39.9 -429.9 2356.3 0.9374917746 0.3413585722 -0.0677019134 -0.2229110599 0.4396294951 -0.8700785041 -0.2672449648 0.8307828903 0.4882416427
-95.8 -604.7 2026.0 0.9299577475 0.3669458032 0.0230078641 -0.2365726233 0.6451057792 -0.7265479565 -0.2814462483 0.6702159047 0.6867304444
218.5 -429.7 2323.4 0.9422491789 -0.0263300184 0.3338761032 0.3042927086 0.4837374389 -0.8206120133 -0.1399016529 0.8748170137 0.4638132155
229.0 -622.0 1975.6 0.9422491789 -0.0263300184 0.3338761032 0.3042927086 0.4837374389 -0.8206120133 -0.1399016529 0.8748170137 0.4638132155
35.0 -380.8 2195.6 0 0 0 0 0 0 0 0 0
172.9 -390.8 2153.2 0 0 0 0 0 0 0 0 0
-236.0 -851.3 1769.8 0 0 0 0 0 0 0 0 0
239.1 -807.0 1641.1 0 0 0 0 0 0 0 0 0
215.7 -51.7 2797.0 4 0.9836177826 0.1451648027 0.1068796888 -0.0092187198 0.6326284409 -0.7744005919 -0.1800308377 0.7607288361 0.6236028075
186.7 -178.0 2645.0 0.9836177826 0.1451648027 0.1068796888 -0.0092187198 0.6326284409 -0.7744005919 -0.1800308377 0.7607288361 0.6236028075
157.0 -303.2 2493.4 0.9830403924 0.1494351476 0.1063047424 -0.0116923787 0.6295599937 -0.7768638730 -0.1830159873 0.7624456286 0.6206302047
48.4 -176.4 2670.7 0.3025213778 -0.3532390893 -0.8852699995 0.4677218795 0.8642907739 -0.1850343943 0.8304920197 -0.3580832779 0.4266840816
-37.4 -309.0 2435.3 -0.2749005556 -0.3532390893 -0.8942325115 0.2699683011 0.8642907739 -0.4244038165 0.9227929115 -0.3580832779 -0.1422306448
325.1 -179.7 2619.2 -0.0625374019 0.0829049572 0.9945933223 -0.4244048595 0.8997448683 -0.1016842648 -0.9033103585 -0.4284693003 -0.0210824367
307.1 -301.4 2360.1 -0.5091416240 0.0789759681 0.8570516706 -0.3385048211 0.8971578479 -0.2837644815 -0.7913212180 -0.4345924556 -0.4300466776
38.2 -428.2 2357.1 0.9391790628 0.3350173235 -0.0755383745 -0.2233879864 0.4288797677 -0.8753056526 -0.2608456910 0.8389431238 0.4776337445
-95.0 -598.7 2023.6 0.9348741770 0.3533335328 0.0341419913 -0.2318357080 0.6805673242 -0.6950398088 -0.2688167989 0.6418594122 0.7181601524
217.5 -429.4 2325.0 0.9434193969 -0.0254801977 0.3306215405 0.3011276424 0.4833459258 -0.8220090270 -0.1388596296 0.8750585318 0.4636707008
227.6 -621.6 1977.1 0.9434193969 -0.0254801977 0.3306215405 0.3011276424 0.4833459258 -0.8220090270 -0.1388596296 0.8750585318 0.4636707008
34.1 -379.2 2195.5 0 0 0 0 0 0 0 0 0
174.8 -389.4 2154.4 0 0 0 0 0 0 0 0 0
-229.9 -858.6 1778.5 0 0 0 0 0 0 0 0 0
237.4 -806.4 1642.5 0 0 0 0 0 0 0 0 0
217.0 -55.2 2795.9 5 0.9845039248 0.1558318734 0.0804267079 -0.0345934108 0.6221998930 -0.7820937634 -0.1719166189 0.7671921253 0.6179489493
185.9 -179.4 2642.8 0.9845039248 0.1558318734 0.0804267079 -0.0345934108 0.6221998930 -0.7820937634 -0.1719166189 0.7671921253 0.6179489493
155.4 -303.9 2490.9 0.9847726226 0.1536873132 0.0812596679 -0.0335095078 0.6264594197 -0.7787334323 -0.1705873311 0.7641523480 0.6220700145
47.4 -174.7 2666.8 0.3031151593 -0.4000028670 -0.8649386764 0.4830826521 0.8468710184 -0.2223523855 0.8214331269 -0.3504384756 0.4499339163
-36.8 -308.8 2438.8 -0.2677380145 -0.4000028670 -0.8765352368 0.2577092946 0.8468710184 -0.4651831388 0.9283869267 -0.3504384756 -0.1236551180
324.5 -184.1 2618.8 -0.0744786933 0.1088141501 0.9912680984 -0.4129890501 0.9014128447 -0.1299803406 -0.9076855183 -0.4190636277 -0.0221969970
303.5 -300.5 2363.0 -0.4917280078 0.0963265374 0.8654043674 -0.3413002193 0.8930131793 -0.2933284640 -0.8010728359 -0.4396005273 -0.4062433541
37.1 -427.3 2358.6 0.9371581674 0.3349539638 -0.0976749361 -0.2443068475 0.4301053882 -0.8690934777 -0.2490957975 0.8383407593 0.4849083424
-96.1 -598.3 2025.3 0.9376672506 0.3474818170 0.0060430611 -0.2433291674 0.6688316464 -0.7024636269 -0.2481351346 0.6572067142 0.7116940022
215.2 -431.5 2323.3 0.9513370395 -0.0311799832 0.3065708578 0.2833054066 0.4798778892 -0.8303344250 -0.1212267652 0.8767810464 0.4653590620
227.6 -622.3 1974.7 0.9513370395 -0.0311799832 0.3065708578 0.2833054066 0.4798778892 -0.8303344250 -0.1212267652 0.8767810464 0.4653590620
32.8 -375.8 2197.4 0 0 0 0 0 0 0 0 0
175.7 -389.2 2154.8 0 0 0 0 0 0 0 0 0
-228.8 -853.8 1774.2 0 0 0 0 0 0 0 0 0
239.5 -805.8 1639.5 0 0 0 0 0 0 0 0 0
217.9 -55.5 2795.3 6 0.9838725924 0.1578684151 0.0840969160 -0.0334118977 0.6240819097 -0.7806442380 -0.1757224351 0.7652446032 0.6192917824
186.5 -179.7 2643.0 0.9838725924 0.1578684151 0.0840969160 -0.0334118977 0.6240819097 -0.7806442380 -0.1757224351 0.7652446032 0.6192917824
155.3 -304.3 2491.2 0.9839822054 0.1569391787 0.0845522210 -0.0329764225 0.6263604760 -0.7788357139 -0.1751900166 0.7635722756 0.6215028763
48.0 -175.1 2667.6 0.3057855368 -0.3740523458 -0.8755455613 0.4727707207 0.8578652143 -0.2013830543 0.8264278769 -0.3523522913 0.4391637743
-38.3 -308.6 2434.3 -0.2783656418 -0.3740523458 -0.8846453428 0.2585594356 0.8578652143 -0.4440881908 0.9250186682 -0.3523522913 -0.1420854330
325.0 -184.4 2618.3 -0.0854549408 0.1061327010 0.9906731844 -0.4149471819 0.9001853466 -0.1322316974 -0.9058235288 -0.4223769009 -0.0328858197
301.0 -300.8 2364.2 -0.4812242389 0.0990044028 0.8709887266 -0.3390429914 0.8952539563 -0.2890850306 -0.8083767891 -0.4344173670 -0.3972511888
34.5 -425.4 2354.6 0.9395698905 0.3305892646 -0.0889900103 -0.2392361909 0.4480578303 -0.8614001870 -0.2448969632 0.8306352496 0.5000705123
-96.9 -603.5 2024.4 0.9440135956 0.3299018741 -0.0017454234 -0.2305839211 0.6560131907 -0.7186638117 -0.2359435260 0.6788309216 0.6953554749
214.4 -431.8 2323.3 0.9504407644 -0.0333630890 0.3091104925 0.2866249084 0.4792098105 -0.8295806646 -0.1204514056 0.8770660758 0.4650232196
227.6 -622.4 1974.5 0.9504407644 -0.0333630890 0.3091104925 0.2866249084 0.4792098105 -0.8295806646 -0.1204514056 0.8770660758 0.4650232196
34.1 -375.8 2193.9 0 0 0 0 0 0 0 0 0
175.9 -388.9 2154.1 0 0 0 0 0 0 0 0 0
-222.9 -854.1 1765.1 0 0 0 0 0 0 0 0 0
240.4 -805.6 1639.2 0 0 0 0 0 0 0 0 0
218.0 -55.1 2796.1 7 0.9835740328 0.1561300159 0.0905843601 -0.0275815651 0.6259418726 -0.7793818116 -0.1783854365 0.7640812397 0.6199665070
186.9 -179.7 2644.0 0.9835740328 0.1561300159 0.0905843601 -0.0275815651 0.6259418726 -0.7793818116 -0.1783854365 0.7640812397 0.6199665070
155.9 -304.5 2492.4 0.9835607409 0.1560031176 0.0909465626 -0.0276349485 0.6277466416 -0.7779269814 -0.1784504503 0.7626251578 0.6217381358
48.5 -175.8 2669.1 0.3045225441 -0.3678058684 -0.8786267042 0.4735934734 0.8588025570 -0.1953648031 0.8264231682 -0.3566188812 0.4357151985
-36.9 -308.6 2437.4 -0.2705382109 -0.3678058684 -0.8896785378 0.2680878043 0.8588025570 -0.4365628660 0.9246285558 -0.3566188812 -0.1337346286
325.3 -183.6 2618.9 -0.0838266909 0.1001718566 0.9914326668 -0.4115217328 0.9026488066 -0.1259959638 -0.9075367451 -0.4185579121 -0.0344431698
301.7 -299.7 2362.9 -0.4832828641 0.0893945843 0.8708882332 -0.3443539441 0.8951773047 -0.2829804718 -0.8048962951 -0.4366534054 -0.4018404782
33.8 -425.8 2355.4 0.9430350065 0.3225716949 -0.0814397857 -0.2300644517 0.4554630518 -0.8600138426 -0.2403233051 0.8297595382 0.5037298799
-94.4 -606.8 2025.6 0.9290269613 0.3699631393 -0.0060144248 -0.2553500235 0.6292850971 -0.7340276837 -0.2677783966 0.6834672689 0.6790929437
215.1 -431.9 2324.4 0.9484468699 -0.0324374326 0.3152718246 0.2915339172 0.4794991016 -0.8277007937 -0.1243240610 0.8769426346 0.4642360508
228.0 -622.5 1975.7 0.9484468699 -0.0324374326 0.3152718246 0.2915339172 0.4794991016 -0.8277007937 -0.1243240610 0.8769426346 0.4642360508
33.4 -378.3 2197.0 0 0 0 0 0 0 0 0 0
176.1 -389.2 2153.6 0 0 0 0 0 0 0 0 0
-235.6 -847.0 1764.7 0 0 0 0 0 0 0 0 0
240.4 -805.8 1640.4 0 0 0 0 0 0 0 0 0
216.4 -54.1 2797.4 8 0.9855148196 0.1486874670 0.0815633908 -0.0303591732 0.6278558969 -0.7777372599 -0.1668498516 0.7639954090 0.6232753396
186.7 -179.5 2644.9 0.9855148196 0.1486874670 0.0815633908 -0.0303591732 0.6278558969 -0.7777372599 -0.1668498516 0.7639954090 0.6232753396
157.6 -304.7 2493.2 0.9858254790 0.1464054435 0.0819364786 -0.0290350914 0.6298829913 -0.7761471272 -0.1652425528 0.7627665997 0.6252055764
48.0 -175.4 2668.1 0.3135432303 -0.3581367135 -0.8794479966 0.4733809233 0.8618118167 -0.1821836829 0.8231652975 -0.3591914177 0.4397503436
-39.2 -306.9 2439.3 -0.2734547853 -0.3581367135 -0.8927264810 0.2710204422 0.8618118167 -0.4287520349 0.9229140878 -0.3591914177 -0.1386041790
325.5 -183.5 2621.6 -0.0866536424 0.1071082503 0.9904640317 -0.4060565829 0.9040749669 -0.1332912296 -0.9097303152 -0.4137346148 -0.0348493755
300.8 -299.0 2362.9 -0.4802756011 0.0919836313 0.8722811341 -0.3467408419 0.8935682774 -0.2851429582 -0.8056712151 -0.4394026995 -0.3972645700
34.7 -426.8 2357.1 0.9401279688 0.3281911314 -0.0919238403 -0.2398135513 0.4453430176 -0.8626465201 -0.2421753109 0.8330427408 0.4973841012
-95.8 -603.8 2025.9 0.9339513779 0.3573768735 -0.0040675388 -0.2513285279 0.6486331820 -0.7184072137 -0.2541037798 0.6719797254 0.6956108809
219.0 -432.6 2326.4 0.9508128762 -0.0250773244 0.3087491095 0.2830091119 0.4755536616 -0.8329192996 -0.1259393841 0.8793292046 0.4592596591
228.9 -621.7 1976.8 0.9508128762 -0.0250773244 0.3087491095 0.2830091119 0.4755536616 -0.8329192996 -0.1259393841 0.8793292046 0.4592596591
31.9 -377.4 2199.4 0 0 0 0 0 0 0 0 0
176.0 -389.2 2153.5 0 0 0 0 0 0 0 0 0
-232.3 -851.5 1769.3 0 0 0 0 0 0 0 0 0
238.5 -803.5 1640.6 0 0 0 0 0 0 0 0 0
215.8 -50.8 2799.6 9 0.9877896309 0.1411671191 0.0659054965 -0.0392083190 0.6346705556 -0.7717875242 -0.1507792920 0.7597796321 0.6324558854
187.7 -177.2 2648.3 0.9877896309 0.1411671191 0.0659054965 -0.0392083190 0.6346705556 -0.7717875242 -0.1507792920 0.7597796321 0.6324558854
159.5 -303.2 2497.1 0.9876784682 0.1420417577 0.0656916425 -0.0397060029 0.6334732771 -0.7727451324 -0.1513759792 0.7606153488 0.6313078403
48.7 -171.6 2669.6 0.3171550333 -0.3737512529 -0.8716207147 0.4803013504 0.8557870984 -0.1921954155 0.8177550435 -0.3576848507 0.4509304166
-41.3 -308.1 2437.3 -0.2885466516 -0.3737512529 -0.8815048933 0.2592191994 0.8557870984 -0.4476984143 0.9217083454 -0.3576848507 -0.1500509977
326.7 -182.8 2627.0 -0.0917375758 0.1222319901 0.9882527590 -0.4030475318 0.9029524922 -0.1490957439 -0.9105695486 -0.4119905233 -0.0335693695
300.2 -299.2 2364.1 -0.4773117602 0.1047169715 0.8724722266 -0.3449477255 0.8908480406 -0.2956363559 -0.8081983328 -0.4420680106 -0.3890903592
38.1 -427.2 2356.8 0.9350568056 0.3377859592 -0.1075610369 -0.2585384250 0.4422027171 -0.8588449359 -0.2425419986 0.8308774829 0.5008153319
-96.2 -603.1 2026.4 0.9339135885 0.3572057486 -0.0144716604 -0.2606372237 0.6526119709 -0.7114533186 -0.2446908355 0.6682077646 0.7025843263
221.8 -432.7 2332.0 0.9554227591 -0.0197705161 0.2945784926 0.2686510086 0.4720313251 -0.8396505713 -0.1224499568 0.8813600540 0.4563008547
229.7 -620.4 1981.6 0.9554227591 -0.0197705161 0.2945784926 0.2686510086 0.4720313251 -0.8396505713 -0.1224499568 0.8813600540 0.4563008547
33.7 -375.5 2197.7 0 0 0 0 0 0 0 0 0
176.1 -388.8 2154.0 0 0 0 0 0 0 0 0 0
-232.7 -852.4 1771.1 0 0 0 0 0 0 0 0 0
237.3 -800.9 1644.6 0 0 0 0 0 0 0 0 0
217.7 -51.1 2798.2 0 0.9906587005 0.1265936047 0.0506887063 -0.0411431678 0.6318715811 -0.7739803195 -0.1300097108 0.7646648884 0.6311775446
192.5 -176.9 2645.9 0.9906587005 0.1265936047 0.0506887063 -0.0411431678 0.6318715811 -0.7739803195 -0.1300097108 0.7646648884 0.6311775446
167.7 -302.8 2494.1 0.9908482432 0.1250154227 0.0509013273 -0.0401903763 0.6332400441 -0.7729112506 -0.1288585961 0.7637919784 0.6324691772
53.1 -171.3 2664.1 0.3128363788 -0.4240610898 -0.8498856425 0.4928534925 0.8373813033 -0.2364063412 0.8119291067 -0.3449125886 0.4709633291
-33.1 -307.0 2440.4 -0.2484695017 -0.4240610898 -0.8708817959 0.2586607635 0.8373813033 -0.4815465808 0.9334653020 -0.3449125886 -0.0983757451
331.9 -182.6 2627.8 -0.1058246717 0.1311686337 0.9856956601 -0.4064759314 0.8989559412 -0.1632654071 -0.9075122476 -0.4179390669 -0.0418148190
302.1 -297.1 2372.1 -0.4688622952 0.1175369173 0.8754160404 -0.3425548971 0.8893386126 -0.3028745055 -0.8141402006 -0.4418844879 -0.3767144978
40.6 -425.5 2359.8 0.9318338037 0.3438115716 -0.1161004528 -0.2701565623 0.4436493516 -0.8545119762 -0.2422832251 0.8276284337 0.5062904358
-96.1 -601.9 2030.7 0.9364656806 0.3498941064 -0.0246200711 -0.2617176473 0.6502850652 -0.7131852508 -0.2335292399 0.6743170023 0.7005431056
233.7 -432.4 2330.5 0.9588650465 0.0023566801 0.2838525772 0.2487775832 0.4745866060 -0.8443205953 -0.1367024183 0.8802056313 0.4544782043
232.8 -621.1 1980.6 0.9588650465 0.0023566801 0.2838525772 0.2487775832 0.4745866060 -0.8443205953 -0.1367024183 0.8802056313 0.4544782043
31.5 -374.2 2198.0 0 0 0 0 0 0 0 0 0
180.2 -386.2 2160.4 0 0 0 0 0 0 0 0 0
-229.8 -850.4 1773.0 0 0 0 0 0 0 0 0 0
231.9 -802.5 1644.2 0 0 0 0 0 0 0 0 0
217.8 -53.2 2809.0 1 0.9923062325 0.1233291328 0.0108752828 -0.0684834421 0.6199445724 -0.7816513181 -0.1031424478 0.7748926878 0.6236208081
193.3 -176.4 2655.0 0.9923062325 0.1233291328 0.0108752828 -0.0684834421 0.6199445724 -0.7816513181 -0.1031424478 0.7748926878 0.6236208081
169.3 -300.3 2501.4 0.9925735593 0.1211135387 0.0113704875 -0.0671239644 0.6232547760 -0.7791327834 -0.1014502421 0.7725833654 0.6267557740
53.7 -166.9 2669.3 0.3088607788 -0.4399538338 -0.8432352543 0.4974064827 0.8303938508 -0.2510634959 0.8106736541 -0.3418869972 0.4753119648
-33.3 -307.1 2440.8 -0.2495177239 -0.4399538338 -0.8626595736 0.2526839077 0.8303938508 -0.4965852797 0.9348217845 -0.3418869972 -0.0960287377
332.8 -185.9 2640.7 -0.0922697037 0.1695492268 0.9811928272 -0.3804368973 0.9046363235 -0.1920959800 -0.9201924205 -0.3910065889 -0.0189677458
305.2 -299.9 2364.8 -0.4973987937 0.1353484094 0.8568986058 -0.3302430511 0.8838442564 -0.3312987089 -0.8022056818 -0.4477724135 -0.3949251771
51.9 -425.0 2354.2 0.9198995829 0.3651473224 -0.1430110037 -0.3074863851 0.4452810287 -0.8409381509 -0.2433862239 0.8175525665 0.5218916535
-93.2 -602.0 2029.2 0.9264471531 0.3738104701 -0.0442879573 -0.2963515222 0.6517617702 -0.6981278062 -0.2321022749 0.6599032879 0.7146021128
236.2 -430.4 2338.6 0.9689502120 0.0069765067 0.2471574992 0.2148871571 0.4707000852 -0.8557248116 -0.1223070249 0.8822656870 0.4545857906
233.4 -617.5 1987.8 0.9689502120 0.0069765067 0.2471574992 0.2148871571 0.4707000852 -0.8557248116 -0.1223070249 0.8822656870 0.4545857906
31.5 -372.8 2197.8 0 0 0 0 0 0 0 0 0
175.9 -385.7 2156.4 0 0 0 0 0 0 0 0 0
-236.1 -851.1 1777.0 0 0 0 0 0 0 0 0 0
230.8 -797.5 1650.5 0 0 0 0 0 0 0 0 0
216.1 -50.6 2803.9 2 0.9913061261 0.1244454607 0.0427254476 -0.0452773757 0.6275293231 -0.7772753239 -0.1235398576 0.7685832977 0.6277082562
191.3 -175.8 2650.6 0.9913061261 0.1244454607 0.0427254476 -0.0452773757 0.6275293231 -0.7772753239 -0.1235398576 0.7685832977 0.6277082562
166.9 -301.0 2498.1 0.9914836884 0.1229142398 0.0430365205 -0.0443749689 0.6295466423 -0.7756944299 -0.1224373952 0.7671786547 0.6296395659
51.8 -169.5 2667.8 0.3116489053 -0.4264592230 -0.8491215706 0.4924989045 0.8367189765 -0.2394707203 0.8126006126 -0.3435606658 0.4707932472
-33.7 -304.8 2444.7 -0.2399725318 -0.4264592230 -0.8720927238 0.2615568936 0.8367189765 -0.4811334610 0.9348803163 -0.3435606658 -0.0892462134
330.7 -182.1 2633.4 -0.0774713755 0.1393155903 0.9872128963 -0.3968481719 0.9040566683 -0.1587231755 -0.9146090150 -0.4040701687 -0.0147513738
309.0 -292.9 2377.9 -0.4893340468 0.1066589281 0.8655495644 -0.3549900055 0.8821865916 -0.3094008565 -0.7965766191 -0.4586617947 -0.3938210905
54.2 -418.1 2357.2 0.9245200157 0.3628922999 -0.1164985970 -0.2832575142 0.4497053027 -0.8470716476 -0.2550057173 0.8161337972 0.5185534954
-90.0 -596.8 2032.7 0.9232478142 0.3838792443 -0.0158176161 -0.2854478359 0.6577954888 -0.6970112324 -0.2571634054 0.6480292082 0.7168857455
233.4 -430.2 2334.4 0.9609104991 0.0016212639 0.2768543959 0.2429438680 0.4746309221 -0.8459928036 -0.1327752322 0.8801834583 0.4556839466
232.7 -618.9 1984.4 0.9609104991 0.0016212639 0.2768543959 0.2429438680 0.4746309221 -0.8459928036 -0.1327752322 0.8801834583 0.4556839466
28.6 -372.8 2201.7 0 0 0 0 0 0 0 0 0
181.9 -385.2 2170.9 0 0 0 0 0 0 0 0 0
-236.7 -848.2 1785.1 0 0 0 0 0 0 0 0 0
232.1 -800.4 1647.9 0 0 0 0 0 0 0 0 0
217.0 -54.4 2798.3 3 0.9883666635 0.1368196458 0.0664205998 -0.0335653611 0.6221778989 -0.7821560502 -0.1483397335 0.7708275318 0.6195322871
189.7 -178.4 2644.8 0.9883666635 0.1368196458 0.0664205998 -0.0335653611 0.6221778989 -0.7821560502 -0.1483397335 0.7708275318 0.6195322871
162.8 -302.5 2491.8 0.9885555506 0.1352795810 0.0667633638 -0.0327001922 0.6241924763 -0.7805859447 -0.1472705305 0.7694694400 0.6214725971
50.7 -173.8 2665.5 0.3014222085 -0.4499963522 -0.8406235576 0.4921866059 0.8285199404 -0.2670338750 0.8166376352 -0.3332537115 0.4712164700
-31.1 -307.3 2443.9 -0.2351057678 -0.4499963522 -0.8615269065 0.2500959337 0.8285199404 -0.5010057688 0.9392429590 -0.3332537115 -0.0822475478
328.7 -183.0 2624.0 -0.0733885840 0.1180263162 0.9902948737 -0.4119713604 0.9007047415 -0.1378789842 -0.9082366228 -0.4180918634 -0.0174779817
308.5 -296.2 2374.3 -0.4916974902 0.1087503135 0.8639484644 -0.3305060863 0.8946164250 -0.3007110357 -0.8056049347 -0.4333991110 -0.4039380252
51.6 -422.0 2356.8 0.9273062944 0.3607158959 -0.0999352485 -0.2633810937 0.4391118884 -0.8589593172 -0.2659575343 0.8228394389 0.5021969676
-91.8 -596.6 2029.7 0.9282456040 0.3719304204 0.0052800458 -0.2617124915 0.6631245017 -0.7012649179 -0.2643230855 0.6495642066 0.7128812671
226.6 -429.6 2325.4 0.9548051953 -0.0113862073 0.2970142066 0.2653700411 0.4827715158 -0.8345720172 -0.1338873953 0.8756723404 0.4639742970
231.1 -621.5 1977.3 0.9548051953 -0.0113862073 0.2970142066 0.2653700411 0.4827715158 -0.8345720172 -0.1338873953 0.8756723404 0.4639742970
30.0 -372.3 2199.8 0 0 0 0 0 0 0 0 0
180.8 -382.1 2165.0 0 0 0 0 0 0 0 0 0
-234.0 -850.1 1781.5 0 0 0 0 0 0 0 0 0
235.5 -806.1 1642.5 0 0 0 0 0 0 0 0 0
217.1 -51.6 2798.6 4 0.9866102934 0.1448580921 0.0749416724 -0.0332743116 0.6286092997 -0.7770091295 -0.1596650779 0.7641115785 0.6250124574
188.3 -176.9 2646.3 0.9866102934 0.1448580921 0.0749416724 -0.0332743116 0.6286092997 -0.7770091295 -0.1596650779 0.7641115785 0.6250124574
159.9 -302.0 2494.5 0.9869046211 0.1427514106 0.0751085728 -0.0319867469 0.6295774579 -0.7762789726 -0.1581015885 0.7637108564 0.6258990765
49.4 -172.4 2668.6 0.3046795130 -0.3948839903 -0.8667393327 0.4787531197 0.8501842618 -0.2190484256 0.8233868480 -0.3482145667 0.4480856657
-36.8 -307.8 2435.6 -0.2709116042 -0.3948839903 -0.8778801560 0.2544101179 0.8501842618 -0.4609362781 0.9283761978 -0.3482145667 -0.1298622936
327.1 -181.4 2624.1 -0.0744133294 0.1121656299 0.9908993244 -0.4142240286 0.9004009366 -0.1330284774 -0.9071279764 -0.4203534126 -0.0205401313
305.8 -299.7 2365.0 -0.5098949671 0.1071730405 0.8535344601 -0.3201253414 0.8973063231 -0.3039096594 -0.7984527946 -0.4282000065 -0.4232231677
45.3 -423.6 2352.4 0.9304170012 0.3537406623 -0.0958735347 -0.2566050589 0.4419680536 -0.8595452905 -0.2616830766 0.8243371844 0.5019862056
-95.3 -599.3 2024.7 0.9347961545 0.3549624383 0.0125628589 -0.2483834773 0.6785845757 -0.6912515163 -0.2538932860 0.6430588365 0.7225050330
222.0 -430.2 2328.2 0.9525539875 -0.0196624752 0.3037339747 0.2755844891 0.4793319106 -0.8332431316 -0.1292057782 0.8774133921 0.4620081782
229.9 -620.7 1979.4 0.9525539875 -0.0196624752 0.3037339747 0.2755844891 0.4793319106 -0.8332431316 -0.1292057782 0.8774133921 0.4620081782
33.6 -373.9 2194.5 0 0 0 0 0 0 0 0 0
173.3 -382.9 2157.5 0 0 0 0 0 0 0 0 0
-231.0 -858.7 1778.9 0 0 0 0 0 0 0 0 0
237.4 -804.0 1644.0 0 0 0 0 0 0 0 0 0
218.6 -55.6 2796.7 5 0.9840517044 0.1623507142 0.0726943836 -0.0436848216 0.6167143583 -0.7859739661 -0.1724351048 0.7702633739 0.6139710546
186.2 -178.5 2643.1 0.9840517044 0.1623507142 0.0726943836 -0.0436848216 0.6167143583 -0.7859739661 -0.1724351048 0.7702633739 0.6139710546
154.4 -302.0 2490.7 0.9843501449 0.1601067930 0.0736245662 -0.0425389744 0.6213183999 -0.7824026346 -0.1710122824 0.7670262456 0.6184056401
47.8 -172.5 2667.2 0.2996930778 -0.3830774724 -0.8737480640 0.4813020229 0.8514645100 -0.2082224637 0.8237307668 -0.3581338823 0.4395539761
-35.6 -306.4 2438.1 -0.2757664323 -0.3830774724 -0.8815920353 0.2646104991 0.8514645100 -0.4527576566 0.9240855575 -0.3581338823 -0.1334390044
324.7 -184.5 2619.1 -0.0673644468 0.1174107045 0.9907960296 -0.4128272533 0.9007771611 -0.1348115653 -0.9083147645 -0.4181091189 -0.0122100133
306.0 -299.3 2366.4 -0.5036156774 0.1102431715 0.8568650484 -0.3222461045 0.8962748051 -0.3047112226 -0.8015788794 -0.4295787811 -0.4158526063
34.5 -421.3 2351.5 0.9292528629 0.3542961776 -0.1047060490 -0.2591676116 0.4231688082 -0.8681936860 -0.2632893622 0.8339079022 0.4850529134
-108.3 -591.8 2015.4 0.9329360127 0.3598952293 0.0102876481 -0.2523714006 0.6740528345 -0.6942344308 -0.2567860782 0.6450799704 0.7196754217
212.9 -429.4 2322.6 0.9535405040 -0.0373319946 0.2989427745 0.2788612545 0.4848739207 -0.8289352655 -0.1140037477 0.8737869263 0.4727573991
227.7 -622.2 1975.2 0.9535405040 -0.0373319946 0.2989427745 0.2788612545 0.4848739207 -0.8289352655 -0.1140037477 0.8737869263 0.4727573991
36.1 -375.1 2198.0 0 0 0 0 0 0 0 0 0
175.1 -383.1 2158.1 0 0 0 0 0 0 0 0 0
-245.9 -849.5 1768.8 0 0 0 0 0 0 0 0 0
242.0 -807.5 1641.2 0 0 0 0 0 0 0 0 0
217.5 -56.0 2798.2 6 0.9811395407 0.1649834514 0.1007254943 -0.0215299129 0.6111106277 -0.7912523746 -0.1920979619 0.7741603851 0.6031368375
184.4 -178.4 2643.2 0.9811395407 0.1649834514 0.1007254943 -0.0215299129 0.6111106277 -0.7912523746 -0.1920979619 0.7741603851 0.6031368375
151.8 -300.7 2490.0 0.9812183380 0.1639363319 0.1016631797 -0.0212360099 0.6156222820 -0.7877551913 -0.1917278171 0.7708009481 0.6075412631
46.4 -175.4 2670.2 0.3123848438 -0.3656993806 -0.8767437935 0.4715409279 0.8608940244 -0.1910776645 0.8246604800 -0.3537307978 0.4413724542
-41.4 -307.9 2438.4 -0.2905927598 -0.3656993806 -0.8842057586 0.2554463446 0.8608940244 -0.4400098622 0.9221187830 -0.3537307978 -0.1567530036
322.4 -181.3 2616.3 -0.0555080101 0.0900549069 0.9943887591 -0.4214411378 0.9007449150 -0.1050996035 -0.9051553607 -0.4249101877 -0.0120457169
306.7 -300.7 2360.0 -0.5129426122 0.0846020207 0.8542437553 -0.3336378336 0.8972458243 -0.2891983390 -0.7909334302 -0.4333502054 -0.4320091903
29.1 -420.1 2351.1 0.9420551658 0.3281149268 -0.0698045567 -0.2207019925 0.4495133460 -0.8655797839 -0.2526315749 0.8308299184 0.4958819747
-102.2 -599.9 2018.7 0.9236623645 0.3821553588 0.0283742230 -0.2553692758 0.6690456867 -0.6979716420 -0.2857172489 0.6374442577 0.7155630589
209.2 -425.1 2319.2 0.9450844526 -0.0441006720 0.3238372207 0.3025578260 0.4927462339 -0.8158798218 -0.1235887185 0.8690548539 0.4790297747
226.7 -621.0 1973.7 0.9450844526 -0.0441006720 0.3238372207 0.3025578260 0.4927462339 -0.8158798218 -0.1235887185 0.8690548539 0.4790297747
34.1 -374.3 2198.8 0 0 0 0 0 0 0 0 0
173.4 -387.4 2154.4 0 0 0 0 0 0 0 0 0
-248.3 -855.6 1775.1 0 0 0 0 0 0 0 0 0
243.6 -809.3 1641.5 0 0 0 0 0 0 0 0 0
217.7 -56.6 2798.5 7 0.9846631289 0.1528234482 0.0841635168 -0.0287927277 0.6181340814 -0.7855451703 -0.1720740646 0.7710740566 0.6130540371
187.1 -180.1 2644.5 0.9846631289 0.1528234482 0.0841635168 -0.0287927277 0.6181340814 -0.7855451703 -0.1720740646 0.7710740566 0.6130540371
156.6 -303.5 2491.6 0.9844756722 0.1537775248 0.0846172273 -0.0295499228 0.6204206347 -0.7837123871 -0.1730156243 0.7690453529 0.6153331399
48.7 -176.0 2668.8 0.3334255517 -0.3898657262 -0.8583892584 0.4765080512 0.8553221226 -0.2033818662 0.8134909272 -0.3412166834 0.4709604084
-44.7 -309.4 2441.0 -0.2769227326 -0.3898657262 -0.8782473803 0.2444913238 0.8553221226 -0.4567801356 0.9292673469 -0.3412166834 -0.1415393353
325.6 -184.3 2620.2 -0.0728711858 0.1053529382 0.9917613268 -0.4095326662 0.9035422802 -0.1260726303 -0.9093804359 -0.4153457284 -0.0226967297
305.0 -300.2 2362.7 -0.4996231794 0.0975211486 0.8607358932 -0.3277219534 0.8985079527 -0.2920303643 -0.8018572330 -0.4279871881 -0.4169555902
35.6 -423.6 2353.0 0.9502732754 0.3002504408 -0.0826464370 -0.2214134485 0.4647818208 -0.8572945595 -0.2189904898 0.8329631090 0.5081492066
-84.6 -609.6 2019.5 0.9225245118 0.3858998120 0.0054675415 -0.2753763199 0.6681028605 -0.6912354231 -0.2704004943 0.6361759901 0.7226089239
216.3 -429.5 2322.9 0.9502044320 -0.0307101216 0.3101103008 0.2856172025 0.4838325381 -0.8272417188 -0.1246367618 0.8746216297 0.4685111940
228.5 -621.8 1975.2 0.9502044320 -0.0307101216 0.3101103008 0.2856172025 0.4838325381 -0.8272417188 -0.1246367618 0.8746216297 0.4685111940
27.2 -373.0 2199.5 0 0 0 0 0 0 0 0 0
175.1 -385.4 2154.3 0 0 0 0 0 0 0 0 0
-232.1 -865.0 1776.4 0 0 0 0 0 0 0 0 0
240.2 -806.8 1640.9 0 0 0 0 0 0 0 0 0
