54.4 342.7 2349.0 2 0.5016193390 0.4389484227 -0.7454544306 -0.2965865731 0.8967447281 0.3284588754 0.8126588464 0.0563304536 0.5800107121
-32.3 165.6 2337.9 0.5016193390 0.4389484227 -0.7454544306 -0.2965865731 0.8967447281 0.3284588754 0.8126588464 0.0563304536 0.5800107121
-112.3 -11.0 2329.7 0.5137763023 0.4127198756 -0.7521277666 -0.2707982659 0.9098802209 0.3143028319 0.8140652180 0.0421935469 0.5792387128
-102.4 202.6 2226.8 0.0622500218 0.4961196482 -0.8660197854 0.9459825158 0.2472980022 0.2096682340 0.3181854784 -0.8322914243 -0.4539262056
-117.9 -33.2 2147.5 -0.6773650646 0.4961196482 -0.5431775451 0.7099245787 0.2472980022 -0.6594321728 -0.1928305179 -0.8322914243 -0.5197185874
37.8 128.6 2449.0 0.0522529967 0.9423217177 -0.3306046426 -0.9965944886 0.0703525916 0.0430112667 0.0637893453 0.3272312880 0.9427887201
50.1 -105.1 2463.9 0.3209777176 0.9423217177 -0.0948847383 -0.4670935571 0.0703525916 -0.8814046383 -0.8238913417 0.3272312880 0.4627340138
-244.8 -157.9 2255.3 0.3042623103 -0.1754598767 -0.9362896085 -0.0847232863 0.9740104675 -0.2100609243 0.9488131404 0.1432391554 0.2814891338
-176.7 -536.0 2199.7 0.3190338612 0.1886673123 -0.9287744761 -0.0124808978 0.9807366729 0.1949355006 0.9476611018 -0.0505990908 0.3152429461
-148.7 -207.7 2397.8 -0.9260858893 -0.0342487842 -0.3757551610 -0.0257339589 0.9992861748 -0.0276575796 0.3764341772 -0.0159436278 -0.9263061881
-135.4 -595.5 2404.0 -0.8897612095 0.2617053092 -0.3739456236 0.2001761943 0.9600394368 0.1955856979 0.4101883769 0.0991695523 -0.9065930247
70.3 -230.4 2201.0 0 0 0 0 0 0 0 0 0
131.4 -223.4 2255.4 0 0 0 0 0 0 0 0 0
-247.1 -902.0 2218.6 0 0 0 0 0 0 0 0 0
-233.0 -953.7 2367.0 0 0 0 0 0 0 0 0 0
49.3 343.9 2350.5 3 0.4768995345 0.4256411493 -0.7690230608 -0.2870860696 0.9023714662 0.3214145899 0.8307517171 0.0674933195 0.5525361896
-34.7 165.8 2337.2 0.4768995345 0.4256411493 -0.7690230608 -0.2870860696 0.9023714662 0.3214145899 0.8307517171 0.0674933195 0.5525361896
-112.9 -11.5 2326.7 0.4873049557 0.4030850232 -0.7746330500 -0.2642853260 0.9135627747 0.3091217875 0.8322783113 0.0540875793 0.5517131090
-101.2 201.9 2223.6 0.0682080686 0.4901310802 -0.8689759374 0.9471358061 0.2418846190 0.2107739300 0.3134987652 -0.8374146819 -0.4477221966
-118.5 -38.0 2144.2 -0.7098206282 0.4901310802 -0.5058915019 0.6683507562 0.2418846190 -0.7034195662 -0.2224004120 -0.8374146819 -0.4992741942
31.8 129.7 2450.8 0.0680943504 0.9774331450 -0.1999688745 -0.8688114285 0.1566247344 0.4697183669 0.4904384017 0.1417500675 0.8598703742
49.3 -94.8 2577.5 0.1860966980 0.9774331450 0.0999620259 -0.3208997846 0.1566247344 -0.9340727925 -0.9286502600 0.1417500675 0.3428054452
-238.3 -163.3 2248.7 0.2702080905 -0.1529308259 -0.9505786300 -0.0717722178 0.9813579321 -0.1782843769 0.9601230621 0.1163990200 0.2541946471
-179.0 -544.0 2203.5 0.2821842730 0.1871909946 -0.9409205914 -0.0117761865 0.9813812375 0.1917086989 0.9592879415 -0.0430167243 0.2791347504
-146.4 -211.9 2394.4 -0.9389927983 -0.0155683840 -0.3435843289 -0.0135965180 0.9998743534 -0.0081476243 0.3436680138 -0.0029790099 -0.9390864968
-140.3 -599.9 2395.6 -0.9048485160 0.2533785105 -0.3421235681 0.2177940160 0.9659890532 0.1393948644 0.3658072948 0.0516187698 -0.9292580485
78.9 -223.8 2206.0 0 0 0 0 0 0 0 0 0
95.2 -173.9 2348.6 0 0 0 0 0 0 0 0 0
-248.9 -910.4 2219.6 0 0 0 0 0 0 0 0 0
-234.8 -960.0 2376.3 0 0 0 0 0 0 0 0 0
48.4 346.0 2349.7 4 0.4463352859 0.4245848358 -0.7877261639 -0.2685455382 0.9032521248 0.3346922100 0.8536205888 0.0621554106 0.5171736479
-35.4 167.7 2337.5 0.4463352859 0.4245848358 -0.7877261639 -0.2685455382 0.9032521248 0.3346922100 0.8536205888 0.0621554106 0.5171736479
-112.9 -10.1 2328.2 0.4574422240 0.3991372287 -0.7946295142 -0.2440198213 0.9156456590 0.3194485903 0.8551028967 0.0477760844 0.5162523389
-97.8 201.0 2220.8 0.0752497762 0.4904436469 -0.8682180047 0.9503293037 0.2284337431 0.2114053667 0.3020127118 -0.8410012126 -0.4488933980
-117.2 -43.0 2143.2 -0.7244867682 0.4904436469 -0.4843386412 0.6432112455 0.2284337431 -0.7308195829 -0.2477865517 -0.8410012126 -0.4809561074
27.0 134.3 2454.1 0.0589912981 0.9607880116 -0.2709361613 -0.9310380220 0.1508647054 0.3322770298 0.3601225019 0.2326504290 0.9034298658
39.9 -69.9 2533.1 0.2759539485 0.9607880116 -0.0271257106 -0.6023181081 0.1508647054 -0.7838703990 -0.7490409613 0.2326504290 0.6203317046
-234.7 -165.2 2241.8 0.2372272015 -0.1405923069 -0.9612268806 -0.0605547316 0.9854078889 -0.1590737849 0.9695650339 0.0959434658 0.2252520174
-180.1 -547.5 2204.6 0.2470989078 0.1983902901 -0.9484637380 -0.0132594416 0.9794172049 0.2014104128 0.9688995481 -0.0371921919 0.2446434647
-147.5 -212.5 2390.8 -0.9506614804 -0.0228140969 -0.3093902171 -0.0132371690 0.9993670583 -0.0330184661 0.3099476695 -0.0272939336 -0.9503617883
-138.6 -600.3 2401.3 -0.9141005874 0.2643505335 -0.3074718118 0.2194280922 0.9601430297 0.1731377095 0.3409859538 0.0907973275 -0.9356732368
84.6 -222.1 2212.2 0 0 0 0 0 0 0 0 0
104.9 -211.9 2356.6 0 0 0 0 0 0 0 0 0
-254.2 -913.0 2218.4 0 0 0 0 0 0 0 0 0
-237.1 -958.2 2367.5 0 0 0 0 0 0 0 0 0
48.0 348.3 2350.3 5 0.4767507613 0.4299956858 -0.7666892409 -0.2902672887 0.9002757072 0.3244202733 0.8297310472 0.0678771958 0.5540208220
-37.1 170.0 2336.9 0.4767507613 0.4299956858 -0.7666892409 -0.2902672887 0.9002757072 0.3244202733 0.8297310472 0.0678771958 0.5540208220
-115.4 -7.3 2326.4 0.4882718623 0.4031840861 -0.7739723325 -0.2651868165 0.9134895802 0.3085655570 0.8314244151 0.0545833744 0.5529503822
-103.7 206.2 2223.5 0.0697692335 0.5156247616 -0.8539691567 0.9475311637 0.2334505767 0.2183702141 0.3119567037 -0.8243979216 -0.4722828865
-122.0 -41.8 2141.9 -0.7173066735 0.5156247616 -0.4686172903 0.6438515186 0.2334505767 -0.7286673188 -0.2663199306 -0.8243979216 -0.4994414747
29.5 133.8 2450.3 0.0995578170 0.9527582526 -0.2869494259 -0.9851223230 0.1349769086 0.1063732207 0.1400795132 0.2720899880 0.9520214200
53.4 -102.8 2484.0 0.2804670036 0.9527582526 -0.1165761352 -0.7348085046 0.1349769086 -0.6647087336 -0.6175716519 0.2720899880 0.7379514575
-231.3 -165.9 2242.5 0.2697833478 -0.1268994510 -0.9545226693 -0.0599534139 0.9871413112 -0.1481810063 0.9610528350 0.0972036570 0.2587062418
-182.0 -549.0 2204.8 0.2798148990 0.1922407001 -0.9406099916 -0.0106211184 0.9803068638 0.1971943080 0.9599952102 -0.0451875776 0.2763462961
-149.4 -209.6 2395.5 -0.9380425811 -0.0408196375 -0.3441074193 -0.0335836783 0.9990720749 -0.0269649494 0.3448888361 -0.0137378760 -0.9385430217
-133.6 -597.3 2400.8 -0.8950114846 0.2822955251 -0.3453457355 0.2351495475 0.9565337896 0.1724754423 0.3790239096 0.0731596127 -0.9224904180
78.0 -221.3 2216.1 0 0 0 0 0 0 0 0 0
120.9 -279.8 2335.3 0 0 0 0 0 0 0 0 0
-253.8 -914.9 2221.6 0 0 0 0 0 0 0 0 0
-238.9 -954.0 2373.5 0 0 0 0 0 0 0 0 0
46.7 349.8 2350.7 6 0.4962544441 0.4198369682 -0.7599134445 -0.2996004820 0.9043427110 0.3039799035 0.8148441911 0.0768190622 0.5745674372
-35.8 172.0 2335.6 0.4962544441 0.4198369682 -0.7599134445 -0.2996004820 0.9043427110 0.3039799035 0.8148441911 0.0768190622 0.5745674372
-112.6 -5.9 2323.1 0.5068512559 0.3952296376 -0.7660909295 -0.2759296000 0.9163284898 0.2901808619 0.8166790605 0.0643086061 0.5734978318
-105.0 209.6 2224.1 0.1020372584 0.5058316588 -0.8565762043 0.9424778223 0.2263726294 0.2459492534 0.3183143139 -0.8324000239 -0.4536366463
-131.5 -35.3 2141.4 -0.7199647427 0.5058316588 -0.4751685560 0.6423180103 0.2263726294 -0.7322451472 -0.2628276050 -0.8324000239 -0.4878850877
33.4 134.3 2447.0 0.0719811097 0.9454376101 -0.3177521825 -0.9844794273 0.1184703857 0.1294796318 0.1600591242 0.3035004139 0.9392915368
52.1 -122.1 2488.7 0.2907606363 0.9454376101 -0.1469897181 -0.7270855904 0.1184703857 -0.6762480140 -0.6219363809 0.3035004139 0.7218605876
-237.3 -160.8 2241.4 0.2860646546 -0.1455367655 -0.9470934868 -0.0553408228 0.9842391610 -0.1679602265 0.9566109180 0.1004604176 0.2735019028
-180.9 -542.8 2202.5 0.2948505580 0.1908313930 -0.9362940192 -0.0117112063 0.9805032015 0.1961539090 0.9554716349 -0.0468709543 0.2913367748
-143.7 -209.1 2386.3 -0.9308689237 -0.0596629009 -0.3604488969 -0.0486012138 0.9980295897 -0.0396838002 0.3621063232 -0.0194221623 -0.9319344163
-120.5 -596.4 2393.9 -0.8877397776 0.2807019651 -0.3648622334 0.2307102084 0.9571499228 0.1750338227 0.3983601928 0.0712070540 -0.9144608974
69.4 -214.5 2214.7 0 0 0 0 0 0 0 0 0
124.0 -301.9 2334.9 0 0 0 0 0 0 0 0 0
-252.1 -908.8 2219.9 0 0 0 0 0 0 0 0 0
-225.3 -953.5 2367.3 0 0 0 0 0 0 0 0 0
47.7 351.8 2350.3 7 0.5165076852 0.4370996654 -0.7363176346 -0.3219950199 0.8959324956 0.3059805930 0.7934349179 0.0790492818 0.6034999490
-38.6 174.8 2334.7 0.5165076852 0.4370996654 -0.7363176346 -0.3219950199 0.8959324956 0.3059805930 0.7934349179 0.0790492818 0.6034999490
-118.9 -1.3 2321.6 0.5269986391 0.4138103127 -0.7423163056 -0.2997564077 0.9078226089 0.2932646871 0.7952474952 0.0679639652 0.6024635434
-110.5 215.8 2226.2 0.1125358045 0.5223594904 -0.8452669382 0.9390937686 0.2220778465 0.2622676194 0.3247130513 -0.8232994080 -0.4655528665
-139.9 -30.0 2141.2 -0.6946060658 0.5223594904 -0.4946341515 0.6708599329 0.2220778465 -0.7075510025 -0.2597486973 -0.8232994080 -0.5046866536
33.3 133.9 2443.2 0.0487259887 0.9381145835 -0.3428801894 -0.9783028960 0.1140347347 0.1729725748 0.2013683468 0.3270124197 0.9233166575
46.4 -129.7 2497.5 0.3067641258 0.9381145835 -0.1607383490 -0.7118526101 0.1140347347 -0.6930093765 -0.6317924261 0.3270124197 0.7027810812
-234.7 -159.0 2237.5 0.3094043136 -0.1409910023 -0.9404203892 -0.0378643088 0.9863365293 -0.1603325009 0.9501764178 0.0852159336 0.2998382449
-180.0 -541.8 2204.4 0.3111823797 0.1978699416 -0.9295229912 -0.0291238911 0.9796108603 0.1987822801 0.9499038458 -0.0347862169 0.3106004000
-140.8 -208.8 2381.8 -0.9214017987 -0.0382736921 -0.3867219090 0.0007017794 0.9949727058 -0.1001440510 0.3886106312 -0.0925443023 -0.9167428017
-126.0 -593.9 2417.6 -0.8842719793 0.2803874910 -0.3734245598 0.1830349416 0.9437952638 0.2752248645 0.4296059310 0.1750238836 -0.8858923912
53.8 -217.1 2213.7 0 0 0 0 0 0 0 0 0
123.3 -308.0 2339.2 0 0 0 0 0 0 0 0 0
-253.8 -907.5 2217.4 0 0 0 0 0 0 0 0 0
-230.1 -944.2 2352.6 0 0 0 0 0 0 0 0 0
45.0 351.8 2358.1 8 0.5054144263 0.4349786341 -0.7452179790 -0.3295717835 0.8954787850 0.2991658747 0.7974576354 0.0944000706 0.5959445834
-40.6 175.5 2339.6 0.5054144263 0.4349786341 -0.7452179790 -0.3295717835 0.8954787850 0.2991658747 0.7974576354 0.0944000706 0.5959445834
-121.4 -0.2 2323.2 0.5141451359 0.4164960384 -0.7497905493 -0.3111082613 0.9052092433 0.2894958556 0.7992911935 0.0844231546 0.5949842930
-110.8 218.0 2230.4 0.1307757944 0.5170205235 -0.8459240198 0.9348130822 0.2198654264 0.2788972259 0.3301850259 -0.8272538781 -0.4545644522
-145.0 -26.5 2144.1 -0.6903370619 0.5170205235 -0.5060875416 0.6785093546 0.2198654264 -0.7009167075 -0.2511171699 -0.8272538781 -0.5025845170
29.6 133.0 2448.7 0.0558777303 0.9395769238 -0.3377467990 -0.9777715802 0.1199642271 0.1719630063 0.2020900100 0.3206303418 0.9253949523
44.8 -133.1 2503.7 0.3084590137 0.9395769238 -0.1484865695 -0.7029078603 0.1199642271 -0.7010914087 -0.6409162283 0.3206303418 0.6974400282
-246.4 -150.7 2237.3 0.2925846577 -0.1734946221 -0.9403690100 -0.0323420055 0.9810450077 -0.1910620183 0.9556925297 0.0863152370 0.2814275622
-179.1 -531.3 2203.8 0.2936168313 0.1916933805 -0.9365056157 -0.0270819701 0.9809619784 0.1923023164 0.9555394650 -0.0311007816 0.2932184041
-150.6 -204.5 2378.7 -0.9260560870 -0.0527424738 -0.3736822009 -0.0205149166 0.9957571626 -0.0897038504 0.3768279254 -0.0754047409 -0.9232090116
-130.1 -590.4 2407.9 -0.8862072229 0.2759934664 -0.3721079826 0.2064824551 0.9542992711 0.2160505503 0.4147309363 0.1146317795 -0.9026947618
47.6 -215.9 2214.1 0 0 0 0 0 0 0 0 0
122.6 -310.3 2342.1 0 0 0 0 0 0 0 0 0
-250.7 -897.4 2215.4 0 0 0 0 0 0 0 0 0
-232.7 -945.0 2365.3 0 0 0 0 0 0 0 0 0
44.7 353.2 2354.6 9 0.5429644585 0.4353539348 -0.7180923223 -0.3472365737 0.8949866295 0.2800459266 0.7646021247 0.0972929224 0.6371167302
-40.6 177.8 2335.5 0.5429644585 0.4353539348 -0.7180923223 -0.3472365737 0.8949866295 0.2800459266 0.7646021247 0.0972929224 0.6371167302
-120.7 1.9 2317.4 0.5511760116 0.4123246968 -0.7253918648 -0.3297879100 0.9062345624 0.2645352185 0.7664495707 0.0934200138 0.6354744434
-115.8 222.8 2231.0 0.1246393248 0.5062638521 -0.8533240557 0.9391762614 0.2171926498 0.2660361826 0.3200202286 -0.8345803022 -0.4484002590
-148.7 -25.5 2146.4 -0.6907642484 0.5062638521 -0.5162767768 0.6814988852 0.2171926498 -0.6988466382 -0.2416692525 -0.8345803022 -0.4950471818
34.6 132.8 2440.0 0.0434055589 0.9402562976 -0.3376892507 -0.9734206200 0.1158833951 0.1975432336 0.2248738408 0.3201392293 0.9202948809
46.6 -137.6 2502.5 0.3054130971 0.9402562976 -0.1504690349 -0.7026416659 0.1158833951 -0.7020439506 -0.6426643729 0.3201392293 0.6960555911
-248.3 -148.0 2235.3 0.3274355829 -0.1854791045 -0.9264898300 -0.0204938576 0.9789190292 -0.2032180279 0.9446512461 0.0855281651 0.3167317212
-176.3 -527.9 2202.1 0.3252022862 0.2011494637 -0.9240034223 -0.0314632095 0.9788755774 0.2020213306 0.9451209307 -0.0366256870 0.3246614039
-155.5 -203.8 2377.9 -0.9101026654 -0.0381753892 -0.4126206338 -0.0088625010 0.9973127842 -0.0727230236 0.4142880738 -0.0625285655 -0.9079953432
-140.6 -590.6 2402.2 -0.8807125688 0.2385601252 -0.4091874957 0.1798501015 0.9676317573 0.1770388931 0.4381772280 0.0823279694 -0.8951104879
44.1 -215.7 2213.8 0 0 0 0 0 0 0 0 0
123.9 -315.4 2339.9 0 0 0 0 0 0 0 0 0
-251.4 -893.3 2215.8 0 0 0 0 0 0 0 0 0
-229.4 -950.5 2371.6 0 0 0 0 0 0 0 0 0
41.9 353.5 2353.8 0 0.5528455377 0.4310776293 -0.7131155729 -0.3487364352 0.8969327211 0.2718356550 0.7567989826 0.0984062552 0.6461977363
-42.0 178.9 2334.6 0.5528455377 0.4310776293 -0.7131155729 -0.3487364352 0.8969327211 0.2718356550 0.7567989826 0.0984062552 0.6461977363
-122.0 3.0 2316.9 0.5608971715 0.4123070538 -0.7179117203 -0.3315198123 0.9064604044 0.2615801692 0.7586098909 0.0912823901 0.6451190114
-118.6 224.1 2231.1 0.1220889315 0.4982651770 -0.8583857417 0.9412491322 0.2162462920 0.2593986392 0.3148720264 -0.8396245241 -0.4425903857
-150.6 -22.7 2148.5 -0.6754682660 0.4982651770 -0.5435755849 0.7039474845 0.2162462920 -0.6765319109 -0.2195461094 -0.8396245241 -0.4968200326
34.6 133.6 2438.2 0.0620492771 0.9449611306 -0.3212449551 -0.9872075319 0.1054717824 0.1195699051 0.1468711942 0.3097161949 0.9394172430
50.8 -124.0 2476.5 0.2979520857 0.9449611306 -0.1351775527 -0.6685067415 0.1054717824 -0.7361891270 -0.6814126968 0.3097161949 0.6631384492
-250.1 -144.5 2230.7 0.3361606598 -0.1918300688 -0.9220613837 -0.0085516404 0.9783747196 -0.2066634744 0.9417658448 0.0773572698 0.3272506297
-175.6 -524.2 2200.6 0.3300293088 0.2019392997 -0.9221177697 -0.0390701257 0.9789350629 0.2003986686 0.9431617856 -0.0301101767 0.3309670687
-151.1 -203.5 2367.5 -0.9057497978 -0.0449918322 -0.4214178622 0.0069250367 0.9926452041 -0.1208616942 0.4237562120 -0.1123887897 -0.8987766504
-133.6 -588.2 2411.1 -0.8711076379 0.2678212225 -0.4116348922 0.1883603930 0.9563093185 0.2235907465 0.4535326362 0.1172358915 -0.8834952712
37.9 -219.2 2209.7 0 0 0 0 0 0 0 0 0
126.2 -293.2 2304.0 0 0 0 0 0 0 0 0 0
-251.0 -889.6 2211.9 0 0 0 0 0 0 0 0 0
-233.3 -944.1 2367.4 0 0 0 0 0 0 0 0 0
43.6 349.2 2352.4 1 0.5768427253 0.4329059720 -0.6927083731 -0.3578278720 0.8962413073 0.2621273398 0.7343103886 0.0966641158 0.6718961000
-40.2 175.7 2333.7 0.5768427253 0.4329059720 -0.6927083731 -0.3578278720 0.8962413073 0.2621273398 0.7343103886 0.0966641158 0.6718961000
-119.5 -0.7 2315.9 0.5863652825 0.4081031978 -0.6997339129 -0.3373946846 0.9083666801 0.2470522076 0.7364377975 0.0912236869 0.6703265309
-120.3 221.7 2233.1 0.1255869418 0.5220050812 -0.8436460495 0.9388225675 0.2123489827 0.2711458504 0.3206868768 -0.8260863423 -0.4634019136
-152.9 -22.2 2149.8 -0.6497886181 0.5220050812 -0.5525264144 0.7263973355 0.2123489827 -0.6536473632 -0.2238788158 -0.8260863423 -0.5171650648
39.8 129.6 2434.2 0.0069083669 0.9438724518 -0.3302378356 -0.9817326069 0.0691963434 0.1772369593 0.1901403368 0.3229808509 0.9271084070
41.5 -104.8 2479.6 0.2938138545 0.9438724518 -0.1509243846 -0.6226621866 0.0691963434 -0.7794252038 -0.7252345681 0.3229808509 0.6080445647
-252.3 -143.3 2231.3 0.3621026278 -0.1982528120 -0.9108114243 -0.0047461577 0.9767158031 -0.2144848406 0.9321261644 0.0819883794 0.3527304232
-175.3 -522.5 2199.4 0.3571426570 0.2021106482 -0.9119212627 -0.0293071531 0.9782530665 0.2053340822 0.9335899353 -0.0466077402 0.3552991748
-151.7 -202.7 2366.9 -0.8936059475 -0.0451097675 -0.4465797842 0.0185156036 0.9903855324 -0.1370902061 0.4484702349 -0.1307733208 -0.8841791749
-134.2 -586.8 2417.7 -0.8640165925 0.2605611086 -0.4307937324 0.1658124626 0.9551929832 0.2451786548 0.4753751755 0.1404074430 -0.8685068488
28.4 -224.8 2212.3 0 0 0 0 0 0 0 0 0
115.8 -262.3 2296.1 0 0 0 0 0 0 0 0 0
-250.8 -887.6 2216.8 0 0 0 0 0 0 0 0 0
-231.3 -942.7 2365.3 0 0 0 0 0 0 0 0 0
51.6 355.1 2359.7 2 0.5298931599 0.4592638016 -0.7129446268 -0.3614288867 0.8828014135 0.3000514209 0.7671912313 0.0986835808 0.6337816119
-38.4 182.2 2340.3 0.5298931599 0.4592638016 -0.7129446268 -0.3614288867 0.8828014135 0.3000514209 0.7671912313 0.0986835808 0.6337816119
-122.7 8.4 2322.3 0.5401951075 0.4345594347 -0.7206575871 -0.3409275413 0.8959425092 0.2847023010 0.7693878412 0.0918972120 0.6321370602
-112.1 228.6 2235.4 0.1681707352 0.5155928731 -0.8401682377 0.9328472018 0.1922410429 0.3046957850 0.3186137676 -0.8349894881 -0.4486400187
-157.4 -23.0 2149.5 -0.6422581077 0.5155928731 -0.5671582818 0.7317582369 0.1922410429 -0.6538908482 -0.2281103432 -0.8349894881 -0.5007576942
35.3 135.8 2445.3 0.0150620760 0.9481779933 -0.3173824549 -0.9906225801 0.0572592132 0.1240493655 0.1357939392 0.3125377893 0.9401490092
38.8 -95.5 2477.0 0.2824539542 0.9481779933 -0.1455275267 -0.6024042368 0.0572592132 -0.7961347699 -0.7465446591 0.3125377893 0.5873594880
-251.2 -146.8 2232.3 0.3227280974 -0.1953652203 -0.9261096120 -0.0178667232 0.9770337939 -0.2123339474 0.9463230968 0.0850726813 0.3118257225
-175.3 -526.1 2199.3 0.3224874437 0.2010579854 -0.9249743223 -0.0190389287 0.9783615470 0.2060247213 0.9463822246 -0.0488298647 0.3193372488
-146.1 -207.2 2364.1 -0.9109966755 -0.0355322547 -0.4108802378 0.0107224649 0.9939041734 -0.1097248867 0.4122743607 -0.1043646485 -0.9050623775
-132.3 -592.7 2404.5 -0.8720721602 0.2790984511 -0.4019877315 0.2136917561 0.9561525583 0.2002699673 0.4402566552 0.0887484029 -0.8934751153
21.8 -227.2 2213.2 0 0 0 0 0 0 0 0 0
110.3 -248.1 2287.9 0 0 0 0 0 0 0 0 0
-250.4 -891.3 2217.5 0 0 0 0 0 0 0 0 0
-236.3 -948.8 2371.5 0 0 0 0 0 0 0 0 0
56.2 357.8 2362.8 3 0.5531791449 0.4528886080 -0.6992029548 -0.3692355454 0.8856637478 0.2815400660 0.7467650175 0.1024284959 0.6571533084
-32.3 184.7 2342.8 0.5531791449 0.4528886080 -0.6992029548 -0.3692355454 0.8856637478 0.2815400660 0.7467650175 0.1024284959 0.6571533084
-115.6 10.4 2324.1 0.5631731153 0.4289657176 -0.7062750459 -0.3490190506 0.8982046247 0.2672341764 0.7490138412 0.0960043296 0.6555619240
-109.2 232.3 2240.6 0.2107079923 0.5151125193 -0.8308196068 0.9161949754 0.1922924370 0.3515827358 0.3408649862 -0.8352740407 -0.4314259291
-165.0 -10.5 2150.3 -0.6258878708 0.5151125193 -0.5855967402 0.7501837611 0.1922924370 -0.6326515079 -0.2132808864 -0.8352740407 -0.5067825317
44.5 137.1 2445.0 -0.0108864345 0.9446401596 -0.3279275000 -0.9953901768 0.0210138019 0.0935777947 0.0952883437 0.3274345398 0.9400568008
41.9 -100.5 2467.7 0.2736165524 0.9446401596 -0.1810771525 -0.6012015939 0.0210138019 -0.7988210320 -0.7507933378 0.3274345398 0.5736688972
-255.3 -135.0 2235.6 0.3446171880 -0.2149169594 -0.9138105512 -0.0170685090 0.9718447924 -0.2350028008 0.9385881424 0.0965833887 0.3312461376
-171.9 -512.2 2198.1 0.3427164853 0.2017177492 -0.9175267816 -0.0263633635 0.9783557653 0.2052436769 0.9390689135 -0.0461512990 0.3406166136
-158.7 -195.9 2373.1 -0.8972671032 -0.0840018690 -0.4334228933 -0.0449377857 0.9940103292 -0.0996198654 0.4391950667 -0.0699085593 -0.8956676126
-126.1 -581.0 2400.2 -0.8505851030 0.2899883687 -0.4386476576 0.2203412801 0.9539787769 0.2034064233 0.4774460793 0.0763622746 -0.8753365278
9.6 -219.9 2209.8 0 0 0 0 0 0 0 0 0
111.3 -252.9 2277.4 0 0 0 0 0 0 0 0 0
-247.2 -877.5 2215.3 0 0 0 0 0 0 0 0 0
-234.2 -936.6 2371.7 0 0 0 0 0 0 0 0 0
55.5 357.5 2357.4 4 0.5113396049 0.4513502717 -0.7313102484 -0.3362960815 0.8882060051 0.3130415678 0.7908455729 0.0858662203 0.6059622765
-32.8 183.6 2340.6 0.5113396049 0.4513502717 -0.7313102484 -0.3362960815 0.8882060051 0.3130415678 0.7908455729 0.0858662203 0.6059622765
-115.1 8.6 2324.6 0.5207921863 0.4235614836 -0.7411957979 -0.3169534802 0.9021092057 0.2928130627 0.7926638722 0.0824298188 0.6040607095
-103.8 226.7 2232.6 0.2756969333 0.4915103912 -0.8260803223 0.9028485417 0.1625642926 0.3980419040 0.3299328983 -0.8555643559 -0.3989409804
-172.3 2.5 2150.7 -0.5996880531 0.4915103912 -0.6314996481 0.7755686641 0.1625642926 -0.6099722385 -0.1971483976 -0.8555643559 -0.4786879122
38.1 140.5 2448.5 0.0246683452 0.9653180838 -0.2599084973 -0.9981426597 0.0382692255 0.0473991744 0.0557017773 0.2582564950 0.9644692540
44.2 -106.9 2462.4 0.2321580052 0.9653180838 -0.1194303408 -0.5783375502 0.0382692255 -0.8148994446 -0.7820667028 0.2582564950 0.5671642423
-249.2 -132.7 2238.3 0.3060348630 -0.2034176290 -0.9300343394 -0.0410655998 0.9731761217 -0.2263665795 0.9511342049 0.1074684858 0.2894723713
-170.3 -510.5 2196.6 0.3166563213 0.2111744434 -0.9247346520 0.0062304940 0.9744186997 0.2246539146 0.9485198855 -0.0768996328 0.3072401285
-148.4 -195.1 2372.3 -0.9210333228 -0.0220383145 -0.3888598084 -0.0110414969 0.9994740486 -0.0304920599 0.3893272877 -0.0237906091 -0.9207922220
-139.9 -581.5 2381.5 -0.8870515227 0.2489841878 -0.3887755871 0.2339867055 0.9684004784 0.0863175020 0.3979821503 -0.0144002447 -0.9172801375
-5.0 -213.8 2205.7 0 0 0 0 0 0 0 0 0
103.0 -253.4 2264.3 0 0 0 0 0 0 0 0 0
-249.1 -874.0 2225.3 0 0 0 0 0 0 0 0 0
-232.3 -941.0 2386.9 0 0 0 0 0 0 0 0 0
59.7 353.7 2354.7 5 0.5018818974 0.4727889597 -0.7242825031 -0.3305511177 0.8786622286 0.3445121944 0.7992812395 0.0665079430 0.5972656012
-33.2 181.0 2341.6 0.5018818974 0.4727889597 -0.7242825031 -0.3305511177 0.8786622286 0.3445121944 0.7992812395 0.0665079430 0.5972656012
-118.9 7.5 2327.9 0.5099480152 0.4413152039 -0.7383725047 -0.3149041533 0.8945570588 0.3171798289 0.8004925847 0.0707713366 0.5951495767
-102.8 224.0 2232.4 0.2908559442 0.4868757427 -0.8236230016 0.8976853490 0.1589474231 0.4109705091 0.3310043216 -0.8588874936 -0.3908303976
-174.4 2.9 2150.9 -0.5916299224 0.4868757427 -0.6425932050 0.7834046483 0.1589474231 -0.6008434892 -0.1903975755 -0.8588874936 -0.4754587710
36.4 138.1 2450.8 0.0370707810 0.9799191952 -0.1959185451 -0.9986417890 0.0435096473 0.0286624711 0.0366112515 0.1945898980 0.9802011847
45.5 -108.0 2459.8 0.1844314933 0.9799191952 -0.0757848546 -0.5686954856 0.0435096473 -0.8213965893 -0.8016049266 0.1945898980 0.5653002262
-243.9 -138.2 2237.8 0.3024789095 -0.1870707422 -0.9346181154 -0.0454757512 0.9766019583 -0.2101918459 0.9520705938 0.1060810611 0.2868943214
-171.3 -517.2 2196.6 0.3093360662 0.2180271447 -0.9256216288 -0.0154926842 0.9743885994 0.2243365049 0.9508265853 -0.0550550036 0.3047913611
-150.9 -194.7 2379.4 -0.9226261973 -0.0403233655 -0.3835817575 -0.0120548252 0.9970488548 -0.0758176446 0.3855069578 -0.0653273314 -0.9203894138
-135.3 -580.6 2404.6 -0.8883624077 0.2572318614 -0.3803209066 0.1949881017 0.9612841010 0.1947113723 0.4156824052 0.0988162160 -0.9041258097
-9.3 -215.7 2204.0 0 0 0 0 0 0 0 0 0
92.2 -252.0 2256.8 0 0 0 0 0 0 0 0 0
-252.7 -880.8 2217.1 0 0 0 0 0 0 0 0 0
-230.4 -936.2 2368.1 0 0 0 0 0 0 0 0 0
56.9 347.7 2353.3 6 0.5329526067 0.4739303887 -0.7009646893 -0.3489591479 0.8777987957 0.3281718194 0.7708365917 0.0697079897 0.6332075596
-36.2 175.2 2339.6 0.5329526067 0.4739303887 -0.7009646893 -0.3489591479 0.8777987957 0.3281718194 0.7708365917 0.0697079897 0.6332075596
-123.3 2.2 2326.5 0.5420529842 0.4483767152 -0.7107297778 -0.3315038681 0.8912637830 0.3094414771 0.7721940875 0.0678759888 0.6317508221
-110.1 220.4 2234.3 0.2677217126 0.4912377298 -0.8288609982 0.9011712670 0.1767100394 0.3958079219 0.3409038484 -0.8529121280 -0.3953802288
-175.3 1.0 2151.3 -0.5928289294 0.4912377298 -0.6381530762 0.7852396965 0.1767100394 -0.5934409499 -0.1787525266 -0.8529121280 -0.4904982150
37.7 130.0 2444.9 0.0360108986 0.9770485759 -0.2099506408 -0.9979835749 0.0461472198 0.0435806885 0.0522690862 0.2079578936 0.9767402411
46.4 -111.7 2457.6 0.1983040720 0.9770485759 -0.0777916983 -0.5535639524 0.0461472198 -0.8315271735 -0.8088525534 0.2079578936 0.5500100255
-250.2 -137.9 2242.5 0.3393574357 -0.2034940422 -0.9183826447 -0.0475297943 0.9713633060 -0.2327964604 0.9394559264 0.1226517484 0.3199673295
-171.2 -514.9 2194.9 0.3464878798 0.2109310329 -0.9140318632 -0.0154285654 0.9755406976 0.2192768157 0.9379275441 -0.0618745610 0.3412674069
-159.0 -194.2 2385.7 -0.9033973217 -0.0648204982 -0.4238768518 -0.0538587496 0.9978327155 -0.0378038175 0.4254086614 -0.0113223884 -0.9049305320
-133.9 -580.3 2390.1 -0.8651241064 0.2601675391 -0.4288043082 0.2336831689 0.9655626416 0.1143718064 0.4437932670 -0.0012585399 -0.8961282969
-9.8 -218.2 2201.2 0 0 0 0 0 0 0 0 0
96.7 -252.0 2252.6 0 0 0 0 0 0 0 0 0
-250.0 -879.0 2218.0 0 0 0 0 0 0 0 0 0
-230.1 -937.3 2390.5 0 0 0 0 0 0 0 0 0
51.2 346.7 2352.1 7 0.5290490389 0.4487007558 -0.7202602029 -0.3364199102 0.8901234269 0.3074117303 0.7790563107 0.0796739906 0.6218708158
-36.6 172.4 2336.5 0.5290490389 0.4487007558 -0.7202602029 -0.3364199102 0.8901234269 0.3074117303 0.7790563107 0.0796739906 0.6218708158
-120.5 -2.1 2322.3 0.5362809896 0.4321733415 -0.7250027061 -0.3217330873 0.8987850547 0.2977804542 0.7803143859 0.0735633522 0.6210458279
-109.8 216.3 2230.0 0.2620022297 0.4896299541 -0.8316353559 0.9089982510 0.1642439961 0.3830745518 0.3241558969 -0.8563214540 -0.4020404816
-173.4 -4.1 2151.4 -0.5866870880 0.4896299541 -0.6450277567 0.7885851860 0.1642439961 -0.5925852656 -0.1842055619 -0.8563214540 -0.4824747443
36.5 128.4 2443.1 0.0489066839 0.9781039953 -0.2022886276 -0.9981803298 0.0550157763 0.0246848296 0.0352733955 0.2007132620 0.9790148139
48.7 -119.2 2451.8 0.1965044588 0.9781039953 -0.0685459673 -0.5617821217 0.0550157763 -0.8254538774 -0.8036086559 0.2007132620 0.5602921844
-258.8 -141.1 2244.3 0.3277398050 -0.2295093834 -0.9164671898 -0.0469185486 0.9648938179 -0.2584154308 0.9436022639 0.1276923269 0.3054658771
-169.7 -515.5 2194.7 0.3338076770 0.2099393159 -0.9189656973 -0.0193313491 0.9762034416 0.2159934044 0.9424429536 -0.0543354116 0.3299226165
-161.8 -200.4 2382.4 -0.9093095660 -0.0775317624 -0.4088336229 -0.0582182333 0.9965293407 -0.0594967715 0.4120275974 -0.0302994139 -0.9106674194
-131.8 -586.6 2394.1 -0.8671837449 0.2735635340 -0.4161193371 0.2413309067 0.9617820382 0.1293625236 0.4356049895 0.0117586274 -0.9000611305
-9.6 -224.3 2202.9 0 0 0 0 0 0 0 0 0
98.5 -261.7 2248.0 0 0 0 0 0 0 0 0 0
-248.1 -879.9 2215.0 0 0 0 0 0 0 0 0 0
-233.4 -943.8 2389.7 0 0 0 0 0 0 0 0 0
47.4 347.5 2352.1 8 0.5514423251 0.4419980049 -0.7074949741 -0.3365414739 0.8938919902 0.2961367369 0.7633159161 0.0747990757 0.6416805387
-39.3 172.2 2337.4 0.5514423251 0.4419980049 -0.7074949741 -0.3365414739 0.8938919902 0.2961367369 0.7633159161 0.0747990757 0.6416805387
-121.5 -3.2 2324.6 0.5600856543 0.4238493145 -0.7117975950 -0.3186007142 0.9033307433 0.2872058451 0.7647206187 0.0659193695 0.6409812570
-115.7 215.7 2233.0 0.2275878042 0.5086566806 -0.8303446174 0.9140800834 0.1823322922 0.3622327447 0.3356507421 -0.8414412141 -0.4234563112
-171.7 -9.1 2150.5 -0.5917485356 0.5086566806 -0.6253815293 0.7839310169 0.1823322922 -0.5934703946 -0.1878454387 -0.8414412141 -0.5066465735
37.2 128.7 2441.8 0.0474751405 0.9810135961 -0.1880383641 -0.9980822802 0.0540758073 0.0301268604 0.0397231840 0.1862474829 0.9816995263
49.0 -120.4 2451.7 0.1853138208 0.9810135961 -0.0571935922 -0.5445793867 0.0540758073 -0.8369641900 -0.8179804683 0.1862474829 0.5442607999
-252.4 -147.7 2238.2 0.3500933647 -0.2078740299 -0.9133580923 -0.0349268802 0.9714903831 -0.2344921380 0.9360634089 0.1139948890 0.3328519464
-171.7 -524.6 2194.0 0.3553623855 0.2134255320 -0.9100368619 -0.0113471765 0.9744973183 0.2241120785 0.9346597195 -0.0693146512 0.3487214744
-156.4 -205.3 2377.9 -0.9011101723 -0.0533494428 -0.4302955866 -0.0198185779 0.9964321852 -0.0820375085 0.4331369996 -0.0653969869 -0.8989524841
-135.7 -591.4 2403.2 -0.8661475778 0.2546506226 -0.4300481379 0.2002189308 0.9651916623 0.1682777554 0.4579309225 0.0596495904 -0.8869843483
-6.5 -228.0 2202.9 0 0 0 0 0 0 0 0 0
96.0 -258.6 2244.2 0 0 0 0 0 0 0 0 0
-251.4 -888.3 2219.9 0 0 0 0 0 0 0 0 0
-230.4 -950.4 2381.1 0 0 0 0 0 0 0 0 0
45.3 344.8 2353.0 9 0.5266958475 0.4404437542 -0.7270494103 -0.3188418448 0.8952139616 0.3113388419 0.7879920006 0.0678329021 0.6119373441
-41.3 168.8 2339.7 0.5266958475 0.4404437542 -0.7270494103 -0.3188418448 0.8952139616 0.3113388419 0.7879920006 0.0678329021 0.6119373441
-122.8 -7.0 2328.8 0.5367797613 0.4199602902 -0.7317792177 -0.2977338433 0.9058088064 0.3014382124 0.7894441485 0.0560695194 0.6112562418
-114.5 209.5 2232.0 0.2299138308 0.5044826865 -0.8322480917 0.9127503633 0.1849401295 0.3642580211 0.3376779258 -0.8433827162 -0.4179464579
-169.8 -10.0 2150.8 -0.5895662904 0.5044826865 -0.6308001280 0.7874099016 0.1849401295 -0.5880329609 -0.1799921989 -0.8433827162 -0.5062691569
32.0 128.2 2447.4 0.0679679289 0.9840460420 -0.1644193530 -0.9974635243 0.0705153570 0.0096997609 0.0211391002 0.1633430421 0.9863428473
48.9 -120.8 2452.7 0.1758995652 0.9840460420 -0.0266966000 -0.5233705044 0.0705153570 -0.8491824865 -0.8337521553 0.1633430421 0.5274243355
-253.9 -150.0 2243.3 0.3295122087 -0.2037899196 -0.9218955636 -0.0497246049 0.9713268876 -0.2324899882 0.9428409934 0.1224491820 0.3099306822
-174.8 -526.9 2195.8 0.3380350173 0.1988840997 -0.9198790193 -0.0092441067 0.9780705571 0.2080685049 0.9410881400 -0.0618309788 0.3324606121
-153.6 -207.0 2380.2 -0.9127079248 -0.0518824011 -0.4053054452 -0.0361394100 0.9982687831 -0.0464041494 0.4070113301 -0.0277059339 -0.9130028486
-133.5 -593.9 2391.0 -0.8721057773 0.2694946826 -0.4084165990 0.2453484386 0.9629974365 0.1115353405 0.4233623147 -0.0029337665 -0.9059557319
-5.2 -229.9 2201.0 0 0 0 0 0 0 0 0 0
93.6 -253.6 2241.2 0 0 0 0 0 0 0 0 0
-249.0 -892.0 2218.9 0 0 0 0 0 0 0 0 0
-233.7 -952.0 2392.1 0 0 0 0 0 0 0 0 0
44.5 343.2 2352.0 0 0.5221451521 0.4382674098 -0.7316325307 -0.3216217756 0.8957102299 0.3070221245 0.7898885012 0.0749988556 0.6086471081
-41.3 167.7 2337.3 0.5221451521 0.4382674098 -0.7316325307 -0.3216217756 0.8957102299 0.3070221245 0.7898885012 0.0749988556 0.6086471081
-122.6 -8.2 2324.9 0.5317862630 0.4186302423 -0.7361739278 -0.3013511896 0.9059231877 0.2974737287 0.7914485335 0.0636544302 0.6079122424
-113.9 208.8 2229.2 0.2055342048 0.5155708790 -0.8318307400 0.9202029109 0.1875264645 0.3435991704 0.3331399858 -0.8360744715 -0.4358867109
-163.8 -14.5 2148.4 -0.5851054788 0.5155708790 -0.6259698868 0.7898907661 0.1875264645 -0.5838719010 -0.1836414188 -0.8360744715 -0.5169674158
31.3 126.5 2445.4 0.0729867592 0.9882652760 -0.1341815740 -0.9969480038 0.0760326609 0.0177106075 0.0277049597 0.1324794143 0.9907984734
49.5 -122.7 2452.3 0.1527238935 0.9882652760 -0.0026782840 -0.5070580840 0.0760326609 -0.8585518003 -0.8482732773 0.1324794143 0.5127198696
-252.4 -156.1 2247.3 0.3260485232 -0.2052130550 -0.9228109121 -0.0676345825 0.9685896039 -0.2392899692 0.9429305196 0.1404340714 0.3019277155
-172.7 -532.0 2192.8 0.3410234749 0.2082175016 -0.9167052507 -0.0012070122 0.9752576947 0.2210679054 0.9400539994 -0.0742828697 0.3328370750
-156.3 -209.4 2388.6 -0.9143849611 -0.0640450567 -0.3997478187 -0.0561686046 0.9979273677 -0.0314012654 0.4009304047 -0.0062595657 -0.9160871506
-131.5 -596.4 2391.0 -0.8692993522 0.2836163640 -0.4048214853 0.2486730963 0.9587488174 0.1377038956 0.4271771908 0.0190376900 -0.9039674997
-0.4 -235.1 2199.7 0 0 0 0 0 0 0 0 0
88.3 -251.3 2237.1 0 0 0 0 0 0 0 0 0
-250.5 -896.0 2220.5 0 0 0 0 0 0 0 0 0
-237.1 -953.5 2383.9 0 0 0 0 0 0 0 0 0
45.1 344.1 2352.0 1 0.5426425934 0.4350453019 -0.7185225487 -0.3349444270 0.8965408206 0.2898736894 0.7702929974 0.0833673105 0.6322172284
-40.1 168.6 2335.7 0.5426425934 0.4350453019 -0.7185225487 -0.3349444270 0.8965408206 0.2898736894 0.7702929974 0.0833673105 0.6322172284
-120.6 -7.5 2321.7 0.5526041389 0.4144788682 -0.7230739594 -0.3137936592 0.9072022438 0.2802098989 0.7721154094 0.0720508769 0.6313845515
-115.5 211.4 2230.3 0.1611046493 0.5195434093 -0.8391185403 0.9303396940 0.2038373351 0.3048251271 0.3294135630 -0.8297740221 -0.4505127668
-156.1 -22.6 2147.4 -0.5906774402 0.5195434093 -0.6173934937 0.7873869538 0.2038373351 -0.5817835331 -0.1764139682 -0.8297740221 -0.5294838548
35.4 125.8 2441.1 0.0570353121 0.9840637445 -0.1684206575 -0.9976106882 0.0627625436 0.0288759489 0.0389862806 0.1663712859 0.9852921963
49.6 -123.6 2450.8 0.1750180274 0.9840637445 -0.0314203054 -0.5072010756 0.0627625436 -0.8595393896 -0.8438695073 0.1663712859 0.5101027489
-251.5 -157.0 2241.7 0.3449329138 -0.2054898590 -0.9158576131 -0.0648028627 0.9681997299 -0.2416400313 0.9363876581 0.1426997930 0.3206476271
-171.7 -532.8 2186.3 0.3681197464 0.2097464353 -0.9058113694 0.0338689499 0.9705513120 0.2385016531 0.9291613102 -0.1184760481 0.3501752019
-156.2 -211.0 2383.5 -0.9053331614 -0.0660928860 -0.4195277989 -0.0517612956 0.9976239204 -0.0454668887 0.4215360284 -0.0194473788 -0.9066030979
-130.6 -598.0 2391.0 -0.8576640487 0.2905838192 -0.4242327809 0.2464389354 0.9563794732 0.1568633914 0.4513095021 0.0299886130 -0.8918634653
8.9 -242.5 2196.6 0 0 0 0 0 0 0 0 0
94.0 -252.2 2236.7 0 0 0 0 0 0 0 0 0
-249.9 -894.8 2230.5 0 0 0 0 0 0 0 0 0
-238.9 -954.6 2379.8 0 0 0 0 0 0 0 0 0
39.7 342.9 2344.0 2 0.5366795659 0.4260171950 -0.7283436060 -0.3017092347 0.9030051827 0.3058646321 0.7880016565 0.0555967018 0.6131577492
-44.0 165.5 2333.1 0.5366795659 0.4260171950 -0.7283436060 -0.3017092347 0.9030051827 0.3058646321 0.7880016565 0.0555967018 0.6131577492
-122.4 -11.7 2324.6 0.5468814969 0.4036474824 -0.7334775925 -0.2793681622 0.9138661623 0.2946218252 0.7892237306 0.0437870547 0.6125427485
-118.6 203.6 2225.4 0.1414260864 0.5133606791 -0.8464393020 0.9359146357 0.2092865705 0.2833070755 0.3225871027 -0.8322619200 -0.4508632123
-153.0 -24.0 2146.9 -0.5959833264 0.5133606791 -0.6174663305 0.7847340703 0.2092865705 -0.5834308267 -0.1702830642 -0.8322619200 -0.5275829434
30.7 127.4 2440.7 0.0768482685 0.9815397263 -0.1751403660 -0.9965193868 0.0813045800 0.0184017215 0.0323017351 0.1731166244 0.9843714833
50.1 -125.1 2448.9 0.1903395653 0.9815397263 -0.0187256671 -0.5038715601 0.0813045800 -0.8599436283 -0.8425463438 0.1731166244 0.5100454092
-250.5 -155.5 2238.5 0.3408255875 -0.1997812390 -0.9186540842 -0.0560242571 0.9711073637 -0.2319736332 0.9384557605 0.1305294633 0.3197856545
-173.0 -532.5 2187.9 0.3598206639 0.2081228495 -0.9095130563 0.0267113093 0.9721065760 0.2330135554 0.9326390624 -0.1081373692 0.3442247808
-151.6 -211.7 2376.8 -0.9110505581 -0.0529647246 -0.4088785052 -0.0246505644 0.9969376326 -0.0742142648 0.4115570784 -0.0575338602 -0.9095661640
-131.0 -598.3 2399.1 -0.8658083677 0.2877927125 -0.4093302786 0.2357760519 0.9561824203 0.1735650897 0.4413451850 0.0537638180 -0.8957253098
13.4 -243.1 2194.4 0 0 0 0 0 0 0 0 0
98.4 -252.9 2235.2 0 0 0 0 0 0 0 0 0
-250.6 -895.1 2228.2 0 0 0 0 0 0 0 0 0
-238.4 -954.9 2379.1 0 0 0 0 0 0 0 0 0
37.3 345.6 2346.5 3 0.5124483705 0.4161892533 -0.7511212826 -0.2879070640 0.9073438644 0.3063277006 0.8090155721 0.0592759773 0.5847907066
-44.4 167.4 2334.8 0.5124483705 0.4161892533 -0.7511212826 -0.2879070640 0.9073438644 0.3063277006 0.8090155721 0.0592759773 0.5847907066
-121.3 -10.5 2326.0 0.5222031474 0.3959538043 -0.7553306818 -0.2659931481 0.9171232581 0.2968712747 0.8102786541 0.0458856747 0.5842456222
-115.7 203.7 2224.3 0.1314955652 0.4995470345 -0.8562486172 0.9419234395 0.2062857151 0.2650026977 0.3090131581 -0.8413673043 -0.4434094131
-148.8 -33.4 2146.5 -0.6050749421 0.4995470345 -0.6199492812 0.7781404853 0.2062857151 -0.5932483673 -0.1684687734 -0.8413673043 -0.5135360956
26.9 131.1 2445.4 0.0908566564 0.9831961393 -0.1583365649 -0.9956653118 0.0928588212 0.0052774749 0.0198917389 0.1571707278 0.9873710871
50.1 -123.0 2450.5 0.1825097799 0.9831961393 -0.0039468408 -0.5186190009 0.0928588212 -0.8499479890 -0.8352990150 0.1571707278 0.5268518329
-249.7 -164.0 2245.5 0.3177525401 -0.1966751665 -0.9275517464 -0.0800135732 0.9691995382 -0.2329163849 0.9447916150 0.1482264996 0.2922289371
-173.4 -540.2 2188.0 0.3419584930 0.2181328237 -0.9140473008 0.0197750926 0.9707998037 0.2390746772 0.9395069480 -0.0998289883 0.3276596367
-151.8 -214.0 2386.7 -0.9230423570 -0.0559448339 -0.3806087077 -0.0433851890 0.9981958866 -0.0415059663 0.3822440803 -0.0217989832 -0.9238042235
-130.1 -601.1 2395.2 -0.8734526634 0.2991014719 -0.3842118680 0.2588341236 0.9535794258 0.1539193690 0.4124140441 0.0349941365 -0.9103241563
20.2 -250.6 2193.5 0 0 0 0 0 0 0 0 0
96.4 -254.6 2238.5 0 0 0 0 0 0 0 0 0
-254.8 -902.5 2225.2 0 0 0 0 0 0 0 0 0
-241.7 -956.8 2382.1 0 0 0 0 0 0 0 0 0
44.6 349.0 2348.7 4 0.5865360498 0.4198566377 -0.6926007867 -0.3237718046 0.9053910971 0.2746612728 0.7423929572 0.0631458685 0.6669822335
-37.8 171.3 2336.3 0.5865360498 0.4198566377 -0.6926007867 -0.3237718046 0.9053910971 0.2746612728 0.7423929572 0.0631458685 0.6669822335
-114.9 -6.5 2325.7 0.5958732963 0.3969174623 -0.6981343031 -0.3029476404 0.9161936045 0.2623203695 0.7437457442 0.0551884510 0.6661805511
-118.7 212.4 2235.3 0.1020638794 0.5396957994 -0.8356502652 0.9339481592 0.2372580171 0.2673002481 0.3425255418 -0.8077357411 -0.4798324406
-145.6 -33.9 2145.0 -0.5979591608 0.5396957994 -0.5925987959 0.7834174037 0.2372580171 -0.5744265318 -0.1694167703 -0.8077357411 -0.5646777153
43.2 130.1 2437.3 0.0125983777 0.9746235013 -0.2234956473 -0.9986661077 0.0234570671 0.0459974743 0.0500727706 0.2226180434 0.9736189842
46.3 -120.1 2449.9 0.2010982335 0.9746235013 -0.0983286873 -0.5285915732 0.0234570671 -0.8485521674 -0.8247123361 0.2226180434 0.5198948979
-244.9 -164.7 2244.6 0.3925782144 -0.1800938398 -0.9019138217 -0.0618300810 0.9732546210 -0.2212520838 0.9176379442 0.1426241547 0.3709433377
-175.0 -542.4 2189.2 0.4039628506 0.2050133646 -0.8915063143 -0.0103520388 0.9755252004 0.2196438313 0.9147168398 -0.0794990435 0.3961982429
-151.4 -212.3 2389.6 -0.8845814466 -0.0571945198 -0.4628655016 -0.0472792722 0.9983362556 -0.0330052562 0.4639831185 -0.0073118941 -0.8858138323
-129.2 -599.6 2392.4 -0.8322005272 0.3014643788 -0.4653617442 0.2585019767 0.9534350038 0.1553656012 0.4905293584 0.0089983931 -0.8713781834
21.3 -252.6 2192.3 0 0 0 0 0 0 0 0 0
97.3 -254.3 2240.6 0 0 0 0 0 0 0 0 0
-251.5 -906.4 2218.9 0 0 0 0 0 0 0 0 0
-241.7 -955.3 2389.1 0 0 0 0 0 0 0 0 0
42.1 352.9 2343.8 5 0.5703582764 0.4275121093 -0.7013735175 -0.3144361675 0.9024763703 0.2943913639 0.7588289380 0.0526286475 0.6491601467
-42.3 174.8 2333.5 0.5703582764 0.4275121093 -0.7013735175 -0.3144361675 0.9024763703 0.2943913639 0.7588289380 0.0526286475 0.6491601467
-121.1 -2.3 2324.0 0.5781211853 0.4059236348 -0.7078148723 -0.2975297868 0.9126185179 0.2803630829 0.7597709894 0.0485121794 0.6483784318
-121.0 215.3 2230.0 0.0992511064 0.5423245430 -0.8342860937 0.9378128648 0.2293053716 0.2606262863 0.3326503038 -0.8082717061 -0.4858401120
-146.2 -23.2 2145.4 -0.5831311941 0.5423245430 -0.6048488021 0.7953135371 0.2293053716 -0.5611554384 -0.1656332910 -0.8082717061 -0.5650331378
36.5 134.3 2436.9 0.0467062108 0.9771451950 -0.2073783278 -0.9981378913 0.0538072474 0.0287313238 0.0392331332 0.2056502402 0.9778388143
48.5 -122.2 2447.0 0.2029105276 0.9771451950 -0.0633605495 -0.5244542360 0.0538072474 -0.8497367501 -0.8269069195 0.2056502402 0.5233860016
-245.1 -157.3 2248.8 0.3785915077 -0.1792685986 -0.9080370069 -0.0757695138 0.9717679024 -0.2234415114 0.9224572778 0.1533945799 0.3543199897
-175.5 -534.5 2189.2 0.3932648301 0.1947812438 -0.8985561132 -0.0070081442 0.9779086113 0.2089153826 0.9193985462 -0.0758618638 0.3859421015
-139.0 -211.3 2381.2 -0.8945509791 -0.0222694576 -0.4464108646 -0.0077026705 0.9993777871 -0.0344193503 0.4468995929 -0.0273513049 -0.8941658735
-130.4 -598.8 2391.8 -0.8465892673 0.2931726277 -0.4442256391 0.2650132179 0.9559943080 0.1258685291 0.4615783989 -0.0111667262 -0.8870291114
16.6 -245.3 2191.6 0 0 0 0 0 0 0 0 0
100.0 -255.3 2237.1 0 0 0 0 0 0 0 0 0
-248.2 -899.5 2217.5 0 0 0 0 0 0 0 0 0
-239.7 -955.5 2396.0 0 0 0 0 0 0 0 0 0
44.8 354.9 2339.4 6 0.5453990698 0.4435927570 -0.7111718059 -0.3029879332 0.8954400420 0.3261678815 0.7814974189 0.0375848114 0.6227753758
-42.9 177.8 2332.0 0.5453990698 0.4435927570 -0.7111718059 -0.3029879332 0.8954400420 0.3261678815 0.7814974189 0.0375848114 0.6227753758
-124.0 1.6 2325.3 0.5543522835 0.4173123240 -0.7200999856 -0.2842312455 0.9081181884 0.3074637651 0.7822442651 0.0342316665 0.6220306158
-118.5 216.5 2225.3 0.0943263546 0.5216783881 -0.8479116559 0.9471931458 0.2151697874 0.2377543747 0.3064762950 -0.8255625963 -0.4738340378
-142.5 -23.9 2147.6 -0.5862264633 0.5216783881 -0.6198307872 0.7934483290 0.2151697874 -0.5693343878 -0.1636406183 -0.8255625963 -0.5400630832
32.7 139.1 2438.6 0.0498044975 0.9745874405 -0.2184006870 -0.9977612495 0.0583223589 0.0327253602 0.0446313657 0.2162818760 0.9753103256
45.5 -118.8 2450.1 0.2140502334 0.9745874405 -0.0660442784 -0.5271261334 0.0583223589 -0.8477833271 -0.8223870993 0.2162818760 0.5262144208
-251.6 -152.9 2246.8 0.3583479822 -0.2075576931 -0.9102233052 -0.0785106495 0.9648197293 -0.2509163320 0.9302810431 0.1613775790 0.3294457197
-171.1 -527.3 2184.2 0.3801909685 0.2063026130 -0.9016063809 0.0161192119 0.9731805325 0.2294771671 0.9247675538 -0.1017783284 0.3666690290
-148.3 -206.0 2382.5 -0.9042753577 -0.0531465001 -0.4236290157 -0.0291808154 0.9975953698 -0.0628644601 0.4259513617 -0.0444849432 -0.9036517739
-127.7 -592.8 2399.7 -0.8554826975 0.2962646782 -0.4247076511 0.2493405044 0.9544987082 0.1635896116 0.4538487196 0.0340512693 -0.8904278874
21.2 -245.5 2193.2 0 0 0 0 0 0 0 0 0
99.9 -252.6 2241.4 0 0 0 0 0 0 0 0 0
-248.0 -890.3 2222.1 0 0 0 0 0 0 0 0 0
-238.2 -948.7 2387.0 0 0 0 0 0 0 0 0 0
38.2 351.0 2338.7 7 0.5039370656 0.4185982943 -0.7555282116 -0.2748719156 0.9069629908 0.3191607893 0.8188362718 0.0468365364 0.5721131563
-44.4 172.1 2329.4 0.5039370656 0.4185982943 -0.7555282116 -0.2748719156 0.9069629908 0.3191607893 0.8188362718 0.0468365364 0.5721131563
-121.9 -5.7 2321.8 0.5111843944 0.3992703855 -0.7611002922 -0.2587186098 0.9159554243 0.3067414165 0.8196067214 0.0401093774 0.5715208054
-114.0 207.4 2217.8 0.1074715480 0.4808828831 -0.8701732755 0.9533004761 0.1986375302 0.2275110930 0.2822552621 -0.8539875746 -0.4370779991
-140.0 -23.3 2149.5 -0.6029766202 0.4808828831 -0.6365303397 0.7820290923 0.1986375302 -0.5907399058 -0.1576378793 -0.8539875746 -0.4958381951
25.2 136.8 2441.1 0.0702720657 0.9648113847 -0.2533788979 -0.9964768887 0.0795526132 0.0265561864 0.0457786620 0.2506200373 0.9670025110
43.0 -114.7 2452.6 0.2531506717 0.9648113847 -0.0710898861 -0.5387216210 0.0795526132 -0.8387194872 -0.8035507202 0.2506200373 0.5399035811
-254.6 -149.3 2248.7 0.3129444122 -0.2150089443 -0.9251145720 -0.0953222960 0.9620109200 -0.2558294237 0.9449759126 0.1682444364 0.2805607915
-171.2 -522.6 2183.4 0.3416791260 0.1989701837 -0.9185130596 0.0314876474 0.9743598700 0.2227809727 0.9392890334 -0.1050414219 0.3266533315
-155.5 -200.0 2388.5 -0.9249503613 -0.0775096640 -0.3721008301 -0.0727549493 0.9969890118 -0.0268249046 0.3730596304 0.0022604703 -0.9278045893
-125.5 -586.3 2387.6 -0.8758873940 0.2985158861 -0.3790903986 0.2795708179 0.9543083906 0.1055254489 0.3932701945 -0.0135542043 -0.9193230271
28.4 -241.6 2193.5 0 0 0 0 0 0 0 0 0
107.1 -251.3 2248.9 0 0 0 0 0 0 0 0 0
-245.4 -886.3 2222.6 0 0 0 0 0 0 0 0 0
-236.7 -941.9 2392.7 0 0 0 0 0 0 0 0 0
35.5 350.2 2337.3 8 0.5557087660 0.4056813419 -0.7256792784 -0.2861074507 0.9128672481 0.2912316620 0.7805961370 0.0457822606 0.6233568192
-44.3 170.5 2328.3 0.5557087660 0.4056813419 -0.7256792784 -0.2861074507 0.9128672481 0.2912316620 0.7805961370 0.0457822606 0.6233568192
-118.9 -8.5 2320.8 0.5637447834 0.3843571842 -0.7310686707 -0.2674398720 0.9223857522 0.2787121832 0.7814523578 0.0383943580 0.6227825880
-121.1 206.9 2221.9 0.0417381488 0.5050201416 -0.8620977402 0.9579313397 0.2249895185 0.1781776100 0.2839462459 -0.8332672715 -0.4743840098
-131.5 -33.6 2150.6 -0.6167570949 0.5050201416 -0.6037924290 0.7694415450 0.2249895185 -0.5977787971 -0.1660433710 -0.8332672715 -0.5273473859
32.4 134.1 2434.7 0.0423620492 0.9571321011 -0.2865372300 -0.9967455268 0.0601740070 0.0536415167 0.0685841143 0.2833323479 0.9565662742
43.0 -113.7 2451.8 0.2719329298 0.9571321011 -0.0997527242 -0.5235517025 0.0601740070 -0.8498662710 -0.8074318171 0.2833323479 0.5174714327
-245.0 -160.3 2240.9 0.3615185022 -0.1813665032 -0.9145548344 -0.0683227405 0.9731075168 -0.2199857533 0.9298582673 0.1420138180 0.3394049108
-174.7 -537.7 2185.8 0.3804762959 0.2071046233 -0.9013020992 0.0143541256 0.9731612802 0.2296761572 0.9246792793 -0.1003237367 0.3672919869
-153.7 -206.5 2387.3 -0.9030863643 -0.0690459609 -0.4238722622 -0.0568280891 0.9975246191 -0.0414142981 0.4256825447 -0.0133128371 -0.9047746658
-126.9 -593.4 2392.4 -0.8547522426 0.2916231155 -0.4293653369 0.2559152544 0.9564816952 0.1401790679 0.4515595138 0.0099372389 -0.8921856284
40.6 -248.4 2197.0 0 0 0 0 0 0 0 0 0
111.9 -246.5 2247.0 0 0 0 0 0 0 0 0 0
-252.0 -900.9 2223.2 0 0 0 0 0 0 0 0 0
-235.7 -950.0 2388.7 0 0 0 0 0 0 0 0 0
29.0 347.8 2337.6 9 0.5463262200 0.3927614391 -0.7397743464 -0.2795911729 0.9180921316 0.2809548378 0.7895292640 0.0533413626 0.6113904715
-48.0 167.9 2327.2 0.5463262200 0.3927614391 -0.7397743464 -0.2795911729 0.9180921316 0.2809548378 0.7895292640 0.0533413626 0.6113904715
-120.4 -12.0 2319.2 0.5550198555 0.3732864261 -0.7433775663 -0.2586540580 0.9268026948 0.2722771764 0.7906016707 0.0411583707 0.6109459400
-123.7 203.1 2219.4 0.0346047282 0.5028207898 -0.8636977077 0.9576796293 0.2304126173 0.1725099981 0.2857484818 -0.8331153989 -0.4735678732
-132.2 -33.1 2148.9 -0.6239552498 0.5028207898 -0.5982065797 0.7637662888 0.2304126173 -0.6029685140 -0.1653507650 -0.8331153989 -0.5278047323
27.7 132.6 2435.0 0.0585317276 0.9587382078 -0.2781996429 -0.9961192012 0.0744401366 0.0469591804 0.0657307804 0.2743714154 0.9593746662
42.2 -114.0 2451.3 0.2727563381 0.9587382078 -0.0801559836 -0.5129699707 0.0744401366 -0.8551727533 -0.8139200211 0.2743714154 0.5121079683
-243.8 -163.6 2243.6 0.3508645892 -0.1655490547 -0.9216765165 -0.0749215707 0.9761308432 -0.2038512081 0.9334242344 0.1405776292 0.3300865591
-179.6 -542.4 2189.0 0.3676270247 0.1810599715 -0.9121774435 0.0086164344 0.9801588058 0.1980263591 0.9299334288 -0.0806595534 0.3587727845
-143.2 -211.4 2383.1 -0.9111959338 -0.0336197987 -0.4105992019 -0.0208001044 0.9991478324 -0.0356507711 0.4114478827 -0.0239443313 -0.9111187458
-130.1 -598.8 2392.4 -0.8653161526 0.2888039052 -0.4096587598 0.2476741523 0.9569305182 0.1514646709 0.4357585311 0.0296029393 -0.8995766640
42.0 -246.4 2195.0 0 0 0 0 0 0 0 0 0
111.4 -244.1 2244.8 0 0 0 0 0 0 0 0 0
-247.1 -908.0 2219.1 0 0 0 0 0 0 0 0 0
-237.9 -955.7 2381.3 0 0 0 0 0 0 0 0 0
26.4 354.0 2337.3 0 0.5775370002 0.3808586299 -0.7220788002 -0.2880313098 0.9226869941 0.2562941313 0.7638645172 0.0599619485 0.6425850391
-48.3 173.0 2325.5 0.5775370002 0.3808586299 -0.7220788002 -0.2880313098 0.9226869941 0.2562941313 0.7638645172 0.0599619485 0.6425850391
-118.4 -7.7 2316.0 0.5858176947 0.3610220551 -0.7255898714 -0.2673377991 0.9312703013 0.2475198805 0.7650804520 0.0489760637 0.6420694590
-128.2 209.4 2221.2 0.0100080296 0.5088108182 -0.8608201742 0.9577035308 0.2427044958 0.1545914114 0.2875826955 -0.8259576559 -0.4848609269
-130.8 -37.4 2147.1 -0.6382949948 0.5088108182 -0.5776599646 0.7501518130 0.2427044958 -0.6151152849 -0.1727766395 -0.8259576559 -0.5366024375
31.6 136.6 2429.9 0.0386402272 0.9485787153 -0.3141739964 -0.9956140518 0.0633557513 0.0688381866 0.0852031708 0.3101361096 0.9468663931
41.3 -113.4 2451.3 0.3013013005 0.9485787153 -0.0970355347 -0.4810637832 0.0633557513 -0.8743933439 -0.8232831359 0.3101361096 0.4754160345
-242.5 -168.8 2240.5 0.3798959255 -0.1594476253 -0.9111835957 -0.0653747171 0.9779412746 -0.1983859390 0.9227162004 0.1349343807 0.3610920608
-180.6 -548.3 2188.1 0.3967723846 0.1857129037 -0.8989340067 0.0162513405 0.9777447581 0.2091676295 0.9177731276 -0.0976008251 0.3849240243
-143.2 -215.0 2381.9 -0.8974590898 -0.0268717986 -0.4402784407 -0.0043532876 0.9986336231 -0.0520765558 0.4410762191 -0.0448199175 -0.8963497877
-132.8 -602.4 2399.3 -0.8565900922 0.2812576294 -0.4326055646 0.2108922899 0.9559949040 0.2039562613 0.4709329903 0.0834737420 -0.8782108426
47.4 -246.8 2195.3 0 0 0 0 0 0 0 0 0
117.7 -235.4 2242.5 0 0 0 0 0 0 0 0 0
-249.9 -913.1 2224.5 0 0 0 0 0 0 0 0 0
-237.6 -958.6 2368.2 0 0 0 0 0 0 0 0 0
22.9 355.4 2344.1 1 0.5776967406 0.3781505823 -0.7233730555 -0.3037949800 0.9221560359 0.2394510955 0.7576113939 0.0814269707 0.6476067901
-51.3 174.3 2328.1 0.5776967406 0.3781505823 -0.7233730555 -0.3037949800 0.9221560359 0.2394510955 0.7576113939 0.0814269707 0.6476067901
-121.6 -6.1 2315.5 0.5865187049 0.3622265160 -0.7244223356 -0.2817279100 0.9298078418 0.2368264496 0.7593584061 0.0651868358 0.6473990083
-131.4 212.7 2224.5 0.0094379885 0.5349141955 -0.8448536992 0.9492067695 0.2609473467 0.1758210212 0.3145114779 -0.8036001921 -0.5052813292
-133.8 -34.2 2142.7 -0.6596921086 0.5349141955 -0.5278949738 0.7232431173 0.2609473467 -0.6393949389 -0.2042686194 -0.8036001921 -0.5590178967
28.8 135.9 2431.8 0.0183854345 0.9383629560 -0.3451621830 -0.9959544539 0.0475584976 0.0762426406 0.0879586712 0.3423640728 0.9354411364
33.4 -116.0 2454.0 0.3245268762 0.9383629560 -0.1189842820 -0.4621775746 0.0475584976 -0.8855112195 -0.8252722025 0.3423640728 0.4491243064
-240.9 -164.5 2238.0 0.3757103086 -0.1524379402 -0.9141139984 -0.0486802123 0.9817708731 -0.1837284863 0.9254577160 0.1135279536 0.3614407182
-181.7 -545.5 2193.9 0.3822918534 0.1768512428 -0.9069600701 -0.0134893116 0.9824777842 0.1858908385 0.9239431620 -0.0588302836 0.3779788613
-136.1 -212.3 2374.8 -0.8974838853 -0.0096128108 -0.4409424663 0.0235244427 0.9972959757 -0.0696227476 0.4404194057 -0.0728582218 -0.8948309422
-132.3 -599.1 2403.1 -0.8577339649 0.2848182917 -0.4279848337 0.2201987207 0.9558113217 0.1947747469 0.4645481706 0.0728231892 -0.8825484514
50.1 -235.9 2199.7 0 0 0 0 0 0 0 0 0
115.7 -233.2 2244.8 0 0 0 0 0 0 0 0 0
-247.7 -911.9 2215.9 0 0 0 0 0 0 0 0 0
-238.6 -955.6 2375.9 0 0 0 0 0 0 0 0 0
