-140.7 371.1 2737.6 06 0.5320762396 0.5733636618 -0.6230159998 -0.3615324199 0.8192185163 0.4451688528 0.7656298876 -0.0116232941 0.6431763172
-255.8 206.6 2739.9 0.5320762396 0.5733636618 -0.6230159998 -0.3615324199 0.8192185163 0.4451688528 0.7656298876 -0.0116232941 0.6431763172
-363.3 39.6 2743.6 0.5486438274 0.5410230756 -0.6374040842 -0.3368526995 0.8408200145 0.4237357378 0.7651929259 -0.0177687090 0.6435557604
-335.9 255.7 2628.3 -0.0585137457 0.2925381362 -0.9544619322 0.9979378581 -0.0081299264 -0.0636708438 -0.0263858549 -0.9562193155 -0.2914591432
-319.3 -28.0 2635.8 -0.7571625710 0.2925381362 -0.5840601921 0.6087880731 -0.0081299264 -0.7932912707 -0.2368163019 -0.9562193155 -0.1719380468
-175.8 157.4 2851.6 -0.0095706917 0.8410038352 0.5409444571 -0.9953116775 0.0440558344 -0.0861030146 -0.0962447301 -0.5392324328 0.8366393447
-178.4 -115.9 2825.1 -0.5398199558 0.8410038352 0.0361511298 0.0017323401 0.0440558344 -0.9990275502 -0.8417786956 -0.5392324328 -0.0252391249
-519.2 -102.3 2672.6 -0.9995183349 -0.0273841806 -0.0146000758 -0.0282727424 0.9975109100 0.0645960495 0.0127948252 0.0649777204 -0.9978047013
-508.3 -498.2 2646.8 -0.9948306680 -0.0995501354 -0.0200414024 -0.1012291014 0.9565902352 0.2732906342 -0.0080347098 0.2739066780 -0.9617227316
-419.3 -161.7 2814.2 -0.8072074056 0.1188366786 0.5781816840 0.0862863138 0.9927582145 -0.0835812315 -0.5839271545 -0.0175782200 -0.8116157055
-466.4 -555.7 2821.2 -0.7711352706 -0.2634293437 0.5796165466 -0.0961845145 0.9481393099 0.3029527664 -0.6293638945 0.1778674275 -0.7564815283
-105.2 -200.1 2702.7 0 0 0 0 0 0 0 0 0
-309.3 -115.5 2621.0 0 0 0 0 0 0 0 0 0
-474.1 -827.3 2552.6 0 0 0 0 0 0 0 0 0
-396.8 -806.2 2774.2 0 0 0 0 0 0 0 0 0
-137.5 363.7 2738.2 07 0.5076740980 0.5796830654 -0.6373652816 -0.3540251255 0.8148082495 0.4590792060 0.7854509354 -0.0074192891 0.6188794374
-254.5 199.3 2739.7 0.5076740980 0.5796830654 -0.6373652816 -0.3540251255 0.8148082495 0.4590792060 0.7854509354 -0.0074192891 0.6188794374
-363.5 33.3 2744.2 0.5273904204 0.5487574339 -0.6486328840 -0.3251875043 0.8356789351 0.4425989389 0.7849282622 -0.0224951319 0.6191781163
-331.5 246.7 2625.2 -0.0134601574 0.2921367288 -0.9562818408 0.9992425442 -0.0309928693 -0.0235329345 -0.0365127511 -0.9558742642 -0.2914982736
-327.8 -23.8 2635.1 -0.7357080579 0.2921367288 -0.6110562682 0.6313101649 -0.0309928693 -0.7749109268 -0.2453183234 -0.9558742642 -0.1616271883
-177.6 151.8 2854.2 -0.0161563475 0.8538683057 0.5202382803 -0.9970095754 0.0255673304 -0.0729265213 -0.0755707473 -0.5198607445 0.8509017825
-182.0 -122.0 2833.4 -0.5197439790 0.8538683057 0.0278401803 -0.0115404734 0.0255673304 -0.9996064901 -0.8542441130 -0.5198607445 -0.0034344210
-521.0 -96.5 2677.0 -0.9998722672 -0.0130964443 0.0091620032 -0.0124511681 0.9976580739 0.0672556385 -0.0100213559 0.0671329647 -0.9976937175
-515.8 -492.7 2650.3 -0.9929829240 -0.1181018427 0.0060712462 -0.1115235016 0.9522791505 0.2841248214 -0.0393371843 0.2814539969 -0.9587680697
-420.5 -158.2 2817.3 -0.7918941379 0.1270764470 0.5972899199 0.0845122337 0.9915021658 -0.0988997594 -0.6047821045 -0.0278398320 -0.7959042192
-470.9 -552.0 2828.3 -0.7529992461 -0.2761099339 0.5972900987 -0.0978616178 0.9446021318 0.3132888079 -0.6507036686 0.1774544567 -0.7383052707
-120.1 -202.0 2704.3 0 0 0 0 0 0 0 0 0
-308.0 -124.8 2626.2 0 0 0 0 0 0 0 0 0
-474.1 -829.5 2550.8 0 0 0 0 0 0 0 0 0
-396.1 -808.1 2780.2 0 0 0 0 0 0 0 0 0
-135.0 355.5 2727.0 08 0.4836991131 0.5997299552 -0.6374630332 -0.3146469593 0.7987945676 0.5127615929 0.8167205453 -0.0474465303 0.5750794411
-255.9 194.5 2736.5 0.4836991131 0.5997299552 -0.6374630332 -0.3146469593 0.7987945676 0.5127615929 0.8167205453 -0.0474465303 0.5750794411
-368.2 31.2 2747.4 0.5016064048 0.5650642514 -0.6550521851 -0.2897107601 0.8232020736 0.4882684052 0.8151433468 -0.0551428944 0.5766286254
-329.1 236.6 2617.7 0.0009304757 0.2518713772 -0.9677602649 0.9973209500 -0.0710195154 -0.0175247937 -0.0731438547 -0.9651513100 -0.2512626648
-329.3 -30.3 2637.3 -0.7467244267 0.2518713772 -0.6156000495 0.6201305389 -0.0710195154 -0.7812774181 -0.2405010164 -0.9651513100 -0.1031611115
-182.7 152.4 2855.3 -0.0334043540 0.8667217493 0.4976721108 -0.9992404580 -0.0189642739 -0.0340429582 -0.0200677812 -0.4984312654 0.8666968942
-191.9 -122.0 2849.8 -0.4987151921 0.8667217493 0.0087478887 -0.0504735224 -0.0189642739 -0.9985453486 -0.8652950525 -0.4984312654 0.0532042719
-520.9 -102.9 2676.7 -0.9989866614 -0.0290578268 0.0343703590 -0.0269858800 0.9978764057 0.0592831895 -0.0360200107 0.0582956001 -0.9976493120
-509.3 -499.3 2653.6 -0.9948029518 -0.0984020084 0.0261555724 -0.0859037340 0.9490444064 0.3032083213 -0.0546591096 0.2993856668 -0.9525652528
-424.2 -162.5 2820.6 -0.7737815976 0.1253032684 0.6209356785 0.0733427554 0.9913697243 -0.1086595505 -0.6291922331 -0.0385376289 -0.7762937546
-474.0 -556.3 2835.9 -0.7371557951 -0.2845441401 0.6128914952 -0.0812034383 0.9377461672 0.3376953304 -0.6708258986 0.1991651803 -0.7143709660
-118.6 -205.3 2705.2 0 0 0 0 0 0 0 0 0
-312.9 -134.3 2639.9 0 0 0 0 0 0 0 0 0
-475.2 -828.8 2549.6 0 0 0 0 0 0 0 0 0
-396.7 -811.1 2781.8 0 0 0 0 0 0 0 0 0
-126.2 352.2 2722.4 09 0.5234530568 0.6124349236 -0.5923853517 -0.3488856256 0.7883475423 0.5067415833 0.7773517370 -0.0585807115 0.6263326406
-249.5 193.4 2734.2 0.5234530568 0.6124349236 -0.5923853517 -0.3488856256 0.7883475423 0.5067415833 0.7773517370 -0.0585807115 0.6263326406
-364.5 32.0 2748.0 0.5443696976 0.5782818794 -0.6076608300 -0.3207583129 0.8128490448 0.4862001240 0.7750972509 -0.0697603598 0.6279790998
-328.9 240.1 2621.2 0.0003870161 0.2493220270 -0.9684205651 0.9967356920 -0.0782800019 -0.0197550282 -0.0807333216 -0.9652516842 -0.2485384643
-329.0 -34.7 2643.5 -0.7523063421 0.2493220270 -0.6098145247 0.6119835377 -0.0782800019 -0.7869868875 -0.2439494580 -0.9652516842 -0.0936904475
-170.2 146.6 2847.1 -0.0561817437 0.8338381648 0.5491425395 -0.9975124002 -0.0234239679 -0.0664858073 -0.0425753072 -0.5515117645 0.8330798745
-185.6 -127.3 2835.4 -0.5519254804 0.8338381648 -0.0096009765 -0.0180006418 -0.0234239679 -0.9995635748 -0.8336991072 -0.5515117645 0.0279379077
-526.5 -105.7 2683.7 -0.9988775849 -0.0400318839 -0.0253176522 -0.0416179970 0.9969789982 0.0655803159 0.0226158649 0.0665603802 -0.9975260496
-510.6 -501.8 2657.2 -0.9942367673 -0.1015327126 -0.0344143957 -0.1072011068 0.9448022246 0.3096072376 0.0010795334 0.3115121722 -0.9502415657
-434.5 -158.6 2832.9 -0.8130512834 0.1018384025 0.5732159615 0.0742340758 0.9946799278 -0.0714224800 -0.5774399638 -0.0155179845 -0.8162856698
-474.9 -553.7 2839.0 -0.7736743093 -0.2830181420 0.5668587089 -0.1039521694 0.9392644167 0.3270722628 -0.6249976158 0.1941212118 -0.7561051250
-116.7 -207.4 2712.3 0 0 0 0 0 0 0 0 0
-319.5 -131.7 2633.2 0 0 0 0 0 0 0 0 0
-475.4 -829.1 2549.3 0 0 0 0 0 0 0 0 0
-397.5 -810.6 2785.9 0 0 0 0 0 0 0 0 0
-118.5 347.9 2709.6 10 0.4708205462 0.6317220330 -0.6158370972 -0.2649847567 0.7670758367 0.5842753649 0.8414933681 -0.1119014174 0.5285517573
-245.8 193.3 2732.1 0.4708205462 0.6317220330 -0.6158370972 -0.2649847567 0.7670758367 0.5842753649 0.8414933681 -0.1119014174 0.5285517573
-364.9 36.2 2753.8 0.4847329259 0.5985760093 -0.6377622485 -0.2473409772 0.7931985855 0.5564696193 0.8389615417 -0.1119944081 0.5325418711
-316.3 228.9 2610.4 0.0463081375 0.1767402291 -0.9831675887 0.9890217185 -0.1463731080 0.0202709511 -0.1403265893 -0.9733127952 -0.1815781891
-328.6 -33.9 2647.7 -0.7543256879 0.1767402291 -0.6322622895 0.6150881648 -0.1463731080 -0.7747525573 -0.2294761240 -0.9733127952 0.0017021742
-175.3 157.7 2853.9 -0.0741492659 0.8680135608 0.4909729064 -0.9957365394 -0.0915305391 0.0114397556 0.0548688769 -0.4880314171 0.8710997105
-195.6 -115.8 2868.9 -0.4954811931 0.8680135608 -0.0324172489 -0.0954977870 -0.0915305391 -0.9912125468 -0.8633530736 -0.4880314171 0.1282450408
-529.1 -100.1 2691.0 -0.9987537861 -0.0301830675 0.0397471040 -0.0275209602 0.9974466562 0.0659000427 -0.0416346826 0.0647240356 -0.9970342517
-517.1 -496.4 2665.3 -0.9928064346 -0.1158913299 0.0300765075 -0.0993091837 0.9373882413 0.3338277936 -0.0668811128 0.3284395039 -0.9421541095
-430.8 -157.2 2834.8 -0.7644940019 0.1029682457 0.6363540292 0.0838357061 0.9946578145 -0.0602279119 -0.6391561031 0.0073053148 -0.7690423727
-471.9 -553.7 2831.9 -0.7265920639 -0.2734837532 0.6302940845 -0.0920448378 0.9478424191 0.3051598668 -0.6808757186 0.1637114137 -0.7138674855
-115.7 -207.4 2712.4 0 0 0 0 0 0 0 0 0
-315.8 -138.9 2659.5 0 0 0 0 0 0 0 0 0
-475.9 -828.9 2548.8 0 0 0 0 0 0 0 0 0
-398.3 -808.7 2787.8 0 0 0 0 0 0 0 0 0
-116.7 346.2 2712.2 11 0.5026706457 0.6242091656 -0.5980678797 -0.2914290726 0.7736879587 0.5625620484 0.8138743043 -0.1084890366 0.5708228946
-242.4 190.5 2734.0 0.5026706457 0.6242091656 -0.5980678797 -0.2914290726 0.7736879587 0.5625620484 0.8138743043 -0.1084890366 0.5708228946
-361.9 33.6 2756.4 0.5157008767 0.6009811759 -0.6106342673 -0.2747872174 0.7910853028 0.5465126038 0.8115075827 -0.1140425578 0.5731053352
-317.5 230.4 2616.0 0.0199907254 0.1628966182 -0.9864405990 0.9918748736 -0.1272141933 -0.0009067587 -0.1256369501 -0.9784075022 -0.1641161591
-322.9 -39.5 2650.2 -0.7669094205 0.1628966182 -0.6207371950 0.6075633168 -0.1272141933 -0.7840174437 -0.2066803724 -0.9784075022 -0.0014082416
-167.3 150.6 2852.0 -0.0811869204 0.8468216062 0.5256442428 -0.9962419271 -0.0849155039 -0.0170714762 0.0301788524 -0.5250548124 0.8505331874
-189.6 -123.0 2860.3 -0.5306230783 0.8468216062 -0.0365014486 -0.0671311095 -0.0849155039 -0.9941241145 -0.8449453115 -0.5250548124 0.1019062027
-528.3 -98.6 2699.4 -0.9993880391 -0.0349676460 0.0009237023 -0.0348178856 0.9969520569 0.0698160753 -0.0033621909 0.0697411895 -0.9975594282
-514.4 -494.7 2671.7 -0.9944364429 -0.1049765721 -0.0087250387 -0.1016408056 0.9344781041 0.3412035704 -0.0276650228 0.3401920795 -0.9399489164
-440.4 -142.4 2853.0 -0.7891588211 0.0957707241 0.6066764593 0.1039264798 0.9943464398 -0.0217822511 -0.6053326726 0.0458600931 -0.7946503758
-478.5 -537.9 2834.7 -0.7454015017 -0.2821752131 0.6039484143 -0.1059914455 0.9446346760 0.3105336428 -0.6581355333 0.1674588770 -0.7340403199
-106.6 -210.8 2708.5 0 0 0 0 0 0 0 0 0
-318.3 -139.2 2655.4 0 0 0 0 0 0 0 0 0
-476.6 -831.3 2549.2 0 0 0 0 0 0 0 0 0
-396.8 -811.6 2786.2 0 0 0 0 0 0 0 0 0
-117.9 345.0 2714.0 12 0.5498016477 0.6177421808 -0.5622389913 -0.3365115523 0.7798702717 0.5277900696 0.7645117044 -0.1009799391 0.6366513371
-242.2 188.2 2734.3 0.5498016477 0.6177421808 -0.5622389913 -0.3365115523 0.7798702717 0.5277900696 0.7645117044 -0.1009799391 0.6366513371
-360.5 30.1 2755.5 0.5644256473 0.5946558118 -0.5725452900 -0.3174958825 0.7966182232 0.5143887401 0.7619842887 -0.1085534096 0.6384325624
-324.3 234.3 2623.5 -0.0062635280 0.2198935002 -0.9755038023 0.9956359267 -0.0894632638 -0.0265591834 -0.0931119397 -0.9714129567 -0.2183735222
-322.6 -37.5 2648.9 -0.7679475546 0.2198935002 -0.6015840769 0.5982042551 -0.0894632638 -0.7963340878 -0.2289283574 -0.9714129567 -0.0628381371
-160.0 142.0 2845.1 -0.0815703794 0.8123782873 0.5773974061 -0.9964990020 -0.0558217317 -0.0622386597 -0.0183300134 -0.5804527998 0.8140875697
-182.4 -131.6 2840.0 -0.5822237134 0.8123782873 -0.0325125195 -0.0221470259 -0.0558217317 -0.9981951118 -0.8127269149 -0.5804527998 0.0504924990
-528.6 -98.3 2704.9 -0.9977297783 -0.0313435346 -0.0596060604 -0.0361750089 0.9959931970 0.0817858875 0.0568037741 0.0837564617 -0.9948658943
-516.1 -494.1 2671.6 -0.9917744994 -0.1098371074 -0.0657200590 -0.1257161796 0.9323983788 0.3388639092 0.0240574423 0.3443386555 -0.9385372400
-434.6 -147.9 2853.4 -0.8281379938 0.0936006978 0.5526539087 0.1031925231 0.9945654869 -0.0138140107 -0.5509434938 0.0455898456 -0.8332963586
-471.8 -543.4 2835.3 -0.7885773778 -0.2649761736 0.5549173951 -0.1154709086 0.9501535892 0.2896112502 -0.6039968133 0.1643040627 -0.7798666358
-106.0 -206.2 2713.5 0 0 0 0 0 0 0 0 0
-323.6 -137.0 2642.9 0 0 0 0 0 0 0 0 0
-476.5 -830.6 2547.3 0 0 0 0 0 0 0 0 0
-396.4 -813.7 2788.5 0 0 0 0 0 0 0 0 0
-122.1 347.4 2716.9 13 0.5246978998 0.6148343682 -0.5887876153 -0.3156729639 0.7828568816 0.5361769795 0.7905964255 -0.0954665914 0.6048499346
-245.5 190.3 2736.0 0.5246978998 0.6148343682 -0.5887876153 -0.3156729639 0.7828568816 0.5361769795 0.7905964255 -0.0954665914 0.6048499346
-364.1 32.2 2756.4 0.5369355679 0.5963121057 -0.5967512131 -0.2997192740 0.7960577011 0.5257951617 0.7885864377 -0.1034602895 0.6061579585
-323.8 233.9 2621.2 -0.0106310528 0.1570186168 -0.9875383973 0.9946303964 -0.1000115424 -0.0266092345 -0.1029433832 -0.9825186133 -0.1551122516
-320.9 -34.1 2648.9 -0.7657780051 0.1570186168 -0.6236418486 0.6158990860 -0.1000115424 -0.7814512253 -0.1850737631 -0.9825186133 -0.0201209839
-167.3 146.6 2850.8 -0.0784496143 0.8331997395 0.5473790765 -0.9969180226 -0.0653592423 -0.0433895476 -0.0003758753 -0.5490959287 0.8357592225
-188.8 -127.2 2850.7 -0.5520490408 0.8331997395 -0.0319382250 -0.0409641787 -0.0653592423 -0.9970206022 -0.8328047991 -0.5490959287 0.0702128485
-530.3 -99.1 2707.5 -0.9992941022 -0.0287586637 -0.0241703447 -0.0307203028 0.9958947301 0.0851463526 0.0216224249 0.0858287662 -0.9960752726
-518.8 -494.9 2673.4 -0.9919112325 -0.1231136024 -0.0309051313 -0.1261880398 0.9300659895 0.3450417519 -0.0137355207 0.3461506665 -0.9380784035
-427.4 -156.7 2846.7 -0.8071725965 0.1125198528 0.5794925690 0.0939887911 0.9936397076 -0.0620180704 -0.5827850699 0.0044065178 -0.8126143813
-472.1 -551.3 2844.9 -0.7708777785 -0.2712179124 0.5763577819 -0.0765367746 0.9377073050 0.3388910890 -0.6323682070 0.2171310484 -0.7436158657
-105.1 -207.6 2701.1 0 0 0 0 0 0 0 0 0
-322.7 -137.1 2648.8 0 0 0 0 0 0 0 0 0
-474.0 -833.8 2547.3 0 0 0 0 0 0 0 0 0
-395.6 -815.8 2783.7 0 0 0 0 0 0 0 0 0
-122.6 350.5 2725.8 14 0.5226734877 0.6005378962 -0.6051170826 -0.3382478058 0.7976083755 0.4994089901 0.7825604677 -0.0563483126 0.6200193167
-242.8 190.9 2737.1 0.5226734877 0.6005378962 -0.6051170826 -0.3382478058 0.7976083755 0.4994089901 0.7825604677 -0.0563483126 0.6200193167
-359.2 30.7 2751.8 0.5373489261 0.5858393908 -0.6066698432 -0.3183983564 0.8070356250 0.4973087907 0.7809472680 -0.0740656629 0.6201900244
-321.2 237.3 2623.3 -0.0168211032 0.1675601155 -0.9857183695 0.9957391024 -0.0865908936 -0.0317115039 -0.0906678215 -0.9820517302 -0.1653895974
-316.7 -30.4 2647.7 -0.7619592547 0.1675601155 -0.6255730987 0.6207172275 -0.0865908936 -0.7792381644 -0.1847381741 -0.9820517302 -0.0380287133
-164.4 144.5 2850.9 -0.0648059398 0.8365342021 0.5440686941 -0.9973273873 -0.0358625501 -0.0636546314 -0.0337375849 -0.5467398167 0.8366225958
-182.2 -129.4 2841.6 -0.5475981236 0.8365342021 -0.0186228938 -0.0208060797 -0.0358625501 -0.9991401434 -0.8364827633 -0.5467398167 0.0370432623
-531.7 -98.5 2704.9 -0.9992136359 -0.0343032256 -0.0198840499 -0.0360514522 0.9947755933 0.0955084413 0.0165039189 0.0961501896 -0.9952300191
-518.1 -493.9 2666.7 -0.9917151928 -0.1254614592 -0.0275761299 -0.1274574399 0.9343437552 0.3328008056 -0.0159880873 0.3335583806 -0.9425938725
-433.6 -153.1 2849.1 -0.8063380718 0.0981047899 0.5832618475 0.0958002582 0.9947891235 -0.0348834470 -0.5836448073 0.0277487841 -0.8115348220
-472.6 -548.2 2838.1 -0.7684876919 -0.2708773613 0.5797000527 -0.0878237486 0.9420512915 0.3237690032 -0.6338088512 0.1979010701 -0.7477442622
-101.8 -205.4 2699.8 0 0 0 0 0 0 0 0 0
-315.0 -134.5 2638.8 0 0 0 0 0 0 0 0 0
-472.2 -835.5 2544.7 0 0 0 0 0 0 0 0 0
-396.7 -812.1 2782.6 0 0 0 0 0 0 0 0 0
-126.2 356.0 2736.3 15 0.4891810417 0.5938076377 -0.6388226748 -0.3206509650 0.8035897017 0.5014244914 0.8111010194 -0.0404482596 0.5835058689
-245.3 194.8 2744.4 0.4891810417 0.5938076377 -0.6388226748 -0.3206509650 0.8035897017 0.5014244914 0.8111010194 -0.0404482596 0.5835058689
-361.1 33.9 2755.9 0.5019062757 0.5830140114 -0.6388933659 -0.3031985760 0.8103957772 0.5013275146 0.8100374341 -0.0579078831 0.5835117698
-318.5 239.1 2626.3 -0.0389463603 0.2145181000 -0.9759432077 0.9972559810 -0.0531918742 -0.0514887646 -0.0629575178 -0.9752705097 -0.2118578404
-307.9 -33.1 2643.5 -0.7701763511 0.2145181000 -0.6006749868 0.6048671603 -0.0531918742 -0.7945478559 -0.2023959309 -0.9752705097 -0.0887878388
-172.1 150.6 2862.5 -0.0561287589 0.8617680669 0.5041878819 -0.9981735349 -0.0371347740 -0.0476502627 -0.0223405734 -0.5059415698 0.8622784019
-187.5 -123.6 2856.3 -0.5071269274 0.8617680669 -0.0133450096 -0.0368247293 -0.0371347740 -0.9986315370 -0.8610842824 -0.5059415698 0.0505664162
-524.8 -100.5 2695.0 -0.9993481636 -0.0227349419 0.0280416496 -0.0215416458 0.9988791943 0.0421464890 -0.0289684180 0.0415149517 -0.9987178445
-515.8 -496.8 2678.5 -0.9929103851 -0.1173176691 0.0191200171 -0.1023207754 0.9254412055 0.3648137450 -0.0604935475 0.3602709770 -0.9308841825
-426.4 -158.6 2837.9 -0.7792033553 0.1028468534 0.6182755828 0.0728922412 0.9946215153 -0.0735850111 -0.6225181818 -0.0122701973 -0.7825091481
-467.2 -553.5 2842.8 -0.7506225109 -0.2559379339 0.6091482639 -0.0608856678 0.9448008537 0.3219383955 -0.6579200625 0.2045658082 -0.7247717381
-90.7 -203.7 2700.6 0 0 0 0 0 0 0 0 0
-310.5 -132.5 2647.5 0 0 0 0 0 0 0 0 0
-473.0 -834.6 2547.0 0 0 0 0 0 0 0 0 0
-397.3 -811.7 2786.9 0 0 0 0 0 0 0 0 0
-124.3 364.9 2726.0 16 0.4817510247 0.5966665149 -0.6417982578 -0.2820258439 0.7989901304 0.5311084390 0.8296850920 -0.0748583302 0.5531896949
-243.8 204.7 2741.0 0.4817510247 0.5966665149 -0.6417982578 -0.2820258439 0.7989901304 0.5311084390 0.8296850920 -0.0748583302 0.5531896949
-358.2 43.2 2757.3 0.4936746955 0.5755532980 -0.6519384384 -0.2656224668 0.8136287332 0.5171586275 0.8280881643 -0.0821386278 0.5545477867
-315.8 243.5 2620.3 -0.0541121997 0.1976011693 -0.9787878394 0.9964284301 -0.0529500283 -0.0657771975 -0.0648244917 -0.9788513780 -0.1940301806
-300.9 -31.7 2638.2 -0.7745836377 0.1976011693 -0.6008110642 0.6035673022 -0.0529500283 -0.7955518961 -0.1890149415 -0.9788513780 -0.0782513767
-171.8 166.0 2861.8 -0.0457393639 0.8690224290 0.4926539958 -0.9988174438 -0.0479218252 -0.0082007516 0.0164822415 -0.4924464822 0.8701866269
-184.4 -108.3 2866.3 -0.4947568178 0.8690224290 -0.0039668768 -0.0761876628 -0.0479218252 -0.9959412217 -0.8656853437 -0.4924464822 0.0899184421
-522.8 -99.4 2693.3 -0.9991059899 -0.0113628451 0.0407202952 -0.0099298516 0.9993301630 0.0352222286 -0.0410932451 0.0347863920 -0.9985495806
-518.3 -496.2 2679.4 -0.9913105965 -0.1269351989 0.0345073566 -0.1053139716 0.9230427742 0.3700013161 -0.0788179561 0.3631521165 -0.9283901453
-431.0 -154.9 2841.5 -0.7673944831 0.1009951308 0.6331712008 0.0790364966 0.9948853254 -0.0628999025 -0.6362853050 0.0017745951 -0.7714517713
-471.1 -550.0 2840.8 -0.7359248996 -0.2657561898 0.6227263808 -0.0626334697 0.9425242543 0.3282149434 -0.6741598845 0.2025380433 -0.7102723122
-82.4 -201.9 2691.5 0 0 0 0 0 0 0 0 0
-304.4 -126.8 2656.3 0 0 0 0 0 0 0 0 0
-471.4 -837.2 2545.3 0 0 0 0 0 0 0 0 0
-397.3 -811.9 2784.5 0 0 0 0 0 0 0 0 0
-120.2 372.0 2731.4 17 0.4323362112 0.5995631814 -0.6735053062 -0.2300796807 0.7955442071 0.5605111122 0.8718650937 -0.0873693675 0.4818898737
-240.4 212.5 2748.9 0.4323362112 0.5995631814 -0.6735053062 -0.2300796807 0.7955442071 0.5605111122 0.8718650937 -0.0873693675 0.4818898737
-355.6 51.8 2768.4 0.4454666674 0.5788429976 -0.6830082536 -0.2121964097 0.8094081283 0.5475684404 0.8697885871 -0.0989915878 0.4833927155
-305.3 243.3 2622.3 -0.0355400555 0.2053956091 -0.9780334830 0.9989105463 -0.0223154016 -0.0409851223 -0.0302433744 -0.9784246087 -0.2043787390
-295.5 -31.2 2630.6 -0.7798851132 0.2053956091 -0.5912629366 0.6002547741 -0.0223154016 -0.7994974852 -0.1774075478 -0.9784246087 -0.1058862358
-175.6 181.6 2875.6 -0.0460247174 0.8958930373 0.4418793917 -0.9960967898 -0.0745117441 0.0473194309 0.0753183514 -0.4379767776 0.8958255649
-188.2 -91.9 2896.2 -0.4441877306 0.8958930373 -0.0085395817 -0.1312796921 -0.0745117441 -0.9885411859 -0.8862634301 -0.4379767776 0.1507097632
-517.8 -94.1 2697.9 -0.9951763749 0.0078314012 0.0977889970 0.0111249369 0.9993874431 0.0331803150 -0.0974692479 0.0341081619 -0.9946538806
-520.9 -491.0 2684.3 -0.9871549010 -0.1289275289 0.0943553075 -0.0839126706 0.9209635258 0.3805059791 -0.1359554976 0.3677007258 -0.9199523330
-427.4 -142.7 2849.5 -0.7246966362 0.1064102575 0.6808022261 0.0841846988 0.9942756295 -0.0657940954 -0.6839062572 0.0096323704 -0.7295063138
-469.6 -537.7 2845.7 -0.7014079690 -0.2480709255 0.6681973338 -0.0212554783 0.9443417192 0.3282787204 -0.7124430537 0.2160544544 -0.6676416993
-75.5 -200.5 2680.6 0 0 0 0 0 0 0 0 0
-295.9 -123.8 2681.3 0 0 0 0 0 0 0 0 0
-472.2 -838.8 2545.5 0 0 0 0 0 0 0 0 0
-398.3 -809.2 2783.5 0 0 0 0 0 0 0 0 0
-128.0 371.1 2723.1 18 0.5190501809 0.5825015903 -0.6255227923 -0.2772687674 0.8069962859 0.5214202404 0.8085227013 -0.0972053185 0.5803810954
-244.1 210.3 2742.5 0.5190501809 0.5825015903 -0.6255227923 -0.2772687674 0.8069962859 0.5214202404 0.8085227013 -0.0972053185 0.5803810954
-355.5 47.2 2761.8 0.5295937657 0.5597938895 -0.6373078227 -0.2622276843 0.8225613832 0.5046081543 0.8067013621 -0.1001175940 0.5824168324
-321.1 248.3 2625.4 -0.0966752097 0.2550190985 -0.9620910287 0.9953016639 0.0299495067 -0.0920737237 0.0053335954 -0.9664720893 -0.2567163110
-294.1 -29.5 2623.9 -0.7884742618 0.2550190985 -0.5597085357 0.5850108266 0.0299495067 -0.8104723096 -0.1899229139 -0.9664720893 -0.1728033274
-167.1 172.3 2859.5 -0.0302746482 0.8496897221 0.5264131427 -0.9994596839 -0.0324768610 -0.0050588325 0.0127978083 -0.5262818933 0.8502138853
-175.4 -102.2 2863.0 -0.5270892382 0.8496897221 0.0142938495 -0.0793725997 -0.0324768610 -0.9963158369 -0.8460951447 -0.5262818933 0.0845602900
-511.4 -89.5 2708.6 -0.9999582171 0.0091381352 0.0003340482 0.0091331592 0.9962821007 0.0856656656 0.0004500182 0.0856651366 -0.9963238835
-515.0 -484.8 2674.6 -0.9936969876 -0.1120673269 0.0026896356 -0.1044478938 0.9343150258 0.3408020735 -0.0407057442 0.3383730650 -0.9401312470
-427.3 -132.1 2862.9 -0.7895634174 0.0898690298 0.6070528030 0.1057357267 0.9943471551 -0.0096794805 -0.6044911146 0.0565446056 -0.7946025133
-462.6 -522.5 2840.7 -0.7644089460 -0.2206352502 0.6058044434 -0.0447834954 0.9555233717 0.2914954126 -0.6431744695 0.1956916600 -0.7402914166
-71.7 -194.5 2677.5 0 0 0 0 0 0 0 0 0
-303.2 -121.4 2657.8 0 0 0 0 0 0 0 0 0
-472.6 -838.2 2546.7 0 0 0 0 0 0 0 0 0
-397.0 -807.0 2782.5 0 0 0 0 0 0 0 0 0
-129.9 375.0 2730.4 19 0.5679276586 0.5676125884 -0.5960487723 -0.3324443698 0.8206627369 0.4647508860 0.7529534698 -0.0657918155 0.6547766924
-243.1 211.3 2743.5 0.5679276586 0.5676125884 -0.5960487723 -0.3324443698 0.8206627369 0.4647508860 0.7529534698 -0.0657918155 0.6547766924
-351.0 45.4 2758.4 0.5841664076 0.5414571762 -0.6046268940 -0.3081712723 0.8371326327 0.4519285262 0.7508528829 -0.0776728392 0.6558863521
-328.1 255.9 2634.7 -0.0980795324 0.3255986273 -0.9404073358 0.9921265841 0.1059411466 -0.0667934120 0.0778799877 -0.9395541549 -0.3334257007
-300.4 -23.6 2612.7 -0.7967122197 0.3255986273 -0.5091514587 0.5658451915 0.1059411466 -0.8176770210 -0.2122944295 -0.9395541549 -0.2686430216
-158.2 166.7 2852.4 -0.0164822545 0.8140946031 0.5804983377 -0.9983243346 0.0188096724 -0.0547245108 -0.0554699115 -0.5804275870 0.8124204278
-162.7 -107.5 2837.2 -0.5798162818 0.8140946031 0.0326049440 -0.0297884885 0.0188096724 -0.9993792176 -0.8142024875 -0.5804275870 0.0133444937
-515.0 -92.4 2708.1 -0.9978411794 -0.0070219152 -0.0652967840 -0.0138525851 0.9944016933 0.1047536284 0.0641956627 0.1054320186 -0.9923522472
-512.3 -487.2 2666.2 -0.9922115803 -0.1060488671 -0.0653437898 -0.1211174875 0.9439020157 0.3072125316 0.0290985946 0.3127340972 -0.9493948817
-417.3 -141.9 2852.4 -0.8303055763 0.0909020901 0.5498449802 0.1118063480 0.9937195778 0.0045508202 -0.5459780097 0.0652547255 -0.8352543116
-453.2 -534.4 2826.7 -0.8072099090 -0.2004771233 0.5551766157 -0.0667942539 0.9655382633 0.2515440285 -0.5864730477 0.1659662277 -0.7927827835
-75.8 -183.1 2672.6 0 0 0 0 0 0 0 0 0
-303.4 -114.7 2639.7 0 0 0 0 0 0 0 0 0
-473.1 -835.5 2550.8 0 0 0 0 0 0 0 0 0
-396.1 -809.6 2779.4 0 0 0 0 0 0 0 0 0
-140.8 376.0 2734.1 20 0.5376519561 0.5544899702 -0.6351938844 -0.2982055247 0.8297036886 0.4718742073 0.7886722088 -0.0642857626 0.6114437580
-252.5 208.8 2747.0 0.5376519561 0.5544899702 -0.6351938844 -0.2982055247 0.8297036886 0.4718742073 0.7886722088 -0.0642857626 0.6114437580
-357.8 41.0 2760.5 0.5497056842 0.5291609764 -0.6463840604 -0.2795695662 0.8456972837 0.4545733929 0.7871876955 -0.0691722780 0.6128219366
-332.5 249.5 2632.6 -0.1094049066 0.3121522963 -0.9437115788 0.9895349145 0.1240638122 -0.0736805350 0.0940809101 -0.9418965578 -0.3224588037
-303.0 -17.8 2607.1 -0.8057201505 0.3121522963 -0.5033646822 0.5598740578 0.1240638122 -0.8192369938 -0.1932773590 -0.9418965578 -0.2747266889
-172.5 168.2 2861.5 0.0049585630 0.8428519964 0.5381226540 -0.9994518757 0.0217908118 -0.0249210540 -0.0327308886 -0.5377041101 0.8424980640
-171.1 -106.3 2852.6 -0.5357810855 0.8428519964 0.0503901429 -0.0595806912 0.0217908118 -0.9979856014 -0.8422521949 -0.5377041101 0.0385425985
-512.0 -92.8 2705.3 -0.9998759627 -0.0017278361 -0.0156553052 -0.0033914787 0.9942669272 0.1068728864 0.0153808929 0.1069127247 -0.9941494465
-511.3 -487.8 2662.8 -0.9944791794 -0.1037535742 -0.0156944729 -0.1037240997 0.9493108988 0.2967323363 -0.0158881079 0.2967220545 -0.9548317194
-404.8 -149.6 2840.6 -0.7978548408 0.1574246138 0.5819322467 0.1241235808 0.9875176549 -0.0969648585 -0.5899330378 -0.0051323711 -0.8074358702
-466.9 -539.0 2842.6 -0.7662506104 -0.2426610440 0.5949584842 -0.0511849187 0.9460546970 0.3199385107 -0.6404998899 0.2147001922 -0.7373355627
-75.7 -175.7 2661.7 0 0 0 0 0 0 0 0 0
-301.1 -120.8 2648.3 0 0 0 0 0 0 0 0 0
-473.6 -832.8 2554.9 0 0 0 0 0 0 0 0 0
-396.4 -814.0 2780.2 0 0 0 0 0 0 0 0 0
-146.9 374.5 2736.4 21 0.5158010721 0.5538460612 -0.6536082625 -0.2831138074 0.8302626014 0.4801152349 0.8085764050 -0.0625984222 0.5850517750
-259.1 206.3 2749.1 0.5158010721 0.5538460612 -0.6536082625 -0.2831138074 0.8302626014 0.4801152349 0.8085764050 -0.0625984222 0.5850517750
-364.1 38.2 2762.9 0.5286538601 0.5280615091 -0.6645871997 -0.2631963491 0.8463241458 0.4631016552 0.8070023656 -0.0699035600 0.5863963962
-336.1 244.6 2631.6 -0.1419606358 0.3298702836 -0.9332913756 0.9839866757 0.1496894509 -0.0967642814 0.1077842042 -0.9320829511 -0.3458379507
-297.8 -21.1 2602.4 -0.8142845631 0.3298702836 -0.4776256084 0.5446615219 0.1496894509 -0.8251889944 -0.2007098049 -0.9320829511 -0.3015574515
-182.0 167.9 2866.7 0.0091788592 0.8573207855 0.5147007108 -0.9998539686 0.0152892126 -0.0076359729 -0.0144158471 -0.5145554543 0.8573359251
-179.5 -106.7 2862.7 -0.5120864511 0.8573207855 0.0526171699 -0.0768379718 0.0152892126 -0.9969263673 -0.8554901481 -0.5145554543 0.0580453910
-513.1 -101.5 2702.4 -0.9999273419 -0.0040276991 0.0113599403 -0.0027586760 0.9939729571 0.1095910892 -0.0117328726 0.1095517874 -0.9939118624
-511.5 -496.4 2658.9 -0.9941056967 -0.1079221517 0.0103270011 -0.0996153057 0.9468549490 0.3058471382 -0.0427858531 0.3030156493 -0.9520246387
-412.5 -152.9 2845.4 -0.7806458473 0.1321175843 0.6108494401 0.1172996163 0.9910040498 -0.0644342303 -0.6138671637 0.0213520881 -0.7891205549
-464.8 -544.9 2836.9 -0.7489002347 -0.2427898645 0.6166048050 -0.0572921559 0.9507049918 0.3047583103 -0.6602014899 0.1929069459 -0.7258931398
-68.1 -174.7 2659.1 0 0 0 0 0 0 0 0 0
-303.7 -125.3 2655.2 0 0 0 0 0 0 0 0 0
-473.3 -831.4 2551.7 0 0 0 0 0 0 0 0 0
-396.5 -812.4 2782.7 0 0 0 0 0 0 0 0 0
-149.8 382.1 2744.6 22 0.5306828022 0.5390763879 -0.6540430784 -0.3106872439 0.8416799307 0.4416427612 0.7885741591 -0.0311693940 0.6141492128
-259.2 211.2 2750.9 0.5306828022 0.5390763879 -0.6540430784 -0.3106872439 0.8416799307 0.4416427612 0.7885741591 -0.0311693940 0.6141492128
-361.4 41.2 2758.9 0.5440720916 0.5140452981 -0.6631312370 -0.2890929282 0.8568014503 0.4269854128 0.7876616120 -0.0406043008 0.6147686243
-338.6 253.3 2636.2 -0.2119599730 0.4002932012 -0.8915370703 0.9678894281 0.2121353894 -0.1348653585 0.1351408809 -0.8914953470 -0.4324037731
-276.4 -30.5 2596.5 -0.8253191710 0.4002932012 -0.3982632756 0.5062520504 0.2121353894 -0.8358871937 -0.2501142323 -0.8914953470 -0.3777286708
-179.9 169.1 2865.7 0.0242148768 0.8495547771 0.5269442797 -0.9980491400 0.0508851558 -0.0361747742 -0.0575460941 -0.5250403285 0.8491296172
-173.3 -104.9 2849.9 -0.5230163336 0.8495547771 0.0686335415 -0.0482487082 0.0508851558 -0.9975383282 -0.8509559035 -0.5250403285 0.0143761532
-517.3 -105.8 2703.0 -0.9999395609 -0.0102915559 -0.0038660886 -0.0106461896 0.9942024946 0.1069958210 0.0027425212 0.1070305184 -0.9942519665
-513.3 -500.9 2660.5 -0.9934603572 -0.1140241250 -0.0059147542 -0.1102086604 0.9441010356 0.3106884658 -0.0298418570 0.3093085587 -0.9504933953
-420.5 -154.1 2850.2 -0.7929751873 0.1141757369 0.5984598994 0.1143940911 0.9927153587 -0.0378176197 -0.5984181762 0.0384718440 -0.8002597094
-465.8 -547.7 2835.0 -0.7592126727 -0.2500986755 0.6008716226 -0.0677566156 0.9485766292 0.3092109263 -0.6473060250 0.1940438300 -0.7371172905
-44.4 -172.8 2666.9 0 0 0 0 0 0 0 0 0
-300.1 -116.6 2643.5 0 0 0 0 0 0 0 0 0
-473.1 -833.5 2551.5 0 0 0 0 0 0 0 0 0
-395.8 -813.3 2780.6 0 0 0 0 0 0 0 0 0
-152.4 384.4 2750.7 23 0.5582206845 0.5350413322 -0.6341296434 -0.3551232517 0.8448239565 0.4001998603 0.7498514056 0.0017943244 0.6616038680
-260.6 213.6 2750.3 0.5582206845 0.5350413322 -0.6341296434 -0.3551232517 0.8448239565 0.4001998603 0.7498514056 0.0017943244 0.6616038680
-361.8 42.9 2750.8 0.5706884265 0.5089743733 -0.6444066167 -0.3347548842 0.8607761264 0.3834105134 0.7498359084 -0.0030896792 0.6616166234
-343.8 262.2 2641.1 -0.2418462187 0.4795756042 -0.8435150385 0.9581112862 0.2554668188 -0.1294581890 0.1534051150 -0.8394902945 -0.5212705135
-269.6 -31.4 2594.1 -0.8092434406 0.4795756042 -0.3393114507 0.4986883700 0.2554668188 -0.8282793164 -0.3105397224 -0.8394902945 -0.4458936453
-177.4 165.0 2859.5 0.0263573639 0.8317289352 0.5545558929 -0.9922850728 0.0889954418 -0.0863142312 -0.1211429909 -0.5480025411 0.8276578784
-170.2 -107.5 2826.2 -0.5503483415 0.8317289352 0.0731004253 0.0021984249 0.0889954418 -0.9960296154 -0.8349322677 -0.5480025411 -0.0508069880
-513.4 -102.5 2694.9 -0.9993330836 0.0023723806 -0.0364391431 -0.0007976145 0.9962311387 0.0867342576 0.0365075767 0.0867054760 -0.9955648184
-514.4 -498.3 2660.4 -0.9929723144 -0.1130434349 -0.0350312740 -0.1183414385 0.9455659986 0.3031505048 -0.0011447925 0.3051657081 -0.9522985816
-413.7 -155.4 2838.8 -0.8150655031 0.1299665719 0.5646033287 0.1264674366 0.9909251928 -0.0455326922 -0.5653973818 0.0342918038 -0.8241055012
-465.3 -548.7 2825.2 -0.7790246606 -0.2476247549 0.5760230422 -0.0952629894 0.9547868967 0.2816148698 -0.6197140813 0.1645112485 -0.7673920393
-41.5 -172.0 2681.7 0 0 0 0 0 0 0 0 0
-303.7 -107.0 2623.7 0 0 0 0 0 0 0 0 0
-474.2 -833.8 2552.1 0 0 0 0 0 0 0 0 0
-397.1 -811.5 2779.9 0 0 0 0 0 0 0 0 0
-162.9 386.8 2753.2 24 0.5621044636 0.5110377073 -0.6502915025 -0.3592972755 0.8590777516 0.3645419776 0.7449457049 0.0287373140 0.6665058732
-265.6 214.2 2747.4 0.5621044636 0.5110377073 -0.6502915025 -0.3592972755 0.8590777516 0.3645419776 0.7449457049 0.0287373140 0.6665058732
-361.9 40.8 2742.4 0.5732245445 0.4851466119 -0.6603380442 -0.3399507403 0.8740598559 0.3470632136 0.7455515265 0.0255372543 0.6659585238
-349.2 263.7 2638.8 -0.2445843071 0.4825260639 -0.8410393000 0.9545711279 0.2720894814 -0.1214959249 0.1702129990 -0.8325478435 -0.5271542668
-274.1 -29.6 2586.5 -0.8135451674 0.4825260639 -0.3245194256 0.4914024174 0.2720894814 -0.8273397088 -0.3109146357 -0.8325478435 -0.4584715664
-181.9 164.8 2856.1 0.0546397790 0.8336338401 0.5496081114 -0.9874210954 0.1269017011 -0.0943164453 -0.1483715773 -0.5375412107 0.8300815225
-166.9 -106.4 2815.4 -0.5430295467 0.8336338401 0.1008638963 0.0105828568 0.1269017011 -0.9918588400 -0.8396469355 -0.5375412107 -0.0777335986
-515.3 -97.3 2682.8 -0.9995529652 -0.0053453548 -0.0294158719 -0.0070519182 0.9982788563 0.0582206510 0.0290540326 0.0584020615 -0.9978702664
-513.2 -493.8 2659.6 -0.9938951135 -0.1062215716 -0.0298243891 -0.1102576405 0.9465427399 0.3031502962 -0.0039710407 0.3045879602 -0.9524759650
-410.8 -158.4 2819.8 -0.8150790334 0.1209251136 0.5665891767 0.1047189757 0.9926167130 -0.0612049140 -0.5698071122 0.0094457995 -0.8217241764
-458.8 -552.5 2816.0 -0.7841974497 -0.2303611189 0.5761667490 -0.0996604934 0.9632392526 0.2494753003 -0.6124558449 0.1382168233 -0.7783276439
-40.6 -170.6 2675.7 0 0 0 0 0 0 0 0 0
-298.6 -103.8 2611.7 0 0 0 0 0 0 0 0 0
-475.2 -832.1 2550.8 0 0 0 0 0 0 0 0 0
-397.1 -810.7 2779.0 0 0 0 0 0 0 0 0 0
-168.9 390.8 2755.5 25 0.5725451112 0.4989943802 -0.6505357027 -0.3666970432 0.8655270338 0.3411688805 0.7332975864 0.0432149395 0.6785330772
-268.7 217.7 2746.9 0.5725451112 0.4989943802 -0.6505357027 -0.3666970432 0.8655270338 0.3411688805 0.7332975864 0.0432149395 0.6785330772
-362.6 43.0 2738.6 0.5829175115 0.4731783271 -0.6605372429 -0.3480736315 0.8799881935 0.3232113421 0.7342015505 0.0415100530 0.6776614189
-353.7 268.4 2639.8 -0.2568272352 0.5629103780 -0.7856027484 0.9505260587 0.2941071987 -0.1000060067 0.1747569889 -0.7724201083 -0.6105957031
-273.2 -29.5 2585.0 -0.7810036540 0.5629103780 -0.2704906464 0.4951199889 0.2941071987 -0.8175311089 -0.3806435168 -0.7724201083 -0.5084069967
-183.6 167.0 2853.9 0.0672774464 0.8281315565 0.5564817190 -0.9830940366 0.1502176970 -0.1046933755 -0.1702932864 -0.5400303602 0.8242374659
-165.1 -103.0 2807.1 -0.5488111973 0.8281315565 0.1140369475 0.0212881621 0.1502176970 -0.9884237051 -0.8356752396 -0.5400303602 -0.1000705510
-510.9 -101.5 2669.0 -0.9993288517 -0.0051978868 -0.0362599641 -0.0058744214 0.9998101592 0.0185763724 0.0361565240 0.0187769122 -0.9991697073
-508.8 -498.4 2661.5 -0.9946613908 -0.0966421738 -0.0361805968 -0.1031167284 0.9442909360 0.3125404716 0.0039604194 0.3146027625 -0.9492151737
-405.8 -163.7 2805.4 -0.8229044080 0.1415998340 0.5502524972 0.0849547535 0.9882249832 -0.1272558719 -0.5617926717 -0.0579728521 -0.8252443075
-461.9 -555.3 2828.4 -0.7916961908 -0.2442203164 0.5599763989 -0.0898558497 0.9532006383 0.2886772156 -0.6042706966 0.1782274991 -0.7765899301
-47.8 -172.4 2694.9 0 0 0 0 0 0 0 0 0
-298.2 -97.8 2604.5 0 0 0 0 0 0 0 0 0
-474.7 -831.7 2550.5 0 0 0 0 0 0 0 0 0
-395.7 -813.5 2780.1 0 0 0 0 0 0 0 0 0
-162.9 395.1 2755.1 26 0.5793074965 0.5004996061 -0.6433529258 -0.3676337898 0.8648798466 0.3418015242 0.7274944782 0.0385100879 0.6850319505
-263.4 221.5 2747.4 0.5793074965 0.5004996061 -0.6433529258 -0.3676337898 0.8648798466 0.3418015242 0.7274944782 0.0385100879 0.6850319505
-356.9 46.6 2737.8 0.5867878199 0.4710590243 -0.6586223841 -0.3541935980 0.8807500601 0.3143664300 0.7281668186 0.0488134362 0.6836594939
-349.0 273.2 2641.2 -0.2515377104 0.6367538571 -0.7288849354 0.9524065256 0.2968350947 -0.0693597272 0.1721935570 -0.7116413713 -0.6811137795
-268.9 -30.2 2586.3 -0.7336102128 0.6367538571 -0.2374037653 0.5173820853 0.2968350947 -0.8026236296 -0.4406039417 -0.7116413713 -0.5472062826
-177.8 169.8 2853.6 0.0691361427 0.8255445957 0.5600860119 -0.9810791016 0.1580377668 -0.1118385345 -0.1808424294 -0.5417565703 0.8208506703
-158.8 -99.6 2804.0 -0.5522456169 0.8255445957 0.1161934212 0.0285779759 0.1580377668 -0.9870194197 -0.8331915140 -0.5417565703 -0.1108680591
-510.1 -99.8 2663.1 -0.9991165400 -0.0125413155 -0.0401110612 -0.0127433743 0.9999073744 0.0047857827 0.0400473215 0.0052927048 -0.9991837740
-505.2 -496.9 2661.0 -0.9949678779 -0.0909556150 -0.0420243852 -0.0995426998 0.9451134801 0.3112100959 0.0114115095 0.3138272464 -0.9494115114
-403.2 -163.5 2797.6 -0.8271648884 0.1514932364 0.5411543846 0.0765965506 0.9843844175 -0.1584937871 -0.5567146540 -0.0896499380 -0.8258520961
-463.3 -553.9 2833.1 -0.7969418764 -0.2460190058 0.5516867638 -0.0862051398 0.9502764344 0.2992379069 -0.5978731513 0.1909170002 -0.7785232067
-56.3 -180.1 2714.0 0 0 0 0 0 0 0 0 0
-292.7 -92.7 2601.9 0 0 0 0 0 0 0 0 0
-472.7 -833.9 2549.1 0 0 0 0 0 0 0 0 0
-397.3 -809.1 2781.9 0 0 0 0 0 0 0 0 0
-162.5 399.8 2754.9 27 0.5754802823 0.4920795858 -0.6532076001 -0.3617717624 0.8694983721 0.3362941444 0.7334464192 0.0427814163 0.6783996820
-260.5 226.7 2746.4 0.5754802823 0.4920795858 -0.6532076001 -0.3617717624 0.8694983721 0.3362941444 0.7334464192 0.0427814163 0.6783996820
-353.5 51.5 2736.9 0.5822849870 0.4684632123 -0.6644443870 -0.3493625522 0.8821647167 0.3158024251 0.7340912819 0.0482449606 0.6773347855
-345.5 277.7 2639.3 -0.2244239151 0.6938333511 -0.6842727661 0.9584441185 0.2840644419 -0.0263117123 0.1761216223 -0.6617421508 -0.7287513018
-273.9 -27.9 2583.2 -0.6850425005 0.6938333511 -0.2220632434 0.5437110066 0.2840644419 -0.7897377610 -0.4848661423 -0.6617421508 -0.5718410015
-175.5 175.7 2853.5 0.0729436427 0.8291222453 0.5542882681 -0.9817152023 0.1576701403 -0.1066555828 -0.1758252233 -0.5363733768 0.8254629374
-155.5 -93.9 2805.3 -0.5461470485 0.8291222453 0.1194976419 0.0233598184 0.1576701403 -0.9872155190 -0.8373635411 -0.5363733768 -0.1054792255
-504.4 -95.9 2661.3 -0.9994343519 -0.0071997787 -0.0328511111 -0.0075284843 0.9999226928 0.0098932218 0.0327773429 0.0101349447 -0.9994112849
-501.5 -493.2 2657.3 -0.9958683252 -0.0843927339 -0.0335290357 -0.0905666575 0.9500010610 0.2988237441 0.0066340663 0.3006257117 -0.9537191391
-396.7 -160.8 2794.8 -0.8228934407 0.1616981775 0.5447018147 0.0740060955 0.9809868932 -0.1794094592 -0.5633555651 -0.1073236167 -0.8192143440
-460.9 -550.2 2837.4 -0.7976397872 -0.2361713946 0.5549718738 -0.0594317056 0.9464455843 0.3173462749 -0.6001988053 0.2201451063 -0.7689587474
-77.2 -184.0 2722.4 0 0 0 0 0 0 0 0 0
-287.9 -88.2 2602.2 0 0 0 0 0 0 0 0 0
-471.3 -833.4 2549.6 0 0 0 0 0 0 0 0 0
-397.2 -805.5 2778.0 0 0 0 0 0 0 0 0 0
-164.1 400.8 2755.9 28 0.5909765959 0.4982427061 -0.6344295144 -0.3976703882 0.8641973734 0.3082550764 0.7018581629 0.0701223016 0.7088568211
-263.2 228.9 2741.9 0.5909765959 0.4982427061 -0.6344295144 -0.3976703882 0.8641973734 0.3082550764 0.7018581629 0.0701223016 0.7088568211
-357.9 54.9 2727.5 0.5986737609 0.4765294492 -0.6438240409 -0.3839280307 0.8761491776 0.2914822102 0.7029857635 0.0726793632 0.7074805498
-350.5 284.8 2639.4 -0.2061313093 0.7104228139 -0.6729110479 0.9594388604 0.2818924189 0.0037039381 0.1923198849 -0.6448535323 -0.7397141457
-284.2 -23.9 2577.5 -0.6720032692 0.7104228139 -0.2090718150 0.5439093113 0.2818924189 -0.7903792262 -0.5025677085 -0.6448535323 -0.5758382082
-175.9 172.9 2844.4 0.0605188794 0.8159003854 0.5750165582 -0.9739067554 0.1745017469 -0.1451024264 -0.2187305242 -0.5512310863 0.8051715493
-159.3 -94.6 2784.4 -0.5678506494 0.8159003854 0.1088679656 0.0623287819 0.1745017469 -0.9826821685 -0.8207684159 -0.5512310863 -0.1499450058
-500.0 -91.8 2660.0 -0.9982255697 0.0057534827 -0.0592671707 0.0050512617 0.9999153614 0.0119914096 0.0593311451 0.0116707580 -0.9981701374
-502.3 -489.1 2655.4 -0.9948017597 -0.0853612274 -0.0555244014 -0.0976066440 0.9547326565 0.2809955478 0.0290248357 0.2849543989 -0.9581015110
-393.2 -155.8 2794.6 -0.8362609148 0.1733184755 0.5202195644 0.1067346409 0.9820365906 -0.1556017399 -0.5378432870 -0.0745982006 -0.8397378922
-462.0 -545.6 2824.3 -0.8029339910 -0.2410347760 0.5451598167 -0.1061084419 0.9577841759 0.2671899199 -0.5865474939 0.1566898227 -0.7946133018
-91.7 -179.7 2721.4 0 0 0 0 0 0 0 0 0
-297.0 -79.5 2585.3 0 0 0 0 0 0 0 0 0
-471.5 -833.8 2552.5 0 0 0 0 0 0 0 0 0
-396.4 -806.4 2781.6 0 0 0 0 0 0 0 0 0
-163.4 401.6 2755.3 29 0.6480585933 0.4955053329 -0.5783550143 -0.4308197200 0.8647360802 0.2581199110 0.6280242205 0.0818899199 0.7738730907
-262.1 229.4 2739.0 0.6480585933 0.4955053329 -0.5783550143 -0.4308197200 0.8647360802 0.2581199110 0.6280242205 0.0818899199 0.7738730907
-356.4 55.6 2721.3 0.6552212834 0.4738212824 -0.5883693695 -0.4179556966 0.8761555552 0.2401343435 0.6292838454 0.0885711908 0.7721120715
-357.4 290.2 2647.4 -0.2088926584 0.7264231443 -0.6547314525 0.9532743096 0.3006674945 0.0294468924 0.2182473689 -0.6179874539 -0.7552877665
-289.1 -21.4 2576.1 -0.6621172428 0.7264231443 -0.1841471791 0.5471304655 0.3006674945 -0.7811833024 -0.5121025443 -0.6179874539 -0.5965253711
-166.7 168.6 2830.6 0.0508076660 0.7685258985 0.6377981901 -0.9581129551 0.2177355438 -0.1860399246 -0.2818478346 -0.6016304493 0.7473972440
-152.8 -94.5 2753.2 -0.6312281489 0.7685258985 0.1044939235 0.1044539362 0.2177355438 -0.9704023004 -0.7685313225 -0.6016304493 -0.2177163512
-507.5 -84.0 2648.7 -0.9904448986 -0.0146722840 -0.1371261328 -0.0126455110 0.9997977018 -0.0156398658 0.1373278648 -0.0137563962 -0.9904301167
-501.7 -481.0 2654.2 -0.9868255258 -0.0882726684 -0.1355848908 -0.1226723492 0.9546378255 0.2713265121 0.1054837480 0.2843844295 -0.9528896213
-397.8 -154.2 2777.5 -0.8829848766 0.1571788043 0.4423036873 0.0901825428 0.9815223217 -0.1687634140 -0.4606569707 -0.1091274694 -0.8808441162
-460.2 -543.8 2820.8 -0.8538633585 -0.2274698168 0.4681611657 -0.1245881766 0.9626234770 0.2404866368 -0.5053663850 0.1470153779 -0.8502889276
-99.7 -177.9 2722.6 0 0 0 0 0 0 0 0 0
-305.9 -69.1 2566.8 0 0 0 0 0 0 0 0 0
-469.0 -834.3 2549.0 0 0 0 0 0 0 0 0 0
-397.8 -808.1 2780.5 0 0 0 0 0 0 0 0 0
-166.5 403.4 2755.5 30 0.6297053099 0.4964440763 -0.5975069404 -0.4287752211 0.8634973764 0.2655636668 0.6477831602 0.0889692977 0.7566118240
-265.5 231.3 2737.8 0.6297053099 0.4964440763 -0.5975069404 -0.4287752211 0.8634973764 0.2655636668 0.6477831602 0.0889692977 0.7566118240
-359.8 57.4 2720.5 0.6396017075 0.4744704068 -0.6048036814 -0.4110452235 0.8759509325 0.2524911463 0.6495779157 0.0871078819 0.7552885413
-358.7 291.2 2643.2 -0.1878409237 0.7047820687 -0.6841037869 0.9610356092 0.2756898105 0.0201422814 0.2027963549 -0.6536645889 -0.7291064858
-298.9 -14.6 2578.6 -0.6728190184 0.7047820687 -0.2249373943 0.5519033670 0.2756898105 -0.7870182991 -0.4926634431 -0.6536645889 -0.5744609237
-172.3 171.4 2832.4 0.0541064963 0.7825272679 0.6202608943 -0.9620707631 0.2071861029 -0.1774648428 -0.2673805058 -0.5871328712 0.7640567422
-157.4 -92.8 2759.0 -0.6134748459 0.7825272679 0.1062997803 0.0955752209 0.2071861029 -0.9736217260 -0.7839093804 -0.5871328712 -0.2018936872
-510.6 -80.3 2646.3 -0.9927898049 -0.0328203440 -0.1152875423 -0.0317468978 0.9994339347 -0.0111353798 0.1155877411 -0.0073950700 -0.9932697415
-497.5 -477.3 2649.2 -0.9897676706 -0.0774065927 -0.1198675111 -0.1065041944 0.9598253369 0.2595999241 0.0949571282 0.2697100043 -0.9582481980
-390.9 -156.4 2761.0 -0.8787939548 0.1193234473 0.4620423019 0.0398898907 0.9832130671 -0.1780472845 -0.4755312502 -0.1380360574 -0.8688015342
-438.3 -546.5 2815.8 -0.8673614264 -0.1536243856 0.4733747542 -0.0646966547 0.9778993130 0.1988145709 -0.4934556186 0.1418183297 -0.8581311703
-106.5 -172.4 2719.5 0 0 0 0 0 0 0 0 0
-306.2 -69.6 2568.9 0 0 0 0 0 0 0 0 0
-468.7 -834.6 2548.8 0 0 0 0 0 0 0 0 0
-396.9 -810.1 2777.6 0 0 0 0 0 0 0 0 0
-168.6 405.0 2755.2 31 0.6250570416 0.4932866395 -0.6049561501 -0.4269039333 0.8648635745 0.2641288042 0.6534957886 0.0931625888 0.7511751056
-267.0 232.4 2736.6 0.6250570416 0.4932866395 -0.6049561501 -0.4269039333 0.8648635745 0.2641288042 0.6534957886 0.0931625888 0.7511751056
-360.4 57.9 2719.0 0.6363507509 0.4698364437 -0.6118099689 -0.4064632952 0.8783066869 0.2517240047 0.6556258798 0.0884935409 0.7498824000
-359.8 291.7 2641.0 -0.1730368733 0.7155340910 -0.6768081188 0.9621471167 0.2697042823 0.0391479768 0.2105497420 -0.6444149017 -0.7351178527
-306.1 -7.0 2575.6 -0.6653761268 0.7155340910 -0.2128041387 0.5441274643 0.2697042823 -0.7944715023 -0.5110772252 -0.6444149017 -0.5687965155
-174.2 173.1 2832.2 0.0605133027 0.7861487269 0.6150677204 -0.9625093341 0.2091865093 -0.1726754606 -0.2644124627 -0.5815592408 0.7693340778
-157.6 -91.2 2759.5 -0.6077591777 0.7861487269 0.1122450829 0.0907659158 0.2091865093 -0.9736542106 -0.7889171839 -0.5815592408 -0.1984905303
-512.7 -79.0 2643.8 -0.9934170842 -0.0396682024 -0.1074659154 -0.0383225605 0.9991593361 -0.0145587288 0.1079530939 -0.0103445211 -0.9941021800
-497.0 -476.0 2647.9 -0.9909107685 -0.0711953789 -0.1141362861 -0.0980798155 0.9630636573 0.2507762015 0.0920664072 0.2596912980 -0.9612929821
-395.7 -154.1 2762.5 -0.8731994629 0.1308249533 0.4694758356 0.0508200042 0.9824883342 -0.1792594939 -0.4847061336 -0.1326705217 -0.8645567894
-447.7 -544.2 2815.2 -0.8552849293 -0.1845153421 0.4841918349 -0.0948806256 0.9744183421 0.2037315667 -0.5093970299 0.1283081174 -0.8509122729
-115.9 -162.5 2721.7 0 0 0 0 0 0 0 0 0
-305.0 -69.2 2568.2 0 0 0 0 0 0 0 0 0
-470.7 -830.9 2552.2 0 0 0 0 0 0 0 0 0
-396.2 -815.9 2779.4 0 0 0 0 0 0 0 0 0
-173.6 404.0 2765.5 32 0.5823636055 0.4805136025 -0.6557128429 -0.4153447151 0.8692541718 0.2681155801 0.6988143325 0.1162061170 0.7058007717
-269.5 230.4 2742.3 0.5823636055 0.4805136025 -0.6557128429 -0.4153447151 0.8692541718 0.2681155801 0.6988143325 0.1162061170 0.7058007717
-363.1 56.3 2722.2 0.5917266011 0.4704466462 -0.6546293497 -0.3981547952 0.8766505122 0.2701047957 0.7009510994 0.1008156314 0.7060480118
-355.8 288.5 2640.1 -0.1766778380 0.7117944956 -0.6798040271 0.9606875181 0.2749848068 0.0382470004 0.2141597718 -0.6463218927 -0.7323958278
-301.8 -5.3 2574.6 -0.6679610610 0.7117944956 -0.2172017843 0.5495588183 0.2749848068 -0.7889033556 -0.5018098950 -0.6463218927 -0.5748520494
-183.3 172.3 2844.4 0.0690099299 0.8219534755 0.5653584003 -0.9677659273 0.1927491874 -0.1621014476 -0.2422122210 -0.5359479785 0.8087601662
-164.3 -93.4 2777.9 -0.5575098395 0.8219534755 0.1165129542 0.0797857121 0.1927491874 -0.9779989719 -0.8263274431 -0.5359479785 -0.1730397046
-512.1 -79.3 2641.4 -0.9980625510 -0.0400888659 -0.0475814715 -0.0401191562 0.9991948605 -0.0003186234 0.0475559346 0.0015909225 -0.9988673329
-496.2 -476.4 2640.8 -0.9961436391 -0.0676509887 -0.0558672845 -0.0792248175 0.9671747088 0.2414467037 0.0376993194 0.2449416816 -0.9688045979
-395.5 -153.7 2761.5 -0.8404227495 0.1584107429 0.5182621479 0.0537701361 0.9759798646 -0.2111210227 -0.5392572880 -0.1495638788 -0.8287534118
-458.4 -541.2 2820.9 -0.8160534501 -0.2192893475 0.5347607136 -0.0996006131 0.9647429585 0.2436200678 -0.5693299174 0.1455444992 -0.8091231585
-110.9 -162.4 2718.0 0 0 0 0 0 0 0 0 0
-299.5 -74.1 2577.5 0 0 0 0 0 0 0 0 0
-471.3 -831.2 2550.9 0 0 0 0 0 0 0 0 0
-396.0 -816.1 2779.4 0 0 0 0 0 0 0 0 0
-174.0 407.4 2760.1 33 0.5916436315 0.4840079844 -0.6447433829 -0.4160927236 0.8683083653 0.2700137198 0.6905248761 0.1085211337 0.7151213288
-271.3 232.9 2738.3 0.5916436315 0.4840079844 -0.6447433829 -0.4160927236 0.8683083653 0.2700137198 0.6905248761 0.1085211337 0.7151213288
-364.2 58.4 2718.8 0.6014450192 0.4678372145 -0.6476050019 -0.3981074393 0.8783001304 0.2647628188 0.6926574111 0.0985760763 0.7144987583
-359.0 291.1 2637.3 -0.2107215971 0.7155457735 -0.6660260558 0.9589692354 0.2835076451 0.0011818513 0.1896691322 -0.6384494305 -0.7459275723
-294.1 -4.5 2578.9 -0.6632699966 0.7155457735 -0.2192422450 0.5625635982 0.2835076451 -0.7766245008 -0.4935535192 -0.6384494305 -0.5905821323
-183.5 174.8 2839.3 0.0703395829 0.8149024844 0.5753140450 -0.9665887356 0.1981959641 -0.1625563204 -0.2464924753 -0.5446579456 0.8016166091
-164.2 -90.6 2771.6 -0.5673176050 0.8149024844 0.1186787039 0.0803383812 0.1981959641 -0.9768643975 -0.8195708990 -0.5446579456 -0.1779080033
-510.6 -81.5 2638.1 -0.9976394773 -0.0352570377 -0.0589273907 -0.0352835879 0.9993771911 -0.0005901722 0.0589114949 0.0014903906 -0.9982621074
-496.6 -478.6 2637.5 -0.9955767393 -0.0673668385 -0.0654878989 -0.0807910413 0.9696537256 0.2307476252 0.0479558483 0.2350178063 -0.9708073139
-402.4 -154.3 2766.3 -0.8452904820 0.1547832638 0.5113962889 0.0616557486 0.9789835811 -0.1943957359 -0.5307378173 -0.1327903420 -0.8370687366
-463.9 -543.1 2819.0 -0.8152487874 -0.2420232892 0.5261122584 -0.1101996973 0.9567169547 0.2693486214 -0.5685291290 0.1616087407 -0.8066332340
-104.5 -165.2 2719.9 0 0 0 0 0 0 0 0 0
-301.8 -71.2 2572.8 0 0 0 0 0 0 0 0 0
-472.2 -829.8 2552.3 0 0 0 0 0 0 0 0 0
-396.0 -811.2 2773.7 0 0 0 0 0 0 0 0 0
-172.8 408.9 2758.4 34 0.5935157537 0.4940753281 -0.6353176832 -0.4259616137 0.8626031280 0.2728965282 0.6828584671 0.1086525619 0.7224256992
-271.9 235.9 2736.7 0.5935157537 0.4940753281 -0.6353176832 -0.4259616137 0.8626031280 0.2728965282 0.6828584671 0.1086525619 0.7224256992
-366.3 62.2 2717.2 0.6046291590 0.4755498469 -0.6389647126 -0.4060555398 0.8741676211 0.2663640678 0.6852316856 0.0984036773 0.7216469049
-360.1 295.2 2636.7 -0.2933410406 0.7696698308 -0.5670620203 0.9443995953 0.3254516721 -0.0468040891 0.1485275924 -0.5492627025 -0.8223442435
-266.7 -5.3 2589.4 -0.6167142987 0.7696698308 -0.1651417166 0.6015263796 0.3254516721 -0.7295527458 -0.5077691078 -0.5492627025 -0.6636874080
-183.6 176.6 2836.6 0.0605481677 0.8114106655 0.5813317895 -0.9659184813 0.1944689751 -0.1708312184 -0.2516652644 -0.5511755943 0.7955313325
-167.0 -88.6 2767.5 -0.5741407871 0.8114106655 0.1094305217 0.0886403322 0.1944689751 -0.9768954515 -0.8139442205 -0.5511755943 -0.1835762858
-512.2 -79.6 2635.7 -0.9962897897 -0.0536727719 -0.0672751591 -0.0528137162 0.9984993339 -0.0144847613 0.0679516345 -0.0108779678 -0.9976292849
-490.9 -476.4 2640.1 -0.9956511259 -0.0498668551 -0.0786900446 -0.0674238503 0.9686056376 0.2392846793 0.0642872453 0.2435496449 -0.9677554965
-402.1 -152.6 2762.6 -0.8510030508 0.1570501924 0.5011278391 0.0621088743 0.9776380658 -0.2009136379 -0.5214751363 -0.1398536265 -0.8417271376
-464.5 -541.0 2818.2 -0.8205122352 -0.2452133745 0.5163623095 -0.1088671610 0.9538180828 0.2799625397 -0.5611662269 0.1734977961 -0.8093150854
-91.4 -176.3 2733.8 0 0 0 0 0 0 0 0 0
-306.3 -67.1 2570.1 0 0 0 0 0 0 0 0 0
-472.7 -828.9 2551.4 0 0 0 0 0 0 0 0 0
-395.5 -809.2 2769.4 0 0 0 0 0 0 0 0 0
-175.5 406.4 2757.1 35 0.5794834495 0.4975300431 -0.6454942226 -0.4261137843 0.8601130843 0.2804149389 0.6947128773 0.1125581414 0.7104257345
-274.7 234.8 2734.6 0.5794834495 0.4975300431 -0.6454942226 -0.4261137843 0.8601130843 0.2804149389 0.6947128773 0.1125581414 0.7104257345
-369.7 61.5 2714.2 0.5905299187 0.4781096876 -0.6501427293 -0.4065003693 0.8721729517 0.2721613348 0.6971598268 0.1035638377 0.7093960047
-360.9 294.2 2632.9 -0.2976770401 0.7491500974 -0.5917453170 0.9460490942 0.3145820796 -0.0776480809 0.1279823929 -0.5829341412 -0.8023766279
-268.6 1.0 2593.3 -0.6277367473 0.7491500974 -0.2114726007 0.6181148887 0.3145820796 -0.7203971744 -0.4731601179 -0.5829341412 -0.6605355740
-188.6 175.4 2836.3 0.0601207577 0.8218784928 0.5664814711 -0.9671249986 0.1884420365 -0.1707596332 -0.2470925897 -0.5375921726 0.8061885238
-172.0 -90.1 2768.5 -0.5593796372 0.8218784928 0.1077503935 0.0884670988 0.1884420365 -0.9780915976 -0.8241771460 -0.5375921726 -0.1781198382
-516.2 -74.3 2634.8 -0.9969192743 -0.0600551739 -0.0504512563 -0.0597407445 0.9981840849 -0.0077187065 0.0508231893 -0.0046809316 -0.9986966848
-492.3 -470.9 2636.7 -0.9965083003 -0.0544990152 -0.0632543638 -0.0676553696 0.9710191488 0.2292259634 0.0489286110 0.2327050716 -0.9713158011
-405.4 -148.7 2760.4 -0.5399395823 0.1665307581 0.8250653148 -0.0243777931 0.9767271876 -0.2130954415 -0.8413506746 -0.1351719350 -0.5233139992
-471.6 -536.8 2814.1 -0.5399395823 -0.2687140405 0.7976578474 -0.0243777931 0.9522653818 0.3042965531 -0.8413506746 0.1448566020 -0.5207163692
-90.5 -174.5 2727.6 0 0 0 0 0 0 0 0 0
-307.7 -68.7 2568.6 0 0 0 0 0 0 0 0 0
-472.2 -829.6 2550.7 0 0 0 0 0 0 0 0 0
-395.2 -807.4 2773.0 0 0 0 0 0 0 0 0 0
