-26.3 428.2 2512.9 6 0.4809204936 0.5497031808 -0.6830387115 -0.0419669002 0.7925845385 0.6083161235 0.8757592440 -0.2638866901 0.4042394757
-135.7 270.5 2565.4 0.4809204936 0.5497031808 -0.6830387115 -0.0419669002 0.7925845385 0.6083161235 0.8757592440 -0.2638866901 0.4042394757
-240.9 114.0 2617.7 0.4856269658 0.5377358198 -0.6892072558 -0.0350751355 0.7997680902 0.5992835164 0.8734622002 -0.2668541968 0.4072501063
-204.8 275.6 2441.0 -0.0931992158 0.7150475979 -0.6928353310 0.9597647786 0.2496525943 0.1285502762 0.2648877203 -0.6529781818 -0.7095449567
-190.7 130.7 2401.1 -0.4866698980 0.7150475979 -0.5018558502 0.8483163714 0.2496525943 -0.4669399559 -0.2085946798 -0.6529781818 -0.7280849814
-66.5 265.5 2689.8 0.2089663744 0.9773659110 0.0329992510 -0.9778072834 0.2083040476 0.0224117991 0.0150306504 -0.0369502231 0.9992040396
-16.3 30.7 2693.4 0.0978206247 0.9773659110 0.1875820309 -0.5998411775 0.2083040476 -0.7725283504 -0.7941169143 -0.0369502231 0.6066406965
-391.8 -47.0 2586.2 -0.3455972075 -0.0407374389 -0.9374982715 -0.1517507136 0.9883334041 0.0129946386 0.9260314703 0.1467569321 -0.3477472067
-375.8 -434.1 2528.7 -0.3509510756 0.1620942950 -0.9222574234 -0.1823079884 0.9542289972 0.2370880991 0.9184754491 0.2513412237 -0.3053366244
-308.4 -51.8 2746.3 -0.1407384276 -0.3748203218 -0.9163528085 -0.1558505744 0.9224128127 -0.3533627093 0.9777030945 0.0930823982 -0.1882348955
-161.8 -412.5 2709.9 -0.1407384276 0.3934196234 -0.9085227847 -0.1558505744 0.8974115252 0.4127507508 0.9777030945 0.1996836960 -0.0649856105
-79.5 -63.2 2448.7 0 0 0 0 0 0 0 0 0
9.0 -124.5 2487.9 0 0 0 0 0 0 0 0 0
-435.1 -782.7 2436.9 0 0 0 0 0 0 0 0 0
-309.7 -749.8 2634.9 0 0 0 0 0 0 0 0 0
-18.8 424.1 2513.1 7 0.4632954895 0.5650917888 -0.6826628447 -0.0299981777 0.7798812389 0.6252082586 0.8856959939 -0.2691775560 0.3782671988
-131.7 268.3 2566.9 0.4632954895 0.5650917888 -0.6826628447 -0.0299981777 0.7798812389 0.6252082586 0.8856959939 -0.2691775560 0.3782671988
-239.2 113.6 2620.2 0.4691315889 0.5491569042 -0.6916229129 -0.0217750762 0.7901058793 0.6125834584 0.8828597665 -0.2723221183 0.3826215863
-198.5 271.4 2441.1 -0.0406970084 0.6786463261 -0.7333368063 0.9626971483 0.2231280655 0.1530622095 0.2675031424 -0.6997520924 -0.6624115705
-192.9 138.5 2404.2 -0.4781814516 0.6786463261 -0.5574778914 0.8573812246 0.2231280655 -0.4638009071 -0.1903678328 -0.6997520924 -0.6885543466
-64.9 265.2 2692.6 0.1827526987 0.9826728106 -0.0309132058 -0.9830676913 0.1830736995 0.0078693982 0.0133924391 0.0289516188 0.9994910955
-18.0 13.1 2696.0 0.1246537566 0.9826728106 0.1371700317 -0.5371721983 0.1830736995 -0.8233650923 -0.8342106938 0.0289516188 0.5506853461
-389.9 -39.4 2591.1 -0.3626709282 -0.0405508392 -0.9310346246 -0.1617549062 0.9866275191 0.0200370960 0.9177718163 0.1578662843 -0.3643804193
-374.1 -425.8 2529.3 -0.3649413586 0.1652719826 -0.9162439704 -0.1746900827 0.9544845223 0.2417491525 0.9144950509 0.2482829988 -0.3194594979
-302.2 -45.8 2748.9 -0.1059154123 -0.3346522748 -0.9363705516 -0.1541998833 0.9358036518 -0.3170077205 0.9823463559 0.1108122244 -0.1507193744
-171.4 -411.7 2705.6 -0.1059154123 0.3710952103 -0.9225347042 -0.1541998833 0.9104007483 0.3839178085 0.9823463559 0.1829175651 -0.0392026342
-83.1 -58.4 2447.9 0 0 0 0 0 0 0 0 0
14.7 -127.6 2477.5 0 0 0 0 0 0 0 0 0
-435.8 -782.4 2436.5 0 0 0 0 0 0 0 0 0
-311.0 -754.1 2636.8 0 0 0 0 0 0 0 0 0
-23.2 418.3 2515.2 8 0.4453699887 0.5607470274 -0.6980031133 -0.0189904254 0.7853305936 0.6187852621 0.8951452374 -0.2623330057 0.3604114950
-134.7 262.1 2567.4 0.4453699887 0.5607470274 -0.6980031133 -0.0189904254 0.7853305936 0.6187852621 0.8951452374 -0.2623330057 0.3604114950
-242.7 107.4 2620.0 0.4507881403 0.5515483022 -0.7018436790 -0.0113180466 0.7897325754 0.6133468747 0.8925592303 -0.2685459852 0.3622445166
-198.9 263.7 2440.2 -0.0550302826 0.6873379350 -0.7242500782 0.9673717022 0.2163618505 0.1318314970 0.2473128885 -0.6933643222 -0.6768177152
-191.4 132.2 2406.6 -0.4760170281 0.6873379350 -0.5486112833 0.8552053571 0.2163618505 -0.4709684849 -0.2050159574 -0.6933643222 -0.6908070445
-70.5 260.5 2694.5 0.2072812468 0.9778606892 -0.0286873691 -0.9777350426 0.2080563158 0.0273270383 0.0326906256 0.0223842636 0.9992148280
-18.5 15.0 2702.7 0.1333296895 0.9778606892 0.1612813622 -0.5370309353 0.2080563158 -0.8175024986 -0.8329591751 0.0223842636 0.5528815389
-389.1 -39.1 2593.8 -0.3806855977 -0.0315866321 -0.9241648912 -0.1621809006 0.9862057567 0.0330990851 0.9103712440 0.1624822319 -0.3805570900
-376.7 -425.4 2530.1 -0.3826496303 0.1575432122 -0.9103622437 -0.1739301383 0.9554517865 0.2384537160 0.9073740244 0.2495836616 -0.3382017612
-304.3 -43.1 2753.3 -0.0826952085 -0.3820873201 -0.9204187989 -0.1668063253 0.9158595800 -0.3652079403 0.9825157523 0.1233307272 -0.1394717842
-155.0 -401.0 2705.1 -0.0826952085 0.3941881657 -0.9153016806 -0.1668063253 0.9000155926 0.4026755095 0.9825157523 0.1859774441 -0.0086738998
-82.4 -63.7 2453.6 0 0 0 0 0 0 0 0 0
16.8 -127.0 2482.5 0 0 0 0 0 0 0 0 0
-435.6 -782.4 2436.9 0 0 0 0 0 0 0 0 0
-303.3 -739.6 2635.1 0 0 0 0 0 0 0 0 0
-30.8 416.1 2521.7 9 0.4499121010 0.5381393433 -0.7127307653 -0.0310629997 0.8070123196 0.5897170305 0.8925324678 -0.2431812733 0.3798008561
-137.1 256.6 2569.8 0.4499121010 0.5381393433 -0.7127307653 -0.0310629997 0.8070123196 0.5897170305 0.8925324678 -0.2431812733 0.3798008561
-241.8 98.6 2618.7 0.4541401267 0.5344793200 -0.7128033638 -0.0246997159 0.8073119521 0.5896077752 0.8905878067 -0.2501585186 0.3798342347
-201.9 260.1 2442.9 -0.0719060525 0.7086479664 -0.7018885612 0.9589059353 0.2427584082 0.1468596309 0.2744611204 -0.6624850631 -0.6969825625
-192.6 135.9 2407.3 -0.4771763384 0.7086479664 -0.5197315216 0.8565440178 0.2427584082 -0.4554126263 -0.1965580434 -0.6624850631 -0.7228267193
-72.4 253.1 2696.6 0.2112365216 0.9768270850 -0.0344667546 -0.9767990708 0.2122395784 0.0285995174 0.0352519937 0.0276258308 0.9989965558
-18.0 1.7 2705.7 0.1294964999 0.9768270850 0.1704097539 -0.4833059907 0.2122395784 -0.8493348360 -0.8658210039 0.0276258308 0.4995906651
-391.4 -46.2 2591.9 -0.3755576313 -0.0293382891 -0.9263345599 -0.1556356549 0.9873015881 0.0318291262 0.9136377573 0.1561243534 -0.3753547370
-379.9 -432.9 2530.7 -0.3802986741 0.1501498222 -0.9125940800 -0.1847424209 0.9545148611 0.2340334356 0.9062246680 0.2575974464 -0.3352616727
-310.0 -48.3 2753.2 -0.1731433868 -0.3803544939 -0.9084887505 -0.1726925820 0.9198544025 -0.3522004783 0.9696384072 0.0959080905 -0.2249511033
-161.2 -408.0 2715.7 -0.1731433868 0.3859027028 -0.9061459303 -0.1726925820 0.8938928843 0.4136820138 0.9696384072 0.2281109840 -0.0881291032
-84.0 -59.0 2452.1 0 0 0 0 0 0 0 0 0
16.6 -127.7 2473.9 0 0 0 0 0 0 0 0 0
-435.0 -783.2 2436.2 0 0 0 0 0 0 0 0 0
-306.4 -744.2 2629.9 0 0 0 0 0 0 0 0 0
-14.4 423.7 2525.0 0 0.4575757384 0.5729982257 -0.6799246073 -0.0712046027 0.7858301997 0.6143295765 0.8863150477 -0.2326885462 0.4003769457
-129.0 266.5 2571.6 0.4575757384 0.5729982257 -0.6799246073 -0.0712046027 0.7858301997 0.6143295765 0.8863150477 -0.2326885462 0.4003769457
-237.4 110.4 2618.6 0.4667299092 0.5536065698 -0.6896977425 -0.0583399646 0.7974221110 0.6005951166 0.8824735880 -0.2400787622 0.4044781327
-195.5 274.8 2445.9 -0.0073789074 0.6214998364 -0.7833795547 0.9673703313 0.2028453946 0.1518168747 0.2532590926 -0.7566978931 -0.6027172804
-194.4 139.6 2410.5 -0.4804576635 0.6214998364 -0.6187878847 0.8616152406 0.2028453946 -0.4652664959 -0.1636447757 -0.7566978931 -0.6329523325
-62.6 258.2 2697.2 0.1641374230 0.9836779237 -0.0737335235 -0.9856975079 0.1664501578 0.0263584163 0.0382011496 0.0683525503 0.9969295859
-18.6 -6.0 2707.5 0.1380426139 0.9836779237 0.1154208109 -0.4544134140 0.1664501578 -0.8751015663 -0.8800299168 0.0683525503 0.4699736536
-387.5 -57.2 2587.2 -0.3660235107 -0.0115798740 -0.9305335283 -0.1505743563 0.9874836802 0.0469395444 0.9183431268 0.1572954655 -0.3631858826
-382.9 -444.0 2525.6 -0.3714391887 0.1486162096 -0.9164857864 -0.1840574443 0.9557289481 0.2295757979 0.9100306630 0.2539594769 -0.3276412785
-305.4 -61.7 2748.1 -0.1373387575 -0.2806113958 -0.9499449134 -0.1627431363 0.9523922205 -0.2578056753 0.9770632982 0.1191903055 -0.1764679402
-196.2 -432.3 2701.7 -0.1373387575 0.3071655929 -0.9416939020 -0.1627431363 0.9307855368 0.3273422718 0.9770632982 0.1982109994 -0.0778438300
-86.0 -54.9 2447.4 0 0 0 0 0 0 0 0 0
18.6 -128.5 2470.2 0 0 0 0 0 0 0 0 0
-435.7 -783.2 2435.4 0 0 0 0 0 0 0 0 0
-311.3 -781.2 2627.5 0 0 0 0 0 0 0 0 0
-17.1 419.4 2526.6 1 0.4719108045 0.5715448260 -0.6712948084 -0.0826764330 0.7867435217 0.6117182374 0.8777612448 -0.2331761867 0.4185260534
-130.9 262.8 2573.1 0.4719108045 0.5715448260 -0.6712948084 -0.0826764330 0.7867435217 0.6117182374 0.8777612448 -0.2331761867 0.4185260534
-239.9 107.2 2620.3 0.4802121818 0.5568115115 -0.6777589321 -0.0710407123 0.7948313355 0.6026577353 0.8742708564 -0.2412550896 0.4212439954
-199.3 272.9 2448.5 0.0025045706 0.6331529021 -0.7740226984 0.9607377648 0.2132278830 0.1775297821 0.2774467170 -0.7440775037 -0.6077598333
-199.6 133.6 2408.3 -0.4947606027 0.6331529021 -0.5952557325 0.8507713675 0.2132278830 -0.4803352356 -0.1772005260 -0.7440775037 -0.6441650987
-62.5 252.6 2697.6 0.1628357917 0.9831426740 -0.0831567198 -0.9853380919 0.1663902402 0.0377242863 0.0509248190 0.0757946223 0.9958221912
-18.9 -11.3 2711.2 0.1417549253 0.9831426740 0.1154819280 -0.4318243563 0.1663902402 -0.8864772916 -0.8907487392 0.0757946223 0.4481315613
-387.9 -40.3 2585.9 -0.3529273868 -0.0183907449 -0.9354699850 -0.1272953153 0.9914543629 0.0285336990 0.9269509912 0.1291512698 -0.3522524536
-380.7 -428.5 2535.4 -0.3652980924 0.1444875002 -0.9196089506 -0.2020991594 0.9520089626 0.2298583835 0.9086876512 0.2698190212 -0.3185662329
-303.7 -50.9 2745.4 -0.1161633208 -0.2924303710 -0.9492052197 -0.1566406190 0.9491092563 -0.2732311785 0.9808005691 0.1169446558 -0.1560581625
-189.5 -421.4 2699.7 -0.1161633208 0.3259800673 -0.9382126927 -0.1566406190 0.9267739058 0.3413998783 0.9808005691 0.1866203696 -0.0565954112
-85.0 -63.4 2449.4 0 0 0 0 0 0 0 0 0
19.8 -129.0 2468.4 0 0 0 0 0 0 0 0 0
-434.7 -784.1 2434.6 0 0 0 0 0 0 0 0 0
-311.9 -769.6 2629.6 0 0 0 0 0 0 0 0 0
-5.5 421.2 2519.0 2 0.5198196769 0.5818859935 -0.6254568100 -0.1173702851 0.7738518715 0.6223965883 0.8461747766 -0.2501239479 0.4705595672
-122.7 265.3 2569.4 0.5198196769 0.5818859935 -0.6254568100 -0.1173702851 0.7738518715 0.6223965883 0.8461747766 -0.2501239479 0.4705595672
-233.7 111.8 2619.0 0.5261545777 0.5671768785 -0.6336179972 -0.1087825149 0.7838612199 0.6113329530 0.8434025049 -0.2527290583 0.4741310775
-197.5 280.8 2449.4 0.0707760751 0.5304827690 -0.8447359204 0.9638899565 0.1815833449 0.1947912723 0.2567233741 -0.8280190229 -0.4984752536
-208.2 135.0 2410.6 -0.5204620957 0.5304827690 -0.6691092849 0.8407733440 0.1815833449 -0.5100271106 -0.1490614861 -0.8280190229 -0.5405230522
-48.0 249.7 2689.3 0.1142646000 0.9880472422 -0.1034708098 -0.9894535542 0.1225191578 0.0772700906 0.0890236571 0.0935503244 0.9916265011
-17.2 -16.6 2713.2 0.1365902126 0.9880472422 0.0714543313 -0.4145299792 0.1225191578 -0.9017505050 -0.8997266293 0.0935503244 0.4263101518
-392.3 -42.0 2588.6 -0.3040459752 -0.0262983236 -0.9522942901 -0.1465033889 0.9890186787 0.0194627140 0.9413250089 0.1454319060 -0.3045599461
-382.0 -429.3 2531.7 -0.3134154677 0.1418939829 -0.9389551878 -0.2059296817 0.9550886154 0.2130696625 0.9270187020 0.2601380646 -0.2701193690
-305.6 -54.9 2746.6 0.0102450615 -0.2536900640 -0.9672312737 -0.1601232737 0.9543837309 -0.2520163953 0.9870438576 0.1574581563 -0.0308439657
-206.5 -427.5 2685.1 0.0102450615 0.2906967700 -0.9567604065 -0.1601232737 0.9449405074 0.2853908539 0.9870438576 0.1502757519 0.0562282875
-86.8 -61.2 2445.4 0 0 0 0 0 0 0 0 0
19.9 -129.3 2468.7 0 0 0 0 0 0 0 0 0
-434.7 -783.7 2435.2 0 0 0 0 0 0 0 0 0
-315.7 -782.5 2628.7 0 0 0 0 0 0 0 0 0
-3.7 418.0 2525.1 3 0.5189240575 0.5831077695 -0.6250625253 -0.1419926733 0.7798613310 0.6096346378 0.8429447412 -0.2275997996 0.4874858558
-120.9 261.3 2570.9 0.5189240575 0.5831077695 -0.6250625253 -0.1419926733 0.7798613310 0.6096346378 0.8429447412 -0.2275997996 0.4874858558
-233.0 107.7 2617.5 0.5275074840 0.5727141500 -0.6274825335 -0.1303758770 0.7844300270 0.6063593626 0.8394867182 -0.2380505204 0.4884608090
-195.9 279.9 2451.4 0.0930925086 0.4824932516 -0.8709385991 0.9643400908 0.1739712656 0.1994547099 0.2477538437 -0.8584487438 -0.4490921497
-210.3 131.5 2413.3 -0.5305790901 0.4824932516 -0.6969118714 0.8378514647 0.1739712656 -0.5174348950 -0.1284162104 -0.8584487438 -0.4965631962
-45.8 242.7 2690.3 0.1329041421 0.9894372821 -0.0578818880 -0.9880724549 0.1368509978 0.0706016198 0.0777770728 0.0478082523 0.9958238006
-10.2 -22.7 2711.2 0.0965972021 0.9894372821 0.1080870256 -0.3765301704 0.1368509978 -0.9162405729 -0.9213544726 0.0478082523 0.3857724071
-392.1 -31.9 2592.5 -0.3030191362 -0.0303645153 -0.9525005817 -0.1507178396 0.9884401560 0.0164376646 0.9409907460 0.1485397667 -0.3040927649
-380.2 -419.0 2534.3 -0.3120242059 0.1441023499 -0.9390822053 -0.2071432322 0.9543327093 0.2152689993 0.9272176623 0.2616936564 -0.2679250836
-297.3 -51.6 2744.6 0.0037019635 -0.2114641964 -0.9773787260 -0.1474941224 0.9665800929 -0.2096864730 0.9890559912 0.1449338794 -0.0276114810
-214.7 -429.2 2688.0 -0.0062787263 0.2757007778 -0.9612230062 -0.1818058342 0.9449069500 0.2722085118 0.9833143950 0.1764650792 0.0441911966
-84.5 -67.1 2443.7 0 0 0 0 0 0 0 0 0
15.9 -124.0 2463.1 0 0 0 0 0 0 0 0 0
-435.3 -783.4 2434.4 0 0 0 0 0 0 0 0 0
-318.3 -784.5 2621.6 0 0 0 0 0 0 0 0 0
-0.7 419.3 2527.2 4 0.5289272070 0.5888935328 -0.6110977530 -0.1641392261 0.7774571180 0.6071397662 0.8326429725 -0.2208276540 0.5078787804
-119.7 262.3 2571.8 0.5289272070 0.5888935328 -0.6110977530 -0.1641392261 0.7774571180 0.6071397662 0.8326429725 -0.2208276540 0.5078787804
-233.1 108.9 2616.5 0.5359745622 0.5787038207 -0.6146813035 -0.1547201127 0.7830938697 0.6023501158 0.8299354911 -0.2277407944 0.5092555285
-196.0 284.3 2453.7 0.0824521333 0.4826978445 -0.8718970418 0.9663653374 0.1751215309 0.1883360744 0.2435973585 -0.8580997586 -0.4520233274
-209.5 126.5 2413.9 -0.5346955061 0.4826978445 -0.6936162114 0.8349254727 0.1751215309 -0.5217584968 -0.1303845644 -0.8580997586 -0.4966534376
-43.4 240.2 2690.0 0.1202206537 0.9907655120 -0.0626950711 -0.9895824790 0.1246368289 0.0720570832 0.0792057887 0.0533791967 0.9954280853
-10.8 -28.3 2711.5 0.0930426046 0.9907655120 0.0986242965 -0.3386135101 0.1246368289 -0.9326341748 -0.9363140464 0.0533791967 0.3470831215
-392.7 -34.1 2588.4 -0.2938859761 -0.0271794535 -0.9554539919 -0.1491599679 0.9886536598 0.0177559126 0.9441304803 0.1477337033 -0.2946055233
-382.1 -421.4 2530.6 -0.3020235598 0.1415049285 -0.9427396655 -0.2014788836 0.9571077824 0.2082089484 0.9317660928 0.2528261542 -0.2605588138
-297.5 -57.7 2740.0 0.0093647577 -0.2023781836 -0.9792626500 -0.1477948725 0.9682698250 -0.2015197426 0.9889736772 0.1466171890 -0.0208428465
-218.4 -436.5 2682.6 0.0063782707 0.2721399069 -0.9622365236 -0.1582356095 0.9504072070 0.2677454650 0.9873808026 0.1505523324 0.0491241775
-82.3 -72.0 2444.9 0 0 0 0 0 0 0 0 0
14.3 -119.8 2458.5 0 0 0 0 0 0 0 0 0
-435.5 -782.5 2435.2 0 0 0 0 0 0 0 0 0
-320.7 -794.0 2626.0 0 0 0 0 0 0 0 0 0
-5.2 423.2 2527.7 5 0.5537325740 0.5828155875 -0.5947320461 -0.1875529140 0.7831671834 0.5928516388 0.8112978339 -0.2167375386 0.5429739356
-122.7 265.3 2571.4 0.5537325740 0.5828155875 -0.5947320461 -0.1875529140 0.7831671834 0.5928516388 0.8112978339 -0.2167375386 0.5429739356
-235.1 111.0 2615.3 0.5604870319 0.5736932158 -0.5972691178 -0.1783772409 0.7878978848 0.5894052386 0.8087248206 -0.2238147706 0.5439403653
-202.5 290.7 2456.3 0.0283209123 0.4977836013 -0.8668387532 0.9714569449 0.1906148344 0.1411998272 0.2355192751 -0.8460954428 -0.4781769514
-207.3 125.0 2416.2 -0.5303344727 0.4977836013 -0.6862629056 0.8388128877 0.1906148344 -0.5099597573 -0.1230377182 -0.8460954428 -0.5186369419
-42.9 239.9 2686.5 0.1300620586 0.9907268882 -0.0392952040 -0.9875600934 0.1329748929 0.0839212686 0.0883683339 0.0278914012 0.9956973195
-6.9 -33.4 2711.0 0.0697130412 0.9907268882 0.1166205034 -0.3213072419 0.1329748929 -0.9375923276 -0.9444054961 0.0278914012 0.3275977969
-394.8 -30.4 2586.2 -0.2665483057 -0.0377051681 -0.9630837440 -0.1386403590 0.9903427362 -0.0004015078 0.9537981153 0.1334152669 -0.2692016363
-380.0 -418.3 2533.9 -0.2783320248 0.1459364444 -0.9493333697 -0.2111706436 0.9549077749 0.2087058127 0.9369835854 0.2585608363 -0.2349639237
-298.0 -58.4 2736.0 -0.1285272241 -0.2763332427 -0.9524288177 -0.1478665322 0.9549986124 -0.2571247220 0.9806203246 0.1077848226 -0.1636037529
-190.2 -430.9 2694.0 -0.1285272241 0.3490029573 -0.9282659292 -0.1478665322 0.9188219905 0.3659257889 0.9806203246 0.1842908859 -0.0664877743
-80.9 -75.0 2445.5 0 0 0 0 0 0 0 0 0
11.6 -119.0 2459.2 0 0 0 0 0 0 0 0 0
-435.8 -783.0 2435.1 0 0 0 0 0 0 0 0 0
-321.1 -775.4 2624.9 0 0 0 0 0 0 0 0 0
-8.7 420.4 2528.5 6 0.5527814627 0.5812942386 -0.5971010923 -0.1923047900 0.7861709595 0.5873278975 0.8108338714 -0.2098385841 0.5463663936
-125.2 262.8 2570.6 0.5527814627 0.5812942386 -0.5971010923 -0.1923047900 0.7861709595 0.5873278975 0.8108338714 -0.2098385841 0.5463663936
-236.7 107.6 2613.5 0.5617323518 0.5690034032 -0.6005763412 -0.1800197661 0.7926025987 0.5825581551 0.8074958920 -0.2191261649 0.5476623774
-205.2 288.5 2455.5 0.0242674183 0.4967104793 -0.8675769567 0.9707332253 0.1957053542 0.1391992867 0.2389311939 -0.8455637693 -0.4774240851
-209.1 132.8 2417.2 -0.5256468058 0.4967104793 -0.6906331182 0.8430769444 0.1957053542 -0.5009198189 -0.1136515141 -0.8455637693 -0.5216370821
-45.2 237.2 2685.6 0.1423366517 0.9894086123 -0.0284756217 -0.9860323668 0.1442473233 0.0832641497 0.0864898041 0.0162263419 0.9961205721
-5.6 -37.0 2709.6 0.0606499501 0.9894086123 0.1318793744 -0.3092469275 0.1442473233 -0.9399782419 -0.9490457773 0.0162263419 0.3147201538
-398.1 -27.2 2586.1 -0.2655889094 -0.0490365885 -0.9628384709 -0.1437892765 0.9895501137 -0.0107342266 0.9533032775 0.1355949640 -0.2698644698
-378.9 -414.8 2533.0 -0.2757858932 0.1477272660 -0.9497993588 -0.2064305544 0.9559612274 0.2086253017 0.9387910366 0.2536035180 -0.2331451923
-296.9 -59.4 2732.1 -0.0874173567 -0.2707438469 -0.9586740732 -0.1455295533 0.9555044174 -0.2565784752 0.9854843020 0.1170859933 -0.1229289025
-191.0 -432.9 2686.3 -0.0874173567 0.3486854136 -0.9331541657 -0.1455295533 0.9222202897 0.3582329750 0.9854843020 0.1671172827 -0.0298740324
-84.2 -67.5 2444.3 0 0 0 0 0 0 0 0 0
10.3 -118.0 2461.1 0 0 0 0 0 0 0 0 0
-435.6 -782.0 2435.5 0 0 0 0 0 0 0 0 0
-322.0 -779.4 2623.5 0 0 0 0 0 0 0 0 0
-10.7 422.9 2536.4 7 0.5405232310 0.5784808993 -0.6108964682 -0.2037499100 0.7944996953 0.5720630884 0.8162846565 -0.1847432703 0.5473109484
-126.8 263.5 2573.5 0.5405232310 0.5784808993 -0.6108964682 -0.2037499100 0.7944996953 0.5720630884 0.8162846565 -0.1847432703 0.5473109484
-237.7 106.7 2611.8 0.5501430631 0.5661715269 -0.6138342023 -0.1903432161 0.8007375598 0.5679690242 0.8130879402 -0.1956250519 0.5482871532
-205.2 290.6 2457.6 0.0477131344 0.4892792106 -0.8708210588 0.9665675759 0.1972736120 0.1637992561 0.2519335747 -0.8495227695 -0.4635089040
-212.7 137.6 2417.8 -0.5284333229 0.4892792106 -0.6938040853 0.8419705629 0.1972736120 -0.5021640062 -0.1088291630 -0.8495227695 -0.5162046552
-48.4 236.4 2689.3 0.1470778584 0.9885974526 -0.0322976895 -0.9865248799 0.1489790082 0.0676306710 0.0716711879 0.0219154991 0.9971874952
-6.9 -42.2 2709.5 0.0647062585 0.9885974526 0.1359710842 -0.2888675034 0.1489790082 -0.9457065463 -0.9551799297 0.0219154991 0.2952135503
-398.9 -31.3 2583.4 -0.2806169689 -0.0471625365 -0.9586604238 -0.1453195214 0.9893657565 -0.0061355163 0.9487551451 0.1375903487 -0.2844864428
-380.4 -418.9 2529.5 -0.2889215648 0.1452633440 -0.9462678432 -0.1975787431 0.9580948353 0.2074051499 0.9367427230 0.2468862534 -0.2481133193
-297.4 -63.9 2729.3 -0.1127344444 -0.2116737068 -0.9708167911 -0.1221091151 0.9725906253 -0.1978807598 0.9860934615 0.0962375998 -0.1354917586
-214.7 -443.6 2691.7 -0.1268653572 0.2725929320 -0.9537286162 -0.1705478728 0.9411844015 0.2916939259 0.9771481752 0.1996622533 -0.0729135498
-87.8 -61.4 2443.5 0 0 0 0 0 0 0 0 0
9.8 -116.9 2462.7 0 0 0 0 0 0 0 0 0
-435.4 -781.4 2436.1 0 0 0 0 0 0 0 0 0
-316.9 -796.4 2616.9 0 0 0 0 0 0 0 0 0
-13.7 428.9 2541.3 8 0.5439664721 0.5655646920 -0.6198685765 -0.2097719312 0.8069249988 0.5521483421 0.8124630451 -0.1703191549 0.5575797558
-127.8 266.2 2575.7 0.5439664721 0.5655646920 -0.6198685765 -0.2097719312 0.8069249988 0.5521483421 0.8124630451 -0.1703191549 0.5575797558
-236.6 107.4 2611.3 0.5527227521 0.5557246208 -0.6210215092 -0.1971355081 0.8112363219 0.5504844785 0.8097130060 -0.1818399280 0.5579418540
-206.6 294.3 2460.3 0.0311736055 0.4995286167 -0.8657363057 0.9679875970 0.2007371187 0.1506805271 0.2490546554 -0.8427192569 -0.4772798121
-211.8 133.0 2418.8 -0.5303018093 0.4995286167 -0.6850190759 0.8400778770 0.2007371187 -0.5039580464 -0.1142327115 -0.8427192569 -0.5260941982
-49.0 238.1 2691.1 0.1448924690 0.9889706969 -0.0307105929 -0.9879044890 0.1463295072 0.0513070598 0.0552350469 0.0229051262 0.9982106090
-6.9 -48.9 2707.1 0.0605789833 0.9889706969 0.1351560354 -0.2585114539 0.1463295072 -0.9548609853 -0.9641068578 0.0229051262 0.2645247281
-398.2 -32.9 2576.6 -0.2802926302 -0.0474711768 -0.9587400556 -0.1326231509 0.9911130071 -0.0103010274 0.9507087469 0.1242638230 -0.2840974629
-379.6 -421.1 2527.9 -0.2906789780 0.1464956701 -0.9455394149 -0.1967670023 0.9579356909 0.2089066505 0.9363698363 0.2467757314 -0.2496262491
-298.8 -67.3 2723.5 -0.1049763784 -0.2918305695 -0.9506918192 -0.1346071064 0.9513458610 -0.2771678567 0.9853227139 0.0988737941 -0.1391513050
-185.1 -438.1 2685.0 -0.1049763784 0.3638667464 -0.9255166054 -0.1346071064 0.9168950915 0.3757449985 0.9853227139 0.1640254557 -0.0472732745
-85.5 -66.9 2446.0 0 0 0 0 0 0 0 0 0
8.5 -114.7 2461.5 0 0 0 0 0 0 0 0 0
-434.9 -782.2 2434.9 0 0 0 0 0 0 0 0 0
-321.1 -780.9 2623.7 0 0 0 0 0 0 0 0 0
-25.3 430.5 2552.8 9 0.5224744081 0.5447242260 -0.6559695005 -0.1964554936 0.8255329132 0.5290563703 0.8297142386 -0.1475495845 0.5383338928
-134.4 265.1 2582.4 0.5224744081 0.5447242260 -0.6559695005 -0.1964554936 0.8255329132 0.5290563703 0.8297142386 -0.1475495845 0.5383338928
-239.5 103.1 2614.3 0.5316061378 0.5371701121 -0.6548612118 -0.1825018525 0.8276458383 0.5307498574 0.8270961046 -0.1626365036 0.5380161405
-210.1 291.2 2464.6 0.0207670983 0.5011929870 -0.8650863171 0.9632046819 0.2218836546 0.1516721398 0.2679655254 -0.8364049792 -0.4781435132
-213.4 138.0 2421.9 -0.5404221416 0.5011929870 -0.6758324504 0.8351541162 0.2218836546 -0.5032745004 -0.1022814587 -0.8364049792 -0.5384842157
-58.7 239.0 2700.2 0.1805177480 0.9834316373 -0.0166004226 -0.9831849337 0.1808943450 0.0249932744 0.0275820997 0.0118095567 0.9995498061
-4.3 -57.5 2708.5 0.0538293719 0.9834316373 0.1731029451 -0.2291940302 0.1808943450 -0.9564242363 -0.9718911648 0.0118095567 0.2351340950
-395.4 -33.7 2573.7 -0.3086718023 -0.0381558090 -0.9504029751 -0.1167344674 0.9931612015 -0.0019594154 0.9439781904 0.1103399694 -0.3110149503
-380.4 -422.6 2530.5 -0.3219895959 0.1442279518 -0.9356927872 -0.1981208175 0.9561802745 0.2155630291 0.9257811904 0.2547892630 -0.2793055475
-295.5 -69.3 2720.0 0.0936523378 -0.2810721099 -0.9551061392 -0.1174993962 0.9494978189 -0.2909429967 0.9886471033 0.1394718885 0.0558968894
-185.7 -440.0 2665.6 0.0936523378 0.3607206643 -0.9279600382 -0.1174993962 0.9295472503 0.3494792879 0.9886471033 0.0763051957 0.1294387281
-85.1 -60.2 2446.2 0 0 0 0 0 0 0 0 0
9.5 -116.2 2459.6 0 0 0 0 0 0 0 0 0
-434.7 -782.7 2434.5 0 0 0 0 0 0 0 0 0
-320.6 -787.4 2637.1 0 0 0 0 0 0 0 0 0
-27.8 434.7 2549.0 0 0.5321908593 0.5374372602 -0.6541666985 -0.1850149333 0.8278284669 0.5295937657 0.8261612058 -0.1608143598 0.5399966836
-136.0 268.0 2581.4 0.5321908593 0.5374372602 -0.6541666985 -0.1850149333 0.8278284669 0.5295937657 0.8261612058 -0.1608143598 0.5399966836
-240.0 105.6 2615.2 0.5393389463 0.5310890675 -0.6534966826 -0.1739275753 0.8295648098 0.5306330323 0.8239312768 -0.1725299358 0.5397876501
-212.8 292.8 2464.0 -0.0141633106 0.4908034801 -0.8711552024 0.9691298604 0.2212104350 0.1088724062 0.2461435795 -0.8427205086 -0.4787853956
-210.5 133.9 2423.7 -0.5321775675 0.4908034801 -0.6898543239 0.8419487476 0.2212104350 -0.4921262562 -0.0889342949 -0.8427205086 -0.5309545994
-59.2 243.2 2698.8 0.1813365072 0.9832259417 -0.0195900928 -0.9830206037 0.1817951500 0.0249207839 0.0280641466 0.0147384163 0.9994974732
-4.3 -54.2 2707.3 0.0595034845 0.9832259417 0.1724123955 -0.2433336526 0.1817951500 -0.9527534842 -0.9681157470 0.0147384163 0.2500694096
-392.6 -42.4 2571.4 -0.3002247512 -0.0285312589 -0.9534416795 -0.1149194241 0.9933537841 0.0064608292 0.9469205737 0.1115086749 -0.3015082181
-381.4 -431.5 2527.8 -0.3145468831 0.1423863918 -0.9385021925 -0.2030716836 0.9557031393 0.2130572349 0.9272659421 0.2575997114 -0.2716988027
-296.6 -75.5 2720.9 -0.0589362234 -0.3192733824 -0.9458281994 -0.1234443337 0.9425339699 -0.3104693294 0.9905998111 0.0984592438 -0.0949618816
-171.9 -443.5 2682.4 -0.0589362234 0.4087337255 -0.9107487202 -0.1234443337 0.9023481607 0.4129519463 0.9905998111 0.1367646009 -0.0027251269
-84.0 -66.3 2444.8 0 0 0 0 0 0 0 0 0
11.0 -116.7 2458.6 0 0 0 0 0 0 0 0 0
-433.8 -782.8 2433.1 0 0 0 0 0 0 0 0 0
-324.8 -780.9 2631.3 0 0 0 0 0 0 0 0 0
-18.4 439.5 2547.2 1 0.5503151417 0.5463936329 -0.6313534975 -0.2001356333 0.8204280138 0.5355778337 0.8106164336 -0.1683802754 0.5608468056
-128.3 274.5 2581.0 0.5503151417 0.5463936329 -0.6313534975 -0.2001356333 0.8204280138 0.5355778337 0.8106164336 -0.1683802754 0.5608468056
-233.6 113.3 2616.5 0.5586245656 0.5380249619 -0.6312429905 -0.1875405759 0.8232893944 0.5357453823 0.8079400659 -0.1808968484 0.5608112216
-207.9 301.3 2465.9 0.0129203461 0.4799877703 -0.8771800399 0.9696125388 0.2083203942 0.1282735318 0.2443042099 -0.8521820903 -0.4627106190
-210.2 129.4 2422.6 -0.5349905491 0.4799877703 -0.6952674389 0.8393698335 0.2083203942 -0.5020567179 -0.0961426944 -0.8521820903 -0.5143367052
-48.8 247.8 2696.1 0.1499328911 0.9884144068 -0.0236034486 -0.9885800481 0.1502384841 0.0117448149 0.0151548907 0.0215729624 0.9996523857
-2.4 -58.2 2700.8 0.0546961278 0.9884144068 0.1415815204 -0.2199907601 0.1502384841 -0.9638633132 -0.9739673734 0.0215729624 0.2256595045
-392.6 -41.1 2574.6 -0.2762876749 -0.0330135264 -0.9605078101 -0.1241262779 0.9922651649 0.0015995578 0.9530255795 0.1196661890 -0.2782484889
-379.7 -429.8 2527.7 -0.2897155285 0.1486143321 -0.9455044866 -0.2046555281 0.9554048181 0.2128797323 0.9349764585 0.2551772892 -0.2463808656
-295.2 -72.6 2723.5 -0.1289544851 -0.3120527267 -0.9412724376 -0.1321944892 0.9461354613 -0.2955542505 0.9827997684 0.0863179862 -0.1632600576
-173.2 -442.6 2689.8 -0.1289544851 0.4034707844 -0.9058598280 -0.1321944892 0.8983395696 0.4189398885 0.9827997684 0.1737738550 -0.0625082999
-82.1 -71.5 2445.6 0 0 0 0 0 0 0 0 0
11.8 -115.0 2449.2 0 0 0 0 0 0 0 0 0
-434.5 -782.3 2433.6 0 0 0 0 0 0 0 0 0
-324.5 -779.5 2624.6 0 0 0 0 0 0 0 0 0
-27.5 441.6 2547.2 2 0.5537036061 0.5256599188 -0.6458281279 -0.1792167872 0.8326215148 0.5240446329 0.8131996393 -0.1744221747 0.5552326441
-133.3 274.1 2582.3 0.5537036061 0.5256599188 -0.6458281279 -0.1792167872 0.8326215148 0.5240446329 0.8131996393 -0.1744221747 0.5552326441
-234.9 110.7 2618.6 0.5602309704 0.5190957189 -0.6455082893 -0.1688012779 0.8344748020 0.5245549679 0.8109546304 -0.1849092990 0.5551226139
-213.1 298.2 2466.8 -0.0118399924 0.4706983864 -0.8822147250 0.9714109302 0.2146247625 0.1014741957 0.2371088713 -0.8557915688 -0.4597827196
-211.0 128.3 2425.3 -0.5378935933 0.4706983864 -0.6993665099 0.8386636376 0.2146247625 -0.5005791783 -0.0855204463 -0.8557915688 -0.5102029443
-53.5 250.1 2697.9 0.1570955515 0.9873073101 -0.0233514402 -0.9874415398 0.1574298739 0.0132323680 0.0167406276 0.0209794361 0.9996397495
-4.7 -56.4 2703.0 0.0566794463 0.9873073101 0.1483635455 -0.2258614153 0.1574298739 -0.9613544941 -0.9725091457 0.0209794361 0.2319176644
-389.4 -31.0 2578.9 -0.2754119635 -0.0362973399 -0.9606407881 -0.1454000026 0.9893636107 0.0043029981 0.9502668381 0.1408622712 -0.2777602077
-375.2 -418.4 2523.8 -0.2819808125 0.1605024785 -0.9458994269 -0.1834618449 0.9586939812 0.2173650563 0.9417157769 0.2348292321 -0.2408872396
-288.5 -64.9 2724.9 -0.1558588743 -0.2989250720 -0.9414625764 -0.1331293881 0.9507710338 -0.2798410654 0.9787668586 0.0817206204 -0.1879818141
-171.5 -437.0 2693.0 -0.1558588743 0.4010152817 -0.9027152061 -0.1331293881 0.8970172405 0.4214695990 0.9787668586 0.1858676970 -0.0864211842
-80.8 -74.7 2446.0 0 0 0 0 0 0 0 0 0
9.9 -114.9 2451.2 0 0 0 0 0 0 0 0 0
-435.9 -781.0 2435.0 0 0 0 0 0 0 0 0 0
-322.2 -774.1 2623.1 0 0 0 0 0 0 0 0 0
-39.8 438.2 2546.7 3 0.5409106016 0.5081771016 -0.6702027917 -0.1503784955 0.8424284458 0.5173978806 0.8275276423 -0.1790819317 0.5320973992
-141.4 269.8 2582.5 0.5409106016 0.5081771016 -0.6702027917 -0.1503784955 0.8424284458 0.5173978806 0.8275276423 -0.1790819317 0.5320973992
-239.9 104.5 2619.0 0.5454002023 0.5028302670 -0.6705970168 -0.1428889930 0.8441340327 0.5167402029 0.8259063959 -0.1860092729 0.5322397351
-219.1 290.2 2464.9 -0.0735234022 0.4659686983 -0.8817411661 0.9768782854 0.2116267234 0.0303808115 0.2007565051 -0.8591200709 -0.4707542062
-206.7 126.3 2431.2 -0.5277062058 0.4659686983 -0.7102108002 0.8458511829 0.2116267234 -0.4896426499 -0.0778585672 -0.8591200709 -0.5058168769
-63.8 249.4 2700.2 0.1655396372 0.9856448770 -0.0331787691 -0.9859610200 0.1661507338 0.0165766198 0.0218513366 0.0299688857 0.9993119836
-13.4 -50.8 2706.8 0.0731326491 0.9856448770 0.1521703452 -0.2601805329 0.1661507338 -0.9511572123 -0.9627864361 0.0299688857 0.2685966492
-387.1 -37.4 2581.5 -0.2926431298 -0.0272324588 -0.9558338523 -0.1575340182 0.9873089194 0.0201022346 0.9431558847 0.1564591229 -0.2932192087
-376.5 -424.0 2520.2 -0.2946227789 0.1612929553 -0.9419034123 -0.1692153960 0.9612714648 0.2175393254 0.9405124187 0.2234765887 -0.2559192181
-285.9 -67.9 2728.1 -0.1373900622 -0.2861289680 -0.9482901096 -0.1389959455 0.9534651637 -0.2675524354 0.9807161093 0.0950494260 -0.1707674116
-173.9 -441.2 2690.9 -0.1373900622 0.4000388980 -0.9061417580 -0.1389959455 0.8979786634 0.4175097942 0.9807161093 0.1833117157 -0.0677695721
-80.0 -76.9 2449.9 0 0 0 0 0 0 0 0 0
5.4 -117.7 2459.3 0 0 0 0 0 0 0 0 0
-436.3 -780.6 2437.4 0 0 0 0 0 0 0 0 0
-324.4 -779.0 2621.9 0 0 0 0 0 0 0 0 0
-38.1 443.1 2554.5 4 0.5220576525 0.5065929294 -0.6861628294 -0.1564175040 0.8477180004 0.5068607330 0.8384446502 -0.1572826356 0.5217976570
-140.2 272.2 2586.2 0.5220576525 0.5065929294 -0.6861628294 -0.1564175040 0.8477180004 0.5068607330 0.8384446502 -0.1572826356 0.5217976570
-238.3 105.9 2618.9 0.5276435614 0.5010374188 -0.6859692335 -0.1470103711 0.8492052555 0.5071867704 0.8366482258 -0.1667692512 0.5217353702
-215.4 293.2 2467.0 -0.0304501224 0.3440746665 -0.9384484291 0.9854558110 0.1673711389 0.0293899160 0.1671815068 -0.9239044785 -0.3441668749
-210.0 120.5 2437.8 -0.5488663912 0.3440746665 -0.7618125081 0.8342101574 0.1673711389 -0.5254334211 -0.0532829091 -0.9239044785 -0.3788949847
-65.1 251.2 2705.4 0.1434078962 0.9880489707 -0.0565106124 -0.9895806313 0.1439014822 0.0047430475 0.0128183244 0.0552416183 0.9983907342
-21.6 -49.1 2709.3 0.0938026905 0.9880489707 0.1223124191 -0.2769567072 0.1439014822 -0.9500459433 -0.9562928677 0.0552416183 0.2871451378
-387.5 -47.8 2580.9 -0.3129789233 -0.0267101415 -0.9493843913 -0.1599967480 0.9868013263 0.0249825139 0.9361865520 0.1597174108 -0.3131215870
-377.1 -434.3 2518.4 -0.3143784702 0.1617150754 -0.9354220629 -0.1682448983 0.9602922797 0.2225587070 0.9342696667 0.2273476571 -0.2746874988
-289.1 -73.7 2730.2 -0.1264253706 -0.2733446658 -0.9535718560 -0.1418255717 0.9563902617 -0.2553492188 0.9817851782 0.1029582620 -0.1596792489
-182.0 -448.1 2689.8 -0.1264253706 0.3813568950 -0.9157420993 -0.1418255717 0.9067165256 0.3971783817 0.9817851782 0.1800890714 -0.0605458021
-79.3 -78.2 2450.4 0 0 0 0 0 0 0 0 0
2.4 -119.8 2465.1 0 0 0 0 0 0 0 0 0
-435.5 -781.2 2436.2 0 0 0 0 0 0 0 0 0
-325.6 -789.4 2622.1 0 0 0 0 0 0 0 0 0
-43.0 442.9 2550.4 5 0.5266271234 0.5047900081 -0.6839962602 -0.1496915668 0.8471027017 0.5099111795 0.8368132114 -0.1661445796 0.5216700435
-144.9 271.9 2583.9 0.5266271234 0.5047900081 -0.6839962602 -0.1496915668 0.8471027017 0.5099111795 0.8368132114 -0.1661445796 0.5216700435
-242.2 105.4 2618.3 0.5329239368 0.4966759980 -0.6850584149 -0.1390208751 0.8499976993 0.5081112981 0.8346647620 -0.1755472422 0.5220324397
-220.8 291.7 2465.0 -0.0305557884 0.3644216359 -0.9307326078 0.9848744869 0.1698652953 0.0341762714 0.1705537438 -0.9156105518 -0.3640999198
-215.4 116.9 2434.8 -0.5694938898 0.3644216359 -0.7367995977 0.8185852766 0.1698652953 -0.5486929417 -0.0747988820 -0.9156105518 -0.3950474262
-69.0 252.1 2702.9 0.1362570226 0.9875457883 -0.0786596835 -0.9903534651 0.1378010064 0.0145205101 0.0251790509 0.0759223700 0.9967957735
-29.6 -34.2 2710.1 0.1207876280 0.9875457883 0.1008150429 -0.3548308611 0.1378010064 -0.9247193933 -0.9270951748 0.0759223700 0.3670563698
-384.0 -47.1 2576.0 -0.3075187504 -0.0210375823 -0.9513094425 -0.1370610893 0.9903091788 0.0224061143 0.9416190982 0.1372778118 -0.3074220717
-375.8 -434.9 2522.3 -0.3147466481 0.1650151163 -0.9347216487 -0.1775241196 0.9571608305 0.2287537903 0.9324268103 0.2379351258 -0.2719689906
-288.7 -73.7 2727.2 -0.1184171364 -0.3039832115 -0.9452891350 -0.1339262426 0.9481781721 -0.2881352007 0.9838908315 0.0924788788 -0.1529918760
-169.7 -444.8 2691.0 -0.1184171364 0.4225523770 -0.8985693455 -0.1339262426 0.8898711205 0.4361113906 0.9838908315 0.1719850749 -0.0487851389
-78.9 -79.3 2452.7 0 0 0 0 0 0 0 0 0
1.1 -124.6 2473.9 0 0 0 0 0 0 0 0 0
-435.6 -781.8 2436.0 0 0 0 0 0 0 0 0 0
-328.7 -779.5 2626.3 0 0 0 0 0 0 0 0 0
-41.1 447.2 2547.8 6 0.5294983387 0.5049940944 -0.6816248298 -0.1483847797 0.8462558985 0.5116960406 0.8352325559 -0.1697994620 0.5230245590
-143.6 275.5 2582.3 0.5294983387 0.5049940944 -0.6816248298 -0.1483847797 0.8462558985 0.5116960406 0.8352325559 -0.1697994620 0.5230245590
-241.1 109.3 2617.0 0.5346174240 0.4982931316 -0.6825599670 -0.1397367120 0.8486784101 0.5101162791 0.8334613442 -0.1773383468 0.5233480930
-219.7 295.4 2463.5 -0.0173812434 0.3321533501 -0.9430652261 0.9856621623 0.1640176624 0.0396016948 0.1678331792 -0.9288554192 -0.3302418292
-216.5 114.9 2432.8 -0.5778719783 0.3321533501 -0.7454784513 0.8136951923 0.1640176624 -0.5576722026 -0.0629610717 -0.9288554192 -0.3650527894
-67.4 255.6 2701.1 0.1282012612 0.9901109934 -0.0569624044 -0.9913181067 0.1296253800 0.0220371149 0.0292029642 0.0536426790 0.9981330633
-29.9 -33.9 2709.6 0.0968686938 0.9901109934 0.1014728248 -0.3551369905 0.1296253800 -0.9257834554 -0.9297817945 0.0536426790 0.3641816676
-387.6 -48.4 2577.3 -0.3052004576 -0.0277625658 -0.9518833756 -0.1509158313 0.9883530736 0.0195616037 0.9402537346 0.1496244818 -0.3058356047
-376.7 -435.5 2518.7 -0.3084775507 0.1627861112 -0.9371991754 -0.1699193120 0.9599715471 0.2226702124 0.9359321594 0.2279369980 -0.2684691846
-291.3 -73.6 2728.2 0.0611620061 -0.2996867299 -0.9520751238 -0.1282685697 0.9435918927 -0.3052565157 0.9898517132 0.1407914162 0.0192715824
-174.0 -442.6 2673.1 0.0611620061 0.3974266648 -0.9155933857 -0.1282685697 0.9128342867 0.3876606524 0.9898517132 0.0937317535 0.1068081260
-78.3 -79.8 2447.8 0 0 0 0 0 0 0 0 0
-5.4 -123.7 2474.5 0 0 0 0 0 0 0 0 0
-435.4 -781.9 2436.5 0 0 0 0 0 0 0 0 0
-323.1 -785.0 2637.9 0 0 0 0 0 0 0 0 0
-47.1 445.0 2546.6 7 0.5150562525 0.4971725047 -0.6982381344 -0.1297129244 0.8504259586 0.5098531842 0.8472848535 -0.1720325649 0.5025069118
-147.1 273.9 2581.2 0.5150562525 0.4971725047 -0.6982381344 -0.1297129244 0.8504259586 0.5098531842 0.8472848535 -0.1720325649 0.5025069118
-242.9 106.9 2616.9 0.5215548873 0.4892780483 -0.6989903450 -0.1184919998 0.8528376222 0.5085544586 0.8449497819 -0.1824143082 0.5027771592
-221.4 290.8 2460.8 -0.0153934676 0.3420672417 -0.9395493865 0.9871282578 0.1547994167 0.0401857384 0.1591879278 -0.9268371463 -0.3400471509
-218.6 114.1 2432.3 -0.5838066936 0.3420672417 -0.7363149524 0.8078887463 0.1547994167 -0.5686412454 -0.0805324316 -0.9268371463 -0.3667252362
-72.8 257.0 2701.5 0.1280527115 0.9899514914 -0.0599878542 -0.9916597605 0.1286953688 0.0069590094 0.0146092409 0.0585964210 0.9981748462
-35.7 -30.4 2705.8 0.1021753773 0.9899514914 0.0977559835 -0.3645329177 0.1286953688 -0.9222544432 -0.9255679250 0.0585964210 0.3740193844
-387.0 -44.3 2576.4 -0.3196283877 -0.0292593408 -0.9470911026 -0.1445975006 0.9893225431 0.0182353500 0.9364449978 0.1427755356 -0.3204463720
-375.6 -431.8 2520.5 -0.3235104084 0.1643496156 -0.9318423867 -0.1668015420 0.9594729543 0.2271318138 0.9314066172 0.2289122492 -0.2829857171
-290.4 -69.5 2727.1 0.0168172978 -0.3449912369 -0.9384552240 -0.1223721951 0.9308215976 -0.3443779349 0.9923418164 0.1206323355 -0.0265634321
-155.5 -433.4 2680.0 0.0168172978 0.4398588538 -0.8979094625 -0.1223721951 0.8921906352 0.4347654283 0.9923418164 0.1025675684 0.0688307285
-78.2 -80.3 2451.7 0 0 0 0 0 0 0 0 0
-9.8 -122.9 2470.9 0 0 0 0 0 0 0 0 0
-435.6 -782.2 2436.9 0 0 0 0 0 0 0 0 0
-320.7 -768.4 2641.4 0 0 0 0 0 0 0 0 0
-38.4 450.8 2546.4 8 0.5482455492 0.5078442097 -0.6644704938 -0.1648889780 0.8445619941 0.5094375610 0.8199014664 -0.1697330177 0.5467652678
-140.8 280.6 2580.6 0.5482455492 0.5078442097 -0.6644704938 -0.1648889780 0.8445619941 0.5094375610 0.8199014664 -0.1697330177 0.5467652678
-238.3 114.4 2615.6 0.5548448563 0.4978290796 -0.6665683985 -0.1537772268 0.8487711549 0.5059052706 0.8176183105 -0.1781959087 0.5474910736
-219.7 302.5 2464.3 -0.0058596716 0.3405240774 -0.9402175546 0.9873178005 0.1511388570 0.0485856347 0.1586479843 -0.9280088544 -0.3370911181
-218.6 113.9 2434.0 -0.5785740614 0.3405240774 -0.7411446571 0.8116863966 0.1511388570 -0.5642005801 -0.0801081210 -0.9280088544 -0.3638437688
-61.9 258.7 2697.0 0.0756335407 0.9930134416 -0.0905753076 -0.9969477057 0.0770704076 0.0124676963 0.0193612650 0.0893558711 0.9958115816
-40.4 -24.3 2702.5 0.1123314872 0.9930134416 0.0361380093 -0.3854985237 0.0770704076 -0.9194841385 -0.9158452749 0.0893558711 0.3914626539
-385.9 -49.4 2576.3 -0.2822031975 -0.0275762249 -0.9589582682 -0.1538220048 0.9879547954 0.0168568324 0.9469425082 0.1522659361 -0.2830458283
-375.1 -436.4 2516.7 -0.2849271595 0.1649330556 -0.9442529082 -0.1694941074 0.9608941674 0.2189844251 0.9434449077 0.2224399298 -0.2458296567
-291.6 -70.8 2729.0 -0.0459497720 -0.3270111382 -0.9439027309 -0.1290415525 0.9389269352 -0.3190054595 0.9905740023 0.1071444377 -0.0853415057
-163.7 -438.2 2687.1 -0.0459497720 0.4201006591 -0.9063134193 -0.1290415525 0.8971738815 0.4224065840 0.9905740023 0.1363615841 0.0129855033
-80.3 -80.1 2453.1 0 0 0 0 0 0 0 0 0
-11.8 -122.5 2469.1 0 0 0 0 0 0 0 0 0
-434.5 -782.7 2436.5 0 0 0 0 0 0 0 0 0
-321.6 -775.3 2635.9 0 0 0 0 0 0 0 0 0
-35.9 452.7 2554.8 9 0.5508848429 0.5152217746 -0.6565610170 -0.1979472488 0.8449087739 0.4969366789 0.8107667565 -0.1437904388 0.5674341917
-139.9 282.1 2583.9 0.5508848429 0.5152217746 -0.6565610170 -0.1979472488 0.8449087739 0.4969366789 0.8107667565 -0.1437904388 0.5674341917
-238.8 115.9 2614.2 0.5586447120 0.5048787594 -0.6580376625 -0.1850598603 0.8492573500 0.4944843352 0.8084979653 -0.1544646919 0.5678659081
-219.4 308.5 2468.8 0.0009284539 0.3416225314 -0.9398368001 0.9839949608 0.1671613306 0.0617337748 0.1781940162 -0.9248519540 -0.3359996378
-219.6 117.0 2434.1 -0.5725402236 0.3416225314 -0.7453131676 0.8173946738 0.1671613306 -0.5512921214 -0.0637462735 -0.9248519540 -0.3749470413
-60.4 255.8 2698.9 0.0631362572 0.9928956032 -0.1008572429 -0.9979647994 0.0637162849 0.0025368345 0.0089450609 0.1004918143 0.9948976636
-42.9 -20.9 2701.4 0.1175931841 0.9928956032 0.0181717630 -0.3964621127 0.0637162849 -0.9158373475 -0.9104886651 0.1004918143 0.4011380672
-385.9 -37.9 2576.8 -0.2786827981 -0.0322635882 -0.9598411322 -0.1339996308 0.9909656048 0.0055960179 0.9509889483 0.1301778704 -0.2804883718
-373.2 -426.0 2525.8 -0.2882595360 0.1676758230 -0.9427572489 -0.1864248067 0.9558825493 0.2270118892 0.9392296076 0.2411916852 -0.2442833185
-285.7 -65.7 2724.3 -0.0417395495 -0.3434820175 -0.9382312894 -0.1188343614 0.9340906143 -0.3366795182 0.9920364022 0.0974412635 -0.0798059851
-151.3 -431.3 2686.2 -0.0417395495 0.4510963857 -0.8914986253 -0.1188343614 0.8837012053 0.4527146816 0.9920364022 0.1248367801 0.0167204626
-82.1 -79.3 2449.4 0 0 0 0 0 0 0 0 0
-12.7 -122.5 2468.1 0 0 0 0 0 0 0 0 0
-435.7 -782.3 2435.9 0 0 0 0 0 0 0 0 0
-320.9 -763.5 2639.3 0 0 0 0 0 0 0 0 0
-40.2 450.3 2550.1 0 0.5467195511 0.5155258775 -0.6597959995 -0.1827713698 0.8424634337 0.5068036914 0.8171244264 -0.1564876735 0.5548146367
-144.2 280.4 2581.6 0.5467195511 0.5155258775 -0.6597959995 -0.1827713698 0.8424634337 0.5068036914 0.8171244264 -0.1564876735 0.5548146367
-243.0 114.4 2613.6 0.5532264709 0.5042745471 -0.6630593538 -0.1719855666 0.8479532003 0.5013943911 0.8150836825 -0.1633480042 0.5558381081
-223.0 304.9 2465.6 -0.0143283885 0.2975030541 -0.9546133280 0.9882755876 0.1493510306 0.0317112617 0.1520066857 -0.9429666996 -0.2961549759
-220.3 118.8 2436.9 -0.5697157979 0.2975030541 -0.7661043406 0.8203305602 0.1493510306 -0.5520434976 -0.0498161651 -0.9429666996 -0.3291385174
-65.4 255.9 2697.7 0.0729680136 0.9896712899 -0.1233951524 -0.9971162081 0.0749785826 0.0117230192 0.0208539292 0.1221839041 0.9922883511
-46.3 -5.7 2703.2 0.1429526806 0.9896712899 0.0107342107 -0.4523513913 0.0749785826 -0.8886824250 -0.8803083301 0.1221839041 0.4583975971
-388.1 -33.6 2571.5 -0.2847754359 -0.0384867452 -0.9578213692 -0.1319513023 0.9912559986 -0.0005989978 0.9494692087 0.1262151897 -0.2873637378
-373.1 -421.9 2522.0 -0.2920342982 0.1666836888 -0.9417709708 -0.1724003702 0.9593915343 0.2232620865 0.9407412410 0.2275618464 -0.2514388859
-287.3 -67.0 2717.4 -0.0293809567 -0.2872348428 -0.9574095011 -0.0997822210 0.9538814425 -0.2831142545 0.9945754409 0.0872142762 -0.0566868782
-175.0 -439.9 2683.3 -0.0293809567 0.3843426704 -0.9227228761 -0.0997822210 0.9173825979 0.3852955401 0.9945754409 0.1033916846 0.0113969855
-83.1 -78.8 2448.9 0 0 0 0 0 0 0 0 0
-9.6 -121.7 2477.5 0 0 0 0 0 0 0 0 0
-435.6 -781.9 2436.6 0 0 0 0 0 0 0 0 0
-319.2 -784.0 2644.5 0 0 0 0 0 0 0 0 0
-46.5 447.7 2547.7 1 0.5277395248 0.5066435337 -0.6817648411 -0.1586335301 0.8473029733 0.5068659186 0.8344617486 -0.1593424082 0.5275259018
-148.4 277.2 2579.7 0.5277395248 0.5066435337 -0.6817648411 -0.1586335301 0.8473029733 0.5068659186 0.8344617486 -0.1593424082 0.5275259018
-245.7 110.4 2612.3 0.5336791277 0.4964766800 -0.6846148372 -0.1485717893 0.8519883752 0.5020380616 0.8325340748 -0.1662127674 0.5284508467
-224.4 298.3 2461.2 -0.0249590185 0.2881872654 -0.9572487473 0.9905300736 0.1364463717 0.0152514707 0.1350084096 -0.9478029609 -0.2888637185
-219.8 117.0 2436.5 -0.5768663287 0.2881872654 -0.7643123269 0.8147692084 0.1364463717 -0.5635011196 -0.0581062026 -0.9478029609 -0.3135174513
-72.4 256.0 2698.3 0.0933186412 0.9869298339 -0.1313814372 -0.9950547218 0.0969582126 0.0215692576 0.0340258554 0.1287188977 0.9910972118
-49.0 5.9 2706.8 0.1603090167 0.9869298339 0.0164459664 -0.5091835260 0.0969582126 -0.8551790714 -0.8455963135 0.1287188977 0.5180717111
-391.7 -36.1 2572.0 -0.3066982925 -0.0462838933 -0.9506807923 -0.1451686323 0.9894060493 -0.0013365049 0.9406711459 0.1375991255 -0.3101681173
-373.6 -423.6 2518.1 -0.3090218008 0.1655083001 -0.9365428686 -0.1585164517 0.9620031118 0.2223118097 0.9377515912 0.2171566486 -0.2710441351
-291.8 -67.2 2719.3 -0.2993021309 -0.3128145933 -0.9014239907 -0.1139981076 0.9496885538 -0.2917124033 0.9473239779 0.0154504888 -0.3199040592
-169.8 -437.7 2713.2 -0.2993021309 0.3891270757 -0.8712050915 -0.1139981076 0.8919378519 0.4375514388 0.9473239779 0.2302758098 -0.2225991488
-81.0 -79.0 2450.5 0 0 0 0 0 0 0 0 0
-7.9 -124.6 2490.0 0 0 0 0 0 0 0 0 0
-435.4 -782.9 2437.0 0 0 0 0 0 0 0 0 0
-314.8 -770.2 2627.4 0 0 0 0 0 0 0 0 0
-56.8 447.1 2547.5 2 0.5135260224 0.4830735326 -0.7091763020 -0.1261314452 0.8599929810 0.4944723845 0.8487531543 -0.1644749939 0.5025595427
-153.6 274.6 2580.4 0.5135260224 0.4830735326 -0.7091763020 -0.1261314452 0.8599929810 0.4944723845 0.8487531543 -0.1644749939 0.5025595427
-246.6 105.6 2613.9 0.5182476044 0.4748249352 -0.7113091350 -0.1176366955 0.8633880019 0.4906350672 0.8471015692 -0.1705944091 0.5033056140
-227.4 291.4 2459.8 -0.0467248335 0.3038695455 -0.9515671730 0.9910836816 0.1330983788 -0.0061621284 0.1247795597 -0.9433706403 -0.3073791564
-219.0 114.4 2437.5 -0.5813173056 0.3038695455 -0.7548069358 0.8104038239 0.1330983788 -0.5705527663 -0.0729100406 -0.9433706403 -0.3236294389
-79.9 257.9 2701.1 0.1159487367 0.9830489755 -0.1420233399 -0.9927631617 0.1192006469 0.0145781795 0.0312603377 0.1393052191 0.9897559285
-51.3 12.5 2708.8 0.1816139370 0.9830489755 0.0251221042 -0.5289909840 0.1192006469 -0.8402141333 -0.8289662004 0.1393052191 0.5416725278
-391.1 -43.0 2569.7 -0.3237815201 -0.0407858789 -0.9452523589 -0.1437593699 0.9895910621 0.0065435315 0.9351463914 0.1380075663 -0.3262746334
-375.1 -430.7 2515.7 -0.3253441155 0.1650028676 -0.9310882092 -0.1527978629 0.9625440240 0.2239684612 0.9331688285 0.2151351124 -0.2879459262
-294.7 -69.9 2720.1 -0.1852301955 -0.3096284866 -0.9326413870 -0.1188558117 0.9491563439 -0.2915055454 0.9754809737 0.0568542182 -0.2126135528
-173.8 -440.6 2697.9 -0.1852301955 0.3947482109 -0.8999242187 -0.1188558117 0.9000492096 0.4192669392 0.9754809737 0.1846221238 -0.1197981611
-79.8 -79.8 2455.0 0 0 0 0 0 0 0 0 0
-4.6 -123.4 2495.8 0 0 0 0 0 0 0 0 0
-435.7 -784.0 2436.7 0 0 0 0 0 0 0 0 0
-321.6 -777.5 2628.8 0 0 0 0 0 0 0 0 0
-55.3 448.0 2537.9 3 0.5081733465 0.4886356294 -0.7092214227 -0.0984668732 0.8510377407 0.5157897472 0.8556074500 -0.1922757775 0.4805891216
-153.3 277.3 2576.4 0.5081733465 0.4886356294 -0.7092214227 -0.0984668732 0.8510377407 0.5157897472 0.8556074500 -0.1922757775 0.4805891216
-246.9 109.7 2614.8 0.5125792027 0.4779448211 -0.7133241296 -0.0906847566 0.8562477231 0.5085431337 0.8538377285 -0.1959809959 0.4822371006
-226.3 290.2 2454.9 -0.0417396948 0.2963901758 -0.9541544318 0.9939274192 0.1096331850 -0.0094240801 0.1018137857 -0.9487535954 -0.2991663814
-218.9 113.7 2436.8 -0.5766853094 0.2963901758 -0.7613060474 0.8123975992 0.1096331850 -0.5727047324 -0.0862796456 -0.9487535954 -0.3040105402
-80.3 264.4 2698.0 0.1012402847 0.9817652106 -0.1608959734 -0.9930573106 0.1094632372 0.0430700481 0.0598968714 0.1554185003 0.9860311747
-55.4 20.0 2712.7 0.1899776161 0.9817652106 0.0067537846 -0.5359227657 0.1094632372 -0.8371407390 -0.8226149082 0.1554185003 0.5469458699
-386.4 -52.7 2571.0 -0.3294340670 -0.0218772199 -0.9439250827 -0.1320873797 0.9909681678 0.0231315587 0.9348936677 0.1323009282 -0.3293483853
-377.8 -440.8 2519.1 -0.3353734910 0.1602701694 -0.9283523560 -0.1664818972 0.9598315954 0.2258474231 0.9272585511 0.2302971035 -0.2952199876
-292.8 -74.0 2723.9 -0.1037909612 -0.3106534779 -0.9448395967 -0.1276647747 0.9462731481 -0.2971007824 0.9863716960 0.0897863582 -0.1378741115
-171.4 -444.0 2688.8 -0.1037909612 0.4183970988 -0.9023144245 -0.1276647747 0.8941052556 0.4292755127 0.9863716960 0.1597486883 -0.0393854752
-81.5 -79.7 2457.3 0 0 0 0 0 0 0 0 0
-6.5 -117.8 2501.1 0 0 0 0 0 0 0 0 0
-435.2 -784.2 2436.7 0 0 0 0 0 0 0 0 0
-328.4 -779.5 2628.9 0 0 0 0 0 0 0 0 0
-59.1 449.2 2533.6 4 0.5091030598 0.4793473780 -0.7148707509 -0.0816179514 0.8537073135 0.5143173337 0.8568270206 -0.2034942508 0.4737483561
-155.1 278.2 2574.3 0.5091030598 0.4793473780 -0.7148707509 -0.0816179514 0.8537073135 0.5143173337 0.8568270206 -0.2034942508 0.4737483561
-247.2 110.2 2614.8 0.5126529932 0.4701761305 -0.7184157968 -0.0752180368 0.8581102490 0.5079262257 0.8552947640 -0.2063520700 0.4752785265
-228.1 288.9 2452.5 -0.0504380912 0.2770105302 -0.9595421553 0.9936802387 0.1103851870 -0.0203654170 0.1002778038 -0.9545052648 -0.2808274925
-219.3 114.2 2434.9 -0.5755020380 0.2770105302 -0.7694560289 0.8145519495 0.1103851870 -0.5694912076 -0.0728185177 -0.9545052648 -0.2891663611
-82.1 267.5 2696.2 0.0943003073 0.9793168306 -0.1790139675 -0.9876300693 0.1146533564 0.1069644839 0.1252766699 0.1667127907 0.9780146480
-59.4 30.0 2726.3 0.2023214400 0.9793168306 0.0021400556 -0.5461912155 0.1146533564 -0.8297769427 -0.8128598928 0.1667127907 0.5580910444
-386.8 -49.6 2576.1 -0.3285223246 -0.0286287703 -0.9440622330 -0.1396165639 0.9900316596 0.0185620915 0.9341200590 0.1379047930 -0.3292445540
-375.6 -437.4 2522.1 -0.3343237042 0.1631997228 -0.9282206297 -0.1726031005 0.9576325417 0.2305385917 0.9265181422 0.2372882664 -0.2919904888
-294.2 -66.0 2730.3 0.1228174120 -0.3128593564 -0.9418253303 -0.1281418651 0.9360666871 -0.3276565671 0.9841217399 0.1609291732 0.0748749077
-172.1 -431.4 2667.5 0.1228174120 0.3882352710 -0.9133396149 -0.1281418651 0.9188067913 0.3733279109 0.9841217399 0.0711858720 0.1625946611
-82.6 -79.1 2452.2 0 0 0 0 0 0 0 0 0
-7.3 -110.6 2517.0 0 0 0 0 0 0 0 0 0
-434.6 -783.6 2436.3 0 0 0 0 0 0 0 0 0
-317.4 -775.2 2640.9 0 0 0 0 0 0 0 0 0
-63.7 448.4 2532.9 5 0.5104402304 0.4663837850 -0.7224520445 -0.0725339577 0.8605028987 0.5042554736 0.8568486571 -0.2049899548 0.4730639756
-156.9 276.4 2573.9 0.5104402304 0.4663837850 -0.7224520445 -0.0725339577 0.8605028987 0.5042554736 0.8568486571 -0.2049899548 0.4730639756
-246.5 107.1 2614.4 0.5134857297 0.4574331939 -0.7260077596 -0.0668462068 0.8648185730 0.4976147115 0.8554905057 -0.2069871873 0.4746496677
-230.1 285.9 2452.0 -0.0640759915 0.2900988162 -0.9548491836 0.9931514859 0.1122060567 -0.0325562693 0.0976953283 -0.9503959417 -0.2953017652
-219.0 114.3 2435.1 -0.5728677511 0.2900988162 -0.7665932775 0.8158764243 0.1122060567 -0.5672348738 -0.0785377547 -0.9503959417 -0.3009639978
-83.8 266.9 2695.8 0.1359930038 0.9829568267 -0.1237005293 -0.9876983762 0.1442466080 0.0603725649 0.0771870017 0.1139685661 0.9904813766
-49.8 20.2 2715.1 0.1739497185 0.9829568267 0.0594761521 -0.5292237401 0.1442466080 -0.8361310363 -0.8304599524 0.1139685661 0.5452957153
-385.6 -51.0 2577.9 -0.3266498744 -0.0252906773 -0.9448069930 -0.1439910382 0.9893046618 0.0233004950 0.9341126680 0.1436548382 -0.3267978728
-375.7 -438.5 2521.6 -0.3313849866 0.1652125865 -0.9289180636 -0.1707614958 0.9577875137 0.2312651128 0.9279140830 0.2352612317 -0.2891844809
-293.0 -64.6 2732.5 -0.0371072590 -0.3305900395 -0.9430446625 -0.1346614808 0.9367414117 -0.3230816722 0.9901965857 0.1150031239 -0.0792776495
-163.8 -430.4 2687.5 -0.0371072590 0.4183154106 -0.9075435400 -0.1346614808 0.8977924585 0.4193268120 0.9901965857 0.1377712339 0.0230163597
-83.3 -78.9 2453.7 0 0 0 0 0 0 0 0 0
-5.0 -116.0 2501.3 0 0 0 0 0 0 0 0 0
-435.1 -782.6 2437.1 0 0 0 0 0 0 0 0 0
-320.4 -766.5 2636.0 0 0 0 0 0 0 0 0 0
