23.8 358.2 2340.5 6 0.5078340173 0.3824881613 -0.7718856335 -0.3192046583 0.9157923460 0.2437883765 0.8001331091 0.1225854531 0.5871624947
-51.7 177.5 2316.3 0.5078340173 0.3824881613 -0.7718856335 -0.3192046583 0.9157923460 0.2437883765 0.8001331091 0.1225854531 0.5871624947
-122.0 -2.2 2295.1 0.5168771744 0.3619606793 -0.7757721543 -0.2968344390 0.9257709384 0.2341741025 0.8029491305 0.1092366502 0.5859522223
-122.3 218.0 2206.6 -0.1045985222 0.5573199987 -0.8236829042 0.9518051147 0.2962071598 0.0795509592 0.2883161306 -0.7756646872 -0.5614428520
-89.5 -80.9 2116.0 -0.7825337648 0.5573199987 -0.2775524259 0.4996704161 0.2962071598 -0.8139967918 -0.3714436889 -0.7756646872 -0.5102683902
18.9 136.9 2426.0 -0.0536830463 0.9830200672 -0.1754699051 -0.7661828995 0.0721420646 0.6385603547 0.6403763890 0.1687218994 0.7493003607
2.7 -94.3 2619.2 0.1711526364 0.9830200672 0.0661689714 -0.0289114509 0.0721420646 -0.9969752431 -0.9848202467 0.1687218994 0.0407678410
-238.1 -154.3 2198.8 0.7668752074 -0.1307837665 -0.6283295751 0.1035973728 0.9914035797 -0.0799154565 0.6333798170 -0.0038081137 0.7738316655
-187.4 -539.1 2200.3 0.7466942072 0.1753774881 -0.6416310668 -0.1054460481 0.9836275578 0.1461434513 0.6567563415 -0.0414670110 0.7529619336
-146.3 -209.2 2342.5 0.9708473682 -0.0060175853 0.2396229655 -0.0240616798 0.9921886325 0.1224039569 -0.2384877652 -0.1246012896 0.9631189704
-144.0 -594.0 2390.8 0.9459601045 0.2214012146 0.2369407713 -0.2146763355 0.9751827121 -0.0541544482 -0.2430504113 0.0003623735 0.9700136185
135.2 -224.3 2222.7 0 0 0 0 0 0 0 0 0
40.9 -100.7 2399.6 0 0 0 0 0 0 0 0 0
-252.8 -906.1 2215.8 0 0 0 0 0 0 0 0 0
-226.3 -956.6 2390.7 0 0 0 0 0 0 0 0 0
23.9 355.9 2339.2 7 0.4878179431 0.3874606788 -0.7822453976 -0.3116514683 0.9143461585 0.2585429251 0.8154183030 0.1176660657 0.5667871833
-52.5 175.4 2316.0 0.4878179431 0.3874606788 -0.7822453976 -0.3116514683 0.9143461585 0.2585429251 0.8154183030 0.1176660657 0.5667871833
-123.6 -4.1 2295.8 0.4972827137 0.3658258617 -0.7866901159 -0.2885423601 0.9248743653 0.2476907074 0.8182011843 0.1038211212 0.5654802918
-120.5 214.8 2204.2 -0.1030173227 0.5717767477 -0.8139157295 0.9518997669 0.2940643728 0.0860986188 0.2885728180 -0.7658964992 -0.5745678544
-88.5 -80.6 2114.7 -0.7754718065 0.5717767477 -0.2677962184 0.4984484613 0.2940643728 -0.8155214787 -0.3875468969 -0.7658964992 -0.5130398870
15.4 136.0 2427.7 -0.0729097649 0.9796160460 -0.1871804446 -0.7565348148 0.0679710433 0.6504114270 0.6498763561 0.1890298575 0.7361578941
-6.6 -92.2 2623.8 0.1922462136 0.9796160460 0.0582558513 -0.0443275236 0.0679710433 -0.9967020750 -0.9803450704 0.1890298575 0.0564911328
-238.5 -155.3 2201.9 0.7551046610 -0.1282187849 -0.6429439187 0.0961889699 0.9917435050 -0.0848089680 0.6485095024 0.0021955376 0.7612034082
-188.7 -540.3 2201.1 0.7362775207 0.1691839993 -0.6551886797 -0.0963820592 0.9845885038 0.1459315270 0.6697804928 -0.0442976654 0.7412366867
-145.9 -208.5 2345.8 0.9756120443 -0.0027407487 0.2194850296 -0.0245199502 0.9923029542 0.1213823557 -0.2181283236 -0.1238038465 0.9680354595
-144.8 -593.5 2393.8 0.9525354505 0.2149128318 0.2156124413 -0.2023059279 0.9761147499 -0.0791977271 -0.2274830937 0.0318189710 0.9732620120
135.0 -224.3 2226.4 0 0 0 0 0 0 0 0 0
36.2 -102.1 2405.3 0 0 0 0 0 0 0 0 0
-251.9 -907.8 2217.6 0 0 0 0 0 0 0 0 0
-224.9 -957.0 2382.0 0 0 0 0 0 0 0 0 0
27.3 359.5 2339.6 8 0.4555123448 0.3999632299 -0.7953225374 -0.2937105894 0.9108869433 0.2898603678 0.8403823972 0.1015596613 0.5323936939
-51.8 179.2 2319.5 0.4555123448 0.3999632299 -0.7953225374 -0.2937105894 0.9108869433 0.2898603678 0.8403823972 0.1015596613 0.5323936939
-125.3 0.3 2303.3 0.4666332006 0.3780027032 -0.7996045351 -0.2675092220 0.9220448136 0.2797717452 0.8430256844 0.0833508074 0.5313759446
-115.6 215.6 2204.5 -0.0925111100 0.5704541802 -0.8161027431 0.9548788071 0.2831358314 0.0896690041 0.2822199762 -0.7709838748 -0.5709078312
-86.5 -84.7 2115.7 -0.7769764066 0.5704541802 -0.2662510872 0.4903324246 0.2831358314 -0.8242622614 -0.3948186338 -0.7709838748 -0.4997020364
11.9 142.8 2434.5 -0.1061039567 0.9743300676 -0.1985520124 -0.7321485877 0.0585613362 0.6786228418 0.6728301048 0.2173741460 0.7071408033
-20.1 -77.9 2637.3 0.2217007428 0.9743300676 0.0391117372 -0.0818441063 0.0585613362 -0.9949231744 -0.9716739655 0.2173741460 0.0927262604
-239.1 -157.8 2202.4 0.7382808328 -0.1245775446 -0.6628890038 0.0883841515 0.9921892285 -0.0880270675 0.6686775684 0.0063998126 0.7435249686
-190.8 -543.0 2199.9 0.7233381271 0.1493069679 -0.6741582751 -0.0847247168 0.9881560206 0.1279431880 0.6852763891 -0.0354283080 0.7274208665
-150.0 -209.5 2348.9 0.9813058972 -0.0212998260 0.1912722290 -0.0088000745 0.9878511429 0.1551538408 -0.1922532469 -0.1539365798 0.9691966772
-141.8 -592.6 2408.6 0.9552577138 0.2283620387 0.1879720986 -0.1972358227 0.9654127359 -0.1705177128 -0.2204104364 0.1258135289 0.9672591090
136.6 -225.4 2229.0 0 0 0 0 0 0 0 0 0
29.3 -96.1 2421.0 0 0 0 0 0 0 0 0 0
-246.5 -911.7 2213.1 0 0 0 0 0 0 0 0 0
-226.5 -950.9 2361.9 0 0 0 0 0 0 0 0 0
33.1 363.4 2344.8 9 0.4977696538 0.4113033712 -0.7635803223 -0.3454768956 0.9015696049 0.2604188323 0.7955319285 0.1341707706 0.5908697844
-48.3 185.1 2318.2 0.4977696538 0.4113033712 -0.7635803223 -0.3454768956 0.9015696049 0.2604188323 0.7955319285 0.1341707706 0.5908697844
-124.3 8.3 2294.6 0.5072305799 0.3903959394 -0.7683151364 -0.3240690827 0.9124837518 0.2497050911 0.7985589504 0.1223291159 0.5893549323
-117.3 229.1 2209.6 -0.0927115232 0.5740153193 -0.8135791421 0.9540275931 0.2851076126 0.0924394280 0.2850192487 -0.7676067352 -0.5740591884
-86.8 -85.0 2115.7 -0.7762432694 0.5740153193 -0.2606775463 0.4878921509 0.2851076126 -0.8250302672 -0.3992588222 -0.7676067352 -0.5013704300
20.8 141.1 2426.9 -0.0792042986 0.9847348332 -0.1549968570 -0.7736267447 0.0373372100 0.6325406432 0.6286719441 0.1700096428 0.7588598728
-3.0 -91.7 2616.1 0.1708227247 0.9847348332 0.0334207229 -0.0197653119 0.0373372100 -0.9991072416 -0.9851034880 0.1700096428 0.0258416329
-240.5 -154.7 2211.6 0.7679561973 -0.1253476888 -0.6281172037 0.0804399475 0.9917736650 -0.0995708853 0.6354311109 0.0259403680 0.7717217207
-191.9 -539.6 2201.5 0.7534305453 0.1492521614 -0.6403641105 -0.0963339955 0.9884442687 0.1170372739 0.6504322886 -0.0264906250 0.7591021657
-156.4 -202.3 2359.9 0.9695357680 -0.0370121896 0.2421372682 0.0099176085 0.9936391711 0.1121730879 -0.2447488457 -0.1063544005 0.9637358189
-142.1 -587.7 2401.2 0.9440292120 0.2218496799 0.2441138476 -0.1971680075 0.9727998376 -0.1215947792 -0.2644496858 0.0666575879 0.9620931149
135.8 -224.9 2230.2 0 0 0 0 0 0 0 0 0
34.9 -96.1 2397.3 0 0 0 0 0 0 0 0 0
-247.6 -908.6 2211.4 0 0 0 0 0 0 0 0 0
-224.5 -949.2 2376.4 0 0 0 0 0 0 0 0 0
37.3 363.0 2348.9 0 0.4979647398 0.4111554027 -0.7635328174 -0.3581721485 0.8993660808 0.2507058084 0.7897745371 0.1486335248 0.5951170325
-43.7 185.7 2319.6 0.4979647398 0.4111554027 -0.7635328174 -0.3581721485 0.8993660808 0.2507058084 0.7897745371 0.1486335248 0.5951170325
-119.5 9.2 2292.4 0.5065117478 0.3894725144 -0.7692574263 -0.3388533294 0.9102997184 0.2377663404 0.7928583026 0.1402340233 0.5930515528
-112.8 231.9 2211.5 -0.0740891621 0.5680335760 -0.8196637630 0.9544304013 0.2786540389 0.1068388149 0.2890906632 -0.7743964195 -0.5627937317
-88.4 -83.4 2116.0 -0.7777398825 0.5680335760 -0.2691812217 0.4895007908 0.2786540389 -0.8262813687 -0.3943471014 -0.7743964195 -0.4947732389
25.3 139.5 2427.6 -0.0785045698 0.9844881892 -0.1569077522 -0.7853601575 0.0358708836 0.6179989576 0.6140410900 0.1717448384 0.7703617811
1.7 -97.1 2612.6 0.1718893051 0.9844881892 0.0351720713 -0.0009601784 0.0358708836 -0.9993559718 -0.9851158261 0.1717448384 0.0071111061
-245.6 -139.7 2199.7 0.7604813576 -0.1472997963 -0.6324325204 0.1168124229 0.9890765548 -0.0899022520 0.6387667656 -0.0055069919 0.7693807483
-188.4 -523.4 2201.9 0.7444766164 0.1557715833 -0.6492224336 -0.1050146520 0.9876182675 0.1165423542 0.6593379378 -0.0185851902 0.7516170144
-154.7 -197.4 2341.0 0.9704182744 -0.0388738960 0.2382796556 0.0001719988 0.9870629907 0.1603329182 -0.2414297909 -0.1555490047 0.9578706622
-139.6 -579.9 2401.2 0.9449879527 0.2230426371 0.2392692417 -0.1953321546 0.9715160728 -0.1341709495 -0.2623797655 0.0800529495 0.9616383910
135.4 -224.2 2229.4 0 0 0 0 0 0 0 0 0
39.9 -97.3 2393.5 0 0 0 0 0 0 0 0 0
-246.6 -892.0 2208.8 0 0 0 0 0 0 0 0 0
-222.7 -941.7 2371.4 0 0 0 0 0 0 0 0 0
37.5 367.2 2342.9 1 0.5248602033 0.4075938165 -0.7472543716 -0.3775412142 0.8982918262 0.2247987390 0.7628790140 0.1641314030 0.6253610849
-43.2 189.3 2310.4 0.5248602033 0.4075938165 -0.7472543716 -0.3775412142 0.8982918262 0.2247987390 0.7628790140 0.1641314030 0.6253610849
-119.9 13.8 2279.0 0.5291650891 0.3946511447 -0.7511556149 -0.3678676486 0.9044354558 0.2160321474 0.7646291256 0.1620091945 0.6237750649
-115.4 239.4 2206.2 -0.0778893679 0.5554194450 -0.8279145360 0.9614879489 0.2614023685 0.0849100724 0.2635795176 -0.7894162536 -0.5543895960
-89.3 -82.4 2118.0 -0.7803589106 0.5554194450 -0.2873137593 0.4918356538 0.2614023685 -0.8305218220 -0.3861835003 -0.7894162536 -0.4771627784
29.0 139.1 2414.6 -0.0614848174 0.9891667962 -0.1332993656 -0.8073751926 0.0292305145 0.5893139243 0.5868261456 0.1438564509 0.7968314886
10.4 -104.1 2591.4 0.1428103596 0.9891667962 0.0339750834 0.0351911299 0.0292305145 -0.9989530444 -0.9891242385 0.1438564509 -0.0306354742
-240.5 -137.1 2194.4 0.7754142284 -0.1372561008 -0.6163550019 0.1188426986 0.9903689623 -0.0710335076 0.6201686263 -0.0181689039 0.7842580676
-187.2 -521.4 2201.4 0.7585415244 0.1619005948 -0.6311917305 -0.1127017587 0.9866411686 0.1176327765 0.6418045759 -0.0180929247 0.7666547894
-149.7 -197.6 2335.5 0.9640309215 -0.0217809267 0.2648962438 -0.0263775736 0.9838764071 0.1768939346 -0.2644780576 -0.1775185317 0.9479126930
-141.3 -579.1 2404.3 0.9422168136 0.2139228731 0.2578070760 -0.1799152642 0.9722942114 -0.1492464393 -0.2825915515 0.0942390859 0.9545999169
134.9 -223.8 2229.0 0 0 0 0 0 0 0 0 0
42.2 -96.3 2371.4 0 0 0 0 0 0 0 0 0
-247.7 -889.7 2208.2 0 0 0 0 0 0 0 0 0
-221.0 -941.6 2369.2 0 0 0 0 0 0 0 0 0
33.7 364.1 2346.9 2 0.5426347256 0.4023272693 -0.7373468280 -0.4008719027 0.8954485655 0.1935810298 0.7381390929 0.1905378401 0.6471831799
-45.5 187.7 2309.4 0.5426347256 0.4023272693 -0.7373468280 -0.4008719027 0.8954485655 0.1935810298 0.7381390929 0.1905378401 0.6471831799
-121.5 12.7 2274.2 0.5487626195 0.3910579681 -0.7388729453 -0.3869867623 0.9022718668 0.1901229918 0.7410134077 0.1816016585 0.6464673281
-120.4 240.5 2208.4 -0.0904074684 0.5509640574 -0.8296174407 0.9604937434 0.2683987617 0.0735788196 0.2632075846 -0.7901902795 -0.5534628034
-90.1 -81.3 2120.2 -0.7824678421 0.5509640574 -0.2901424766 0.4953453541 0.2683987617 -0.8261931539 -0.3773288429 -0.7901902795 -0.4829308987
29.4 135.0 2410.5 -0.0419908240 0.9918566942 -0.1202377006 -0.8257170320 0.0333045833 0.5631005168 0.5625194907 0.1229273751 0.8175944686
16.7 -113.8 2580.0 0.1205011606 0.9918566942 0.0412286818 0.0670500100 0.0333045833 -0.9971936345 -0.9904462695 0.1229273751 -0.0624907576
-244.0 -128.7 2179.3 0.7811392546 -0.1494295448 -0.6062113643 0.1517769247 0.9872590899 -0.0477832630 0.6056279540 -0.0546835139 0.7938668132
-186.1 -511.6 2200.5 0.7662184834 0.1588627845 -0.6226329803 -0.1093038693 0.9870589375 0.1173344180 0.6332154870 -0.0218476113 0.7736670971
-149.3 -194.4 2315.7 0.9586687684 -0.0234419256 0.2835571170 -0.0284005292 0.9837388992 0.1773449779 -0.2831034660 -0.1780682653 0.9424139857
-140.2 -576.1 2384.8 0.9350883365 0.2150720358 0.2816980183 -0.2109801173 0.9764466286 -0.0451593883 -0.2847756147 -0.0172046628 0.9584398270
134.6 -223.6 2228.5 0 0 0 0 0 0 0 0 0
43.5 -98.9 2359.6 0 0 0 0 0 0 0 0 0
-245.4 -880.1 2208.7 0 0 0 0 0 0 0 0 0
-219.9 -938.1 2391.1 0 0 0 0 0 0 0 0 0
34.8 362.3 2349.5 3 0.5167583823 0.4134838283 -0.7496611476 -0.3895396292 0.8933060765 0.2241942883 0.7623776197 0.1761684567 0.6226918101
-46.6 186.5 2314.8 0.5167583823 0.4134838283 -0.7496611476 -0.3895396292 0.8933060765 0.2241942883 0.7623776197 0.1761684567 0.6226918101
-123.7 11.6 2281.4 0.5228394270 0.3968240619 -0.7544332743 -0.3760693669 0.9016301036 0.2136234194 0.7649906874 0.1720284969 0.6206411719
-118.0 237.8 2210.4 -0.0855231881 0.5602536798 -0.8238942027 0.9578570127 0.2738250792 0.0867739171 0.2742182910 -0.7817516327 -0.5600613356
-89.5 -81.4 2119.1 -0.7787443399 0.5602536798 -0.2822642624 0.4957310259 0.2738250792 -0.8241787553 -0.3844581246 -0.7817516327 -0.4909748435
24.8 135.2 2419.1 -0.0678791851 0.9883371592 -0.1363159865 -0.8119266629 0.0246795099 0.5832375288 0.5797995329 0.1502682716 0.8007820845
4.3 -109.4 2593.9 0.1491411775 0.9883371592 0.0307659265 0.0424905196 0.0246795099 -0.9987919927 -0.9879025817 0.1502682716 -0.0383142270
-246.7 -127.7 2172.7 0.7635274529 -0.1588879377 -0.6259236932 0.1701526195 0.9845071435 -0.0423535779 0.6229557991 -0.0741644353 0.7787334323
-185.0 -509.6 2201.5 0.7502573729 0.1539920568 -0.6429621577 -0.1082113832 0.9879836440 0.1103568077 0.6522301435 -0.0132201873 0.7579057217
-148.4 -196.9 2305.1 0.9655102491 -0.0270330850 0.2589578032 -0.0258091353 0.9797596335 0.1985068917 -0.2590826750 -0.1983439177 0.9452702403
-137.9 -577.0 2382.1 0.9390065670 0.2265860587 0.2586995065 -0.2300362885 0.9730287194 -0.0172754359 -0.2556364238 -0.0432885326 0.9658033252
134.4 -223.9 2229.6 0 0 0 0 0 0 0 0 0
37.5 -100.0 2374.0 0 0 0 0 0 0 0 0 0
-242.5 -878.4 2206.4 0 0 0 0 0 0 0 0 0
-222.2 -938.9 2398.1 0 0 0 0 0 0 0 0 0
33.6 365.1 2350.2 4 0.5290563107 0.3896804750 -0.7538226247 -0.3657391667 0.9062948823 0.2118121833 0.7657246590 0.1636418700 0.6220024824
-43.6 185.7 2317.8 0.5290563107 0.3896804750 -0.7538226247 -0.3657391667 0.9062948823 0.2118121833 0.7657246590 0.1636418700 0.6220024824
-117.7 8.8 2288.1 0.5344445109 0.3820760250 -0.7539144158 -0.3530488014 0.9113636613 0.2115959078 0.7679359317 0.1530823261 0.6219648123
-116.5 233.8 2213.0 -0.0847600400 0.5624921322 -0.8224465251 0.9555808902 0.2797273099 0.0928319693 0.2822780013 -0.7780457735 -0.5612164736
-88.8 -78.4 2120.8 -0.7756882906 0.5624921322 -0.2861996889 0.5042793751 0.2797273099 -0.8169791698 -0.3794865012 -0.7780457735 -0.5006343722
29.4 137.5 2422.6 -0.0495293699 0.9886857271 -0.1415888220 -0.8022466898 0.0450614132 0.5952895880 0.5949344635 0.1430734843 0.7909380198
14.5 -104.4 2602.0 0.1419509500 0.9886857271 0.0484817401 0.0272132363 0.0450614132 -0.9986134768 -0.9894995689 0.1430734843 -0.0205088276
-247.6 -129.7 2179.6 0.7690701485 -0.1650867462 -0.6174766421 0.1686933935 0.9842407107 -0.0530352741 0.6165010929 -0.0633763894 0.7847992182
-183.5 -511.7 2204.2 0.7544474006 0.1624673903 -0.6359351277 -0.1238785163 0.9867137671 0.1051191911 0.6445643902 -0.0005281998 0.7645498514
-154.0 -197.0 2316.4 0.9639009833 -0.0338268653 0.2641034424 -0.0095429290 0.9868708253 0.1612292081 -0.2660898566 -0.1579293162 0.9509229660
-140.9 -579.7 2377.6 0.9403800964 0.2117217630 0.2661939263 -0.2228945047 0.9747672081 0.0121194432 -0.2569111586 -0.0707300454 0.9638432860
135.2 -224.1 2230.4 0 0 0 0 0 0 0 0 0
46.1 -98.3 2381.6 0 0 0 0 0 0 0 0 0
-244.2 -880.0 2204.4 0 0 0 0 0 0 0 0 0
-219.7 -942.7 2403.9 0 0 0 0 0 0 0 0 0
36.4 364.4 2336.1 5 0.5137435794 0.3947417736 -0.7617391348 -0.3283034861 0.9107404947 0.2505365908 0.7926439047 0.1213700548 0.5974821448
-41.9 183.8 2312.0 0.5137435794 0.3947417736 -0.7617391348 -0.3283034861 0.9107404947 0.2505365908 0.7926439047 0.1213700548 0.5974821448
-115.9 5.9 2290.2 0.5199626088 0.3811228573 -0.7644503117 -0.3136481047 0.9176147580 0.2441475689 0.7945210934 0.1128207818 0.5966637731
-112.8 226.5 2203.7 -0.0318298489 0.5869845748 -0.8089721799 0.9503587484 0.2684244514 0.1573740691 0.3095240593 -0.7638045549 -0.5663898587
-103.4 -54.8 2112.1 -0.7322210670 0.5869845748 -0.3454003036 0.5785160661 0.2684244514 -0.7702385783 -0.3594042957 -0.7638045549 -0.5361260772
29.1 141.1 2420.4 -0.0619976409 0.9860613346 -0.1543999165 -0.7705003619 0.0510468334 0.6353923082 0.6344174147 0.1583580077 0.7565958500
10.5 -91.0 2611.4 0.1597212851 0.9860613346 0.0466063581 -0.0238098819 0.0510468334 -0.9984123707 -0.9868749976 0.1583580077 0.0316312686
-239.8 -136.4 2189.7 0.7680084705 -0.1490667313 -0.6228500009 0.1379204988 0.9882119894 -0.0664452538 0.6254126430 -0.0348732658 0.7795145512
-181.9 -519.8 2203.2 0.7475582361 0.1770565212 -0.6401622295 -0.1160537228 0.9838077426 0.1365789324 0.6539787650 -0.0278074890 0.7560016513
-148.4 -198.7 2333.9 0.9677503705 -0.0251559969 0.2506520152 0.0018768489 0.9956938624 0.0926836804 -0.2519042194 -0.0892242268 0.9636302590
-138.7 -584.1 2368.5 0.9627771378 0.0982170627 0.2518204451 -0.1065487862 0.9941136241 0.0196323134 -0.2484099120 -0.0457327068 0.9675748348
103.7 -218.5 2213.7 0 0 0 0 0 0 0 0 0
46.0 -96.3 2391.8 0 0 0 0 0 0 0 0 0
-248.0 -886.8 2213.6 0 0 0 0 0 0 0 0 0
-175.0 -952.2 2385.4 0 0 0 0 0 0 0 0 0
37.1 359.8 2336.0 6 0.4674023986 0.3991590142 -0.7888010740 -0.2963253558 0.9113846421 0.2856033444 0.8329023123 0.1002500579 0.5442643166
-41.7 179.9 2316.2 0.4674023986 0.3991590142 -0.7888010740 -0.2963253558 0.9113846421 0.2856033444 0.8329023123 0.1002500579 0.5442643166
-116.2 1.5 2300.3 0.4772651792 0.3826806247 -0.7910584807 -0.2732201517 0.9202033877 0.2803149819 0.8352057934 0.0823485255 0.5437371135
-106.8 217.0 2202.5 0.0226773322 0.6000050902 -0.7996746898 0.9382483959 0.2634315193 0.2242627293 0.3452183008 -0.7553792000 -0.5569798946
-113.0 -41.4 2107.5 -0.7056678534 0.6000050902 -0.3768644035 0.6190896034 0.2634315193 -0.7398188114 -0.3446170986 -0.7553792000 -0.5573520660
23.4 142.8 2429.9 -0.1005137116 0.9774281979 -0.1858254820 -0.7351025939 0.0529035740 0.6758885980 0.6704634428 0.2045368701 0.7131924629
-6.9 -78.4 2631.7 0.2082421184 0.9774281979 0.0356277712 -0.0779872313 0.0529035740 -0.9955496788 -0.9749631882 0.2045368701 0.0872436762
-236.5 -143.9 2197.2 0.7452952862 -0.1454714388 -0.6506711841 0.1105712503 0.9893613458 -0.0945417285 0.6575020552 -0.0014840253 0.7534512877
-180.1 -527.7 2197.8 0.7215695381 0.1889432222 -0.6660614610 -0.1018868759 0.9805459380 0.1677758843 0.6848039627 -0.0531990491 0.7267829180
-145.6 -199.5 2342.7 0.9789446592 -0.0135065708 0.2036785036 -0.0098379338 0.9935271144 0.1131682396 -0.2038886249 -0.1127892211 0.9724752307
-140.4 -584.5 2386.5 0.9652510285 0.1642802954 0.2032299340 -0.1580764502 0.9863311052 -0.0465054773 -0.2080919445 0.0127635933 0.9780259728
85.1 -215.2 2204.2 0 0 0 0 0 0 0 0 0
39.4 -95.7 2415.1 0 0 0 0 0 0 0 0 0
-250.6 -893.5 2217.7 0 0 0 0 0 0 0 0 0
-201.2 -949.8 2381.7 0 0 0 0 0 0 0 0 0
41.6 356.1 2329.0 7 0.4946319461 0.4091824293 -0.7667522430 -0.2917283475 0.9092172980 0.2970158756 0.8186780810 0.0767698064 0.5690980554
-39.1 176.6 2313.8 0.4946319461 0.4091824293 -0.7667522430 -0.2917283475 0.9092172980 0.2970158756 0.8186780810 0.0767698064 0.5690980554
-113.8 -2.0 2301.9 0.5058515072 0.3844762743 -0.7721996307 -0.2658542097 0.9210906029 0.2844533026 0.8206313252 0.0614013784 0.5681496859
-108.1 212.8 2202.0 0.0350714251 0.6046101451 -0.7957490683 0.9326725006 0.2662367225 0.2433927953 0.3590153754 -0.7507093549 -0.5545659661
-117.5 -37.3 2105.7 -0.6992532611 0.6046101451 -0.3814334273 0.6287433505 0.2662367225 -0.7306160331 -0.3401862979 -0.7507093549 -0.5663115382
29.9 140.4 2425.7 -0.0760277435 0.9838051200 -0.1623184383 -0.7294464111 0.0561083369 0.6817329526 0.6797997952 0.1702332199 0.7133672833
7.0 -79.3 2630.5 0.1746385396 0.9838051200 0.0403593071 -0.0862032697 0.0561083369 -0.9946963787 -0.9808518887 0.1702332199 0.0946058929
-233.3 -152.5 2209.7 0.7720139027 -0.1371855289 -0.6206244230 0.0836516395 0.9898663759 -0.1147475243 0.6300769448 0.0366704352 0.7756663561
-180.1 -536.3 2195.5 0.7462154031 0.2060562372 -0.6330113411 -0.1076950133 0.9757302403 0.1906626374 0.6569355726 -0.0741032362 0.7502961755
-149.0 -200.9 2360.6 0.9708218575 -0.0331145264 0.2375043035 0.0109528536 0.9955090880 0.0940300524 -0.2395514697 -0.0886850804 0.9668247104
-136.2 -586.9 2394.9 0.9468085170 0.2150106281 0.2394243777 -0.1961493790 0.9754316807 -0.1002917066 -0.2551059127 0.0479941033 0.9657212496
78.2 -213.3 2201.0 0 0 0 0 0 0 0 0 0
45.8 -98.5 2412.3 0 0 0 0 0 0 0 0 0
-257.0 -900.3 2223.2 0 0 0 0 0 0 0 0 0
-216.0 -948.9 2377.1 0 0 0 0 0 0 0 0 0
39.4 350.2 2328.0 8 0.5088576674 0.4023969769 -0.7610128522 -0.3011636138 0.9113751650 0.2805277109 0.8064517379 0.0864407048 0.5849475861
-39.5 171.5 2311.0 0.5088576674 0.4023969769 -0.7610128522 -0.3011636138 0.9113751650 0.2805277109 0.8064517379 0.0864407048 0.5849475861
-113.4 -7.5 2299.3 0.5227392912 0.3807547987 -0.7627381086 -0.2686539590 0.9227024317 0.2764873207 0.8090541959 0.0603818260 0.5846241117
-110.8 208.2 2200.7 0.0335356928 0.6178811193 -0.7855560184 0.9290236831 0.2705292106 0.2524458468 0.3684974015 -0.7382661104 -0.5649538636
-119.6 -35.6 2104.0 -0.6882924438 0.6178811193 -0.3801004589 0.6400066018 0.2705292106 -0.7191699743 -0.3415332735 -0.7382661104 -0.5816512704
31.9 134.9 2421.4 -0.0590563491 0.9865536094 -0.1523951143 -0.7342574596 0.0604959428 0.6761702895 0.6762975454 0.1518293917 0.7208116651
14.1 -86.4 2625.3 0.1563462615 0.9865536094 0.0476211272 -0.0786482990 0.0604959428 -0.9950651526 -0.9845660329 0.1518293917 0.0870490819
-233.7 -156.9 2216.7 0.7851752043 -0.1350309998 -0.6043728590 0.0708667859 0.9891188741 -0.1289251745 0.6152054667 0.0583988838 0.7862008810
-181.3 -540.6 2194.0 0.7639926672 0.1889447421 -0.6169401407 -0.1003377810 0.9793216586 0.1756740361 0.6373755336 -0.0723112673 0.7671528459
-143.7 -204.3 2364.2 0.9665492177 -0.0269212741 0.2550644279 0.0021096799 0.9952768683 0.0970539600 -0.2564725578 -0.0932693258 0.9620409012
-133.3 -590.4 2400.4 0.9336822629 0.2523348331 0.2540955245 -0.2214839607 0.9644811153 -0.1439479738 -0.2813934386 0.0781235844 0.9564070702
72.8 -214.5 2199.4 0 0 0 0 0 0 0 0 0
48.9 -104.0 2406.1 0 0 0 0 0 0 0 0 0
-251.8 -906.0 2221.0 0 0 0 0 0 0 0 0 0
-227.1 -949.0 2371.4 0 0 0 0 0 0 0 0 0
40.7 349.8 2325.5 9 0.4944822788 0.4102668464 -0.7662691474 -0.2854295671 0.9093480706 0.3026815057 0.8209855556 0.0690452158 0.5667588115
-39.7 171.4 2311.9 0.4944822788 0.4102668464 -0.7662691474 -0.2854295671 0.9093480706 0.3026815057 0.8209855556 0.0690452158 0.5667588115
-115.1 -7.2 2302.9 0.5076036453 0.3880364895 -0.7692634463 -0.2553535104 0.9204815030 0.2958181202 0.8228809834 0.0462757833 0.5663262606
-109.1 206.3 2199.6 0.0339728259 0.6229412556 -0.7815305591 0.9312522411 0.2641265094 0.2510107458 0.3627879024 -0.7363296747 -0.5711423159
-118.0 -39.0 2104.1 -0.6860480309 0.6229412556 -0.3758753538 0.6367366314 0.2641265094 -0.7244333029 -0.3520007730 -0.7363296747 -0.5778530240
29.6 136.6 2424.2 -0.0761642680 0.9845726490 -0.1575298458 -0.7186029553 0.0553239062 0.6932164431 0.6912371516 0.1659997404 0.7033031583
6.6 -80.0 2632.6 0.1709417701 0.9845726490 0.0373571925 -0.1015781909 0.0553239062 -0.9932880402 -0.9800310135 0.1659997404 0.1094682738
-234.1 -162.5 2215.2 0.7775157094 -0.1352761686 -0.6141414046 0.0666739047 0.9888176322 -0.1333951056 0.6253190041 0.0627695918 0.7778406739
-181.6 -546.3 2190.9 0.7571507692 0.1861036122 -0.6261694431 -0.0969489589 0.9799574018 0.1740241945 0.6460059285 -0.0710560754 0.7600180507
-140.8 -210.5 2360.4 0.9704076052 -0.0142094530 0.2410542816 -0.0112206023 0.9945353866 0.1037955508 -0.2412118763 -0.1034287661 0.9649452567
-135.3 -596.5 2400.5 0.9367331862 0.2586283982 0.2358861268 -0.2223767787 0.9600997567 -0.1695791036 -0.2703321874 0.1063947752 0.9568702579
73.7 -216.9 2202.4 0 0 0 0 0 0 0 0 0
44.7 -102.7 2414.4 0 0 0 0 0 0 0 0 0
-251.1 -912.0 2217.4 0 0 0 0 0 0 0 0 0
-231.6 -954.0 2360.9 0 0 0 0 0 0 0 0 0
41.7 349.7 2330.7 0 0.4204052687 0.4149569571 -0.8068891764 -0.2732229829 0.9059134722 0.3235273659 0.8652217388 0.0844480544 0.4942265749
-39.8 171.7 2314.1 0.4204052687 0.4149569571 -0.8068891764 -0.2732229829 0.9059134722 0.3235273659 0.8652217388 0.0844480544 0.4942265749
-116.2 -6.4 2303.7 0.4362209439 0.3937429190 -0.8091216087 -0.2375591993 0.9176751375 0.3184932768 0.8679152727 0.0532808416 0.4938463569
-99.2 204.0 2196.0 0.0660313517 0.6113497019 -0.7886009216 0.9370920062 0.2335063666 0.2594867647 0.3427804708 -0.7561258674 -0.5574721694
-116.6 -43.6 2105.4 -0.6793843508 0.6113497019 -0.4058182240 0.6448439956 0.2335063666 -0.7277712822 -0.3501616120 -0.7561258674 -0.5528657436
19.6 139.5 2432.2 -0.1407904327 0.9685131311 -0.2053298354 -0.6997455955 0.0493723899 0.7126840353 0.7003814578 0.2440177351 0.6707616448
-22.8 -71.1 2643.0 0.2484764755 0.9685131311 0.0155476211 -0.1304841340 0.0493723899 -0.9902203083 -0.9598090053 0.2440177351 0.1386434734
-235.9 -163.0 2220.3 0.7288334966 -0.1409008205 -0.6700363755 0.0482234247 0.9867300987 -0.1550426930 0.6829906702 0.0806888491 0.7259566188
-181.2 -545.9 2189.0 0.7123338580 0.1797040105 -0.6784445047 -0.0707783103 0.9801298380 0.1852995753 0.6982627511 -0.0839760080 0.7108988166
-145.1 -208.6 2367.8 0.9862226248 -0.0229957495 0.1638173014 0.0129428450 0.9979815483 0.0621717349 -0.1649163365 -0.0591949113 0.9845296144
-136.2 -595.6 2390.8 0.9514688253 0.2595173419 0.1654019058 -0.2468771189 0.9645508528 -0.0932381749 -0.1837354600 0.0478792749 0.9818089604
73.1 -223.7 2203.2 0 0 0 0 0 0 0 0 0
32.4 -100.1 2429.9 0 0 0 0 0 0 0 0 0
-248.3 -911.7 2220.3 0 0 0 0 0 0 0 0 0
-232.8 -954.6 2372.9 0 0 0 0 0 0 0 0 0
43.8 352.0 2326.8 1 0.4580732882 0.4169157743 -0.7850796580 -0.2864528894 0.9053086638 0.3136255443 0.8414948583 0.0812248513 0.5341244340
-38.0 174.4 2310.9 0.4580732882 0.4169157743 -0.7850796580 -0.2864528894 0.9053086638 0.3136255443 0.8414948583 0.0812248513 0.5341244340
-114.6 -3.6 2299.0 0.4705010355 0.3943073750 -0.7893987894 -0.2585364282 0.9169457555 0.3039234281 0.8436751366 0.0610920638 0.5333667397
-102.1 209.6 2196.0 0.0414585397 0.6201187372 -0.7834117413 0.9447407722 0.2308629006 0.2327383757 0.3251861334 -0.7497700453 -0.5762802362
-113.5 -49.7 2106.7 -0.6771294475 0.6201187372 -0.3961671889 0.6401364803 0.2308629006 -0.7327534556 -0.3629338443 -0.7497700453 -0.5532847047
26.1 139.2 2425.8 -0.1119710281 0.9773228168 -0.1797292978 -0.7173642516 0.0456593037 0.6952005029 0.6876416206 0.2067736983 0.6959839463
-7.6 -76.8 2632.9 0.2105400860 0.9773228168 0.0226495564 -0.1050796062 0.0456593037 -0.9934150577 -0.9719213843 0.2067736983 0.1123098135
-231.5 -163.3 2215.9 0.7519437671 -0.1340936571 -0.6454451680 0.0560131595 0.9885489941 -0.1401194185 0.6568432450 0.0692085028 0.7508442998
-179.5 -547.0 2189.0 0.7319936156 0.1926368773 -0.6535108089 -0.0837715045 0.9773649573 0.1942681372 0.6761417389 -0.0874574557 0.7315623760
-153.7 -205.7 2370.9 0.9782903790 -0.0459821038 0.2020732015 0.0366515964 0.9980925918 0.0496775135 -0.2039720416 -0.0411927290 0.9781097174
-135.9 -592.7 2386.8 0.9491559267 0.2382750958 0.2057376206 -0.2322082669 0.9711930156 -0.0535111427 -0.2125613242 0.0030164414 0.9771430492
75.6 -228.5 2208.1 0 0 0 0 0 0 0 0 0
39.1 -100.2 2416.9 0 0 0 0 0 0 0 0 0
-251.4 -911.8 2221.7 0 0 0 0 0 0 0 0 0
-224.6 -954.3 2385.7 0 0 0 0 0 0 0 0 0
42.2 352.3 2332.4 2 0.4871534109 0.4017753303 -0.7754083872 -0.3112583458 0.9094594717 0.2756841481 0.8159655333 0.1070518419 0.5681021810
-36.5 174.1 2311.4 0.4871534109 0.4017753303 -0.7754083872 -0.3112583458 0.9094594717 0.2756841481 0.8159655333 0.1070518419 0.5681021810
-111.1 -4.2 2294.2 0.4976987839 0.3839097619 -0.7777590752 -0.2867153585 0.9191187024 0.2702131569 0.8185904026 0.0885107294 0.5675171018
-104.4 213.1 2199.9 0.0319953859 0.6292632222 -0.7765333652 0.9412326217 0.2423994839 0.2352097183 0.3362401128 -0.7384241819 -0.5845274329
-113.3 -48.0 2106.6 -0.6709800363 0.6292632222 -0.3921907246 0.6488936543 0.2423994839 -0.7212347388 -0.3587796688 -0.7384241819 -0.5709701180
31.4 135.1 2423.0 -0.0829172656 0.9821619391 -0.1687679589 -0.7466070652 0.0509479344 0.6633115411 0.6600777507 0.1810033172 0.7290645838
6.4 -89.7 2621.7 0.1839773059 0.9821619391 0.0388618745 -0.0614271425 0.0509479344 -0.9968104362 -0.9810091853 0.1810033172 0.0697046667
-233.2 -158.4 2211.8 0.7648227811 -0.1440659016 -0.6279260516 0.0717200711 0.9876575470 -0.1392435282 0.6402361393 0.0614617243 0.7657154202
-177.2 -541.8 2187.9 0.7417383194 0.1984637827 -0.6406531334 -0.0978259891 0.9770144224 0.1894015372 0.6635167003 -0.0778138489 0.7441039085
-149.1 -204.6 2362.5 0.9727876782 -0.0478427112 0.2267051190 0.0354792774 0.9976683259 0.0583019704 -0.2289658338 -0.0486721061 0.9722169042
-130.6 -591.7 2381.4 0.9334232211 0.2745862901 0.2309188098 -0.2661740184 0.9615612626 -0.0674633011 -0.2405670732 0.0015072196 0.9706313610
74.1 -229.2 2206.8 0 0 0 0 0 0 0 0 0
47.3 -103.4 2403.6 0 0 0 0 0 0 0 0 0
-251.3 -906.5 2217.0 0 0 0 0 0 0 0 0 0
-232.9 -949.9 2380.9 0 0 0 0 0 0 0 0 0
44.4 353.0 2327.2 3 0.4775609970 0.4138513803 -0.7750241756 -0.2836227715 0.9075044394 0.3098287582 0.8315609694 0.0718523711 0.5507664084
-37.3 173.9 2313.0 0.4775609970 0.4138513803 -0.7750241756 -0.2836227715 0.9075044394 0.3098287582 0.8315609694 0.0718523711 0.5507664084
-114.0 -3.9 2302.1 0.4876315892 0.3947526217 -0.7787078023 -0.2608990073 0.9170709848 0.3015169203 0.8331549168 0.0561349206 0.5501833558
-103.9 209.5 2199.4 0.0354060568 0.6352003813 -0.7715353966 0.9384170771 0.2443669885 0.2442501783 0.3436855972 -0.7326699495 -0.5874308348
-113.5 -45.1 2106.2 -0.6639293432 0.6352003813 -0.3946115673 0.6574401259 0.2443669885 -0.7127813697 -0.3563289642 -0.7326699495 -0.5798486471
29.3 138.4 2426.6 -0.0523865409 0.9840691090 -0.1698928624 -0.7768111825 0.0667534471 0.6261855960 0.6275508404 0.1647783667 0.7609388828
13.5 -96.1 2616.1 0.1730812937 0.9840691090 0.0406300426 -0.1478983015 0.0667534471 -0.9867472053 -0.9737396836 0.1647783667 0.1570959240
-230.2 -156.9 2203.8 0.7613849640 -0.1434440464 -0.6322315335 0.0816705823 0.9886677861 -0.1259597838 0.6431351900 0.0442691706 0.7644719481
-174.5 -540.6 2186.7 0.7358251214 0.2055372298 -0.6452254653 -0.1042558476 0.9758489132 0.1919626892 0.6690980196 -0.0739824399 0.7394825816
-141.2 -208.0 2350.1 0.9750401974 -0.0292411037 0.2200945467 0.0108429324 0.9963780046 0.0843405575 -0.2217635810 -0.0798489600 0.9718256593
-129.9 -594.5 2381.1 0.9322226644 0.2857846916 0.2220088989 -0.2792737484 0.9582794905 -0.0608818270 -0.2301456779 -0.0052458360 0.9731420279
71.9 -228.6 2205.7 0 0 0 0 0 0 0 0 0
52.2 -129.3 2398.0 0 0 0 0 0 0 0 0 0
-251.3 -904.9 2214.3 0 0 0 0 0 0 0 0 0
-236.4 -951.9 2383.1 0 0 0 0 0 0 0 0 0
43.7 346.9 2326.1 4 0.4790737033 0.4209680855 -0.7702429891 -0.2862215340 0.9044525027 0.3162955642 0.8297985196 0.0689312294 0.5537895560
-39.1 169.2 2312.5 0.4790737033 0.4209680855 -0.7702429891 -0.2862215340 0.9044525027 0.3162955642 0.8297985196 0.0689312294 0.5537895560
-116.9 -8.3 2302.0 0.4893553555 0.4006350338 -0.7746114731 -0.2634571195 0.9146433473 0.3066233993 0.8313372731 0.0540291034 0.5531357527
-105.9 205.1 2199.1 0.0230783671 0.6360803246 -0.7712776661 0.9411377311 0.2464171648 0.2313836366 0.3372346163 -0.7312184572 -0.5929522514
-112.1 -48.3 2108.3 -0.6662645936 0.6360803246 -0.3892214000 0.6534022689 0.2464171648 -0.7157821059 -0.3593840897 -0.7312184572 -0.5797953606
27.8 133.2 2426.0 -0.0373717695 0.9797835350 -0.1965389997 -0.8492068052 0.0725307763 0.5230555534 0.5267363787 0.1864497662 0.8293282390
19.3 -59.4 2545.5 0.1940236539 0.9797835350 -0.0487755351 -0.5717130303 0.0725307763 -0.8172414303 -0.7971819639 0.1864497662 0.5742276907
-234.3 -158.4 2216.6 0.7659243941 -0.1578694582 -0.6232471466 0.0674784482 0.9837697148 -0.1662643552 0.6393797398 0.0852901712 0.7641460299
-173.1 -539.9 2183.6 0.7408958673 0.2089885175 -0.6382766962 -0.1032326967 0.9744968414 0.1992458403 0.6636387110 -0.0817294046 0.7435751557
-147.0 -205.0 2365.6 0.9729818702 -0.0484214127 0.2257467657 0.0382201560 0.9980502129 0.0493450426 -0.2276959717 -0.0393837541 0.9729354978
-128.3 -591.9 2380.9 0.9286242127 0.2913561463 0.2297143191 -0.2849826813 0.9565758705 -0.0612170249 -0.2375751287 -0.0086169904 0.9713309407
73.9 -230.7 2208.6 0 0 0 0 0 0 0 0 0
61.4 -183.3 2372.7 0 0 0 0 0 0 0 0 0
-251.1 -903.7 2214.1 0 0 0 0 0 0 0 0 0
-237.0 -948.8 2384.1 0 0 0 0 0 0 0 0 0
39.9 350.9 2330.5 5 0.4618691504 0.4087684453 -0.7871373892 -0.2885861993 0.9084362388 0.3024262488 0.8386864066 0.0874756351 0.5375435948
-40.2 172.9 2313.4 0.4618691504 0.4087684453 -0.7871373892 -0.2885861993 0.9084362388 0.3024262488 0.8386864066 0.0874756351 0.5375435948
-116.2 -5.3 2301.0 0.4740580022 0.3916954696 -0.7885706425 -0.2607765198 0.9178786874 0.2991560996 0.8409902453 0.0638233647 0.5372726917
-104.9 208.5 2198.6 0.0208560806 0.6221074462 -0.7826540470 0.9468682408 0.2390073985 0.2152116299 0.3209448755 -0.7455586791 -0.5840690136
-110.7 -52.5 2110.1 -0.6776978374 0.6221074462 -0.3920560181 0.6412363052 0.2390073985 -0.7291717529 -0.3599189222 -0.7455586791 -0.5608927011
24.5 137.2 2428.2 0.0451833270 0.9750202298 -0.2174718529 -0.9840734601 0.0809068158 0.1582828909 0.1719239801 0.2068565339 0.9631472230
35.6 -103.9 2470.3 0.1991274208 0.9750202298 -0.0984063521 -0.7310008407 0.0809068158 -0.6775631905 -0.6526760459 0.2068565339 0.7288513780
-238.5 -162.2 2217.1 0.7521345615 -0.1673401743 -0.6374095082 0.0707460940 0.9821367860 -0.1743625700 0.6552011967 0.0860498771 0.7505376935
-173.6 -543.2 2183.7 0.7249317765 0.2166970223 -0.6538473368 -0.1065991148 0.9730848074 0.2043099254 0.6805222631 -0.0784111992 0.7285197973
-150.8 -209.3 2365.9 0.9771074057 -0.0552981161 0.2054341286 0.0480082966 0.9980334044 0.0403053947 -0.2072589397 -0.0295201577 0.9778406024
-129.4 -596.5 2377.4 0.9332506657 0.2927971184 0.2081178427 -0.2965643406 0.9549161792 -0.0135876406 -0.2027135342 -0.0490396619 0.9780094028
78.5 -231.5 2210.6 0 0 0 0 0 0 0 0 0
81.5 -272.5 2319.8 0 0 0 0 0 0 0 0 0
-254.4 -906.5 2213.0 0 0 0 0 0 0 0 0 0
-238.6 -952.5 2395.7 0 0 0 0 0 0 0 0 0
38.4 352.3 2334.2 6 0.4730955064 0.3995642364 -0.7851936221 -0.2788887620 0.9133294225 0.2967328727 0.8357043266 0.0785986856 0.5435259938
-40.0 173.2 2318.8 0.4730955064 0.3995642364 -0.7851936221 -0.2788887620 0.9133294225 0.2967328727 0.8357043266 0.0785986856 0.5435259938
-113.9 -5.9 2308.1 0.4851749837 0.3811145723 -0.7869923115 -0.2504770160 0.9228779674 0.2925022542 0.8377747536 0.0552087128 0.5432177186
-106.2 207.4 2204.4 0.0210556909 0.6145902872 -0.7885654569 0.9392242432 0.2581685185 0.2262892425 0.3426579237 -0.7454044223 -0.5718021989
-112.0 -49.9 2110.6 -0.6750988960 0.6145902872 -0.4080688953 0.6609463096 0.2581685185 -0.7046267986 -0.3277062774 -0.7454044223 -0.5805004835
26.3 139.0 2433.2 0.0468902290 0.9591174126 -0.2790968716 -0.9967785478 0.0631273165 0.0494714826 0.0650675967 0.2758780420 0.9589877725
37.7 -103.8 2449.1 0.2400146872 0.9591174126 -0.1499556899 -0.6979511976 0.0631273165 -0.7133576274 -0.6747274399 0.2758780420 0.6845686436
-234.7 -160.0 2213.3 0.7595995665 -0.1542741656 -0.6318290830 0.0705252662 0.9852698445 -0.1557869464 0.6465560198 0.0737757757 0.7592907548
-174.8 -542.4 2184.7 0.7347003818 0.2072805464 -0.6459490061 -0.1011799127 0.9750082493 0.1977916509 0.6708039641 -0.0799605399 0.7373116016
-149.8 -206.7 2363.9 0.9750806093 -0.0551463701 0.2148875147 0.0482052490 0.9981365204 0.0374130756 -0.2165502608 -0.0261220597 0.9759219289
-128.4 -594.1 2374.1 0.9304968119 0.2948597968 0.2173323631 -0.2996056974 0.9539930820 -0.0115586957 -0.2107417732 -0.0543586835 0.9760292172
76.4 -234.3 2202.0 0 0 0 0 0 0 0 0 0
95.8 -272.6 2285.9 0 0 0 0 0 0 0 0 0
-252.2 -906.3 2214.5 0 0 0 0 0 0 0 0 0
-238.4 -950.0 2394.3 0 0 0 0 0 0 0 0 0
37.6 356.0 2328.1 7 0.5148773193 0.4034753144 -0.7563788891 -0.2934158146 0.9119690657 0.2867396474 0.8054865003 0.0742977709 0.5879382491
-41.9 176.5 2313.5 0.5148773193 0.4034753144 -0.7563788891 -0.2934158146 0.9119690657 0.2867396474 0.8054865003 0.0742977709 0.5879382491
-115.4 -2.8 2301.7 0.5254679918 0.3786301017 -0.7619203329 -0.2685606480 0.9235500097 0.2737344205 0.8073156476 0.0607831404 0.5869811177
-113.6 213.1 2203.4 0.0138883404 0.5911077857 -0.8064730167 0.9418231249 0.2631501257 0.2090962082 0.3358218670 -0.7624589205 -0.5530642867
-117.4 -44.4 2111.6 -0.6614099145 0.5911077857 -0.4616583884 0.6991758347 0.2631501257 -0.6647594571 -0.2714590430 -0.7624589205 -0.5873383880
29.8 139.9 2423.6 0.0275883358 0.9350649714 -0.3534010947 -0.9981213808 0.0451152623 0.0414520390 0.0547041334 0.3515936136 0.9345530272
36.5 -103.3 2436.9 0.3049219251 0.9350649714 -0.1807652265 -0.6081746817 0.0451152623 -0.7925201654 -0.7329025865 0.3515936136 0.5824394822
-231.3 -162.6 2222.4 0.7899934649 -0.1421855092 -0.5964005589 0.0518512018 0.9847468734 -0.1660874188 0.6109188199 0.1002838910 0.7853161097
-176.2 -544.7 2183.5 0.7693584561 0.2012686729 -0.6062825322 -0.0855772048 0.9729878306 0.2144089788 0.6330593228 -0.1130733937 0.7658004165
-144.4 -207.5 2372.4 0.9646911025 -0.0457803681 0.2593746483 0.0376888365 0.9986377358 0.0360864848 -0.2606733441 -0.0250367820 0.9651023746
-126.7 -595.1 2382.1 0.9165325761 0.3015024960 0.2628009021 -0.2930072248 0.9534010291 -0.0719256550 -0.2722404003 -0.0110803563 0.9621654749
66.8 -239.1 2187.1 0 0 0 0 0 0 0 0 0
111.6 -252.9 2256.6 0 0 0 0 0 0 0 0 0
-251.3 -907.7 2225.6 0 0 0 0 0 0 0 0 0
-239.1 -950.6 2386.3 0 0 0 0 0 0 0 0 0
37.1 354.7 2325.5 8 0.4562089741 0.4103356004 -0.7896189094 -0.2524527311 0.9105622172 0.3273286521 0.8533117771 0.0500111729 0.5189970136
-43.6 175.7 2315.7 0.4562089741 0.4103356004 -0.7896189094 -0.2524527311 0.9105622172 0.3273286521 0.8533117771 0.0500111729 0.5189970136
-119.1 -3.0 2308.8 0.4663251638 0.3879672885 -0.7949982285 -0.2292429805 0.9209945202 0.3149868250 0.8543936610 0.0353614762 0.5184217095
-107.1 206.7 2199.5 0.0544559695 0.5649436116 -0.8233305812 0.9396472573 0.2499406785 0.2336507440 0.3377833068 -0.7863640189 -0.5172370076
-121.3 -38.7 2111.3 -0.6837170720 0.5649436116 -0.4619195163 0.6753132343 0.2499406785 -0.6938887835 -0.2765555978 -0.7863640189 -0.5524026155
19.9 144.6 2431.9 -0.0080846576 0.8838762641 -0.4676509500 -0.9931930304 0.0472464375 0.1064675078 0.1161989421 0.4653284252 0.8774777651
17.9 -96.9 2460.2 0.3915468454 0.8838762641 -0.2558394969 -0.6189370155 0.0472464375 -0.7840183377 -0.6808876395 0.4653284252 0.5655629635
-235.9 -158.0 2217.6 0.7503421903 -0.1491592079 -0.6440016627 0.0620300733 0.9857993126 -0.1560512483 0.6581329107 0.0771443620 0.7489391565
-178.0 -540.5 2187.7 0.7297641635 0.1933796555 -0.6557809114 -0.0834476203 0.9771878719 0.1952956617 0.6785873175 -0.0877964199 0.7292537093
-141.9 -206.0 2362.1 0.9804058671 -0.0412925929 0.1926117539 0.0109150028 0.9876681566 0.1561807543 -0.1966856122 -0.1510181576 0.9687663913
-126.0 -586.4 2420.2 0.9355735779 0.2945886552 0.1947295070 -0.2550206184 0.9450696707 -0.2044695318 -0.2442673594 0.1416362524 0.9593083858
69.2 -226.9 2188.4 0 0 0 0 0 0 0 0 0
115.3 -250.8 2290.8 0 0 0 0 0 0 0 0 0
-250.2 -905.0 2220.5 0 0 0 0 0 0 0 0 0
-234.6 -934.8 2368.0 0 0 0 0 0 0 0 0 0
30.7 357.6 2338.3 9 0.4687636495 0.3851713538 -0.7949236631 -0.2698001564 0.9193505049 0.2863607705 0.8411114812 0.0802350193 0.5348774195
-44.9 177.1 2322.5 0.4687636495 0.3851713538 -0.7949236631 -0.2698001564 0.9193505049 0.2863607705 0.8411114812 0.0802350193 0.5348774195
-117.5 -2.5 2311.5 0.4792025387 0.3732465208 -0.7943878174 -0.2444004267 0.9260223508 0.2876647115 0.8429906964 0.0562990531 0.5349738598
-110.3 210.3 2207.6 0.0634538457 0.5468820930 -0.8348015547 0.9277819395 0.2758613825 0.2512392998 0.3676877618 -0.7904558778 -0.4898828268
-127.2 -36.8 2109.7 -0.7195622325 0.5468820930 -0.4279604852 0.6375045180 0.2758613825 -0.7193667293 -0.2753509879 -0.7904558778 -0.5471392274
20.5 143.9 2437.4 0.0033319537 0.8767527938 -0.4809297025 -0.9956192374 0.0478475690 0.0803301036 0.0934409648 0.4785552323 0.8730714321
21.3 -98.5 2460.1 0.4162463546 0.8767527938 -0.2409221232 -0.5739459395 0.0478475690 -0.8174940944 -0.7052127123 0.4785552323 0.5231251121
-236.2 -161.2 2225.6 0.7565861344 -0.1431461573 -0.6380333304 0.0548542514 0.9861991405 -0.1562122852 0.6515891552 0.0831892118 0.7539967895
-180.6 -544.0 2193.3 0.7359838486 0.1890611053 -0.6500643492 -0.1009281278 0.9801252484 0.1707863063 0.6694335341 -0.0600861944 0.7404379845
-152.9 -202.0 2378.0 0.9769601822 -0.0664356500 0.2028179914 0.0476089120 0.9942094684 0.0963373259 -0.2080437988 -0.0844617859 0.9744660258
-127.3 -585.4 2410.6 0.9328787923 0.2904365063 0.2130347937 -0.2602305710 0.9523870349 -0.1588678658 -0.2490326017 0.0927662998 0.9640421271
73.3 -214.4 2186.4 0 0 0 0 0 0 0 0 0
125.7 -242.4 2283.2 0 0 0 0 0 0 0 0 0
-251.2 -909.6 2215.7 0 0 0 0 0 0 0 0 0
-234.9 -938.3 2376.2 0 0 0 0 0 0 0 0 0
33.2 360.4 2338.1 0 0.4839593470 0.3884557784 -0.7841463089 -0.2765181363 0.9180466533 0.2841268182 0.8302536011 0.0793248415 0.5517123342
-43.8 178.5 2322.4 0.4839593470 0.3884557784 -0.7841463089 -0.2765181363 0.9180466533 0.2841268182 0.8302536011 0.0793248415 0.5517123342
-115.7 -1.3 2310.3 0.4937016070 0.3704333901 -0.7867895365 -0.2528348565 0.9267991185 0.2777011395 0.8320656419 0.0618263260 0.5512207150
-111.2 212.9 2208.9 0.0103435414 0.5329753757 -0.8460674882 0.9383008480 0.2873142064 0.1924630702 0.3456653059 -0.7958566546 -0.4971194267
-114.1 -49.7 2112.1 -0.7511054873 0.5329753757 -0.3895866573 0.5937293768 0.2873142064 -0.7516222000 -0.2886623740 -0.7958566546 -0.5322464108
23.6 144.1 2435.9 0.0057992386 0.8787339926 -0.4772766232 -0.9965220690 0.0447545014 0.0702909604 0.0831273347 0.4752090275 0.8759373426
25.0 -98.7 2456.2 0.4177651107 0.8787339926 -0.2308655530 -0.5536621809 0.0447545014 -0.8315378428 -0.7203683257 0.4752090275 0.5052186251
-232.9 -160.3 2225.2 0.7666927576 -0.1309559196 -0.6285163164 0.0505005531 0.9882438183 -0.1443048716 0.6400249004 0.0788970813 0.7642927170
-182.1 -543.9 2194.5 0.7482782006 0.1802302003 -0.6384330392 -0.0955567211 0.9816337824 0.1651183963 0.6564667821 -0.0625479221 0.7517573833
-147.2 -203.9 2375.8 0.9753307700 -0.0506842174 0.2148509920 0.0210141093 0.9901823401 0.1381930411 -0.2197458595 -0.1302690208 0.9668204188
-127.6 -586.6 2426.2 0.9345874190 0.2810674608 0.2180537581 -0.2258374989 0.9423902035 -0.2467754781 -0.2748522758 0.1813885421 0.9442216158
97.3 -216.8 2193.4 0 0 0 0 0 0 0 0 0
130.4 -238.4 2274.4 0 0 0 0 0 0 0 0 0
-249.3 -910.2 2217.9 0 0 0 0 0 0 0 0 0
-231.7 -935.7 2359.0 0 0 0 0 0 0 0 0 0
43.8 368.0 2345.5 1 0.5186376572 0.4141895771 -0.7479718924 -0.3299514353 0.9040182233 0.2718145847 0.7887629867 0.1058211178 0.6055203080
-38.4 188.6 2324.5 0.5186376572 0.4141895771 -0.7479718924 -0.3299514353 0.9040182233 0.2718145847 0.7887629867 0.1058211178 0.6055203080
-113.2 10.6 2306.0 0.5298874974 0.3841099143 -0.7560944557 -0.3042708635 0.9182984829 0.2532728910 0.7916049957 0.0958513618 0.6034683585
-110.6 230.0 2216.8 -0.0349662341 0.5605850816 -0.8273582458 0.9402559400 0.2989959717 0.1628502160 0.3386681974 -0.7722342610 -0.5375482440
-99.8 -59.3 2112.6 -0.7541212440 0.5605850816 -0.3421190977 0.5695947409 0.2989959717 -0.7656129599 -0.3268989921 -0.7722342610 -0.5447855592
33.8 147.3 2432.3 -0.0049364483 0.8981553316 -0.4396506250 -0.9995966554 0.0078639491 0.0272887237 0.0279669017 0.4396080077 0.8977542520
32.6 -96.0 2439.1 0.3815684915 0.8981553316 -0.2184548378 -0.5107130408 0.0078639491 -0.8597152829 -0.7704399228 0.4396080077 0.4617002606
-231.9 -158.6 2223.9 0.7912694812 -0.1268336624 -0.5981687307 0.0536949225 0.9888846278 -0.1386510283 0.6091054678 0.0775916949 0.7892845273
-182.7 -542.4 2193.7 0.7726578712 0.1812593937 -0.6083952785 -0.0971309543 0.9808412790 0.1688667089 0.6273478866 -0.0713821724 0.7754606605
-143.5 -203.7 2372.7 0.9647557139 -0.0156251751 0.2626827359 -0.0046441923 0.9970690608 0.0763654709 -0.2631060481 -0.0748939738 0.9618555307
-137.5 -589.1 2401.7 0.9357439280 0.2392964810 0.2590761483 -0.2032296956 0.9662292600 -0.1584256887 -0.2882376611 0.0955939144 0.9527753592
113.8 -220.7 2205.2 0 0 0 0 0 0 0 0 0
128.9 -224.9 2244.7 0 0 0 0 0 0 0 0 0
-250.3 -908.5 2220.4 0 0 0 0 0 0 0 0 0
-226.0 -946.7 2366.3 0 0 0 0 0 0 0 0 0
56.4 378.0 2342.3 2 0.5395811200 0.4427365065 -0.7161260843 -0.3416734636 0.8925322294 0.2943560481 0.7694877982 0.0858523250 0.6328648329
-32.0 199.8 2325.1 0.5395811200 0.4427365065 -0.7161260843 -0.3416734636 0.8925322294 0.2943560481 0.7694877982 0.0858523250 0.6328648329
-111.6 23.7 2307.5 0.5476192832 0.4096007943 -0.7296165824 -0.3246961832 0.9076834917 0.2658629417 0.7711585760 0.0913120508 0.6300607920
-106.7 244.0 2220.0 0.0049506882 0.5710091591 -0.8209287524 0.9322294593 0.2944116592 0.2104042768 0.3618337810 -0.7663356662 -0.5308539867
-108.2 -43.6 2108.4 -0.7399544120 0.5710091591 -0.3555503190 0.5888667703 0.2944116592 -0.7527002692 -0.3251205683 -0.7663356662 -0.5540995002
42.6 155.5 2430.2 -0.0288919900 0.9108682275 -0.4116847217 -0.9993790984 -0.0180138592 0.0302799679 0.0201650318 0.4123039544 0.9108231664
35.6 -87.9 2435.1 0.3462761641 0.9108682275 -0.2245258987 -0.5101668239 -0.0180138592 -0.8598868251 -0.7872881293 0.4123039544 0.4584569931
-235.2 -140.3 2216.9 0.8054683805 -0.1392702013 -0.5760421157 0.0801910535 0.9886685014 -0.1269016713 0.5871883035 0.0560218580 0.8075094223
-181.2 -524.0 2195.1 0.7864555717 0.1757285446 -0.5921208858 -0.1064558104 0.9828912616 0.1503059566 0.6084035039 -0.0551742427 0.7917076349
-140.6 -194.5 2358.2 0.9553012848 -0.0138164479 0.2953109741 -0.0266833808 0.9908004999 0.1326737404 -0.2944273353 -0.1346232891 0.9461443424
-135.2 -577.7 2410.3 0.9272199273 0.2430643290 0.2849262953 -0.1964597553 0.9633767009 -0.1825072467 -0.3188523650 0.1132477969 0.9410144091
99.9 -209.2 2199.8 0 0 0 0 0 0 0 0 0
123.1 -216.9 2236.0 0 0 0 0 0 0 0 0 0
-246.8 -890.8 2215.7 0 0 0 0 0 0 0 0 0
-225.6 -935.7 2368.2 0 0 0 0 0 0 0 0 0
70.1 386.0 2334.1 3 0.6112754345 0.4736975133 -0.6339976788 -0.3771364987 0.8786355853 0.2928610742 0.6957804561 0.0600848794 0.7157369256
-24.9 209.6 2322.1 0.6112754345 0.4736975133 -0.6339976788 -0.3771364987 0.8786355853 0.2928610742 0.6957804561 0.0600848794 0.7157369256
-110.2 36.0 2308.4 0.6195161939 0.4401971698 -0.6499431729 -0.3611434996 0.8949724436 0.2619153559 0.6969756484 0.0724619403 0.7134242654
-108.8 258.9 2227.5 0.0525258817 0.5587268472 -0.8276867270 0.9162468910 0.3026658893 0.2624594867 0.3971557021 -0.7721513510 -0.4960339665
-125.0 -22.2 2105.7 -0.7384228110 0.5587268472 -0.3775660098 0.6054031253 0.3026658893 -0.7361252904 -0.2970166206 -0.7721513510 -0.5617503524
59.0 160.4 2416.6 -0.0534287058 0.9489825964 -0.3107691109 -0.9985612035 -0.0522013456 0.0122717051 -0.0045769312 0.3109776378 0.9504061937
46.0 -82.8 2415.5 0.2463976294 0.9489825964 -0.1967746913 -0.4926624000 -0.0522013456 -0.8686534166 -0.8346088529 0.3109776378 0.4546657503
-240.1 -123.2 2221.0 0.8570049405 -0.1654099673 -0.4880390167 0.1099893004 0.9839733243 -0.1403527558 0.5034331083 0.0666039363 0.8614633083
-175.9 -505.0 2195.2 0.8351013660 0.1931019723 -0.5150896311 -0.1312065423 0.9792587757 0.1543926150 0.5342195630 -0.0613503605 0.8431165814
-142.2 -181.3 2358.9 0.9167274237 0.0001542522 0.3995131850 -0.0275893472 0.9976370335 0.0629216358 -0.3985594809 -0.0687042996 0.9145655036
-142.3 -567.0 2385.4 0.8974506855 0.1912843734 0.3974827826 -0.1924128681 0.9805985689 -0.0374661088 -0.3969377279 -0.0428568125 0.9168444276
81.9 -191.8 2188.9 0 0 0 0 0 0 0 0 0
108.0 -206.9 2205.3 0 0 0 0 0 0 0 0 0
-248.0 -870.5 2218.1 0 0 0 0 0 0 0 0 0
-212.6 -927.3 2401.2 0 0 0 0 0 0 0 0 0
64.7 385.9 2342.5 4 0.6052785516 0.4549994171 -0.6531565189 -0.3885459602 0.8850212097 0.2564555705 0.6947445273 0.0985542610 0.7124725580
-26.1 209.2 2322.9 0.6052785516 0.4549994171 -0.6531565189 -0.3885459602 0.8850212097 0.2564555705 0.6947445273 0.0985542610 0.7124725580
-111.5 36.0 2304.2 0.6111149192 0.4401794970 -0.6578605771 -0.3769558370 0.8926583529 0.2471140176 0.6960192919 0.0969693214 0.7114450932
-109.3 260.6 2228.1 0.1026849076 0.5479570627 -0.8301800489 0.9020549655 0.3004474044 0.3098842204 0.4192286730 -0.7806884050 -0.4634359479
-138.9 -0.1 2107.0 -0.7223796248 0.5479570627 -0.4217946827 0.6405454278 0.3004474044 -0.7067056298 -0.2605172396 -0.7806884050 -0.5680284500
57.0 157.7 2417.6 -0.0534608923 0.9450622201 -0.3224892318 -0.9981890321 -0.0594963469 -0.0088799037 -0.0275789928 0.3214304745 0.9465314746
44.0 -85.5 2410.9 0.2567429543 0.9450622201 -0.2023373991 -0.4735408723 -0.0594963469 -0.8787600398 -0.8425212502 0.3214304745 0.4322503209
-250.4 -105.4 2232.8 0.8461357355 -0.2078990042 -0.4907467365 0.1248363182 0.9724763036 -0.1967377216 0.5181411505 0.1052037925 0.8488003016
-169.9 -482.2 2192.0 0.8230830431 0.1965198517 -0.5328360796 -0.1189937517 0.9770724177 0.1765503287 0.5553150177 -0.0819114298 0.8275963664
-140.4 -170.0 2356.7 0.9212405682 -0.0037692287 0.3889751434 -0.0356265530 0.9949328303 0.0940182284 -0.3873585165 -0.1004712507 0.9164381623
-138.9 -555.2 2395.6 0.9014007449 0.2040956616 0.3818659782 -0.1762604117 0.9785191417 -0.1069229469 -0.3954856992 0.0290725697 0.9180119038
62.8 -178.9 2179.7 0 0 0 0 0 0 0 0 0
108.9 -205.2 2197.9 0 0 0 0 0 0 0 0 0
-243.2 -846.8 2222.6 0 0 0 0 0 0 0 0 0
-214.3 -916.7 2384.9 0 0 0 0 0 0 0 0 0
60.2 384.3 2354.3 5 0.5521721840 0.4389909506 -0.7087967396 -0.3915688097 0.8871029019 0.2443814129 0.7360568643 0.1426020712 0.6617287397
-27.2 207.6 2325.8 0.5521721840 0.4389909506 -0.7087967396 -0.3915688097 0.8871029019 0.2443814129 0.7360568643 0.1426020712 0.6617287397
-111.0 34.7 2299.8 0.5565241575 0.4336166084 -0.7087013125 -0.3827013671 0.8909109235 0.2445758581 0.7374418974 0.1351085901 0.6617591381
-102.9 259.8 2225.6 0.1092670634 0.5519672632 -0.8266757727 0.9053036571 0.2881659269 0.3120667636 0.4104704261 -0.7824912667 -0.4682109356
-135.5 -10.7 2102.9 -0.7239538431 0.5519672632 -0.4137910306 0.6312646866 0.2881659269 -0.7200453281 -0.2782009542 -0.7824912667 -0.5570562482
48.4 155.3 2426.1 -0.0526768155 0.9180864692 -0.3928643465 -0.9978921413 -0.0633254051 -0.0141840745 -0.0379005000 0.3912890553 0.9194870591
35.6 -87.9 2416.9 0.3185110390 0.9180864692 -0.2359405905 -0.4697340429 -0.0633254051 -0.8805338144 -0.8233472109 0.3912890553 0.4110866487
-251.3 -103.5 2223.5 0.8041517735 -0.2108164728 -0.5557844639 0.1246812269 0.9740179777 -0.1890596300 0.5812008977 0.0827367529 0.8095431328
-169.5 -481.2 2191.4 0.7790935040 0.1994306147 -0.5943406224 -0.1088585034 0.9766853452 0.1850285977 0.6173841357 -0.0794555470 0.7826389074
-142.3 -171.0 2347.8 0.9475682974 0.0076673566 0.3194613159 -0.0339321345 0.9964742661 0.0767313316 -0.3177466393 -0.0835481808 0.9444875717
-145.2 -557.2 2380.1 0.9317446947 0.1751690209 0.3180685937 -0.1862163395 0.9824988842 0.0044101127 -0.3117295206 -0.0633386672 0.9480574727
68.6 -188.7 2181.3 0 0 0 0 0 0 0 0 0
116.1 -206.7 2208.8 0 0 0 0 0 0 0 0 0
-244.0 -845.7 2221.1 0 0 0 0 0 0 0 0 0
-210.0 -920.4 2403.5 0 0 0 0 0 0 0 0 0
58.9 384.1 2359.6 6 0.5876081586 0.4395706058 -0.6793337464 -0.4185528159 0.8836433887 0.2097328454 0.6924811602 0.1610963196 0.7032195926
-28.7 208.0 2327.5 0.5876081586 0.4395706058 -0.6793337464 -0.4185528159 0.8836433887 0.2097328454 0.6924811602 0.1610963196 0.7032195926
-112.2 35.5 2297.7 0.5930669904 0.4305369258 -0.6803745031 -0.4074296653 0.8893246055 0.2076121271 0.6944584846 0.1540768594 0.7028425932
-109.4 263.5 2233.0 0.0296141636 0.5703259110 -0.8208845258 0.9199903607 0.3055481613 0.2454751730 0.3908206224 -0.7624753714 -0.5156457424
-118.9 -31.6 2107.7 -0.7353435159 0.5703259110 -0.3660578132 0.6035799384 0.3055481613 -0.7364316583 -0.3081577420 -0.7624753714 -0.5689201355
52.0 152.5 2422.0 -0.0455823317 0.9353606701 -0.3507458866 -0.9958231449 -0.0703518316 -0.0581971109 -0.0791109055 0.3466280997 0.9346606135
40.9 -90.0 2402.7 0.2852079868 0.9353606701 -0.2091813236 -0.4295764863 -0.0703518316 -0.9002858996 -0.8568083048 0.3466280997 0.3817440569
-244.5 -103.9 2208.0 0.8212190866 -0.1975468993 -0.5353264213 0.1427456737 0.9794533849 -0.1424598098 0.5524697900 0.0405751802 0.8325447440
-167.9 -483.6 2192.2 0.7950079441 0.2065767199 -0.5703406334 -0.1277955174 0.9761624336 0.1754284948 0.5929845572 -0.0665800720 0.8024564981
-145.3 -172.5 2339.5 0.9327074289 -0.0175369661 0.3602073789 -0.0270481296 0.9926019311 0.1183629707 -0.3596182764 -0.1201409549 0.9253328443
-138.5 -557.2 2386.0 0.9103216529 0.2072342038 0.3582854867 -0.2052133828 0.9777223468 -0.0441193804 -0.3594467640 -0.0333621427 0.9325690269
91.6 -204.4 2195.9 0 0 0 0 0 0 0 0 0
113.0 -198.6 2186.1 0 0 0 0 0 0 0 0 0
-245.0 -847.9 2217.1 0 0 0 0 0 0 0 0 0
-215.4 -920.0 2398.4 0 0 0 0 0 0 0 0 0
