-106.1 421.3 2465.4 6 0.6669141054 0.3958264887 -0.6313057542 0.0168775488 0.8389953971 0.5438767076 0.7449434400 -0.3733739257 0.5528572798
-185.2 253.7 2540.0 0.6669141054 0.3958264887 -0.6313057542 0.0168775488 0.8389953971 0.5438767076 0.7449434400 -0.3733739257 0.5528572798
-261.2 87.2 2609.6 0.6635834575 0.3883094490 -0.6394315958 0.0097026192 0.8501990438 0.5263718963 0.7480393052 -0.3554958701 0.5604104400
-279.7 252.3 2433.4 -0.1633602381 -0.0893104598 -0.9825156927 0.9722866416 -0.1834042817 -0.1449880749 -0.1672486365 -0.9789721966 0.1167963371
-241.3 23.8 2472.7 -0.7997469902 -0.0893104598 -0.5936567783 0.5990515351 -0.1834042817 -0.7794229388 -0.0392685793 -0.9789721966 0.2001785934
-90.7 255.0 2646.5 0.7686471343 0.6266145706 0.1285915822 -0.3865443766 0.2948272228 0.8738766313 0.5096715093 -0.7214090824 0.4688324332
47.0 185.8 2737.8 -0.0743364543 0.6266145706 0.7757759094 -0.8988472819 0.2948272228 -0.3242691159 -0.4319116175 -0.7214090824 0.5413144231
-396.9 -75.2 2611.0 -0.1194050685 -0.0755237639 -0.9899689555 -0.2382014841 0.9701595902 -0.0452818647 0.9638477564 0.2304051965 -0.1338318437
-367.4 -455.2 2520.7 -0.1130886301 0.2034097314 -0.9725407362 -0.2084763795 0.9521731734 0.2233917713 0.9714671969 0.2280148417 -0.0652738363
-273.8 -76.3 2743.2 -0.0597768165 -0.2686451972 -0.9613825679 -0.1372248977 0.9561725259 -0.2586569488 0.9887346029 0.1164639443 -0.0940217599
-168.7 -450.3 2697.7 -0.0597768165 0.4192731977 -0.9058900476 -0.1372248977 0.8954452276 0.4234940410 0.9887346029 0.1496257931 0.0040078564
-22.8 -139.8 2483.4 0 0 0 0 0 0 0 0 0
27.3 -52.3 2623.4 0 0 0 0 0 0 0 0 0
-435.9 -776.2 2443.9 0 0 0 0 0 0 0 0 0
-326.0 -786.3 2641.5 0 0 0 0 0 0 0 0 0
-98.0 421.8 2454.8 7 0.7762385607 0.4020115435 -0.4856339991 -0.0801355168 0.8269798160 0.5564914346 0.6253255010 -0.3930535614 0.6741490364
-178.5 256.0 2533.6 0.7762385607 0.4020115435 -0.4856339991 -0.0801355168 0.8269798160 0.5564914346 0.6253255010 -0.3930535614 0.6741490364
-255.9 92.3 2607.8 0.7741177082 0.3977090418 -0.4925132394 -0.0845457390 0.8359939456 0.5421864390 0.6273705363 -0.3780761957 0.6807823181
-286.7 268.2 2445.7 -0.2037067860 -0.0542264991 -0.9775290489 0.9723344445 -0.1277957708 -0.1955350637 -0.1143208966 -0.9903169870 0.0787591562
-234.9 20.7 2474.8 -0.7959989309 -0.0542264991 -0.6028641462 0.6043198109 -0.1277957708 -0.7864259481 -0.0343983620 -0.9903169870 0.1344954520
-70.4 243.9 2621.5 0.6369261146 0.7534362078 0.1632757783 -0.4559312165 0.1973548532 0.8678581715 0.6216524839 -0.6272040606 0.4692155719
46.1 160.6 2735.1 -0.0912124887 0.7534362078 0.6511636972 -0.9132981896 0.1973548532 -0.3562829196 -0.3969467580 -0.6272040606 0.6701107025
-397.2 -80.2 2611.7 0.0172619093 -0.0687478557 -0.9974847436 -0.2287517786 0.9709013700 -0.0708743483 0.9733317494 0.2293998301 0.0010334174
-370.3 -460.5 2521.8 0.0145794218 0.1978868991 -0.9801164269 -0.2416834682 0.9518532753 0.1885854453 0.9702455997 0.2341284603 0.0617034622
-277.3 -78.5 2746.8 0.0779762715 -0.2725130022 -0.9589871764 -0.1437433213 0.9487918615 -0.2813037634 0.9865381718 0.1597830206 0.0348113291
-170.7 -449.5 2684.3 0.0779762715 0.4136157632 -0.9071062207 -0.1437433213 0.9050338268 0.4003144205 0.9865381718 0.0991754383 0.1300256699
-16.9 -144.8 2484.2 0 0 0 0 0 0 0 0 0
21.9 -81.5 2629.9 0 0 0 0 0 0 0 0 0
-436.0 -776.8 2444.0 0 0 0 0 0 0 0 0 0
-326.0 -789.3 2647.1 0 0 0 0 0 0 0 0 0
-91.7 421.2 2452.1 8 0.7937152982 0.4089496732 -0.4503067732 -0.1037112772 0.8204234838 0.5622715354 0.5993829966 -0.3995816112 0.6935953498
-173.5 257.0 2532.0 0.7937152982 0.4089496732 -0.4503067732 -0.1037112772 0.8204234838 0.5622715354 0.5993829966 -0.3995816112 0.6935953498
-252.6 94.5 2607.4 0.7916933298 0.4049929380 -0.4573865235 -0.1078101471 0.8295545578 0.5479198694 0.6013307571 -0.3844735920 0.7004151344
-285.2 272.4 2447.1 -0.2013075799 -0.0290957298 -0.9790958762 0.9734012485 -0.1175647154 -0.1966430843 -0.1093856543 -0.9926388860 0.0519884899
-235.7 33.4 2474.0 -0.7543158531 -0.0290957298 -0.6558666229 0.6541727185 -0.1175647154 -0.7471523285 -0.0553678311 -0.9926388860 0.1077145636
-61.8 241.6 2616.9 0.5502026081 0.8196869493 0.1593436599 -0.5188242793 0.1860512048 0.8343897462 0.6542923450 -0.5417547822 0.5276393890
42.5 143.1 2741.0 -0.0862407386 0.8196869493 0.5662824512 -0.8949170709 0.1860512048 -0.4055962861 -0.4378195107 -0.5417547822 0.7175066471
-402.0 -63.8 2626.3 0.0435225181 -0.0919523090 -0.9948118329 -0.2424129844 0.9650259018 -0.0998045877 0.9691964388 0.2454990447 0.0197099242
-366.0 -441.7 2530.2 0.0405745544 0.2019573897 -0.9785534739 -0.2563087940 0.9486932755 0.1851671934 0.9657430053 0.2432987839 0.0902562588
-267.1 -77.4 2741.2 0.0697690323 -0.2640274465 -0.9619884491 -0.1128746718 0.9560558200 -0.2705855072 0.9911566973 0.1274626255 0.0369010791
-165.1 -446.5 2692.0 0.0697690323 0.3912349641 -0.9176423550 -0.1128746718 0.9170724154 0.3824100494 0.9911566973 0.0768982023 0.1081437767
-29.3 -145.7 2489.1 0 0 0 0 0 0 0 0 0
19.9 -91.4 2626.3 0 0 0 0 0 0 0 0 0
-436.9 -774.7 2444.8 0 0 0 0 0 0 0 0 0
-312.2 -791.2 2663.1 0 0 0 0 0 0 0 0 0
-88.7 422.0 2448.7 9 0.8093701601 0.4160703719 -0.4144941270 -0.1309834570 0.8158698082 0.5632049441 0.5725061297 -0.4015493691 0.7148390412
-172.5 257.7 2529.5 0.8093701601 0.4160703719 -0.4144941270 -0.1309834570 0.8158698082 0.5632049441 0.5725061297 -0.4015493691 0.7148390412
-252.5 95.8 2605.1 0.8085321784 0.4091487527 -0.4229337871 -0.1326516718 0.8269502521 0.5464035869 0.5733055472 -0.3856819868 0.7228901386
-287.1 276.7 2448.3 -0.2297310382 -0.0009233613 -0.9732537270 0.9687907100 -0.0958790183 -0.2285865992 -0.0931035429 -0.9953925610 0.0229209308
-229.3 33.2 2471.7 -0.7094098926 -0.0009233613 -0.7047955394 0.7016116381 -0.0958790183 -0.7060795426 -0.0669231415 -0.9953925610 0.0686653629
-58.0 238.8 2610.8 0.4532976449 0.8860052824 0.0975495875 -0.5083569884 0.1670743376 0.8447836041 0.7321847081 -0.4325284362 0.5261413455
28.1 142.3 2749.7 -0.0297506135 0.8860052824 0.4627197683 -0.9104202390 0.1670743376 -0.3784456849 -0.4126134515 -0.4325284362 0.8016665578
-402.4 -58.2 2629.0 0.0695410669 -0.0858064443 -0.9938819408 -0.2496439219 0.9630962014 -0.1006159410 0.9658374190 0.2551135123 0.0455536805
-368.8 -435.4 2529.1 0.0693288818 0.1909082830 -0.9791565537 -0.2507038713 0.9533525705 0.1681262255 0.9655780792 0.2338223457 0.1139563173
-261.9 -76.9 2738.4 -0.0139318081 -0.2180236578 -0.9758440256 -0.1208215579 0.9691549540 -0.2148042470 0.9925764799 0.1149103865 -0.0398440398
-177.3 -453.3 2693.8 -0.0139318081 0.3763121367 -0.9263882041 -0.1208215579 0.9190560579 0.3751507401 0.9925764799 0.1171541959 0.0326625071
-35.3 -158.7 2490.0 0 0 0 0 0 0 0 0 0
20.3 -94.7 2642.3 0 0 0 0 0 0 0 0 0
-436.7 -774.3 2446.0 0 0 0 0 0 0 0 0 0
-318.7 -798.8 2649.7 0 0 0 0 0 0 0 0 0
-87.4 418.5 2448.0 0 0.8208388090 0.4169160128 -0.3903904855 -0.1497324854 0.8166745901 0.5573354959 0.5511840582 -0.3990284503 0.7327840328
-171.2 254.3 2528.2 0.8208388090 0.4169160128 -0.3903904855 -0.1497324854 0.8166745901 0.5573354959 0.5511840582 -0.3990284503 0.7327840328
-251.2 92.2 2603.8 0.8212382793 0.4086326659 -0.3982298374 -0.1489369273 0.8272556663 0.5417248607 0.5508043766 -0.3855740726 0.7402345538
-287.9 275.5 2450.0 -0.2441450059 0.0388839841 -0.9689588547 0.9658522606 -0.0796171576 -0.2465572655 -0.0867328793 -0.9960668087 -0.0181180537
-227.2 35.2 2471.5 -0.6998731494 0.0388839841 -0.7132079601 0.7093085647 -0.0796171576 -0.7003873587 -0.0840174407 -0.9960668087 0.0281411670
-54.6 233.0 2606.4 0.3997136354 0.9141616225 0.0673615262 -0.5044061542 0.1579979062 0.8488881588 0.7653779984 -0.3732897639 0.5242626667
20.0 138.9 2749.3 0.0033133281 0.9141616225 0.4053364098 -0.9237892032 0.1579979062 -0.3487838805 -0.3828871250 -0.3732897639 0.8450161219
-405.1 -54.2 2629.2 0.0899254829 -0.0924661979 -0.9916468263 -0.2481599450 0.9621966481 -0.1122239977 0.9645361900 0.2561788261 0.0635795966
-368.9 -431.0 2528.9 0.0888685435 0.1923943609 -0.9772854447 -0.2534072399 0.9532498717 0.1646192223 0.9632689953 0.2330217361 0.1334680468
-260.4 -77.7 2733.1 0.0071921921 -0.2088682652 -0.9779173136 -0.1178424135 0.9709512591 -0.2082470953 0.9930062890 0.1167378873 -0.0176302735
-178.9 -456.5 2687.6 0.0071921921 0.3885585368 -0.9213959575 -0.1178424135 0.9153286219 0.3850800693 0.9930062890 0.1058099493 0.0523718968
-35.3 -159.2 2494.6 0 0 0 0 0 0 0 0 0
20.9 -101.1 2649.9 0 0 0 0 0 0 0 0 0
-438.0 -773.5 2445.2 0 0 0 0 0 0 0 0 0
-325.1 -800.8 2647.8 0 0 0 0 0 0 0 0 0
-86.2 420.2 2446.6 1 0.8247305155 0.4212668240 -0.3772980571 -0.1571990550 0.8116412163 0.5626073480 0.5432384610 -0.4046885371 0.7356080413
-171.0 256.8 2528.1 0.8247305155 0.4212668240 -0.3772980571 -0.1571990550 0.8116412163 0.5626073480 0.5432384610 -0.4046885371 0.7356080413
-251.8 95.4 2604.2 0.8247973323 0.4126440883 -0.3865672648 -0.1570680588 0.8239714503 0.5444269180 0.5431749225 -0.3883245289 0.7444226146
-288.4 279.2 2450.8 -0.2569454610 0.0305408686 -0.9659432173 0.9622952938 -0.0842265040 -0.2586381435 -0.0892570540 -0.9959784746 -0.0077477153
-223.2 34.9 2473.5 -0.6914202571 0.0357272588 -0.7215688229 0.7169052958 -0.0896055400 -0.6913882494 -0.0893579721 -0.9953363538 0.0363420248
-53.7 234.4 2605.4 0.3529335558 0.9338051081 0.0587021187 -0.5703513026 0.1649817079 0.8046616912 0.7417124510 -0.3174729347 0.5908245444
12.9 126.7 2745.4 0.0548421927 0.9338051081 0.3535538912 -0.9428535700 0.1649817079 -0.2894964516 -0.3286631703 -0.3174729347 0.8894894123
-405.2 -56.3 2629.7 0.0960691199 -0.0902284458 -0.9912767410 -0.2466025800 0.9626782537 -0.1115247160 0.9643432498 0.2551654875 0.0702330843
-369.8 -433.4 2529.8 0.0941657573 0.1923617423 -0.9767956734 -0.2560660243 0.9528250694 0.1629557312 0.9620618224 0.2347793281 0.1389808059
-257.5 -83.0 2729.4 -0.2098737061 -0.2134266645 -0.9541499019 -0.1093849912 0.9748832583 -0.1940041333 0.9715903997 0.0636533126 -0.2279480249
-174.2 -463.6 2704.5 -0.2098737061 0.4251032770 -0.8804772496 -0.1093849912 0.8846712708 0.4532015622 0.9715903997 0.1914260983 -0.1391693205
-33.5 -161.8 2498.0 0 0 0 0 0 0 0 0 0
27.1 -117.5 2660.3 0 0 0 0 0 0 0 0 0
-438.4 -773.1 2446.0 0 0 0 0 0 0 0 0 0
-333.4 -795.0 2632.8 0 0 0 0 0 0 0 0 0
-93.9 417.0 2447.0 2 0.8183125854 0.4178121388 -0.3947119415 -0.1395029277 0.8105667830 0.5687885284 0.5575871468 -0.4103833735 0.7215830088
-177.5 254.8 2529.1 0.8183125854 0.4178121388 -0.3947119415 -0.1395029277 0.8105667830 0.5687885284 0.5575871468 -0.4103833735 0.7215830088
-257.7 93.9 2606.6 0.8184093237 0.4096574187 -0.4029726386 -0.1393121034 0.8217932582 0.5524925590 0.5574928522 -0.3960261047 0.7296335101
-294.0 274.7 2449.7 -0.2988172472 0.0405674614 -0.9534476995 0.9499848485 -0.0823725909 -0.3012367785 -0.0907583684 -0.9957755804 -0.0139241209
-221.1 43.0 2471.8 -0.6684584618 0.0370072387 -0.7428281903 0.7391010523 -0.0784366578 -0.6690121889 -0.0830232501 -0.9962319732 0.0250795577
-60.9 235.0 2608.4 0.3589587808 0.9325274825 0.0392563827 -0.5693945885 0.1854636222 0.8008701801 0.7395528555 -0.3098317385 0.5975499153
9.0 124.1 2752.5 0.0544327945 0.9325274825 0.3569727242 -0.9204185009 0.1854636222 -0.3441410363 -0.3871264458 -0.3098317385 0.8684108257
-407.0 -51.8 2631.2 0.0874582082 -0.0933853313 -0.9917813540 -0.2574113011 0.9596648812 -0.1130605638 0.9623359442 0.2651838064 0.0598921329
-370.5 -427.7 2527.4 0.0896011665 0.1887978911 -0.9779196978 -0.2466107309 0.9554998279 0.1618739814 0.9649636149 0.2266613990 0.1321734935
-258.3 -80.1 2729.5 -0.2787047625 -0.1821140647 -0.9429517984 -0.1113587171 0.9813612700 -0.1566182673 0.9538987875 0.0613556467 -0.2937900424
-187.1 -463.6 2705.5 -0.2787047625 0.3646310270 -0.8884637356 -0.1113587171 0.9066098928 0.4070107639 0.9538987875 0.2123740166 -0.2120716572
-37.7 -159.8 2494.6 0 0 0 0 0 0 0 0 0
22.9 -110.9 2653.7 0 0 0 0 0 0 0 0 0
-438.7 -772.8 2445.5 0 0 0 0 0 0 0 0 0
-323.8 -803.4 2625.9 0 0 0 0 0 0 0 0 0
-89.4 423.9 2454.1 3 0.7434175014 0.4299764335 -0.5122993588 -0.0589839593 0.8051303625 0.5901576281 0.6662216783 -0.4085160494 0.6239097118
-175.5 262.6 2536.0 0.7434175014 0.4299764335 -0.5122993588 -0.0589839593 0.8051303625 0.5901576281 0.6662216783 -0.4085160494 0.6239097118
-257.5 102.3 2613.1 0.7432836294 0.4188207388 -0.5216499567 -0.0592400320 0.8179174066 0.5722776651 0.6663483381 -0.3944620490 0.6327555180
-280.1 270.9 2442.2 -0.2481308132 0.1618554294 -0.9551093578 0.9594276547 -0.0952217057 -0.2653892040 -0.1339018345 -0.9822095633 -0.1316611320
-222.2 46.8 2473.5 -0.6911786199 0.0773836449 -0.7185289860 0.7203176022 -0.0066260705 -0.6936127543 -0.0584353060 -0.9969793558 -0.0511609986
-70.9 254.3 2629.7 0.4376709461 0.8932259083 0.1029156446 -0.5822466016 0.1943363249 0.7894442677 0.6851518750 -0.4054391086 0.6051331162
5.1 153.3 2748.6 0.0681704059 0.8932259083 0.4444100261 -0.9498741031 0.1943363249 -0.2448930889 -0.3051098585 -0.4054391086 0.8617001176
-411.8 -54.5 2633.9 -0.0156862922 -0.0985954106 -0.9950039387 -0.2824616134 0.9550302625 -0.0901813731 0.9591503143 0.2796358168 -0.0428303033
-373.2 -428.5 2524.4 -0.0045974185 0.1805739105 -0.9835506678 -0.2239853889 0.9583847523 0.1770005822 0.9745816588 0.2211147249 0.0360398218
-264.1 -79.6 2734.7 -0.2866741717 -0.1799185574 -0.9409820437 -0.1216584593 0.9810920954 -0.1505239606 0.9502721429 0.0713270977 -0.3031423688
-193.7 -463.4 2706.8 -0.2866741717 0.3432872295 -0.8944114447 -0.1216584593 0.9129933715 0.3894128203 0.9502721429 0.2204473168 -0.2199678123
-34.6 -148.7 2489.3 0 0 0 0 0 0 0 0 0
22.4 -88.7 2670.9 0 0 0 0 0 0 0 0 0
-438.1 -773.0 2444.9 0 0 0 0 0 0 0 0 0
-322.6 -806.4 2624.0 0 0 0 0 0 0 0 0 0
-91.4 424.5 2458.2 4 0.6997737288 0.4271389842 -0.5725984573 -0.0086110113 0.8065347672 0.5911239982 0.7143126726 -0.4087223709 0.5680699348
-176.7 263.3 2539.9 0.6997737288 0.4271389842 -0.5725984573 -0.0086110113 0.8065347672 0.5911239982 0.7143126726 -0.4087223709 0.5680699348
-257.6 102.4 2617.0 0.6995695829 0.4128144681 -0.5832551718 -0.0090066222 0.8212679029 0.5704716444 0.7145076990 -0.3938314319 0.5782521367
-275.4 264.5 2439.0 -0.2515118122 0.2205476463 -0.9423908591 0.9573112726 -0.0866380334 -0.2757697701 -0.1424672604 -0.9715207815 -0.1893422604
-216.4 39.6 2472.5 -0.6880999207 0.1197236851 -0.7156708241 0.7224388123 0.0208411664 -0.6911206841 -0.0678281039 -0.9925884604 -0.1008338407
-78.0 262.1 2640.8 0.4404982328 0.8717488050 0.2145117521 -0.7415829301 0.2186605781 0.6342257261 0.5059803128 -0.4384535849 0.7427936792
8.6 116.2 2740.3 0.0874601007 0.8717488050 0.4820837379 -0.9499643445 0.2186605781 -0.2230590433 -0.2998641729 -0.4384535849 0.8472543359
-405.9 -52.7 2630.7 -0.0662550852 -0.0810950547 -0.9945018291 -0.2679944634 0.9615157247 -0.0605510958 0.9611395597 0.2625091374 -0.0854383335
-374.1 -429.2 2527.9 -0.0587283149 0.1755120009 -0.9827240109 -0.2268964648 0.9563114047 0.1843542755 0.9721465707 0.2338034213 -0.0163395032
-273.2 -63.2 2749.7 -0.0060874545 -0.2508346140 -0.9680108428 -0.1560691297 0.9564045072 -0.2468456924 0.9877274036 0.1495739520 -0.0449696109
-175.6 -435.4 2691.5 -0.0060874545 0.3687906861 -0.9294925332 -0.1560691297 0.9177688360 0.3651612699 0.9877274036 0.1472879946 0.0519699678
-30.5 -155.5 2490.8 0 0 0 0 0 0 0 0 0
30.9 -126.4 2663.7 0 0 0 0 0 0 0 0 0
-437.6 -774.9 2443.4 0 0 0 0 0 0 0 0 0
-313.9 -779.6 2636.3 0 0 0 0 0 0 0 0 0
-98.7 423.4 2459.7 5 0.6759566069 0.4076489806 -0.6139258742 0.0321368687 0.8159744740 0.5771939754 0.7362403870 -0.4098877311 0.5384627581
-180.0 260.8 2541.4 0.6759566069 0.4076489806 -0.6139258742 0.0321368687 0.8159744740 0.5771939754 0.7362403870 -0.4098877311 0.5384627581
-257.7 98.3 2618.2 0.6732318997 0.3971579075 -0.6237182617 0.0265643671 0.8299754262 0.5571670532 0.7389541268 -0.3916712999 0.5482156277
-275.3 257.0 2436.7 -0.2696272135 0.2548800409 -0.9286211729 0.9511053562 -0.0803922191 -0.2982209027 -0.1506644785 -0.9636250734 -0.2207418382
-211.6 32.5 2472.2 -0.6848940253 0.1347108483 -0.7160817981 0.7264567018 0.0501741618 -0.6853781939 -0.0563990697 -0.9896138310 -0.1322255731
-84.7 264.6 2646.2 0.4447680116 0.8487496376 0.2860165834 -0.7913273573 0.2228158563 0.5693453550 0.4195026159 -0.4795593321 0.7707401514
9.6 96.9 2735.0 0.0897920206 0.8487496376 0.5211156011 -0.9544488192 0.2228158563 -0.1984453946 -0.2845432758 -0.4795593321 0.8300951719
-401.0 -57.7 2630.1 -0.0901755169 -0.0704417229 -0.9934316278 -0.2670515180 0.9626763463 -0.0440202132 0.9594539404 0.2613278627 -0.1056213975
-373.4 -434.7 2527.8 -0.0831047744 0.1772967279 -0.9806423783 -0.2288136333 0.9543609619 0.1919360161 0.9699164629 0.2403351367 -0.0387440436
-275.8 -59.2 2758.2 0.0299949758 -0.2409463972 -0.9700748324 -0.1678370982 0.9555179477 -0.2425203472 0.9853582978 0.1700889319 -0.0117790056
-181.8 -432.2 2691.8 0.0299949758 0.3491140008 -0.9366000891 -0.1678370982 0.9254768491 0.3395928144 0.9853582978 0.1470101625 0.0863539353
-27.1 -163.2 2487.4 0 0 0 0 0 0 0 0 0
32.5 -147.2 2662.3 0 0 0 0 0 0 0 0 0
-436.9 -776.3 2441.8 0 0 0 0 0 0 0 0 0
-313.0 -780.0 2636.5 0 0 0 0 0 0 0 0 0
-103.9 422.6 2462.5 6 0.6596493125 0.3973440230 -0.6379501820 0.0410600565 0.8284990788 0.5584830642 0.7504510880 -0.3945972621 0.5302038789
-182.9 257.9 2540.9 0.6596493125 0.3973440230 -0.6379501820 0.0410600565 0.8284990788 0.5584830642 0.7504510880 -0.3945972621 0.5302038789
-258.5 93.2 2615.1 0.6575177312 0.3863579929 -0.6468368769 0.0365187004 0.8411610723 0.5395502448 0.7525535226 -0.3783854842 0.5389690399
-276.3 252.7 2434.0 -0.2514880896 -0.1239391416 -0.9598920941 0.9542477131 -0.1975030005 -0.2245081216 -0.1617562175 -0.9724359512 0.1679382920
-217.7 30.4 2471.7 -0.7405345440 -0.1239391416 -0.6604905128 0.6707145572 -0.1975030005 -0.7149367332 -0.0418402068 -0.9724359512 0.2293855697
-89.6 263.1 2647.9 0.4555620849 0.8421541452 0.2885126770 -0.8048318028 0.2511467040 0.5377463102 0.3804062605 -0.4771809876 0.7922053933
11.3 84.8 2732.2 0.0844036490 0.8421541452 0.5325902700 -0.9354050159 0.2511467040 -0.2488829643 -0.3433561325 -0.4771809876 0.8089529276
-395.9 -66.6 2628.5 -0.1034608707 -0.0540536977 -0.9931636453 -0.2750304341 0.9611443281 -0.0236602686 0.9558525681 0.2707023323 -0.1143072471
-374.7 -443.0 2522.5 -0.0927624553 0.1794482023 -0.9793842435 -0.2175142467 0.9562154412 0.1958049685 0.9716391563 0.2311933637 -0.0496683531
-275.0 -61.8 2761.4 0.0209233910 -0.2467513084 -0.9688529372 -0.1724863648 0.9536433220 -0.2466026843 0.9847896695 0.1722736806 -0.0226077829
-178.5 -434.7 2694.1 0.0209233910 0.3499248028 -0.9365441203 -0.1724863648 0.9239663482 0.3413717747 0.9847896695 0.1543984264 0.0796897635
-22.2 -146.6 2482.7 0 0 0 0 0 0 0 0 0
32.9 -154.1 2644.4 0 0 0 0 0 0 0 0 0
-437.2 -776.0 2442.0 0 0 0 0 0 0 0 0 0
-310.2 -782.3 2636.0 0 0 0 0 0 0 0 0 0
-110.9 424.8 2469.9 7 0.6396521926 0.3793349862 -0.6685432196 0.0489866100 0.8478611112 0.5279506445 0.7671019435 -0.3704544604 0.5237538815
-186.6 255.7 2543.8 0.6396521926 0.3793349862 -0.6685432196 0.0489866100 0.8478611112 0.5279506445 0.7671019435 -0.3704544604 0.5237538815
-259.3 87.9 2613.7 0.6371799111 0.3722352386 -0.6748648882 0.0433787219 0.8569259048 0.5136110187 0.7694933414 -0.3565374315 0.5298689008
-277.1 249.6 2434.3 -0.2372731417 -0.1066015512 -0.9655762911 0.9588819742 -0.1850237697 -0.2152011395 -0.1557137966 -0.9769351482 0.1461194754
-221.8 25.9 2470.6 -0.7767760754 -0.1066015512 -0.6206891537 0.6288401484 -0.1850237697 -0.7551994920 -0.0343368128 -0.9769351482 0.2107573748
-96.0 261.8 2653.3 0.4890021980 0.8124154210 0.3175815344 -0.7922559381 0.2613198161 0.5514004827 0.3649759293 -0.5212419033 0.7714269161
10.1 90.0 2732.4 0.0885071531 0.8124154210 0.5763224959 -0.9388565421 0.2613198161 -0.2241882682 -0.3327385187 -0.5212419033 0.7858701944
-393.3 -74.8 2621.4 -0.1219052151 -0.0467630737 -0.9914395213 -0.2605789900 0.9653582573 -0.0134926857 0.9577252865 0.2567034960 -0.1298676729
-375.0 -452.8 2520.9 -0.1138649061 0.1830164790 -0.9764935970 -0.2182835490 0.9542602897 0.2043026239 0.9692198038 0.2364153862 -0.0687072724
-274.9 -68.2 2757.1 -0.0281256456 -0.2403291017 -0.9702839255 -0.1674399227 0.9580860734 -0.2324542403 0.9854810238 0.1559263319 -0.0671874732
-180.9 -443.1 2696.1 -0.0281256456 0.3530786037 -0.9351708293 -0.1674399227 0.9206585884 0.3526352644 0.9854810238 0.1665030122 0.0332253315
-21.6 -136.2 2479.5 0 0 0 0 0 0 0 0 0
32.7 -150.1 2647.3 0 0 0 0 0 0 0 0 0
-437.1 -776.4 2440.7 0 0 0 0 0 0 0 0 0
-313.8 -789.7 2633.4 0 0 0 0 0 0 0 0 0
-104.2 420.5 2474.1 8 0.6102599502 0.4049166441 -0.6809003353 0.0464076102 0.8397557139 0.5409775376 0.7908407450 -0.3617358804 0.4936780632
-184.7 253.5 2546.0 0.6102599502 0.4049166441 -0.6809003353 0.0464076102 0.8397557139 0.5409775376 0.7908407450 -0.3617358804 0.4936780632
-261.0 86.6 2614.0 0.6092193127 0.3898153603 -0.6905764341 0.0441913307 0.8527965546 0.5203702450 0.7917695045 -0.3475370705 0.5023136735
-271.4 247.3 2433.3 -0.2099252194 -0.0966872275 -0.9729249477 0.9671410918 -0.1665052325 -0.1921303272 -0.1434205472 -0.9812887311 0.1284638345
-221.8 18.7 2467.2 -0.7869663835 -0.0966872275 -0.6093730330 0.6164026260 -0.1665052325 -0.7696257830 -0.0270508137 -0.9812887311 0.1906322688
-98.0 259.8 2658.7 0.5096631050 0.8119653463 0.2845272422 -0.7814900875 0.2985588014 0.5478465557 0.3598843217 -0.5015724301 0.7867073417
12.6 90.2 2736.8 0.0682760775 0.8119653463 0.5796987414 -0.9019703269 0.2985588014 -0.3119489551 -0.4263659120 -0.5015724301 0.7527530789
-389.6 -83.7 2614.1 -0.1587380767 -0.0377357937 -0.9865993261 -0.2362947613 0.9716810584 0.0008532541 0.9586276412 0.2332637012 -0.1631595492
-374.8 -464.1 2522.7 -0.1558540463 0.1862245053 -0.9700669646 -0.2215052545 0.9504681230 0.2180498391 0.9626240134 0.2488588840 -0.1068845987
-274.6 -75.9 2753.0 -0.0666923299 -0.2473099977 -0.9666384459 -0.1625968963 0.9585390091 -0.2340195775 0.9844360948 0.1415650994 -0.1041390374
-177.8 -451.2 2697.6 -0.0666923299 0.3702917993 -0.9265182614 -0.1625968963 0.9121396542 0.3762492537 0.9844360948 0.1757419258 -0.0006244188
-19.6 -139.7 2474.2 0 0 0 0 0 0 0 0 0
30.0 -139.4 2628.2 0 0 0 0 0 0 0 0 0
-436.1 -776.8 2440.9 0 0 0 0 0 0 0 0 0
-317.2 -794.5 2631.4 0 0 0 0 0 0 0 0 0
-103.0 429.0 2468.7 9 0.6144915819 0.4082694352 -0.6750674844 0.0537986793 0.8320048451 0.5521536469 0.7870869040 -0.3756115437 0.4892956316
-184.7 262.5 2543.9 0.6144915819 0.4082694352 -0.6750674844 0.0537986793 0.8320048451 0.5521536469 0.7870869040 -0.3756115437 0.4892956316
-261.5 96.5 2614.0 0.6126351357 0.3922196329 -0.6861792207 0.0499042086 0.8472508788 0.5288435817 0.7887887955 -0.3582313955 0.4994822443
-271.9 255.4 2431.6 -0.1637549102 -0.0843735933 -0.9828862548 0.9784533381 -0.1408963948 -0.1509214342 -0.1257513613 -0.9864224792 0.1056280956
-231.6 14.5 2462.5 -0.8225564957 -0.0843735933 -0.5623894930 0.5685797930 -0.1408963948 -0.8104722500 -0.0108562009 -0.9864224792 0.1638683677
-97.5 269.6 2656.2 0.5141279697 0.8305590749 0.2141122669 -0.7500164509 0.3142334819 0.5820074677 0.4161103368 -0.4598140121 0.7844891548
17.1 102.3 2749.0 0.0513721742 0.8305590749 0.5545561314 -0.8653283119 0.3142334819 -0.3904666603 -0.4985657334 -0.4598140121 0.7348491549
-392.2 -84.4 2610.6 -0.1562459767 -0.0536130518 -0.9862620234 -0.2171567529 0.9759585857 -0.0186504684 0.9635508060 0.2112593949 -0.1641320288
-371.2 -466.5 2527.9 -0.1611295342 0.1964188665 -0.9671902061 -0.2404325753 0.9426578283 0.2314917594 0.9571987391 0.2698441744 -0.1046645194
-282.2 -76.4 2753.5 -0.0329122022 -0.3051075041 -0.9517490268 -0.1673209369 0.9405077100 -0.2957177162 0.9853529930 0.1495148242 -0.0820050538
-163.0 -444.1 2695.1 -0.0329122022 0.4082470238 -0.9122779965 -0.1673209369 0.8976399899 0.4077329040 0.9853529930 0.1660625935 0.0387649611
-20.1 -131.8 2465.3 0 0 0 0 0 0 0 0 0
30.2 -118.1 2622.0 0 0 0 0 0 0 0 0 0
-435.7 -776.2 2439.2 0 0 0 0 0 0 0 0 0
-316.6 -781.8 2632.6 0 0 0 0 0 0 0 0 0
-100.6 434.3 2474.5 0 0.5906297565 0.4177921712 -0.6903666854 0.0525924861 0.8337844610 0.5495793819 0.8052269816 -0.3609060347 0.4704851806
-184.3 267.2 2546.8 0.5906297565 0.4177921712 -0.6903666854 0.0525924861 0.8337844610 0.5495793819 0.8052269816 -0.3609060347 0.4704851806
-262.6 100.9 2614.1 0.5889338255 0.4000749588 -0.7022086978 0.0491018556 0.8495572209 0.5252061486 0.8066883087 -0.3437913954 0.4806885421
-268.2 260.3 2431.9 -0.1196842939 -0.1289193481 -0.9844061732 0.9866136909 -0.1260673702 -0.1034427211 -0.1107657179 -0.9836090803 0.1422818750
-238.1 12.4 2459.7 -0.8408349156 -0.1289193481 -0.5257151723 0.5397344232 -0.1260673702 -0.8323423266 0.0410294980 -0.9836090803 0.1755840480
-100.5 274.2 2661.7 0.5380823016 0.8196101785 0.1967398673 -0.7248095274 0.3307762146 0.6043494344 0.4302540720 -0.4677886367 0.7720460892
17.3 115.6 2755.8 0.0460948013 0.8196101785 0.5710642338 -0.8519216776 0.3307762146 -0.4059760273 -0.5216365457 -0.4677886367 0.7134907842
-393.6 -73.9 2612.9 -0.1846032441 -0.0652245581 -0.9806464314 -0.2110256404 0.9771538973 -0.0252674296 0.9598905444 0.2022770792 -0.1941498369
-368.0 -456.5 2533.7 -0.1907525808 0.1967357397 -0.9617216587 -0.2401070744 0.9406007528 0.2400391400 0.9518203735 0.2767042518 -0.1321843714
-282.9 -64.9 2755.4 -0.0717390850 -0.2947410345 -0.9528805017 -0.1631413400 0.9459437132 -0.2803130448 0.9839910865 0.1353448033 -0.1159455851
-167.6 -434.9 2702.5 -0.0717390850 0.3851152360 -0.9200759530 -0.1631413400 0.9054993987 0.3917342424 0.9839910865 0.1782050878 -0.0021314784
-21.4 -126.7 2449.2 0 0 0 0 0 0 0 0 0
29.0 -101.1 2623.1 0 0 0 0 0 0 0 0 0
-434.6 -774.9 2440.0 0 0 0 0 0 0 0 0 0
-312.5 -775.7 2635.4 0 0 0 0 0 0 0 0 0
-102.1 439.5 2470.4 1 0.6125602126 0.4133676589 -0.6737188697 0.0420092344 0.8341208100 0.5499797463 0.7893067598 -0.3651981354 0.4935839772
-185.3 271.6 2543.9 0.6125602126 0.4133676589 -0.6737188697 0.0420092344 0.8341208100 0.5499797463 0.7893067598 -0.3651981354 0.4935839772
-263.5 105.5 2612.0 0.6102898121 0.3994994760 -0.6840661764 0.0373107307 0.8480715156 0.5285665393 0.7912991047 -0.3481017947 0.5026637912
-272.2 266.3 2431.2 -0.1005346403 -0.1281377673 -0.9866476059 0.9919366241 -0.0898212343 -0.0894083157 -0.0771653205 -0.9876805544 0.1361346841
-245.9 6.6 2451.4 -0.8618717194 -0.1281377673 -0.4906708002 0.5028013587 -0.0898212343 -0.8597226143 0.0660902783 -0.9876805544 0.1418422163
-98.4 276.9 2656.6 0.5343949795 0.8289550543 0.1650925428 -0.7074122429 0.3317449391 0.6241099834 0.4625904858 -0.4503097236 0.7636957765
17.4 123.6 2756.8 0.0276193209 0.8289550543 0.5586329103 -0.8284059763 0.3317449391 -0.4513189793 -0.5594467521 -0.4503097236 0.6958738565
-394.1 -69.9 2608.5 -0.1627034545 -0.0739820525 -0.9838974476 -0.1982747018 0.9792949557 -0.0408480242 0.9665478468 0.1884358674 -0.1740034372
-365.1 -453.4 2534.7 -0.1727866083 0.2011710554 -0.9641965628 -0.2446851730 0.9394661188 0.2398595065 0.9540827870 0.2773691118 -0.1131035909
-287.7 -61.1 2754.3 -0.1980893314 -0.2910681963 -0.9359700680 -0.1652286351 0.9511433244 -0.2608176768 0.9661573768 0.1029838547 -0.2365041524
-173.8 -433.2 2714.0 -0.1980893314 0.3550840318 -0.9136060476 -0.1652286351 0.9066413641 0.3882022202 0.9661573768 0.2278525978 -0.1209259257
-22.3 -123.8 2434.2 0 0 0 0 0 0 0 0 0
24.4 -87.6 2614.1 0 0 0 0 0 0 0 0 0
-434.0 -775.3 2439.7 0 0 0 0 0 0 0 0 0
-307.3 -774.0 2628.3 0 0 0 0 0 0 0 0 0
-103.8 438.0 2474.3 2 0.6011772156 0.4188401401 -0.6805577874 0.0377101973 0.8358204961 0.5477061868 0.7982254624 -0.3549324274 0.4866816998
-188.0 270.1 2545.6 0.6011772156 0.4188401401 -0.6805577874 0.0377101973 0.8358204961 0.5477061868 0.7982254624 -0.3549324274 0.4866816998
-266.6 103.5 2612.0 0.5999100804 0.4016827345 -0.6919240355 0.0351055898 0.8507834673 0.5243425965 0.7992968559 -0.3388487995 0.4962922633
-273.4 265.1 2431.8 -0.0521892346 -0.1940798461 -0.9795964956 0.9957815409 -0.0842434838 -0.0363610089 -0.0754676834 -0.9773617983 0.1976577342
-259.8 5.6 2451.4 -0.8622113466 -0.1940798461 -0.4678938389 0.4898498356 -0.0842434838 -0.8677269816 0.1289913207 -0.9773617983 0.1677056700
-102.5 275.1 2659.5 0.5669548512 0.8106634021 0.1462429613 -0.6711998582 0.3517020643 0.6525307298 0.4775488377 -0.4681137502 0.7435163856
17.7 132.7 2760.8 0.0140526593 0.8106634021 0.5853437781 -0.8109507561 0.3517020643 -0.4676157832 -0.5849456191 -0.4681137502 0.6623504758
-396.8 -64.0 2608.7 -0.1754872352 -0.0826787129 -0.9810038209 -0.1931781769 0.9799870849 -0.0480362736 0.9653426409 0.1810787767 -0.1879469454
-364.5 -447.8 2537.8 -0.1871816218 0.2016533464 -0.9614046812 -0.2465624660 0.9377275109 0.2446918041 0.9508785605 0.2828481197 -0.1258052140
-286.6 -57.3 2751.7 -0.1279007196 -0.3229027689 -0.9377501011 -0.1589719355 0.9399649501 -0.3019830883 0.9789633751 0.1104520783 -0.1715546697
-160.3 -425.0 2708.5 -0.1279007196 0.3920431435 -0.9110124111 -0.1589719355 0.8985759616 0.4090099931 0.9789633751 0.1971380711 -0.0526046567
-35.0 -122.2 2417.8 0 0 0 0 0 0 0 0 0
21.3 -73.7 2611.9 0 0 0 0 0 0 0 0 0
-434.6 -773.7 2439.5 0 0 0 0 0 0 0 0 0
-307.6 -762.7 2634.4 0 0 0 0 0 0 0 0 0
-110.5 439.3 2476.3 3 0.6047339439 0.4008056819 -0.6882235408 0.0505660251 0.8430722952 0.5354177952 0.7948206663 -0.3585860431 0.4895672798
-191.2 269.5 2548.5 0.6047339439 0.4008056819 -0.6882235408 0.0505660251 0.8430722952 0.5354177952 0.7948206663 -0.3585860431 0.4895672798
-266.9 101.7 2615.3 0.6022371650 0.3867676556 -0.6983703971 0.0451767035 0.8568899035 0.5135160685 0.7970379591 -0.3408085108 0.4985780418
-277.0 263.1 2435.0 -0.0342697129 -0.2224864215 -0.9743332863 0.9981554747 -0.0565032847 -0.0222052205 -0.0501126684 -0.9732970595 0.2240123898
-268.2 6.7 2447.8 -0.8566029072 -0.2224864215 -0.4655440152 0.4880392253 -0.0565032847 -0.8709908724 0.1674788743 -0.9732970595 0.1569829732
-105.4 275.9 2662.1 0.5791215897 0.8014962077 0.1490704417 -0.6858548522 0.3801472783 0.6205571890 0.4407055080 -0.4616187215 0.7698615193
18.0 129.8 2756.0 0.0064444356 0.8014962077 0.5979651213 -0.7773838639 0.3801472783 -0.5011610389 -0.6289934516 -0.4616187215 0.6255200505
-399.5 -66.3 2606.1 -0.1688183099 -0.0890517607 -0.9816160798 -0.1950664222 0.9792304635 -0.0552878231 0.9661518931 0.1821467429 -0.1826830506
-364.6 -449.9 2534.8 -0.1794108301 0.2004062980 -0.9631453753 -0.2439212501 0.9393981099 0.2409017533 0.9530552030 0.2781520188 -0.1196548268
-291.1 -60.0 2750.5 -0.1420837045 -0.3123325706 -0.9392873049 -0.1586905867 0.9438280463 -0.2898377180 0.9770514369 0.1078748330 -0.1836668253
-168.8 -429.5 2708.3 -0.1420837045 0.3655884862 -0.9198680520 -0.1586905867 0.9088633060 0.3857263029 0.9770514369 0.2007798254 -0.0711192116
-44.3 -120.8 2404.1 0 0 0 0 0 0 0 0 0
19.6 -65.8 2597.8 0 0 0 0 0 0 0 0 0
-433.6 -773.4 2439.0 0 0 0 0 0 0 0 0 0
-306.3 -771.3 2632.8 0 0 0 0 0 0 0 0 0
-112.6 437.9 2477.3 4 0.6011158228 0.3960246146 -0.6941356063 0.0575085767 0.8448916078 0.5318372846 0.7970899940 -0.3596145809 0.4851029217
-192.4 267.8 2549.7 0.6011158228 0.3960246146 -0.6941356063 0.0575085767 0.8448916078 0.5318372846 0.7970899940 -0.3596145809 0.4851029217
-267.0 99.5 2616.3 0.5982766747 0.3811224103 -0.7048479915 0.0512814373 0.8596271873 0.5083417296 0.7996469140 -0.3402746320 0.4947503805
-277.6 260.5 2435.7 -0.0040782345 -0.2710272968 -0.9625630379 0.9987346530 -0.0493521914 0.0096645281 -0.0501239486 -0.9613056779 0.2708856463
-276.6 6.8 2448.5 -0.8450490236 -0.2710272968 -0.4609082043 0.4903995395 -0.0493521914 -0.8700991869 0.2130738199 -0.9613056779 0.1746166945
-107.1 275.1 2663.7 0.6035185456 0.7909660339 0.1006880328 -0.6465962529 0.4116045237 0.6422577500 0.4665603936 -0.4527189732 0.7598466277
19.6 139.3 2761.6 0.0040517556 0.7909660339 0.6118466258 -0.7434133887 0.4116045237 -0.5271795988 -0.6688199639 -0.4527189732 0.5896824598
-397.1 -70.2 2610.0 -0.1704501063 -0.0834943578 -0.9818224907 -0.2064167708 0.9773213863 -0.0472764224 0.9635034204 0.1946063638 -0.1838191748
-364.4 -453.0 2533.8 -0.1780418605 0.2034584582 -0.9627594352 -0.2410829067 0.9395546913 0.2431377769 0.9540336132 0.2753935456 -0.1182297170
-288.2 -62.0 2754.1 -0.1211629957 -0.2981751263 -0.9467899203 -0.1633029431 0.9468085766 -0.2772827446 0.9791076183 0.1210171729 -0.1634110361
-171.5 -432.7 2706.7 -0.1211629957 0.3622505963 -0.9241721034 -0.1633029431 0.9110713005 0.3785251379 0.9791076183 0.1967832595 -0.0512315333
-53.1 -122.9 2392.1 0 0 0 0 0 0 0 0 0
20.6 -48.1 2593.0 0 0 0 0 0 0 0 0 0
-433.8 -773.7 2439.8 0 0 0 0 0 0 0 0 0
-307.8 -775.6 2632.6 0 0 0 0 0 0 0 0 0
-116.0 436.7 2470.3 5 0.6203941107 0.3955042958 -0.6772646904 0.0564890951 0.8387620449 0.5415599942 0.7822532654 -0.3742386997 0.4980213344
-195.9 267.3 2545.8 0.6203941107 0.3955042958 -0.6772646904 0.0564890951 0.8387620449 0.5415599942 0.7822532654 -0.3742386997 0.4980213344
-270.5 99.9 2614.7 0.6165840626 0.3811737299 -0.6888618469 0.0481798835 0.8550707102 0.5162681341 0.7858134508 -0.3515119851 0.5088580251
-283.7 260.5 2433.9 0.0274708681 -0.2546940148 -0.9666314125 0.9992431998 -0.0196439829 0.0335735865 -0.0275394823 -0.9668221474 0.2539616227
-290.5 13.4 2440.7 -0.8363337517 -0.2546940148 -0.4854655564 0.5063923597 -0.0196439829 -0.8620793819 0.2100299746 -0.9668221474 0.1454040259
-108.0 274.2 2657.8 0.6236488819 0.7791734338 0.0628553182 -0.5846416950 0.4115453959 0.6991598606 0.5188989639 -0.4727781117 0.7121971250
20.8 153.4 2765.0 -0.0033409584 0.7791734338 0.6267994642 -0.7515250444 0.4115453959 -0.5155972242 -0.6596961021 -0.4727781117 0.5841934085
-395.7 -73.5 2610.7 -0.1501180083 -0.0796345323 -0.9854556918 -0.2078768015 0.9770114422 -0.0472855344 0.9665670395 0.1977549642 -0.1632211804
-364.5 -456.2 2533.3 -0.1583007872 0.2064095885 -0.9655754566 -0.2447464466 0.9391856790 0.2408931106 0.9565772414 0.2744547129 -0.0981558189
-287.6 -64.3 2755.3 0.0105709145 -0.2909308970 -0.9566856623 -0.1587822437 0.9441118240 -0.2888616323 0.9872570634 0.1549582332 -0.0362145342
-173.7 -433.8 2694.6 0.0105709145 0.3618913889 -0.9321603179 -0.1587822437 0.9209921956 0.3557549715 0.9872570634 0.1442498565 0.0671976581
-67.8 -121.4 2384.7 0 0 0 0 0 0 0 0 0
19.9 -36.7 2598.0 0 0 0 0 0 0 0 0 0
-434.3 -773.6 2440.5 0 0 0 0 0 0 0 0 0
-309.8 -780.0 2640.4 0 0 0 0 0 0 0 0 0
-121.6 437.7 2474.3 6 0.6334944963 0.3894097209 -0.6686140299 0.0402779132 0.8463565111 0.5310916305 0.7726981044 -0.3633739948 0.5204775929
-199.8 267.8 2547.2 0.6334944963 0.3894097209 -0.6686140299 0.0402779132 0.8463565111 0.5310916305 0.7726981044 -0.3633739948 0.5204775929
-273.6 99.3 2614.6 0.6306117773 0.3768129349 -0.6784842014 0.0338579416 0.8600348830 0.5091105700 0.7753595710 -0.3440231979 0.5295900106
-289.6 262.9 2436.8 0.0445538871 -0.2778640091 -0.9595866799 0.9987915754 -0.0075567700 0.0485623665 -0.0207451098 -0.9605907202 0.2771915495
-300.7 13.5 2442.0 -0.8260978460 -0.2778640091 -0.4902590215 0.5122206211 -0.0075567700 -0.8588206768 0.2349305749 -0.9605907202 0.1485702991
-109.9 272.6 2657.7 0.6334856153 0.7730943561 0.0319541022 -0.5481368899 0.4192382097 0.7237300873 0.5461152792 -0.4759878516 0.6893429160
19.7 160.5 2769.4 -0.0011260820 0.7730943561 0.6342900395 -0.7495166659 0.4192382097 -0.5123125315 -0.6619845033 -0.4759878516 0.5789750218
-400.8 -71.9 2612.5 -0.1347499490 -0.0981772169 -0.9860038757 -0.2075657099 0.9757990241 -0.0687946230 0.9688957334 0.1953905374 -0.1518670917
-362.4 -454.1 2536.0 -0.1449519694 0.2086381316 -0.9671913385 -0.2529334128 0.9372225404 0.2400802821 0.9565634131 0.2794351280 -0.0830807090
-289.4 -63.2 2754.5 -0.0082728090 -0.3210771084 -0.9470168948 -0.1578225791 0.9355988503 -0.3158272207 0.9874328375 0.1468478739 -0.0584132448
-163.8 -429.4 2697.1 -0.0082728090 0.3881200850 -0.9215716720 -0.1578225791 0.9095456600 0.3844720721 0.9874328375 0.1486254781 0.0537296124
-80.2 -123.2 2379.2 0 0 0 0 0 0 0 0 0
19.4 -29.7 2601.5 0 0 0 0 0 0 0 0 0
-433.6 -773.8 2440.7 0 0 0 0 0 0 0 0 0
-309.8 -771.5 2641.2 0 0 0 0 0 0 0 0 0
-114.7 435.7 2477.3 7 0.6174202561 0.4145291746 -0.6685490012 0.0347467139 0.8346852064 0.5496301651 0.7858656645 -0.3625826836 0.5009480119
-198.0 267.8 2550.2 0.6174202561 0.4145291746 -0.6685490012 0.0347467139 0.8346852064 0.5496301651 0.7858656645 -0.3625826836 0.5009480119
-275.8 101.4 2617.9 0.6162690520 0.3970400095 -0.6801262498 0.0323568024 0.8501187563 0.5255960226 0.7868707180 -0.3459152877 0.5110549331
-285.8 263.2 2438.1 0.0905923620 -0.2716042399 -0.9581357837 0.9955137968 -0.0016757791 0.0946015120 -0.0272997953 -0.9624075890 0.2702339590
-308.4 14.8 2444.9 -0.8227916360 -0.2716042399 -0.4992445111 0.5191481709 -0.0016757791 -0.8546826243 0.2312988043 -0.9624075890 0.1423816532
-110.2 272.5 2662.3 0.6340346336 0.7731469870 0.0156167913 -0.5382829905 0.4267505407 0.7267292738 0.5552040339 -0.4691777527 0.6867464781
17.9 163.7 2774.4 0.0071015288 0.7731469870 0.6341871619 -0.7455418706 0.4267505407 -0.5119094253 -0.6664209366 -0.4691777527 0.5794440508
-404.4 -72.2 2611.9 -0.1545373946 -0.1059265435 -0.9822921157 -0.2137397677 0.9742752314 -0.0714358017 0.9645898342 0.1989153773 -0.1732026637
-362.9 -453.7 2534.0 -0.1607176811 0.2088041306 -0.9646608829 -0.2413377762 0.9393847585 0.2435411960 0.9570401907 0.2719504833 -0.1005834192
-290.4 -66.0 2752.0 -0.0775686502 -0.3026214838 -0.9499491453 -0.1572895050 0.9446020722 -0.2880745232 0.9845014811 0.1270714700 -0.1208706945
-171.9 -435.7 2702.3 -0.0775686502 0.3609484136 -0.9293542504 -0.1572895050 0.9160585999 0.3689127564 0.9845014811 0.1747937351 -0.0142840352
-88.0 -124.3 2382.9 0 0 0 0 0 0 0 0 0
19.7 -26.3 2604.6 0 0 0 0 0 0 0 0 0
-433.8 -772.9 2441.6 0 0 0 0 0 0 0 0 0
-307.7 -780.3 2636.5 0 0 0 0 0 0 0 0 0
-115.2 436.5 2477.3 8 0.6145448685 0.4091528356 -0.6744838953 0.0480982810 0.8339633942 0.5497195721 0.7874141932 -0.3702688813 0.4928283691
-197.5 268.8 2551.7 0.6145448685 0.4091528356 -0.6744838953 0.0480982810 0.8339633942 0.5497195721 0.7874141932 -0.3702688813 0.4928283691
-274.5 102.5 2620.6 0.6123490930 0.3935547173 -0.6856699586 0.0434939787 0.8492081761 0.5262639523 0.7893902063 -0.3520797789 0.5028945804
-284.7 262.6 2439.2 0.1412236989 -0.2422977537 -0.9598685503 0.9896975756 0.0114908107 0.1427117735 -0.0235490762 -0.9701339006 0.2414242774
-319.0 22.5 2444.9 -0.8132830858 -0.2422977537 -0.5290201902 0.5428243279 0.0114908107 -0.8397676349 0.2095526904 -0.9701339006 0.1221798360
-110.2 275.0 2664.2 0.6860685945 0.7141100168 0.1391285807 -0.5746810436 0.4146533310 0.7055525184 0.4461519718 -0.5640119910 0.6948661208
31.4 156.4 2756.3 -0.0468103364 0.7141100168 0.6984666586 -0.7756046653 0.4146533310 -0.4759202302 -0.6294808984 -0.5640119910 0.5344569683
-409.2 -68.1 2614.5 -0.1557112634 -0.1226271763 -0.9801614881 -0.2228087187 0.9710533023 -0.0860916227 0.9623462558 0.2049830854 -0.1785263419
-361.2 -448.4 2534.2 -0.1596055329 0.2086654156 -0.9648755193 -0.2402658463 0.9398030043 0.2429869324 0.9574959278 0.2706086934 -0.0998625830
-297.8 -62.2 2756.7 -0.1064688340 -0.3505749106 -0.9304631352 -0.1649366766 0.9290446639 -0.3311674893 0.9805408120 0.1182084829 -0.1567369550
-160.7 -425.5 2710.5 -0.1064688340 0.3837448061 -0.9172809124 -0.1649366766 0.9029278159 0.3968843818 0.9805408120 0.1935490966 -0.0328400731
-101.5 -122.6 2388.9 0 0 0 0 0 0 0 0 0
19.6 -38.8 2597.9 0 0 0 0 0 0 0 0 0
-433.3 -773.3 2440.6 0 0 0 0 0 0 0 0 0
-305.1 -765.2 2637.6 0 0 0 0 0 0 0 0 0
-123.9 435.9 2478.3 9 0.6221973300 0.3868016899 -0.6806282997 0.0637934059 0.8414698243 0.5365248919 0.7802569270 -0.3772439659 0.4988848865
-201.6 266.7 2554.1 0.6221973300 0.3868016899 -0.6806282997 0.0637934059 0.8414698243 0.5365248919 0.7802569270 -0.3772439659 0.4988848865
-275.3 99.7 2624.9 0.6197310686 0.3762377501 -0.6887514591 0.0583162308 0.8530958891 0.5184849501 0.7826446295 -0.3614865839 0.5067492723
-289.9 258.4 2442.6 0.1449790150 -0.2061897516 -0.9677121639 0.9894344807 0.0295553505 0.1419360340 -0.0006646828 -0.9780655503 0.2082961500
-325.2 17.5 2442.8 -0.8078862429 -0.2061897516 -0.5520920157 0.5588165522 0.0295553505 -0.8287644386 0.1872000098 -0.9780655503 0.0913448855
-113.3 275.0 2665.6 0.7207216620 0.6676273346 0.1866387725 -0.5678935647 0.4142132103 0.7112835646 0.3975641429 -0.6186284423 0.6776736975
40.2 154.1 2750.3 -0.0733698756 0.6676273346 0.7408714890 -0.7902854681 0.4142132103 -0.4515266418 -0.6083303094 -0.6186284423 0.4972254336
-407.0 -67.7 2618.2 -0.1418502182 -0.1145391688 -0.9832391739 -0.2212692052 0.9718191028 -0.0812866986 0.9648411274 0.2060300112 -0.1631967574
-362.1 -448.4 2537.5 -0.1484655887 0.2053411901 -0.9673639536 -0.2512801290 0.9382659197 0.2377296388 0.9564602971 0.2783739865 -0.0877020434
-296.3 -59.8 2760.9 -0.0448583029 -0.3661254942 -0.9294836521 -0.1652757525 0.9203184843 -0.3545388579 0.9852266908 0.1377170980 -0.1017955914
-153.0 -419.9 2707.0 -0.0448583029 0.4013109803 -0.9148427248 -0.1652757525 0.9001635313 0.4029758275 0.9852266908 0.1692781299 0.0259471685
-109.4 -131.8 2392.7 0 0 0 0 0 0 0 0 0
21.9 -42.5 2599.0 0 0 0 0 0 0 0 0 0
-433.3 -773.6 2441.0 0 0 0 0 0 0 0 0 0
-304.0 -758.6 2643.3 0 0 0 0 0 0 0 0 0
-118.6 443.1 2470.3 0 0.6375107169 0.3934788704 -0.6623854637 0.0657008365 0.8288509250 0.5555983782 0.7676349878 -0.3977192044 0.5025494099
-198.2 275.6 2550.7 0.6375107169 0.3934788704 -0.6623854637 0.0657008365 0.8288509250 0.5555983782 0.7676349878 -0.3977192044 0.5025494099
-273.1 110.9 2625.6 0.6353980899 0.3828031719 -0.6706198454 0.0611569658 0.8407952785 0.5378876328 0.7697591186 -0.3827858567 0.5108286142
-288.7 266.9 2441.0 0.1556289941 -0.1997445971 -0.9674097896 0.9877856970 0.0238492247 0.1539826542 -0.0076852320 -0.9795576930 0.2010164857
-329.4 8.3 2443.0 -0.8087891340 -0.1997445971 -0.5531384945 0.5603343844 0.0238492247 -0.8279230595 0.1785650849 -0.9795576930 0.0926347747
-107.6 284.2 2660.4 0.6906727552 0.6906171441 0.2145206183 -0.6112368107 0.3989663720 0.6835315824 0.3864721060 -0.6032195091 0.6976858377
42.5 151.4 2744.4 -0.0633141175 0.6906171441 0.7204437852 -0.7975189090 0.3989663720 -0.4525366426 -0.5999624133 -0.6032195091 0.5255200267
-405.0 -72.7 2624.9 -0.1226988286 -0.1065295935 -0.9867098927 -0.2437001616 0.9670158029 -0.0740988627 0.9620578289 0.2313695103 -0.1446129829
-363.3 -451.3 2534.3 -0.1242844090 0.2033644915 -0.9711829424 -0.2510230839 0.9404883981 0.2290610671 0.9599691629 0.2722580731 -0.0658388585
-293.0 -62.1 2766.4 0.0024003834 -0.3630669117 -0.9317599535 -0.1741975844 0.9173647761 -0.3579064608 0.9847077727 0.1631694436 -0.0610433482
-150.9 -421.1 2702.5 0.0024003834 0.4176180661 -0.9086195230 -0.1741975844 0.8949044943 0.4108541906 0.9847077727 0.1572931111 0.0748961717
-113.3 -141.5 2395.3 0 0 0 0 0 0 0 0 0
26.9 -45.2 2596.4 0 0 0 0 0 0 0 0 0
-433.0 -773.9 2440.9 0 0 0 0 0 0 0 0 0
-308.1 -757.9 2643.3 0 0 0 0 0 0 0 0 0
-115.6 447.9 2467.3 1 0.6511432528 0.3972412646 -0.6466929913 0.0613487959 0.8217463493 0.5665414929 0.7564712763 -0.4085734785 0.5107043386
-196.1 281.3 2550.1 0.6511432528 0.3972412646 -0.6466929913 0.0613487959 0.8217463493 0.5665414929 0.7564712763 -0.4085734785 0.5107043386
-271.6 118.0 2627.3 0.6496203542 0.3857144117 -0.6551471949 0.0581282154 0.8340204358 0.5486629605 0.7580333352 -0.3945051432 0.5193757415
-288.6 273.1 2442.1 0.1645477116 -0.1791678965 -0.9699602723 0.9863591194 0.0343158953 0.1609909534 0.0044406443 -0.9832198620 0.1823704839
-333.0 7.0 2440.9 -0.8123429418 -0.1791678965 -0.5549755096 0.5586000681 0.0343158953 -0.8287269473 0.1675257385 -0.9832198620 0.0722069219
-103.5 289.6 2658.1 0.6544194818 0.7174861431 0.2386395186 -0.6524481773 0.3763104975 0.6578007340 0.3821603358 -0.5861775279 0.7143874168
41.9 144.6 2743.0 -0.0761689097 0.7174861431 0.6923958063 -0.7940860987 0.3763104975 -0.4773024619 -0.6030136943 -0.5861775279 0.5410826206
-405.4 -59.2 2631.0 -0.1067052037 -0.1112658158 -0.9880455136 -0.2532972991 0.9639745951 -0.0811999887 0.9614855647 0.2416047901 -0.1310444325
-361.8 -436.7 2536.4 -0.1057493165 0.1980624646 -0.9744682312 -0.2487406284 0.9435400963 0.2187695950 0.9627799392 0.2655245662 -0.0505125448
-290.6 -48.2 2770.2 -0.0558189526 -0.3328894079 -0.9413123131 -0.1783082187 0.9309498072 -0.3186512589 0.9823901653 0.1500569433 -0.1113215610
-160.3 -412.4 2711.4 -0.0558189526 0.3839740157 -0.9216551185 -0.1783082187 0.9044212103 0.3875931501 0.9823901653 0.1859737337 0.0179818738
-119.1 -140.1 2396.8 0 0 0 0 0 0 0 0 0
23.1 -51.9 2593.8 0 0 0 0 0 0 0 0 0
-432.6 -774.1 2441.5 0 0 0 0 0 0 0 0 0
-304.7 -752.6 2641.5 0 0 0 0 0 0 0 0 0
-117.1 449.0 2466.8 2 0.6632311940 0.3909661770 -0.6381769776 0.0644971505 0.8196749091 0.5691864491 0.7456302643 -0.4186627865 0.5184177160
-196.4 282.9 2551.6 0.6632311940 0.3909661770 -0.6381769776 0.0644971505 0.8196749091 0.5691864491 0.7456302643 -0.4186627865 0.5184177160
-270.6 120.2 2631.5 0.6628522873 0.3790670931 -0.6457050443 0.0636850223 0.8307092786 0.5530517697 0.7460369468 -0.4077133536 0.5264966488
-290.8 273.8 2445.3 0.1392583996 -0.1791357398 -0.9739186168 0.9901465774 0.0398133770 0.1342558116 0.0147249736 -0.9830184579 0.1829150021
-329.4 -0.5 2441.3 -0.8122397065 -0.1791357398 -0.5551369190 0.5578171015 0.0398133770 -0.8290084004 0.1706069112 -0.9830184579 0.0675869808
-101.9 291.9 2657.9 0.6788079739 0.6707027555 0.2989607751 -0.6555024385 0.3699628115 0.6583647132 0.3309626281 -0.6428727508 0.6907809973
47.5 147.7 2730.8 -0.0728032216 0.6707027555 0.7381446362 -0.8297038078 0.3699628115 -0.4179942012 -0.5534359217 -0.6428727508 0.5295500755
-405.8 -50.5 2636.1 -0.0870991051 -0.1094360352 -0.9901704192 -0.2707883120 0.9591242075 -0.0821851790 0.9586904645 0.2609683275 -0.1131728590
-362.9 -426.1 2533.9 -0.0807444826 0.1919109672 -0.9780851007 -0.2392803729 0.9488611817 0.2059303820 0.9675873518 0.2506643236 -0.0306947809
-288.4 -40.1 2773.1 0.0599555820 -0.3338942230 -0.9407018423 -0.1754715890 0.9241968393 -0.3392195702 0.9826571345 0.1854045689 -0.0031781928
-157.7 -401.7 2700.6 0.0599555820 0.3804758489 -0.9228453040 -0.1754715890 0.9141293168 0.3654823005 0.9826571345 0.1400204301 0.1215698645
-118.3 -145.5 2396.9 0 0 0 0 0 0 0 0 0
29.6 -56.3 2594.7 0 0 0 0 0 0 0 0 0
-433.4 -774.7 2441.8 0 0 0 0 0 0 0 0 0
-300.8 -745.4 2647.9 0 0 0 0 0 0 0 0 0
-125.1 440.1 2468.5 3 0.6585369110 0.3795322776 -0.6498340964 0.0825201124 0.8218859434 0.5636434555 0.7480103970 -0.4248044193 0.5099231601
-201.9 274.0 2554.4 0.6585369110 0.3795322776 -0.6498340964 0.0825201124 0.8218859434 0.5636434555 0.7480103970 -0.4248044193 0.5099231601
-273.9 111.0 2635.6 0.6582074761 0.3677425385 -0.6569081545 0.0817908049 0.8324815035 0.5479825139 0.7483803630 -0.4144152403 0.5178675652
-295.6 262.3 2447.8 0.1225799620 -0.1651313603 -0.9786244631 0.9924578071 0.0191164184 0.1210870296 -0.0012874714 -0.9860863090 0.1662292033
-327.9 1.1 2448.1 -0.7826384306 -0.1651313603 -0.6001739502 0.6058739424 0.0191164184 -0.7953309417 0.1428072602 -0.9860863090 0.0850875452
-108.1 285.6 2661.0 0.7143487334 0.6393808126 0.2844258845 -0.6283184290 0.4070787430 0.6629500985 0.3080938160 -0.6522876024 0.6925309300
51.8 145.0 2730.0 -0.0495869108 0.6393808126 0.7672896385 -0.8247522116 0.4070787430 -0.3925183415 -0.5633159876 -0.6522876024 0.5071449280
-404.7 -48.2 2643.9 -0.0842153132 -0.1116060764 -0.9901776910 -0.2875475585 0.9541553855 -0.0830897689 0.9540566802 0.2777257562 -0.1124465540
-361.0 -421.9 2535.1 -0.0741165429 0.1957432032 -0.9778503776 -0.2384419590 0.9486281872 0.2079663873 0.9683244228 0.2485743016 -0.0236356445
-288.1 -46.3 2781.6 0.1231666058 -0.3464940786 -0.9299311042 -0.1709354371 0.9156530499 -0.3638139665 0.9775536060 0.2037678957 0.0535497628
-152.7 -404.2 2701.9 0.1231666058 0.3621301949 -0.9239543676 -0.1709354371 0.9248693585 0.3397024572 0.9775536060 0.1160965413 0.1758138984
-126.2 -155.0 2411.3 0 0 0 0 0 0 0 0 0
39.4 -60.7 2589.5 0 0 0 0 0 0 0 0 0
-433.8 -774.7 2442.7 0 0 0 0 0 0 0 0 0
-288.9 -752.1 2658.2 0 0 0 0 0 0 0 0 0
-130.7 432.6 2456.4 4 0.6868275404 0.3745362163 -0.6228888631 0.0707619265 0.8184761405 0.5701662302 0.7233676314 -0.4356826842 0.5356490612
-206.6 266.7 2544.7 0.6868275404 0.3745362163 -0.6228888631 0.0707619265 0.8184761405 0.5701662302 0.7233676314 -0.4356826842 0.5356490612
-277.8 104.2 2627.6 0.6859727502 0.3638110459 -0.6301451325 0.0688538626 0.8296854496 0.5539685488 0.7243621349 -0.4233952761 0.5440918207
-304.3 256.9 2441.6 0.0882141069 -0.2690036595 -0.9590908885 0.9944878221 -0.0310006347 0.1001647934 -0.0566771217 -0.9626401067 0.2647861838
-328.3 -14.0 2457.0 -0.8194337487 -0.2690036595 -0.5061278343 0.5325924158 -0.0310006347 -0.8458039165 0.2118340731 -0.9626401067 0.1686722785
-108.9 276.5 2647.9 0.7299565077 0.6432604194 0.2310400009 -0.5719262958 0.3897613883 0.7217938304 0.3742509484 -0.6590160131 0.6524064541
53.9 148.9 2731.3 -0.0266175475 0.6432604194 0.7651846409 -0.8488260508 0.3897613883 -0.3571840525 -0.5280017853 -0.6590160131 0.5356417298
-405.4 -59.4 2649.1 -0.0509255715 -0.1058315113 -0.9930791855 -0.3165211082 0.9448181987 -0.0844570324 0.9472174644 0.3100295067 -0.0816133171
-363.9 -429.3 2527.8 -0.0337207727 0.1922868937 -0.9807592034 -0.2315028459 0.9531254768 0.1948286593 0.9722496271 0.2336183190 0.0123748351
-288.0 -49.4 2785.8 0.0816899091 -0.3443163633 -0.9352930188 -0.1880806535 0.9162425399 -0.3537304401 0.9787504673 0.2048067302 0.0100885238
-153.3 -408.0 2705.6 0.0816899091 0.3818809986 -0.9205941558 -0.1880806535 0.9129919410 0.3620378971 0.9787504673 0.1435711086 0.1464066505
-120.4 -149.0 2403.3 0 0 0 0 0 0 0 0 0
47.3 -61.6 2600.4 0 0 0 0 0 0 0 0 0
-433.6 -774.6 2443.1 0 0 0 0 0 0 0 0 0
-297.0 -751.4 2651.6 0 0 0 0 0 0 0 0 0
-133.8 430.6 2458.8 5 0.6866857409 0.3762252629 -0.6220267415 0.0531060696 0.8274132013 0.5590770841 0.7250120640 -0.4169436395 0.5481929779
-209.9 263.3 2543.1 0.6866857409 0.3762252629 -0.6220267415 0.0531060696 0.8274132013 0.5590770841 0.7250120640 -0.4169436395 0.5481929779
-281.4 98.9 2621.9 0.6852428317 0.3652749062 -0.6300924420 0.0498622805 0.8395790458 0.5409443378 0.7266058326 -0.4020960629 0.5571020842
-307.5 256.2 2439.7 0.0885271579 -0.2568267286 -0.9623944163 0.9931105971 -0.0517125838 0.1051527709 -0.0767739415 -0.9650729895 0.2504793704
-331.9 -17.7 2460.8 -0.8573968410 -0.2568267286 -0.4459940791 0.4730033576 -0.0517125838 -0.8795416951 0.2028263062 -0.9650729895 0.1658181101
-112.2 270.4 2646.6 0.7437409759 0.6272169948 0.2311887741 -0.5581171513 0.3922992945 0.7311679125 0.3679057360 -0.6728299260 0.6418296099
55.3 144.7 2729.5 -0.0025298558 0.6272169948 0.7788404822 -0.8628514409 0.3922992945 -0.3187297881 -0.5054513216 -0.6728299260 0.5402026176
-411.0 -64.5 2645.1 -0.0556605719 -0.1226829216 -0.9908838272 -0.3128347695 0.9445942044 -0.0993789732 0.9481752515 0.3044514060 -0.0909561366
-362.9 -434.3 2525.9 -0.0374141745 0.2008275986 -0.9789118767 -0.2265103310 0.9523962736 0.2040450871 0.9732899070 0.2293678224 0.0098564047
-287.9 -54.5 2776.7 0.0722104385 -0.2962252796 -0.9523844719 -0.1798925698 0.9353491664 -0.3045662642 0.9810322523 0.1933197528 0.0142532457
-172.1 -420.2 2701.1 0.0722104385 0.3413900435 -0.9371438026 -0.1798925698 0.9286452532 0.3244327605 0.9810322523 0.1451577693 0.1284714192
-118.6 -135.4 2410.4 0 0 0 0 0 0 0 0 0
54.6 -71.4 2602.9 0 0 0 0 0 0 0 0 0
-434.7 -774.7 2444.0 0 0 0 0 0 0 0 0 0
-300.4 -769.4 2646.5 0 0 0 0 0 0 0 0 0
