-234.1 423.9 2751.4 0 0.5471843481 0.3665088713 -0.7525028586 -0.3282186687 0.9209848046 0.2099035084 0.7699751854 0.1321295798 0.6242434978
-307.4 239.6 2725.0 0.5471843481 0.3665088713 -0.7525028586 -0.3282186687 0.9209848046 0.2099035084 0.7699751854 0.1321295798 0.6242434978
-376.1 54.9 2700.1 0.5542699695 0.3456110954 -0.7571907043 -0.3098011613 0.9300164580 0.1977184117 0.7725335360 0.1249891967 0.6225509048
-388.2 284.7 2612.3 -0.2394202203 0.6028122306 -0.7611145973 0.9691177607 0.1960625052 -0.1495668590 0.0590653010 -0.7734189630 -0.6311373711
-301.1 -67.8 2590.8 -0.7859703898 0.6028122306 -0.1373607814 0.3127944469 0.1960625052 -0.9293649197 -0.5333012342 -0.7734189630 -0.3426556289
-226.6 194.5 2837.7 -0.0293636154 0.4580489695 -0.8884418607 -0.9795297384 0.1638965905 0.1168733761 0.1991463304 0.8736870289 0.4438599944
-234.2 -60.7 2889.6 0.5403640866 0.4580489695 -0.7058312893 -0.8317509294 0.1638965905 -0.5304038525 -0.1272675991 0.8736870289 0.4695464969
-497.6 -99.8 2601.6 -0.9581587315 0.0019098235 0.2862311006 -0.0167316608 0.9978942275 -0.0626675040 -0.2857480347 -0.0648345351 -0.9561090469
-498.3 -495.8 2627.3 -0.9597786665 -0.0483094677 0.2765702009 0.0092538409 0.9791064858 0.2031373978 -0.2806051672 0.1975262910 -0.9392784834
-390.2 -158.9 2737.4 -0.6037868261 0.2443536967 0.7587705255 -0.0312289558 0.9438776374 -0.3288156390 -0.7965338826 -0.2222301811 -0.5622699857
-486.9 -532.6 2825.4 -0.6037868261 -0.3006125093 0.7382909656 -0.0312289558 0.9343771935 0.3549140692 -0.7965338826 0.1912363768 -0.5735524893
-69.1 -160.1 2748.2 0 0 0 0 0 0 0 0 0
-94.0 -276.5 2856.6 0 0 0 0 0 0 0 0 0
-482.0 -826.1 2560.7 0 0 0 0 0 0 0 0 0
-397.7 -810.0 2768.7 0 0 0 0 0 0 0 0 0
-235.3 423.4 2743.6 1 0.5966099501 0.3607454896 -0.7168816328 -0.3262319565 0.9251573682 0.1940530986 0.7332320809 0.1180956960 0.6696447730
-307.6 237.8 2719.9 0.5966099501 0.3607454896 -0.7168816328 -0.3262319565 0.9251573682 0.1940530986 0.7332320809 0.1180956960 0.6696447730
-374.9 52.4 2696.4 0.6022782326 0.3386194110 -0.7229092717 -0.3111674786 0.9335303307 0.1780335158 0.7351433635 0.1177201495 0.6676123142
-395.4 283.1 2612.7 -0.2336756289 0.5934242606 -0.7702229619 0.9698358774 0.1987808347 -0.1410833746 0.0693832710 -0.7799575925 -0.6219743490
-312.6 -60.5 2588.1 -0.7900279164 0.5934242606 -0.1539594829 0.3292049170 0.1987808347 -0.9230982065 -0.5171846747 -0.7799575925 -0.3524006009
-219.8 192.5 2827.1 -0.0035511970 0.5051342845 -0.8630334735 -0.9823473692 0.1596549898 0.0974883661 0.1870323122 0.8481448293 0.4956503510
-220.7 -63.5 2875.8 0.5442269444 0.5051342845 -0.6698181629 -0.8216445446 0.1596549898 -0.5471841693 -0.1694616675 0.8481448293 0.5019294024
-495.5 -101.5 2604.6 -0.9725716710 0.0225864723 0.2315042913 0.0040319483 0.9967617989 -0.0803094134 -0.2325685471 -0.0771732479 -0.9695133567
-504.5 -497.2 2635.3 -0.9718151093 -0.0626373962 0.2272706777 -0.0090986434 0.9733030796 0.2293431610 -0.2355687171 0.2208112925 -0.9464405775
-394.1 -158.1 2746.0 -0.6374312043 0.2235454619 0.7373661995 -0.0238504373 0.9508048296 -0.3088711202 -0.7701380849 -0.2144705802 -0.6007409692
-482.7 -535.2 2831.1 -0.6374312043 -0.2969931662 0.7109687328 -0.0238504373 0.9298913479 0.3670602441 -0.7701380849 0.2170187384 -0.5998251438
-83.2 -156.1 2738.4 0 0 0 0 0 0 0 0 0
-79.5 -276.7 2831.9 0 0 0 0 0 0 0 0 0
-483.4 -825.1 2560.9 0 0 0 0 0 0 0 0 0
-397.0 -803.6 2768.4 0 0 0 0 0 0 0 0 0
-226.6 425.0 2739.7 2 0.5988441706 0.3815026283 -0.7041600347 -0.3305920362 0.9185978770 0.2165337056 0.7294480801 0.1031197533 0.6762187481
-303.5 240.0 2718.9 0.5988441706 0.3815026283 -0.7041600347 -0.3305920362 0.9185978770 0.2165337056 0.7294480801 0.1031197533 0.6762187481
-373.1 55.1 2698.0 0.6065771580 0.3507059813 -0.7134910822 -0.3110625148 0.9305930138 0.1929682493 0.7316449285 0.1048902050 0.6735679507
-392.0 285.4 2612.1 -0.2273819447 0.5803592205 -0.7819722891 0.9716345668 0.1888018698 -0.1424081922 0.0649899244 -0.7921723723 -0.6068271995
-310.5 -63.0 2588.8 -0.7960016727 0.5803592205 -0.1719434708 0.3369040191 0.1888018698 -0.9224150777 -0.5028688312 -0.7921723723 -0.3458119333
-215.0 194.6 2825.7 -0.0129346363 0.5161459446 -0.8564029932 -0.9803773165 0.1619410366 0.1124074012 0.1967054158 0.8410519958 0.5039231181
-218.3 -60.8 2876.9 0.5327664614 0.5161459446 -0.6706364751 -0.8295760751 0.1619410366 -0.5343955159 -0.1672225147 0.8410519958 0.5144590735
-497.3 -104.6 2605.7 -0.9753068089 0.0172763355 0.2201775312 -0.0016570512 0.9963352680 -0.0855180621 -0.2208480686 -0.0837711915 -0.9717039466
-504.1 -500.4 2639.0 -0.9746963978 -0.0649937987 0.2138756067 -0.0115213981 0.9701321721 0.2423030585 -0.2232358158 0.2337077558 -0.9463331699
-390.7 -156.5 2747.1 -0.6439851522 0.1187127307 0.7557713985 -0.0127530545 0.9860843420 -0.1657558680 -0.7649316788 -0.1163827181 -0.6335097551
-436.8 -539.5 2792.3 -0.6438244581 -0.1266075671 0.7546260953 -0.0140110301 0.9880013466 0.1538083553 -0.7650449276 0.0884524956 -0.6378733516
-76.3 -162.0 2736.8 0 0 0 0 0 0 0 0 0
-80.1 -276.1 2833.5 0 0 0 0 0 0 0 0 0
-482.2 -827.8 2560.1 0 0 0 0 0 0 0 0 0
-395.6 -860.7 2763.5 0 0 0 0 0 0 0 0 0
-232.3 423.0 2738.2 3 0.6108394265 0.3621852100 -0.7040575743 -0.3226371408 0.9259226918 0.1963987350 0.7230355740 0.1071870327 0.6824445128
-305.1 237.0 2716.7 0.6108394265 0.3621852100 -0.7040575743 -0.3226371408 0.9259226918 0.1963987350 0.7230355740 0.1071870327 0.6824445128
-372.5 51.2 2696.6 0.6182755828 0.3396651149 -0.7087756395 -0.3029194176 0.9351069331 0.1838882715 0.7252414227 0.1010082588 0.6810449362
-395.3 281.2 2610.8 -0.2202214897 0.5932726860 -0.7742932439 0.9736152887 0.1823484898 -0.1371943206 0.0597975589 -0.7840768695 -0.6177763939
-321.6 -44.6 2590.8 -0.7760734558 0.5932726860 -0.2138634026 0.3883211911 0.1823484898 -0.9033026695 -0.4969071150 -0.7840768695 -0.3718961775
-214.8 192.8 2822.5 0.0018961797 0.5228636265 -0.8524142504 -0.9804005623 0.1689029634 0.1014227495 0.1970055699 0.8355150819 0.5129359961
-214.3 -62.7 2873.9 0.5417103171 0.5228636265 -0.6581516266 -0.8226321936 0.1689029634 -0.5429069996 -0.1727025509 0.8355150819 0.5216209292
-498.3 -101.3 2610.2 -0.9773396850 0.0139560364 0.2112164795 0.0021751227 0.9984336495 -0.0559063517 -0.2116658688 -0.0541800745 -0.9758391380
-503.9 -497.8 2631.7 -0.9762815237 -0.0638060793 0.2068892270 -0.0168320425 0.9750632048 0.2212882042 -0.2158496082 0.2125572264 -0.9530101418
-389.0 -155.8 2747.6 -0.6503969431 0.1315415055 0.7481180429 -0.0094929943 0.9834068418 -0.1811653078 -0.7595351934 -0.1249312386 -0.6383560896
-440.7 -542.1 2796.7 -0.6582528949 -0.0585847497 0.7505137920 0.0788356587 0.9861205816 0.1461204588 -0.7486575246 0.1553514600 -0.6444981098
-96.9 -157.0 2734.7 0 0 0 0 0 0 0 0 0
-73.8 -276.1 2829.1 0 0 0 0 0 0 0 0 0
-482.1 -830.0 2559.3 0 0 0 0 0 0 0 0 0
-420.1 -889.5 2742.0 0 0 0 0 0 0 0 0 0
-222.1 426.0 2738.0 4 0.6144605279 0.3767431378 -0.6931831241 -0.3293324113 0.9208901525 0.2085701078 0.7169228792 0.1001295820 0.6899243593
-297.9 240.7 2717.8 0.6144605279 0.3767431378 -0.6931831241 -0.3293324113 0.9208901525 0.2085701078 0.7169228792 0.1001295820 0.6899243593
-365.9 55.0 2698.5 0.6243904829 0.3422831595 -0.7021244764 -0.3037084341 0.9345330000 0.1854973882 0.7196511030 0.0974183157 0.6874678135
-389.0 285.1 2612.8 -0.1882477105 0.6135366559 -0.7669000030 0.9791126251 0.1783162802 -0.0976817682 0.0768194124 -0.7692698240 -0.6342891455
-327.8 -33.3 2587.8 -0.7543925643 0.6135366559 -0.2333766669 0.4202602804 0.1783162802 -0.8897104263 -0.5042550564 -0.7692698240 -0.3923655450
-206.8 196.4 2822.9 0.0019309899 0.5308586359 -0.8474581838 -0.9803104997 0.1683384180 0.1032156274 0.1974526644 0.8305729032 0.5207313299
-206.3 -59.0 2874.4 0.5385962129 0.5308586359 -0.6542959809 -0.8236988783 0.1683384180 -0.5414631367 -0.1772972345 0.8305729032 0.5279340744
-496.6 -106.8 2610.1 -0.9792568088 0.0199910775 0.2016344219 0.0032426033 0.9965397716 -0.0830540806 -0.2025970668 -0.0806774572 -0.9759331942
-504.6 -502.6 2642.1 -0.9786255360 -0.0596410111 0.1968120784 -0.0080861868 0.9674425125 0.2529616356 -0.2054912597 0.2459632456 -0.9472462535
-384.2 -161.1 2744.7 -0.6574660540 0.1567341685 0.7370025516 -0.0091417953 0.9763948917 -0.2157996148 -0.7534286976 -0.1486184448 -0.6405136585
-446.1 -546.7 2803.4 -0.6619930863 -0.0639199391 0.7467793822 0.0455297269 0.9910873175 0.1251917332 -0.7481257915 0.1168767214 -0.6531826854
-111.0 -154.1 2732.8 0 0 0 0 0 0 0 0 0
-66.5 -272.7 2828.4 0 0 0 0 0 0 0 0 0
-484.5 -827.7 2559.5 0 0 0 0 0 0 0 0 0
-422.7 -910.4 2760.5 0 0 0 0 0 0 0 0 0
-227.8 422.5 2736.9 5 0.6020240784 0.3585122824 -0.7134675384 -0.3149522245 0.9277074337 0.2004095316 0.7337384224 0.1040568277 0.6714164615
-300.1 235.5 2715.9 0.6020240784 0.3585122824 -0.7134675384 -0.3149522245 0.9277074337 0.2004095316 0.7337384224 0.1040568277 0.6714164615
-367.4 49.5 2697.0 0.6093343496 0.3391095698 -0.7167400718 -0.2954232693 0.9359427094 0.1916672140 0.7358238101 0.0949522704 0.6704829335
-389.0 278.6 2608.5 -0.1782138348 0.5820775628 -0.7933634520 0.9817091823 0.1600633413 -0.1030862704 0.0669841990 -0.7972235680 -0.5999563932
-334.4 -21.9 2588.0 -0.7578756213 0.5820775628 -0.2946358323 0.4620507658 0.1600633413 -0.8722894192 -0.4605796933 -0.7972235680 -0.3902574778
-211.1 192.3 2823.3 -0.0011712982 0.5129516125 -0.8584167361 -0.9782127738 0.1776211858 0.1074732766 0.2076015919 0.8398400545 0.5015677810
-211.5 -62.6 2877.4 0.5431418419 0.5129516125 -0.6647387147 -0.8247746229 0.1776211858 -0.5368403196 -0.1573014110 0.8398400545 0.5195429921
-491.1 -102.8 2613.2 -0.9742839932 0.0331019796 0.2228786647 0.0170116760 0.9971331358 -0.0737301484 -0.2246803194 -0.0680425689 -0.9720540047
-504.3 -498.9 2640.2 -0.9729861021 -0.0643187314 0.2217232436 -0.0070535215 0.9682408571 0.2499198765 -0.2307560295 0.2416046262 -0.9425384998
-377.1 -157.9 2746.0 -0.6375107765 0.1757325828 0.7501320243 0.0045205946 0.9744757414 -0.2244474292 -0.7704281807 -0.1396966279 -0.6220332384
-446.7 -543.8 2801.3 -0.6391401887 -0.0350528248 0.7682910562 0.0395991765 0.9961359501 0.0783906132 -0.7680701613 0.0805262849 -0.6352824569
-117.6 -154.1 2719.7 0 0 0 0 0 0 0 0 0
-70.5 -276.5 2836.6 0 0 0 0 0 0 0 0 0
-482.3 -828.7 2557.9 0 0 0 0 0 0 0 0 0
-433.6 -916.6 2771.2 0 0 0 0 0 0 0 0 0
-229.6 418.2 2735.8 6 0.5849986672 0.3578315377 -0.7278276682 -0.2918807566 0.9301650524 0.2227073163 0.7566915751 0.0821553990 0.6485894918
-301.7 230.8 2719.3 0.5849986672 0.3578315377 -0.7278276682 -0.2918807566 0.9301650524 0.2227073163 0.7566915751 0.0821553990 0.6485894918
-368.9 44.5 2704.5 0.5918440819 0.3383911550 -0.7315818071 -0.2735118568 0.9380715489 0.2126334310 0.7582293749 0.0742504671 0.6477461457
-388.0 270.7 2608.6 -0.2146468461 0.5594565272 -0.8005842566 0.9752017260 0.1680240631 -0.1440470666 0.0539293475 -0.8116503358 -0.5816488266
-320.4 -36.4 2591.6 -0.7750178576 0.5594565272 -0.2938633561 0.4532224834 0.1680240631 -0.8754183650 -0.4403823912 -0.8116503358 -0.3837799430
-215.4 190.9 2830.0 -0.0075368346 0.4938863814 -0.8694937825 -0.9714521170 0.2025662363 0.1234814823 0.2371159047 0.8456022739 0.4782602787
-217.3 -62.2 2891.7 0.5452384353 0.4938863814 -0.6773413420 -0.8296908736 0.2025662363 -0.5201730132 -0.1196998730 0.8456022739 0.5202199221
-490.6 -109.4 2610.7 -0.9687349796 0.0343630128 0.2457064837 0.0145343989 0.9965211153 -0.0820633173 -0.2476716340 -0.0759264156 -0.9658643603
-504.3 -505.3 2640.9 -0.9678219557 -0.0652152672 0.2430384457 -0.0008060760 0.9666315913 0.2561693490 -0.2516348064 0.2477303892 -0.9355798364
-379.2 -163.3 2746.1 -0.6161870360 0.1735558659 0.7682394981 0.0010258139 0.9755945206 -0.2195774317 -0.7875992060 -0.1345126927 -0.6013267040
-448.0 -550.3 2799.4 -0.6156843901 -0.0492731035 0.7864508033 -0.0099069802 0.9984482527 0.0547994450 -0.7879305482 0.0259478129 -0.6152171493
-96.4 -167.4 2718.9 0 0 0 0 0 0 0 0 0
-75.9 -277.5 2860.7 0 0 0 0 0 0 0 0 0
-482.6 -827.3 2558.4 0 0 0 0 0 0 0 0 0
-429.4 -927.3 2789.6 0 0 0 0 0 0 0 0 0
-230.9 415.5 2736.3 7 0.5773273706 0.3593007326 -0.7332094312 -0.2869258523 0.9299810529 0.2298016548 0.7644388080 0.0777059421 0.6399961710
-303.4 228.1 2720.6 0.5773273706 0.3593007326 -0.7332094312 -0.2869258523 0.9299810529 0.2298016548 0.7644388080 0.0777059421 0.6399961710
-370.0 41.5 2707.0 0.5854036212 0.3355334699 -0.7380514145 -0.2651962638 0.9395105243 0.2167740017 0.7661420107 0.0688281804 0.6389750838
-388.8 266.8 2608.8 -0.2136041671 0.5809009075 -0.7854472399 0.9754884839 0.1703421623 -0.1393046975 0.0528725572 -0.7959507704 -0.6030479670
-322.9 -33.8 2592.5 -0.7622798085 0.5809009075 -0.2854533195 0.4567715228 0.1703421623 -0.8731227517 -0.4585730731 -0.7959507704 -0.3951873779
-217.9 189.4 2832.5 -0.0075090677 0.4855464995 -0.8741785884 -0.9692708254 0.2114223093 0.1257565469 0.2458815128 0.8482601047 0.4690384567
-219.9 -63.1 2896.6 0.5482290387 0.4855464995 -0.6809474826 -0.8294454813 0.2114223093 -0.5170307159 -0.1070749536 0.8482601047 0.5186422467
-490.5 -116.8 2620.3 -0.9658709168 0.0404079296 0.2558527291 0.0250457115 0.9976978898 -0.0630205646 -0.2578102648 -0.0544617139 -0.9646593928
-506.5 -513.2 2641.9 -0.9641678929 -0.0728043392 0.2551073730 -0.0028624758 0.9644060135 0.2644103765 -0.2652772963 0.2542057633 -0.9300577044
-382.1 -166.8 2759.5 -0.6036214232 0.1623852104 0.7805589437 0.0229299664 0.9821692109 -0.1865954399 -0.7969412804 -0.0947348177 -0.5965818763
-446.5 -556.4 2797.0 -0.6027132869 -0.0330993161 0.7972710133 -0.0314475410 0.9993484020 0.0177153014 -0.7973378897 -0.0143949678 -0.6033614874
-103.9 -165.1 2724.3 0 0 0 0 0 0 0 0 0
-77.7 -278.3 2868.8 0 0 0 0 0 0 0 0 0
-482.7 -828.3 2558.9 0 0 0 0 0 0 0 0 0
-434.0 -935.7 2802.5 0 0 0 0 0 0 0 0 0
-222.3 418.7 2735.5 8 0.5814427137 0.3946833611 -0.7114418149 -0.3050735593 0.9164140821 0.2590662837 0.7542244196 0.0664098859 0.6532497406
-302.1 233.3 2722.1 0.5814427137 0.3946833611 -0.7114418149 -0.3050735593 0.9164140821 0.2590662837 0.7542244196 0.0664098859 0.6532497406
-373.0 48.1 2709.7 0.5926058888 0.3570840657 -0.7220174670 -0.2776261270 0.9319899082 0.2330633998 0.7561362386 0.0623361766 0.6514385939
-388.6 273.8 2611.7 -0.1936423630 0.5860887766 -0.7867671847 0.9789171219 0.1685521752 -0.1153750345 0.0649913102 -0.7925213575 -0.6063711643
-329.0 -27.9 2591.6 -0.7591099143 0.5860887766 -0.2832880914 0.4562097788 0.1685521752 -0.8737635612 -0.4643541873 -0.7925213575 -0.3953290582
-215.7 192.8 2832.5 -0.0244080052 0.5045999885 -0.8630081415 -0.9687856436 0.2010882199 0.1449757367 0.2466955334 0.8396084309 0.4839410782
-222.0 -59.7 2896.8 0.5280779004 0.5045999885 -0.6830172539 -0.8412509561 0.2010882199 -0.5018569231 -0.1158902869 0.8396084309 0.5306854844
-490.4 -120.9 2623.1 -0.9704490304 0.0339684300 0.2389033139 0.0239779074 0.9987170696 -0.0446017869 -0.2401118577 -0.0375553593 -0.9700185061
-503.9 -517.7 2638.0 -0.9688876867 -0.0673732311 0.2381542921 -0.0044331253 0.9668064117 0.2554716468 -0.2474610507 0.2464675605 -0.9370254874
-383.1 -169.4 2763.6 -0.6159952283 0.1854742318 0.7656038404 0.0391944125 0.9778993726 -0.2053693533 -0.7867742181 -0.0964991525 -0.6096509099
-456.7 -557.6 2801.9 -0.6086325645 -0.1177984849 0.7846591473 -0.0387185253 0.9921491742 0.1189157218 -0.7925069928 0.0419951342 -0.6084152460
-111.4 -158.6 2724.7 0 0 0 0 0 0 0 0 0
-85.0 -277.9 2866.7 0 0 0 0 0 0 0 0 0
-482.1 -829.5 2558.5 0 0 0 0 0 0 0 0 0
-417.6 -886.8 2788.0 0 0 0 0 0 0 0 0 0
-220.1 419.3 2736.1 9 0.5881595612 0.3929150403 -0.7068848014 -0.3031078577 0.9174371362 0.2577493191 0.7497959733 0.0626646355 0.6586950421
-299.8 233.4 2723.4 0.5881595612 0.3929150403 -0.7068848014 -0.3031078577 0.9174371362 0.2577493191 0.7497959733 0.0626646355 0.6586950421
-371.3 48.4 2711.6 0.5977636576 0.3603222370 -0.7161329985 -0.2795404494 0.9309167862 0.2350553572 0.7513559461 0.0596805885 0.6571928859
-387.0 274.2 2613.7 -0.2074340284 0.5609563589 -0.8014356494 0.9774993062 0.1509258747 -0.1473652720 0.0382918939 -0.8139713407 -0.5796415806
-321.6 -34.0 2601.6 -0.7679635882 0.5609563589 -0.3091275990 0.4620254636 0.1509258747 -0.8739300966 -0.4435812831 -0.8139713407 -0.3750816882
-212.5 192.5 2833.2 -0.0253146999 0.5118390918 -0.8587082624 -0.9687626958 0.1994138360 0.1474211216 0.2466942072 0.8356164694 0.4908024967
-219.1 -59.9 2897.5 0.5246514082 0.5118390918 -0.6802659035 -0.8427830338 0.1994138360 -0.4999508560 -0.1202399582 0.8356164694 0.5359920859
-498.3 -111.6 2628.1 -0.9725984335 0.0229100846 0.2313599288 0.0151606407 0.9992646575 -0.0352179520 -0.2319966555 -0.0307453610 -0.9722305536
-507.4 -508.6 2640.3 -0.9707232714 -0.0751486197 0.2281425297 -0.0150840767 0.9669969082 0.2543410957 -0.2397264987 0.2434535027 -0.9398199916
-389.7 -162.5 2766.8 -0.6207118034 0.1772277802 0.7637454867 0.0486396104 0.9809449911 -0.1880986691 -0.7825286388 -0.0796067789 -0.6175044179
-460.1 -552.0 2798.4 -0.6081325412 -0.1527432799 0.7790020704 -0.0542106330 0.9870141149 0.1512095034 -0.7919822931 0.0497252271 -0.6085157394
-98.9 -168.0 2730.3 0 0 0 0 0 0 0 0 0
-83.0 -278.5 2866.3 0 0 0 0 0 0 0 0 0
-482.6 -828.5 2559.8 0 0 0 0 0 0 0 0 0
-412.7 -858.0 2783.0 0 0 0 0 0 0 0 0 0
-220.7 417.6 2738.0 0 0.5859160423 0.3822794557 -0.7145381570 -0.2965665162 0.9217250347 0.2499424964 0.7541555762 0.0654627681 0.6534247994
-297.4 232.5 2724.8 0.5859160423 0.3822794557 -0.7145381570 -0.2965665162 0.9217250347 0.2499424964 0.7541555762 0.0654627681 0.6534247994
-368.0 47.1 2713.6 0.5954158306 0.3553507328 -0.7205594182 -0.2726798356 0.9330131412 0.2348023355 0.7557286024 0.0566769950 0.6524277925
-384.3 272.3 2614.4 -0.2155468911 0.5025418401 -0.8372521996 0.9763610363 0.1250357628 -0.1763099432 0.0160833430 -0.8554635048 -0.5176133513
-315.4 -39.9 2609.3 -0.7892582417 0.5025418401 -0.3528783917 0.4702219069 0.1250357628 -0.8736460209 -0.3949212730 -0.8554635048 -0.3349916637
-210.5 192.7 2835.2 -0.0216844790 0.5066739917 -0.8618649840 -0.9676037431 0.2062601447 0.1456012726 0.2515407801 0.8371011019 0.4857870340
-216.2 -59.4 2900.7 0.5294600725 0.5066739917 -0.6804068685 -0.8407332301 0.2062601447 -0.5006240010 -0.1133123562 0.8371011019 0.5351842046
-497.7 -110.9 2630.9 -0.9712590575 0.0243506823 0.2367759943 0.0202999059 0.9996031523 -0.0195313357 -0.2371576279 -0.0141634578 -0.9713679552
-507.4 -508.1 2636.5 -0.9690546989 -0.0758384317 0.2349075973 -0.0171356201 0.9700071216 0.2424717993 -0.2462507188 0.2309431434 -0.9412894845
-388.1 -162.2 2768.7 -0.6177108884 0.1890132427 0.7633526325 0.0379382111 0.9767183065 -0.2111446857 -0.7854896188 -0.1014661416 -0.6105003357
-463.2 -550.1 2809.0 -0.6071016788 -0.1753323972 0.7750394344 -0.0294198375 0.9796442986 0.1985738277 -0.7940793633 0.0977529734 -0.5999019146
-84.4 -177.6 2724.9 0 0 0 0 0 0 0 0 0
-78.8 -277.6 2871.3 0 0 0 0 0 0 0 0 0
-482.3 -829.1 2560.1 0 0 0 0 0 0 0 0 0
-411.2 -840.7 2780.0 0 0 0 0 0 0 0 0 0
-219.6 416.8 2736.4 1 0.6042632461 0.3818128705 -0.6993460059 -0.2954303622 0.9225100279 0.2483870536 0.7399910688 0.0565168671 0.6702380180
-296.4 231.4 2725.0 0.6042632461 0.3818128705 -0.6993460059 -0.2954303622 0.9225100279 0.2483870536 0.7399910688 0.0565168671 0.6702380180
-366.6 45.8 2714.4 0.6125493646 0.3538234830 -0.7068184018 -0.2745214105 0.9337844253 0.2295313179 0.7412295938 0.0534375310 0.6691211462
-385.8 271.5 2616.8 -0.2366848290 0.4936710596 -0.8368208408 0.9713444114 0.1394573003 -0.1924622804 0.0216877125 -0.8583941460 -0.5125320554
-308.4 -46.1 2609.7 -0.7913984060 0.4936710596 -0.3605237901 0.4812396169 0.1394573003 -0.8654248118 -0.3769575059 -0.8583941460 -0.3479403555
-207.0 191.3 2833.2 -0.0134114102 0.5242303610 -0.8514708877 -0.9688570499 0.2037573606 0.1407088935 0.2472573370 0.8268406391 0.5051715970
-210.5 -61.2 2897.7 0.5292718410 0.5242303610 -0.6671236157 -0.8386019468 0.2037573606 -0.5052026510 -0.1289112121 0.8268406391 0.5474635959
-493.2 -113.3 2633.0 -0.9756413102 0.0417960919 0.2153534889 0.0381324627 0.9990490675 -0.0211407710 -0.2160322964 -0.0124138501 -0.9763072729
-509.8 -510.2 2638.0 -0.9718230367 -0.0882312655 0.2185754329 -0.0309335478 0.9670196772 0.2528163195 -0.2336730510 0.2389314026 -0.9425013065
-384.0 -163.3 2771.7 -0.6315049529 0.1916195601 0.7513211370 0.0570938922 0.9778429866 -0.2014035881 -0.7732669711 -0.0842915177 -0.6284530163
-460.1 -551.7 2805.1 -0.6163448095 -0.1791084707 0.7668371797 -0.0440061800 0.9801028967 0.1935505420 -0.7862458229 0.0855482966 -0.6119632125
-73.1 -189.2 2721.8 0 0 0 0 0 0 0 0 0
-73.2 -278.7 2864.2 0 0 0 0 0 0 0 0 0
-480.8 -827.7 2559.5 0 0 0 0 0 0 0 0 0
-408.9 -831.6 2780.7 0 0 0 0 0 0 0 0 0
-211.3 419.2 2735.1 2 0.5932871699 0.3883436024 -0.7051237822 -0.2919220924 0.9201067090 0.2611228228 0.7501944900 0.0509203970 0.6592535973
-289.6 233.7 2724.8 0.5932871699 0.3883436024 -0.7051237822 -0.2919220924 0.9201067090 0.2611228228 0.7501944900 0.0509203970 0.6592535973
-361.6 48.8 2715.6 0.6014681458 0.3625209033 -0.7119091749 -0.2717555165 0.9308164716 0.2443965226 0.7512556314 0.0464685224 0.6583735347
-377.4 273.4 2615.1 -0.2084501833 0.4387256801 -0.8741099834 0.9778690338 0.1098547056 -0.1780564189 0.0179071743 -0.8918809891 -0.4519155025
-309.3 -46.2 2609.3 -0.8080177307 0.4387256801 -0.3932265937 0.4825325906 0.1098547056 -0.8689615726 -0.3380379677 -0.8918809891 -0.3004639745
-201.8 194.0 2834.5 -0.0258518886 0.5169844627 -0.8556042910 -0.9656826854 0.2083510309 0.1550704837 0.2584350705 0.8302510977 0.4938566685
-208.5 -57.6 2901.8 0.5222686529 0.5169844627 -0.6782053709 -0.8452486396 0.2083510309 -0.4920819104 -0.1130939275 0.8302510977 0.5457956195
-493.1 -114.6 2635.8 -0.9728614688 0.0478662625 0.2263832688 0.0427787378 0.9987107515 -0.0273287166 -0.2273995280 -0.0169026628 -0.9736548662
-512.1 -511.4 2642.5 -0.9688553214 -0.0902373940 0.2306004912 -0.0279406160 0.9651292562 0.2602784336 -0.2460461259 0.2457290292 -0.9375919104
-380.8 -164.9 2771.8 -0.6240915060 0.2066339999 0.7535331845 0.0453337431 0.9723486900 -0.2290913165 -0.7800350785 -0.1088134572 -0.6162020564
-462.8 -551.1 2815.0 -0.6128743887 -0.1975592524 0.7650851607 -0.0158060919 0.9711125493 0.2380978465 -0.7900222540 0.1338310689 -0.5982926488
-71.3 -188.3 2708.8 0 0 0 0 0 0 0 0 0
-73.0 -276.9 2872.5 0 0 0 0 0 0 0 0 0
-482.5 -828.5 2561.8 0 0 0 0 0 0 0 0 0
-407.5 -823.0 2777.5 0 0 0 0 0 0 0 0 0
-213.8 419.2 2734.9 3 0.5905115008 0.3814764917 -0.7111763954 -0.2912379801 0.9225763679 0.2530480623 0.7526463866 0.0576937869 0.6558923721
-290.8 232.8 2723.3 0.5905115008 0.3814764917 -0.7111763954 -0.2912379801 0.9225763679 0.2530480623 0.7526463866 0.0576937869 0.6558923721
-363.7 48.1 2714.3 0.5980144739 0.3668905199 -0.7125798464 -0.2726727128 0.9291725755 0.2495753616 0.7536764741 0.0450514033 0.6556997299
-378.1 272.6 2613.2 -0.2058518678 0.4191022813 -0.8842953444 0.9783834815 0.1063975096 -0.1773283333 0.0197681207 -0.9016833305 -0.4319448769
-310.7 -47.8 2606.7 -0.8114940524 0.4191022813 -0.4072231948 0.4893193841 0.1063975096 -0.8655900359 -0.3194432259 -0.9016833305 -0.2914158106
-203.6 193.0 2833.3 -0.0312594473 0.5156329870 -0.8562391400 -0.9648596644 0.2080438584 0.1605103612 0.2608997226 0.8311681151 0.4910101295
-211.7 -58.5 2901.3 0.5184881687 0.5156329870 -0.6821236610 -0.8480597138 0.2080438584 -0.4873524904 -0.1093833894 0.8311681151 0.5451558232
-488.8 -111.3 2637.5 -0.9717847109 0.0570324250 0.2288707346 0.0507008247 0.9981533885 -0.0334547907 -0.2303561121 -0.0209069178 -0.9728817940
-511.4 -507.9 2645.8 -0.9679563046 -0.0873762891 0.2354271859 -0.0216834228 0.9630938768 0.2682908773 -0.2501807511 0.2545889616 -0.9341274500
-378.5 -161.1 2775.2 -0.5153825283 0.2267744690 0.8264104128 0.0165273566 0.9668018818 -0.2549920380 -0.8568008542 -0.1177600622 -0.5020208359
-468.5 -545.1 2822.0 -0.5153825283 -0.2177235633 0.8288409114 0.0165273566 0.9644819498 0.2636312246 -0.8568008542 0.1495694816 -0.4934787750
-73.9 -190.6 2700.0 0 0 0 0 0 0 0 0 0
-77.2 -278.5 2872.9 0 0 0 0 0 0 0 0 0
-482.4 -828.2 2561.1 0 0 0 0 0 0 0 0 0
-405.6 -824.1 2778.7 0 0 0 0 0 0 0 0 0
-216.5 417.8 2735.3 4 0.5877177715 0.3693729639 -0.7198273540 -0.2869002223 0.9270322919 0.2414527386 0.7564892769 0.0646125600 0.6508065462
-290.8 231.1 2722.3 0.5877177715 0.3693729639 -0.7198273540 -0.2869002223 0.9270322919 0.2414527386 0.7564892769 0.0646125600 0.6508065462
-362.5 46.1 2712.5 0.5940849185 0.3611815572 -0.7187565565 -0.2707049549 0.9311802983 0.2441764176 0.7574839592 0.0495094359 0.6509737968
-377.5 270.7 2611.7 -0.2067841142 0.3870188594 -0.8985859752 0.9780867696 0.1045084819 -0.1800674200 0.0242203698 -0.9161301255 -0.4001487195
-310.4 -46.9 2603.8 -0.8204002380 0.3870188594 -0.4209036529 0.4925628901 0.1045084819 -0.8639790416 -0.2903881669 -0.9161301255 -0.2763698995
-204.1 191.6 2832.9 -0.0275827907 0.5083677173 -0.8606982231 -0.9655349255 0.2093757540 0.1546093822 0.2588077486 0.8352987766 0.4850716293
-211.3 -60.0 2900.4 0.5241581798 0.5083677173 -0.6832426190 -0.8448421359 0.2093757540 -0.4923449457 -0.1072378531 0.8352987766 0.5392364860
-491.4 -111.5 2636.3 -0.9708150029 0.0412282348 0.2362592518 0.0357697532 0.9989858866 -0.0273454282 -0.2371470481 -0.0180964153 -0.9713051915
-507.8 -508.5 2643.4 -0.9682685137 -0.0759248585 0.2380996794 -0.0111626666 0.9649223089 0.2622982562 -0.2496626526 0.2513173223 -0.9351513982
-381.7 -161.5 2774.5 -0.5087782741 0.2102024704 0.8348410726 0.0172611177 0.9720290899 -0.2342252284 -0.8607245088 -0.1047584191 -0.4981756210
-465.2 -547.6 2816.1 -0.5070177317 -0.2056504190 0.8370429873 0.0088693229 0.9698238373 0.2436452955 -0.8618900180 0.1309564859 -0.4898939133
-69.9 -191.4 2689.0 0 0 0 0 0 0 0 0 0
-75.3 -279.2 2872.6 0 0 0 0 0 0 0 0 0
-482.7 -827.8 2560.3 0 0 0 0 0 0 0 0 0
-405.6 -828.7 2778.1 0 0 0 0 0 0 0 0 0
-209.5 417.5 2725.1 5 0.5822500587 0.3859346807 -0.7155691981 -0.2574560344 0.9223777056 0.2879857421 0.7711687684 0.0165478829 0.6364157200
-287.1 231.9 2721.7 0.5822500587 0.3859346807 -0.7155691981 -0.2574560344 0.9223777056 0.2879857421 0.7711687684 0.0165478829 0.6364157200
-359.5 47.0 2720.4 0.5905342698 0.3648311198 -0.7198385000 -0.2370046973 0.9310491085 0.2774460018 0.7714259624 0.0067637446 0.6362831593
-373.3 266.4 2609.1 -0.2021709085 0.3645740449 -0.9089624286 0.9792531133 0.0883239731 -0.1823792160 0.0137924422 -0.9269760847 -0.3748668134
-308.4 -47.8 2604.7 -0.8366171122 0.3645740449 -0.4088490307 0.4681576788 0.0883239731 -0.8792197108 -0.2844294906 -0.9269760847 -0.2445714921
-200.9 197.4 2834.3 -0.0323682725 0.5065343380 -0.8616120219 -0.9521334767 0.2465465516 0.1807115078 0.3039640486 0.8262189627 0.4743079841
-209.3 -50.7 2913.5 0.5210356712 0.5065343380 -0.6869823933 -0.8510189652 0.2465465516 -0.4636610448 -0.0654870868 0.8262189627 0.5595298409
-488.8 -114.1 2633.2 -0.9692626595 0.0490702689 0.2410849780 0.0416899696 0.9984954000 -0.0356219001 -0.2424702048 -0.0244761538 -0.9698500633
-508.3 -510.9 2642.9 -0.9664187431 -0.0788022652 0.2445915341 -0.0102742901 0.9629082084 0.2696335614 -0.2567669153 0.2580659091 -0.9313821793
-379.8 -163.8 2772.2 -0.4977019727 0.2184856385 0.8393787742 0.0154299904 0.9698302746 -0.2432923615 -0.8672108650 -0.1081354767 -0.4860576689
-466.6 -549.1 2815.1 -0.4977537096 -0.2082863897 0.8419370651 0.0156705473 0.9684176445 0.2488407940 -0.8671768308 0.1370550543 -0.4787695110
-62.8 -185.3 2688.2 0 0 0 0 0 0 0 0 0
-74.2 -271.5 2896.5 0 0 0 0 0 0 0 0 0
-482.4 -827.2 2558.2 0 0 0 0 0 0 0 0 0
-406.8 -827.2 2775.8 0 0 0 0 0 0 0 0 0
-209.0 417.9 2729.9 6 0.5955882072 0.3812656105 -0.7070440054 -0.2681541145 0.9240607619 0.2724061906 0.7572107315 0.0273548458 0.6525976062
-285.6 232.1 2724.4 0.5955882072 0.3812656105 -0.7070440054 -0.2681541145 0.9240607619 0.2724061906 0.7572107315 0.0273548458 0.6525976062
-356.1 46.4 2722.0 0.6067380905 0.3548671007 -0.7112933397 -0.2399981022 0.9348405004 0.2616756558 0.7578059435 0.0119404718 0.6523707509
-374.2 267.1 2613.8 -0.2089492679 0.3599088490 -0.9092886448 0.9776377678 0.0994690731 -0.1852843016 0.0237606391 -0.9276699424 -0.3726444840
-306.4 -50.1 2606.1 -0.8492533565 0.3599088490 -0.3863086700 0.4466230869 0.0994690731 -0.8891758919 -0.2815964818 -0.9276699424 -0.2452180386
-197.1 197.1 2835.0 -0.0166973025 0.5185390115 -0.8548909426 -0.9561032057 0.2418911606 0.1653946191 0.2925541103 0.8201255798 0.4917378724
-201.4 -52.0 2911.3 0.5288977027 0.5185390115 -0.6718515754 -0.8443819880 0.2418911606 -0.4780247808 -0.0853595361 0.8201255798 0.5657806993
-486.2 -116.1 2648.3 -0.9725440145 0.0606784448 0.2246692032 0.0601562038 0.9981468320 -0.0091754328 -0.2248096019 0.0045917341 -0.9743918777
-510.3 -512.6 2646.5 -0.9685742259 -0.0880893916 0.2326031923 -0.0195852518 0.9592909217 0.2817398310 -0.2479524165 0.2683303654 -0.9308696985
-377.9 -159.5 2789.7 -0.5032663345 0.2198971212 0.8356842995 0.0663239062 0.9740568995 -0.2163660675 -0.8615823388 -0.0534639135 -0.5047945380
-465.1 -546.0 2810.9 -0.4918223321 -0.1996100396 0.8475061059 0.0059530647 0.9725731015 0.2325212657 -0.8706752062 0.1194044128 -0.4771448672
-57.0 -181.3 2688.8 0 0 0 0 0 0 0 0 0
-64.2 -271.1 2889.1 0 0 0 0 0 0 0 0 0
-481.3 -828.5 2558.1 0 0 0 0 0 0 0 0 0
-407.4 -827.3 2776.4 0 0 0 0 0 0 0 0 0
-201.4 415.8 2731.8 7 0.6155307889 0.3884291649 -0.6857438684 -0.2756415009 0.9212591648 0.2744145691 0.7383384109 0.0201088674 0.6741305590
-279.7 230.2 2727.8 0.6155307889 0.3884291649 -0.6857438684 -0.2756415009 0.9212591648 0.2744145691 0.7383384109 0.0201088674 0.6741305590
-350.9 44.7 2725.7 0.6263560057 0.3586637974 -0.6921260357 -0.2487676889 0.9334108233 0.2585707605 0.7387779355 0.0102212448 0.6738714576
-371.1 266.5 2619.9 -0.2180311978 0.3459981382 -0.9125500917 0.9754773378 0.1061051115 -0.1928358078 0.0301054027 -0.9322161674 -0.3606475592
-302.3 -41.4 2610.4 -0.8415492773 0.3459981382 -0.4148254693 0.4743940532 0.1061051115 -0.8738947511 -0.2583508492 -0.9322161674 -0.2534321249
-188.3 193.9 2835.6 -0.0123575926 0.5417577624 -0.8404437900 -0.9585421681 0.2328780442 0.1642093956 0.2846826315 0.8076300621 0.5164198875
-191.5 -55.9 2909.8 0.5230982304 0.5417577624 -0.6579260826 -0.8455174565 0.2328780442 -0.4804873466 -0.1070912108 0.8076300621 0.5798837543
-482.2 -117.3 2650.2 -0.9778676629 0.0709760636 0.1968177408 0.0690840706 0.9974748492 -0.0164708681 -0.1974897832 -0.0025093588 -0.9803017378
-510.4 -513.6 2651.2 -0.9737701416 -0.0896179676 0.2091418207 -0.0242458787 0.9548035264 0.2962470353 -0.2262383997 0.2834056914 -0.9319320917
-371.0 -161.2 2789.1 -0.5287645459 0.2434420735 0.8131076097 0.0659340173 0.9668714404 -0.2466015816 -0.8462037444 -0.0767827258 -0.5272984505
-467.6 -545.0 2819.5 -0.5185554624 -0.2077997625 0.8294091225 0.0150744244 0.9676466584 0.2518584132 -0.8549110889 0.1431054324 -0.4986460209
-55.0 -180.8 2686.3 0 0 0 0 0 0 0 0 0
-55.8 -275.3 2882.0 0 0 0 0 0 0 0 0 0
-480.7 -830.3 2557.2 0 0 0 0 0 0 0 0 0
-407.2 -826.2 2777.9 0 0 0 0 0 0 0 0 0
-198.4 415.3 2733.8 8 0.5710527897 0.3924732506 -0.7210155725 -0.2519126832 0.9197124839 0.3011129200 0.7813057899 0.0096815899 0.6240733266
-277.1 231.0 2731.9 0.5710527897 0.3924732506 -0.7210155725 -0.2519126832 0.9197124839 0.3011129200 0.7813057899 0.0096815899 0.6240733266
-349.2 45.9 2732.4 0.5825428367 0.3625024557 -0.7274859548 -0.2237316668 0.9319766164 0.2852433324 0.7814013362 -0.0034047968 0.6240195632
-362.0 263.5 2617.9 -0.1986974776 0.3677597046 -0.9084448814 0.9795206785 0.1052905023 -0.1716193110 0.0325359553 -0.9239408374 -0.3811492026
-300.2 -41.1 2607.8 -0.8323360085 0.3677597046 -0.4146921635 0.4803458452 0.1052905023 -0.8707363605 -0.2765586078 -0.9239408374 -0.2642889321
-192.2 198.4 2845.8 -0.0334427655 0.4967844188 -0.8672294021 -0.9474809170 0.2603799701 0.1856937706 0.3180589080 0.8278934360 0.4619859457
-200.9 -48.5 2928.7 0.5237647295 0.4967844188 -0.6920084953 -0.8505777717 0.2603799701 -0.4568584859 -0.0467750505 0.8278934360 0.5589316487
-479.6 -117.9 2656.0 -0.9633711576 0.0838454515 0.2547271848 0.0834748745 0.9964341521 -0.0122844651 -0.2548488677 0.0094288215 -0.9669349194
-512.9 -513.8 2652.3 -0.9582787752 -0.0989234447 0.2681715786 -0.0146565484 0.9539743662 0.2995297909 -0.2854593396 0.2831025422 -0.9156232476
-364.8 -163.5 2791.4 -0.4732054770 0.2550126612 0.8432348967 0.0627725273 0.9645134211 -0.2564633489 -0.8787127733 -0.0684278756 -0.4724208415
-466.0 -546.5 2818.6 -0.4672065675 -0.2028951794 0.8605530262 0.0331016742 0.9686167240 0.2463450581 -0.8835282922 0.1435797811 -0.4458279610
-54.0 -183.2 2689.6 0 0 0 0 0 0 0 0 0
-65.0 -269.2 2916.6 0 0 0 0 0 0 0 0 0
-479.9 -832.0 2557.8 0 0 0 0 0 0 0 0 0
-407.2 -827.4 2777.0 0 0 0 0 0 0 0 0 0
-199.5 415.9 2734.8 9 0.5442016721 0.3949972987 -0.7401497364 -0.2393883020 0.9186615944 0.3142517209 0.8040757179 0.0061668702 0.5944949389
-278.6 231.7 2733.5 0.5442016721 0.3949972987 -0.7401497364 -0.2393883020 0.9186615944 0.3142517209 0.8040757179 0.0061668702 0.5944949389
-351.5 46.9 2735.1 0.5557062030 0.3663012981 -0.7463336587 -0.2114449143 0.9304577112 0.2992315590 0.8040408492 -0.0084763775 0.5945136547
-359.7 262.5 2616.3 -0.2048442662 0.4619837403 -0.8629077673 0.9777938128 0.1364418566 -0.1590685993 0.0442496352 -0.8763301969 -0.4796741903
-297.3 -35.0 2602.8 -0.7809653878 0.4619837403 -0.4203142226 0.5308628678 0.1364418566 -0.8364019394 -0.3290556669 -0.8763301969 -0.3518064022
-197.6 200.9 2850.8 -0.0477887169 0.4704901874 -0.8811101913 -0.9413646460 0.2737407684 0.1972272694 0.3339892924 0.8388712406 0.4298211038
-210.1 -44.4 2937.9 0.5214653611 0.4704901874 -0.7118376493 -0.8531565070 0.2737407684 -0.4440608025 -0.0140672652 0.8388712406 0.5441480875
-474.6 -118.8 2661.6 -0.9533077478 0.0877138451 0.2889821231 0.0918317512 0.9957742691 0.0006945998 -0.2877000570 0.0271999035 -0.9573342204
-509.4 -514.5 2650.8 -0.9494112730 -0.0861400589 0.3019901812 0.0081132026 0.9545949101 0.2977965176 -0.3139305115 0.2851814926 -0.9056043029
-368.0 -159.7 2804.5 -0.4329520762 0.2432150692 0.8679855466 0.0903260931 0.9697715044 -0.2266813964 -0.8968799710 -0.0197404418 -0.4418332577
-464.5 -544.5 2812.4 -0.4215427339 -0.1886250675 0.8869736791 0.0267575197 0.9751134515 0.2200857699 -0.9064136744 0.1165087670 -0.4060048461
-70.7 -189.0 2698.3 0 0 0 0 0 0 0 0 0
-74.8 -265.7 2934.2 0 0 0 0 0 0 0 0 0
-480.9 -831.0 2556.2 0 0 0 0 0 0 0 0 0
-409.0 -831.3 2778.1 0 0 0 0 0 0 0 0 0
-203.4 414.9 2736.8 0 0.5111414194 0.3950556815 -0.7633252740 -0.2266438454 0.9186260104 0.3236646056 0.8290759921 0.0075645847 0.5590847135
-282.7 230.4 2735.3 0.5111414194 0.3950556815 -0.7633252740 -0.2266438454 0.9186260104 0.3236646056 0.8290759921 0.0075645847 0.5590847135
-356.7 46.1 2737.5 0.5226304531 0.3723795116 -0.7669360638 -0.1989985555 0.9280030131 0.3149762154 0.8290096521 -0.0119969780 0.5591055751
-358.9 259.4 2614.3 -0.2000247240 0.5375537872 -0.8191617727 0.9774828553 0.1668348014 -0.1292028725 0.0672112107 -0.8265603781 -0.5588206649
-301.5 -21.1 2595.0 -0.7260569334 0.5375537872 -0.4288091362 0.5900565386 0.1668348014 -0.7899363637 -0.3530929685 -0.8265603781 -0.4383186698
-206.5 201.4 2856.2 -0.0668459609 0.4392721057 -0.8958636522 -0.9344226122 0.2872518301 0.2105723321 0.3498370349 0.8511911631 0.3912641704
-223.9 -42.1 2947.3 0.5160747766 0.4392721057 -0.7353277206 -0.8562446237 0.2872518301 -0.4293385148 0.0226278137 0.8511911631 0.5243678093
-475.2 -118.6 2663.2 -0.9401692748 0.0926918089 0.3278566003 0.0982570276 0.9951609969 0.0004116505 -0.3262319565 0.0326012373 -0.9447274208
-512.0 -514.1 2650.2 -0.9356182814 -0.0927737281 0.3406045139 0.0125047201 0.9555334449 0.2946174741 -0.3527917564 0.2799086869 -0.8928544521
-373.4 -157.3 2810.4 -0.3933086693 0.2347691804 0.8889272809 0.0907542706 0.9720407128 -0.2165652514 -0.9149163365 -0.0045030462 -0.4036183655
-466.6 -543.2 2812.2 -0.3841849864 -0.2045575082 0.9003100395 0.0455680080 0.9697569013 0.2397814095 -0.9221309423 0.1331457496 -0.3632447422
-93.1 -190.4 2696.4 0 0 0 0 0 0 0 0 0
-90.0 -264.2 2953.2 0 0 0 0 0 0 0 0 0
-481.4 -829.5 2557.9 0 0 0 0 0 0 0 0 0
-407.2 -824.8 2773.5 0 0 0 0 0 0 0 0 0
-205.0 414.5 2735.8 1 0.4917677641 0.3920672536 -0.7774623632 -0.2105628699 0.9199359417 0.3307282031 0.8448832631 0.0010632369 0.5349496603
-283.4 230.5 2735.6 0.4917677641 0.3920672536 -0.7774623632 -0.2105628699 0.9199359417 0.3307282031 0.8448832631 0.0010632369 0.5349496603
-356.9 45.9 2739.1 0.5028167963 0.3695073426 -0.7814342976 -0.1837374866 0.9290559888 0.3210848570 0.8446394801 -0.0178680774 0.5350372791
-356.8 257.2 2612.3 -0.1824890673 0.5967119932 -0.7814297676 0.9801942706 0.1725932658 -0.0971120670 0.0769215822 -0.7836748958 -0.6163901091
-306.2 -14.6 2591.0 -0.6881694198 0.5967119932 -0.4127439559 0.6123766303 0.1725932658 -0.7714962363 -0.3891242445 -0.7836748958 -0.4841859043
-210.1 203.7 2858.8 -0.0723221824 0.4173412025 -0.9058674574 -0.9289256930 0.3024960458 0.2135257125 0.3631344140 0.8569261432 0.3658017814
-229.0 -38.4 2953.4 0.5181790590 0.4173412025 -0.7465365529 -0.8538644314 0.3024960458 -0.4235701561 0.0490510613 0.8569261432 0.5130999088
-478.6 -120.1 2664.0 -0.9323436022 0.0836250857 0.3517701626 0.0880376771 0.9961110950 -0.0034639481 -0.3506918252 0.0277394373 -0.9360799789
-511.8 -516.0 2653.0 -0.9278947115 -0.0955479890 0.3603914380 0.0202618893 0.9522544742 0.3046323657 -0.3722913563 0.2899689674 -0.8816559315
-382.9 -156.5 2815.8 -0.3703895509 0.2031992525 0.9063783288 0.0776777193 0.9791370034 -0.1877680570 -0.9256228805 0.0008580810 -0.3784461617
-463.6 -545.2 2815.4 -0.3676049113 -0.2010883242 0.9079813361 0.0640976727 0.9685425758 0.2404512167 -0.9277704954 0.1465905458 -0.3431517184
-109.4 -189.7 2702.2 0 0 0 0 0 0 0 0 0
-94.5 -259.9 2966.2 0 0 0 0 0 0 0 0 0
-480.4 -829.1 2557.6 0 0 0 0 0 0 0 0 0
-405.9 -823.2 2773.4 0 0 0 0 0 0 0 0 0
-206.3 413.4 2736.8 2 0.4837196469 0.3857938647 -0.7856070399 -0.2062284201 0.9225750566 0.3260753155 0.8505793214 0.0042854557 0.5258293152
-283.6 228.4 2735.9 0.4837196469 0.3857938647 -0.7856070399 -0.2062284201 0.9225750566 0.3260753155 0.8505793214 0.0042854557 0.5258293152
-355.9 43.3 2738.8 0.4943994582 0.3636392653 -0.7895160913 -0.1798079163 0.9314274788 0.3164047599 0.8504341841 -0.0144691030 0.5258824229
-355.8 254.6 2611.8 -0.1890168786 0.6552272439 -0.7314026952 0.9776605368 0.1953034103 -0.0776948556 0.0919376612 -0.7297492027 -0.6775054336
-303.9 -13.5 2586.6 -0.6581394076 0.6552272439 -0.3708500862 0.6218022108 0.1953034103 -0.7584316730 -0.4245167673 -0.7297492027 -0.5359585881
-211.5 202.1 2860.1 -0.0703917444 0.4056313634 -0.9113222361 -0.9290959239 0.3058682680 0.2079071999 0.3630782366 0.8613407016 0.3553398550
-229.8 -40.0 2954.7 0.5231294036 0.4056313634 -0.7495324016 -0.8504351974 0.3058682680 -0.4280240536 0.0556382015 0.8613407016 0.5049718618
-476.4 -121.9 2665.2 -0.9280267954 0.0915086195 0.3610990047 0.0915976688 0.9956525564 -0.0169086494 -0.3610764146 0.0173841473 -0.9323741794
-512.7 -517.6 2658.3 -0.9237530231 -0.0967217237 0.3705741763 0.0317546465 0.9449110627 0.3257832825 -0.3816699684 0.3127107620 -0.8697931170
-384.3 -155.5 2820.0 -0.3571843803 0.1910239309 0.9142916203 0.0906972885 0.9813309908 -0.1695980132 -0.9296199679 0.0223460067 -0.3678414524
-460.1 -545.2 2811.1 -0.3477519453 -0.1733769178 0.9214168787 0.0341714248 0.9797572494 0.1972510815 -0.9369636774 0.1000805721 -0.3347879648
-116.0 -191.0 2707.8 0 0 0 0 0 0 0 0 0
-94.1 -260.6 2969.1 0 0 0 0 0 0 0 0 0
-480.9 -828.4 2555.4 0 0 0 0 0 0 0 0 0
-410.0 -828.4 2782.2 0 0 0 0 0 0 0 0 0
-204.0 414.5 2741.8 3 0.4849247038 0.3855081797 -0.7850041389 -0.2243388593 0.9224013686 0.3144006729 0.8452929258 0.0236462858 0.5337796807
-281.2 229.7 2737.0 0.4849247038 0.3855081797 -0.7850041389 -0.2243388593 0.9224013686 0.3144006729 0.8452929258 0.0236462858 0.5337796807
-353.2 44.5 2736.3 0.4962202013 0.3625882268 -0.7888569236 -0.1963401437 0.9319424629 0.3048504889 0.8457044959 0.0036113225 0.5336393118
-353.6 258.3 2613.6 -0.1841988862 0.6731122732 -0.7162336707 0.9775255919 0.2014788687 -0.0620485097 0.1025403365 -0.7115659714 -0.6950966120
-302.2 -14.2 2585.0 -0.6513208151 0.6731122732 -0.3502871692 0.6172443032 0.2014788687 -0.7605364323 -0.4413509369 -0.7115659714 -0.5467020869
-208.8 201.1 2860.5 -0.0686780661 0.4069400132 -0.9108694196 -0.9363003373 0.2889166474 0.1996719092 0.3444198370 0.8665604591 0.3611758351
-226.7 -42.9 2950.2 0.5241680145 0.4069400132 -0.7480960488 -0.8507885337 0.2889166474 -0.4389601648 0.0375069529 0.8665604591 0.4976607561
-473.4 -125.3 2663.7 -0.9293998480 0.0912154019 0.3576250970 0.0913869441 0.9956794381 -0.0164593831 -0.3575813174 0.0173849184 -0.9337201715
-509.7 -521.0 2656.8 -0.9260410666 -0.0858757719 0.3675232530 0.0383141898 0.9473503828 0.3178981543 -0.3754730523 0.3084680736 -0.8739950657
-382.8 -158.3 2819.6 -0.3568057418 0.1957108229 0.9134478569 0.1204495504 0.9792847633 -0.1627674103 -0.9263808727 0.0519480370 -0.3729877174
-460.5 -547.1 2799.0 -0.3391463757 -0.1728848517 0.9247110486 0.0073126676 0.9824538231 0.1863624901 -0.9407051802 0.0699662715 -0.3319314122
-116.2 -190.5 2711.1 0 0 0 0 0 0 0 0 0
-90.7 -263.7 2960.0 0 0 0 0 0 0 0 0 0
-481.7 -829.8 2556.3 0 0 0 0 0 0 0 0 0
-411.5 -825.5 2779.1 0 0 0 0 0 0 0 0 0
-197.6 416.4 2738.8 4 0.5064096451 0.4027118385 -0.7624778152 -0.2317247391 0.9152741432 0.3295100331 0.8305738568 0.0098179039 0.5568219423
-278.7 232.1 2736.8 0.5064096451 0.4027118385 -0.7624778152 -0.2317247391 0.9152741432 0.3295100331 0.8305738568 0.0098179039 0.5568219423
-353.8 48.2 2737.7 0.5167948604 0.3784449697 -0.7679208517 -0.2072507292 0.9256128073 0.3166829050 0.8306444287 -0.0045079482 0.5567849874
-354.1 262.4 2615.5 -0.1738975495 0.6663143039 -0.7251102924 0.9792590141 0.1947519630 -0.0558876805 0.1039778888 -0.7197895050 -0.6863611341
-305.3 -12.2 2586.3 -0.6556689739 0.6663143039 -0.3551386893 0.6127575040 0.1947519630 -0.7658981085 -0.4411648810 -0.7197895050 -0.5359818935
-203.2 201.9 2858.1 -0.0748089552 0.4364692271 -0.8966037035 -0.9360009432 0.2793938816 0.2141058296 0.3439562023 0.8552389741 0.3876344562
-222.7 -42.0 2947.7 0.5103843212 0.4364692271 -0.7409470081 -0.8597049117 0.2793938816 -0.4276055992 0.0203793738 0.8552389741 0.5178329945
-470.8 -122.6 2658.1 -0.9394077063 0.0935304835 0.3297957778 0.0900415927 0.9956018329 -0.0258746650 -0.3307653368 0.0053884764 -0.9436976314
-507.9 -518.3 2655.9 -0.9364216328 -0.0783011839 0.3420284092 0.0341639742 0.9498035312 0.3109759986 -0.3492095768 0.3028897047 -0.8867415190
-379.8 -158.6 2813.1 -0.3887040913 0.1584367305 0.9076381326 0.0889720395 0.9869548678 -0.1341791451 -0.9170567393 0.0285984315 -0.3977298439
-442.6 -550.3 2801.8 -0.3822191954 -0.1224004030 0.9159293771 0.0313819535 0.9888975620 0.1452472806 -0.9235386848 0.0842599496 -0.3741344810
-117.9 -187.3 2712.4 0 0 0 0 0 0 0 0 0
-90.3 -265.1 2953.0 0 0 0 0 0 0 0 0 0
-482.2 -830.0 2556.5 0 0 0 0 0 0 0 0 0
-409.0 -821.9 2778.6 0 0 0 0 0 0 0 0 0
-193.9 415.8 2738.8 5 0.5125550628 0.4236162305 -0.7468845844 -0.2530420423 0.9057224989 0.3400535882 0.8205224276 0.0146970004 0.5714253783
-278.5 235.0 2735.8 0.5125550628 0.4236162305 -0.7468845844 -0.2530420423 0.9057224989 0.3400535882 0.8205224276 0.0146970004 0.5714253783
-356.1 52.1 2735.2 0.5247743726 0.3908131421 -0.7562254071 -0.2256427854 0.9204645753 0.3191086650 0.8207905889 0.0031767450 0.5712203979
-355.1 267.9 2616.0 -0.1882699281 0.6581814885 -0.7289386392 0.9775919318 0.1967591941 -0.0748319551 0.0941723660 -0.7266931534 -0.6804767847
-299.5 -20.5 2588.2 -0.6719000936 0.6581814885 -0.3396283090 0.5889564753 0.1967591941 -0.7838469744 -0.4490886033 -0.7266931534 -0.5198427439
-201.9 202.0 2855.7 -0.0829295963 0.4513535500 -0.8884833455 -0.9396134615 0.2616393268 0.2206159532 0.3320379555 0.8531265259 0.4024002254
-223.5 -42.8 2942.2 0.4989563823 0.4513535500 -0.7398124933 -0.8666252494 0.2616393268 -0.4248594940 0.0018021985 0.8531265259 0.5217009783
-476.3 -116.7 2662.5 -0.9438108206 0.0947144032 0.3166233301 0.0927665457 0.9954609275 -0.0212568734 -0.3171994686 0.0093095833 -0.9483131170
-514.0 -512.3 2658.8 -0.9388257861 -0.0989889428 0.3298596442 0.0139032146 0.9461268783 0.3234975636 -0.3441117406 0.3082939684 -0.8868719935
-381.6 -154.7 2814.8 -0.4047109783 0.1895248741 0.8945889473 0.0781882703 0.9818758965 -0.1726449430 -0.9110958576 0.0000750612 -0.4121945798
-456.8 -544.3 2814.8 -0.3993907869 -0.1642822772 0.9019414186 0.0451488383 0.9790953398 0.1983277798 -0.9156683683 0.1199318990 -0.3836244941
-106.7 -189.6 2717.1 0 0 0 0 0 0 0 0 0
-94.1 -267.7 2942.7 0 0 0 0 0 0 0 0 0
-480.7 -830.0 2555.3 0 0 0 0 0 0 0 0 0
-410.2 -822.3 2780.7 0 0 0 0 0 0 0 0 0
-197.1 414.0 2737.3 6 0.5074506402 0.4077173173 -0.7591181993 -0.2314446121 0.9130925536 0.3357012868 0.8300163746 0.0053419755 0.5577133894
-278.4 231.9 2736.2 0.5074506402 0.4077173173 -0.7591181993 -0.2314446121 0.9130925536 0.3357012868 0.8300163746 0.0053419755 0.5577133894
-354.4 48.3 2738.0 0.5180336237 0.3828811944 -0.7648811340 -0.2068564594 0.9237561822 0.3223118484 0.8299707770 -0.0087477835 0.5577382445
-354.0 262.1 2615.0 -0.1767789274 0.6854797006 -0.7063050270 0.9793695807 0.1938847452 -0.0569553487 0.0979000404 -0.7018021941 -0.7056127191
-305.0 -9.4 2587.9 -0.6483044028 0.6854797006 -0.3313894570 0.6012479663 0.1938847452 -0.7751835585 -0.4671212435 -0.7018021941 -0.5378396511
-202.8 201.7 2857.4 -0.0783827826 0.4401174486 -0.8945125937 -0.9344301820 0.2802521884 0.2197701037 0.3474137783 0.8530857563 0.3892920911
-223.2 -41.8 2947.9 0.5062946081 0.4401174486 -0.7415944934 -0.8620797992 0.2802521884 -0.4222287238 0.0220032521 0.8530857563 0.5213065743
-481.9 -110.1 2659.4 -0.9417486191 0.0735762641 0.3281708062 0.0720110536 0.9972600341 -0.0169373788 -0.3285178244 0.0076811714 -0.9444665313
-511.1 -506.4 2656.4 -0.9382634759 -0.0891013891 0.3342493176 0.0196145438 0.9509996772 0.3085690737 -0.3453649282 0.2960752249 -0.8905405998
-385.7 -151.5 2809.9 -0.3958775699 0.1867459714 0.8991144896 0.0583607554 0.9822411537 -0.1783152819 -0.9164469242 -0.0181180201 -0.3997458518
-459.8 -541.5 2817.1 -0.3937047720 -0.1727912277 0.9028509259 0.0458946191 0.9772545099 0.2070440799 -0.9180905223 0.1229502484 -0.3768195808
-119.4 -181.5 2721.6 0 0 0 0 0 0 0 0 0
-91.9 -265.4 2953.6 0 0 0 0 0 0 0 0 0
-480.6 -831.4 2555.2 0 0 0 0 0 0 0 0 0
-410.1 -823.0 2781.7 0 0 0 0 0 0 0 0 0
-192.6 415.7 2736.5 7 0.5423345566 0.4139124453 -0.7311290503 -0.2637976110 0.9101064801 0.3195575476 0.7976741195 0.0195630044 0.6027712822
-275.6 233.1 2732.6 0.5423345566 0.4139124453 -0.7311290503 -0.2637976110 0.9101064801 0.3195575476 0.7976741195 0.0195630044 0.6027712822
-354.2 50.6 2731.9 0.5524662137 0.3953418136 -0.7338160276 -0.2409035712 0.9185270667 0.3134860396 0.7979639769 0.0035884471 0.6026944518
-356.2 268.2 2616.1 -0.1847836077 0.7030571699 -0.6867064238 0.9775999784 0.2031345218 -0.0550879762 0.1007637829 -0.6815034747 -0.7248445749
-303.4 -11.2 2587.3 -0.6507644057 0.7030571699 -0.2867338955 0.5701860785 0.2031345218 -0.7960051298 -0.5013915300 -0.6815034747 -0.5330661535
-195.1 198.0 2849.1 -0.0758388937 0.4827130735 -0.8724886775 -0.9443406463 0.2461354882 0.2182613611 0.3201080561 0.8404792547 0.4371789694
-214.9 -48.1 2932.5 0.4943040311 0.4827130735 -0.7229464650 -0.8687894940 0.2461354882 -0.4296768010 -0.0294678435 0.8404792547 0.5410417914
-478.0 -116.2 2663.7 -0.9560149312 0.0758535713 0.2833403051 0.0786609203 0.9969003201 -0.0014732686 -0.2825738192 0.0208793432 -0.9590182900
-508.1 -512.3 2655.4 -0.9529405832 -0.0779418200 0.2929663956 0.0152945602 0.9527934790 0.3032336235 -0.3027710617 0.2934444249 -0.9067634940
-383.0 -154.1 2815.8 -0.4403948486 0.1944216639 0.8765001893 0.0746707618 0.9808204174 -0.1800434440 -0.8946936131 -0.0138412649 -0.4464658499
-460.3 -543.7 2821.3 -0.4388597310 -0.1815239042 0.8800290823 0.0663831234 0.9701557755 0.2332188338 -0.8961001039 0.1607694328 -0.4137122035
-117.4 -174.2 2730.6 0 0 0 0 0 0 0 0 0
-86.6 -273.5 2924.8 0 0 0 0 0 0 0 0 0
-482.1 -831.2 2557.2 0 0 0 0 0 0 0 0 0
-408.4 -821.2 2775.3 0 0 0 0 0 0 0 0 0
-191.4 414.8 2737.1 8 0.5484895110 0.4097728431 -0.7288658619 -0.2691642642 0.9118137956 0.3100745380 0.7916500568 0.0261119958 0.6104165316
-274.0 231.1 2731.9 0.5484895110 0.4097728431 -0.7288658619 -0.2691642642 0.9118137956 0.3100745380 0.7916500568 0.0261119958 0.6104165316
-352.1 48.4 2729.8 0.5579755306 0.3928576410 -0.7309761643 -0.2475201786 0.9195381403 0.3052594662 0.7920839787 0.0106040314 0.6103199720
-355.4 267.2 2616.2 -0.2047712356 0.7160876989 -0.6672983766 0.9749407768 0.2097731680 -0.0740655735 0.0869438499 -0.6657428741 -0.7410986423
-293.6 -27.2 2590.0 -0.6590052843 0.7160876989 -0.2300660908 0.5175461769 0.2097731680 -0.8295427561 -0.5457636714 -0.6657428741 -0.5088500977
-192.6 194.9 2847.5 -0.0713175014 0.4871591330 -0.8703963757 -0.9477745295 0.2388623804 0.2113484293 0.3108652532 0.8400123715 0.4446819425
-211.2 -52.0 2928.5 0.4964753091 0.4871591330 -0.7184624076 -0.8670643568 0.2388623804 -0.4372003675 -0.0413725041 0.8400123715 0.5409876108
-483.4 -109.8 2658.2 -0.9592825770 0.0639331713 0.2751173079 0.0592371635 0.9979219437 -0.0253533106 -0.2761664987 -0.0080238199 -0.9610763192
-508.8 -506.1 2661.4 -0.9567858577 -0.0759805292 0.2806916237 0.0150749730 0.9510032535 0.3088131249 -0.2904024422 0.2996994555 -0.9087610841
-382.3 -153.9 2804.3 -0.4507980347 0.2003462017 0.8698520064 0.0588264130 0.9790360928 -0.1950071156 -0.8906854391 -0.0367385484 -0.4531331956
-461.9 -542.8 2818.9 -0.4478380680 -0.1773822159 0.8763427138 0.0422076806 0.9748367071 0.2188879848 -0.8931179047 0.1350147724 -0.4290820956
-103.6 -176.3 2747.3 0 0 0 0 0 0 0 0 0
-82.4 -277.0 2917.8 0 0 0 0 0 0 0 0 0
-482.8 -831.4 2558.9 0 0 0 0 0 0 0 0 0
-410.3 -826.5 2779.6 0 0 0 0 0 0 0 0 0
-192.3 414.6 2735.5 9 0.5813384652 0.4051980972 -0.7055919766 -0.2805072665 0.9138240814 0.2936684787 0.7637808919 0.0272029098 0.6449021101
-273.6 231.1 2730.0 0.5813384652 0.4051980972 -0.7055919766 -0.2805072665 0.9138240814 0.2936684787 0.7637808919 0.0272029098 0.6449021101
-349.1 47.3 2726.9 0.5919473767 0.3796827793 -0.7109425068 -0.2556527555 0.9249895811 0.2811333239 0.7643558979 0.0153382858 0.6446121335
-360.0 268.4 2618.5 -0.2033870965 0.7343852520 -0.6475430131 0.9735475183 0.2220129222 -0.0539948530 0.1041098908 -0.6413957477 -0.7601135373
-299.8 -19.7 2587.7 -0.6542365551 0.7343852520 -0.1807007492 0.4831341505 0.2220129222 -0.8469307423 -0.5818555355 -0.6413957477 -0.5000555515
-187.3 193.8 2841.5 -0.0454778112 0.5160533786 -0.8553482890 -0.9551020265 0.2284740210 0.1886257976 0.2927658558 0.8255231977 0.4824931324
-199.1 -55.0 2917.8 0.5069254637 0.5160533786 -0.6904458404 -0.8583310843 0.2284740210 -0.4594206512 -0.0793366358 0.8255231977 0.5587639809
-481.3 -111.6 2655.1 -0.9691802859 0.0706130937 0.2360155433 0.0653532445 0.9974097610 -0.0300450791 -0.2375257909 -0.0136947157 -0.9712846875
-509.3 -507.9 2660.6 -0.9658116698 -0.0819178596 0.2459619045 -0.0014173579 0.9504179358 0.3109721541 -0.2592407763 0.2999919355 -0.9180408716
-379.0 -157.0 2800.3 -0.4865186810 0.2132381648 0.8472478986 0.0681295022 0.9760640264 -0.2065367252 -0.8710097075 -0.0427613966 -0.4894011915
-463.8 -544.8 2817.3 -0.4796309769 -0.1932917535 0.8559161425 0.0318703242 0.9709549546 0.2371302098 -0.8768913150 0.1410133243 -0.4595398009
-112.2 -158.2 2754.5 0 0 0 0 0 0 0 0 0
-67.6 -277.7 2897.2 0 0 0 0 0 0 0 0 0
-481.5 -831.0 2558.6 0 0 0 0 0 0 0 0 0
-408.0 -824.7 2776.6 0 0 0 0 0 0 0 0 0
-190.7 417.1 2735.6 0 0.5672847629 0.3956225514 -0.7222678065 -0.2609315813 0.9182081223 0.2980076671 0.7810907364 0.0194072854 0.6241158843
-270.2 232.5 2731.7 0.5672847629 0.3956225514 -0.7222678065 -0.2609315813 0.9182081223 0.2980076671 0.7810907364 0.0194072854 0.6241158843
-344.5 48.3 2730.6 0.5771585107 0.3735532463 -0.7261859775 -0.2372374535 0.9275912046 0.2886052728 0.7814131379 0.0057075266 0.6239879727
-354.4 267.1 2617.7 -0.1564341784 0.6726502180 -0.7232357860 0.9805105925 0.1938818246 -0.0317610428 0.1188582107 -0.7141088843 -0.6898704171
-310.6 -7.7 2584.4 -0.6607769132 0.6726502180 -0.3330399096 0.5917389989 0.1938818246 -0.7824671268 -0.4617562890 -0.7141088843 -0.5261459947
-186.0 197.9 2845.7 -0.1256475002 0.6227437854 -0.7722712159 -0.8968399167 0.2615016401 0.3567842543 0.4241353869 0.7374327183 0.5256444812
-213.7 0.4 2939.1 0.5869986415 0.6227437854 -0.5173226595 -0.7793044448 0.2615016401 -0.5694746971 -0.2193561345 0.7374327183 0.6388081312
-478.8 -113.0 2653.8 -0.9631431103 0.0747443363 0.2583962381 0.0710962564 0.9971938133 -0.0234473981 -0.2594237030 -0.0042121927 -0.9657543898
-508.5 -509.3 2655.5 -0.9597926736 -0.0811639056 0.2687200308 0.0025489563 0.9547280073 0.2974691689 -0.2806982994 0.2861936986 -0.9161340594
-370.3 -159.8 2793.8 -0.4644972682 0.2367841750 0.8533320427 0.0652151406 0.9701210856 -0.2336922437 -0.8831700087 -0.0528992414 -0.4660605192
-464.4 -545.2 2814.8 -0.4586234987 -0.1993606389 0.8659791350 0.0356242061 0.9696014524 0.2420825809 -0.8879163265 0.1418745816 -0.4375799298
-123.9 -174.9 2714.8 0 0 0 0 0 0 0 0 0
-63.7 -198.7 2883.1 0 0 0 0 0 0 0 0 0
-481.1 -831.2 2558.9 0 0 0 0 0 0 0 0 0
-407.1 -823.8 2774.0 0 0 0 0 0 0 0 0 0
