-371.7 507.4 2529.7 11 0.5999449492 0.0975237116 -0.7940750122 0.1208298355 0.9701122642 0.2104337662 0.7908642292 -0.2221966237 0.5702301860
-391.6 309.3 2575.1 0.5999449492 0.0975237116 -0.7940750122 0.1208298355 0.9701122642 0.2104337662 0.7908642292 -0.2221966237 0.5702301860
-409.9 119.0 2617.5 0.5997065306 0.0935116112 -0.7947374582 0.1184060276 0.9718469381 0.2036997676 0.7914114594 -0.2162617892 0.5717505813
-477.1 292.4 2462.3 -0.3842474818 0.2000257075 -0.9013010859 0.8798677921 0.3750163317 -0.2918825746 0.2796185911 -0.9051809311 -0.3200952411
-365.2 36.2 2380.9 -0.7937031984 0.2000257075 -0.5744779706 0.6036986113 0.3750163317 -0.7034988999 0.0747207478 -0.9051809311 -0.4184069037
-306.1 326.2 2687.9 0.8531964421 0.3775228858 0.3599058986 -0.5214412212 0.6338247061 0.5712839365 -0.0124444878 -0.6750872135 0.7376329899
-38.8 162.8 2684.0 0.1835262477 0.3775228858 0.9076312780 -0.7657878399 0.6338247061 -0.1087899432 -0.6163498163 -0.6750872135 0.4054259062
-482.2 -81.6 2587.8 -0.4877774715 0.1573704779 0.8586662412 0.1172902733 0.9865128398 -0.1141729355 -0.8650527000 0.0450222045 -0.4996567667
-543.8 -467.9 2570.1 -0.4806309640 -0.1487697810 0.8642114401 0.0661210865 0.9765508175 0.2048816830 -0.8744266033 0.1556150764 -0.4595237374
-374.1 -60.0 2731.1 -0.8943784237 -0.0437951013 -0.4451619685 -0.0677448884 0.9969778657 0.0380239673 0.4421513379 0.0641652644 -0.8946424127
-357.0 -450.3 2705.9 -0.8803555369 0.1591513604 -0.4468164444 0.0848482102 0.9796728492 0.1817741543 0.4666635692 0.1221143082 -0.8759641647
-157.2 -122.0 2361.3 0 0 0 0 0 0 0 0 0
14.2 -58.3 2506.1 0 0 0 0 0 0 0 0 0
-497.4 -772.6 2521.6 0 0 0 0 0 0 0 0 0
-416.8 -818.8 2660.0 0 0 0 0 0 0 0 0 0
-372.0 504.0 2529.0 12 0.5915417075 0.0959066972 -0.8005499840 0.1230042800 0.9705430269 0.2071622461 0.7968364358 -0.2210161984 0.5623197556
-391.5 306.3 2574.0 0.5915417075 0.0959066972 -0.8005499840 0.1230042800 0.9705430269 0.2071622461 0.7968364358 -0.2210161984 0.5623197556
-409.6 115.9 2616.2 0.5912861228 0.0923952758 -0.8011515737 0.1203673333 0.9721771479 0.2009558678 0.7974286079 -0.2152548879 0.5637134910
-475.8 289.1 2460.4 -0.3827201426 0.2592494190 -0.8867440820 0.8766673803 0.4047682583 -0.2600325644 0.2915125489 -0.8768993020 -0.3821884692
-365.7 36.9 2376.5 -0.7912537456 0.2592494190 -0.5538115501 0.6096420884 0.4047682583 -0.6815417409 0.0474760123 -0.8768993020 -0.4783237875
-307.3 323.4 2687.7 0.8286138773 0.3663791120 0.4232793450 -0.5548191667 0.6382907033 0.5336297750 -0.0746644661 -0.6770164967 0.7321706414
-35.0 141.2 2663.1 0.1841914058 0.3663791120 0.9120525718 -0.7629644871 0.6382907033 -0.1023240089 -0.6196440458 -0.6770164967 0.3971019089
-482.5 -82.1 2588.3 -0.4781297743 0.1512546539 0.8651670218 0.1240618527 0.9868136048 -0.1039596647 -0.8694829345 0.0576280057 -0.4905898869
-541.7 -468.5 2565.7 -0.4690960348 -0.1445457488 0.8712378740 0.0550300218 0.9798138142 0.1921889335 -0.8814309835 0.1380993128 -0.4516724348
-374.0 -60.7 2731.3 -0.8991255760 -0.0399376191 -0.4358649254 -0.0579459779 0.9979242682 0.0280958377 0.4338380992 0.0505183041 -0.8995734453
-358.4 -451.4 2711.6 -0.8865636587 0.1547407508 -0.4359589517 0.0687314346 0.9759973884 0.2066519707 0.4574722946 0.1532460451 -0.8759193420
-158.5 -122.8 2364.1 0 0 0 0 0 0 0 0 0
17.3 -75.5 2487.2 0 0 0 0 0 0 0 0 0
-496.9 -772.3 2522.9 0 0 0 0 0 0 0 0 0
-416.6 -818.7 2653.9 0 0 0 0 0 0 0 0 0
-372.7 500.9 2530.6 13 0.5844310522 0.0966441929 -0.8056675792 0.1290964484 0.9691619873 0.2099027634 0.8011082411 -0.2266825289 0.5539319515
-392.4 303.5 2576.8 0.5844310522 0.0966441929 -0.8056675792 0.1290964484 0.9691619873 0.2099027634 0.8011082411 -0.2266825289 0.5539319515
-411.0 113.3 2619.8 0.5839602947 0.0948706269 -0.8062195182 0.1243273169 0.9709787369 0.2043110728 0.8022051454 -0.2195446640 0.5552180409
-475.6 285.8 2462.5 -0.3848647773 0.2688983083 -0.8829342127 0.8738428950 0.4141047001 -0.2547860146 0.2971156836 -0.8696039319 -0.3943491876
-365.8 36.3 2377.6 -0.7906950116 0.2688983083 -0.5499955416 0.6104642153 0.4141047001 -0.6751672029 0.0462044217 -0.8696039319 -0.4915833175
-309.2 321.2 2691.1 0.8454063535 0.3888274133 0.3661984801 -0.5335988402 0.6452127695 0.5467840433 -0.0236713123 -0.6576578021 0.7529448271
-48.3 156.6 2683.8 0.2032140493 0.3888274133 0.8986196518 -0.7563098669 0.6452127695 -0.1081476510 -0.6218516231 -0.6576578021 0.4251902997
-481.2 -85.4 2586.3 -0.4696727693 0.1525807828 0.8695554137 0.1219194084 0.9867243171 -0.1072880998 -0.8743816018 0.0556253828 -0.4820401073
-540.9 -471.9 2564.5 -0.4608286321 -0.1440191567 0.8757256866 0.0543629415 0.9803115129 0.1898261607 -0.8858225942 0.1350843459 -0.4439263046
-374.3 -63.7 2730.4 -0.9032726288 -0.0390136428 -0.4272896945 -0.0514063947 0.9985244870 0.0175008047 0.4259764552 0.0377734192 -0.9039453864
-359.0 -454.7 2715.6 -0.8899539709 0.1621245742 -0.4262599945 0.0713954568 0.9726818204 0.2208909094 0.4504271746 0.1661497056 -0.8772169948
-159.4 -123.1 2365.6 0 0 0 0 0 0 0 0 0
8.6 -55.3 2509.6 0 0 0 0 0 0 0 0 0
-496.8 -772.5 2523.0 0 0 0 0 0 0 0 0 0
-420.0 -820.8 2653.1 0 0 0 0 0 0 0 0 0
-372.9 498.3 2530.5 14 0.5657912493 0.0937812105 -0.8191980124 0.1335594058 0.9699673653 0.2032859772 0.8136597276 -0.2244290262 0.5362737179
-392.0 301.2 2576.1 0.5657912493 0.0937812105 -0.8191980124 0.1335594058 0.9699673653 0.2032859772 0.8136597276 -0.2244290262 0.5362737179
-409.9 110.9 2619.1 0.5655288696 0.0917029083 -0.8196143508 0.1308131814 0.9712442756 0.1989283711 0.8142880797 -0.2197160870 0.5372707248
-472.6 282.5 2460.1 -0.3829441965 0.2341774255 -0.8935964704 0.8784548044 0.3915728331 -0.2738390863 0.2857811749 -0.8898492455 -0.3556648493
-364.7 35.2 2379.6 -0.7900985479 0.2341774255 -0.5664849877 0.6099874377 0.3915728331 -0.6889020205 0.0604948252 -0.8898492455 -0.4522264302
-311.4 319.8 2692.1 0.8374950886 0.3885619938 0.3842154741 -0.5445399880 0.6521013379 0.5274846554 -0.0455869585 -0.6509864926 0.7577192187
-47.8 148.4 2677.8 0.1909615695 0.3885619938 0.9014173746 -0.7481532097 0.6521013379 -0.1225994527 -0.6354529858 -0.6509864926 0.4152301848
-482.4 -88.1 2590.3 -0.4509408176 0.1519439667 0.8795256615 0.1213672459 0.9866894484 -0.1082311273 -0.8842637539 0.0579397716 -0.4633795619
-541.9 -474.6 2567.6 -0.4432160854 -0.1509297639 0.8836174011 0.0669839233 0.9773916602 0.2005459070 -0.8939086199 0.1480733305 -0.4230858386
-376.8 -65.6 2735.3 -0.9117752910 -0.0465397276 -0.4080439806 -0.0581018962 0.9981827736 0.0159804374 0.4065587521 0.0382786989 -0.9128224254
-358.6 -456.5 2720.3 -0.8978283405 0.1640801579 -0.4086343348 0.0740221515 0.9710172415 0.2272581309 0.4340795279 0.1737907827 -0.8839523196
-159.8 -123.0 2363.9 0 0 0 0 0 0 0 0 0
6.4 -63.7 2497.6 0 0 0 0 0 0 0 0 0
-495.8 -772.9 2522.4 0 0 0 0 0 0 0 0 0
-420.4 -822.2 2654.9 0 0 0 0 0 0 0 0 0
-372.3 497.0 2529.9 15 0.5645024776 0.0926100761 -0.8202196956 0.1352459490 0.9698795676 0.2025887519 0.8142760396 -0.2252932340 0.5349742770
-391.1 299.9 2575.6 0.5645024776 0.0926100761 -0.8202196956 0.1352459490 0.9698795676 0.2025887519 0.8142760396 -0.2252932340 0.5349742770
-408.7 109.8 2619.2 0.5644303560 0.0898681432 -0.8205742240 0.1344788373 0.9707661271 0.1988179535 0.8144530654 -0.2225687504 0.5358445048
-471.5 280.8 2459.6 -0.3833600581 0.2298474759 -0.8945419192 0.8774473667 0.3929719329 -0.2750622034 0.2883074880 -0.8903612494 -0.3523288071
-363.6 33.9 2378.5 -0.7905355096 0.2298474759 -0.5676475763 0.6089881659 0.3929719329 -0.6889894605 0.0647070631 -0.8903612494 -0.4506326616
-310.6 319.1 2691.7 0.8317211270 0.3705284595 0.4134593308 -0.5514534116 0.6376371384 0.5378829241 -0.0643360764 -0.6753721833 0.7346654534
-46.7 144.1 2671.3 0.1572540253 0.3705284595 0.9154123664 -0.7596971393 0.6376371384 -0.1275897920 -0.6309765577 -0.6753721833 0.3817604184
-479.0 -91.1 2588.6 -0.4489172697 0.1589632481 0.8793202043 0.1266027540 0.9854372740 -0.1135128587 -0.8845592141 0.0603664778 -0.4625049829
-541.3 -477.1 2564.9 -0.4394598305 -0.1510089487 0.8854780197 0.0585112497 0.9788619876 0.1959735304 -0.8963545561 0.1379329115 -0.4213348031
-376.8 -67.5 2735.7 -0.9119370580 -0.0450044498 -0.4078546166 -0.0614044406 0.9977422357 0.0272012223 0.4057095945 0.0498498864 -0.9126415849
-359.2 -458.2 2716.2 -0.8986098766 0.1585146636 -0.4091129601 0.0752802193 0.9743306637 0.2121618390 0.4322420657 0.1598526090 -0.8874761462
-160.1 -122.9 2361.8 0 0 0 0 0 0 0 0 0
-1.1 -76.5 2488.0 0 0 0 0 0 0 0 0 0
-495.8 -771.9 2523.4 0 0 0 0 0 0 0 0 0
-418.9 -825.1 2656.0 0 0 0 0 0 0 0 0 0
-372.2 495.1 2530.6 16 0.5666615963 0.0864703953 -0.8194006681 0.1355202049 0.9711529613 0.1962044537 0.8127292991 -0.2222268730 0.5385966301
-389.8 298.0 2575.7 0.5666615963 0.0864703953 -0.8194006681 0.1355202049 0.9711529613 0.1962044537 0.8127292991 -0.2222268730 0.5385966301
-406.1 107.6 2618.6 0.5665653348 0.0835256800 -0.8197726607 0.1344196349 0.9721551538 0.1919525117 0.8129791617 -0.2189471722 0.5395619273
-470.5 278.9 2459.8 -0.3952904642 0.2498376220 -0.8839268088 0.8742353916 0.3976340592 -0.2785671353 0.2818828821 -0.8828750253 -0.3755978346
-356.5 26.8 2378.5 -0.7903731465 0.2498376220 -0.5593670607 0.6104751229 0.3976340592 -0.6849870682 0.0512878560 -0.8828750253 -0.4667989314
-309.0 317.2 2691.5 0.8199353218 0.3732152581 0.4340696037 -0.5670209527 0.6337255239 0.5261932015 -0.0786976591 -0.6775709391 0.7312347889
-46.4 135.6 2666.3 0.1365876496 0.3732152581 0.9176350832 -0.7599165440 0.6337255239 -0.1446335316 -0.6355081797 -0.6775709391 0.3701715171
-477.3 -92.5 2589.2 -0.4528926015 0.1743389964 0.8743535876 0.1270242631 0.9833081961 -0.1302683800 -0.8824698925 0.0520665348 -0.4674782753
-545.6 -477.6 2568.8 -0.4427926838 -0.1665466279 0.8810203671 0.0623243265 0.9745035768 0.2155421674 -0.8944553137 0.1503494978 -0.4211231470
-375.3 -68.2 2736.4 -0.9105411172 -0.0389086790 -0.4115835130 -0.0587171018 0.9976401329 0.0355881117 0.4092275202 0.0565714315 -0.9106769562
-360.0 -459.0 2714.3 -0.8973020315 0.1573038101 -0.4124373496 0.0806550384 0.9770455360 0.1971718818 0.4339859784 0.1436575800 -0.8893923163
-153.3 -130.2 2365.3 0 0 0 0 0 0 0 0 0
-6.6 -86.0 2481.0 0 0 0 0 0 0 0 0 0
-495.2 -772.1 2523.4 0 0 0 0 0 0 0 0 0
-419.2 -826.9 2660.2 0 0 0 0 0 0 0 0 0
-370.9 495.2 2529.9 17 0.5628358126 0.0913040414 -0.8215104342 0.1364997327 0.9699674845 0.2013229281 0.8152199984 -0.2254477143 0.5334694982
-389.5 297.6 2575.8 0.5628358126 0.0913040414 -0.8215104342 0.1364997327 0.9699674845 0.2013229281 0.8152199984 -0.2254477143 0.5334694982
-406.6 107.4 2619.1 0.5627013445 0.0873785317 -0.8220292926 0.1350387037 0.9713246822 0.1956856996 0.8155561090 -0.2211183757 0.5347662568
-469.7 278.4 2459.6 -0.3903886676 0.2721903920 -0.8794936538 0.8745462298 0.4081550837 -0.2618746161 0.2876900434 -0.8713907599 -0.3973821998
-357.7 27.5 2377.1 -0.7935420275 0.2721903920 -0.5442457199 0.6074116230 0.4081550837 -0.6815134287 0.0366352610 -0.8713907599 -0.4892198145
-309.3 316.9 2692.1 0.8305985332 0.4244912863 0.3604347110 -0.5562732220 0.6624652147 0.5016970634 -0.0258094296 -0.6172090173 0.7863758206
-56.9 147.8 2684.2 0.1882113963 0.4244912863 0.8856543303 -0.7313438654 0.6624652147 -0.1620987654 -0.6555247307 -0.6172090173 0.4351325929
-473.7 -94.9 2588.0 -0.4488284588 0.1773297787 0.8758465648 0.1209610403 0.9831483960 -0.1370682269 -0.8853933811 0.0444231965 -0.4627149403
-543.2 -480.0 2570.6 -0.4413622618 -0.1598748118 0.8829718828 0.0721542016 0.9744907022 0.2125126123 -0.8944233656 0.1575051844 -0.4185678065
-371.3 -70.6 2734.9 -0.9129749537 -0.0286327638 -0.4070096612 -0.0502736568 0.9978276491 0.0425739959 0.4049064815 0.0593308583 -0.9124311209
-360.1 -461.5 2711.7 -0.8998855352 0.1569284797 -0.4069145620 0.0870284364 0.9788692594 0.1850433350 0.4273547232 0.1311046928 -0.8945275545
-154.9 -127.7 2367.7 0 0 0 0 0 0 0 0 0
-3.3 -60.5 2497.5 0 0 0 0 0 0 0 0 0
-495.4 -771.0 2523.5 0 0 0 0 0 0 0 0 0
-419.2 -830.1 2662.3 0 0 0 0 0 0 0 0 0
-369.9 495.7 2529.1 18 0.5684603453 0.0985040143 -0.8167924285 0.1327860504 0.9688043594 0.2092511058 0.8119240999 -0.2274095863 0.5376468897
-389.9 299.1 2575.3 0.5684603453 0.0985040143 -0.8167924285 0.1327860504 0.9688043594 0.2092511058 0.8119240999 -0.2274095863 0.5376468897
-408.0 109.0 2618.9 0.5683819652 0.0927903205 -0.8175156713 0.1319919974 0.9704673290 0.2019188851 0.8121083975 -0.2226725817 0.5393486023
-470.9 280.2 2459.5 -0.3885311484 0.2419421226 -0.8891049027 0.8770549297 0.3929549158 -0.2763350010 0.2825210690 -0.8871586323 -0.3648717403
-359.4 28.6 2378.4 -0.7945688367 0.2419421226 -0.5568881035 0.6050041318 0.3929549158 -0.6925001144 0.0512869693 -0.8871586323 -0.4586057067
-308.9 317.9 2691.0 0.8342957497 0.4535162151 0.3134862483 -0.5512884259 0.6920601130 0.4659761786 -0.0056235748 -0.5615832806 0.8274011016
-62.4 155.0 2689.3 0.2338599116 0.4535162151 0.8600189686 -0.7004349828 0.6920601130 -0.1744808257 -0.6743147373 -0.5615832806 0.4795037508
-474.6 -95.1 2588.7 -0.4534921050 0.1807560325 0.8727383018 0.1213232055 0.9826230407 -0.1404727250 -0.8829640746 0.0421801396 -0.4675416946
-545.4 -480.0 2572.2 -0.4458841383 -0.1675986648 0.8792599440 0.0742407292 0.9720044136 0.2229254395 -0.8920065165 0.1646758169 -0.4209586978
-372.8 -70.7 2736.2 -0.9109030366 -0.0272802860 -0.4117176533 -0.0440768562 0.9985359907 0.0313549750 0.4102595150 0.0467085615 -0.9107719064
-362.2 -461.8 2717.9 -0.8997777700 0.1500545442 -0.4097359776 0.0651003048 0.9746653438 0.2139845192 0.4314648211 0.1658645868 -0.8867508173
-157.0 -125.5 2365.4 0 0 0 0 0 0 0 0 0
2.0 -37.9 2503.6 0 0 0 0 0 0 0 0 0
-495.1 -771.3 2522.9 0 0 0 0 0 0 0 0 0
-418.6 -828.6 2655.5 0 0 0 0 0 0 0 0 0
-371.9 493.9 2531.7 19 0.5664908290 0.0914136767 -0.8189820647 0.1282242537 0.9719457626 0.1971801370 0.8140311241 -0.2167140990 0.5388768911
-390.4 296.9 2575.6 0.5664908290 0.0914136767 -0.8189820647 0.1282242537 0.9719457626 0.1971801370 0.8140311241 -0.2167140990 0.5388768911
-407.3 106.2 2617.1 0.5663441420 0.0865493938 -0.8196117878 0.1266204268 0.9735269547 0.1902960539 0.8143841624 -0.2115526497 0.5403923392
-471.1 278.9 2459.6 -0.3883570433 0.2480599880 -0.8874936700 0.8746166229 0.4025307596 -0.2702123523 0.2902146280 -0.8811556101 -0.3732830286
-360.5 29.9 2376.9 -0.7941364646 0.2480599880 -0.5548094511 0.6054233909 0.4025307596 -0.6866087317 0.0530077070 -0.8811556101 -0.4698456526
-309.7 314.9 2691.7 0.8339955807 0.4582132399 0.3073955774 -0.5517498851 0.6974465847 0.4573186040 -0.0048425500 -0.5510071516 0.8344864845
-64.1 152.5 2690.3 0.2558585107 0.4582132399 0.8512209058 -0.6971741319 0.6974465847 -0.1658809483 -0.6696899533 -0.5510071516 0.4979020655
-477.6 -93.0 2589.1 -0.4543539286 0.1700824350 0.8744338155 0.1208939254 0.9842955470 -0.1286349595 -0.8825798631 0.0472679399 -0.4677804708
-544.2 -478.6 2570.6 -0.4464624822 -0.1627323627 0.8798803687 0.0701116845 0.9739385247 0.2157038152 -0.8920513391 0.1579935551 -0.4234175682
-374.8 -69.2 2735.9 -0.9111937284 -0.0362060294 -0.4103840888 -0.0537922308 0.9980588555 0.0313837640 0.4084511995 0.0506721623 -0.9113725424
-360.7 -460.1 2716.1 -0.8980948925 0.1581218094 -0.4103937745 0.0779109523 0.9755753875 0.2053839713 0.4328457415 0.1524801254 -0.8884786963
-158.5 -124.1 2363.4 0 0 0 0 0 0 0 0 0
4.8 -35.1 2510.1 0 0 0 0 0 0 0 0 0
-495.5 -770.2 2523.3 0 0 0 0 0 0 0 0 0
-420.2 -827.4 2658.7 0 0 0 0 0 0 0 0 0
-373.2 497.8 2531.5 20 0.5767522454 0.0943202451 -0.8114557862 0.1232626140 0.9718921185 0.2005791217 0.8075662255 -0.2157066315 0.5489147902
-392.4 299.9 2575.4 0.5767522454 0.0943202451 -0.8114557862 0.1232626140 0.9718921185 0.2005791217 0.8075662255 -0.2157066315 0.5489147902
-410.6 109.3 2616.6 0.5763961673 0.0929683074 -0.8118647337 0.1195644960 0.9732204080 0.1963321865 0.8083760142 -0.2102353126 0.5498448014
-474.6 282.9 2460.2 -0.3934199512 0.2388967872 -0.8877776265 0.8734986782 0.3983102739 -0.2799088061 0.2867416143 -0.8855943084 -0.3653792441
-360.9 30.5 2377.3 -0.7933587432 0.2388967872 -0.5599197745 0.6059356332 0.3983102739 -0.6886152029 0.0585138351 -0.8855943084 -0.4607590139
-310.3 316.9 2690.6 0.8116868734 0.4808195531 0.3316277266 -0.5837614536 0.6869148612 0.4328631461 -0.0196709484 -0.5449408293 0.8382437229
-60.8 137.5 2684.6 0.2271042019 0.4808195531 0.8468980193 -0.6978524923 0.6869148612 -0.2028542757 -0.6792831421 -0.5449408293 0.4915423989
-475.5 -95.9 2584.9 -0.4664800763 0.1721312851 0.8676215410 0.1073008031 0.9846505523 -0.1376584917 -0.8779993653 0.0288815461 -0.4777896702
-542.9 -481.5 2573.6 -0.4620672762 -0.1590482742 0.8724663258 0.0791678503 0.9724615812 0.2192052603 -0.8833041787 0.1703588665 -0.4367511570
-373.1 -73.0 2732.1 -0.9072397947 -0.0306081679 -0.4194986224 -0.0412598215 0.9990148544 0.0163398366 0.4185852110 0.0321325883 -0.9076089263
-361.1 -464.2 2719.5 -0.8958792686 0.1522985399 -0.4173792601 0.0672287270 0.9750649333 0.2114914507 0.4391817153 0.1614109427 -0.8837793469
-159.3 -123.4 2362.5 0 0 0 0 0 0 0 0 0
1.1 -52.9 2499.2 0 0 0 0 0 0 0 0 0
-495.8 -769.2 2523.2 0 0 0 0 0 0 0 0 0
-418.4 -831.4 2658.7 0 0 0 0 0 0 0 0 0
-369.4 495.1 2530.4 21 0.5763618350 0.1014033109 -0.8108788133 0.1277860105 0.9688811302 0.2119906694 0.8071417212 -0.2258022875 0.5454681516
-390.1 298.1 2576.3 0.5763618350 0.1014033109 -0.8108788133 0.1277860105 0.9688811302 0.2119906694 0.8071417212 -0.2258022875 0.5454681516
-409.3 108.0 2619.1 0.5759471059 0.0980386883 -0.8115869164 0.1237528324 0.9708850384 0.2051035762 0.8080656528 -0.2185650021 0.5470458865
-472.1 280.5 2461.1 -0.3895733058 0.2407857031 -0.8889628053 0.8720864654 0.4067997038 -0.2719911933 0.2961382270 -0.8812129498 -0.3684642613
-360.4 30.3 2376.2 -0.7984597683 0.2407857031 -0.5518009067 0.5992050171 0.4067997038 -0.6895413995 0.0584407374 -0.8812129498 -0.4690932035
-308.0 315.8 2691.5 0.8175300360 0.4437018633 0.3671147823 -0.5750398040 0.6634988785 0.4786423147 -0.0312057622 -0.6024100780 0.7975764871
-56.2 138.6 2681.8 0.2019645274 0.4437018633 0.8731202483 -0.7289416790 0.6634988785 -0.1685624719 -0.6541057825 -0.6024100780 0.4574359953
-480.9 -92.1 2584.7 -0.4644614160 0.1656228900 0.8699681759 0.1040385291 0.9857584238 -0.1321223825 -0.8794609308 0.0291444641 -0.4750778973
-545.8 -478.2 2573.3 -0.4597628117 -0.1654282659 0.8724973798 0.0752877071 0.9716975689 0.2239098251 -0.8848445415 0.1686337441 -0.4342956841
-376.7 -70.5 2730.8 -0.9076928496 -0.0380744636 -0.4179043770 -0.0417018719 0.9991300106 -0.0004518913 0.4175579846 0.0170172174 -0.9084908962
-361.8 -461.8 2724.2 -0.8978547454 0.1475742161 -0.4148236811 0.0487652235 0.9696905613 0.2394203693 0.4375828803 0.1947357506 -0.8778377771
-156.9 -122.4 2361.3 0 0 0 0 0 0 0 0 0
1.1 -67.9 2496.5 0 0 0 0 0 0 0 0 0
-496.2 -769.6 2522.7 0 0 0 0 0 0 0 0 0
-417.4 -826.8 2650.9 0 0 0 0 0 0 0 0 0
-369.8 493.2 2532.8 22 0.5599458814 0.0867639035 -0.8239737153 0.1371686161 0.9710699916 0.1954683959 0.8170956969 -0.2224750519 0.5318453312
-387.4 296.0 2578.0 0.5599458814 0.0867639035 -0.8239737153 0.1371686161 0.9710699916 0.1954683959 0.8170956969 -0.2224750519 0.5318453312
-403.4 105.4 2620.2 0.5596477985 0.0818457827 -0.8246790767 0.1337316781 0.9731503725 0.1873345524 0.8178693056 -0.2151270807 0.5336760879
-467.1 276.9 2461.5 -0.3795787096 0.2485222816 -0.8911547065 0.8737787008 0.4128417671 -0.2570455968 0.3040243387 -0.8762410283 -0.3738594353
-360.0 30.4 2375.7 -0.7954634428 0.2485222816 -0.5526975393 0.6031645536 0.4128417671 -0.6824618578 0.0585696623 -0.8762410283 -0.4783003926
-307.7 315.0 2694.6 0.8118323684 0.4702309966 0.3461372852 -0.5831711292 0.6824155450 0.4407044649 -0.0289765541 -0.5596354008 0.8282321692
-59.3 136.6 2685.7 0.2118899077 0.4702309966 0.8567295074 -0.7028658986 0.6824155450 -0.2007200122 -0.6790303588 -0.5596354008 0.4751062989
-480.5 -93.3 2588.9 -0.4500516951 0.1640015244 0.8778137565 0.1066830531 0.9858256578 -0.1294853538 -0.8866071105 0.0353727527 -0.4611686766
-544.8 -479.5 2575.0 -0.4469109476 -0.1615576297 0.8798691630 0.0872872099 0.9709888697 0.2226243168 -0.8903098106 0.1762945652 -0.4198436141
-376.4 -71.0 2735.0 -0.9141955972 -0.0395349376 -0.4033403099 -0.0477013774 0.9988093972 0.0102159930 0.4024561942 0.0285793040 -0.9149930477
-360.9 -462.2 2723.8 -0.9027217031 0.1553386450 -0.4012024403 0.0567241497 0.9673744440 0.2469190359 0.4264690578 0.2001413107 -0.8820813894
-158.0 -122.7 2360.8 0 0 0 0 0 0 0 0 0
1.1 -63.5 2492.4 0 0 0 0 0 0 0 0 0
-496.5 -769.6 2522.3 0 0 0 0 0 0 0 0 0
-419.4 -826.4 2648.4 0 0 0 0 0 0 0 0 0
-369.7 494.6 2530.6 23 0.5517475605 0.0782185495 -0.8303351402 0.1408836544 0.9725438356 0.1852302402 0.8220257759 -0.2191810012 0.5255789757
-385.6 296.6 2575.2 0.5517475605 0.0782185495 -0.8303351402 0.1408836544 0.9725438356 0.1852302402 0.8220257759 -0.2191810012 0.5255789757
-399.6 105.9 2617.1 0.5517045856 0.0714898184 -0.8309701085 0.1403243840 0.9741607904 0.1769740880 0.8221502900 -0.2142427713 0.5274171829
-464.3 276.6 2458.0 -0.3714867532 0.2617899179 -0.8907657266 0.8791833520 0.4075347781 -0.2468847334 0.2983860970 -0.8748608232 -0.3815551102
-360.5 31.1 2374.7 -0.7935116291 0.2617899179 -0.5493680835 0.6068704128 0.4075347781 -0.6823662519 0.0452499911 -0.8748608232 -0.4822561443
-307.0 316.6 2692.3 0.8263199329 0.4862082303 0.2842479348 -0.5627389550 0.6923334002 0.4516628385 0.0228078533 -0.5331754088 0.8456972241
-67.8 153.7 2698.9 0.2612637281 0.4862082303 0.8338721991 -0.6974138021 0.6923334002 -0.1851713806 -0.6673493981 -0.5331754088 0.5199699402
-470.0 -97.2 2588.4 -0.4395825267 0.1943000555 0.8769348264 0.1297469586 0.9798185229 -0.1520572454 -0.8887817264 0.0469379202 -0.4559209347
-546.1 -480.8 2570.0 -0.4304698110 -0.1672718525 0.8869700432 0.0725047961 0.9730942249 0.2187023163 -0.8996881843 0.1584543288 -0.4067596793
-368.9 -73.1 2736.3 -0.9170939326 -0.0227636416 -0.3980207443 -0.0454192497 0.9978340864 0.0475839078 0.3960754871 0.0617167205 -0.9161415100
-360.0 -463.7 2712.1 -0.9026899934 0.1657655686 -0.3970800638 0.0945714191 0.9766826630 0.1927361488 0.4197702408 0.1364285648 -0.8973183632
-159.2 -122.9 2363.2 0 0 0 0 0 0 0 0 0
5.3 -41.5 2512.2 0 0 0 0 0 0 0 0 0
-496.3 -770.2 2522.9 0 0 0 0 0 0 0 0 0
-422.2 -830.7 2660.8 0 0 0 0 0 0 0 0 0
-369.5 495.5 2529.4 24 0.5531487465 0.0837239921 -0.8288647532 0.1427023858 0.9707094431 0.1932852417 0.8207694292 -0.2251964658 0.5249991417
-386.5 298.3 2575.2 0.5531487465 0.0837239921 -0.8288647532 0.1427023858 0.9707094431 0.1932852417 0.8207694292 -0.2251964658 0.5249991417
-401.8 107.9 2618.4 0.5530813932 0.0780730844 -0.8294609785 0.1418938190 0.9722260833 0.1861251146 0.8209549785 -0.2206377238 0.5266420841
-465.3 278.1 2458.2 -0.3727787435 0.2511275709 -0.8932921886 0.8807420135 0.3988128304 -0.2554248273 0.2921121716 -0.8819769025 -0.3698475361
-360.6 30.6 2376.1 -0.7935057878 0.2511275709 -0.5543316007 0.6066371799 0.3988128304 -0.6877060533 0.0483726077 -0.8819769025 -0.4688036144
-307.7 318.5 2692.2 0.8338619471 0.4930517375 0.2481415421 -0.5487036109 0.6915804744 0.4697241783 0.0599884726 -0.5278412700 0.8472219110
-74.0 164.7 2709.0 0.2637021542 0.4930517375 0.8290724754 -0.6969707608 0.6915804744 -0.1896001697 -0.6668530107 -0.5278412700 0.5260139108
-463.5 -97.6 2584.8 -0.4399327338 0.2117095590 0.8727188706 0.1232043728 0.9768536687 -0.1748645753 -0.8895391226 0.0305941310 -0.4558334351
-546.4 -480.0 2572.8 -0.4323066473 -0.1689216346 0.8857631683 0.0765369460 0.9718781710 0.2226991206 -0.8984726071 0.1640679240 -0.4072206616
-363.8 -72.2 2733.4 -0.9172363877 -0.0116400216 -0.3981732130 -0.0323857144 0.9984430671 0.0454160608 0.3970246315 0.0545523874 -0.9161852598
-359.2 -463.2 2712.1 -0.9007881284 0.1795044988 -0.3954224885 0.1088800654 0.9748405814 0.1945018321 0.4203878343 0.1321513057 -0.8976692557
-159.7 -123.0 2363.8 0 0 0 0 0 0 0 0 0
-1.3 -27.5 2525.1 0 0 0 0 0 0 0 0 0
-495.9 -770.2 2523.9 0 0 0 0 0 0 0 0 0
-426.7 -829.9 2662.4 0 0 0 0 0 0 0 0 0
-370.5 494.8 2531.3 25 0.5758390427 0.0872093514 -0.8128984571 0.1317072958 0.9714121819 0.1975135058 0.8068844676 -0.2208006382 0.5478909612
-388.1 298.4 2576.0 0.5758390427 0.0872093514 -0.8128984571 0.1317072958 0.9714121819 0.1975135058 0.8068844676 -0.2208006382 0.5478909612
-404.1 107.8 2618.3 0.5757594705 0.0818511248 -0.8135117888 0.1307916790 0.9729433060 0.1904594898 0.8070902228 -0.2160594165 0.5494758487
-470.1 279.7 2461.0 -0.3861270845 0.2506395280 -0.8877419233 0.8733916879 0.4089892209 -0.2644139528 0.2968042791 -0.8774438500 -0.3768282831
-359.5 29.4 2376.0 -0.7991668582 0.2506395280 -0.5463626385 0.5989503860 0.4089892209 -0.6884666085 0.0508994795 -0.8774438500 -0.4769712687
-306.1 317.0 2691.0 0.8365045190 0.4837542474 0.2573752105 -0.5443150997 0.6794918776 0.4919470251 0.0630970970 -0.5516090989 0.8317127824
-70.3 163.6 2708.8 0.2504214644 0.4837542474 0.8386124969 -0.7113766670 0.6794918776 -0.1795383394 -0.6566828489 -0.5516090989 0.5142908096
-467.1 -95.3 2587.4 -0.4625187218 0.1971205026 0.8644188643 0.1304942220 0.9794883132 -0.1535380781 -0.8769536614 0.0417874232 -0.4787547588
-544.3 -478.8 2571.0 -0.4530421197 -0.1618992239 0.8766649961 0.0679619759 0.9742376804 0.2150399089 -0.8888948560 0.1570020169 -0.4303676784
-367.1 -69.7 2735.8 -0.9066681862 -0.0193426237 -0.4214008451 -0.0397478603 0.9984210730 0.0396915115 0.4199677408 0.0527368113 -0.9060055017
-359.5 -460.7 2715.2 -0.8911316395 0.1748300046 -0.4187109172 0.0943378732 0.9740118980 0.2059154510 0.4438296258 0.1439974755 -0.8844659328
-157.0 -122.3 2363.1 0 0 0 0 0 0 0 0 0
-2.3 -29.7 2530.3 0 0 0 0 0 0 0 0 0
-495.9 -770.0 2524.1 0 0 0 0 0 0 0 0 0
-425.3 -827.3 2661.0 0 0 0 0 0 0 0 0 0
-371.8 494.0 2531.3 26 0.5628244281 0.0835809335 -0.8223398924 0.1370185167 0.9716765881 0.1925371736 0.8151408434 -0.2210404128 0.5354311466
-388.8 296.6 2576.2 0.5628244281 0.0835809335 -0.8223398924 0.1370185167 0.9716765881 0.1925371736 0.8151408434 -0.2210404128 0.5354311466
-404.7 106.0 2618.7 0.5626577735 0.0808011591 -0.8227316737 0.1350475848 0.9728590250 0.1879029572 0.8155846596 -0.2168329805 0.5364747047
-469.0 277.3 2460.0 -0.3859968185 0.2358941585 -0.8918297887 0.8752757311 0.3990025222 -0.2732934952 0.2913739979 -0.8860874176 -0.3604861498
-360.1 30.4 2377.8 -0.7951913476 0.2358941585 -0.5585916638 0.6033821702 0.3990025222 -0.6904541850 0.0600053743 -0.8860874176 -0.4596177042
-308.7 315.8 2692.4 0.8414739370 0.4867389798 0.2345353514 -0.5355098248 0.6936815381 0.4817002416 0.0717694461 -0.5309342146 0.8443683982
-76.1 167.8 2712.3 0.2663704753 0.4867389798 0.8319446445 -0.6967055798 0.6936815381 -0.1827766150 -0.6660691500 -0.5309342146 0.5238900185
-472.2 -94.5 2587.7 -0.4496290386 0.1756095141 0.8757825494 0.1260663271 0.9831447601 -0.1324147135 -0.8842743039 0.0508691967 -0.4641888738
-540.9 -479.5 2567.8 -0.4411860704 -0.1495396048 0.8848688006 0.0653917864 0.9780408144 0.1978889853 -0.8950300217 0.1451690197 -0.4217193127
-368.1 -70.9 2733.6 -0.9129266143 -0.0152542349 -0.4078385234 -0.0389510281 0.9979962707 0.0498622842 0.4062607288 0.0614063405 -0.9116915464
-362.2 -461.8 2709.5 -0.9003867507 0.1557120383 -0.4062726796 0.0875276104 0.9795003533 0.1814330667 0.4261955321 0.1277998537 -0.8955582380
-158.2 -122.7 2362.6 0 0 0 0 0 0 0 0 0
-4.4 -19.8 2532.9 0 0 0 0 0 0 0 0 0
-496.4 -771.1 2524.5 0 0 0 0 0 0 0 0 0
-420.8 -830.5 2661.4 0 0 0 0 0 0 0 0 0
-371.9 491.2 2533.3 27 0.5529485345 0.0816161186 -0.8292084932 0.1394683272 0.9720842242 0.1886817962 0.8214600086 -0.2199796438 0.5261296630
-388.5 294.7 2577.8 0.5529485345 0.0816161186 -0.8292084932 0.1394683272 0.9720842242 0.1886817962 0.8214600086 -0.2199796438 0.5261296630
-403.9 104.1 2620.2 0.5528279543 0.0790559724 -0.8295368552 0.1380087286 0.9730555415 0.1847065985 0.8217875957 -0.2165943086 0.5270218849
-467.2 275.0 2460.7 -0.3917467594 0.2372242659 -0.8889651895 0.8715522289 0.4052974284 -0.2759178877 0.2948409021 -0.8828695416 -0.3655273020
-355.1 25.6 2376.3 -0.7896019816 0.2372242659 -0.5659093857 0.6098616719 0.4052974284 -0.6810306311 0.0678046271 -0.8828695416 -0.4646976292
-309.7 314.4 2694.9 0.8344307542 0.4852255583 0.2613072991 -0.5478251576 0.6785761714 0.4893076420 0.0601076707 -0.5514440536 0.8320435882
-84.5 166.5 2711.1 0.2922798097 0.4852255583 0.8240926266 -0.7202581167 0.6785761714 -0.1440925300 -0.6291270256 -0.5514440536 0.5478217602
-471.3 -96.7 2587.5 -0.4417048693 0.1969349533 0.8752790689 0.1152718067 0.9799817204 -0.1623214185 -0.8897242546 0.0291968379 -0.4555637538
-548.4 -480.3 2576.1 -0.4364008904 -0.1740724444 0.8827531338 0.0845710859 0.9688273668 0.2328545153 -0.8957689404 0.1762733012 -0.4080756307
-369.6 -72.3 2734.9 -0.9174445271 -0.0137157608 -0.3976272643 -0.0328779183 0.9986010194 0.0414133891 0.3965029716 0.0510676429 -0.9166119695
-364.3 -463.4 2714.9 -0.9064359665 0.1476535052 -0.3956922293 0.0813970864 0.9804067016 0.1793799251 0.4144254029 0.1303882152 -0.9006944299
-154.2 -129.6 2359.0 0 0 0 0 0 0 0 0 0
-6.0 -27.0 2542.1 0 0 0 0 0 0 0 0 0
-495.9 -772.8 2522.8 0 0 0 0 0 0 0 0 0
-419.9 -832.6 2665.8 0 0 0 0 0 0 0 0 0
-370.6 491.8 2532.3 28 0.5493010879 0.0909285620 -0.8306625485 0.1372740567 0.9707376957 0.1970385760 0.8242718577 -0.2222619355 0.5207451582
-389.0 295.4 2577.2 0.5493010879 0.0909285620 -0.8306625485 0.1372740567 0.9707376957 0.1970385760 0.8242718577 -0.2222619355 0.5207451582
-406.1 105.0 2619.7 0.5490497351 0.0872244611 -0.8312257528 0.1345323026 0.9723476171 0.1908956915 0.8248912096 -0.2166379392 0.5221326947
-467.2 276.3 2459.7 -0.3872474432 0.2158658355 -0.8963488936 0.8745329380 0.3938516080 -0.2829718590 0.2919445038 -0.8934667706 -0.3412998021
-356.6 26.4 2376.3 -0.7937402725 0.2158658355 -0.5686636567 0.6036962271 0.3938516080 -0.6931318641 0.0743456110 -0.8934667706 -0.4429332912
-310.7 314.6 2694.8 0.8213632703 0.4610443413 0.3358578980 -0.5703597665 0.6563801765 0.4938165843 0.0072208708 -0.5971626043 0.8020876646
-86.9 159.2 2696.8 0.3300424218 0.4610443413 0.8237172365 -0.7515139580 0.6563801765 -0.0662713796 -0.5712257028 -0.5971626043 0.5631145239
-469.4 -98.9 2588.4 -0.4352996051 0.1929519624 0.8793655634 0.1200766638 0.9804792404 -0.1556986868 -0.8922420144 0.0378157049 -0.4499712586
-544.9 -482.9 2573.6 -0.4293194711 -0.1650408357 0.8879449964 0.0830876455 0.9717746973 0.2207948118 -0.8993226290 0.1685687751 -0.4034889638
-369.5 -74.0 2736.9 -0.9199382663 -0.0131651955 -0.3918421865 -0.0248629116 0.9993833899 0.0247938260 0.3912741244 0.0325511247 -0.9196982980
-364.3 -465.4 2724.2 -0.9107680321 0.1452306658 -0.3865354359 0.0598121434 0.9726343155 0.2245106697 0.4085634649 0.1813576370 -0.8945307732
-155.4 -126.6 2357.4 0 0 0 0 0 0 0 0 0
2.9 -45.2 2541.4 0 0 0 0 0 0 0 0 0
-496.0 -770.8 2523.6 0 0 0 0 0 0 0 0 0
-418.9 -831.2 2655.9 0 0 0 0 0 0 0 0 0
-372.3 494.4 2538.8 29 0.5438662767 0.0840519294 -0.8349519372 0.1226104498 0.9763346314 0.1781497747 0.8301663399 -0.1992634833 0.5206898451
-389.3 296.9 2579.1 0.5438662767 0.0840519294 -0.8349519372 0.1226104498 0.9763346314 0.1781497747 0.8301663399 -0.1992634833 0.5206898451
-405.4 105.6 2617.5 0.5437393188 0.0821377486 -0.8352251053 0.1211180910 0.9771011472 0.1749391407 0.8304685354 -0.1962821633 0.5213399529
-466.8 279.6 2460.8 -0.3871382773 0.2661838531 -0.8827627897 0.8758763671 0.4052657783 -0.2619164288 0.2880356014 -0.8745889664 -0.3900380433
-353.6 23.5 2376.5 -0.7893127799 0.2661838531 -0.5532914996 0.6124439240 0.4052657783 -0.6787282825 0.0435635932 -0.8745889664 -0.4829041362
-311.9 314.1 2697.4 0.8145521283 0.4082269669 0.4121353924 -0.5783257484 0.6268549562 0.5221036673 -0.0452123024 -0.6636291146 0.7466942072
-85.4 153.4 2684.9 0.3439912498 0.4082269669 0.8455889821 -0.7790051699 0.6268549562 0.0142762968 -0.5242336392 -0.6636291146 0.5336435437
-472.8 -97.6 2587.5 -0.4339281917 0.1898049116 0.8807272315 0.1216535047 0.9809477925 -0.1514655352 -0.8926963210 0.0414183810 -0.4487513602
-547.1 -481.8 2571.3 -0.4259679615 -0.1736523658 0.8879167438 0.0743806586 0.9713635445 0.2256555557 -0.9016755819 0.1621658653 -0.4008533657
-373.5 -73.3 2736.7 -0.9215373397 -0.0335904434 -0.3868341446 -0.0502154566 0.9981947541 0.0329485163 0.3850290775 0.0497883409 -0.9215604663
-360.4 -464.1 2717.2 -0.9072657228 0.1644403338 -0.3870765567 0.0927892253 0.9759759307 0.1971323937 0.4101938903 0.1429349333 -0.9007278085
-153.1 -132.1 2365.5 0 0 0 0 0 0 0 0 0
10.9 -64.8 2538.1 0 0 0 0 0 0 0 0 0
-495.5 -770.5 2523.1 0 0 0 0 0 0 0 0 0
-422.2 -831.1 2663.4 0 0 0 0 0 0 0 0 0
-373.6 493.1 2542.5 30 0.5620248914 0.0778741390 -0.8234462142 0.1080067307 0.9801237583 0.1664088815 0.8200381398 -0.1824636757 0.5424429774
-389.3 295.2 2579.4 0.5620248914 0.0778741390 -0.8234462142 0.1080067307 0.9801237583 0.1664088815 0.8200381398 -0.1824636757 0.5424429774
-404.3 103.3 2615.0 0.5620599389 0.0762297064 -0.8235761523 0.1084530428 0.9803537130 0.1647560894 0.8199552298 -0.1819221377 0.5427501798
-469.4 279.8 2462.6 -0.3901151419 0.2568844855 -0.8842061758 0.8710809350 0.4141502976 -0.2640030086 0.2983759642 -0.8732066751 -0.3853334785
-355.2 24.7 2375.2 -0.7990528941 0.2568844855 -0.5436218977 0.5992487669 0.4141502976 -0.6851134300 0.0491461493 -0.8732066751 -0.4848656952
-309.2 310.7 2696.2 0.8164572716 0.3787834346 0.4357988834 -0.5724206567 0.6299440861 0.5248857141 -0.0757109076 -0.6780070066 0.7311459184
-87.3 155.1 2675.6 0.3322969377 0.3787834346 0.8637718558 -0.7763171196 0.6299440861 0.0224080086 -0.5356402397 -0.6780070066 0.5033845901
-470.6 -96.7 2580.9 -0.4573240578 0.1957346052 0.8674921989 0.1187971532 0.9801808000 -0.1585334241 -0.8813296556 0.0305544510 -0.4715129733
-547.3 -480.6 2568.9 -0.4479757249 -0.1752321571 0.8767048717 0.0629231781 0.9719927907 0.2264301926 -0.8918287158 0.1566002816 -0.4244030118
-372.3 -74.8 2731.0 -0.9130001068 -0.0241548810 -0.4072436094 -0.0440384261 0.9982478619 0.0395206437 0.4055754542 0.0540167168 -0.9124640822
-362.9 -465.8 2709.9 -0.9008795023 0.1512682140 -0.4068588018 0.0874306932 0.9813379049 0.1712651253 0.4251729548 0.1187172830 -0.8972926736
-151.9 -127.8 2362.7 0 0 0 0 0 0 0 0 0
5.5 -61.6 2526.0 0 0 0 0 0 0 0 0 0
-495.3 -769.0 2522.5 0 0 0 0 0 0 0 0 0
-419.8 -834.9 2665.2 0 0 0 0 0 0 0 0 0
-371.8 494.0 2543.9 31 0.5672353506 0.0786555111 -0.8197910190 0.1017927453 0.9810996056 0.1645655036 0.8172406554 -0.1767961532 0.5485078096
-387.7 295.8 2579.6 0.5672353506 0.0786555111 -0.8197910190 0.1017927453 0.9810996056 0.1645655036 0.8172406554 -0.1767961532 0.5485078096
-402.5 103.6 2614.1 0.5673471689 0.0752286166 -0.8200352788 0.1032190025 0.9814679623 0.1614509821 0.8169841170 -0.1762419790 0.5490680933
-468.6 281.1 2463.2 -0.3913613558 0.2499990463 -0.8856278658 0.8745917082 0.4003846645 -0.2734620273 0.2862265706 -0.8815853000 -0.3753421903
-352.7 22.1 2378.4 -0.7924718261 0.2499990463 -0.5563172102 0.6077480912 0.4003846645 -0.6858092546 0.0512892157 -0.8815853000 -0.4692300260
-306.9 310.5 2696.0 0.8175139427 0.3843573332 0.4288827777 -0.5714957118 0.6334380507 0.5216789842 -0.0711595416 -0.6715844870 0.7375029325
-90.0 158.9 2677.1 0.3170035481 0.3843573332 0.8670514226 -0.7737905383 0.6334380507 0.0021080584 -0.5484130979 -0.6715844870 0.4982141554
-470.0 -98.5 2576.5 -0.4667191207 0.1971230507 0.8621576428 0.1057031527 0.9802894592 -0.1669114232 -0.8780661225 0.0132320290 -0.4783563614
-547.2 -482.4 2571.3 -0.4596427679 -0.1751975417 0.8706516623 0.0641991422 0.9712294936 0.2293290049 -0.8857804537 0.1613045186 -0.4351710677
-368.4 -78.9 2724.7 -0.9103991985 -0.0219734591 -0.4131470025 -0.0455051623 0.9978482723 0.0472027771 0.4112208188 0.0617736951 -0.9094401598
-359.8 -469.7 2700.5 -0.8944579363 0.1706733108 -0.4132984579 0.1201723218 0.9820386171 0.1454607248 0.4307013154 0.0804414675 -0.8989024162
-150.5 -133.0 2365.4 0 0 0 0 0 0 0 0 0
-2.0 -56.0 2524.8 0 0 0 0 0 0 0 0 0
-495.4 -769.4 2523.6 0 0 0 0 0 0 0 0 0
-424.0 -839.0 2670.2 0 0 0 0 0 0 0 0 0
-371.0 495.6 2544.6 32 0.5730260015 0.0851838142 -0.8150981069 0.1003004536 0.9798171520 0.1729108691 0.8133763075 -0.1808371395 0.5529167056
-388.2 297.2 2581.2 0.5730260015 0.0851838142 -0.8150981069 0.1003004536 0.9798171520 0.1729108691 0.8133763075 -0.1808371395 0.5529167056
-404.5 105.3 2616.8 0.5731810331 0.0832500756 -0.8151888847 0.1021044999 0.9798166156 0.1718548685 0.8130425215 -0.1817384064 0.5531120896
-469.9 282.7 2465.3 -0.3886250854 0.2256543487 -0.8933368325 0.8740440607 0.3971000016 -0.2799259126 0.2915775478 -0.8896020055 -0.3515548706
-355.4 25.1 2379.4 -0.7940082550 0.2256543487 -0.5644741058 0.6040651798 0.3971000016 -0.6909535527 0.0682359859 -0.8896020055 -0.4516106248
-306.5 311.8 2697.1 0.8335294127 0.3961847723 0.3850537241 -0.5510748625 0.6458064318 0.5284416080 -0.0393096469 -0.6526650786 0.7566261292
-96.6 173.0 2687.2 0.3024110794 0.3961847723 0.8669401407 -0.7629505396 0.6458064318 -0.0289915744 -0.5713615417 -0.6526650786 0.4975683987
-468.5 -97.9 2574.8 -0.4708489478 0.2031995952 0.8584935665 0.1062457934 0.9790909290 -0.1734726578 -0.8757928610 0.0095319152 -0.4825930297
-548.1 -481.4 2571.1 -0.4630940259 -0.1762600541 0.8686059713 0.0607669242 0.9714055657 0.2295181155 -0.8842235804 0.1590709835 -0.4391413629
-365.9 -79.3 2722.5 -0.9083254933 -0.0138513474 -0.4180345535 -0.0324092172 0.9987774491 0.0373263545 0.4170064628 0.0474526547 -0.9076639414
-360.5 -470.4 2703.9 -0.8954600096 0.1580482870 -0.4161396027 0.0939469337 0.9808895588 0.1703807861 0.4351153672 0.1134741381 -0.8931955099
-153.4 -128.6 2362.0 0 0 0 0 0 0 0 0 0
-13.9 -35.6 2531.0 0 0 0 0 0 0 0 0 0
-495.8 -769.8 2523.8 0 0 0 0 0 0 0 0 0
-420.0 -839.4 2661.2 0 0 0 0 0 0 0 0 0
-371.5 496.7 2545.4 33 0.5650506616 0.0813536197 -0.8210355043 0.1068876088 0.9795223475 0.1706194133 0.8181031346 -0.1841671318 0.5447840691
-388.0 298.5 2582.7 0.5650506616 0.0813536197 -0.8210355043 0.1068876088 0.9795223475 0.1706194133 0.8181031346 -0.1841671318 0.5447840691
-403.4 106.7 2618.9 0.5651960373 0.0790386051 -0.8211615682 0.1086632982 0.9795939326 0.1690797657 0.8177687526 -0.1847933382 0.5450740457
-468.5 283.0 2466.2 -0.3876997828 0.2492477000 -0.8874483109 0.8746754527 0.4033182859 -0.2688441873 0.2909153104 -0.8804600835 -0.3743772507
-353.5 23.6 2379.9 -0.7885385752 0.2492477000 -0.5622121692 0.6123137474 0.4033182859 -0.6800045967 0.0572608672 -0.8804600835 -0.4706498086
-307.4 314.0 2699.2 0.8430713415 0.3677100539 0.3924538791 -0.5347533822 0.6507510543 0.5390379429 -0.0571800917 -0.6643134952 0.7452637553
-99.2 181.9 2685.1 0.2848186195 0.3677100539 0.8852500319 -0.7588405013 0.6507510543 -0.0261573754 -0.5856957436 -0.6643134952 0.4643792808
-472.6 -95.8 2578.9 -0.4608100057 0.1889792830 0.8671452999 0.1139564663 0.9815775752 -0.1533601731 -0.8801522851 0.0281469095 -0.4738561809
-546.6 -480.2 2567.9 -0.4512886107 -0.1705324352 0.8759322166 0.0548960418 0.9744065404 0.2179870456 -0.8906879425 0.1464602798 -0.4303770065
-369.0 -77.3 2725.9 -0.9117712975 -0.0264912825 -0.4098429978 -0.0393933356 0.9989574552 0.0230674893 0.4088046551 0.0371773578 -0.9118643403
-358.6 -468.6 2711.3 -0.8971549869 0.1680199355 -0.4085121751 0.0966791660 0.9770986438 0.1895557940 0.4310058355 0.1305663139 -0.8928529620
-151.8 -133.1 2365.2 0 0 0 0 0 0 0 0 0
-23.2 -20.6 2528.8 0 0 0 0 0 0 0 0 0
-496.0 -769.6 2524.4 0 0 0 0 0 0 0 0 0
-421.9 -836.3 2662.2 0 0 0 0 0 0 0 0 0
-372.6 495.0 2547.9 34 0.5538237691 0.0714621469 -0.8295615315 0.1164058447 0.9798801541 0.1621250063 0.8244567513 -0.1863545030 0.5343623161
-387.0 297.2 2585.5 0.5538237691 0.0714621469 -0.8295615315 0.1164058447 0.9798801541 0.1621250063 0.8244567513 -0.1863545030 0.5343623161
-400.8 105.3 2622.1 0.5539187193 0.0703401491 -0.8295940757 0.1177179962 0.9797976017 0.1616758406 0.8242065907 -0.1872134209 0.5344479680
-465.9 280.5 2468.0 -0.3852568865 0.2601602376 -0.8853777647 0.8740868568 0.4105094969 -0.2597193420 0.2958873510 -0.8739557266 -0.3855542541
-352.3 22.7 2380.8 -0.7857403159 0.2601602376 -0.5611851811 0.6160639524 0.4105094969 -0.6722701788 0.0554738827 -0.8739557266 -0.4828292131
-308.1 314.0 2702.9 0.8469526172 0.3403504193 0.4084518254 -0.5244124532 0.6612714529 0.5363875628 -0.0875378251 -0.6684920788 0.7385495901
-98.1 184.0 2681.2 0.2833304107 0.3403504193 0.8965966105 -0.7500157952 0.6612714529 -0.0140104601 -0.5976622105 -0.6684920788 0.4426265061
-470.0 -95.0 2581.2 -0.4491203427 0.1964509338 0.8716065288 0.1171460822 0.9800543785 -0.1605310440 -0.8857582808 0.0300075300 -0.4631758034
-546.9 -478.9 2569.4 -0.4404050708 -0.1721454710 0.8811408877 0.0642991140 0.9728774428 0.2222051919 -0.8954936862 0.1545168757 -0.4173913598
-367.8 -75.4 2729.0 -0.9164037108 -0.0208006501 -0.3997143805 -0.0412890054 0.9982337952 0.0427142121 0.3981199265 0.0556472726 -0.9156439900
-359.7 -466.3 2707.2 -0.9023860693 0.1629833728 -0.3989183307 0.0993449911 0.9794636965 0.1754463315 0.4193208516 0.1186897829 -0.9000459909
-149.7 -136.2 2366.4 0 0 0 0 0 0 0 0 0
-24.4 -11.1 2525.7 0 0 0 0 0 0 0 0 0
-495.4 -770.3 2523.1 0 0 0 0 0 0 0 0 0
-421.0 -835.0 2662.5 0 0 0 0 0 0 0 0 0
-373.7 496.3 2555.1 35 0.5548135638 0.0631236658 -0.8295765519 0.1045525149 0.9839227796 0.1447919011 0.8253791332 -0.1670668274 0.5392940044
-386.4 298.3 2588.7 0.5548135638 0.0631236658 -0.8295765519 0.1045525149 0.9839227796 0.1447919011 0.8253791332 -0.1670668274 0.5392940044
-398.6 105.7 2622.0 0.5550142527 0.0620486401 -0.8295234442 0.1077067256 0.9834592342 0.1456270814 0.8248384595 -0.1701703519 0.5391508341
-465.5 282.9 2471.2 -0.3709738553 0.2578209639 -0.8921360373 0.8730483055 0.4242377579 -0.2404349744 0.3164886534 -0.8680729866 -0.3824712634
-356.4 26.2 2378.1 -0.7913907766 0.2578209639 -0.5542824268 0.6081420183 0.4242377579 -0.6709586978 0.0621603280 -0.8680729866 -0.4925296307
-307.3 313.6 2706.2 0.8415098190 0.3929346502 0.3707608581 -0.5339047909 0.7096846104 0.4596666992 -0.0825042948 -0.5847650170 0.8069962263
-108.0 187.2 2686.7 0.2904714942 0.3929346502 0.8724842072 -0.6991454363 0.7096846104 -0.0868529677 -0.6533161402 -0.5847650170 0.4808616340
-464.6 -97.2 2584.3 -0.4515225291 0.2002898157 0.8694891334 0.1326878369 0.9787170887 -0.1565465331 -0.8823385835 0.0446863435 -0.4684888422
-543.1 -480.5 2566.8 -0.4408604801 -0.1609449387 0.8830281496 0.0609154254 0.9761593342 0.2083320916 -0.8955062032 0.1456354260 -0.4205460548
-364.5 -75.9 2733.3 -0.9155555367 -0.0027633798 -0.4021820426 -0.0234435890 0.9986428022 0.0465069935 0.4015077055 0.0520083271 -0.9143777490
-363.4 -467.0 2712.9 -0.9055842161 0.1459489167 -0.3982664645 0.0732966065 0.9786585569 0.1919767708 0.4177856743 0.1446595490 -0.8969552517
-152.7 -130.4 2362.1 0 0 0 0 0 0 0 0 0
-34.0 8.9 2520.1 0 0 0 0 0 0 0 0 0
-495.4 -769.7 2523.7 0 0 0 0 0 0 0 0 0
-418.4 -835.3 2658.5 0 0 0 0 0 0 0 0 0
-371.9 498.0 2543.2 36 0.5758401155 0.0815195441 -0.8134880066 0.1151070520 0.9770212173 0.1793874949 0.8094186783 -0.1969367266 0.5532245040
-388.4 300.7 2582.9 0.5758401155 0.0815195441 -0.8134880066 0.1151070520 0.9770212173 0.1793874949 0.8094186783 -0.1969367266 0.5532245040
-404.2 109.5 2621.6 0.5758830309 0.0809829608 -0.8135111928 0.1156236976 0.9770113826 0.1791087836 0.8093144298 -0.1972068846 0.5532807112
-470.4 284.3 2467.6 -0.3803818226 0.2662249804 -0.8856827617 0.8700254560 0.4277794957 -0.2450722903 0.3136325479 -0.8637875915 -0.3943420351
-358.9 29.2 2375.7 -0.7917494774 0.2662249804 -0.5497790575 0.6081653237 0.4277794957 -0.6686850190 0.0571635552 -0.8637875915 -0.5006029606
-306.3 317.1 2698.2 0.8387158513 0.4158369601 0.3516182303 -0.5410907865 0.7092217207 0.4519129097 -0.0614531897 -0.5692839026 0.8198410273
-111.9 191.7 2684.0 0.3017166257 0.4158369601 0.8579316139 -0.6981058717 0.7092217207 -0.0982484668 -0.6493191123 -0.5692839026 0.5042821765
-460.9 -96.6 2580.8 -0.4662864506 0.2206068039 0.8566852212 0.1289436817 0.9750131369 -0.1808947325 -0.8751859665 0.0261153802 -0.4830812812
-547.3 -478.4 2570.6 -0.4551277757 -0.1729524881 0.8734678626 0.0598354414 0.9727970958 0.2237980813 -0.8884134293 0.1541210562 -0.4323982596
-360.6 -77.2 2729.9 -0.9066593647 0.0075853323 -0.4217953384 0.0001136204 0.9998427033 0.0177363846 0.4218634963 0.0160329342 -0.9065175653
-363.5 -468.5 2723.6 -0.9004736543 0.1441883147 -0.4103131890 0.0497586466 0.9714037776 0.2321610302 0.4320546687 0.1886382550 -0.8818981647
-155.9 -126.7 2361.0 0 0 0 0 0 0 0 0 0
-34.7 13.0 2517.8 0 0 0 0 0 0 0 0 0
-495.1 -772.1 2524.0 0 0 0 0 0 0 0 0 0
-417.8 -833.9 2652.7 0 0 0 0 0 0 0 0 0
-372.2 498.3 2543.7 37 0.5709508657 0.0771566257 -0.8173505664 0.1144741699 0.9783666134 0.1723209023 0.8129642010 -0.1919522882 0.5497667789
-387.8 300.5 2582.5 0.5709508657 0.0771566257 -0.8173505664 0.1144741699 0.9783666134 0.1723209023 0.8129642010 -0.1919522882 0.5497667789
-402.7 108.9 2620.1 0.5709921718 0.0759752020 -0.8174324036 0.1150019020 0.9784882665 0.1712753624 0.8128607273 -0.1918031573 0.5499718189
-469.2 284.1 2466.7 -0.3744121194 0.2822698653 -0.8832549453 0.8705694675 0.4349662960 -0.2300285846 0.3192559779 -0.8550602794 -0.4085921943
-360.4 31.1 2373.9 -0.7914198637 0.2822698653 -0.5421976447 0.6093296409 0.4349662960 -0.6629643440 0.0487028435 -0.8550602794 -0.5162363648
-306.5 316.8 2698.4 0.8389269114 0.3781931996 0.3913713992 -0.5365932584 0.6949256659 0.4786919951 -0.0909359604 -0.6115948558 0.7859277129
-113.7 193.5 2677.5 0.3409737051 0.3781931996 0.8606432676 -0.7187864780 0.6949256659 -0.0205995627 -0.6058737040 -0.6115948558 0.5087915063
-472.0 -92.1 2587.1 -0.4635148048 0.1903948784 0.8653922677 0.1259865761 0.9808809757 -0.1483235657 -0.8770868778 0.0402776375 -0.4786400795
-546.5 -476.1 2571.3 -0.4538820088 -0.1667164862 0.8753266335 0.0645577610 0.9736070037 0.2189102173 -0.8887200952 0.1558685452 -0.4311398566
-367.9 -71.3 2733.4 -0.9086481929 -0.0206782967 -0.4170501530 -0.0232406463 0.9997293353 0.0010667111 0.4169152081 0.0106617799 -0.9088828564
-359.8 -462.6 2729.2 -0.9004215002 0.1538633853 -0.4068995118 0.0406335741 0.9610193968 0.2734787464 0.4331166744 0.2297123522 -0.8715745211
-157.8 -124.8 2361.5 0 0 0 0 0 0 0 0 0
-25.5 7.6 2520.8 0 0 0 0 0 0 0 0 0
-496.0 -771.4 2524.1 0 0 0 0 0 0 0 0 0
-417.7 -824.0 2642.8 0 0 0 0 0 0 0 0 0
-370.4 497.4 2543.5 38 0.5528689027 0.0713605136 -0.8302069902 0.1172018424 0.9797620773 0.1622650474 0.8249846697 -0.1870130748 0.5333163738
-384.9 299.4 2581.3 0.5528689027 0.0713605136 -0.8302069902 0.1172018424 0.9797620773 0.1622650474 0.8249846697 -0.1870130748 0.5333163738
-397.9 107.5 2617.9 0.5530266762 0.0667526722 -0.8304851055 0.1194413826 0.9801372886 0.1583183706 0.8245576024 -0.1867485791 0.5340690613
-463.7 282.5 2463.8 -0.3590496182 0.2822669744 -0.8896115422 0.8772637248 0.4274208248 -0.2184486240 0.3185776770 -0.8588578105 -0.4010878801
-361.2 32.1 2372.9 -0.7910021544 0.2822669744 -0.5428083539 0.6102484465 0.4274208248 -0.6670144796 0.0437314436 -0.8588578105 -0.5103437901
-306.1 316.4 2698.8 0.8384833932 0.3302857876 0.4334245920 -0.5319745541 0.6685193777 0.5196968913 -0.1181042492 -0.6663280725 0.7362460494
-112.3 193.5 2671.5 0.3602027595 0.3302857876 0.8724478483 -0.7417911887 0.6685193777 0.0531754196 -0.5656852126 -0.6663280725 0.4858056307
-469.1 -93.1 2584.2 -0.4482962489 0.1927073896 0.8728656173 0.1189932376 0.9806599617 -0.1553918570 -0.8859295249 0.0342035182 -0.4625570476
-544.6 -477.1 2570.8 -0.4410763681 -0.1602096260 0.8830540776 0.0720357820 0.9744430780 0.2127711624 -0.8945739269 0.1574598253 -0.4182629585
-365.9 -72.3 2731.2 -0.9166670442 -0.0138405254 -0.3994119763 -0.0265845396 0.9992983341 0.0263846815 0.3987665474 0.0348041505 -0.9163917899
-360.5 -463.5 2717.5 -0.9052526951 0.1566414386 -0.3949443102 0.0756531507 0.9741295576 0.2129511535 0.4180839062 0.1628958285 -0.8936838508
-159.0 -123.9 2361.7 0 0 0 0 0 0 0 0 0
-17.6 -1.5 2522.8 0 0 0 0 0 0 0 0 0
-496.2 -771.1 2523.3 0 0 0 0 0 0 0 0 0
-419.3 -829.3 2656.4 0 0 0 0 0 0 0 0 0
-369.3 497.2 2544.4 39 0.5553995967 0.0735999197 -0.8283202052 0.1214547828 0.9782152176 0.1683557928 0.8226664066 -0.1941081882 0.5343613029
-384.2 299.7 2583.6 0.5553995967 0.0735999197 -0.8283202052 0.1214547828 0.9782152176 0.1683557928 0.8226664066 -0.1941081882 0.5343613029
-398.3 108.1 2621.4 0.5554052591 0.0721645355 -0.8284426928 0.1215306520 0.9784874320 0.1667114198 0.8226513863 -0.1932735741 0.5346868634
-463.3 282.4 2466.3 -0.3666296899 0.2906272709 -0.8838090897 0.8747520447 0.4311994016 -0.2210791409 0.3168463111 -0.8541679382 -0.4123173058
-356.3 27.0 2373.8 -0.7873694301 0.2906272709 -0.5436774492 0.6150100231 0.4311994016 -0.6601740718 0.0425688028 -0.8541679382 -0.5182518959
-305.0 317.0 2700.8 0.8344736695 0.1860687286 0.5186831355 -0.5206096768 0.5747111440 0.6314052939 -0.1806081980 -0.7969225049 0.5764504671
-101.3 189.9 2656.7 0.3457630873 0.1860687286 0.9196881652 -0.7975055575 0.5747111440 0.1835537404 -0.4944014549 -0.7969225049 0.3471047282
-460.9 -95.2 2580.0 -0.4487292171 0.2116041481 0.8682544231 0.1190389022 0.9770579934 -0.1765995026 -0.8857041597 0.0241106972 -0.4636236131
-543.8 -477.8 2570.5 -0.4419702590 -0.1580818594 0.8829905987 0.0746094137 0.9744604230 0.2118025422 -0.8939215541 0.1594898403 -0.4188881218
-361.0 -73.6 2729.0 -0.9160276055 0.0005320499 -0.4011148810 -0.0089114048 0.9997252822 0.0216770731 0.4010162354 0.0234312937 -0.9157712460
-361.2 -465.0 2719.8 -0.9067916274 0.1526312679 -0.3929791152 0.0683197156 0.9730415344 0.2202784121 0.4160063863 0.1728983968 -0.8927736878
-154.9 -130.3 2362.9 0 0 0 0 0 0 0 0 0
-10.3 -20.0 2526.6 0 0 0 0 0 0 0 0 0
-496.2 -770.7 2522.6 0 0 0 0 0 0 0 0 0
-418.6 -831.0 2654.8 0 0 0 0 0 0 0 0 0
