-188.9 471.7 2741.5 1 0.4851214886 0.1943696886 -0.8525711298 -0.2506808639 0.9649742246 0.0773554966 0.8377447724 0.1761964560 0.5168544650
-229.0 272.7 2705.1 0.4851214886 0.1943696886 -0.8525711298 -0.2506808639 0.9649742246 0.0773554966 0.8377447724 0.1761964560 0.5168544650
-265.9 79.8 2675.2 0.4902782142 0.1862746179 -0.8514276743 -0.2244545072 0.9709287882 0.0831711739 0.8421683311 0.1503297687 0.5178353786
-300.5 305.5 2582.3 -0.2482624799 0.5894160271 -0.7687356472 0.8657132387 0.4910643995 0.0969346315 0.4346335232 -0.6414393783 -0.6321781278
-223.3 36.4 2447.2 -0.7630279660 0.5894160271 -0.2652868032 0.5991784930 0.4910643995 -0.6323297024 -0.2424323559 -0.6414393783 -0.7278612852
-157.4 240.0 2828.0 0.0259086061 0.6798204780 -0.7329208255 -0.8871964812 0.3534937501 0.2965207994 0.4606638253 0.6425623298 0.6122928262
-152.2 62.4 2920.2 0.6027805805 0.6798204780 -0.4177316427 -0.7683901787 0.3534937501 -0.5334966183 -0.2150163949 0.6425623298 0.7354465723
-349.1 -86.8 2566.9 0.5916286707 0.0939114988 -0.8007222414 -0.0083977720 0.9938564301 0.1103580967 0.8061668277 -0.0585667305 0.5887826085
-386.4 -481.7 2590.2 0.5952739716 -0.0057499520 -0.8035022020 -0.1092682406 0.9901060462 -0.0880365968 0.7960585952 0.1402031630 0.5887560844
-266.9 -129.2 2725.3 -0.2189373821 0.1939586550 0.9562669396 -0.0498078540 0.9765446186 -0.2094750553 -0.9744668007 -0.0934915245 -0.2041414529
-344.0 -517.3 2762.4 -0.2274454236 -0.2236103565 0.9477694631 -0.0134523492 0.9739069343 0.2265487611 -0.9736979008 0.0387777537 -0.2245187610
-2.6 -136.9 2517.3 0 0 0 0 0 0 0 0 0
4.3 -137.1 2864.4 0 0 0 0 0 0 0 0 0
-384.5 -820.1 2542.3 0 0 0 0 0 0 0 0 0
-271.4 -833.3 2749.8 0 0 0 0 0 0 0 0 0
-187.1 473.0 2740.6 2 0.4945136011 0.2136711031 -0.8424968719 -0.2606446147 0.9611576200 0.0907769501 0.8291686773 0.1747018248 0.5309976935
-231.1 275.1 2704.6 0.4945136011 0.2136711031 -0.8424968719 -0.2606446147 0.9611576200 0.0907769501 0.8291686773 0.1747018248 0.5309976935
-270.5 82.9 2673.2 0.4991970062 0.1983970851 -0.8434695601 -0.2387270331 0.9672511220 0.0862247720 0.8329536319 0.1583158523 0.5302116275
-303.9 309.9 2583.1 -0.2605547607 0.5676041245 -0.7809844613 0.8616494536 0.5016137362 0.0770965144 0.4355128407 -0.6528469920 -0.6197736263
-220.8 35.1 2444.2 -0.7574756145 0.5676041245 -0.3225774765 0.6288649440 0.5016137362 -0.5940644145 -0.1753841341 -0.6528469920 -0.7369065285
-158.2 240.2 2826.2 0.0228037853 0.6919426918 -0.7215921879 -0.8922882080 0.3396146297 0.2974620461 0.4508899450 0.6370849609 0.6251567602
-153.7 61.6 2916.5 0.5919766426 0.6919426918 -0.4132541418 -0.7720203996 0.3396146297 -0.5372582674 -0.2314047515 0.6370849609 0.7352377772
-347.8 -92.5 2568.2 0.6025276780 0.0823768675 -0.7938352823 -0.0209246501 0.9959475398 0.0874682143 0.7978236675 -0.0360912941 0.6018096209
-380.5 -488.1 2582.5 0.6030978560 0.0171956066 -0.7974818349 -0.1011266634 0.9933488965 -0.0550583526 0.7912309170 0.1138522550 0.6008254886
-258.0 -133.6 2722.5 -0.2376859486 0.2165996581 0.9468843341 -0.0607205369 0.9696009159 -0.2370380759 -0.9694423079 -0.1138359457 -0.2173084617
-344.0 -518.7 2767.7 -0.2511590421 -0.2203843147 0.9425231218 -0.0031288166 0.9739151597 0.2268907577 -0.9679407477 0.0540366843 -0.2452971488
-2.4 -146.2 2494.7 0 0 0 0 0 0 0 0 0
0.1 -138.9 2856.4 0 0 0 0 0 0 0 0 0
-386.3 -820.3 2544.5 0 0 0 0 0 0 0 0 0
-272.8 -833.7 2750.2 0 0 0 0 0 0 0 0 0
-187.4 471.4 2738.7 3 0.4917786419 0.2119805068 -0.8445223570 -0.2535366714 0.9627460241 0.0940170139 0.8329903483 0.1678818315 0.5272027850
-231.0 273.2 2704.1 0.4917786419 0.2119805068 -0.8445223570 -0.2535366714 0.9627460241 0.0940170139 0.8329903483 0.1678818315 0.5272027850
-269.0 80.6 2673.4 0.4964113533 0.1910099089 -0.8468122482 -0.2313259095 0.9693260193 0.0830385536 0.8366983533 0.1546683311 0.5253700018
-303.5 307.0 2581.9 -0.2620082200 0.5771756768 -0.7734467983 0.8605892062 0.5024246573 0.0834004879 0.4367354810 -0.6437683702 -0.6283505559
-220.9 35.7 2444.3 -0.7473539114 0.5771756768 -0.3291358650 0.6427212358 0.5024246573 -0.5783414841 -0.1684386432 -0.6437683702 -0.7464520931
-158.6 239.4 2826.3 0.0265162475 0.6862211823 -0.7269094586 -0.8898673654 0.3475058675 0.2955938280 0.4554480314 0.6390150189 0.6198604107
-153.3 61.2 2917.5 0.5985076427 0.6862211823 -0.4133872986 -0.7690114975 0.3475058675 -0.5365267992 -0.2245215476 0.6390150189 0.7356969118
-355.6 -87.4 2565.4 0.5985421538 0.0718037188 -0.7978668809 -0.0117386896 0.9966540933 0.0808873922 0.8010053039 -0.0390486009 0.5973823667
-384.2 -483.4 2580.9 0.5995978713 0.0102104414 -0.8002363443 -0.0902647674 0.9944009781 -0.0549453758 0.7951947451 0.1051782742 0.5971623063
-264.2 -131.1 2718.1 -0.2339588255 0.2040759176 0.9505873322 -0.0753888339 0.9709709287 -0.2270066738 -0.9693192244 -0.1247738898 -0.2117821723
-345.2 -516.9 2767.6 -0.2505483031 -0.2167347670 0.9435314536 -0.0038244498 0.9748317599 0.2229090780 -0.9680965543 0.0522410050 -0.2450713366
-4.9 -150.1 2493.0 0 0 0 0 0 0 0 0 0
2.2 -138.5 2859.2 0 0 0 0 0 0 0 0 0
-387.6 -817.7 2545.6 0 0 0 0 0 0 0 0 0
-274.2 -836.6 2750.5 0 0 0 0 0 0 0 0 0
-187.9 468.9 2737.2 4 0.4760608077 0.2083063424 -0.8543854952 -0.2492923588 0.9636541009 0.0960420519 0.8433382511 0.1672699153 0.5106871128
-230.7 271.1 2702.9 0.4760608077 0.2083063424 -0.8543854952 -0.2492923588 0.9636541009 0.0960420519 0.8433382511 0.1672699153 0.5106871128
-267.8 78.2 2673.6 0.4817225933 0.1867168099 -0.8562009931 -0.2215598971 0.9712446928 0.0871492848 0.8478528857 0.1477180421 0.5092394352
-301.0 303.5 2579.1 -0.2560684085 0.5873454809 -0.7677592039 0.8616843820 0.4986477494 0.0940768421 0.4380970299 -0.6374760270 -0.6337943673
-222.0 37.5 2443.9 -0.7345483899 0.5873454809 -0.3397998214 0.6591313481 0.4986477494 -0.5629354119 -0.1611971557 -0.6374760270 -0.7534187436
-160.3 238.8 2826.7 0.0196886770 0.6741095185 -0.7383689284 -0.8849278688 0.3554545939 0.3009230793 0.4653117359 0.6474784613 0.6035367250
-156.4 61.6 2919.9 0.6036142111 0.6741095185 -0.4257067144 -0.7703250647 0.3554545939 -0.5293876529 -0.2055458575 0.6474784613 0.7338409424
-352.5 -90.8 2566.0 0.5826290250 0.0816267878 -0.8086287379 -0.0218730308 0.9961581230 0.0847970396 0.8124438524 -0.0317180529 0.5821760893
-384.9 -486.6 2578.6 0.5836844444 0.0007359143 -0.8119802475 -0.0830908790 0.9948041439 -0.0588274859 0.8077180386 0.1018048376 0.5807127953
-261.4 -133.2 2719.4 -0.4299347103 0.2364434004 0.8713499308 -0.0327379964 0.9603824019 -0.2767559588 -0.9022662640 -0.1475132555 -0.4051610529
-355.3 -514.5 2777.9 -0.4299347103 -0.2485467792 0.8679749966 -0.0327379964 0.9650211334 0.2601200342 -0.9022662640 0.0834188685 -0.4230329990
-8.1 -154.4 2490.8 0 0 0 0 0 0 0 0 0
0.4 -138.5 2866.5 0 0 0 0 0 0 0 0 0
-385.1 -815.9 2544.9 0 0 0 0 0 0 0 0 0
-271.6 -839.4 2749.9 0 0 0 0 0 0 0 0 0
-187.5 467.8 2735.5 5 0.4774191082 0.2194311917 -0.8508354425 -0.2437259257 0.9633902311 0.1117001548 0.8441970348 0.1540428549 0.5134219527
-232.5 270.4 2703.9 0.4774191082 0.2194311917 -0.8508354425 -0.2437259257 0.9633902311 0.1117001548 0.8441970348 0.1540428549 0.5134219527
-272.1 77.5 2677.0 0.4830519557 0.1993850619 -0.8525880575 -0.2177162021 0.9704973698 0.1036074236 0.8480922580 0.1355744600 0.5122100115
-303.1 302.2 2580.1 -0.2372193485 0.5814236403 -0.7782502770 0.8571764827 0.5022575855 0.1139550805 0.4571382999 -0.6400654912 -0.6175279021
-230.8 41.1 2440.8 -0.7203689218 0.5814236403 -0.3781734109 0.6834707260 0.5022575855 -0.5297216773 -0.1180522442 -0.6400654912 -0.7591968179
-161.9 238.6 2827.8 0.0111573599 0.6815508604 -0.7316856980 -0.8796310425 0.3546685278 0.3169534206 0.4755257368 0.6400771141 0.6034704447
-159.7 62.4 2923.0 0.5931507945 0.6815508604 -0.4285563529 -0.7800136209 0.3546685278 -0.5155472755 -0.1993762404 0.6400771141 0.7419908643
-349.0 -94.5 2566.5 0.5869750381 0.0874890611 -0.8048639297 -0.0116374092 0.9949530363 0.0996648371 0.8095213771 -0.0491342433 0.5850307345
-383.8 -489.8 2586.0 0.5895192623 0.0012860476 -0.8077533245 -0.1063059792 0.9914242625 -0.0760063753 0.8007284999 0.1306762248 0.5846003890
-260.7 -135.1 2721.9 -0.4300919473 0.2290430665 0.8732469082 -0.0193836670 0.9647152424 -0.2625810504 -0.9025769830 -0.1298607290 -0.4104765654
-351.7 -518.3 2773.5 -0.4258217514 -0.2353246957 0.8736693263 -0.0372780971 0.9693293571 0.2429217696 -0.9040387869 0.0708726496 -0.4215339720
-21.5 -157.4 2475.1 0 0 0 0 0 0 0 0 0
-5.6 -140.2 2871.2 0 0 0 0 0 0 0 0 0
-384.2 -815.5 2543.1 0 0 0 0 0 0 0 0 0
-275.8 -830.9 2750.7 0 0 0 0 0 0 0 0 0
-188.1 466.0 2735.6 6 0.4952459037 0.2087191790 -0.8433076739 -0.2420619428 0.9654212594 0.0967876315 0.8343485594 0.1561990082 0.5286439061
-231.0 267.4 2703.5 0.4952459037 0.2087191790 -0.8433076739 -0.2420619428 0.9654212594 0.0967876315 0.8343485594 0.1561990082 0.5286439061
-269.4 74.2 2677.2 0.5010979176 0.1931793839 -0.8435535431 -0.2138487250 0.9721774459 0.0956020877 0.8385520577 0.1324868500 0.5284672379
-304.2 298.6 2581.0 -0.2212046385 0.6044980884 -0.7652781010 0.8521627188 0.5013955832 0.1497368515 0.4742227197 -0.6190189719 -0.6260417700
-238.2 44.3 2439.5 -0.7061925530 0.6044980884 -0.3686111271 0.6968666315 0.5013955832 -0.5128151178 -0.1251757443 -0.6190189719 -0.7753363848
-157.8 236.1 2826.0 0.0281634219 0.6904822588 -0.7228008509 -0.8798238635 0.3603386879 0.3099451363 0.4744647443 0.6272083521 0.6176511049
-152.2 60.0 2921.0 0.5961726308 0.6904822588 -0.4096492231 -0.7745433450 0.3603386879 -0.5198448300 -0.2113311589 0.6272083521 0.7496324778
-356.0 -95.3 2572.3 0.6017964482 0.0624158680 -0.7962068319 -0.0154636279 0.9976652265 0.0665206388 0.7984997630 -0.0277196374 0.6013565660
-380.8 -491.6 2583.3 0.6033977270 0.0056884070 -0.7974201441 -0.0980205163 0.9929205179 -0.0670878738 0.7913932204 0.1186442003 0.5996835232
-267.4 -135.2 2727.8 -0.4421416521 0.2050345689 0.8731961846 -0.0001975775 0.9735000134 -0.2286868691 -0.8969452381 -0.1012845188 -0.4303843975
-348.8 -521.7 2768.0 -0.4319128394 -0.2232484072 0.8738486171 -0.0470140055 0.9731366634 0.2253768593 -0.9006891847 0.0562600382 -0.4308060408
-33.1 -158.1 2475.8 0 0 0 0 0 0 0 0 0
2.7 -141.3 2866.1 0 0 0 0 0 0 0 0 0
-382.7 -817.1 2544.4 0 0 0 0 0 0 0 0 0
-278.2 -829.8 2750.2 0 0 0 0 0 0 0 0 0
-187.7 465.5 2735.2 7 0.4977146387 0.1951989532 -0.8450902700 -0.2312719226 0.9689375162 0.0875979438 0.8359386325 0.1518468708 0.5273984075
-228.1 264.9 2703.8 0.4977146387 0.1951989532 -0.8450902700 -0.2312719226 0.9689375162 0.0875979438 0.8359386325 0.1518468708 0.5273984075
-263.5 71.1 2677.7 0.5028217435 0.1781844497 -0.8458254337 -0.2046797723 0.9752377868 0.0837699845 0.8398074508 0.1310019791 0.5268415213
-301.5 294.8 2581.1 -0.1940001696 0.6551638842 -0.7301535606 0.8523800969 0.4810085595 0.2051315904 0.4856049418 -0.5825727582 -0.6517643929
-245.2 47.4 2440.2 -0.6732112765 0.6551638842 -0.3428511024 0.7216534615 0.4810085595 -0.4978423417 -0.1612540036 -0.5825727582 -0.7966216803
-154.7 235.0 2826.4 0.0406706519 0.6838456988 -0.7284922600 -0.8783678412 0.3719906807 0.3001547754 0.4762518704 0.6276766658 0.6157971621
-146.5 59.1 2921.8 0.6082656384 0.6838456988 -0.4029491246 -0.7657576203 0.3719906807 -0.5246315002 -0.2088736743 0.6276766658 0.7499291897
-353.7 -99.4 2573.9 0.5992820263 0.0723535866 -0.7972615361 -0.0263407417 0.9971501827 0.0706943125 0.8001044989 -0.0213653706 0.5994800329
-382.5 -495.5 2582.4 0.6009390354 -0.0023888929 -0.7992913127 -0.0964004174 0.9924793243 -0.0754439533 0.7934603095 0.1223892346 0.5961892605
-261.8 -138.6 2727.7 -0.4363476634 0.2211594582 0.8721749783 0.0112045081 0.9705826640 -0.2405073196 -0.8997083902 -0.0951725096 -0.4259894490
-349.7 -524.0 2765.5 -0.4202431738 -0.2270922810 0.8785355687 -0.0632434115 0.9731534123 0.2212978154 -0.9052048922 0.0374373086 -0.4233231544
-51.3 -160.5 2486.6 0 0 0 0 0 0 0 0 0
11.5 -139.9 2867.5 0 0 0 0 0 0 0 0 0
-381.7 -813.6 2543.2 0 0 0 0 0 0 0 0 0
-278.0 -831.1 2753.7 0 0 0 0 0 0 0 0 0
-189.4 464.7 2736.5 8 0.5029320717 0.1972205490 -0.8415244222 -0.2307505012 0.9689184427 0.0891700685 0.8329547048 0.1493356973 0.5328088999
-230.1 264.9 2705.7 0.5029320717 0.1972205490 -0.8415244222 -0.2307505012 0.9689184427 0.0891700685 0.8329547048 0.1493356973 0.5328088999
-264.4 71.1 2678.7 0.5075960755 0.1728212088 -0.8440847397 -0.2062424272 0.9755671024 0.0757161453 0.8365466595 0.1356528699 0.5308370590
-304.2 295.0 2583.5 -0.1963976920 0.6967093349 -0.6899449229 0.8478947878 0.4740650356 0.2373536527 0.4924452901 -0.5383850336 -0.6838415265
-247.7 50.9 2441.7 -0.6502264142 0.6967093349 -0.3029879034 0.7343323231 0.4740650356 -0.4858172238 -0.1948374361 -0.5383850336 -0.8198658228
-156.0 234.8 2827.9 0.0480111875 0.6842009425 -0.7277114987 -0.8807166219 0.3726905286 0.2923012078 0.4712039232 0.6268739104 0.6204804182
-146.3 58.4 2922.2 0.6120288372 0.6842009425 -0.3965977728 -0.7608661652 0.3726905286 -0.5312103629 -0.2156464159 0.6268739104 0.7486826777
-345.0 -103.9 2574.7 0.6022920012 0.1066322848 -0.7911219001 -0.0330129080 0.9935175776 0.1087792441 0.7975929379 -0.0393996313 0.6019079685
-387.3 -498.4 2590.3 0.6052172780 -0.0133964792 -0.7959476113 -0.1110637188 0.9886585474 -0.1010898575 0.7882746458 0.1495822370 0.5968653560
-252.8 -141.4 2728.7 -0.2953806221 0.2565031350 0.9203023314 -0.0254164040 0.9608337283 -0.2759575546 -0.9550415277 -0.1049032882 -0.2772922814
-354.6 -522.9 2770.4 -0.2953806221 -0.2430245131 0.9239531159 -0.0254164040 0.9687623382 0.2466851175 -0.9550415277 0.0493824370 -0.2923304141
-61.8 -159.1 2497.4 0 0 0 0 0 0 0 0 0
12.7 -139.3 2866.2 0 0 0 0 0 0 0 0 0
-383.1 -814.8 2542.4 0 0 0 0 0 0 0 0 0
-276.3 -835.2 2754.4 0 0 0 0 0 0 0 0 0
-186.5 466.7 2746.6 9 0.4762185812 0.1992193162 -0.8564622402 -0.2377962768 0.9668831229 0.0926821902 0.8465629220 0.1595265418 0.5078213215
-227.4 268.1 2713.8 0.4762185812 0.1992193162 -0.8564622402 -0.2377962768 0.9668831229 0.0926821902 0.8465629220 0.1595265418 0.5078213215
-263.2 74.7 2685.6 0.4809818864 0.1803915203 -0.8579716682 -0.2134517133 0.9732517004 0.0849677846 0.8503497839 0.1422675550 0.5066213012
-297.6 299.2 2589.7 -0.1598625779 0.6976900101 -0.6983355880 0.8588354588 0.4470727146 0.2500553131 0.4866678715 -0.5597808361 -0.6706711054
-251.4 50.8 2448.9 -0.6445161700 0.6976900101 -0.3127739429 0.7328530550 0.4470727146 -0.5128862858 -0.2180029601 -0.5597808361 -0.7994498610
-157.2 236.9 2838.0 0.0241079368 0.6704396605 -0.7415722609 -0.8820089698 0.3634625375 0.2999252975 0.4706155658 0.6468428373 0.6000961065
-152.3 60.3 2932.2 0.6087472439 0.6704396605 -0.4241903722 -0.7678758502 0.3634625375 -0.5275050998 -0.1994830370 0.6468428373 0.7360712290
-345.3 -103.9 2575.1 0.5797427893 0.1097974181 -0.8073678613 -0.0330937356 0.9932344556 0.1113107577 0.8141272068 -0.0378127918 0.5794541240
-388.9 -498.4 2590.1 0.5827565193 -0.0150607964 -0.8125072718 -0.1116052866 0.9888712168 -0.0983768404 0.8049466610 0.1480098516 0.5745902658
-252.2 -141.7 2728.5 -0.2685337067 0.2521671951 0.9296780825 -0.0217029043 0.9632980824 -0.2675551176 -0.9630257487 -0.0920242816 -0.2532052696
-352.4 -524.3 2765.0 -0.2670089900 -0.2450740784 0.9320111871 -0.0277506411 0.9686778188 0.2467654347 -0.9632943869 0.0400246792 -0.2654466331
-67.5 -158.3 2511.1 0 0 0 0 0 0 0 0 0
5.8 -139.2 2880.4 0 0 0 0 0 0 0 0 0
-384.1 -819.0 2542.1 0 0 0 0 0 0 0 0 0
-274.2 -833.5 2752.3 0 0 0 0 0 0 0 0 0
-186.2 468.0 2741.2 0 0.5009350181 0.2039457709 -0.8411124945 -0.2409196496 0.9662869573 0.0908143073 0.8312772512 0.1571484655 0.5331814885
-228.0 270.2 2709.0 0.5009350181 0.2039457709 -0.8411124945 -0.2409196496 0.9662869573 0.0908143073 0.8312772512 0.1571484655 0.5331814885
-264.5 76.8 2681.2 0.5059772730 0.1836110801 -0.8427774906 -0.2156889588 0.9729721546 0.0824829265 0.8351438642 0.1400433183 0.5319046974
-301.9 301.7 2587.1 -0.1670309454 0.7063491344 -0.6878746152 0.8654767275 0.4392363429 0.2408764809 0.4722824395 -0.5551056862 -0.6846948266
-253.5 50.9 2450.2 -0.6404795051 0.7063491344 -0.3014247715 0.7305035591 0.4392363429 -0.5229110122 -0.2369610667 -0.5551056862 -0.7973124385
-154.1 238.7 2830.9 0.0386943445 0.6888253689 -0.7238938808 -0.8835193515 0.3620000482 0.2972364128 0.4667935967 0.6280729175 0.6225979328
-146.4 61.8 2924.4 0.6032469869 0.6888253689 -0.4020108283 -0.7666976452 0.3620000482 -0.5302175879 -0.2196993977 0.6280729175 0.7464962006
-343.1 -99.1 2579.3 0.6018074751 0.1207743660 -0.7894563675 -0.0495276377 0.9922406077 0.1140419319 0.7971040010 -0.0295313802 0.6031194925
-391.1 -493.4 2591.0 0.6038369536 -0.0222313069 -0.7967978120 -0.1021455973 0.9892114997 -0.1050087661 0.7905360460 0.1447975636 0.5950516462
-255.0 -138.3 2735.2 -0.2649444938 0.2516263425 0.9308537245 -0.0152433151 0.9641382694 -0.2649623752 -0.9641431570 -0.0843896195 -0.2516075075
-354.9 -521.3 2768.7 -0.2649444938 -0.2485220581 0.9316872954 -0.0152433151 0.9671750665 0.2536534667 -0.9641431570 0.0530020818 -0.2600359917
-70.2 -158.2 2518.1 0 0 0 0 0 0 0 0 0
10.3 -137.4 2867.3 0 0 0 0 0 0 0 0 0
-383.8 -820.6 2543.1 0 0 0 0 0 0 0 0 0
-273.7 -837.3 2751.4 0 0 0 0 0 0 0 0 0
-184.2 468.1 2738.5 1 0.4983310997 0.2203527689 -0.8385170102 -0.2525976896 0.9621043801 0.1027111858 0.8293735981 0.1606232673 0.5351071358
-229.1 271.7 2705.7 0.4983310997 0.2203527689 -0.8385170102 -0.2525976896 0.9621043801 0.1027111858 0.8293735981 0.1606232673 0.5351071358
-267.6 78.7 2678.1 0.5052804351 0.1934518963 -0.8409923315 -0.2201302648 0.9712028503 0.0911465138 0.8344066143 0.1390732974 0.5333144069
-302.9 303.9 2583.8 -0.1977296025 0.7452098131 -0.6368401647 0.8777884841 0.4237882495 0.2233627886 0.4363375008 -0.5148454905 -0.7379320264
-244.6 44.9 2455.1 -0.6226792336 0.7452098131 -0.2386062890 0.7185101509 0.4237882495 -0.5514949560 -0.3098609149 -0.5148454905 -0.7993249297
-155.4 239.6 2827.5 0.0308109540 0.6934205294 -0.7198740244 -0.8834708333 0.3557339013 0.3048486412 0.4674718976 0.6265950203 0.6235772967
-149.2 62.7 2921.2 0.5953933597 0.6934205294 -0.4058013260 -0.7726607323 0.3557339013 -0.5257840157 -0.2202321440 0.6265950203 0.7475804090
-347.3 -96.7 2576.8 0.6038785577 0.0985894948 -0.7909556031 -0.0445568487 0.9949447513 0.0899976939 0.7958300114 -0.0191051848 0.6052186489
-386.5 -492.0 2584.4 0.6047641635 -0.0058274856 -0.7963833213 -0.0896604881 0.9931176901 -0.0753542036 0.7913414836 0.1169756353 0.6000794768
-254.6 -136.3 2729.9 -0.3535711765 0.3077384233 0.8833371401 -0.0210706498 0.9414740801 -0.3364261687 -0.9351702929 -0.1375630796 -0.3263938725
-376.5 -509.2 2784.4 -0.3535711765 -0.3004556894 0.8858407140 -0.0210706498 0.9493283033 0.3135790825 -0.9351702929 0.0922072828 -0.3419859111
-62.9 -164.9 2545.5 0 0 0 0 0 0 0 0 0
5.5 -138.1 2863.9 0 0 0 0 0 0 0 0 0
-384.5 -821.2 2545.6 0 0 0 0 0 0 0 0 0
-271.9 -839.4 2752.3 0 0 0 0 0 0 0 0 0
-184.1 466.0 2737.1 2 0.5013727546 0.2303746939 -0.8339980841 -0.2476763427 0.9617794156 0.1167766005 0.8290246129 0.1480129957 0.5392683744
-231.1 269.8 2706.9 0.5013727546 0.2303746939 -0.8339980841 -0.2476763427 0.9617794156 0.1167766005 0.8290246129 0.1480129957 0.5392683744
-269.7 76.7 2680.3 0.5082145333 0.1943510622 -0.8390147090 -0.2165298015 0.9717460275 0.0939390883 0.8335663080 0.1339304745 0.5359382629
-305.3 301.4 2585.2 -0.3048311770 0.7910521626 -0.5303908587 0.8851686716 0.4408454895 0.1487671882 0.3515030146 -0.4241365194 -0.8345980048
-214.0 36.5 2480.0 -0.5949197412 0.7910521626 -0.1425027102 0.7158788443 0.4408454895 -0.5414542556 -0.3654968739 -0.4241365194 -0.8285651803
-156.8 238.2 2828.7 0.0321668684 0.6957995892 -0.7175153494 -0.8813089132 0.3583646417 0.3080087900 0.4714445174 0.6224449873 0.6247417927
-150.4 61.7 2923.1 0.5943451524 0.6957995892 -0.4032577574 -0.7738599777 0.3583646417 -0.5222216845 -0.2188483030 0.6224449873 0.7514437437
-352.3 -94.1 2573.9 0.6086437106 0.0863815174 -0.7887275219 -0.0207688715 0.9954499602 0.0929948986 0.7931718230 -0.0402197763 0.6076683998
-386.6 -489.5 2589.9 0.6114661694 -0.0086751599 -0.7912229896 -0.1032145545 0.9905219674 -0.0906257108 0.7845099568 0.1370802820 0.6047753096
-259.7 -134.4 2726.9 -0.3595063686 0.2640755475 0.8949968219 -0.0254664570 0.9559873343 -0.2923007309 -0.9327950478 -0.1278763711 -0.3369584680
-364.3 -513.3 2777.6 -0.3595063686 -0.2723254859 0.8925211430 -0.0254664570 0.9589751363 0.2823440135 -0.9327950478 0.0787751228 -0.3516928256
-41.8 -170.7 2585.8 0 0 0 0 0 0 0 0 0
4.1 -139.4 2866.2 0 0 0 0 0 0 0 0 0
-383.8 -817.1 2544.6 0 0 0 0 0 0 0 0 0
-274.7 -828.9 2751.7 0 0 0 0 0 0 0 0 0
-182.4 467.7 2725.9 3 0.5175993443 0.2275509685 -0.8248099685 -0.2377483398 0.9642750025 0.1168309450 0.8219286203 0.1356255859 0.5532079339
-229.0 270.3 2698.2 0.5175993443 0.2275509685 -0.8248099685 -0.2377483398 0.9642750025 0.1168309450 0.8219286203 0.1356255859 0.5532079339
-268.3 77.0 2674.1 0.5238340497 0.1977325380 -0.8285527825 -0.2093514204 0.9727359414 0.0997837931 0.8256935477 0.1211885586 0.5509477854
-305.5 300.9 2577.6 -0.2729608417 0.7684482932 -0.5787742138 0.8830897808 0.4388083816 0.1661315262 0.3816344738 -0.4657621980 -0.7983863354
-227.4 48.0 2468.3 -0.6273799539 0.7684482932 -0.1260220855 0.6599713564 0.4388083816 -0.6098237634 -0.4133184850 -0.4657621980 -0.7824534774
-152.5 239.7 2818.8 0.0404532067 0.7078522444 -0.7052012086 -0.8769608140 0.3633963466 0.3144563735 0.4788562059 0.6057130694 0.6354592443
-144.4 64.1 2914.7 0.5893803239 0.7078522444 -0.3893276751 -0.7764934301 0.3633963466 -0.5147824883 -0.2229096889 0.6057130694 0.7638213038
-354.9 -96.5 2577.3 0.6220527887 0.0825489685 -0.7786116004 -0.0328687131 0.9963032603 0.0793691352 0.7822850943 -0.0237798337 0.6224665046
-387.7 -492.4 2586.7 0.6237871051 -0.0090812743 -0.7815415263 -0.0939389318 0.9918129444 -0.0865018889 0.7759285569 0.1273759454 0.6178270578
-261.7 -136.3 2730.1 -0.3311966360 0.2385014743 0.9129216075 -0.0219224524 0.9653209448 -0.2601440251 -0.9433070421 -0.1061723083 -0.3144825101
-356.3 -519.1 2772.2 -0.3311966360 -0.2531225085 0.9089762568 -0.0219224524 0.9651499987 0.2607775033 -0.9433070421 0.0664416403 -0.3252034783
-47.5 -141.2 2586.8 0 0 0 0 0 0 0 0 0
8.8 -137.7 2856.7 0 0 0 0 0 0 0 0 0
-384.7 -817.6 2544.9 0 0 0 0 0 0 0 0 0
-274.9 -829.3 2750.9 0 0 0 0 0 0 0 0 0
-184.3 471.8 2740.4 4 0.4980815053 0.2181521654 -0.8392404318 -0.2679458559 0.9591919780 0.0903089717 0.8246937990 0.1798897684 0.5362087488
-229.2 274.2 2703.3 0.4980815053 0.2181521654 -0.8392404318 -0.2679458559 0.9591919780 0.0903089717 0.8246937990 0.1798897684 0.5362087488
-267.2 81.7 2672.7 0.5056846142 0.1914933920 -0.8411975503 -0.2321525812 0.9692928791 0.0810953304 0.8308960199 0.1542775184 0.5346122384
-303.1 308.2 2582.0 -0.1938002259 0.7226539850 -0.6634852886 0.8768842816 0.4308603108 0.2131510079 0.4399038851 -0.5404911041 -0.7171847224
-248.1 59.6 2457.3 -0.6738176346 0.7226539850 -0.1540811360 0.6134344339 0.4308603108 -0.6618592143 -0.4119077623 -0.5404911041 -0.7336220741
-155.3 240.3 2824.6 0.0329519100 0.6924751997 -0.7206887603 -0.8906122446 0.3475811779 0.2932527661 0.4535681307 0.6321909428 0.6281803250
-148.7 62.0 2915.4 0.5972136259 0.6924751997 -0.4047394097 -0.7677878141 0.3475811779 -0.5382277966 -0.2320296019 0.6321909428 0.7392542362
-355.6 -97.1 2574.3 0.6070390940 0.0751120895 -0.7911142111 -0.0181074087 0.9965718985 0.0807249993 0.7944656610 -0.0346782021 0.6063182354
-385.4 -493.1 2588.1 0.6086489558 0.0064424658 -0.7934134603 -0.1018213630 0.9923331738 -0.0700522438 0.7868791819 0.1234236658 0.6046385169
-259.5 -135.5 2725.7 -0.3942621648 0.2418043762 0.8866160512 -0.0267460179 0.9613360167 -0.2740760148 -0.9186087251 -0.1317712516 -0.3725511134
-355.5 -517.1 2778.0 -0.3942621648 -0.2481887490 0.8848500848 -0.0267460179 0.9655331969 0.2589020729 -0.9186087251 0.0784090757 -0.3873112798
-55.6 -115.7 2575.0 0 0 0 0 0 0 0 0 0
6.4 -137.5 2855.1 0 0 0 0 0 0 0 0 0
-387.5 -818.6 2547.6 0 0 0 0 0 0 0 0 0
-274.3 -833.0 2752.4 0 0 0 0 0 0 0 0 0
-184.3 470.3 2738.1 5 0.4954462945 0.2099820971 -0.8428763151 -0.2626119256 0.9611431956 0.0850809962 0.8279902935 0.1791963130 0.5313386321
-227.1 274.5 2701.5 0.4954462945 0.2099820971 -0.8428763151 -0.2626119256 0.9611431956 0.0850809962 0.8279902935 0.1791963130 0.5313386321
-265.6 82.2 2669.4 0.5003126860 0.1936637610 -0.8439084888 -0.2393585742 0.9676175117 0.0801488683 0.8321025968 0.1618972421 0.5304663777
-300.2 309.4 2580.0 -0.2146704495 0.7091624737 -0.6715692282 0.8820096850 0.4360898435 0.1785625815 0.4194943905 -0.5539984107 -0.7191037536
-236.7 48.7 2456.0 -0.6912955642 0.7091624737 -0.1385604739 0.5845061541 0.4360898435 -0.6842355132 -0.4248093069 -0.5539984107 -0.7159768343
-154.0 239.5 2823.1 0.0274619386 0.6900872588 -0.7232049704 -0.8937330842 0.3410150409 0.2914616168 0.4477577209 0.6383481026 0.6261187792
-148.6 60.5 2912.7 0.5960358381 0.6900872588 -0.4105128944 -0.7681004405 0.3410150409 -0.5419690609 -0.2340148538 0.6383481026 0.7333135605
-351.5 -89.5 2565.9 0.6048486829 0.0892763212 -0.7913203239 0.0020199905 0.9935207963 0.1136324555 0.7963379025 -0.0703288987 0.6007493734
-386.9 -484.0 2593.8 0.6088380218 0.0004778682 -0.7932943702 -0.1126397923 0.9899200201 -0.0858525410 0.7852569818 0.1416268200 0.6027547717
-258.7 -132.1 2718.2 -0.3891705573 0.2376084179 0.8899935484 -0.0191211998 0.9638682008 -0.2656925023 -0.9209672213 -0.1204174384 -0.3705657423
-353.1 -514.9 2766.0 -0.3806096017 -0.2383381575 0.8934938312 -0.0550747886 0.9703425169 0.2353767157 -0.9230942726 0.0403776579 -0.3824481070
-37.3 -119.9 2578.6 0 0 0 0 0 0 0 0 0
6.3 -139.0 2851.9 0 0 0 0 0 0 0 0 0
-387.1 -816.8 2546.2 0 0 0 0 0 0 0 0 0
-275.1 -832.4 2752.8 0 0 0 0 0 0 0 0 0
-182.7 471.7 2736.9 6 0.4885903299 0.2271648347 -0.8424224854 -0.2779711485 0.9557299018 0.0965005308 0.8270499110 0.1870199144 0.5301056504
-229.2 276.2 2698.7 0.4885903299 0.2271648347 -0.8424224854 -0.2779711485 0.9557299018 0.0965005308 0.8270499110 0.1870199144 0.5301056504
-270.1 84.7 2665.6 0.4949983656 0.2061404586 -0.8440869451 -0.2495772243 0.9642447233 0.0891253427 0.8322787285 0.1665479839 0.5287474990
-301.5 312.7 2577.1 -0.2717145681 0.6803711653 -0.6806366444 0.8894417882 0.4476168752 0.0923713744 0.3675112724 -0.5802880526 -0.7267745733
-216.9 35.6 2462.6 -0.7055149078 0.6803711653 -0.1983527690 0.6143478751 0.4476168752 -0.6497814059 -0.3533064723 -0.5802880526 -0.7337849140
-156.9 239.8 2820.2 0.0143218320 0.6930388212 -0.7207580209 -0.8959040642 0.3289883733 0.2985339463 0.4440166056 0.6414545178 0.6256080270
-154.0 60.4 2909.1 0.5862907767 0.6930388212 -0.4194762409 -0.7749708891 0.3289883733 -0.5396172404 -0.2359728664 0.6414545178 0.7299677730
-349.9 -88.0 2560.9 0.6041531563 0.0838555992 -0.7924438119 0.0046091513 0.9940633774 0.1087047532 0.7968549132 -0.0693268105 0.6001800299
-383.2 -482.9 2588.5 0.6068702340 0.0064176130 -0.7947750092 -0.1007919833 0.9925155640 -0.0689479113 0.7883840799 0.1219493896 0.6029750109
-258.1 -131.9 2713.5 -0.3936943710 0.2349864990 0.8886991143 -0.0361277014 0.9620721936 -0.2703921199 -0.9185311794 -0.1385585070 -0.3702728748
-351.5 -514.1 2768.5 -0.3927175403 -0.2339471132 0.8894052505 -0.0401948057 0.9705452919 0.2375419736 -0.9187803268 0.0575374216 -0.3905536234
-13.9 -141.0 2564.2 0 0 0 0 0 0 0 0 0
-1.7 -141.0 2847.8 0 0 0 0 0 0 0 0 0
-385.4 -820.8 2547.0 0 0 0 0 0 0 0 0 0
-274.5 -833.6 2749.6 0 0 0 0 0 0 0 0 0
-182.6 470.4 2736.3 7 0.4615409970 0.2360061407 -0.8551496863 -0.2840614319 0.9525251985 0.1095665544 0.8404100537 0.1923455894 0.5066696405
-230.8 275.8 2697.0 0.4615409970 0.2360061407 -0.8551496863 -0.2840614319 0.9525251985 0.1095665544 0.8404100537 0.1923455894 0.5066696405
-273.7 84.7 2663.3 0.4685066044 0.2161304355 -0.8566149473 -0.2545737624 0.9615134597 0.1033636406 0.8459868431 0.1696451455 0.5054965615
-299.2 312.9 2573.5 -0.2927335501 0.6401216984 -0.7103177309 0.8908255696 0.4525209069 0.0406774767 0.3474721313 -0.6208615303 -0.7027048469
-206.9 32.1 2464.0 -0.7244504094 0.6401216984 -0.2557651699 0.6245638728 0.4525209069 -0.6365098953 -0.2917047143 -0.6208615303 -0.7276258469
-162.4 238.6 2820.6 -0.0112991687 0.6804752946 -0.7326838970 -0.8948157430 0.3201521933 0.3111387491 0.4462925792 0.6591327190 0.6052826047
-164.7 59.5 2909.9 0.5804583430 0.6804752946 -0.4472375810 -0.7845095992 0.3201521933 -0.5310811996 -0.2182035595 0.6591327190 0.7196744084
-356.4 -84.0 2556.2 0.5850740671 0.0743715316 -0.8075625300 0.0280367881 0.9933359623 0.1117926016 0.8104950786 -0.0880484134 0.5790899396
-386.0 -478.6 2591.1 0.5903673768 0.0002409376 -0.8071346283 -0.1057809144 0.9913978577 -0.0770760328 0.8001729250 0.1308826059 0.5853144526
-265.7 -129.8 2708.8 -0.3409388065 0.2436007708 0.9079754353 -0.0495778956 0.9598402381 -0.2761317492 -0.9387772679 -0.1391595453 -0.3151695728
-362.5 -511.2 2764.1 -0.3409388065 -0.2605127990 0.9032683969 -0.0495778956 0.9644820094 0.2594542801 -0.9387772679 0.0436758921 -0.3417450190
3.1 -149.0 2548.5 0 0 0 0 0 0 0 0 0
-13.9 -144.4 2853.2 0 0 0 0 0 0 0 0 0
-386.1 -818.3 2546.3 0 0 0 0 0 0 0 0 0
-275.2 -834.2 2749.4 0 0 0 0 0 0 0 0 0
-184.0 468.9 2736.6 8 0.4265114665 0.2420906723 -0.8714815378 -0.2684988976 0.9539703727 0.1335994750 0.8637107611 0.1770101488 0.4718803763
-233.4 274.3 2700.4 0.4265114665 0.2420906723 -0.8714815378 -0.2684988976 0.9539703727 0.1335994750 0.8637107611 0.1770101488 0.4718803763
-276.1 82.7 2669.4 0.4339083433 0.2146899700 -0.8750038743 -0.2374384552 0.9641096592 0.1188087910 0.8691067696 0.1562074423 0.4693108797
-296.7 308.9 2573.6 -0.2411783338 0.5543950796 -0.7965419292 0.8844895959 0.4633444250 0.0546815470 0.3993884325 -0.6913450956 -0.6021053195
-224.3 43.3 2453.7 -0.7739133835 0.5543950796 -0.3061113358 0.5925511718 0.4633444250 -0.6589347720 -0.2234752476 -0.6913450956 -0.6870959401
-170.1 239.6 2827.2 -0.0339271426 0.6560454369 -0.7539584041 -0.8844771981 0.3315484524 0.3282921612 0.4653483331 0.6779970527 0.5690087676
-176.8 62.6 2920.4 0.5839208364 0.6560454369 -0.4781640470 -0.7921338677 0.3315484524 -0.5124446154 -0.1776524335 0.6779970527 0.7132738829
-359.6 -83.0 2552.0 0.5534443259 0.0687331036 -0.8300452828 0.0453157052 0.9926279783 0.1124108881 0.8316524625 -0.0998272523 0.5462496281
-386.9 -477.4 2591.7 0.5610865951 -0.0026601776 -0.8277528286 -0.1144534349 0.9901401997 -0.0807635188 0.8198062181 0.1400544792 0.5552499294
-273.7 -129.6 2707.1 -0.3011578918 0.2160820365 0.9287693501 -0.0555912964 0.9683524370 -0.2433169484 -0.9519524574 -0.1249083132 -0.2796147168
-359.5 -514.2 2756.7 -0.2995456457 -0.2580623031 0.9185184836 -0.0616493449 0.9659483433 0.2512829900 -0.9520881176 0.0186446570 -0.3052549958
-2.7 -126.3 2517.7 0 0 0 0 0 0 0 0 0
-25.3 -143.0 2874.3 0 0 0 0 0 0 0 0 0
-386.0 -817.1 2543.6 0 0 0 0 0 0 0 0 0
-274.1 -833.9 2750.6 0 0 0 0 0 0 0 0 0
-181.2 467.0 2726.7 9 0.4579229653 0.2490567863 -0.8533916473 -0.2486158460 0.9575288296 0.1460433304 0.8535202146 0.1452900916 0.5003939271
-232.0 271.8 2697.0 0.4579229653 0.2490567863 -0.8533916473 -0.2486158460 0.9575288296 0.1460433304 0.8535202146 0.1452900916 0.5003939271
-275.8 79.9 2670.2 0.4634808898 0.2208069563 -0.8581548333 -0.2258639187 0.9659047127 0.1265446246 0.8568377495 0.1351752132 0.4975506961
-299.6 304.8 2572.0 -0.2625202537 0.5313304663 -0.8054632545 0.8704189062 0.4906846881 0.0399932787 0.4164781272 -0.6905913949 -0.5912947655
-221.2 44.6 2447.5 -0.7756043077 0.5313304663 -0.3407724798 0.6096616387 0.4906846881 -0.6225281358 -0.1635563076 -0.6905913949 -0.7045089602
-164.3 238.8 2822.0 -0.0181806162 0.6793934107 -0.7335489392 -0.8778510094 0.3403376043 0.3369686306 0.4785885811 0.6500729918 0.5902186632
-168.0 63.1 2917.8 0.5768155456 0.6793934107 -0.4535509348 -0.7953096628 0.3403376043 -0.5016500950 -0.1864573210 0.6500729918 0.7366401553
-358.5 -87.1 2558.7 0.5803065300 0.0625746995 -0.8119906187 0.0316056386 0.9945622683 0.0992319286 0.8137846589 -0.0832484141 0.5751732588
-383.4 -482.2 2591.8 0.5861387849 0.0060550408 -0.8101880550 -0.1195173338 0.9896785617 -0.0790695474 0.8013469577 0.1431772411 0.5808126926
-279.0 -130.5 2718.0 -0.2820063531 0.2417580783 0.9284532666 -0.0472083353 0.9630621672 -0.2651087940 -0.9582504034 -0.1185930893 -0.2601766288
-375.0 -513.0 2765.1 -0.2820063531 -0.3040351272 0.9099643230 -0.0472083353 0.9517083764 0.3033522367 -0.9582504034 0.0425893553 -0.2827407718
2.6 -131.3 2494.7 0 0 0 0 0 0 0 0 0
-18.2 -143.5 2869.4 0 0 0 0 0 0 0 0 0
-385.4 -817.5 2543.3 0 0 0 0 0 0 0 0 0
-271.7 -836.5 2750.6 0 0 0 0 0 0 0 0 0
-181.0 468.2 2731.2 0 0.4961501360 0.2338737845 -0.8361448050 -0.2498914748 0.9607532024 0.1204472110 0.8314982057 0.1491855532 0.5351209044
-228.8 271.8 2700.7 0.4961501360 0.2338737845 -0.8361448050 -0.2498914748 0.9607532024 0.1204472110 0.8314982057 0.1491855532 0.5351209044
-270.9 79.5 2674.0 0.5017198920 0.2118876576 -0.8386780024 -0.2257916778 0.9680035114 0.1094863787 0.8350420594 0.1344350129 0.5335091352
-302.0 304.8 2578.9 -0.2951461971 0.5699052215 -0.7668746710 0.8457446694 0.5292601585 0.0678204596 0.4445274472 -0.6285632253 -0.6382034421
-210.4 42.0 2440.8 -0.7508633733 0.5699052215 -0.3337846994 0.6461508870 0.5292601585 -0.5498842597 -0.1367229670 -0.6285632253 -0.7656468749
-155.7 238.9 2822.5 0.0144268284 0.7006934285 -0.7133166194 -0.8820078373 0.3449698091 0.3210264444 0.4710138142 0.6245194674 0.6229938865
-152.8 62.4 2916.8 0.5800790191 0.7006934285 -0.4153758883 -0.7850753069 0.3449698091 -0.5144439936 -0.2171753496 0.6245194674 0.7502068281
-362.1 -91.3 2564.9 0.6119000316 0.0616367236 -0.7885298133 0.0159076639 0.9957981706 0.0901825652 0.7907751203 -0.0677263811 0.6083484888
-386.6 -487.0 2591.8 0.6175315380 -0.0026391021 -0.7865417004 -0.1142196506 0.9890934229 -0.0929951444 0.7782086134 0.1472659409 0.6104949713
-277.2 -132.7 2721.8 -0.3231269717 0.2220948935 0.9199254513 -0.0406157821 0.9679213762 -0.2479488403 -0.9454836249 -0.1174824461 -0.3037409186
-365.4 -517.2 2768.5 -0.3231269717 -0.2884226739 0.9013330936 -0.0406157821 0.9557743669 0.2912829518 -0.9454836249 0.0575130247 -0.3205509782
7.8 -145.7 2480.5 0 0 0 0 0 0 0 0 0
-2.1 -141.4 2860.4 0 0 0 0 0 0 0 0 0
-385.7 -817.0 2542.6 0 0 0 0 0 0 0 0 0
-269.5 -835.1 2749.4 0 0 0 0 0 0 0 0 0
-177.7 465.9 2733.0 1 0.5461306572 0.2436686009 -0.8014779687 -0.2630531490 0.9582483768 0.1120850146 0.7953265905 0.1496182382 0.5874266028
-227.3 270.9 2702.5 0.5461306572 0.2436686009 -0.8014779687 -0.2630531490 0.9582483768 0.1120850146 0.7953265905 0.1496182382 0.5874266028
-269.9 78.6 2676.4 0.5536882281 0.2142070830 -0.8047016263 -0.2312607765 0.9678902030 0.0985241905 0.7999673486 0.1315442324 0.5854471326
-308.0 304.6 2586.0 -0.3126146197 0.6528245807 -0.6899943352 0.8259306550 0.5455952883 0.1420011669 0.4691594839 -0.5254958272 -0.7097489238
-208.9 42.9 2437.3 -0.7134417892 0.6528245807 -0.2545993924 0.6760014296 0.5455952883 -0.4953259826 -0.1844527423 -0.5254958272 -0.8305608630
-146.7 237.2 2819.1 0.0483714081 0.7360984087 -0.6751439571 -0.8870148063 0.3424106538 0.3097735941 0.4592003226 0.5838785172 0.6694930792
-137.0 59.8 2911.0 0.5695556998 0.7360984087 -0.3657396734 -0.7794296741 0.3424106538 -0.5246372819 -0.2609515190 0.5838785172 0.7687588334
-358.9 -92.1 2570.8 0.6584112048 0.0769727677 -0.7487121820 -0.0056553804 0.9952347279 0.0973436907 0.7526371479 -0.0598579235 0.6557090282
-389.5 -487.6 2594.5 0.6634489894 -0.0162486285 -0.7480450273 -0.1059981063 0.9876398444 -0.1154638082 0.7406752110 0.1558957100 0.6535263658
-267.0 -133.5 2723.7 -0.3380838335 0.2330433130 0.9118059874 -0.0371161252 0.9648006558 -0.2603500187 -0.9403837919 -0.1218628362 -0.3175338507
-359.6 -516.8 2772.1 -0.3380838335 -0.2680811882 0.9021262527 -0.0371161252 0.9616230726 0.2718518376 -0.9403837919 0.0584252849 -0.3350593746
0.2 -155.2 2491.4 0 0 0 0 0 0 0 0 0
10.8 -142.5 2843.2 0 0 0 0 0 0 0 0 0
-384.1 -816.8 2542.6 0 0 0 0 0 0 0 0 0
-271.2 -834.0 2752.8 0 0 0 0 0 0 0 0 0
-172.5 468.9 2743.4 2 0.5433583260 0.2522225976 -0.8007156253 -0.2891363204 0.9516690969 0.1035671234 0.7881382704 0.1752419025 0.5900240541
-223.9 275.0 2707.7 0.5433583260 0.2522225976 -0.8007156253 -0.2891363204 0.9516690969 0.1035671234 0.7881382704 0.1752419025 0.5900240541
-265.9 83.7 2674.8 0.5510482192 0.2115028501 -0.8072251081 -0.2573813498 0.9632622004 0.0766863748 0.7937888503 0.1655068099 0.5852407813
-304.3 312.5 2591.9 -0.2699314654 0.6807538867 -0.6809633970 0.8263040781 0.5268446803 0.1991385967 0.4943263531 -0.5089290738 -0.7047216892
-217.0 45.3 2432.1 -0.6847161055 0.6807538867 -0.2602652311 0.7045271397 0.5268446803 -0.4754746854 -0.1865618825 -0.5089290738 -0.8403486609
-143.5 237.4 2823.4 0.0488442555 0.7326272726 -0.6788752079 -0.9018628597 0.3244557083 0.2852575481 0.4292523861 0.5983191133 0.6765771508
-133.7 57.0 2909.3 0.5731120706 0.7326272726 -0.3671509624 -0.7682666183 0.3244557083 -0.5518105626 -0.2851472199 0.5983191133 0.7488025427
-363.0 -92.6 2577.1 0.6569633484 0.0644796565 -0.7511601448 -0.0083974050 0.9969000220 0.0782296360 0.7538757324 -0.0450862087 0.6554682255
-388.7 -488.6 2595.0 0.6620056033 -0.0152998362 -0.7493426800 -0.1099901348 0.9869840741 -0.1173225343 0.7413843274 0.1600884795 0.6517061591
-261.7 -134.9 2723.4 -0.2414956987 0.2481608838 0.9381343126 -0.0375427306 0.9636352062 -0.2645708323 -0.9696754217 -0.0991128385 -0.2233971208
-360.3 -517.7 2762.8 -0.2414956987 -0.2663821876 0.9331239462 -0.0375427306 0.9634298682 0.2653175294 -0.9696754217 0.0290410239 -0.2426648885
-17.2 -160.3 2486.5 0 0 0 0 0 0 0 0 0
15.1 -142.4 2835.3 0 0 0 0 0 0 0 0 0
-383.6 -817.0 2541.8 0 0 0 0 0 0 0 0 0
-272.7 -834.6 2753.2 0 0 0 0 0 0 0 0 0
-172.1 468.2 2739.6 3 0.5218299627 0.2320514619 -0.8208810091 -0.2534977794 0.9610022902 0.1105144918 0.8145135641 0.1504217386 0.5603043437
-219.6 271.7 2708.8 0.5218299627 0.2320514619 -0.8208810091 -0.2534977794 0.9610022902 0.1105144918 0.8145135641 0.1504217386 0.5603043437
-261.6 79.6 2681.4 0.5268644094 0.2109112740 -0.8233652115 -0.2315772921 0.9676943421 0.0996979252 0.8177932501 0.1381453872 0.5586859584
-296.5 305.5 2589.6 -0.2334618866 0.7032182217 -0.6715502143 0.8277775645 0.5060934424 0.2421852797 0.5101762414 -0.4993532002 -0.7002617717
-224.0 48.6 2431.3 -0.6561904550 0.7032182217 -0.2736754119 0.7323572636 0.5060934424 -0.4555461109 -0.1818429828 -0.4993532002 -0.8471006751
-142.7 238.0 2828.1 0.0321192369 0.7164130211 -0.6969366670 -0.8865359426 0.3424195647 0.3111315370 0.4615434408 0.6078661084 0.6461241841
-136.3 60.7 2920.4 0.5777570605 0.7164130211 -0.3910871446 -0.7795759439 0.3424195647 -0.5244141817 -0.2417812645 0.6078661084 0.7563336492
-358.4 -84.1 2569.3 0.6350871325 0.0713815391 -0.7691352367 0.0169910286 0.9941891432 0.1062979922 0.7722536325 -0.0805768818 0.6301838756
-386.7 -478.9 2601.3 0.6426609159 -0.0056177625 -0.7661301494 -0.1269015521 0.9853800535 -0.1136755943 0.7555679679 0.1702779680 0.6325523257
-257.4 -131.2 2714.6 -0.3429623544 0.2683209181 0.9002114534 -0.0463321023 0.9523368478 -0.3015092313 -0.9382058382 -0.1451150179 -0.3141838312
-363.9 -509.1 2772.2 -0.3429623544 -0.2737452090 0.8985768557 -0.0463321023 0.9603605866 0.2748834789 -0.9382058382 0.0526417308 -0.3420507014
-34.5 -162.9 2483.8 0 0 0 0 0 0 0 0 0
13.6 -141.6 2857.6 0 0 0 0 0 0 0 0 0
-384.8 -818.7 2542.5 0 0 0 0 0 0 0 0 0
-269.9 -838.8 2754.1 0 0 0 0 0 0 0 0 0
-167.7 469.3 2737.2 4 0.5396830440 0.2449974269 -0.8054305911 -0.2502318919 0.9601614475 0.1243945211 0.8038197160 0.1344108135 0.5794890523
-217.8 273.0 2709.7 0.5396830440 0.2449974269 -0.8054305911 -0.2502318919 0.9601614475 0.1243945211 0.8038197160 0.1344108135 0.5794890523
-261.5 80.8 2685.5 0.5455731153 0.2200089842 -0.8086692691 -0.2258107513 0.9678305387 0.1109664291 0.8070684075 0.1220659092 0.5777027607
-297.4 306.0 2591.9 -0.2208507806 0.7576585412 -0.6141485572 0.8143841624 0.4897465408 0.3113306761 0.5366594791 -0.4313952327 -0.7251859903
-229.2 54.2 2426.0 -0.6193631291 0.7576585412 -0.2057737112 0.7479479909 0.4897465408 -0.4480201900 -0.2386693656 -0.4313952327 -0.8700201511
-138.2 240.1 2827.4 0.0386450738 0.7333551645 -0.6787464619 -0.8814854026 0.3449335396 0.3224970400 0.4706273079 0.5858421922 0.6597718596
-130.4 63.6 2921.6 0.5670140386 0.7333551645 -0.3750803471 -0.7857567668 0.3449335396 -0.5134268403 -0.2471464425 0.5858421922 0.7718209624
-351.8 -91.4 2579.1 0.6501988173 0.0911865756 -0.7542721629 -0.0251217298 0.9948089719 0.0986104235 0.7593486905 -0.0451677591 0.6491143703
-388.0 -486.3 2597.0 0.6536794305 -0.0065365853 -0.7567433119 -0.1179957762 0.9868525267 -0.1104496792 0.7475160360 0.1614912003 0.6443138719
-255.3 -133.8 2728.8 -0.2335524261 0.2553753555 0.9382092953 -0.0274258927 0.9627801776 -0.2688906491 -0.9719573259 -0.0885312930 -0.2178557366
-356.5 -515.4 2763.9 -0.2335524261 -0.2542087138 0.9385260940 -0.0274258927 0.9665582180 0.2549765706 -0.9719573259 0.0338104777 -0.2327139229
-52.4 -159.2 2494.1 0 0 0 0 0 0 0 0 0
16.8 -140.4 2857.5 0 0 0 0 0 0 0 0 0
-385.8 -819.6 2542.5 0 0 0 0 0 0 0 0 0
-273.7 -830.4 2752.9 0 0 0 0 0 0 0 0 0
-168.7 466.4 2746.0 5 0.5145881176 0.2445078194 -0.8218363523 -0.2639650404 0.9571044445 0.1194717735 0.8157950640 0.1554573327 0.5570560694
-218.5 271.5 2714.3 0.5145881176 0.2445078194 -0.8218363523 -0.2639650404 0.9571044445 0.1194717735 0.8157950640 0.1554573327 0.5570560694
-261.6 79.4 2687.3 0.5220779777 0.2173511386 -0.8247381449 -0.2327688634 0.9665852189 0.1073854864 0.8205201030 0.1359097660 0.5552254319
-294.7 305.5 2594.6 -0.2057393491 0.7869384885 -0.5817208290 0.8080825806 0.4719009399 0.3525791466 0.5519726872 -0.3975390494 -0.7329998612
-231.3 56.5 2424.5 -0.5937515497 0.7869384885 -0.1678896248 0.7544405460 0.4719009399 -0.4562115967 -0.2797831893 -0.3975390494 -0.8738901615
-142.3 237.5 2834.1 0.0244700573 0.7167068720 -0.6969450712 -0.8851977587 0.3395082057 0.3180552423 0.4645709395 0.6091513634 0.6427351236
-137.4 60.3 2927.1 0.5730713010 0.7167068720 -0.3973921239 -0.7844780684 0.3395082057 -0.5189685225 -0.2370304316 0.6091513634 0.7568032742
-355.2 -90.7 2587.3 0.6277162433 0.0858665407 -0.7736919522 -0.0373737812 0.9960758686 0.0802250355 0.7775445580 -0.0214427635 0.6284621954
-389.3 -486.3 2595.8 0.6300742626 -0.0059217825 -0.7765123248 -0.1143883467 0.9883543849 -0.1003538147 0.7680636048 0.1520543098 0.6220592856
-255.2 -132.1 2735.2 -0.2054779381 0.2456334382 0.9473347068 -0.0186287016 0.9668328762 -0.2547296882 -0.9784844518 -0.0699889436 -0.1940869838
-352.7 -515.8 2762.9 -0.2043133825 -0.2414313108 0.9486659169 -0.0233175624 0.9700340629 0.2418475300 -0.9786278009 0.0272921082 -0.2038205266
-62.7 -157.8 2504.0 0 0 0 0 0 0 0 0 0
11.5 -143.5 2865.5 0 0 0 0 0 0 0 0 0
-387.3 -818.4 2544.7 0 0 0 0 0 0 0 0 0
-274.1 -831.6 2754.1 0 0 0 0 0 0 0 0 0
-167.8 464.5 2750.4 6 0.5208103061 0.2493762225 -0.8164362311 -0.2749478817 0.9544197917 0.1161314473 0.8081833124 0.1639949530 0.5656371117
-218.7 269.5 2716.9 0.5208103061 0.2493762225 -0.8164362311 -0.2749478817 0.9544197917 0.1161314473 0.8081833124 0.1639949530 0.5656371117
-262.4 77.8 2688.6 0.5292083025 0.2198751867 -0.8195080757 -0.2405953556 0.9650844336 0.1035658643 0.8136660457 0.1423619241 0.5636316538
-296.0 304.6 2598.1 -0.1744014621 0.7533795238 -0.6340373755 0.8162469268 0.4707615077 0.3348500431 0.5507495403 -0.4591327310 -0.6970452666
-243.0 56.2 2430.5 -0.6166555285 0.7533795238 -0.2283751816 0.7482526302 0.4707615077 -0.4674414992 -0.2446506321 -0.4591327310 -0.8540159464
-141.5 234.4 2835.7 0.0274542253 0.7226798534 -0.6906374693 -0.8891881108 0.3333194256 0.3134369254 0.4567174315 0.6055014133 0.6517493725
-136.0 56.3 2927.1 0.5699148178 0.7226798534 -0.3910638392 -0.7830147743 0.3333194256 -0.5251533389 -0.2491685748 0.6055014133 0.7558326721
-352.6 -91.2 2585.2 0.6354328394 0.0936684832 -0.7664537430 -0.0370346755 0.9951696992 0.0909161046 0.7712675333 -0.0293857120 0.6358324289
-389.9 -486.5 2596.8 0.6383542418 -0.0134108774 -0.7696259022 -0.1132928208 0.9873222709 -0.1111732498 0.7613596916 0.1581610143 0.6287419796
-257.0 -133.9 2735.5 -0.2175105661 0.2456060648 0.9446516633 -0.0220526550 0.9663397074 -0.2563225925 -0.9758087993 -0.0765849501 -0.2047728300
-354.5 -517.7 2765.9 -0.2189361155 -0.2487664670 0.9434946775 -0.0165210869 0.9677602649 0.2513307631 -0.9755992889 0.0394378230 -0.2159875631
-67.4 -156.8 2500.1 0 0 0 0 0 0 0 0 0
12.1 -147.1 2862.4 0 0 0 0 0 0 0 0 0
-385.4 -816.1 2544.0 0 0 0 0 0 0 0 0 0
-272.8 -835.4 2753.0 0 0 0 0 0 0 0 0 0
-167.1 460.1 2753.1 7 0.5063321590 0.2560558021 -0.8234459162 -0.2851359844 0.9509000778 0.1203600019 0.8138336539 0.1738519222 0.5544820428
-219.2 266.7 2717.7 0.5063321590 0.2560558021 -0.8234459162 -0.2851359844 0.9509000778 0.1203600019 0.8138336539 0.1738519222 0.5544820428
-264.1 75.4 2688.1 0.5157192945 0.2260565013 -0.8263970613 -0.2478771657 0.9626800418 0.1086463705 0.8201161623 0.1488139331 0.5525069237
-294.5 302.9 2597.9 -0.1623325795 0.7459316850 -0.6459366083 0.8252823949 0.4614709616 0.3255049884 0.5408854485 -0.4802400470 -0.6905160546
-246.1 56.9 2436.8 -0.6178539395 0.7459316850 -0.2486814857 0.7486893535 0.4614709616 -0.4759294391 -0.2402515560 -0.4802400470 -0.8435927033
-143.9 230.5 2837.5 0.0135303177 0.7169940472 -0.6969479322 -0.8909249902 0.3250812292 0.3171353340 0.4539488554 0.6166374087 0.6431863904
-141.2 52.1 2928.4 0.5666791797 0.7169940472 -0.4059485197 -0.7869727015 0.3250812292 -0.5244007707 -0.2440260053 0.6166374087 0.7484714985
-354.6 -91.9 2585.7 0.6249493361 0.0881528780 -0.7756721973 -0.0378094651 0.9958558679 0.0827134997 0.7797491550 -0.0223639980 0.6256924868
-389.6 -487.6 2594.6 0.6271005869 -0.0068187257 -0.7789084315 -0.1099393815 0.9891769290 -0.0971718505 0.7711408138 0.1465692371 0.6195637584
-257.6 -136.1 2734.9 -0.2115914971 0.2579414248 0.9427063465 -0.0230259690 0.9629620314 -0.2686519623 -0.9770869017 -0.0785512030 -0.1978152394
-360.1 -518.6 2766.1 -0.2115914971 -0.2632444501 0.9412392974 -0.0230259690 0.9641197324 0.2644673586 -0.9770869017 0.0342861004 -0.2100609988
-70.5 -155.9 2505.1 0 0 0 0 0 0 0 0 0
6.0 -152.4 2865.0 0 0 0 0 0 0 0 0 0
-387.4 -817.2 2545.8 0 0 0 0 0 0 0 0 0
-273.2 -836.7 2754.8 0 0 0 0 0 0 0 0 0
-168.9 460.9 2753.9 8 0.4907860756 0.2543827295 -0.8333177567 -0.2789081037 0.9519709349 0.1263392866 0.8254327774 0.1704135090 0.5381634831
-220.5 267.5 2719.3 0.4907860756 0.2543827295 -0.8333177567 -0.2789081037 0.9519709349 0.1263392866 0.8254327774 0.1704135090 0.5381634831
-265.3 76.1 2690.1 0.4996354878 0.2251225263 -0.8364713192 -0.2435631305 0.9631922841 0.1137438789 0.8312889934 0.1469030827 0.5360766053
-293.5 303.1 2597.9 -0.1768089086 0.7551470399 -0.6312618852 0.8426399231 0.4475720525 0.2993946970 0.5086221695 -0.4789907932 -0.7154517770
-240.2 49.2 2444.7 -0.6165837049 0.7551470399 -0.2226599753 0.7330880165 0.4475720525 -0.5121144652 -0.2870653570 -0.4789907932 -0.8295548558
-147.6 231.9 2840.7 0.0031177145 0.7058627605 -0.7083417773 -0.8880138993 0.3276572227 0.3226019740 0.4598060250 0.6280115843 0.6278374791
-147.0 54.1 2932.8 0.5695866942 0.7058627605 -0.4211041927 -0.7896099091 0.3276572227 -0.5188033581 -0.2282261401 0.6280115843 0.7439854145
-356.3 -93.2 2583.4 0.6102173328 0.0798257366 -0.7882021666 -0.0317427516 0.9965753555 0.0763539970 0.7915979028 -0.0215728264 0.6106614470
-388.0 -489.2 2591.9 0.6125988364 -0.0050304611 -0.7903779745 -0.1115419269 0.9894219637 -0.0927501917 0.7824838758 0.1449789405 0.6055576801
-261.7 -138.6 2733.7 -0.1910343021 0.2289374322 0.9545121789 -0.0206226613 0.9712702036 -0.2370841801 -0.9813666940 -0.0649757907 -0.1808246225
-352.6 -524.3 2759.5 -0.1893952191 -0.2476029396 0.9501695633 -0.0270517096 0.9686322212 0.2470219135 -0.9815282226 0.0210810583 -0.1901523918
-63.1 -161.4 2527.2 0 0 0 0 0 0 0 0 0
1.0 -151.1 2873.5 0 0 0 0 0 0 0 0 0
-386.4 -815.3 2544.2 0 0 0 0 0 0 0 0 0
-273.6 -833.8 2752.8 0 0 0 0 0 0 0 0 0
-168.9 456.7 2744.8 9 0.5151795149 0.2560424507 -0.8179439902 -0.2692166269 0.9543761015 0.1291847676 0.8137029409 0.1536507607 0.5606058836
-221.0 262.5 2713.6 0.5151795149 0.2560424507 -0.8179439902 -0.2692166269 0.9543761015 0.1291847676 0.8137029409 0.1536507607 0.5606058836
-265.9 70.7 2687.6 0.5240884423 0.2261864990 -0.8210791349 -0.2337522209 0.9652668238 0.1167043075 0.8189573884 0.1307657063 0.5587567687
-297.5 296.6 2594.0 -0.2207032889 0.7820074558 -0.5828845501 0.8469766378 0.4500153959 0.2830489874 0.4836534262 -0.4312197268 -0.7616619468
-231.8 44.2 2449.8 -0.6060764194 0.7820074558 -0.1453812122 0.7104355693 0.4500153959 -0.5410798788 -0.3577046990 -0.4312197268 -0.8283096552
-144.5 228.3 2833.1 0.0192992631 0.7225930095 -0.6910042167 -0.8833885789 0.3360028565 0.3266905844 0.4682437479 0.6041203141 0.6448150277
-140.6 51.4 2926.9 0.5652666092 0.7225930095 -0.3979107141 -0.7902512550 0.3360028565 -0.5124500394 -0.2365936786 0.6041203141 0.7609612942
-355.8 -93.0 2584.7 0.6310783625 0.0891485810 -0.7705794573 -0.0429115668 0.9958652258 0.0800688565 0.7745313048 -0.0174629483 0.6322944760
-391.2 -488.7 2591.6 0.6333188415 -0.0195999686 -0.7736427188 -0.1011048257 0.9890156984 -0.1078227162 0.7672581673 0.1465051770 0.6243806481
-264.2 -137.6 2737.1 -0.2685952783 0.2392630726 0.9330646992 -0.0176605377 0.9672739506 -0.2531190515 -0.9630911946 -0.0844650120 -0.2555797100
-359.2 -521.8 2770.7 -0.2685952783 -0.2757632136 0.9229362011 -0.0176605377 0.9593937993 0.2815167308 -0.9630911946 0.0593145154 -0.2625587583
-55.3 -162.6 2554.0 0 0 0 0 0 0 0 0 0
6.2 -153.9 2865.4 0 0 0 0 0 0 0 0 0
-384.7 -818.0 2542.9 0 0 0 0 0 0 0 0 0
-269.2 -835.1 2751.3 0 0 0 0 0 0 0 0 0
-171.5 456.2 2749.3 0 0.5021063685 0.2427736223 -0.8300302029 -0.2789719105 0.9539481997 0.1102609187 0.8185742497 0.1761923879 0.5467105508
-221.2 260.7 2713.2 0.5021063685 0.2427736223 -0.8300302029 -0.2789719105 0.9539481997 0.1102609187 0.8185742497 0.1761923879 0.5467105508
-264.4 69.1 2683.6 0.5108666420 0.2175215781 -0.8316848278 -0.2424576730 0.9646399021 0.1033642218 0.8247603178 0.1488430351 0.5455421209
-295.8 296.2 2592.8 -0.2654825151 0.8084780574 -0.5252449512 0.8585136533 0.4461478591 0.2527970672 0.4387177825 -0.3838167787 -0.8125339150
-216.1 38.3 2461.0 -0.5839449167 0.8084780574 -0.0732911229 0.6893333197 0.4461478591 -0.5707640648 -0.4287515283 -0.3838167787 -0.8178366423
-146.6 225.3 2833.6 0.0167573355 0.7094068527 -0.7045999169 -0.8899716139 0.3317646980 0.3128620684 0.4557078779 0.6218312383 0.6369115114
-143.2 47.1 2924.9 0.5746474266 0.7094068527 -0.4080713391 -0.7830994725 0.3317646980 -0.5260108113 -0.2377720475 0.6218312383 0.7461838722
-358.9 -99.7 2586.5 0.6174415946 0.0870992839 -0.7817797661 -0.0497076213 0.9961848259 0.0717279166 0.7850446105 -0.0054273894 0.6194154620
-393.5 -495.6 2588.7 0.6194099784 -0.0281194579 -0.7845638990 -0.0956491828 0.9892103672 -0.1109688058 0.7792191505 0.1437780857 0.6100372076
-262.8 -142.6 2736.7 -0.2542499304 0.2248228788 0.9406442642 -0.0180846211 0.9713302851 -0.2370452732 -0.9669694304 -0.0772799402 -0.2428947985
-352.1 -528.4 2767.4 -0.2555570602 -0.2516667247 0.9334636927 -0.0130789084 0.9663365483 0.2569487691 -0.9667055011 0.0534563810 -0.2502456307
-46.5 -161.8 2585.5 0 0 0 0 0 0 0 0 0
6.1 -156.4 2863.1 0 0 0 0 0 0 0 0 0
-384.2 -820.1 2541.5 0 0 0 0 0 0 0 0 0
-274.0 -828.3 2750.8 0 0 0 0 0 0 0 0 0
