-360.7 513.2 2566.7 11 0.6048309803 0.1050720513 -0.7893917561 0.0420376994 0.9856628776 0.1634059697 0.7952435613 -0.1320172101 0.5917424560
-382.2 311.6 2593.7 0.6048309803 0.1050720513 -0.7893917561 0.0420376994 0.9856628776 0.1634059697 0.7952435613 -0.1320172101 0.5917424560
-401.8 118.5 2620.0 0.6053751707 0.0997712389 -0.7896623611 0.0472752005 0.9858538508 0.1608017534 0.7945350409 -0.1346768290 0.5920947194
-468.5 304.9 2480.4 -0.3221355677 0.2855242491 -0.9026098847 0.8804382682 0.4407669902 -0.1747940332 0.3479326963 -0.8509996533 -0.3933731914
-373.2 44.4 2377.5 -0.7876883149 0.2855242491 -0.5459148884 0.6137381196 0.4407669902 -0.6550191045 0.0535974316 -0.8509996533 -0.5224241018
-296.0 318.3 2706.9 0.7500317693 0.5482063293 0.3700298965 -0.6613336205 0.6135713458 0.4314719439 0.0094959168 -0.5683308840 0.8227453232
-87.4 134.4 2709.5 0.2361532003 0.5482063293 0.8023100495 -0.7654525638 0.6135713458 -0.1939395219 -0.5985933542 -0.5683308840 0.5645228028
-471.8 -78.7 2572.8 -0.5098211765 0.1792584807 0.8413969278 0.1101171151 0.9836020470 -0.1428326964 -0.8532037139 0.0198330656 -0.5212005973
-542.0 -464.0 2565.0 -0.5007652044 -0.1432834417 0.8536416292 0.0391963497 0.9814387560 0.1877276003 -0.8646952510 0.1274670810 -0.4858541787
-363.9 -70.3 2717.5 -0.8913193941 -0.0134971095 -0.4531750083 -0.0187868867 0.9997977614 0.0071732448 0.4529865384 0.0149073992 -0.8913927078
-358.6 -461.8 2711.6 -0.8806177974 0.1579891294 -0.4467121959 0.0700295568 0.9758172035 0.2070667595 0.4686237276 0.1510636061 -0.8703858852
-153.2 -127.0 2362.6 0 0 0 0 0 0 0 0 0
-19.4 -85.8 2537.3 0 0 0 0 0 0 0 0 0
-496.7 -774.3 2524.7 0 0 0 0 0 0 0 0 0
-418.0 -829.0 2654.8 0 0 0 0 0 0 0 0 0
-362.1 510.2 2567.0 12 0.6039035320 0.0954257771 -0.7913244963 0.0502624214 0.9862721562 0.1572925299 0.7954710722 -0.1347634047 0.5908168554
-381.6 309.0 2594.5 0.6039035320 0.0954257771 -0.7913244963 0.0502624214 0.9862721562 0.1572925299 0.7954710722 -0.1347634047 0.5908168554
-399.4 115.8 2621.5 0.6043986678 0.0909855887 -0.7914694548 0.0555019937 0.9862346053 0.1557589769 0.7947463393 -0.1380686462 0.5910289884
-467.7 301.1 2481.2 -0.3185918033 0.3106066883 -0.8955572248 0.8751521111 0.4593468606 -0.1520171762 0.3641538620 -0.8321802020 -0.4181722701
-375.3 47.2 2375.6 -0.7852686048 0.3106066883 -0.5356087685 0.6173189282 0.4593468606 -0.6386843920 0.0476505458 -0.8321802020 -0.5524540544
-295.4 316.9 2707.7 0.7646065354 0.5253365040 0.3733610213 -0.6440430880 0.6010519266 0.4732283652 0.0241947863 -0.6022940874 0.7979075313
-87.2 141.5 2714.3 0.2177746296 0.5253365040 0.8225544095 -0.7792350650 0.6010519266 -0.1775650084 -0.5876792669 -0.6022940874 0.5402544737
-476.0 -78.8 2574.6 -0.5098941922 0.1738976985 0.8424770236 0.1044359356 0.9846240878 -0.1400306225 -0.8538741469 0.0165840741 -0.5202152729
-544.1 -464.5 2568.1 -0.5015124679 -0.1543975919 0.8512617946 0.0456793159 0.9778484702 0.2042687684 -0.8639436364 0.1413283944 -0.4833504260
-366.6 -70.3 2718.2 -0.8913268447 -0.0146449823 -0.4531246424 -0.0299223755 0.9991991520 0.0265652388 0.4523727000 0.0372368768 -0.8910512924
-360.8 -461.5 2703.6 -0.8796719313 0.1524191499 -0.4504949450 0.0828206167 0.9818739891 0.1704823375 0.4683140218 0.1126582623 -0.8763504624
-155.9 -125.2 2362.3 0 0 0 0 0 0 0 0 0
-24.3 -83.8 2544.4 0 0 0 0 0 0 0 0 0
-494.7 -777.3 2522.9 0 0 0 0 0 0 0 0 0
-418.2 -830.9 2661.2 0 0 0 0 0 0 0 0 0
-362.0 509.8 2565.1 13 0.6012324095 0.0924492553 -0.7937082052 0.0556836165 0.9860228300 0.1570298374 0.7971316576 -0.1386079788 0.5876809955
-380.9 308.3 2593.5 0.6012324095 0.0924492553 -0.7937082052 0.0556836165 0.9860228300 0.1570298374 0.7971316576 -0.1386079788 0.5876809955
-398.0 115.2 2621.1 0.6016819477 0.0876387507 -0.7939132452 0.0606061853 0.9860876203 0.1547840834 0.7964331508 -0.1412468404 0.5879996419
-466.6 299.7 2480.0 -0.3136929870 0.3035084903 -0.8997106552 0.8792220950 0.4506555498 -0.1545252502 0.3585599065 -0.8395190239 -0.4082188606
-376.8 47.9 2377.3 -0.7850077748 0.3035084903 -0.5400420427 0.6176428199 0.4506555498 -0.6445361972 0.0477507487 -0.8395190239 -0.5412279367
-295.1 316.9 2707.0 0.7713338733 0.5010626912 0.3924031854 -0.6359707117 0.5833950043 0.5051648021 0.0241931677 -0.6392076612 0.7686535120
-86.4 144.8 2713.5 0.2075943947 0.5010626912 0.8401432633 -0.7980780005 0.5833950043 -0.1507373154 -0.5656642318 -0.6392076612 0.5209966302
-471.8 -82.4 2576.7 -0.5057637095 0.1888866425 0.8417392373 0.1095812842 0.9818976521 -0.1544957310 -0.8556839228 0.0141005348 -0.5173066258
-545.8 -466.9 2571.2 -0.4978428483 -0.1581917256 0.8527179360 0.0562208854 0.9752691984 0.2137502581 -0.8654430509 0.1543546021 -0.4766371250
-362.6 -72.3 2720.4 -0.8926946521 -0.0058987089 -0.4506234825 -0.0258658566 0.9989366531 0.0381646194 0.4499191642 0.0457251146 -0.8918979764
-360.3 -463.5 2702.5 -0.8800653815 0.1567791998 -0.4482244551 0.0963939726 0.9832545519 0.1546565741 0.4649656713 0.0929017588 -0.8804408908
-158.0 -124.2 2364.0 0 0 0 0 0 0 0 0 0
-26.8 -84.2 2551.2 0 0 0 0 0 0 0 0 0
-495.5 -777.2 2522.1 0 0 0 0 0 0 0 0 0
-419.3 -833.6 2667.5 0 0 0 0 0 0 0 0 0
-362.3 509.1 2556.2 14 0.6115936041 0.0941280723 -0.7855527401 0.0696780458 0.9826312065 0.1719907820 0.7880978584 -0.1599242538 0.5944123268
-381.5 308.4 2588.9 0.6115936041 0.0941280723 -0.7855527401 0.0696780458 0.9826312065 0.1719907820 0.7880978584 -0.1599242538 0.5944123268
-399.1 115.9 2620.2 0.6118203402 0.0901051983 -0.7858479023 0.0720971748 0.9830027223 0.1688420624 0.7877041698 -0.1599584222 0.5949247479
-468.7 298.1 2476.6 -0.3229502738 0.3038334846 -0.8963193297 0.8796319962 0.4458171427 -0.1658150256 0.3492143452 -0.8419811726 -0.4112384319
-376.7 47.7 2377.2 -0.7846152186 0.3038334846 -0.5404295921 0.6183983088 0.4458171427 -0.6471712589 0.0443004742 -0.8419811726 -0.5376850367
-294.3 318.6 2701.1 0.7750228047 0.5588408709 0.2950195968 -0.6259583235 0.6148527265 0.4797210395 0.0866941214 -0.5564647317 0.8263359666
-87.0 151.2 2724.3 0.2515153289 0.5588408709 0.7902132273 -0.7650865912 0.6148527265 -0.1913076788 -0.5927752852 -0.5564647317 0.5822065473
-469.6 -83.4 2576.8 -0.5117108822 0.1861192286 0.8387559652 0.1183438823 0.9822171926 -0.1457535475 -0.8509680629 0.0246779602 -0.5246373415
-542.5 -468.1 2567.1 -0.5028449893 -0.1473623067 0.8517225385 0.0518505462 0.9784436226 0.1998990327 -0.8628200293 0.1446805000 -0.4843646884
-360.8 -72.5 2720.8 -0.8870973587 -0.0030214938 -0.4615724981 -0.0240700580 0.9989208579 0.0397212803 0.4609543681 0.0463467203 -0.8862127662
-359.6 -463.7 2702.6 -0.8730843663 0.1672531366 -0.4579848349 0.0984694138 0.9804534912 0.1703371108 0.4775222540 0.1036211625 -0.8724879026
-159.4 -123.6 2364.9 0 0 0 0 0 0 0 0 0
-14.7 -68.7 2553.9 0 0 0 0 0 0 0 0 0
-496.3 -774.9 2521.8 0 0 0 0 0 0 0 0 0
-422.6 -832.8 2663.6 0 0 0 0 0 0 0 0 0
-362.6 509.3 2560.2 15 0.6051989794 0.0984314755 -0.7899654508 0.0642592013 0.9830479026 0.1717194766 0.7934765220 -0.1546870023 0.5886144638
-382.7 309.0 2591.8 0.6051989794 0.0984314755 -0.7899654508 0.0642592013 0.9830479026 0.1717194766 0.7934765220 -0.1546870023 0.5886144638
-401.7 116.5 2622.6 0.6054714918 0.0971521139 -0.7899150252 0.0669983700 0.9827762842 0.1722266227 0.7930418849 -0.1572013348 0.5885339975
-468.9 299.4 2478.8 -0.3319168985 0.3326189220 -0.8827207088 0.8776528239 0.4518975914 -0.1597312987 0.3457697034 -0.8277398348 -0.4419164062
-371.8 42.6 2377.6 -0.7806479335 0.3326189220 -0.5291063190 0.6243798137 0.4518975914 -0.6371330023 0.0271793790 -0.8277398348 -0.5604534745
-296.4 318.5 2704.8 0.7870393395 0.5137290955 0.3415427506 -0.6151379347 0.6116877794 0.4974368513 0.0466302671 -0.6015982628 0.7974365950
-80.8 150.0 2717.5 0.2577040792 0.5137290955 0.8183342814 -0.7788392901 0.6116877794 -0.1387351602 -0.5718373656 -0.6015982628 0.5577468276
-472.0 -83.1 2580.3 -0.5033298731 0.1803316474 0.8450677991 0.1250714064 0.9828861952 -0.1352474988 -0.8549948335 0.0376197137 -0.5172703266
-542.7 -468.1 2565.6 -0.4930246472 -0.1498106271 0.8570201397 0.0477891043 0.9789128304 0.1986099780 -0.8687018752 0.1388758421 -0.4754688144
-361.4 -70.1 2722.7 -0.8911277056 -0.0035672819 -0.4537385702 -0.0227550231 0.9990622401 0.0368355177 0.4531816840 0.0431499816 -0.8903732300
-360.0 -461.4 2705.8 -0.8781163692 0.1624066830 -0.4500396848 0.0933163762 0.9806973934 0.1718274653 0.4692586958 0.1088884398 -0.8763216138
-155.4 -130.5 2370.0 0 0 0 0 0 0 0 0 0
-7.4 -72.0 2554.6 0 0 0 0 0 0 0 0 0
-495.8 -774.6 2522.1 0 0 0 0 0 0 0 0 0
-421.2 -830.7 2664.8 0 0 0 0 0 0 0 0 0
-363.8 506.9 2561.8 16 0.6057114601 0.0945046097 -0.7900522351 0.0634433925 0.9840241075 0.1663474888 0.7931510806 -0.1508821696 0.5900389552
-382.9 308.7 2592.1 0.6057114601 0.0945046097 -0.7900522351 0.0634433925 0.9840241075 0.1663474888 0.7931510806 -0.1508821696 0.5900389552
-401.1 116.0 2622.0 0.6058874130 0.0934439674 -0.7900434732 0.0652857721 0.9838880897 0.1664392352 0.7928671241 -0.1524220407 0.5900248289
-469.2 299.4 2479.2 -0.3304373622 0.3001841903 -0.8948187232 0.8793433905 0.4423372447 -0.1763320863 0.3428795636 -0.8451196551 -0.4101297259
-372.9 43.1 2379.2 -0.7897518873 0.3001841903 -0.5349592566 0.6121292710 0.4423372447 -0.6554659009 0.0398719199 -0.8451196551 -0.5330882072
-296.5 318.0 2705.1 0.7943292856 0.4760240018 0.3774150908 -0.6070497036 0.5984031558 0.5228807330 0.0230573826 -0.6444492340 0.7642993927
-71.5 146.0 2711.7 0.2407399416 0.4760240018 0.8458400965 -0.7934779525 0.5984031558 -0.1109340116 -0.5589606762 -0.6444492340 0.5217741132
-475.4 -82.0 2581.7 -0.5050454736 0.1687750816 0.8464301825 0.1243358850 0.9846921563 -0.1221556365 -0.8540899754 0.0435474962 -0.5182991028
-541.5 -467.7 2564.6 -0.4948898256 -0.1454746723 0.8566920161 0.0450985469 0.9802581668 0.1925097257 -0.8677846193 0.1339066774 -0.4785591066
-366.0 -69.9 2725.0 -0.8905820251 -0.0178674236 -0.4544715285 -0.0344058834 0.9990115166 0.0281458758 0.4535194039 0.0407027081 -0.8903164864
-359.0 -461.2 2709.1 -0.8780265450 0.1622496992 -0.4502715468 0.0738938302 0.9754608274 0.2074025869 0.4728732705 0.1488326788 -0.8684697747
-153.3 -127.1 2368.1 0 0 0 0 0 0 0 0 0
-3.7 -77.4 2554.2 0 0 0 0 0 0 0 0 0
-495.9 -775.0 2522.6 0 0 0 0 0 0 0 0 0
-420.0 -828.3 2653.1 0 0 0 0 0 0 0 0 0
-365.5 506.6 2563.0 17 0.6027031541 0.0898863077 -0.7928867340 0.0658496395 0.9846438169 0.1616798192 0.7952437997 -0.1496562511 0.5875289440
-383.7 307.7 2593.2 0.6027031541 0.0898863077 -0.7928867340 0.0658496395 0.9846438169 0.1616798192 0.7952437997 -0.1496562511 0.5875289440
-400.6 114.9 2623.1 0.6030793190 0.0865218788 -0.7929749489 0.0700485036 0.9845153093 0.1606947631 0.7945995927 -0.1524583995 0.5876801014
-469.6 297.7 2480.0 -0.3299045265 0.2707194388 -0.9043638706 0.8784480095 0.4388341606 -0.1890865266 0.3456763625 -0.8568171263 -0.3825863004
-374.4 44.2 2380.2 -0.7938034534 0.2707194388 -0.5445980430 0.6052863598 0.4388341606 -0.6641181707 0.0591985472 -0.8568171263 -0.5122108459
-297.7 317.7 2706.5 0.7791755199 0.4511520267 0.4351406097 -0.6255422831 0.6037483215 0.4941506088 -0.0397783630 -0.6572288871 0.7526406050
-66.5 132.0 2694.7 0.2411360294 0.4511520267 0.8592527509 -0.7915092111 0.6037483215 -0.0948741511 -0.5615750551 -0.6572288871 0.5026764870
-474.2 -82.6 2580.2 -0.5039915442 0.1727233976 0.8462618589 0.1172971576 0.9844103456 -0.1310633570 -0.8557066917 0.0332092904 -0.5163944364
-541.9 -468.1 2567.2 -0.4952319264 -0.1471467316 0.8562086225 0.0517167151 0.9788104892 0.1981299073 -0.8672201037 0.1424005479 -0.4771282375
-364.7 -70.8 2723.5 -0.8918631077 -0.0140587250 -0.4520868659 -0.0282204673 0.9992990494 0.0245968737 0.4514241815 0.0346951485 -0.8916347027
-359.2 -462.2 2709.9 -0.8799965978 0.1576750726 -0.4480452240 0.0776552334 0.9783606529 0.1917814016 0.4685889781 0.1339739263 -0.8731983304
-153.1 -124.6 2363.7 0 0 0 0 0 0 0 0 0
2.4 -94.1 2534.3 0 0 0 0 0 0 0 0 0
-495.7 -775.0 2522.5 0 0 0 0 0 0 0 0 0
-418.5 -830.5 2659.5 0 0 0 0 0 0 0 0 0
-367.0 504.0 2565.1 18 0.5980696082 0.0874745473 -0.7966561317 0.0660882741 0.9852574468 0.1577975005 0.7987146378 -0.1470235139 0.5834714770
-384.6 305.4 2594.8 0.5980696082 0.0874745473 -0.7966561317 0.0660882741 0.9852574468 0.1577975005 0.7987146378 -0.1470235139 0.5834714770
-401.5 112.6 2624.5 0.5984877944 0.0860565677 -0.7964965105 0.0708353221 0.9846355319 0.1596095264 0.7979941964 -0.1519444436 0.5831964612
-469.9 295.3 2481.0 -0.3296957314 0.2870424390 -0.8993927836 0.8740401268 0.4529116750 -0.1758546680 0.3568677604 -0.8440839052 -0.4002096355
-375.9 46.2 2379.3 -0.7896425128 0.2870424390 -0.5422834754 0.6107084155 0.4529116750 -0.6495430470 0.0591601022 -0.8440839052 -0.5329375267
-299.3 315.5 2708.5 0.7852859497 0.4395630956 0.4360163510 -0.6168980002 0.6153007746 0.4907564223 -0.0525627770 -0.6543617249 0.7543526292
-64.9 131.4 2692.8 0.2712131739 0.4395630956 0.8562871814 -0.7854327559 0.6153007746 -0.0670847371 -0.5563620925 -0.6543617249 0.5121248960
-472.1 -84.3 2581.1 -0.4970445931 0.1782862991 0.8492118120 0.1293917298 0.9829513431 -0.1306308955 -0.8580235839 0.0449516065 -0.5116394162
-541.9 -469.2 2563.5 -0.4858745635 -0.1480224878 0.8614030480 0.0430217236 0.9803099036 0.1927217096 -0.8729690909 0.1306976229 -0.4699394703
-363.0 -71.6 2724.8 -0.8943846822 -0.0096120639 -0.4471953511 -0.0274246614 0.9990665913 0.0333749130 0.4464571178 0.0421141908 -0.8938134313
-359.3 -462.9 2708.3 -0.8821163177 0.1591852903 -0.4433179498 0.0825548396 0.9788442850 0.1872124672 0.4637407362 0.1285451353 -0.8765960932
-156.0 -123.9 2362.8 0 0 0 0 0 0 0 0 0
12.9 -94.1 2533.1 0 0 0 0 0 0 0 0 0
-495.8 -774.2 2522.9 0 0 0 0 0 0 0 0 0
-419.2 -831.5 2659.9 0 0 0 0 0 0 0 0 0
-370.3 502.6 2566.7 19 0.5907456875 0.0710723400 -0.8037214875 0.0745372400 0.9870463610 0.1420694143 0.8034075499 -0.1438340843 0.5777958632
-384.6 303.6 2595.7 0.5907456875 0.0710723400 -0.8037214875 0.0745372400 0.9870463610 0.1420694143 0.8034075499 -0.1438340843 0.5777958632
-398.4 110.4 2624.9 0.5910626054 0.0704099610 -0.8035467863 0.0789572224 0.9863486886 0.1445061266 0.8027520180 -0.1488579959 0.5774344206
-468.8 292.3 2481.3 -0.3277333081 0.2882614136 -0.8997200727 0.8729233742 0.4566578269 -0.1716636568 0.3613802195 -0.8416466117 -0.4012921154
-376.7 46.9 2379.7 -0.7874439955 0.2882614136 -0.5448278189 0.6131593585 0.4566578269 -0.6445922852 0.0629888028 -0.8416466117 -0.5363426208
-300.4 314.8 2710.1 0.7843518257 0.4662985206 0.4090939462 -0.6168001890 0.6563817859 0.4344197512 -0.0659525245 -0.5930671692 0.8024472594
-63.4 128.4 2690.2 0.3009774089 0.4662985206 0.8318523169 -0.7481344938 0.6563817859 -0.0972507671 -0.5913606286 -0.5930671692 0.5464100838
-472.4 -86.7 2582.2 -0.4923599362 0.1800910085 0.8515567780 0.1244668514 0.9828733206 -0.1358971745 -0.8614462614 0.0390802622 -0.5063428283
-543.0 -471.6 2566.9 -0.4820670784 -0.1529615670 0.8626784086 0.0497413874 0.9782754183 0.2012536973 -0.8747211695 0.1399286091 -0.4639858305
-364.2 -73.9 2726.4 -0.8974190354 -0.0112232687 -0.4410364330 -0.0313240662 0.9987743497 0.0383217745 0.4400658011 0.0482057445 -0.8966706991
-359.8 -465.1 2707.6 -0.8853706121 0.1567842364 -0.4376500249 0.0798261166 0.9787034392 0.1891227365 0.4579810500 0.1325078160 -0.8790307641
-158.0 -123.4 2362.2 0 0 0 0 0 0 0 0 0
23.8 -88.3 2518.9 0 0 0 0 0 0 0 0 0
-495.7 -773.9 2523.6 0 0 0 0 0 0 0 0 0
-418.9 -833.7 2657.7 0 0 0 0 0 0 0 0 0
-363.9 504.9 2557.0 20 0.6008164287 0.0908624753 -0.7942062616 0.0797838569 0.9817423820 0.1726742834 0.7953955531 -0.1671103835 0.5825976133
-382.3 306.0 2590.9 0.6008164287 0.0908624753 -0.7942062616 0.0797838569 0.9817423820 0.1726742834 0.7953955531 -0.1671103835 0.5825976133
-399.4 113.8 2623.9 0.6010816693 0.0877092406 -0.7943601012 0.0827000737 0.9817970395 0.1709831357 0.7948971987 -0.1684684604 0.5828866363
-467.9 294.2 2477.6 -0.3245948553 0.2782038748 -0.9040136933 0.8802295327 0.4386475980 -0.1810641885 0.3461706936 -0.8545120955 -0.3872660100
-376.7 46.7 2380.2 -0.7864305973 0.2782038748 -0.5514793992 0.6148006320 0.4386475980 -0.6554452181 0.0595577285 -0.8545120955 -0.5160058141
-296.6 317.8 2704.1 0.7745796442 0.5016011596 0.3852565885 -0.6294722557 0.6706799269 0.3923685849 -0.0615713187 -0.5464290977 0.8352390528
-61.8 126.9 2685.5 0.3099221289 0.5016011596 0.8076785207 -0.7290269732 0.6706799269 -0.1367774606 -0.6103014946 -0.5464290977 0.5735393167
-465.6 -89.9 2581.5 -0.4964083433 0.1984792501 0.8450945020 0.1310426593 0.9794885516 -0.1530686468 -0.8581413627 0.0347588882 -0.5122355223
-543.3 -473.5 2567.9 -0.4852086604 -0.1552471519 0.8605061769 0.0501782373 0.9775468111 0.2046566159 -0.8729574680 0.1424798518 -0.4665241539
-358.8 -75.6 2726.6 -0.8931375742 0.0040677274 -0.4497651458 -0.0176128782 0.9988758564 0.0440093651 0.4494385719 0.0472280756 -0.8920619488
-360.4 -466.9 2708.1 -0.8830043077 0.1538414210 -0.4434367716 0.0689022392 0.9770103097 0.2017506957 0.4642799199 0.1475929469 -0.8733043671
-159.2 -123.2 2363.8 0 0 0 0 0 0 0 0 0
29.2 -87.2 2506.2 0 0 0 0 0 0 0 0 0
-495.8 -772.9 2524.2 0 0 0 0 0 0 0 0 0
-418.3 -834.8 2652.5 0 0 0 0 0 0 0 0 0
-362.4 508.3 2552.6 21 0.6149984598 0.0964593440 -0.7826062441 0.0800139084 0.9797328711 0.1836336255 0.7844582200 -0.1755537838 0.5948160887
-382.0 308.9 2588.4 0.6149984598 0.0964593440 -0.7826062441 0.0800139084 0.9797328711 0.1836336255 0.7844582200 -0.1755537838 0.5948160887
-400.0 117.0 2622.6 0.6151852012 0.0921082795 -0.7829835415 0.0819550976 0.9802994728 0.1797116399 0.7841113210 -0.1747254282 0.5955169797
-469.7 297.3 2476.6 -0.3284307718 0.2787865996 -0.9024473429 0.8800904751 0.4371810257 -0.1852391362 0.3428906798 -0.8550735712 -0.3889411390
-376.1 46.5 2378.9 -0.7857961655 0.2787865996 -0.5520891547 0.6157035232 0.4371810257 -0.6555775404 0.0585966744 -0.8550735712 -0.5151850581
-294.3 320.6 2700.1 0.7768742442 0.5399174094 0.3239684999 -0.6289211512 0.6902236342 0.3578400910 -0.0304066110 -0.4817474186 0.8757824302
-69.5 138.6 2691.3 0.3598435521 0.5399174094 0.7609217167 -0.7066765428 0.6902236342 -0.1555623263 -0.6091969013 -0.4817474186 0.6299194694
-470.9 -85.9 2585.0 -0.5095080733 0.1858766377 0.8401496410 0.1332676411 0.9816541076 -0.1363633573 -0.8500831127 0.0424865410 -0.5249320269
-543.7 -470.3 2568.4 -0.4980650246 -0.1558763385 0.8530145288 0.0504531302 0.9768348932 0.2079617232 -0.8656706810 0.1466157138 -0.4786628485
-362.2 -71.0 2728.7 -0.8854757547 -0.0065302164 -0.4646397531 -0.0255305246 0.9990746379 0.0346128084 0.4639837444 0.0425112993 -0.8848230839
-359.7 -462.3 2712.1 -0.8759297729 0.1502913386 -0.4584315717 0.0568565466 0.9757748842 0.2112597972 0.4790765345 0.1589839160 -0.8632553220
-159.7 -123.0 2362.8 0 0 0 0 0 0 0 0 0
32.2 -61.2 2519.1 0 0 0 0 0 0 0 0 0
-495.5 -772.4 2523.1 0 0 0 0 0 0 0 0 0
-416.3 -829.8 2652.2 0 0 0 0 0 0 0 0 0
-365.5 507.2 2550.0 22 0.6137836576 0.0877020210 -0.7845878005 0.0916610733 0.9791728854 0.1811594814 0.7841351032 -0.1831088811 0.5929614305
-383.4 307.9 2587.2 0.6137836576 0.0877020210 -0.7845878005 0.0916610733 0.9791728854 0.1811594814 0.7841351032 -0.1831088811 0.5929614305
-400.1 116.1 2622.9 0.6138521433 0.0852368027 -0.7848058939 0.0924365595 0.9795537591 0.1786893010 0.7839904428 -0.1822335571 0.5934221745
-470.9 294.7 2475.5 -0.3447287381 0.3252356946 -0.8805588484 0.8745424151 0.4521253109 -0.1753802449 0.3410830200 -0.8305446506 -0.4402929842
-371.2 42.0 2377.0 -0.7811205387 0.3252356946 -0.5329844952 0.6234796643 0.4521253109 -0.6378524899 0.0335233770 -0.8305446506 -0.5559421778
-295.9 321.0 2699.0 0.7793869376 0.5483932495 0.3030195236 -0.6261298060 0.6992825270 0.3449136913 -0.0227479134 -0.4585507810 0.8883770108
-65.5 136.0 2692.2 0.3393127024 0.5483932495 0.7642851472 -0.6872700453 0.6992825270 -0.1966312528 -0.6422824860 -0.4585507810 0.6141697168
-473.6 -82.4 2586.0 -0.5084414482 0.1767152548 0.8427686691 0.1297635734 0.9832628965 -0.1278884411 -0.8512629867 0.0443368778 -0.5228628516
-542.8 -467.5 2568.6 -0.4977127612 -0.1510101557 0.8540948033 0.0495253913 0.9781721234 0.2018082142 -0.8659268022 0.1427419037 -0.4793699086
-362.4 -67.6 2727.7 -0.8857516050 -0.0055694114 -0.4641261697 -0.0230470467 0.9992223382 0.0319931917 0.4635870457 0.0390347615 -0.8851911426
-360.2 -459.0 2712.4 -0.8754141927 0.1518811435 -0.4588922262 0.0683592334 0.9787117243 0.1935208589 0.4785153866 0.1380413920 -0.8671606779
-155.5 -130.1 2367.7 0 0 0 0 0 0 0 0 0
32.3 -62.2 2507.1 0 0 0 0 0 0 0 0 0
-495.9 -771.7 2524.2 0 0 0 0 0 0 0 0 0
-417.4 -827.5 2660.4 0 0 0 0 0 0 0 0 0
-368.1 504.5 2550.1 23 0.6123196483 0.0798374414 -0.7865688801 0.0974033996 0.9796911478 0.1752650738 0.7845872641 -0.1839327365 0.5921077132
-384.3 305.5 2587.5 0.6123196483 0.0798374414 -0.7865688801 0.0974033996 0.9796911478 0.1752650738 0.7845872641 -0.1839327365 0.5921077132
-399.2 113.6 2623.4 0.6124517322 0.0762282535 -0.7868241072 0.0990613997 0.9800929427 0.1720601916 0.7842765450 -0.1833224595 0.5927082896
-471.6 291.4 2475.7 -0.3470553458 0.3024217784 -0.8877463937 0.8736166358 0.4485224783 -0.1887367219 0.3410961330 -0.8410521150 -0.4198628366
-372.9 43.1 2378.8 -0.7852236032 0.3024217784 -0.5403378010 0.6174319983 0.4485224783 -0.6462239027 0.0469214618 -0.8410521150 -0.5389153361
-297.0 319.6 2699.3 0.7805737853 0.5255468488 0.3383860290 -0.6231857538 0.6962590814 0.3561780751 -0.0484160669 -0.4889006019 0.8709948659
-65.2 134.6 2684.9 0.3396395147 0.5255468488 0.7800291777 -0.6985855103 0.6962590814 -0.1649291217 -0.6297803521 -0.4889006019 0.6036165357
-472.2 -84.1 2587.8 -0.5078135133 0.1780016869 0.8428764939 0.1311965287 0.9829867482 -0.1285478026 -0.8514181972 0.0453041643 -0.5225271583
-541.9 -469.1 2570.0 -0.4982226193 -0.1471376717 0.8544733524 0.0584092438 0.9775615931 0.2023900896 -0.8650795221 0.1507444680 -0.4784490764
-361.3 -67.4 2729.5 -0.8857950568 -0.0051717372 -0.4640478194 -0.0313958228 0.9983148575 0.0488036834 0.4630134404 0.0577992238 -0.8844646811
-359.2 -458.4 2706.9 -0.8742640018 0.1542463005 -0.4602940083 0.0746071488 0.9796059132 0.1865638942 0.4796834886 0.1287648678 -0.8679420352
-156.1 -127.4 2365.8 0 0 0 0 0 0 0 0 0
33.2 -67.9 2502.4 0 0 0 0 0 0 0 0 0
-496.6 -770.5 2523.6 0 0 0 0 0 0 0 0 0
-417.3 -827.3 2658.4 0 0 0 0 0 0 0 0 0
-370.1 505.5 2557.7 24 0.6144108176 0.0786049590 -0.7850608826 0.0778606683 0.9841271043 0.1594726145 0.7851350307 -0.1591070741 0.5985381603
-386.0 306.0 2590.0 0.6144108176 0.0786049590 -0.7850608826 0.0778606683 0.9841271043 0.1594726145 0.7851350307 -0.1591070741 0.5985381603
-401.3 113.3 2621.6 0.6145966053 0.0780822113 -0.7849676609 0.0801935792 0.9837492704 0.1606435925 0.7847547531 -0.1616803706 0.5983472466
-473.6 294.5 2478.1 -0.3464367390 0.2947437465 -0.8905659318 0.8729596734 0.4488248825 -0.1910436451 0.3433992565 -0.8436126709 -0.4127888381
-374.2 44.1 2379.6 -0.7864398956 0.2947437465 -0.5428060889 0.6154187322 0.4488248825 -0.6479321122 0.0526509471 -0.8436126709 -0.5343646407
-298.4 317.4 2701.8 0.7648271918 0.4504072070 0.4606221020 -0.6299251914 0.6727015972 0.3881582320 -0.1350319684 -0.5870314240 0.7982233167
-61.8 122.5 2660.0 0.2862205505 0.4504072070 0.8457015753 -0.7315905690 0.6727015972 -0.1106695086 -0.6187511683 -0.5870314240 0.5220546722
-469.5 -87.3 2588.4 -0.5106825829 0.1809242368 0.8405175209 0.1452815235 0.9817092419 -0.1230459139 -0.8474057913 0.0592742711 -0.5276267529
-540.3 -471.8 2565.2 -0.4990687966 -0.1430199742 0.8546786904 0.0494809113 0.9799739718 0.1928797811 -0.8651485443 0.1385505497 -0.4819976687
-358.8 -69.4 2730.2 -0.8847247958 0.0033901643 -0.4661014080 -0.0172105879 0.9990540743 0.0399346389 0.4657959044 0.0433530472 -0.8838295937
-360.1 -460.7 2713.2 -0.8760703802 0.1504780352 -0.4581016004 0.0541700646 0.9747573733 0.2165955901 0.4791308045 0.1649375856 -0.8621074557
-157.8 -125.3 2365.1 0 0 0 0 0 0 0 0 0
19.4 -85.0 2484.5 0 0 0 0 0 0 0 0 0
-496.6 -771.6 2522.8 0 0 0 0 0 0 0 0 0
-416.7 -827.6 2651.1 0 0 0 0 0 0 0 0 0
-371.7 506.5 2560.5 25 0.6197590828 0.0764358565 -0.7810609937 0.0655851439 0.9867197275 0.1486026794 0.7820468545 -0.1433238536 0.6065154076
-387.2 305.7 2589.6 0.6197590828 0.0764358565 -0.7810609937 0.0655851439 0.9867197275 0.1486026794 0.7820468545 -0.1433238536 0.6065154076
-401.9 112.7 2618.8 0.6201595068 0.0752151981 -0.7808616161 0.0707940683 0.9859654903 0.1511960626 0.7812748551 -0.1490460485 0.6061310768
-475.6 295.7 2478.3 -0.3494779766 0.2550322115 -0.9015673399 0.8768660426 0.4280472398 -0.2188184261 0.3301076591 -0.8670260310 -0.3732221723
-375.6 44.8 2383.9 -0.7867453694 0.2550322115 -0.5621300936 0.6131471395 0.4280472398 -0.6639474034 0.0712902546 -0.8670260310 -0.4931364357
-298.8 315.8 2701.0 0.7599208355 0.4377017915 0.4805595577 -0.6322551966 0.6693664193 0.3901306391 -0.1509095728 -0.6003046632 0.7854047418
-62.4 119.1 2654.0 0.2547993958 0.4377017915 0.8622612357 -0.7326307893 0.6693664193 -0.1232909486 -0.6311333776 -0.6003046632 0.4912279844
-472.1 -86.5 2582.4 -0.5232271552 0.1780393273 0.8333878517 0.1219878793 0.9835093617 -0.1335224360 -0.8434170485 0.0318006501 -0.5363174677
-541.9 -471.6 2569.9 -0.5147256255 -0.1452082396 0.8449687362 0.0572437681 0.9775330424 0.2028603852 -0.8554418087 0.1527866274 -0.4948489964
-361.0 -72.0 2724.2 -0.8812757134 -0.0018202665 -0.4725989997 -0.0126372995 0.9997257590 0.0197147653 0.4724335074 0.0233465191 -0.8810570240
-360.3 -463.5 2715.1 -0.8731204867 0.1494789273 -0.4640222788 0.0539563149 0.9756144881 0.2127558142 0.4845093787 0.1607245356 -0.8598943353
-158.8 -124.2 2364.2 0 0 0 0 0 0 0 0 0
9.7 -88.1 2475.5 0 0 0 0 0 0 0 0 0
-497.1 -773.1 2522.8 0 0 0 0 0 0 0 0 0
-416.6 -830.8 2654.5 0 0 0 0 0 0 0 0 0
-372.5 506.0 2562.9 26 0.6208625436 0.0689173713 -0.7808842063 0.0640823245 0.9883323312 0.1381761581 0.7812958360 -0.1358292699 0.6092021465
-386.6 304.5 2590.6 0.6208625436 0.0689173713 -0.7808842063 0.0640823245 0.9883323312 0.1381761581 0.7812958360 -0.1358292699 0.6092021465
-399.8 111.2 2618.4 0.6212806106 0.0673030987 -0.7806924582 0.0701467767 0.9875274301 0.1409575343 0.7804420590 -0.1423372477 0.6088105440
-475.1 294.5 2479.3 -0.3471662104 0.2906431854 -0.8916289210 0.8721826077 0.4494620264 -0.1930839568 0.3446348011 -0.8446954489 -0.4095319510
-376.2 46.0 2381.2 -0.7865489721 0.2906431854 -0.5448552370 0.6149314642 0.4494620264 -0.6479530931 0.0565686002 -0.8446954489 -0.5322495103
-298.0 314.5 2701.8 0.7564418316 0.4223064184 0.4994527996 -0.6346516609 0.6585634947 0.4043654203 -0.1581552774 -0.6228574514 0.7661824226
-66.9 120.7 2653.5 0.2400056869 0.4223064184 0.8741021752 -0.7438507080 0.6585634947 -0.1139308438 -0.6237655282 -0.6228574514 0.4721919000
-472.7 -86.8 2577.4 -0.5270519257 0.1744054109 0.8317445517 0.1176235303 0.9842660427 -0.1318525225 -0.8416537046 0.0283396114 -0.5392734408
-541.0 -472.3 2566.3 -0.5185055733 -0.1408928037 0.8433867097 0.0495780446 0.9797186255 0.1941479445 -0.8536357284 0.1424802542 -0.5010043979
-360.6 -74.0 2718.6 -0.8802045584 0.0019680986 -0.4745904505 -0.0030741803 0.9999467731 0.0098482836 0.4745845795 0.0101274801 -0.8801516294
-361.4 -465.6 2714.7 -0.8724213243 0.1513508707 -0.4647299647 0.0583570115 0.9763001204 0.2084048390 0.4852581620 0.1546965688 -0.8605774045
-159.4 -123.5 2365.6 0 0 0 0 0 0 0 0 0
1.2 -90.5 2476.4 0 0 0 0 0 0 0 0 0
-497.7 -773.7 2522.5 0 0 0 0 0 0 0 0 0
-418.4 -833.3 2656.4 0 0 0 0 0 0 0 0 0
-371.4 502.7 2555.6 27 0.6036462784 0.0721317530 -0.7939824462 0.0807024017 0.9852547646 0.1508646160 0.7931571603 -0.1551451534 0.5889241695
-386.2 301.4 2587.3 0.6036462784 0.0721317530 -0.7939824462 0.0807024017 0.9852547646 0.1508646160 0.7931571603 -0.1551451534 0.5889241695
-400.1 108.5 2618.4 0.6039131880 0.0709949508 -0.7938819528 0.0843757093 0.9847341776 0.1522477716 0.7925715446 -0.1589287817 0.5887036920
-472.2 289.3 2474.4 -0.3459831178 0.2694116533 -0.8987285495 0.8764891624 0.4345757663 -0.2071489394 0.3347573280 -0.8593958616 -0.3864922523
-376.3 46.2 2381.5 -0.7859462500 0.2694116533 -0.5565122366 0.6149148345 0.4345757663 -0.6580452919 0.0645616576 -0.8593958616 -0.5072184205
-300.1 313.4 2700.2 0.7656638026 0.4122261703 0.4937899709 -0.6256698370 0.6554790735 0.4229472578 -0.1493190825 -0.6327849030 0.7597941160
-70.8 126.1 2655.5 0.2506828606 0.4122261703 0.8759153485 -0.7493370771 0.6554790735 -0.0940269753 -0.6129046082 -0.6327849030 0.4732137322
-469.1 -88.6 2575.8 -0.5061715245 0.1815701574 0.8431029916 0.1137011871 0.9831031561 -0.1434580237 -0.8549049497 0.0232474469 -0.5182635188
-540.2 -473.6 2566.7 -0.4985614121 -0.1376625746 0.8558536768 0.0526876785 0.9806720018 0.1884315908 -0.8652517200 0.1390376538 -0.4816720784
-356.8 -75.9 2716.9 -0.8904196024 0.0185266528 -0.4547633827 0.0119632520 0.9997786880 0.0173062272 0.4549833536 0.0099693546 -0.8904441595
-364.1 -467.4 2712.9 -0.8868467212 0.1268825233 -0.4443014264 0.0430168509 0.9800543785 0.1940178722 0.4600570500 0.1529516727 -0.8746160865
-159.8 -123.2 2363.7 0 0 0 0 0 0 0 0 0
0.6 -87.5 2480.8 0 0 0 0 0 0 0 0 0
-497.9 -775.0 2523.9 0 0 0 0 0 0 0 0 0
-411.8 -836.4 2655.4 0 0 0 0 0 0 0 0 0
-369.5 504.7 2550.9 28 0.6018319726 0.0764012635 -0.7949597836 0.0873689875 0.9831401706 0.1606302559 0.7938292623 -0.1661272645 0.5850101113
-385.2 302.9 2585.0 0.6018319726 0.0764012635 -0.7949597836 0.0873689875 0.9831401706 0.1606302559 0.7938292623 -0.1661272645 0.5850101113
-399.2 110.2 2617.5 0.6020224094 0.0713602006 -0.7952840924 0.0899032280 0.9836072922 0.1563141644 0.7934018373 -0.1656032354 0.5857381225
-470.9 290.0 2472.0 -0.3417538106 0.2758805752 -0.8983842134 0.8790531158 0.4319228530 -0.2017629147 0.3323702216 -0.8586807251 -0.3901249468
-376.1 46.1 2379.7 -0.7860406637 0.2758805752 -0.5531997681 0.6155342460 0.4319228530 -0.6592118144 0.0570758693 -0.8586807251 -0.5093228817
-299.4 315.7 2698.1 0.7775947452 0.4379354417 0.4511751235 -0.6194321513 0.6567336917 0.4301216900 -0.1079363599 -0.6139327288 0.7819439769
-79.1 140.2 2667.5 0.2391124517 0.4379354417 0.8666243553 -0.7433928847 0.6567336917 -0.1267590374 -0.6246536970 -0.6139327288 0.4825913012
-468.7 -91.9 2577.9 -0.5011392832 0.1778271496 0.8468984365 0.1241342947 0.9833095074 -0.1330154389 -0.8564170003 0.0384698734 -0.5148494840
-538.3 -477.0 2562.8 -0.4924495220 -0.1315972805 0.8603345752 0.0484028570 0.9828320742 0.1780400276 -0.8689940572 0.1293183714 -0.4776254892
-359.5 -76.6 2721.1 -0.8918083310 0.0068398477 -0.4523617625 -0.0091553750 0.9994081259 0.0331607126 0.4523208141 0.0337145403 -0.8912178278
-362.2 -467.9 2707.9 -0.8837929368 0.1415233463 -0.4459609091 0.0631325841 0.9805107713 0.1860455275 0.4635992646 0.1362710595 -0.8755032420
-160.1 -123.1 2364.1 0 0 0 0 0 0 0 0 0
-11.7 -69.2 2491.6 0 0 0 0 0 0 0 0 0
-498.5 -774.2 2523.7 0 0 0 0 0 0 0 0 0
-415.4 -837.1 2656.6 0 0 0 0 0 0 0 0 0
-371.2 503.2 2557.1 29 0.6005034447 0.0718544796 -0.7963871956 0.0785836428 0.9858300090 0.1482018530 0.7957513332 -0.1515787393 0.5863477588
-385.9 301.8 2588.1 0.6005034447 0.0718544796 -0.7963871956 0.0785836428 0.9858300090 0.1482018530 0.7957513332 -0.1515787393 0.5863477588
-399.2 108.8 2618.3 0.6008324027 0.0678421780 -0.7964909673 0.0832262784 0.9856680632 0.1467372775 0.7950306535 -0.1544534862 0.5865750909
-471.5 289.9 2474.8 -0.3437803984 0.2867521048 -0.8941969872 0.8755411506 0.4421193004 -0.1948287040 0.3394742012 -0.8498845696 -0.4030552208
-375.6 45.7 2380.1 -0.7859852910 0.2867521048 -0.5477228761 0.6157810688 0.4421193004 -0.6521841884 0.0551436655 -0.8498845696 -0.5240758061
-300.2 313.6 2701.4 0.7874254584 0.4096938372 0.4605562687 -0.6076291203 0.6415662169 0.4681663215 -0.1036724821 -0.6484934688 0.7541274428
-82.0 145.3 2672.6 0.2106555402 0.4096938372 0.8875670433 -0.7582173944 0.6415662169 -0.1161861792 -0.6170337796 -0.6484934688 0.4457864463
-467.6 -90.5 2578.2 -0.5016621947 0.1888419390 0.8442000747 0.1266013235 0.9814017415 -0.1443007737 -0.8557494283 0.0344865955 -0.5162398219
-541.5 -474.9 2564.7 -0.4916810393 -0.1447612047 0.8586582541 0.0485785492 0.9799889326 0.1930331886 -0.8694192767 0.1366231292 -0.4748096764
-358.7 -74.3 2721.6 -0.8921940327 0.0111295981 -0.4515152276 -0.0096348906 0.9989998341 0.0436633304 0.4515495896 0.0433064625 -0.8911944628
-363.1 -465.5 2704.6 -0.8839778304 0.1410900950 -0.4457317591 0.0658162087 0.9814378619 0.1801332086 0.4628730416 0.1298973858 -0.8768553138
-160.2 -123.1 2365.0 0 0 0 0 0 0 0 0 0
-22.1 -70.5 2497.0 0 0 0 0 0 0 0 0 0
-497.2 -774.8 2522.9 0 0 0 0 0 0 0 0 0
-416.2 -835.1 2655.7 0 0 0 0 0 0 0 0 0
-368.6 506.3 2551.7 30 0.6055886149 0.0808946565 -0.7916555405 0.0881793424 0.9818718433 0.1677858382 0.7908772826 -0.1714168489 0.5874771476
-385.2 305.1 2586.8 0.6055886149 0.0808946565 -0.7916555405 0.0881793424 0.9818718433 0.1677858382 0.7908772826 -0.1714168489 0.5874771476
-400.6 112.8 2620.6 0.6057725549 0.0787498280 -0.7917310596 0.0904422328 0.9818242788 0.1668570638 0.7904807329 -0.1726833433 0.5876399279
-471.5 292.2 2474.2 -0.3529493213 0.3281169832 -0.8762226105 0.8732970953 0.4516579807 -0.1826396435 0.3358257711 -0.8296651840 -0.4459559917
-369.9 40.7 2377.5 -0.7812064290 0.3281169832 -0.5310891867 0.6235278845 0.4516579807 -0.6381363869 0.0304873046 -0.8296651840 -0.5574282408
-298.8 318.0 2699.5 0.7561091185 0.3469721377 0.5548958182 -0.6328230500 0.6037756205 0.4847576320 -0.1668351591 -0.7176805139 0.6760922074
-74.6 130.3 2650.0 0.1350480467 0.3469721377 0.9281014800 -0.7894086838 0.6037756205 -0.1108555645 -0.5988288522 -0.7176805139 0.3554415405
-466.8 -91.8 2576.7 -0.5025351048 0.1861105710 0.8442874551 0.1266471893 0.9818675518 -0.1410553455 -0.8552303314 0.0360413715 -0.5169933438
-539.7 -476.4 2562.6 -0.4925730526 -0.1397552937 0.8589762449 0.0447093025 0.9816543460 0.1853531897 -0.8691219091 0.1297042221 -0.4772881269
-358.2 -76.8 2720.4 -0.8902818561 0.0095655089 -0.4553095102 -0.0103717828 0.9990941882 0.0412700698 0.4552918673 0.0414643623 -0.8893762231
-361.9 -468.1 2704.2 -0.8815887570 0.1467945427 -0.4486118257 0.0653113797 0.9792058468 0.1920686960 0.4674779475 0.1400261521 -0.8728442192
-155.8 -130.1 2369.1 0 0 0 0 0 0 0 0 0
-36.9 -90.1 2482.8 0 0 0 0 0 0 0 0 0
-497.3 -774.4 2523.2 0 0 0 0 0 0 0 0 0
-417.2 -836.8 2651.4 0 0 0 0 0 0 0 0 0
-368.3 504.2 2549.5 31 0.6037899852 0.0870573223 -0.7923753262 0.0953047127 0.9790049195 0.1801842749 0.7914257050 -0.1843105704 0.5828164220
-386.1 304.4 2587.1 0.6037899852 0.0870573223 -0.7923753262 0.0953047127 0.9790049195 0.1801842749 0.7914257050 -0.1843105704 0.5828164220
-402.5 112.6 2623.1 0.6039185524 0.0840781480 -0.7925990224 0.0967758223 0.9793283939 0.1776242703 0.7911490202 -0.1839750260 0.5832978487
-472.1 290.6 2474.4 -0.3537793159 0.3240807652 -0.8773892522 0.8686839938 0.4615961015 -0.1797696948 0.3467395604 -0.8257727623 -0.4448269308
-370.9 42.1 2375.2 -0.7847316265 0.3240807652 -0.5283634663 0.6186784506 0.4615961015 -0.6357405186 0.0378592387 -0.8257727623 -0.5627308488
-300.0 318.1 2699.9 0.7432509065 0.3013185561 0.5973150134 -0.6411876082 0.5756453276 0.5074552894 -0.1909359097 -0.7601575851 0.6210506558
-67.1 117.2 2640.0 0.0691333190 0.3013185561 0.9510140419 -0.8082997799 0.5756453276 -0.1236282289 -0.5846982598 -0.7601575851 0.2833519876
-470.8 -87.6 2583.0 -0.4964742064 0.1752859801 0.8501694798 0.1348754317 0.9830823541 -0.1239263192 -0.8575091958 0.0531407595 -0.5117167830
-539.4 -472.6 2562.2 -0.4858369827 -0.1370445788 0.8632388115 0.0437095948 0.9825863838 0.1805918366 -0.8729558587 0.1254700124 -0.4713866711
-361.3 -71.2 2725.9 -0.8917644024 0.0003918961 -0.4524998367 -0.0179596860 0.9991810322 0.0362594239 0.4521434605 0.0404616185 -0.8910270333
-361.4 -462.6 2710.1 -0.8828857541 0.1459878236 -0.4463185668 0.0608608201 0.9780045748 0.1995068491 0.4656271935 0.1489784420 -0.8723512888
-156.2 -127.2 2364.8 0 0 0 0 0 0 0 0 0
-47.8 -108.7 2476.6 0 0 0 0 0 0 0 0 0
-497.3 -774.7 2523.6 0 0 0 0 0 0 0 0 0
-416.4 -830.9 2653.9 0 0 0 0 0 0 0 0 0
-372.4 505.2 2547.4 32 0.6006217599 0.0808495730 -0.7954350114 0.1066199541 0.9778892994 0.1799018234 0.7923923731 -0.1928621978 0.5787214637
-388.9 305.7 2586.7 0.6006217599 0.0808495730 -0.7954350114 0.1066199541 0.9778892994 0.1799018234 0.7923923731 -0.1928621978 0.5787214637
-404.3 114.2 2624.4 0.6006788611 0.0787314251 -0.7956043482 0.1073199660 0.9781923294 0.1778262258 0.7922545671 -0.1922006905 0.5791300535
-474.5 290.4 2473.8 -0.3580687940 0.2636230588 -0.8957062364 0.8747563958 0.4301525056 -0.2230919600 0.3264780641 -0.8634070158 -0.3846301436
-372.9 42.4 2381.2 -0.7872411013 0.2636230588 -0.5574534535 0.6131962538 0.4301525056 -0.6625399590 0.0651291832 -0.8634070158 -0.5002864003
-303.3 321.0 2699.6 0.8118007183 0.4110222459 0.4147773981 -0.5815153122 0.6336376071 0.5102384686 -0.0530991890 -0.6554113626 0.7534032464
-74.7 157.3 2684.7 0.1209524795 0.4110222459 0.9035658240 -0.7504963875 0.6336376071 -0.1877724528 -0.6497119665 -0.6554113626 0.3851107657
-473.6 -87.9 2587.7 -0.4932721555 0.1722699106 0.8526462913 0.1310476959 0.9837237597 -0.1229394078 -0.8599471450 0.0510947444 -0.5078191161
-541.1 -473.2 2567.6 -0.4833368659 -0.1463474184 0.8631152511 0.0549247414 0.9789161086 0.1967396587 -0.8737097383 0.1424979120 -0.4651081562
-364.4 -70.4 2730.7 -0.8931030631 -0.0061014402 -0.4498106837 -0.0257442072 0.9989625216 0.0375649594 0.4491147995 0.0451293997 -0.8923335671
-362.0 -461.7 2713.0 -0.8857976794 0.1347233057 -0.4440857470 0.0433832742 0.9767826200 0.2097941190 0.4620393813 0.1665692478 -0.8710765243
-157.8 -125.2 2363.4 0 0 0 0 0 0 0 0 0
-40.9 -52.3 2503.2 0 0 0 0 0 0 0 0 0
-495.9 -775.2 2523.7 0 0 0 0 0 0 0 0 0
-412.7 -829.5 2650.3 0 0 0 0 0 0 0 0 0
-372.2 506.0 2546.8 33 0.5905064940 0.0813695863 -0.8029203415 0.1080798879 0.9779683352 0.1785964817 0.7997629642 -0.1922419220 0.5687022209
-388.7 306.8 2586.0 0.5905064940 0.0813695863 -0.8029203415 0.1080798879 0.9779683352 0.1785964817 0.7997629642 -0.1922419220 0.5687022209
-404.5 115.3 2623.6 0.5905341506 0.0802512839 -0.8030125499 0.1084148660 0.9781343341 0.1774806976 0.7996972203 -0.1918669194 0.5689213276
-472.9 291.4 2472.0 -0.3508657515 0.2656739950 -0.8979479671 0.8766911626 0.4301948547 -0.2152789533 0.3290985823 -0.8627570271 -0.3838546574
-373.7 43.6 2379.0 -0.7864646912 0.2656739950 -0.5575757027 0.6142973900 0.4301948547 -0.6614915729 0.0641250908 -0.8627570271 -0.5015358925
-304.6 322.3 2699.9 0.8530196548 0.3913163543 0.3452955186 -0.5218656063 0.6443003416 0.5590468049 -0.0037098697 -0.6570757627 0.7538154125
-73.5 180.9 2698.9 0.1383282989 0.3913163543 0.9098004103 -0.7470836639 0.6443003416 -0.1635330766 -0.6501778960 -0.6570757627 0.3814710081
-474.0 -87.1 2590.4 -0.4818565845 0.1723565459 0.8591318130 0.1337015331 0.9834453464 -0.1223075166 -0.8659896851 0.0559325553 -0.4969239533
-541.5 -472.3 2568.5 -0.4716793895 -0.1494617909 0.8690108061 0.0579612851 0.9781430364 0.1996915936 -0.8798630834 0.1445593834 -0.4527069032
-365.4 -67.7 2733.6 -0.8985673785 -0.0136555685 -0.4386230707 -0.0364418179 0.9983854294 0.0435725115 0.4373198748 0.0551370606 -0.8976141810
-360.1 -458.7 2712.0 -0.8890085816 0.1424937844 -0.4351543486 0.0574151278 0.9775351286 0.2028019130 0.4542766511 0.1553081870 -0.8772183657
-159.1 -124.1 2361.5 0 0 0 0 0 0 0 0 0
-34.9 -27.5 2517.6 0 0 0 0 0 0 0 0 0
-495.4 -774.3 2523.9 0 0 0 0 0 0 0 0 0
-413.7 -826.8 2653.5 0 0 0 0 0 0 0 0 0
-370.5 509.0 2539.6 34 0.5977594256 0.0899991766 -0.7966076732 0.1205864549 0.9722787738 0.2003319561 0.7925544977 -0.2158104032 0.5703361034
-388.9 310.2 2583.7 0.5977594256 0.0899991766 -0.7966076732 0.1205864549 0.9722787738 0.2003319561 0.7925544977 -0.2158104032 0.5703361034
-406.1 119.7 2625.5 0.5977106094 0.0879972577 -0.7968679070 0.1200532168 0.9729263186 0.1974880993 0.7926722169 -0.2137072831 0.5709640384
-474.1 293.1 2470.7 -0.3534313440 0.2744296193 -0.8943012357 0.8764744997 0.4312474728 -0.2140514553 0.3269230723 -0.8594847322 -0.3929469585
-373.6 43.7 2377.7 -0.7865568399 0.2744296193 -0.5531877875 0.6148483753 0.4312474728 -0.6602931619 0.0573568121 -0.8594847322 -0.5079332590
-303.7 327.3 2696.6 0.8602135777 0.4188180566 0.2909021974 -0.5073920488 0.6460981369 0.5701846480 0.0508522727 -0.6380820274 0.7682873011
-75.5 192.7 2710.1 0.1483386606 0.4188180566 0.8958722353 -0.7419189811 0.6460981369 -0.1792022139 -0.6538745165 -0.6380820274 0.4065704048
-473.5 -86.1 2588.8 -0.4847715199 0.1741304100 0.8571319580 0.1332915425 0.9832430482 -0.1243642494 -0.8644246459 0.0539601892 -0.4998583496
-541.8 -471.3 2567.7 -0.4737178683 -0.1518598646 0.8674848676 0.0515216477 0.9785549641 0.1994385719 -0.8791682720 0.1391718686 -0.4557349086
-366.8 -66.5 2733.4 -0.8950815797 -0.0208246876 -0.4454159141 -0.0486710817 0.9975032806 0.0511699095 0.4432382286 0.0674801171 -0.8938603401
-358.6 -457.2 2707.0 -0.8834604025 0.1487850249 -0.4442530274 0.0732145831 0.9804280400 0.1827580631 0.4627497792 0.1289337128 -0.8770625591
-159.6 -123.5 2362.1 0 0 0 0 0 0 0 0 0
-34.2 -14.2 2527.8 0 0 0 0 0 0 0 0 0
-494.9 -773.4 2524.7 0 0 0 0 0 0 0 0 0
-414.7 -826.3 2658.4 0 0 0 0 0 0 0 0 0
-374.6 507.5 2551.4 35 0.5882824063 0.0821686536 -0.8044701219 0.0982154384 0.9801992774 0.1719393432 0.8026690483 -0.1801602691 0.5685637593
-391.3 308.5 2588.0 0.5882824063 0.0821686536 -0.8044701219 0.0982154384 0.9801992774 0.1719393432 0.8026690483 -0.1801602691 0.5685637593
-407.5 116.7 2623.5 0.5883569717 0.0825685263 -0.8043746352 0.0991026908 0.9799099565 0.1730754226 0.8025053144 -0.1815458238 0.5683540702
-475.2 294.4 2473.7 -0.3549285829 0.2693300247 -0.8952580690 0.8738117218 0.4360274374 -0.2152513266 0.3323834240 -0.8586858511 -0.3901023269
-373.2 43.3 2378.2 -0.7870746255 0.2693300247 -0.5549548268 0.6134619117 0.4360274374 -0.6584410071 0.0646375939 -0.8586858511 -0.5084098577
-307.5 322.6 2702.3 0.8889057636 0.3738108873 0.2647865713 -0.4546186626 0.6488434076 0.6101836562 0.0562882647 -0.6627726555 0.7467020750
-76.5 204.4 2716.9 0.1742009372 0.3738108873 0.9109991789 -0.7509738803 0.6488434076 -0.1226393878 -0.6369397640 -0.6627726555 0.3937513530
-477.4 -81.7 2595.7 -0.4799231589 0.1672466993 0.8612213731 0.1380475909 0.9838280082 -0.1141283140 -0.8663813472 0.0641167238 -0.4952498674
-542.9 -467.0 2570.6 -0.4691899121 -0.1538266838 0.8695965409 0.0606775433 0.9767693281 0.2055234462 -0.8810102344 0.1491945088 -0.4489564896
-369.3 -60.0 2739.0 -0.8995073438 -0.0270863343 -0.4360651970 -0.0620096736 0.9958874583 0.0660525486 0.4324827492 0.0864550099 -0.8974877000
-358.7 -450.0 2705.2 -0.8875862956 0.1467703730 -0.4366337657 0.0826482847 0.9832410216 0.1625004262 0.4531664848 0.1081461087 -0.8848415613
-159.8 -123.0 2360.6 0 0 0 0 0 0 0 0 0
-27.6 -6.6 2537.9 0 0 0 0 0 0 0 0 0
-494.8 -772.6 2524.0 0 0 0 0 0 0 0 0 0
-414.0 -820.2 2664.4 0 0 0 0 0 0 0 0 0
-373.1 506.7 2547.8 36 0.5834061503 0.0909609571 -0.8070708513 0.0959277824 0.9790357351 0.1796854436 0.8064956069 -0.1822501123 0.5624498129
-391.6 307.6 2584.9 0.5834061503 0.0909609571 -0.8070708513 0.0959277824 0.9790357351 0.1796854436 0.8064956069 -0.1822501123 0.5624498129
-409.2 115.9 2620.4 0.5834188461 0.0897391140 -0.8071984649 0.0960654244 0.9792750478 0.1783026904 0.8064700365 -0.1815690100 0.5627067089
-474.8 294.0 2470.0 -0.3562681377 0.2599300146 -0.8975017667 0.8799688816 0.4163376987 -0.2287306935 0.3142098486 -0.8712630272 -0.3770581782
-373.3 43.4 2380.5 -0.7866157889 0.2599300146 -0.5600642562 0.6146154404 0.4163376987 -0.6700080633 0.0590206571 -0.8712630272 -0.4872548282
-308.5 321.3 2699.8 0.8929610848 0.3886417150 0.2271082103 -0.4424920082 0.6653130054 0.6012980938 0.0825914815 -0.6374293566 0.7660694718
-77.3 206.8 2721.2 0.1969681829 0.3886417150 0.9000895023 -0.7358120680 0.6653130054 -0.1262505949 -0.6479075551 -0.6374293566 0.4170127511
-476.8 -84.1 2586.6 -0.4763413370 0.1589440256 0.8647749424 0.1212414131 0.9860037565 -0.1144426093 -0.8708613515 0.0503327958 -0.4889449477
-539.0 -470.2 2566.9 -0.4680043757 -0.1423573047 0.8721848130 0.0570189878 0.9800194502 0.1905537248 -0.8818847537 0.1389110684 -0.4505363107
-370.4 -66.2 2731.6 -0.9030985236 -0.0267231110 -0.4286010861 -0.0446305200 0.9984977841 0.0317843109 0.4271078706 0.0478330553 -0.9029346108
-359.9 -457.0 2712.8 -0.8924146295 0.1466988474 -0.4267030954 0.0624248125 0.9767196774 0.2052359879 0.4468772113 0.1565187424 -0.8807966113
-160.2 -123.1 2364.5 0 0 0 0 0 0 0 0 0
-21.5 -1.6 2537.7 0 0 0 0 0 0 0 0 0
-495.1 -772.4 2524.0 0 0 0 0 0 0 0 0 0
-415.1 -824.3 2654.0 0 0 0 0 0 0 0 0 0
-376.3 504.7 2557.6 37 0.5876640081 0.0804722533 -0.8050932884 0.0757129639 0.9852062464 0.1537406296 0.8055548072 -0.1513038427 0.5728774667
-392.6 305.1 2588.2 0.5876640081 0.0804722533 -0.8050932884 0.0757129639 0.9852062464 0.1537406296 0.8055548072 -0.1513038427 0.5728774667
-408.6 112.3 2618.3 0.5877733231 0.0814527050 -0.8049148917 0.0770423114 0.9847620726 0.1559108198 0.8053489923 -0.1536527276 0.5725415349
-476.4 294.1 2473.5 -0.3596512079 0.2663782835 -0.8942558765 0.8749618530 0.4292468727 -0.2240287513 0.3241801560 -0.8630120158 -0.3874500096
-373.3 43.3 2380.6 -0.7867727280 0.2663782835 -0.5568045378 0.6140624881 0.4292468727 -0.6623250246 0.0625775978 -0.8630120158 -0.5012926459
-308.9 316.0 2702.9 0.9147146344 0.3295961618 0.2338022739 -0.3992566764 0.6478125453 0.6487935185 0.0623798184 -0.6868080497 0.7241570950
-69.7 211.7 2719.3 0.1936527789 0.3295961618 0.9240481257 -0.7583770156 0.6478125453 -0.0721333772 -0.6223848462 -0.6868080497 0.3754088581
-479.5 -84.5 2583.1 -0.4879981577 0.1570633501 0.8585970402 0.1089679673 0.9869438410 -0.1186080575 -0.8660160303 0.0356790684 -0.4987416267
-541.0 -471.0 2569.1 -0.4811842740 -0.1479329616 0.8640471697 0.0600032844 0.9777883887 0.2008221000 -0.8745635152 0.1484781057 -0.4616199136
-374.0 -67.1 2728.9 -0.9004577994 -0.0365071148 -0.4334085882 -0.0518434606 0.9983759522 0.0236151721 0.4318425953 0.0437338650 -0.9008880854
-359.7 -458.0 2711.8 -0.8886842132 0.1504837573 -0.4331223965 0.0692527741 0.9778251052 0.1976414621 0.4532597661 0.1456459165 -0.8793991208
-160.2 -123.0 2363.6 0 0 0 0 0 0 0 0 0
-14.9 -2.9 2543.1 0 0 0 0 0 0 0 0 0
-495.2 -773.7 2523.2 0 0 0 0 0 0 0 0 0
-416.3 -826.1 2656.9 0 0 0 0 0 0 0 0 0
-376.5 504.2 2552.4 38 0.5970499516 0.0834696665 -0.7978497148 0.0773011446 0.9839574695 0.1607862264 0.7984709740 -0.1576721072 0.5810194612
-393.4 304.6 2584.4 0.5970499516 0.0834696665 -0.7978497148 0.0773011446 0.9839574695 0.1607862264 0.7984709740 -0.1576721072 0.5810194612
-409.8 111.9 2614.9 0.5969061255 0.0839313343 -0.7979089022 0.0756100118 0.9842023253 0.1600903124 0.7987403870 -0.1558887959 0.5811303258
-478.5 293.8 2470.6 -0.3695183992 0.2579296529 -0.8927084804 0.8741480112 0.4223197103 -0.2398151308 0.3151529431 -0.8689754605 -0.3815236092
-372.3 42.6 2380.0 -0.7918516994 0.2579296529 -0.5535731316 0.6077276468 0.4223197103 -0.6725423336 0.0603162348 -0.8689754605 -0.4911655486
-308.3 315.4 2698.2 0.9136250019 0.3452478945 0.2146934718 -0.3974609375 0.6474020481 0.6503040791 0.0855231136 -0.6794663072 0.7287052870
-66.2 210.0 2720.9 0.2067462355 0.3452478945 0.9154561162 -0.7586618066 0.6474020481 -0.0728202313 -0.6178092360 -0.6794663072 0.3957743347
-477.7 -87.4 2575.6 -0.4981495738 0.1577417403 0.8526221514 0.1028907597 0.9871194363 -0.1225102320 -0.8609648943 0.0266985223 -0.5079632998
-539.5 -474.0 2565.1 -0.4909115434 -0.1412577480 0.8596813679 0.0471842103 0.9810086489 0.1881375462 -0.8699307442 0.1329222769 -0.4749233127
-371.4 -73.5 2721.1 -0.8964080811 -0.0267235581 -0.4424233437 -0.0291038733 0.9995753765 -0.0014087488 0.4422731400 0.0116134193 -0.8968052268
-361.0 -464.7 2716.6 -0.8870013356 0.1499559283 -0.4367400110 0.0520408787 0.9722393155 0.2281282097 0.4588249624 0.1796216965 -0.8701814413
-157.4 -122.3 2363.7 0 0 0 0 0 0 0 0 0
-7.5 -5.4 2545.4 0 0 0 0 0 0 0 0 0
-496.5 -772.7 2524.7 0 0 0 0 0 0 0 0 0
-417.4 -830.6 2649.0 0 0 0 0 0 0 0 0 0
-377.9 507.5 2558.8 39 0.6112680435 0.0765910968 -0.7877088189 0.0666185468 0.9867942333 0.1476452202 0.7886148095 -0.1427268237 0.5980933905
-393.4 307.3 2587.8 0.6112680435 0.0765910968 -0.7877088189 0.0666185468 0.9867942333 0.1476452202 0.7886148095 -0.1427268237 0.5980933905
-408.3 114.1 2615.9 0.6113290787 0.0761938915 -0.7876999974 0.0674063563 0.9867237210 0.1477590203 0.7885006070 -0.1434253752 0.5980769396
-480.5 297.7 2475.5 -0.3684852123 0.2668671906 -0.8905057907 0.8719514608 0.4313871562 -0.2315292507 0.3223651946 -0.8617929220 -0.3916550279
-372.9 43.1 2381.3 -0.7894704342 0.2668671906 -0.5527371168 0.6107259393 0.4313871562 -0.6640172601 0.0612392575 -0.8617929220 -0.5035501122
-306.3 316.9 2700.1 0.9158622622 0.3437697589 0.2074094862 -0.3918447495 0.6527751684 0.6483380795 0.0874872804 -0.6750606894 0.7325564623
-64.3 213.4 2723.3 0.2215414941 0.3437697589 0.9125468135 -0.7549586296 0.6527751684 -0.0626265779 -0.6172170043 -0.6750606894 0.4041487277
-480.2 -87.7 2573.3 -0.5174612999 0.1574686915 0.8410930037 0.0944412127 0.9874269962 -0.1267626286 -0.8504790664 0.0138390884 -0.5258268118
-541.9 -474.4 2567.8 -0.5110723972 -0.1500849277 0.8463329673 0.0493095294 0.9778964520 0.2031922042 -0.8581221104 0.1455782056 -0.4923752546
-372.3 -74.0 2717.6 -0.8882650137 -0.0271593668 -0.4585277140 -0.0256773345 0.9996254444 -0.0094670765 0.4586130977 0.0033644969 -0.8886296749
-361.7 -465.4 2716.3 -0.8795331717 0.1494745761 -0.4517506957 0.0473490693 0.9721607566 0.2294810712 0.4734759033 0.1804462373 -0.8621251583
-158.5 -122.8 2364.7 0 0 0 0 0 0 0 0 0
-1.0 -2.2 2547.0 0 0 0 0 0 0 0 0 0
-495.9 -774.0 2523.2 0 0 0 0 0 0 0 0 0
-417.9 -831.4 2648.4 0 0 0 0 0 0 0 0 0
-377.7 507.1 2561.1 40 0.5992125869 0.0779077932 -0.7967901826 0.0661829934 0.9870268106 0.1462803632 0.7978496552 -0.1403869987 0.5862827301
-393.5 307.2 2589.5 0.5992125869 0.0779077932 -0.7967901826 0.0661829934 0.9870268106 0.1462803632 0.7978496552 -0.1403869987 0.5862827301
-408.9 113.9 2617.1 0.5992218256 0.0787561461 -0.7966998219 0.0662994087 0.9868496060 0.1474187821 0.7978330255 -0.1411572844 0.5861203671
-478.9 297.7 2475.8 -0.3631735444 0.2436813563 -0.8992910385 0.8754552007 0.4195813537 -0.2398534119 0.3188779652 -0.8743974566 -0.3657129705
-373.7 44.2 2383.5 -0.7867109776 0.2436813563 -0.5671907067 0.6127735376 0.4195813537 -0.6696715951 0.0747961551 -0.8743974566 -0.4794107378
-308.1 316.6 2703.2 0.9245883822 0.3360330760 0.1794940084 -0.3696574271 0.6773713231 0.6360200047 0.0921396539 -0.6544079781 0.7505068183
-67.1 220.3 2727.2 0.2579781413 0.3360330760 0.9058305621 -0.7344346046 0.6773713231 -0.0421172641 -0.6277365088 -0.6544079781 0.4215413034
-478.5 -85.2 2572.7 -0.5055118799 0.1606337726 0.8477349281 0.0884021893 0.9869889021 -0.1343054175 -0.8582789302 0.0070486348 -0.5131350160
-541.5 -471.8 2569.9 -0.5016295314 -0.1447922587 0.8528792858 0.0608690195 0.9775424004 0.2017568797 -0.8629384637 0.1531211287 -0.4815507531
-368.0 -73.0 2715.2 -0.8955618739 -0.0171316639 -0.4446070492 -0.0087306406 0.9997426867 -0.0209363010 0.4448513389 -0.0148680480 -0.8954809904
-361.3 -464.5 2721.0 -0.8893360496 0.1451875269 -0.4335919321 0.0405615158 0.9695624113 0.2414610535 0.4554515779 0.1971528679 -0.8681558371
-159.4 -122.8 2363.1 0 0 0 0 0 0 0 0 0
5.8 12.6 2549.7 0 0 0 0 0 0 0 0 0
-496.9 -773.0 2522.7 0 0 0 0 0 0 0 0 0
-416.0 -829.5 2646.8 0 0 0 0 0 0 0 0 0
