321.9 481.4 2448.8 2 0.9983565807 0.0541801602 -0.0186734982 -0.0453771949 0.9463833570 0.3198427856 0.0350014195 -0.3184697926 0.9472866058
310.8 287.9 2513.9 0.9983565807 0.0541801602 -0.0186734982 -0.0453771949 0.9463833570 0.3198427856 0.0350014195 -0.3184697926 0.9472866058
301.1 97.6 2570.5 0.9985902309 0.0489638969 -0.0204969347 -0.0410646982 0.9572929740 0.2861885428 0.0336344764 -0.2849433720 0.9579540491
170.3 293.7 2509.1 0.4041324556 -0.4425353110 -0.8005244732 0.8797167540 0.4277668595 0.2076390535 0.2505502403 -0.7881484628 0.5621802211
75.0 86.2 2450.1 -0.8949328661 -0.4425353110 -0.0570759773 -0.1547301561 0.4277668595 -0.8905470967 0.4185137451 -0.7881484628 -0.4512961805
451.3 282.1 2518.6 0.4967806041 0.6482079029 0.5770923495 -0.8585809469 0.4641259015 0.2177750021 -0.1266800165 -0.6036668420 0.7871076465
545.1 120.0 2494.7 -0.7375515699 0.6482079029 0.1893256456 0.1855776161 0.4641259015 -0.8661109209 -0.6492908597 -0.6036668420 -0.4626096487
198.0 -83.6 2628.1 0.9930247068 0.0068552606 0.1177072003 0.0171771087 0.9792463779 -0.2019441575 -0.1166487336 0.2025573999 0.9722980857
195.2 -472.7 2547.7 0.9926644564 0.0359078795 0.1154465154 -0.0429834314 0.9973087311 0.0593944639 -0.1130030900 -0.0639210567 0.9915363789
381.1 -91.5 2635.1 0.9982921481 -0.0581391454 0.0057079731 0.0579164550 0.9721899629 -0.2269192487 0.0076436577 0.2268622965 0.9738968611
404.2 -478.0 2544.9 0.9991706014 -0.0362805128 -0.0184891541 0.0391266271 0.9811740518 0.1891204864 0.0112796891 -0.1896870434 0.9817798138
307.5 126.4 2341.4 0 0 0 0 0 0 0 0 0
345.8 170.2 2319.3 0 0 0 0 0 0 0 0 0
184.7 -764.9 2566.4 0 0 0 0 0 0 0 0 0
414.6 -761.4 2599.7 0 0 0 0 0 0 0 0 0
320.4 478.5 2459.3 3 0.9982360005 0.0500299558 -0.0319670513 -0.0385987312 0.9559906125 0.2908471227 0.0451112688 -0.2891001701 0.9562353492
310.2 284.4 2518.0 0.9982360005 0.0500299558 -0.0319670513 -0.0385987312 0.9559906125 0.2908471227 0.0451112688 -0.2891001701 0.9562353492
301.2 92.7 2569.6 0.9983923435 0.0457636565 -0.0334430039 -0.0354643092 0.9646180868 0.2612551153 0.0442157127 -0.2596490681 0.9646902680
169.8 289.4 2511.7 0.4040059149 -0.4339307249 -0.8052846193 0.8717272878 0.4494527876 0.1951503903 0.2772556841 -0.7808305621 0.5598508120
75.8 86.6 2447.2 -0.8983598351 -0.4339307249 -0.0682180971 -0.1502290964 0.4494527876 -0.8805812597 0.4127720892 -0.7808305621 -0.4689593613
450.7 279.4 2524.2 0.5138579607 0.6435485482 0.5672700405 -0.8418864608 0.5053642988 0.1892989576 -0.1648549587 -0.5748497248 0.8014802933
546.8 122.0 2493.4 -0.7372950912 0.6435485482 0.2055267692 0.2076330781 0.5053642988 -0.8375532031 -0.6428720355 -0.5748497248 -0.5062245727
199.8 -88.9 2624.0 0.9940863252 0.0110981436 0.1080239639 0.0103281615 0.9805917740 -0.1957883388 -0.1081003025 0.1957461983 0.9746782780
195.4 -478.6 2546.2 0.9935222268 0.0376072787 0.1072345525 -0.0446000434 0.9969799519 0.0635749549 -0.1045198217 -0.0679458007 0.9921990633
383.0 -96.5 2630.2 0.9982811213 -0.0582254231 -0.0066773202 0.0555321611 0.9761652350 -0.2098036408 0.0187340733 0.2090722024 0.9777207375
406.1 -484.5 2547.1 0.9991558790 -0.0290747005 -0.0290208347 0.0340863951 0.9810611010 0.1906755865 0.0229273774 -0.1915038526 0.9812240601
309.2 125.7 2340.0 0 0 0 0 0 0 0 0 0
347.4 178.1 2319.5 0 0 0 0 0 0 0 0 0
184.4 -770.6 2566.1 0 0 0 0 0 0 0 0 0
414.4 -763.6 2601.6 0 0 0 0 0 0 0 0 0
321.3 478.7 2453.5 4 0.9968270659 0.0589984469 0.0534320623 -0.0720794275 0.9538553357 0.2914867997 -0.0337691903 -0.2944132686 0.9550814033
309.4 285.1 2513.3 0.9968270659 0.0589984469 0.0534320623 -0.0720794275 0.9538553357 0.2914867997 -0.0337691903 -0.2944132686 0.9550814033
298.4 93.8 2566.2 0.9971237779 0.0553916171 0.0517298467 -0.0671090484 0.9624671340 0.2629703879 -0.0352219231 -0.2656855583 0.9634160995
169.6 294.6 2518.2 0.3561194539 -0.4380209148 -0.8254190683 0.8758668900 0.4642889500 0.1315028518 0.3256319463 -0.7697879076 0.5489903688
85.8 88.7 2441.7 -0.8935596347 -0.4380209148 -0.0984317735 -0.1311040223 0.4642889500 -0.8759266734 0.4293749928 -0.7697879076 -0.4722961783
449.2 275.6 2508.4 0.5292626619 0.6585745215 0.5349398255 -0.8462775350 0.4549309611 0.2772221565 -0.0607892647 -0.5994309187 0.7981148362
545.9 120.9 2497.2 -0.7335327864 0.6585745215 0.1679559946 0.2103073746 0.4549309611 -0.8653373122 -0.6462974548 -0.5994309187 -0.4722098708
200.5 -95.7 2617.1 0.9834704399 0.0181237273 0.1801595390 0.0128324833 0.9854997993 -0.1691905856 -0.1806135625 0.1687058210 0.9689773321
193.3 -487.3 2550.0 0.9831150770 0.0343373418 0.1797377169 -0.0442695357 0.9976891279 0.0515420772 -0.1775525510 -0.0586287007 0.9823633432
383.7 -102.3 2625.2 0.9962640405 -0.0580827631 0.0639089271 0.0692956746 0.9792928100 -0.1902200580 -0.0515370481 0.1939380169 0.9796591401
406.8 -491.6 2548.1 0.9988920093 -0.0287490096 0.0372595489 0.0210141148 0.9808814526 0.1934682429 -0.0421092212 -0.1924709082 0.9803987741
315.7 122.4 2331.2 0 0 0 0 0 0 0 0 0
346.9 178.0 2321.9 0 0 0 0 0 0 0 0 0
183.7 -766.7 2566.5 0 0 0 0 0 0 0 0 0
414.7 -760.9 2601.0 0 0 0 0 0 0 0 0 0
317.3 481.7 2449.7 5 0.9938781857 0.0498816706 0.0985798016 -0.0772333518 0.9517206550 0.2970905304 -0.0790010616 -0.3028854430 0.9497469068
307.2 288.4 2511.1 0.9938781857 0.0498816706 0.0985798016 -0.0772333518 0.9517206550 0.2970905304 -0.0790010616 -0.3028854430 0.9497469068
297.7 97.5 2565.7 0.9941058755 0.0481510125 0.0971339270 -0.0727922842 0.9604166746 0.2688885927 -0.0803417861 -0.2743743062 0.9582608938
167.7 298.7 2522.4 0.3279587030 -0.4195442498 -0.8464193344 0.8736927509 0.4754830301 0.1028437987 0.3593105078 -0.7732389569 0.5224915743
90.2 92.2 2437.5 -0.9009959698 -0.4195442498 -0.1104032397 -0.1145268753 0.4754830301 -0.8722382188 0.4184373915 -0.7732389569 -0.4764573872
446.7 278.2 2499.9 0.5216991901 0.6809805036 0.5139022470 -0.8530426025 0.4249821603 0.3028340340 -0.0121751996 -0.5963687897 0.8026182652
543.7 119.6 2497.6 -0.7140742540 0.6809805036 0.1623684764 0.2047956586 0.4249821603 -0.8817306161 -0.6694450974 -0.5963687897 -0.4429306686
196.3 -91.3 2622.3 0.9747818112 0.0110595915 0.2228859067 0.0323511735 0.9812171459 -0.1901744157 -0.2208027244 0.1925891787 0.9561148286
192.0 -481.2 2545.7 0.9755821824 0.0249486305 0.2182132602 -0.0409232825 0.9967772365 0.0689957887 -0.2157886624 -0.0762410611 0.9734590650
378.6 -103.6 2615.8 0.9917314649 -0.0725375637 0.1058631614 0.0883537158 0.9842197895 -0.1533134729 -0.0930716321 0.1613992006 0.9824907184
407.5 -494.7 2551.7 0.9966895580 -0.0275976881 0.0764740333 0.0137892347 0.9843786955 0.1755234897 -0.0801234469 -0.1738879085 0.9815005064
321.4 121.6 2330.1 0 0 0 0 0 0 0 0 0
348.5 175.5 2314.6 0 0 0 0 0 0 0 0 0
184.7 -770.2 2567.8 0 0 0 0 0 0 0 0 0
414.8 -755.8 2597.8 0 0 0 0 0 0 0 0 0
318.0 480.0 2447.2 6 0.9979490042 0.0548178814 0.0330566280 -0.0623725764 0.9488604069 0.3094730675 -0.0144014675 -0.3109001517 0.9503334761
306.9 286.3 2510.7 0.9979490042 0.0548178814 0.0330566280 -0.0623725764 0.9488604069 0.3094730675 -0.0144014675 -0.3109001517 0.9503334761
296.7 95.8 2566.3 0.9982122183 0.0508951321 0.0313368328 -0.0576227941 0.9587236643 0.2784395218 -0.0158721488 -0.2797474563 0.9599424005
166.9 294.4 2512.9 0.3543420136 -0.3961483538 -0.8470585942 0.8748813868 0.4602909386 0.1507142037 0.3301881850 -0.7944802046 0.5096832514
86.1 94.9 2437.6 -0.9108364582 -0.3961483538 -0.1159460321 -0.0877371654 0.4602909386 -0.8834220171 0.4033350646 -0.7944802046 -0.4540066719
446.8 278.3 2508.5 0.5247485638 0.6715657711 0.5231045485 -0.8491536975 0.4561308324 0.2662380636 -0.0598077290 -0.5839041471 0.8096165657
544.5 120.3 2497.3 -0.7164775729 0.6715657711 0.1888366789 0.1989259273 0.4561308324 -0.8673944473 -0.6686466336 -0.5839041471 -0.4603993595
197.2 -86.7 2627.6 0.9863973856 0.0096461140 0.1640951186 0.0246558320 0.9783007503 -0.2057175487 -0.1625187546 0.2069651484 0.9647554755
193.4 -475.5 2545.3 0.9866121411 0.0292616449 0.1604374647 -0.0410703495 0.9966455102 0.0707878321 -0.1578279138 -0.0764293596 0.9845044017
379.1 -100.1 2612.9 0.9963822365 -0.0712158531 0.0463761911 0.0777692720 0.9841054082 -0.1596511602 -0.0342693664 0.1626802236 0.9860835671
407.4 -491.2 2548.2 0.9994975328 -0.0250621606 0.0194044709 0.0210590586 0.9826251864 0.1844024211 -0.0236888453 -0.1839011163 0.9826592803
321.2 117.6 2333.5 0 0 0 0 0 0 0 0 0
349.5 174.4 2315.4 0 0 0 0 0 0 0 0 0
184.9 -766.6 2567.7 0 0 0 0 0 0 0 0 0
414.2 -757.9 2598.1 0 0 0 0 0 0 0 0 0
316.1 478.9 2447.5 7 0.9986246824 0.0514597148 0.0100335777 -0.0520157851 0.9484733343 0.3125582933 0.0065675802 -0.3126503229 0.9498456120
305.6 284.9 2511.4 0.9986246824 0.0514597148 0.0100335777 -0.0520157851 0.9484733343 0.3125582933 0.0065675802 -0.3126503229 0.9498456120
296.4 94.2 2566.7 0.9988913536 0.0463457964 0.0082545187 -0.0468134135 0.9594822526 0.2778530419 0.0049572564 -0.2779314220 0.9605880976
165.3 291.5 2510.7 0.3302626312 -0.3731111884 -0.8670147657 0.8767407537 0.4615242779 0.1353550702 0.3496458828 -0.8048499227 0.4795460105
91.2 94.9 2432.3 -0.9215011597 -0.3731111884 -0.1078131795 -0.0835385099 0.4615242779 -0.8831855059 0.3792847991 -0.8048499227 -0.4564643204
445.9 278.4 2512.1 0.5042809844 0.6854701042 0.5251965523 -0.8604928255 0.4499260187 0.2389950305 -0.0724756643 -0.5724485517 0.8167312741
539.7 118.2 2498.6 -0.7024754882 0.6854701042 0.1914653182 0.2019256502 0.4499260187 -0.8699382544 -0.6824619174 -0.5724485517 -0.4544759691
195.4 -89.6 2623.3 0.9892661572 0.0027173948 0.1460994780 0.0254859608 0.9812937975 -0.1908217818 -0.1438850462 0.1924970150 0.9706915021
194.3 -479.6 2546.8 0.9892117977 0.0362756401 0.1419299692 -0.0461137183 0.9967101216 0.0666521564 -0.1390451938 -0.0724780187 0.9876301885
377.9 -100.1 2620.4 0.9969033599 -0.0727403164 0.0298744328 0.0771052167 0.9788057208 -0.1897211522 -0.0154408906 0.1914371252 0.9813834429
406.8 -489.0 2544.3 0.9996293187 -0.0272232220 0.0002790219 0.0266581867 0.9808583260 0.1928891689 -0.0055247457 -0.1928102374 0.9812204838
327.3 116.3 2335.1 0 0 0 0 0 0 0 0 0
350.7 172.5 2315.0 0 0 0 0 0 0 0 0 0
183.8 -768.5 2567.8 0 0 0 0 0 0 0 0 0
414.2 -757.2 2597.1 0 0 0 0 0 0 0 0 0
318.2 472.8 2448.1 8 0.9988653660 0.0475861356 -0.0018793638 -0.0446309634 0.9491431713 0.3116654158 0.0166147370 -0.3112278879 0.9501900673
308.5 279.3 2511.6 0.9988653660 0.0475861356 -0.0018793638 -0.0446309634 0.9491431713 0.3116654158 0.0166147370 -0.3112278879 0.9501900673
300.0 88.6 2567.1 0.9990754724 0.0428549983 -0.0034091219 -0.0401971117 0.9593375325 0.2793845832 0.0152435238 -0.2789892554 0.9601732492
168.1 284.9 2509.5 0.3301842213 -0.3706497550 -0.8680997491 0.8740729094 0.4672459960 0.1329576224 0.3563354313 -0.8026829362 0.4782521725
95.5 92.9 2431.2 -0.9229478240 -0.3706497550 -0.1038560420 -0.0886566415 0.4672459960 -0.8796710372 0.3745761812 -0.8026829362 -0.4641042352
449.0 273.6 2513.8 0.5045915842 0.6855944395 0.5247356892 -0.8589615822 0.4599159062 0.2250828743 -0.0870187283 -0.5643027425 0.8209690452
540.4 118.0 2498.0 -0.6995505691 0.6855944395 0.2014677525 0.2016953975 0.4599159062 -0.8647521734 -0.6855275035 -0.5643027425 -0.4600156844
195.7 -92.2 2621.5 0.9904969931 0.0057287314 0.1374149173 0.0190467164 0.9837911129 -0.1783037335 -0.1362090260 0.1792266071 0.9743330479
193.4 -483.3 2550.2 0.9902031422 0.0348138884 0.1352245808 -0.0413554385 0.9980909824 0.0458707809 -0.1333695054 -0.0510136634 0.9897525907
378.6 -100.8 2622.4 0.9972674251 -0.0705711991 0.0218500495 0.0735057294 0.9774606228 -0.1979080737 -0.0073909536 0.1989733875 0.9799770117
406.7 -489.3 2543.3 0.9995496273 -0.0289537366 -0.0078863213 0.0299564488 0.9782200456 0.2053976506 0.0017675277 -0.2055414021 0.9786468148
331.8 115.6 2335.3 0 0 0 0 0 0 0 0 0
351.3 172.5 2312.7 0 0 0 0 0 0 0 0 0
183.4 -770.8 2564.9 0 0 0 0 0 0 0 0 0
414.6 -758.8 2599.9 0 0 0 0 0 0 0 0 0
316.8 473.4 2446.5 9 0.9990798831 0.0428515412 0.0017814382 -0.0411842503 0.9469575882 0.3187085688 0.0119702080 -0.3184886873 0.9478510618
308.0 279.6 2511.7 0.9990798831 0.0428515412 0.0017814382 -0.0411842503 0.9469575882 0.3187085688 0.0119702080 -0.3184886873 0.9478510618
300.5 89.2 2568.3 0.9992805123 0.0379246771 0.0003565927 -0.0364522040 0.9578014612 0.2851097286 0.0104711493 -0.2849175930 0.9584948421
167.5 284.7 2510.2 0.3136524260 -0.3718949258 -0.8736797571 0.8779387474 0.4640973806 0.1176313832 0.3617259860 -0.8039326668 0.4720662534
98.1 90.6 2430.2 -0.9234374166 -0.3718949258 -0.0946442410 -0.0966624916 0.4640973806 -0.8804941773 0.3713754714 -0.8039326668 -0.4645131826
448.6 274.5 2513.1 0.5153712034 0.6752575636 0.5276549459 -0.8521914482 0.4687423408 0.2324873507 -0.0903453752 -0.5694802999 0.8170250058
543.3 117.8 2496.5 -0.7105880380 0.6752575636 0.1977167279 0.2064617574 0.4687423408 -0.8588679433 -0.6726352572 -0.5694802999 -0.4724975526
199.9 -98.5 2621.1 0.9896273017 0.0164643582 0.1427119672 0.0117395744 0.9808198810 -0.1945623308 -0.1431780756 0.1942195743 0.9704529047
193.4 -488.3 2543.9 0.9894621968 0.0287399776 0.1419105232 -0.0397145003 0.9963835478 0.0751174614 -0.1392384320 -0.0799617916 0.9870252013
383.1 -105.8 2623.9 0.9978327155 -0.0596189983 0.0278463550 0.0639576986 0.9782235622 -0.1974540502 -0.0154679473 0.1988070905 0.9799165726
406.8 -494.7 2544.9 0.9995322227 -0.0305058267 0.0021863079 0.0294295326 0.9787954092 0.2027150989 -0.0083239395 -0.2025559247 0.9792352915
334.2 115.3 2335.2 0 0 0 0 0 0 0 0 0
352.4 173.3 2315.8 0 0 0 0 0 0 0 0 0
185.1 -775.1 2567.0 0 0 0 0 0 0 0 0 0
415.1 -762.6 2600.3 0 0 0 0 0 0 0 0 0
316.9 476.3 2446.1 0 0.9982848763 0.0461428314 0.0360298231 -0.0551354103 0.9479427934 0.3136312962 -0.0196823739 -0.3150798976 0.9488610625
307.4 282.2 2510.6 0.9982848763 0.0461428314 0.0360298231 -0.0551354103 0.9479427934 0.3136312962 -0.0196823739 -0.3150798976 0.9488610625
299.0 91.6 2566.3 0.9985080957 0.0424044840 0.0344013423 -0.0503280051 0.9590996504 0.2785587013 -0.0211821757 -0.2798744738 0.9598028660
167.0 289.3 2513.6 0.3022996187 -0.3694704175 -0.8786959648 0.8780437708 0.4667334855 0.1058250964 0.3710175753 -0.8035243750 0.4655045569
98.4 90.1 2429.4 -0.9245778918 -0.3694704175 -0.0929909199 -0.0981105566 0.4667334855 -0.8789392114 0.3681440353 -0.8035243750 -0.4677804112
447.8 275.2 2507.6 0.5212152600 0.6722425222 0.5257610083 -0.8505443335 0.4597521722 0.2553473711 -0.0700643957 -0.5802739859 0.8114019036
543.9 118.3 2494.7 -0.7199153304 0.6722425222 0.1726612747 0.2231563479 0.4597521722 -0.8595517278 -0.6572086215 -0.5802739859 -0.4809978306
201.3 -97.9 2624.0 0.9851537347 0.0226526633 0.1701733023 0.0134360157 0.9780418277 -0.2079750001 -0.1711478084 0.2071738094 0.9632172585
192.3 -486.7 2541.6 0.9851842523 0.0267176721 0.1694052219 -0.0416937284 0.9954677820 0.0854721144 -0.1663538367 -0.0912689194 0.9818331599
384.6 -104.6 2625.9 0.9969340563 -0.0550708808 0.0555852614 0.0651772618 0.9775254726 -0.2004892230 -0.0432948880 0.2034974247 0.9781177640
406.5 -493.2 2545.0 0.9990305305 -0.0324024148 0.0298016388 0.0259711593 0.9803937078 0.1953296363 -0.0355464928 -0.1943662763 0.9802847505
335.3 115.2 2335.1 0 0 0 0 0 0 0 0 0
351.8 177.9 2319.3 0 0 0 0 0 0 0 0 0
184.6 -773.9 2568.0 0 0 0 0 0 0 0 0 0
415.4 -761.7 2598.2 0 0 0 0 0 0 0 0 0
313.7 473.2 2437.4 1 0.9930487275 0.0455953293 0.1085142791 -0.0783286840 0.9441387057 0.3201042712 -0.0878572688 -0.3263789117 0.9411471486
304.5 281.0 2503.9 0.9930487275 0.0455953293 0.1085142791 -0.0783286840 0.9441387057 0.3201042712 -0.0878572688 -0.3263789117 0.9411471486
296.0 91.4 2563.0 0.9933025837 0.0431845859 0.1071686074 -0.0729014575 0.9538389444 0.2913359106 -0.0896403715 -0.2971974611 0.9505988955
165.1 291.3 2516.4 0.2963493466 -0.3830093145 -0.8749176860 0.8750959039 0.4758643508 0.0880924314 0.3826018870 -0.7917430401 0.4761919677
97.5 91.7 2429.2 -0.9181626439 -0.3830093145 -0.1013965011 -0.1020325720 0.4758643508 -0.8735802770 0.3828403652 -0.7917430401 -0.4760002792
443.8 270.7 2491.3 0.5431562662 0.6836640835 0.4874266088 -0.8393706083 0.4276500046 0.3355181813 0.0209337324 -0.5913704038 0.8061283231
542.7 117.9 2495.2 -0.7150370479 0.6836640835 0.1460323483 0.2303691655 0.4276500046 -0.8740969896 -0.6600394249 -0.5913704038 -0.4632807076
199.0 -94.5 2623.9 0.9725241065 0.0145932119 0.2323443294 0.0333883390 0.9789724350 -0.2012414783 -0.2303954512 0.2034697831 0.9515870810
193.2 -483.7 2543.0 0.9733028412 0.0300151464 0.2275535762 -0.0477018654 0.9962177277 0.0726279095 -0.2245129645 -0.0815436840 0.9710533023
382.1 -103.7 2620.0 0.9909968376 -0.0608440526 0.1192612648 0.0823771656 0.9792994261 -0.1848962456 -0.1055426523 0.1930560023 0.9754948020
406.3 -493.1 2543.2 0.9956673980 -0.0328361765 0.0869957283 0.0145506049 0.9790678620 0.2030132115 -0.0918409005 -0.2008677870 0.9753037095
332.2 117.8 2331.3 0 0 0 0 0 0 0 0 0
350.5 179.8 2317.7 0 0 0 0 0 0 0 0 0
184.7 -766.0 2566.1 0 0 0 0 0 0 0 0 0
415.3 -762.5 2598.5 0 0 0 0 0 0 0 0 0
315.3 474.2 2434.1 2 0.9830992818 0.0551169813 0.1745792329 -0.1097040772 0.9407887459 0.3207516074 -0.1465633065 -0.3344827294 0.9309352636
304.1 283.0 2502.1 0.9830992818 0.0551169813 0.1745792329 -0.1097040772 0.9407887459 0.3207516074 -0.1465633065 -0.3344827294 0.9309352636
294.0 94.0 2562.7 0.9835825562 0.0515196919 0.1729481518 -0.1011300385 0.9511137605 0.2918137610 -0.1494592130 -0.3045131862 0.9407091141
166.2 297.3 2523.0 0.2909622192 -0.3993535042 -0.8694007993 0.8724948764 0.4836038053 0.0698574856 0.3925476968 -0.7788736224 0.4891443253
97.7 91.9 2430.6 -0.9099014997 -0.3993535042 -0.1122319326 -0.1050708070 0.4836038053 -0.8689576983 0.4012970924 -0.7788736224 -0.4819922447
442.0 268.8 2481.2 0.5598950386 0.6757256985 0.4794917703 -0.8259533644 0.4092790782 0.3876746297 0.0657157451 -0.6130949855 0.7872712612
544.5 117.6 2493.2 -0.7282142043 0.6757256985 0.1144502610 0.2414935231 0.4092790782 -0.8798701763 -0.6413929462 -0.6130949855 -0.4612262249
196.7 -91.4 2630.2 0.9587981105 0.0076159309 0.2839862108 0.0546784550 0.9760029912 -0.2107805610 -0.2787766755 0.2176239341 0.9353733659
193.6 -479.4 2543.7 0.9609278440 0.0298411977 0.2751857042 -0.0495592989 0.9966551661 0.0649798587 -0.2723261714 -0.0760789663 0.9591925740
378.4 -104.9 2613.9 0.9825819731 -0.0698373169 0.1722075045 0.0980933830 0.9819915295 -0.1614629775 -0.1578301787 0.1755430400 0.9717377424
406.2 -495.2 2544.1 0.9900582433 -0.0351210944 0.1362026632 0.0075849551 0.9802471995 0.1976305693 -0.1404532790 -0.1946326792 0.9707682729
330.3 118.7 2328.1 0 0 0 0 0 0 0 0 0
351.0 181.8 2322.8 0 0 0 0 0 0 0 0 0
185.0 -766.4 2565.6 0 0 0 0 0 0 0 0 0
415.7 -760.4 2596.7 0 0 0 0 0 0 0 0 0
315.8 471.9 2434.9 3 0.9890067577 0.0600721948 0.1351181716 -0.1019361988 0.9389188290 0.3286950886 -0.1071195528 -0.3388551176 0.9347206354
303.6 281.0 2503.8 0.9890067577 0.0600721948 0.1351181716 -0.1019361988 0.9389188290 0.3286950886 -0.1071195528 -0.3388551176 0.9347206354
292.4 92.1 2564.6 0.9894627333 0.0569896437 0.1331003010 -0.0945772156 0.9504546523 0.2961267531 -0.1096296459 -0.3055946529 0.9458293915
164.7 294.3 2519.2 0.2898696661 -0.3777373731 -0.8793691397 0.8720549941 0.4828145802 0.0800632909 0.3943293393 -0.7900661826 0.4693610668
98.1 93.9 2428.5 -0.9189183116 -0.3777373731 -0.1135942414 -0.0907982960 0.4828145802 -0.8710027337 0.3838552237 -0.7900661826 -0.4779650569
442.5 267.7 2488.4 0.5704575181 0.6628108621 0.4850360751 -0.8212137818 0.4504852891 0.3502440751 0.0136439661 -0.5981176496 0.8012921214
547.0 117.3 2490.9 -0.7378901243 0.6628108621 0.1272789091 0.2571802735 0.4504852891 -0.8549393415 -0.6240003705 -0.5981176496 -0.5028705001
194.0 -85.8 2636.9 0.9687749147 -0.0001067758 0.2479418516 0.0622121058 0.9681139588 -0.2426623851 -0.2400100529 0.2505102158 0.9378911257
194.0 -470.5 2537.4 0.9716761708 0.0290244557 0.2345271409 -0.0500409119 0.9951946735 0.0841633081 -0.2309573591 -0.0935154334 0.9684593678
373.8 -104.4 2609.6 0.9876001477 -0.0821221024 0.1337978393 0.1022265181 0.9832208753 -0.1510843933 -0.1191454604 0.1628886610 0.9794241190
406.4 -495.2 2544.9 0.9947046638 -0.0333111137 0.0972268134 0.0135114193 0.9801909328 0.1975934356 -0.1018828973 -0.1952334344 0.9754505754
332.8 117.0 2330.5 0 0 0 0 0 0 0 0 0
353.1 184.9 2326.9 0 0 0 0 0 0 0 0 0
185.4 -767.1 2565.3 0 0 0 0 0 0 0 0 0
415.5 -760.6 2597.7 0 0 0 0 0 0 0 0 0
315.1 468.8 2433.9 4 0.9868344665 0.0618562102 0.1494375020 -0.1078292057 0.9402847290 0.3228582442 -0.1205430254 -0.3347213566 0.9345753193
302.6 279.0 2501.4 0.9868344665 0.0618562102 0.1494375020 -0.1078292057 0.9402847290 0.3228582442 -0.1205430254 -0.3347213566 0.9345753193
290.7 90.0 2561.9 0.9872381687 0.0599959865 0.1475170106 -0.1015640795 0.9506857991 0.2930550277 -0.1226602048 -0.3042975366 0.9446467757
163.9 293.3 2518.7 0.2836867273 -0.3760656416 -0.8820977807 0.8745716810 0.4787153900 0.0771750659 0.3932508826 -0.7933512330 0.4647015631
98.8 92.6 2428.4 -0.9199731946 -0.3760656416 -0.1105621830 -0.0907395333 0.4787153900 -0.8732685447 0.3813341260 -0.7933512330 -0.4745293260
441.4 264.7 2484.2 0.5977432132 0.6489598751 0.4706954062 -0.8004199862 0.4500988424 0.3959026039 0.0450654402 -0.6134021282 0.7884839773
549.8 119.5 2492.4 -0.7518789172 0.6489598751 0.1163150072 0.2561505139 0.4500988424 -0.8554518819 -0.6075071692 -0.6134021282 -0.5046512485
190.5 -88.2 2635.4 0.9660161734 -0.0098316362 0.2582945526 0.0699117780 0.9719694853 -0.2244718522 -0.2488474995 0.2349012792 0.9396256208
194.4 -474.5 2542.0 0.9691665173 0.0326413102 0.2442352474 -0.0507750660 0.9963704348 0.0683220699 -0.2411186546 -0.0786165223 0.9673061967
371.6 -105.5 2615.3 0.9853234291 -0.0891767964 0.1455513090 0.1119237989 0.9813258648 -0.1564372480 -0.1288826913 0.1704319417 0.9769043922
407.1 -495.7 2547.6 0.9938996434 -0.0299628396 0.1061398983 0.0093505280 0.9818161726 0.1896036565 -0.1098909378 -0.1874545515 0.9761069417
334.4 115.8 2330.8 0 0 0 0 0 0 0 0 0
351.8 187.0 2332.4 0 0 0 0 0 0 0 0 0
185.0 -763.4 2564.8 0 0 0 0 0 0 0 0 0
415.1 -759.0 2597.8 0 0 0 0 0 0 0 0 0
316.9 471.9 2434.3 5 0.9875820279 0.0670947954 0.1420564353 -0.1099949107 0.9409136176 0.3202852905 -0.1121733561 -0.3319334984 0.9366094470
303.4 281.3 2501.5 0.9875820279 0.0670947954 0.1420564353 -0.1099949107 0.9409136176 0.3202852905 -0.1121733561 -0.3319334984 0.9366094470
290.5 92.1 2561.2 0.9880612493 0.0645597056 0.1398820132 -0.1031053439 0.9517527819 0.2890258431 -0.1144736707 -0.2999978364 0.9470465183
164.4 295.9 2517.6 0.2765990794 -0.3836690187 -0.8810737729 0.8807851076 0.4678924382 0.0727617964 0.3843313158 -0.7961624861 0.4673485756
100.2 91.5 2428.5 -0.9171142578 -0.3836690187 -0.1081643328 -0.0920735449 0.4678924382 -0.8789761662 0.3878452182 -0.7961624861 -0.4644365907
442.3 266.8 2485.4 0.6068742275 0.6331900954 0.4803893864 -0.7939821482 0.4556032419 0.4025146961 0.0360013656 -0.6256963611 0.7792354822
554.0 120.7 2492.1 -0.7653445601 0.6331900954 0.1154035926 0.2480203956 0.4556032419 -0.8549336791 -0.5939137936 -0.6256963611 -0.5057375431
188.4 -89.7 2633.7 0.9682654738 -0.0175222289 0.2493090332 0.0702395141 0.9764121771 -0.2041706145 -0.2398508489 0.2152027041 0.9466569424
195.3 -477.7 2548.1 0.9709959030 0.0357091539 0.2364144772 -0.0497853123 0.9973077774 0.0538389906 -0.2338554561 -0.0640474111 0.9701595306
369.3 -108.3 2611.2 0.9861253500 -0.0967902169 0.1348644197 0.1157688126 0.9832401276 -0.1408417374 -0.1189720184 0.1545007080 0.9808033109
407.7 -499.2 2549.8 0.9950599670 -0.0254982021 0.0959451199 0.0071033579 0.9822628498 0.1873745024 -0.0990210399 -0.1857673377 0.9775915742
335.2 115.1 2329.1 0 0 0 0 0 0 0 0 0
350.2 186.7 2333.9 0 0 0 0 0 0 0 0 0
184.8 -771.4 2567.0 0 0 0 0 0 0 0 0 0
414.5 -758.3 2598.8 0 0 0 0 0 0 0 0 0
318.4 474.8 2439.6 6 0.9854621291 0.0734336525 0.1532055140 -0.1185643300 0.9431211352 0.3105882406 -0.1216837242 -0.3242376447 0.9381167293
303.5 283.5 2505.3 0.9854621291 0.0734336525 0.1532055140 -0.1185643300 0.9431211352 0.3105882406 -0.1216837242 -0.3242376447 0.9381167293
289.2 93.9 2563.0 0.9859452248 0.0722016394 0.1506618261 -0.1122708246 0.9541575909 0.2774501443 -0.1237227693 -0.2904655635 0.9488531947
164.8 299.3 2522.7 0.2676611245 -0.3845483363 -0.8834478259 0.8724551797 0.4858270288 0.0528591909 0.4088759422 -0.7849169970 0.4655381739
101.1 91.7 2425.4 -0.9150587320 -0.3845483363 -0.1216142997 -0.0885996819 0.4858270288 -0.8695528507 0.3934686184 -0.7849169970 -0.4786311388
442.2 267.8 2487.9 0.6214842200 0.6225351691 0.4756125510 -0.7825792432 0.4650866985 0.4138406515 0.0364293009 -0.6293999553 0.7762271762
558.9 120.9 2494.7 -0.7744371891 0.6225351691 0.1126808822 0.2503121495 0.4650866985 -0.8491396904 -0.5810257196 -0.6293999553 -0.5160085559
187.1 -87.6 2631.3 0.9668279290 -0.0200234838 0.2546425760 0.0732599050 0.9767767191 -0.2013459355 -0.2446972877 0.2133219689 0.9458419681
195.1 -475.9 2546.5 0.9697364569 0.0375721604 0.2412458807 -0.0517932996 0.9972568750 0.0528786518 -0.2385973483 -0.0637732744 0.9690223336
368.3 -106.5 2610.3 0.9851532578 -0.0997305214 0.1397387087 0.1187865213 0.9836413860 -0.1354231536 -0.1239469424 0.1500116438 0.9808841348
408.0 -497.6 2550.7 0.9946240187 -0.0246205237 0.1005828977 0.0055411612 0.9825867414 0.1857217252 -0.1034039855 -0.1841659397 0.9774407744
335.3 114.4 2324.7 0 0 0 0 0 0 0 0 0
350.6 188.2 2338.5 0 0 0 0 0 0 0 0 0
184.0 -769.1 2565.3 0 0 0 0 0 0 0 0 0
414.5 -758.6 2599.6 0 0 0 0 0 0 0 0 0
317.8 475.0 2445.7 7 0.9908643961 0.0709314644 0.1147018000 -0.1027054712 0.9480999112 0.3009288013 -0.0874034464 -0.3099601269 0.9467234612
303.4 282.9 2508.5 0.9908643961 0.0709314644 0.1147018000 -0.1027054712 0.9480999112 0.3009288013 -0.0874034464 -0.3099601269 0.9467234612
289.5 92.5 2563.7 0.9911875725 0.0701737702 0.1123513058 -0.0983394161 0.9580571055 0.2691764832 -0.0887498334 -0.2778529227 0.9565151334
164.1 296.8 2520.9 0.2641036212 -0.3851067722 -0.8842749000 0.8709632754 0.4890825450 0.0471296534 0.4143334627 -0.7826180458 0.4645823240
102.1 92.3 2423.7 -0.9139265418 -0.3851067722 -0.1281837970 -0.0843240544 0.4890825450 -0.8681519032 0.3970236182 -0.7826180458 -0.4794592857
442.8 269.1 2496.0 0.6399698257 0.6166449785 0.4584621787 -0.7681258917 0.4974597692 0.4031332433 0.0205236059 -0.6101498008 0.7920202017
566.7 120.4 2500.0 -0.7752496004 0.6166449785 0.1368833035 0.2489607930 0.4974597692 -0.8309947848 -0.5805227160 -0.6101498008 -0.5391759276
184.4 -85.5 2632.1 0.9745167494 -0.0252318364 0.2228911668 0.0743862689 0.9737781286 -0.2149948478 -0.2116218358 0.2260961235 0.9508399963
194.4 -472.6 2542.3 0.9778375626 0.0336602144 0.2066414207 -0.0489527620 0.9963910580 0.0693428814 -0.2035615742 -0.0779217407 0.9759563804
365.2 -106.1 2609.4 0.9886969924 -0.1065417901 0.1054853201 0.1210395023 0.9824036360 -0.1422411054 -0.0884745419 0.1534012407 0.9841952920
407.6 -496.7 2548.4 0.9976121187 -0.0254176725 0.0642179400 0.0126877902 0.9814389348 0.1913546473 -0.0678897724 -0.1900829375 0.9794179201
335.8 113.9 2322.2 0 0 0 0 0 0 0 0 0
352.3 189.2 2339.4 0 0 0 0 0 0 0 0 0
184.3 -773.1 2565.8 0 0 0 0 0 0 0 0 0
414.4 -758.5 2599.2 0 0 0 0 0 0 0 0 0
319.3 470.0 2447.2 8 0.9958981276 0.0707219988 0.0564383380 -0.0846592411 0.9484609365 0.3053762615 -0.0319327414 -0.3089016974 0.9505577683
305.0 278.0 2509.7 0.9958981276 0.0707219988 0.0564383380 -0.0846592411 0.9484609365 0.3053762615 -0.0319327414 -0.3089016974 0.9505577683
291.5 87.4 2564.7 0.9962065220 0.0681825280 0.0540709496 -0.0804249644 0.9586827159 0.2728722692 -0.0332317613 -0.2761857808 0.9605295658
165.1 289.3 2514.4 0.2757508159 -0.3973844349 -0.8752411604 0.8753470778 0.4800229371 0.0578400977 0.3971510828 -0.7820892334 0.4802160263
102.7 91.4 2424.6 -0.9087702036 -0.3973844349 -0.1273667961 -0.0875671357 0.4800229371 -0.8728745580 0.4080057442 -0.7820892334 -0.4710283577
444.9 266.7 2505.1 0.6516640186 0.6117610931 0.4484221339 -0.7584409714 0.5333873630 0.3745200336 -0.0100659076 -0.5841629505 0.8115739822
572.0 118.8 2503.1 -0.7729650140 0.6117610931 0.1681472361 0.2461012155 0.5333873630 -0.8092787862 -0.5847728848 -0.5841629505 -0.5628448725
184.8 -88.9 2627.1 0.9845269322 -0.0227926597 0.1737445146 0.0605805069 0.9746399522 -0.2154226601 -0.1644282937 0.2226149589 0.9609401226
193.8 -476.4 2538.6 0.9868918061 0.0294100773 0.1586809605 -0.0441031530 0.9949753284 0.0898831114 -0.1552401632 -0.0957032368 0.9832300544
366.5 -107.0 2610.8 0.9933063984 -0.1013048291 0.0554948635 0.1089377627 0.9813346863 -0.1584765762 -0.0384045914 0.1634612978 0.9858019352
406.8 -497.2 2545.8 0.9993988872 -0.0302890930 0.0168648511 0.0264893752 0.9810096622 0.1921416074 -0.0223643761 -0.1915793717 0.9812222719
335.8 113.8 2319.9 0 0 0 0 0 0 0 0 0
352.0 188.8 2336.7 0 0 0 0 0 0 0 0 0
185.2 -768.7 2566.7 0 0 0 0 0 0 0 0 0
414.8 -757.2 2596.6 0 0 0 0 0 0 0 0 0
322.0 470.3 2455.5 9 0.9970922470 0.0739906579 0.0182311442 -0.0761179104 0.9557036757 0.2843177617 0.0036132869 -0.2848787606 0.9585567713
307.1 277.2 2513.0 0.9970922470 0.0739906579 0.0182311442 -0.0761179104 0.9557036757 0.2843177617 0.0036132869 -0.2848787606 0.9585567713
293.1 85.6 2563.8 0.9973534346 0.0709205419 0.0160112511 -0.0726575255 0.9642321467 0.2549062967 0.0026395291 -0.2553950250 0.9668331742
167.0 287.5 2512.7 0.2832672596 -0.4016705751 -0.8708733916 0.8774855137 0.4749930799 0.0663381964 0.3870127201 -0.7829701900 0.4870100915
103.1 89.6 2425.4 -0.9079128504 -0.4016705751 -0.1198123172 -0.0946889371 0.4749930799 -0.8748803139 0.4083237052 -0.7829701900 -0.4692860842
447.2 266.9 2513.4 0.6488800645 0.6015269756 0.4659613371 -0.7583923936 0.5608764887 0.3320519924 -0.0616085082 -0.5688434839 0.8201350570
575.4 117.1 2501.3 -0.7784917355 0.6015269756 0.1792092323 0.2518271506 0.5608764887 -0.7886701822 -0.5749206543 -0.5688434839 -0.5881184936
186.7 -95.8 2622.6 0.9902092218 -0.0169476978 0.1385586858 0.0450679325 0.9782606959 -0.2024226338 -0.1321159303 0.2066853046 0.9694465399
193.5 -484.6 2540.5 0.9914293289 0.0288024340 0.1274296641 -0.0410469323 0.9946753383 0.0945310742 -0.1240284219 -0.0989514738 0.9873325229
369.2 -110.5 2616.6 0.9953343868 -0.0944224894 0.0198455565 0.0964456797 0.9795594215 -0.1765265167 -0.0027718288 0.1776169240 0.9840958118
406.7 -499.9 2545.9 0.9993554950 -0.0320465118 -0.0161750689 0.0345893055 0.9801706672 0.1951128244 0.0096016433 -0.1955465525 0.9806474447
335.6 113.9 2320.8 0 0 0 0 0 0 0 0 0
352.6 189.2 2336.7 0 0 0 0 0 0 0 0 0
185.3 -767.9 2568.6 0 0 0 0 0 0 0 0 0
415.2 -759.2 2597.7 0 0 0 0 0 0 0 0 0
319.1 475.5 2450.1 0 0.9979417920 0.0632036999 -0.0108394176 -0.0569694750 0.9514070749 0.3026202321 0.0294394176 -0.3013798594 0.9530496001
306.2 281.9 2511.4 0.9979417920 0.0632036999 -0.0108394176 -0.0569694750 0.9514070749 0.3026202321 0.0294394176 -0.3013798594 0.9530496001
294.6 90.8 2564.6 0.9982104301 0.0583684333 -0.0130003626 -0.0527412668 0.9618032575 0.2686129212 0.0281823054 -0.2674465775 0.9631604552
165.9 289.3 2507.5 0.2746645510 -0.4052367210 -0.8719762564 0.8845524192 0.4620432258 0.0638988987 0.3769965470 -0.7888594866 0.4853600264
103.5 88.5 2421.9 -0.9074120522 -0.4052367210 -0.1112948135 -0.0982372388 0.4620432258 -0.8813997507 0.4085985422 -0.7888594866 -0.4590729475
446.5 274.5 2515.4 0.6341017485 0.6021057963 0.4851635098 -0.7698330879 0.5504905581 0.3229816854 -0.0726087913 -0.5782981515 0.8125879765
576.5 116.6 2500.5 -0.7783683538 0.6021057963 0.1777959019 0.2434220165 0.5504905581 -0.7985649109 -0.5786954761 -0.5782981515 -0.5750502348
187.7 -99.4 2614.3 0.9928880930 -0.0126359761 0.1183791384 0.0347386636 0.9818285108 -0.1865636408 -0.1138705984 0.1893491447 0.9752847552
192.8 -489.7 2539.1 0.9934733510 0.0296033863 0.1101559773 -0.0401411057 0.9946953654 0.0947090536 -0.1067679301 -0.0985127091 0.9893916845
370.4 -112.8 2614.8 0.9958305955 -0.0912191123 0.0006802295 0.0898576453 0.9796283841 -0.1795935333 0.0157159902 0.1789058745 0.9837406874
406.7 -502.3 2543.7 0.9989793301 -0.0297995862 -0.0339452550 0.0361456573 0.9780701995 0.2051149011 0.0270885043 -0.2061325163 0.9781490564
335.5 113.6 2317.5 0 0 0 0 0 0 0 0 0
352.1 186.8 2333.7 0 0 0 0 0 0 0 0 0
184.6 -764.6 2566.3 0 0 0 0 0 0 0 0 0
414.5 -757.9 2597.6 0 0 0 0 0 0 0 0 0
320.1 477.6 2448.0 1 0.9981253147 0.0602250434 -0.0108973263 -0.0539637990 0.9500035644 0.3075404763 0.0288741365 -0.3063758910 0.9514725804
307.8 283.6 2510.5 0.9981253147 0.0602250434 -0.0108973263 -0.0539637990 0.9500035644 0.3075404763 0.0288741365 -0.3063758910 0.9514725804
296.8 92.8 2565.1 0.9983789325 0.0554481931 -0.0128458375 -0.0497764274 0.9600500464 0.2753656805 0.0276011769 -0.2742798626 0.9612537026
167.4 290.6 2506.6 0.2794043422 -0.3969987035 -0.8742569685 0.8830776811 0.4637246132 0.0716467425 0.3769707978 -0.7920552492 0.4801473618
103.2 87.8 2420.0 -0.9118542671 -0.3969987035 -0.1044692844 -0.1010517254 0.4637246132 -0.8801977038 0.3978823423 -0.7920552492 -0.4629666805
448.2 276.6 2514.4 0.6290532351 0.6094579697 0.4825483859 -0.7755797505 0.5340642333 0.3365284204 -0.0526119173 -0.5859490633 0.8086381555
577.5 117.2 2503.6 -0.7717003822 0.6094579697 0.1817676574 0.2301669568 0.5340642333 -0.8135100007 -0.5928757787 -0.5859490633 -0.5524146557
191.6 -95.5 2615.3 0.9927614927 -0.0076662367 0.1198576018 0.0297551174 0.9825483561 -0.1836119443 -0.1163582727 0.1858492494 0.9756643176
194.6 -486.2 2541.4 0.9928479195 0.0367617086 0.1135853305 -0.0462650508 0.9955416918 0.0821967572 -0.1100572348 -0.0868639052 0.9901222587
374.5 -105.2 2620.4 0.9967955947 -0.0798807889 0.0042010685 0.0791486725 0.9773331881 -0.1963550448 0.0115791522 0.1960583478 0.9805238843
406.2 -493.7 2542.5 0.9991093278 -0.0320850685 -0.0274058469 0.0369685367 0.9787037373 0.2019216120 0.0203435365 -0.2027549148 0.9790181518
336.1 113.6 2318.4 0 0 0 0 0 0 0 0 0
354.6 183.7 2332.3 0 0 0 0 0 0 0 0 0
184.4 -762.2 2565.4 0 0 0 0 0 0 0 0 0
414.9 -757.1 2597.0 0 0 0 0 0 0 0 0 0
319.1 479.1 2447.4 2 0.9930412769 0.0642254055 0.0987123773 -0.0910551101 0.9503033757 0.2977119982 -0.0746860281 -0.3046285808 0.9495385289
306.0 285.8 2509.3 0.9930412769 0.0642254055 0.0987123773 -0.0910551101 0.9503033757 0.2977119982 -0.0746860281 -0.3046285808 0.9495385289
293.7 95.0 2563.6 0.9933788180 0.0621754155 0.0966058224 -0.0859528482 0.9601686001 0.2658727765 -0.0762271285 -0.2724159360 0.9591553211
167.1 297.9 2520.0 0.2658281326 -0.3908559978 -0.8812304139 0.8696267009 0.4917245209 0.0442310683 0.4160346091 -0.7780993581 0.4706130326
102.9 87.7 2419.4 -0.9131590128 -0.3908559978 -0.1156381294 -0.1009467244 0.4917245209 -0.8648796082 0.3949054778 -0.7780993581 -0.4884783030
444.9 273.8 2498.6 0.6437563300 0.6191027164 0.4497661889 -0.7647636533 0.4999791682 0.4063955843 0.0267269053 -0.6055845618 0.7953320146
577.5 116.4 2504.1 -0.7675982714 0.6191027164 0.1658454388 0.2224179059 0.4999791682 -0.8369893432 -0.6011016369 -0.6055845618 -0.5214826465
194.2 -93.5 2617.1 0.9769807458 -0.0020186750 0.2133180499 0.0430188291 0.9812768102 -0.1877369881 -0.2089450806 0.1925921142 0.9587754011
195.0 -483.6 2540.5 0.9780377150 0.0372766182 0.2050673813 -0.0548171699 0.9952437282 0.0805293322 -0.2010901719 -0.0900019407 0.9754293561
377.3 -102.6 2622.1 0.9929031134 -0.0681045279 0.0974945202 0.0859190449 0.9776043892 -0.1921134293 -0.0822272748 0.1991266608 0.9765179157
404.4 -491.2 2543.0 0.9973044991 -0.0369052775 0.0634174570 0.0233591367 0.9790263176 0.2023901492 -0.0695566237 -0.2003632337 0.9772494435
336.0 113.5 2318.6 0 0 0 0 0 0 0 0 0
354.6 181.0 2329.6 0 0 0 0 0 0 0 0 0
184.5 -765.2 2566.0 0 0 0 0 0 0 0 0 0
414.4 -757.4 2597.4 0 0 0 0 0 0 0 0 0
317.7 474.0 2447.1 3 0.9944787621 0.0695101768 0.0786154121 -0.0898880213 0.9508346319 0.2963673472 -0.0541497134 -0.3017976284 0.9518329501
303.6 281.4 2508.2 0.9944787621 0.0695101768 0.0786154121 -0.0898880213 0.9508346319 0.2963673472 -0.0541497134 -0.3017976284 0.9518329501
289.9 90.5 2561.7 0.9947056770 0.0688659549 0.0762766153 -0.0867533684 0.9605965614 0.2640608251 -0.0550862513 -0.2692800462 0.9614852071
164.1 293.6 2515.9 0.2628856599 -0.3911982775 -0.8819609284 0.8787559271 0.4744881988 0.0514686853 0.3983455598 -0.7885587215 0.4685039222
103.3 90.3 2423.7 -0.9130268097 -0.3911982775 -0.1155245081 -0.0925390422 0.4744881988 -0.8753842115 0.3972637951 -0.7885587215 -0.4694215655
443.1 269.3 2500.5 0.6621546745 0.6104209423 0.4346693754 -0.7492624521 0.5296071172 0.3976456523 0.0125272553 -0.5889843702 0.8080472946
577.6 117.1 2503.0 -0.7695824504 0.6104209423 0.1874276698 0.2205995917 0.5296071172 -0.8190556169 -0.5992317200 -0.5889843702 -0.5422349572
190.7 -88.0 2624.7 0.9812353849 -0.0080012139 0.1926477551 0.0477679968 0.9780792594 -0.2026798874 -0.1868030876 0.2080790699 0.9601081610
193.9 -476.8 2542.0 0.9825362563 0.0334082991 0.1830474138 -0.0475924760 0.9961478114 0.0736515671 -0.1798817068 -0.0810770169 0.9803413153
371.9 -103.7 2610.8 0.9936695695 -0.0841543823 0.0744229332 0.0957560092 0.9808935523 -0.1693475693 -0.0587496348 0.1754019707 0.9827424288
405.3 -493.5 2541.1 0.9987562895 -0.0334871523 0.0369391814 0.0247653518 0.9762153029 0.2153842896 -0.0432732031 -0.2142015994 0.9758304954
336.7 113.9 2322.2 0 0 0 0 0 0 0 0 0
355.4 180.8 2330.0 0 0 0 0 0 0 0 0 0
184.1 -769.7 2565.9 0 0 0 0 0 0 0 0 0
414.4 -759.1 2599.4 0 0 0 0 0 0 0 0 0
319.2 482.4 2438.9 4 0.9925034642 0.0799294785 0.0924559534 -0.1058095098 0.9405598640 0.3227250278 -0.0611651167 -0.3300884366 0.9419662952
302.8 289.8 2506.5 0.9925034642 0.0799294785 0.0924559534 -0.1058095098 0.9405598640 0.3227250278 -0.0611651167 -0.3300884366 0.9419662952
288.0 100.4 2564.7 0.9931973815 0.0745202452 0.0894745737 -0.0973013714 0.9532260299 0.2861688435 -0.0639641210 -0.2929281592 0.9539924860
163.3 303.5 2515.5 0.2463287711 -0.3912173808 -0.8867192864 0.8883549571 0.4569283426 0.0451880023 0.3874888420 -0.7988525629 0.4600945115
103.8 89.2 2422.0 -0.9146067500 -0.3912173808 -0.1021931022 -0.0966484919 0.4569283426 -0.8842372894 0.3926239312 -0.7988525629 -0.4557203054
442.3 276.1 2497.5 0.6464926004 0.6214091778 0.4426036477 -0.7624217272 0.5052637458 0.4042544663 0.0275758468 -0.5987981558 0.8004251122
573.7 121.2 2503.1 -0.7586238980 0.6214091778 0.1958070844 0.1970192641 0.5052637458 -0.8401737809 -0.6210258603 -0.5987981558 -0.5057347417
185.3 -92.5 2620.3 0.9792525172 -0.0202626772 0.2016281933 0.0584547780 0.9809382558 -0.1853190809 -0.1940297484 0.1932603121 0.9617707133
193.3 -482.5 2543.5 0.9812183380 0.0329410732 0.1900669336 -0.0464613177 0.9966624379 0.0671214461 -0.1872215271 -0.0746915564 0.9794739485
367.2 -108.4 2610.3 0.9916067719 -0.0972468480 0.0852003321 0.1100287363 0.9807828665 -0.1611166894 -0.0678949356 0.1691388786 0.9832509160
405.9 -498.2 2543.0 0.9984689951 -0.0346920379 0.0430830382 0.0246996395 0.9765389562 0.2139194757 -0.0494935699 -0.2125278264 0.9759007692
336.7 113.8 2322.1 0 0 0 0 0 0 0 0 0
353.9 178.2 2323.3 0 0 0 0 0 0 0 0 0
183.9 -768.0 2564.9 0 0 0 0 0 0 0 0 0
415.2 -759.8 2600.0 0 0 0 0 0 0 0 0 0
317.5 477.9 2435.4 5 0.9896691442 0.0778238997 0.1204093546 -0.1136365458 0.9378793836 0.3278246522 -0.0874168649 -0.3381208479 0.9370339513
301.5 286.0 2504.5 0.9896691442 0.0778238997 0.1204093546 -0.1136365458 0.9378793836 0.3278246522 -0.0874168649 -0.3381208479 0.9370339513
286.4 97.0 2564.1 0.9901707172 0.0761283785 0.1173303500 -0.1074827760 0.9509571195 0.2900483608 -0.0894952118 -0.2998084128 0.9497923851
162.4 301.1 2517.1 0.2481577545 -0.3916155696 -0.8860332966 0.8834253550 0.4667639136 0.0411235578 0.3974637389 -0.7929493785 0.4617941678
103.1 90.0 2422.1 -0.9149261713 -0.3916155696 -0.0977103636 -0.1060215831 0.4667639136 -0.8780038953 0.3894476593 -0.7929493785 -0.4685742259
440.7 270.9 2492.0 0.6742719412 0.6354240775 0.3762892187 -0.7360633016 0.5370572209 0.4120441377 0.0597339235 -0.5548024774 0.8298349380
572.9 126.6 2503.7 -0.7370116115 0.6354240775 0.2303261012 0.2075123787 0.5370572209 -0.8176234961 -0.6432359219 -0.5548024774 -0.5276757479
182.3 -80.2 2628.8 0.9736908674 -0.0329647139 0.2254760861 0.0805942863 0.9753454328 -0.2054405510 -0.2131447941 0.2182076722 0.9523416758
195.4 -467.8 2542.1 0.9772882462 0.0388724320 0.2083184719 -0.0533376336 0.9965057969 0.0642748475 -0.2050920427 -0.0739262700 0.9759467840
364.2 -98.0 2617.1 0.9882377386 -0.1047299728 0.1114350110 0.1235099137 0.9762895107 -0.1777752340 -0.0901744366 0.1894475222 0.9777413607
405.8 -486.0 2541.8 0.9974386692 -0.0343530625 0.0627369061 0.0204347614 0.9774187207 0.2103212327 -0.0685454085 -0.2085005194 0.9756172895
335.8 117.0 2323.0 0 0 0 0 0 0 0 0 0
359.4 186.7 2317.4 0 0 0 0 0 0 0 0 0
183.6 -769.2 2564.5 0 0 0 0 0 0 0 0 0
415.4 -759.1 2600.1 0 0 0 0 0 0 0 0 0
319.1 475.8 2433.1 6 0.9895568490 0.0778635144 0.1213031635 -0.1140476018 0.9375774860 0.3285447061 -0.0881494656 -0.3389480114 0.9366663694
303.2 284.0 2502.4 0.9895568490 0.0778635144 0.1213031635 -0.1140476018 0.9375774860 0.3285447061 -0.0881494656 -0.3389480114 0.9366663694
288.3 95.1 2562.3 0.9901219010 0.0752160028 0.1183265895 -0.1070788428 0.9504566193 0.2918326259 -0.0905138105 -0.3016201556 0.9491219521
163.9 299.1 2515.1 0.3107417226 -0.4085887969 -0.8581927419 0.8859186172 0.4516222179 0.1057619005 0.3443657756 -0.7931535244 0.5023143291
89.4 86.7 2432.5 -0.9082611203 -0.4085887969 -0.0900940225 -0.1154077426 0.4516222179 -0.8847137690 0.4021725953 -0.7931535244 -0.4573452175
442.5 269.0 2489.7 0.6798048615 0.6279808283 0.3788210750 -0.7314147949 0.5426115394 0.4130437970 0.0538308918 -0.5578645468 0.8281844258
576.1 125.2 2500.2 -0.7489646673 0.6279808283 0.2114049196 0.2266595662 0.5426115394 -0.8088251948 -0.6226374507 -0.5578645468 -0.5487347245
180.6 -82.2 2631.9 0.9731836915 -0.0371731818 0.2270057797 0.0862763897 0.9737994671 -0.2104067653 -0.2132366151 0.2243496776 0.9508929253
195.4 -469.2 2542.8 0.9773820639 0.0370447822 0.2082113475 -0.0513382815 0.9966497421 0.0636682063 -0.2051552087 -0.0729173720 0.9760094285
362.1 -101.9 2615.5 0.9874525666 -0.1110875979 0.1122363508 0.1293610632 0.9766632915 -0.1714483052 -0.0905713439 0.1838160753 0.9787790775
406.2 -490.1 2542.5 0.9975945354 -0.0314124562 0.0617933944 0.0176850483 0.9772652388 0.2112814039 -0.0670254081 -0.2096803635 0.9754700065
323.0 116.4 2329.1 0 0 0 0 0 0 0 0 0
361.8 190.1 2322.1 0 0 0 0 0 0 0 0 0
184.2 -769.6 2564.7 0 0 0 0 0 0 0 0 0
414.8 -757.6 2599.9 0 0 0 0 0 0 0 0 0
317.9 474.6 2433.4 7 0.9889618754 0.0698446408 0.1306758970 -0.1094667017 0.9387716055 0.3266878128 -0.0998574272 -0.3373864293 0.9360549450
303.7 283.0 2502.3 0.9889618754 0.0698446408 0.1306758970 -0.1094667017 0.9387716055 0.3266878128 -0.0998574272 -0.3373864293 0.9360549450
290.1 93.8 2562.0 0.9894173145 0.0683573112 0.1279868782 -0.1032369956 0.9514698386 0.2899090350 -0.1019582525 -0.3000539839 0.9484577775
164.5 297.5 2516.6 0.2946608663 -0.4064518511 -0.8648536801 0.8811764717 0.4657376707 0.0813412815 0.3697336018 -0.7860568166 0.4953904748
94.6 88.7 2429.0 -0.9070631266 -0.4064518511 -0.1096968874 -0.1023949683 0.4657376707 -0.8789787889 0.4083525240 -0.7860568166 -0.4640720785
442.9 268.4 2488.0 0.6822903752 0.6188997030 0.3891567588 -0.7281206846 0.5273999572 0.4378237128 0.0657277182 -0.5820760131 0.8104735613
577.6 124.7 2500.9 -0.7630051374 0.6188997030 0.1865109056 0.2277076095 0.5273999572 -0.8185343742 -0.6049565077 -0.5820760131 -0.5433370471
182.5 -84.0 2630.6 0.9706380963 -0.0333929956 0.2382155061 0.0836754367 0.9753417969 -0.2042225599 -0.2255219221 0.2181589752 0.9494980574
195.8 -471.8 2543.9 0.9746275544 0.0382411778 0.2205419093 -0.0537480861 0.9964533448 0.0647442415 -0.2172838300 -0.0749552250 0.9732263088
364.1 -103.7 2614.0 0.9866473675 -0.1075382158 0.1223212108 0.1264688224 0.9790896773 -0.1593392789 -0.1026283726 0.1726815104 0.9796165228
406.9 -492.9 2545.4 0.9966874123 -0.0280127153 0.0763513520 0.0124250585 0.9802353382 0.1974444985 -0.0803732499 -0.1958417743 0.9773362279
326.4 114.8 2324.7 0 0 0 0 0 0 0 0 0
359.7 189.7 2328.2 0 0 0 0 0 0 0 0 0
184.4 -769.3 2566.3 0 0 0 0 0 0 0 0 0
414.4 -756.9 2598.1 0 0 0 0 0 0 0 0 0
316.9 476.8 2433.1 8 0.9874092937 0.0677891448 0.1429250240 -0.1114121079 0.9394292235 0.3241296709 -0.1122954711 -0.3359722197 0.9351536632
303.1 285.1 2501.7 0.9874092937 0.0677891448 0.1429250240 -0.1114121079 0.9394292235 0.3241296709 -0.1122954711 -0.3359722197 0.9351536632
290.0 96.0 2561.5 0.9878945947 0.0657813847 0.1404887438 -0.1045418978 0.9514088035 0.2896415889 -0.1146092117 -0.3008223176 0.9467685223
164.1 299.9 2517.8 0.2719537616 -0.4081752300 -0.8714551926 0.8804511428 0.4710362256 0.0541355200 0.3883901834 -0.7819960713 0.4874784052
99.1 89.6 2425.0 -0.9049660563 -0.4081752300 -0.1201227531 -0.0960627943 0.4710362256 -0.8768675923 0.4144977927 -0.7819960713 -0.4654822350
442.1 270.4 2485.5 0.6798325181 0.6089826226 0.4086170197 -0.7304419875 0.5125584006 0.4513739049 0.0654387921 -0.6053296924 0.7932803631
578.8 123.5 2498.7 -0.7779660225 0.6089826226 0.1546253860 0.2372036427 0.5125584006 -0.8252383471 -0.5818103552 -0.6053296924 -0.5432059169
185.8 -85.9 2630.9 0.9678092599 -0.0255349483 0.2503861785 0.0815742388 0.9729617238 -0.2160813361 -0.2380985320 0.2295505702 0.9437243342
195.9 -472.7 2539.7 0.9721511006 0.0379152820 0.2312674522 -0.0590160117 0.9946305156 0.0850131884 -0.2268023640 -0.0962941498 0.9691687822
367.3 -104.8 2612.2 0.9860019684 -0.0990818068 0.1341003031 0.1195703894 0.9807232618 -0.1545470059 -0.1162024885 0.1684180796 0.9788423181
406.6 -494.7 2545.3 0.9953545928 -0.0310477801 0.0911335722 0.0125289438 0.9802969694 0.1971315593 -0.0954584628 -0.1950739920 0.9761320949
330.2 114.1 2319.2 0 0 0 0 0 0 0 0 0
359.0 190.6 2334.3 0 0 0 0 0 0 0 0 0
184.4 -773.8 2568.8 0 0 0 0 0 0 0 0 0
415.0 -757.3 2597.6 0 0 0 0 0 0 0 0 0
318.4 476.9 2433.4 9 0.9853152037 0.0753005743 0.1532442421 -0.1205937862 0.9422746301 0.3123710752 -0.1208764464 -0.3262642622 0.9375182986
303.1 285.3 2499.8 0.9853152037 0.0753005743 0.1532442421 -0.1205937862 0.9422746301 0.3123710752 -0.1208764464 -0.3262642622 0.9375182986
288.5 95.9 2558.6 0.9858354926 0.0731822029 0.1509063989 -0.1139543504 0.9524633288 0.2825385928 -0.1230560094 -0.2957330048 0.9473115802
164.3 301.3 2517.1 0.3141300082 -0.4324546158 -0.8451658487 0.8863731623 0.4524998069 0.0979107171 0.3400954306 -0.7798890471 0.5254599452
87.8 85.2 2434.2 -0.8949694037 -0.4324546158 -0.1096025780 -0.1102788150 0.4524998069 -0.8849195242 0.4322826564 -0.7798890471 -0.4526640773
441.8 269.2 2482.5 0.6839227080 0.6236195564 0.3786137700 -0.7232064605 0.5112147927 0.4643617868 0.0960321277 -0.5914034843 0.8006370664
575.4 128.0 2501.2 -0.7626277804 0.6236195564 0.1717485189 0.2316413969 0.5112147927 -0.8276482821 -0.6039380431 -0.5914034843 -0.5343226790
186.3 -83.6 2631.8 0.9665106535 -0.0209789798 0.2557676136 0.0832151324 0.9684205651 -0.2350252122 -0.2427600175 0.2484381050 0.9377345443
194.6 -468.5 2533.0 0.9716082215 0.0337324850 0.2341786325 -0.0588055141 0.9931546450 0.1009244397 -0.2291711718 -0.1118300036 0.9669408798
367.6 -102.7 2610.7 0.9853588939 -0.0993949026 0.1385226399 0.1193436831 0.9823453426 -0.1440647990 -0.1217577681 0.1584873348 0.9798249006
407.1 -493.3 2547.7 0.9947097898 -0.0288232081 0.0985987112 0.0102702957 0.9829239845 0.1837251186 -0.1022105888 -0.1817405224 0.9780201316
318.3 113.6 2322.8 0 0 0 0 0 0 0 0 0
363.1 192.4 2333.1 0 0 0 0 0 0 0 0 0
184.4 -770.2 2567.0 0 0 0 0 0 0 0 0 0
414.9 -759.5 2597.0 0 0 0 0 0 0 0 0 0
318.6 481.2 2439.1 0 0.9857916236 0.0741530135 0.1507190168 -0.1173271090 0.9460862875 0.3019190133 -0.1202049851 -0.3153126538 0.9413440824
303.5 288.7 2503.3 0.9857916236 0.0741530135 0.1507190168 -0.1173271090 0.9460862875 0.3019190133 -0.1202049851 -0.3153126538 0.9413440824
288.9 98.6 2559.3 0.9862234592 0.0735208392 0.1481823325 -0.1117633730 0.9565672278 0.2692360580 -0.1219519079 -0.2820882499 0.9516059756
164.7 304.4 2520.4 0.3336178660 -0.4482425451 -0.8293236494 0.8886780143 0.4430856705 0.1180106103 0.3145640492 -0.7763721347 0.5461645722
81.6 83.0 2442.0 -0.8874665499 -0.4482425451 -0.1071527526 -0.1164706424 0.4430856705 -0.8888811469 0.4459122121 -0.7763721347 -0.4454308152
442.3 273.0 2486.1 0.6734877825 0.6250985265 0.3945454061 -0.7357015610 0.5149812698 0.4399290383 0.0718154982 -0.5865544677 0.8067194819
572.2 131.1 2499.9 -0.7559447885 0.6250985265 0.1944205910 0.2122454643 0.5149812698 -0.8305096030 -0.6192732453 -0.5865544677 -0.5219717026
183.5 -83.0 2628.7 0.9671264887 -0.0300342236 0.2525160015 0.0871350765 0.9720262289 -0.2181112766 -0.2389013618 0.2329441905 0.9426892996
195.5 -469.3 2536.1 0.9723804593 0.0370729566 0.2304383069 -0.0608601458 0.9934229255 0.0969894677 -0.2253270149 -0.1083351746 0.9682413340
364.4 -103.9 2606.1 0.9853915572 -0.1054910719 0.1336980164 0.1237546951 0.9828656912 -0.1366008967 -0.1169970185 0.1511511207 0.9815625548
406.3 -494.6 2546.0 0.9950545430 -0.0344650000 0.0931593329 0.0168735087 0.9828936458 0.1833994389 -0.0978865772 -0.1809205115 0.9786143303
311.2 113.2 2326.7 0 0 0 0 0 0 0 0 0
360.0 190.7 2326.2 0 0 0 0 0 0 0 0 0
184.3 -768.5 2568.7 0 0 0 0 0 0 0 0 0
415.6 -759.0 2594.7 0 0 0 0 0 0 0 0 0
317.4 479.6 2434.4 1 0.9875267148 0.0705877617 0.1407420784 -0.1129153669 0.9404602647 0.3206003606 -0.1097318679 -0.3324933648 0.9367001057
302.9 287.3 2502.4 0.9875267148 0.0705877617 0.1407420784 -0.1129153669 0.9404602647 0.3206003606 -0.1097318679 -0.3324933648 0.9367001057
289.5 97.9 2561.1 0.9881010652 0.0677476227 0.1380815506 -0.1050539464 0.9529967308 0.2841846645 -0.1123384312 -0.2953091860 0.9487742186
163.9 302.1 2518.2 0.3437265456 -0.4332635105 -0.8331475258 0.8869999051 0.4411187172 0.1365481913 0.3083556294 -0.7859370112 0.5359289050
78.9 82.9 2442.0 -0.8941729069 -0.4332635105 -0.1128605306 -0.1011884660 0.4411187172 -0.8917259574 0.4361372292 -0.7859370112 -0.4382776916
442.0 272.6 2486.6 0.7121416926 0.5717859864 0.4073266387 -0.7010193467 0.5479668975 0.4564034641 0.0377636030 -0.6105678082 0.7910631299
575.7 140.9 2493.7 -0.7850314379 0.5717859864 0.2382988930 0.1492707580 0.5479668975 -0.8230738044 -0.6012020111 -0.6105678082 -0.5155221820
183.8 -81.3 2626.6 0.9684862494 -0.0369867161 0.2463053912 0.0868702531 0.9769744873 -0.1948701292 -0.2334264815 0.2101256549 0.9493994117
198.5 -469.6 2543.1 0.9722651243 0.0496218018 0.2285569012 -0.0655095652 0.9958955050 0.0624550357 -0.2245196551 -0.0756955147 0.9715251327
364.7 -101.8 2604.2 0.9862159491 -0.1041363627 0.1285834908 0.1217181236 0.9830012321 -0.1374530196 -0.1120838597 0.1512092948 0.9821267724
406.1 -492.7 2544.1 0.9955521226 -0.0335692428 0.0880290717 0.0165272634 0.9821053147 0.1876059771 -0.0927516147 -0.1853166372 0.9782918096
310.8 109.1 2328.9 0 0 0 0 0 0 0 0 0
356.3 182.6 2325.7 0 0 0 0 0 0 0 0 0
183.6 -768.3 2565.8 0 0 0 0 0 0 0 0 0
415.3 -760.5 2594.6 0 0 0 0 0 0 0 0 0
317.8 479.1 2432.1 2 0.9858077168 0.0671860650 0.1538479179 -0.1141525805 0.9402249455 0.3208523989 -0.1230948418 -0.3338609040 0.9345504642
304.1 287.5 2500.1 0.9858077168 0.0671860650 0.1538479179 -0.1141525805 0.9402249455 0.3208523989 -0.1230948418 -0.3338609040 0.9345504642
290.7 98.1 2559.0 0.9861999154 0.0674129203 0.1512125880 -0.1086369827 0.9527124763 0.2837902308 -0.1249309853 -0.2963011861 0.9468885064
165.4 302.8 2517.7 0.3488651216 -0.4306580126 -0.8323621750 0.8870749474 0.4382439554 0.1450525373 0.3023096621 -0.7889714241 0.5349139571
78.6 82.2 2442.6 -0.8952680230 -0.4306580126 -0.1141441017 -0.0968780369 0.4382439554 -0.8936200738 0.4348676205 -0.7889714241 -0.4340671003
442.9 272.2 2482.6 0.7228422761 0.5508244038 0.4172427654 -0.6902987361 0.5481523275 0.4722464383 0.0314122736 -0.6293818355 0.7764610648
574.9 146.2 2488.3 -0.7929088473 0.5508244038 0.2605532706 0.1082698926 0.5481523275 -0.8293411136 -0.5996442437 -0.6293818355 -0.4942725301
185.3 -81.9 2630.2 0.9655915499 -0.0335843675 0.2578857541 0.0876575857 0.9756290317 -0.2011570632 -0.2448450923 0.2168412060 0.9450030327
198.7 -469.7 2544.0 0.9692605138 0.0491803326 0.2410713136 -0.0633755624 0.9966608882 0.0514839999 -0.2377343476 -0.0651794374 0.9691408873
366.6 -101.1 2609.5 0.9848534465 -0.0982097387 0.1428933740 0.1209717169 0.9795955420 -0.1604944170 -0.1242155954 0.1753495336 0.9766386151
405.7 -490.5 2539.8 0.9946615696 -0.0342881717 0.0973278955 0.0134477606 0.9782090187 0.2071865201 -0.1023110747 -0.2047716230 0.9734480381
311.1 107.4 2329.6 0 0 0 0 0 0 0 0 0
352.4 176.6 2320.1 0 0 0 0 0 0 0 0 0
183.7 -772.3 2563.7 0 0 0 0 0 0 0 0 0
415.1 -760.1 2596.3 0 0 0 0 0 0 0 0 0
315.5 474.2 2430.4 3 0.9891603589 0.0634039789 0.1324449778 -0.1045273468 0.9375239611 0.3318476975 -0.1031298712 -0.3420947194 0.9339889884
302.5 282.9 2500.3 0.9891603589 0.0634039789 0.1324449778 -0.1045273468 0.9375239611 0.3318476975 -0.1031298712 -0.3420947194 0.9339889884
289.8 94.0 2560.9 0.9894642234 0.0638068467 0.1299588084 -0.1000188440 0.9502624273 0.2949535549 -0.1046749204 -0.3048443198 0.9466325045
163.3 296.9 2515.0 0.3502657712 -0.4295808971 -0.8323305249 0.8879542947 0.4350876808 0.1491169930 0.2980789542 -0.7913020849 0.5338445306
78.5 81.9 2442.8 -0.8958073258 -0.4295808971 -0.1139713675 -0.0947261602 0.4350876808 -0.8953913450 0.4342305362 -0.7913020849 -0.4304472804
441.7 268.8 2485.5 0.7489858866 0.5319397449 0.3950445950 -0.6622742414 0.5827349424 0.4709700942 0.0203214157 -0.6143777966 0.7887502313
578.5 147.9 2489.2 -0.7961241007 0.5319397449 0.2884900868 0.0969827846 0.5827349424 -0.8068546057 -0.5973112583 -0.6143777966 -0.5155183673
186.9 -81.3 2629.4 0.9698505402 -0.0281529967 0.2420689166 0.0797329992 0.9752934575 -0.2060225457 -0.2302880883 0.2191119641 0.9481335878
198.0 -469.1 2542.3 0.9734106064 0.0420893766 0.2251671553 -0.0588574558 0.9959285259 0.0682802200 -0.2213765085 -0.0797174573 0.9719246626
367.8 -101.3 2606.5 0.9874017835 -0.0968070403 0.1251643747 0.1149089783 0.9824998379 -0.1465946287 -0.1087825894 0.1591303051 0.9812461138
406.3 -491.8 2543.2 0.9959579110 -0.0330277532 0.0835286900 0.0152270161 0.9785657525 0.2053708881 -0.0885212570 -0.2032688558 0.9751132131
311.2 106.5 2330.0 0 0 0 0 0 0 0 0 0
356.8 174.9 2322.9 0 0 0 0 0 0 0 0 0
185.0 -778.8 2567.1 0 0 0 0 0 0 0 0 0
415.4 -761.6 2599.3 0 0 0 0 0 0 0 0 0
