365.7 463.4 2289.1 5 0.9760335088 -0.0107708536 0.2173537165 -0.0772121996 0.9166559577 0.3921481669 -0.2034623325 -0.3995321095 0.8938552141
367.9 274.7 2371.3 0.9760335088 -0.0107708536 0.2173537165 -0.0772121996 0.9166559577 0.3921481669 -0.2034623325 -0.3995321095 0.8938552141
369.9 89.6 2443.6 0.9759274125 -0.0115665328 0.2177885622 -0.0684362575 0.9319150448 0.3561612368 -0.2070799917 -0.3624921739 0.9086899161
232.4 284.0 2400.2 0.4806518257 -0.4651060700 -0.7434044480 0.8743594885 0.3188211620 0.3658531308 0.0668525547 -0.8258507252 0.5599119067
108.3 58.4 2383.0 -0.8841141462 -0.4651060700 -0.0449283570 -0.1199440658 0.3188211620 -0.9401949048 0.4516144693 -0.8258507252 -0.3376609981
503.5 265.4 2342.4 0.7773852348 0.4876351357 0.3973464668 -0.5864549875 0.3334301412 0.7381699681 0.2274703085 -0.8068681955 0.5451797247
658.2 148.7 2387.7 -0.8676605821 0.4876351357 0.0968354344 0.0825773627 0.3334301412 -0.9391514063 -0.4902510643 -0.8068681955 -0.3295718133
286.5 -99.5 2530.2 0.7683522105 0.0401496515 0.6387667060 0.1127672940 0.9739248157 -0.1968602091 -0.6300145984 0.2232899666 0.7437897325
270.5 -486.6 2441.5 0.7826655507 -0.0341813862 0.6215032339 -0.0389027633 0.9938526750 0.1036504880 -0.6212255955 -0.1053018570 0.7765244842
469.1 -99.0 2516.9 0.9998950362 -0.0125127472 -0.0073061571 0.0106888451 0.9774064422 -0.2110981494 0.0097825024 0.2109978944 0.9774375558
474.1 -487.4 2433.0 0.9997936487 -0.0169071667 -0.0112622781 0.0183934290 0.9887349606 0.1485425234 0.0086239753 -0.1487190127 0.9888418913
338.1 89.6 2265.6 0 0 0 0 0 0 0 0 0
410.3 172.3 2247.6 0 0 0 0 0 0 0 0 0
280.4 -775.1 2472.0 0 0 0 0 0 0 0 0 0
478.8 -760.4 2474.1 0 0 0 0 0 0 0 0 0
364.8 457.9 2299.4 6 0.9771298170 -0.0032417863 0.2126189917 -0.0770998225 0.9264441729 0.3684518933 -0.1981740594 -0.3764182031 0.9050062895
365.4 268.7 2376.3 0.9771298170 -0.0032417863 0.2126189917 -0.0770998225 0.9264441729 0.3684518933 -0.1981740594 -0.3764182031 0.9050062895
366.1 82.3 2445.0 0.9771004915 -0.0041204118 0.2127384245 -0.0696758106 0.9384928942 0.3381958008 -0.2010470033 -0.3452740312 0.9167147875
228.8 278.4 2404.5 0.4794276655 -0.4684673846 -0.7420831919 0.8738452792 0.3327813745 0.3544728756 0.0808924884 -0.8184099793 0.5689125657
108.0 58.1 2384.1 -0.8818697333 -0.4684673846 -0.0533299781 -0.1202186421 0.3327813745 -0.9353095889 0.4559092522 -0.8184099793 -0.3497883379
502.0 259.1 2348.1 0.8021116853 0.4806051850 0.3544509113 -0.5623991489 0.4083588123 0.7189925313 0.2008083910 -0.7760552168 0.5978413224
658.6 149.3 2387.3 -0.8658844829 0.4806051850 0.1387902647 0.0809200481 0.4083588123 -0.9092277288 -0.4936558008 -0.7760552168 -0.3924821615
283.5 -89.4 2534.8 0.7739350796 0.0341462009 0.6323436499 0.1278596073 0.9695544243 -0.2088447362 -0.6202228665 0.2424834818 0.7460063100
270.0 -474.8 2438.4 0.7913519740 -0.0359735414 0.6103015542 -0.0402771086 0.9930308461 0.1107586920 -0.6100326777 -0.1122302935 0.7843880057
460.3 -101.5 2497.1 0.9993183017 -0.0327280983 -0.0170824938 0.0294431075 0.9856793880 -0.1660398394 0.0222720318 0.1654236913 0.9859710932
473.3 -492.8 2431.4 0.9994164109 -0.0212644041 -0.0267327502 0.0252995342 0.9866251945 0.1610299051 0.0229509994 -0.1616122574 0.9865874052
337.2 89.4 2265.6 0 0 0 0 0 0 0 0 0
411.1 172.4 2246.2 0 0 0 0 0 0 0 0 0
280.8 -774.2 2472.2 0 0 0 0 0 0 0 0 0
479.2 -764.9 2476.0 0 0 0 0 0 0 0 0 0
366.8 458.9 2297.1 7 0.9922385216 0.0025038659 0.1243239567 -0.0510666482 0.9198035598 0.3890419304 -0.1133795083 -0.3923712075 0.9127923846
366.3 271.8 2376.9 0.9922385216 0.0025038659 0.1243239567 -0.0510666482 0.9198035598 0.3890419304 -0.1133795083 -0.3923712075 0.9127923846
366.0 85.9 2447.2 0.9922496676 0.0006796017 0.1242583469 -0.0445717797 0.9353865981 0.3508065343 -0.1159911901 -0.3536261022 0.9281673431
227.6 277.9 2393.1 0.4292494059 -0.4712989032 -0.7704688907 0.9003947377 0.2903125882 0.3240492642 0.0709527582 -0.8328240514 0.5489715338
124.2 60.8 2376.0 -0.8813601136 -0.4712989032 -0.0328884199 -0.1198144704 0.2903125882 -0.9494014382 0.4569997787 -0.8328240514 -0.3123383820
504.9 265.7 2360.7 0.7807876468 0.4908998013 0.3865074515 -0.6039820313 0.4346811473 0.6680254340 0.1599260718 -0.7550295591 0.6358883381
655.6 149.2 2391.6 -0.8533003330 0.4908998013 0.1757723838 0.0650420561 0.4346811473 -0.8982326388 -0.5173471570 -0.7550295591 -0.4028427005
277.7 -97.9 2532.2 0.8206687570 0.0101757860 0.5713135600 0.1254703403 0.9722300768 -0.1975496411 -0.5574584603 0.2338057309 0.7966021299
273.7 -484.3 2439.2 0.8361850381 -0.0237543900 0.5479328036 -0.0398781300 0.9937837720 0.1039401665 -0.5469957590 -0.1087637469 0.8300397992
455.8 -110.5 2495.4 0.9943231344 -0.0437128320 -0.0970085636 0.0274898428 0.9862980247 -0.1626670063 0.1027899906 0.1590768248 0.9819005728
473.2 -502.3 2432.2 0.9940281510 -0.0265939347 -0.1058338061 0.0429878086 0.9868560433 0.1557792127 0.1002999470 -0.1593984812 0.9821059108
351.6 91.8 2258.1 0 0 0 0 0 0 0 0 0
413.5 167.6 2244.8 0 0 0 0 0 0 0 0 0
280.5 -772.0 2470.7 0 0 0 0 0 0 0 0 0
480.3 -763.7 2474.4 0 0 0 0 0 0 0 0 0
365.9 457.3 2297.9 8 0.9905524254 0.0045794500 0.1370582283 -0.0573894270 0.9215580821 0.3839755356 -0.1245487183 -0.3882135749 0.9131143689
365.0 269.1 2377.2 0.9905524254 0.0045794500 0.1370582283 -0.0573894270 0.9215580821 0.3839755356 -0.1245487183 -0.3882135749 0.9131143689
364.1 83.1 2447.2 0.9905778766 0.0038254159 0.1368970275 -0.0517560728 0.9359346032 0.3483500183 -0.1267940849 -0.3521530926 0.9273141026
226.1 276.3 2395.0 0.3817991912 -0.4634543359 -0.7996495962 0.9156234860 0.3075650632 0.2589158416 0.1259485781 -0.8310317993 0.5417777896
136.6 61.8 2365.5 -0.8859687448 -0.4634543359 -0.0164148957 -0.1434606910 0.3075650632 -0.9406501651 0.4409970641 -0.8310317993 -0.3389804959
503.9 261.9 2359.4 0.7776930332 0.5125690699 0.3639594913 -0.6021823883 0.4411976039 0.6653728485 0.1804715097 -0.7366257906 0.6517763734
654.2 145.5 2394.3 -0.8428955078 0.5125690699 0.1637073457 0.0949782953 0.4411976039 -0.8923697472 -0.5296284556 -0.7366257906 -0.4205664396
275.3 -96.0 2528.1 0.8154360056 0.0066424888 0.5788091421 0.1151854694 0.9780747294 -0.1734997332 -0.5672710538 0.2081483305 0.7967922091
272.7 -484.7 2445.4 0.8276952505 -0.0238499288 0.5606707931 -0.0298913531 0.9958044291 0.0864871070 -0.5603811741 -0.0883441791 0.8235096931
456.1 -104.0 2507.0 0.9953280091 -0.0426607430 -0.0866152495 0.0256734919 0.9817352891 -0.1885119379 0.0930753052 0.1854075044 0.9782438874
473.1 -494.0 2433.3 0.9951276183 -0.0229721386 -0.0958816111 0.0372125991 0.9880626798 0.1494902968 0.0913029313 -0.1523299366 0.9841033220
365.1 98.8 2251.8 0 0 0 0 0 0 0 0 0
416.6 172.3 2245.0 0 0 0 0 0 0 0 0 0
279.6 -771.4 2470.8 0 0 0 0 0 0 0 0 0
479.4 -765.5 2475.2 0 0 0 0 0 0 0 0 0
364.0 457.7 2303.9 9 0.9901182055 0.0020081433 0.1402208358 -0.0543048605 0.9273743033 0.3701727390 -0.1292938441 -0.3741294444 0.9183192849
363.6 268.1 2380.3 0.9901182055 0.0020081433 0.1402208358 -0.0543048605 0.9273743033 0.3701727390 -0.1292938441 -0.3741294444 0.9183192849
363.0 81.2 2447.9 0.9901285172 0.0030286573 0.1401297152 -0.0504835621 0.9403713942 0.3363822997 -0.1307551861 -0.3401359618 0.9312414527
224.5 275.2 2398.7 0.3499296010 -0.4623112381 -0.8147500157 0.9234740138 0.3162910044 0.2171537280 0.1573054940 -0.8283889890 0.5376119614
143.9 62.3 2362.4 -0.8865871429 -0.4623112381 -0.0152184255 -0.1488478035 0.3162910044 -0.9369121194 0.4379584491 -0.8283889890 -0.3492335379
502.7 261.1 2361.9 0.7853465080 0.5175597072 0.3396510482 -0.5933198333 0.4727338850 0.6515322328 0.1766422838 -0.7132002711 0.6783383489
652.7 147.8 2395.7 -0.8341295123 0.5175597072 0.1906827390 0.0930021331 0.4727338850 -0.8762837648 -0.5436713696 -0.7132002711 -0.4424554408
272.7 -98.3 2528.9 0.8135822415 0.0013693294 0.5814482570 0.1213691533 0.9775695205 -0.1721260697 -0.5686417818 0.2106085867 0.7951669693
272.2 -486.8 2445.1 0.8263416886 -0.0254190769 0.5625951290 -0.0256667770 0.9962429404 0.0827115327 -0.5625838637 -0.0827879906 0.8225846887
453.9 -107.7 2505.7 0.9952876568 -0.0475800596 -0.0844902024 0.0319399759 0.9835764170 -0.1776437759 0.0915548727 0.1741080433 0.9804611802
472.8 -498.6 2436.5 0.9951742291 -0.0241686646 -0.0951004028 0.0371501297 0.9898467660 0.1371979266 0.0908189341 -0.1400688291 0.9859678745
373.1 100.8 2249.2 0 0 0 0 0 0 0 0 0
420.0 173.7 2244.0 0 0 0 0 0 0 0 0 0
279.4 -770.6 2468.7 0 0 0 0 0 0 0 0 0
479.3 -766.4 2474.4 0 0 0 0 0 0 0 0 0
362.9 455.5 2307.8 0 0.9963073134 0.0003077723 0.0858580694 -0.0322023928 0.9283328652 0.3703526855 -0.0795908794 -0.3717499375 0.9249147177
362.9 265.7 2383.8 0.9963073134 0.0003077723 0.0858580694 -0.0322023928 0.9283328652 0.3703526855 -0.0795908794 -0.3717499375 0.9249147177
362.8 78.4 2450.6 0.9963084459 0.0004024775 0.0858445466 -0.0292231385 0.9418548942 0.3347467780 -0.0807183757 -0.3360196948 0.9383897185
223.0 269.8 2395.1 0.3331975639 -0.4721162915 -0.8161406517 0.9303236604 0.3052926958 0.2032099664 0.1532230526 -0.8269840479 0.5409437418
148.8 62.6 2361.0 -0.8814561367 -0.4721162915 -0.0118874051 -0.1508375406 0.3052926958 -0.9402363300 0.4475300312 -0.8269840479 -0.3403149843
502.8 261.6 2372.5 0.7940202951 0.5035443306 0.3405507803 -0.5969030261 0.5397995114 0.5935682654 0.1150588021 -0.6745810509 0.7291789055
651.8 149.6 2394.1 -0.8299760818 0.5035443306 0.2399642318 0.0853688121 0.5397995114 -0.8374536633 -0.5512276292 -0.6745810509 -0.4910076559
271.6 -101.1 2527.5 0.8389235139 0.0002907799 0.5442492962 0.1136071458 0.9778772593 -0.1756401956 -0.5322600603 0.2091792971 0.8203311563
271.5 -489.9 2444.4 0.8505654335 -0.0308685321 0.5249624848 -0.0188698340 0.9958412051 0.0891305357 -0.5255305767 -0.0857173055 0.8464456201
453.0 -110.3 2503.6 0.9902751446 -0.0493800491 -0.1300646216 0.0247274805 0.9824768901 -0.1847370118 0.1369078010 0.1797242910 0.9741434455
472.6 -500.9 2432.1 0.9900455475 -0.0214836337 -0.1390981823 0.0435244702 0.9865730405 0.1574142426 0.1338486969 -0.1619014293 0.9776872993
377.3 101.7 2245.0 0 0 0 0 0 0 0 0 0
420.7 173.3 2240.6 0 0 0 0 0 0 0 0 0
280.3 -772.4 2468.7 0 0 0 0 0 0 0 0 0
478.4 -766.3 2475.7 0 0 0 0 0 0 0 0 0
361.3 457.1 2307.8 1 0.9976359010 -0.0043748394 0.0685818717 -0.0216120798 0.9273623824 0.3735396564 -0.0652344227 -0.3741387725 0.9250754714
362.2 267.5 2384.3 0.9976359010 -0.0043748394 0.0685818717 -0.0216120798 0.9273623824 0.3735396564 -0.0652344227 -0.3741387725 0.9250754714
363.2 80.5 2451.8 0.9976195693 -0.0052326694 0.0687595308 -0.0184312947 0.9406067133 0.3389974236 -0.0664495379 -0.3394577801 0.9382712245
221.9 270.1 2393.6 0.3170134723 -0.4730428159 -0.8220297694 0.9364832044 0.2932119668 0.1924212128 0.1500054896 -0.8308172226 0.5359488130
151.1 60.8 2360.1 -0.8810374737 -0.4730428159 0.0018693232 -0.1594301760 0.2932119668 -0.9426604509 0.4453706443 -0.8308172226 -0.3337480128
502.4 264.9 2375.0 0.7893679738 0.5075532198 0.3453808129 -0.6034954786 0.5382859707 0.5882528424 0.1126559898 -0.6727837324 0.7312117815
652.4 150.2 2396.4 -0.8251851201 0.5075532198 0.2479097843 0.0790125728 0.5382859707 -0.8390502334 -0.5593090057 -0.6727837324 -0.4842886329
271.5 -106.1 2524.8 0.8451929092 -0.0034865434 0.5344499946 0.1117053479 0.9790460467 -0.1702667773 -0.5226575136 0.2036091983 0.8278722167
272.9 -495.4 2443.9 0.8568124771 -0.0265129674 0.5149460435 -0.0242746491 0.9954957962 0.0916452706 -0.5150564313 -0.0910229459 0.8523096442
453.9 -111.5 2510.1 0.9889379144 -0.0479499772 -0.1403658986 0.0176751669 0.9776603580 -0.2094465047 0.1472731233 0.2046485990 0.9676929116
473.0 -500.0 2428.7 0.9887820482 -0.0190250743 -0.1481488943 0.0439361148 0.9850205779 0.1667454094 0.1427573711 -0.1713839620 0.9748066068
379.8 102.2 2244.5 0 0 0 0 0 0 0 0 0
421.4 172.3 2239.8 0 0 0 0 0 0 0 0 0
280.3 -773.0 2469.3 0 0 0 0 0 0 0 0 0
478.1 -763.7 2474.6 0 0 0 0 0 0 0 0 0
360.2 458.1 2301.3 2 0.9988824129 -0.0080128256 0.0465798192 -0.0108714988 0.9201474190 0.3914212286 -0.0459966883 -0.3914901912 0.9190319777
361.9 268.5 2382.0 0.9988824129 -0.0080128256 0.0465798192 -0.0108714988 0.9201474190 0.3914212286 -0.0459966883 -0.3914901912 0.9190319777
363.5 82.5 2452.1 0.9988644719 -0.0082493694 0.0469218157 -0.0088249622 0.9358114600 0.3523903787 -0.0468169712 -0.3524043262 0.9346760511
221.4 269.7 2388.6 0.3089461327 -0.4763192534 -0.8232085109 0.9429579973 0.2662780881 0.1998155415 0.1240263954 -0.8379832506 0.5314146280
152.9 60.6 2361.1 -0.8791271448 -0.4763192534 0.0159832183 -0.1615484506 0.2662780881 -0.9502621293 0.4483721554 -0.8379832506 -0.3110409379
502.3 267.3 2375.4 0.7813838720 0.5254179239 0.3367123902 -0.6111248136 0.5350098014 0.5833446383 0.1263553053 -0.6615893841 0.7391439676
651.4 150.7 2399.5 -0.8084058166 0.5254179239 0.2653602064 0.0713963285 0.5350098014 -0.8418236971 -0.5842795372 -0.6615893841 -0.4700179398
272.8 -104.8 2525.4 0.8541143537 0.0007604179 0.5200846791 0.1068520397 0.9784097672 -0.1769093871 -0.5089904666 0.2066729665 0.8355926275
272.5 -493.8 2443.2 0.8652087450 -0.0256565157 0.5007549524 -0.0256948397 0.9951092005 0.0953808576 -0.5007529855 -0.0953911692 0.8603179455
455.6 -108.2 2513.2 0.9867480397 -0.0444643795 -0.1560488939 0.0096564163 0.9761081934 -0.2170704007 0.1619725078 0.2126869112 0.9636021852
473.3 -496.2 2428.7 0.9867163897 -0.0192905162 -0.1613028049 0.0464983769 0.9849191308 0.1666499972 0.1556554437 -0.1719366163 0.9727328420
381.4 102.6 2244.6 0 0 0 0 0 0 0 0 0
421.5 171.0 2233.3 0 0 0 0 0 0 0 0 0
279.7 -771.2 2469.8 0 0 0 0 0 0 0 0 0
478.6 -763.8 2475.4 0 0 0 0 0 0 0 0 0
360.7 457.9 2305.0 3 0.9970750213 -0.0041711945 0.0763149187 -0.0248052441 0.9267965555 0.3747437298 -0.0722915307 -0.3755406439 0.9239822030
361.5 268.2 2381.9 0.9970750213 -0.0041711945 0.0763149187 -0.0248052441 0.9267965555 0.3747437298 -0.0722915307 -0.3755406439 0.9239822030
362.4 81.3 2449.5 0.9970589280 -0.0048239497 0.0764864087 -0.0214662310 0.9404892325 0.3391448557 -0.0735706612 -0.3397893012 0.9376196265
221.3 271.2 2392.3 0.3057120442 -0.4744212925 -0.8255086541 0.9416183829 0.2790902257 0.1883175075 0.1410495639 -0.8348850608 0.5320450664
153.0 60.8 2360.7 -0.8802425265 -0.4744212925 0.0098742759 -0.1610396802 0.2790902257 -0.9466651082 0.4463622868 -0.8348850608 -0.3220677376
501.7 265.2 2371.5 0.7872204185 0.5181648731 0.3343488276 -0.6013118029 0.5247385502 0.6025558114 0.1367775500 -0.6753921509 0.7246636152
652.2 150.3 2397.7 -0.8186659217 0.5181648731 0.2475706190 0.0757191256 0.5247385502 -0.8478891850 -0.5692562461 -0.6753921509 -0.4688206017
273.5 -102.8 2526.4 0.8418425322 0.0046525788 0.5397031307 0.1139280051 0.9758993387 -0.1861206442 -0.5275618434 0.2181715667 0.8210235238
271.7 -490.8 2439.7 0.8550974727 -0.0290186405 0.5176545382 -0.0305730607 0.9938728213 0.1062171459 -0.5175650716 -0.1066522971 0.8489709496
456.7 -104.4 2517.8 0.9901591539 -0.0422274917 -0.1334228963 0.0109301656 0.9738123417 -0.2270903140 0.1395183206 0.2233972251 0.9646908045
473.4 -491.5 2429.0 0.9900388718 -0.0191883519 -0.1394807249 0.0414204448 0.9865238667 0.1582877040 0.1345637888 -0.1624883264 0.9774917364
382.1 102.7 2244.6 0 0 0 0 0 0 0 0 0
422.4 171.5 2237.9 0 0 0 0 0 0 0 0 0
279.8 -769.4 2469.6 0 0 0 0 0 0 0 0 0
478.7 -763.7 2473.9 0 0 0 0 0 0 0 0 0
361.7 457.8 2307.9 4 0.9965378642 -0.0089383638 0.0826579481 -0.0220318493 0.9302690625 0.3662159145 -0.0801675022 -0.3667691350 0.9268514514
363.6 267.0 2383.1 0.9965378642 -0.0089383638 0.0826579481 -0.0220318493 0.9302690625 0.3662159145 -0.0801675022 -0.3667691350 0.9268514514
365.5 79.7 2449.8 0.9965032935 -0.0098496675 0.0829709470 -0.0185836256 0.9420261979 0.3350243568 -0.0814606845 -0.3353947699 0.9385491610
223.4 269.6 2394.6 0.3164742291 -0.4683126509 -0.8249408007 0.9350524545 0.3004629314 0.1881461293 0.1597529054 -0.8309063315 0.5329856873
152.7 60.6 2358.9 -0.8835594654 -0.4683126509 0.0024272271 -0.1618364006 0.3004629314 -0.9399632812 0.4394674301 -0.8309063315 -0.3412669003
503.8 264.4 2371.7 0.7833660841 0.5151441097 0.3477990627 -0.6087437868 0.5228124857 0.5967395902 0.1255731881 -0.6791860461 0.7231442928
650.8 150.2 2395.2 -0.8224595189 0.5151441097 0.2412195206 0.0785092115 0.5228124857 -0.8488247395 -0.5633796453 -0.6791860461 -0.4704356492
271.9 -103.7 2523.8 0.8373864889 0.0047944579 0.5465902686 0.1160392612 0.9756101966 -0.1863319427 -0.5341524482 0.2194577754 0.8164064288
270.0 -491.6 2436.5 0.8518426418 -0.0341757573 0.5226816535 -0.0313395150 0.9927561283 0.1159874797 -0.5228593946 -0.1151836738 0.8446009755
454.8 -107.6 2510.3 0.9910546541 -0.0430953801 -0.1263070405 0.0158935692 0.9778046012 -0.2089152485 0.1325068921 0.2050389498 0.9697427154
471.9 -496.3 2428.8 0.9908065200 -0.0230557285 -0.1333076358 0.0451009497 0.9852946401 0.1648039669 0.1275476217 -0.1693011522 0.9772762060
382.5 102.7 2244.6 0 0 0 0 0 0 0 0 0
421.4 172.1 2238.1 0 0 0 0 0 0 0 0 0
279.5 -767.8 2468.6 0 0 0 0 0 0 0 0 0
478.2 -764.5 2474.8 0 0 0 0 0 0 0 0 0
365.3 459.3 2310.3 5 0.9946122766 -0.0007289185 0.1036620960 -0.0359915532 0.9353427291 0.3519071043 -0.0972160995 -0.3537421227 0.9302771091
365.5 268.7 2382.4 0.9946122766 -0.0007289185 0.1036620960 -0.0359915532 0.9353427291 0.3519071043 -0.0972160995 -0.3537421227 0.9302771091
365.5 80.4 2446.2 0.9946110845 -0.0000791749 0.1036762074 -0.0331816673 0.9471569657 0.3190495670 -0.0982229039 -0.3207703829 0.9420502186
225.6 273.3 2396.3 0.3204174936 -0.4608557224 -0.8276138306 0.9308670163 0.3150989711 0.1849303544 0.1755540520 -0.8296533227 0.5299586058
152.4 60.6 2356.1 -0.8874744773 -0.4608557224 -0.0010547588 -0.1625161320 0.3150989711 -0.9350407124 0.4312512279 -0.8296533227 -0.3545387685
505.4 264.1 2368.6 0.7796840668 0.5169181824 0.3533954918 -0.6111885905 0.5055142045 0.6090188026 0.1361664534 -0.6908335686 0.7100758553
651.0 149.9 2394.0 -0.8258717656 0.5169181824 0.2252364457 0.0821610093 0.5055142045 -0.8588975072 -0.5578399897 -0.6908335686 -0.4599604309
276.0 -105.8 2524.0 0.8302956820 0.0134166125 0.5571616292 0.1091655642 0.9764295816 -0.1861938685 -0.5465271473 0.2154188305 0.8092606664
270.7 -494.1 2438.3 0.8437978029 -0.0334794559 0.5356159210 -0.0334264524 0.9928355813 0.1147179529 -0.5356192589 -0.1147024930 0.8366333246
458.8 -109.2 2509.0 0.9927954674 -0.0357070938 -0.1143774912 0.0116826864 0.9788631797 -0.2041821480 0.1192506701 0.2013748735 0.9722281098
473.0 -498.4 2429.0 0.9926491976 -0.0194086079 -0.1194606498 0.0401424691 0.9839810729 0.1736947596 0.1141758412 -0.1772134155 0.9775271416
382.5 102.8 2244.3 0 0 0 0 0 0 0 0 0
420.9 172.8 2238.6 0 0 0 0 0 0 0 0 0
279.9 -767.0 2469.9 0 0 0 0 0 0 0 0 0
478.3 -765.5 2477.1 0 0 0 0 0 0 0 0 0
364.6 462.6 2310.1 6 0.9936809540 -0.0049459636 0.1121324152 -0.0345972292 0.9368879199 0.3479138613 -0.1067762747 -0.3495948315 0.9307965636
365.6 270.6 2381.7 0.9936809540 -0.0049459636 0.1121324152 -0.0345972292 0.9368879199 0.3479138613 -0.1067762747 -0.3495948315 0.9307965636
366.5 82.1 2444.8 0.9936646223 -0.0045715682 0.1122932434 -0.0313551426 0.9482210875 0.3160595298 -0.1079237089 -0.3175781369 0.9420703650
225.8 275.0 2396.9 0.3223207295 -0.4592505097 -0.8277670741 0.9301366806 0.3161692023 0.1867693067 0.1759405434 -0.8301361203 0.5290736556
152.3 62.7 2356.7 -0.8882647157 -0.4592505097 -0.0086492449 -0.1543511003 0.3161692023 -0.9360623956 0.4326217473 -0.8301361203 -0.3517277539
505.4 266.2 2366.5 0.7738943696 0.5156725645 0.3676538169 -0.6152634025 0.4745641053 0.6294758320 0.1501281261 -0.7133517265 0.6845369339
651.9 149.8 2394.9 -0.8340587616 0.5156725645 0.1960299462 0.0875546932 0.4745641053 -0.8758556247 -0.5446835160 -0.7133517265 -0.4409639239
274.2 -104.8 2519.0 0.8248013258 0.0087391427 0.5653551221 0.1106161922 0.9780657887 -0.1764976233 -0.5544969440 0.2081129104 0.8057432771
270.7 -493.7 2436.3 0.8388257623 -0.0321810134 0.5434479713 -0.0368468761 0.9926060438 0.1156526059 -0.5431516171 -0.1170367450 0.8314377666
456.6 -110.8 2501.0 0.9933533669 -0.0457256995 -0.1056324020 0.0255830288 0.9824611545 -0.1847040951 0.1122254506 0.1807740480 0.9771009088
474.8 -501.3 2429.1 0.9932767153 -0.0133677116 -0.1149900779 0.0337405056 0.9836139679 0.1771021336 0.1107383966 -0.1797912419 0.9774518609
382.7 102.7 2244.5 0 0 0 0 0 0 0 0 0
421.8 173.9 2244.6 0 0 0 0 0 0 0 0 0
279.7 -770.3 2468.9 0 0 0 0 0 0 0 0 0
478.4 -764.1 2477.1 0 0 0 0 0 0 0 0 0
365.4 458.3 2323.4 7 0.9979372025 -0.0090467241 0.0635571629 -0.0119080776 0.9467549920 0.3217347264 -0.0630837008 -0.3218278885 0.9446942806
367.2 265.8 2388.8 0.9979372025 -0.0090467241 0.0635571629 -0.0119080776 0.9467549920 0.3217347264 -0.0630837008 -0.3218278885 0.9446942806
369.2 76.0 2447.8 0.9979155660 -0.0096564041 0.0638065711 -0.0097087845 0.9550225139 0.2963743508 -0.0637986213 -0.2963760793 0.9529380798
226.9 267.2 2397.8 0.3325265348 -0.4605735838 -0.8229812384 0.9248427749 0.3300979733 0.1889476478 0.1846401244 -0.8239583373 0.5357244611
153.6 63.3 2357.1 -0.8873857856 -0.4605735838 -0.0204561725 -0.1498443037 0.3300979733 -0.9319774508 0.4359967411 -0.8239583373 -0.3619385660
507.5 264.4 2379.9 0.7807682753 0.4947541654 0.3816008866 -0.6201277375 0.5388817787 0.5701298118 0.0764363483 -0.6817805767 0.7275525928
651.9 149.7 2394.0 -0.8382981420 0.4947541654 0.2290732116 0.0891455784 0.5388817787 -0.8376511931 -0.5378748178 -0.6817805767 -0.4958487451
276.3 -103.5 2517.9 0.8463765383 0.0158226229 0.5323498845 0.0881499872 0.9816103578 -0.1693242192 -0.5252393484 0.1902386844 0.8294171691
270.0 -493.7 2442.2 0.8548845649 -0.0350534618 0.5176327229 -0.0172536187 0.9952422380 0.0958914235 -0.5185312629 -0.0909071341 0.8502124548
458.6 -109.2 2498.1 0.9882099032 -0.0426063389 -0.1470574141 0.0157918595 0.9837412834 -0.1788957417 0.1522885412 0.1744642258 0.9728157520
475.5 -500.3 2428.7 0.9882003665 -0.0117921261 -0.1527122408 0.0384601876 0.9841920137 0.1728784293 0.1482595652 -0.1767118722 0.9730323553
384.0 102.2 2243.9 0 0 0 0 0 0 0 0 0
422.4 174.1 2246.8 0 0 0 0 0 0 0 0 0
279.7 -770.1 2467.5 0 0 0 0 0 0 0 0 0
478.6 -762.5 2475.8 0 0 0 0 0 0 0 0 0
365.5 459.9 2323.1 8 0.9986742735 -0.0164758526 0.0487669297 -0.0005107794 0.9441735744 0.3294479847 -0.0514723808 -0.3290361464 0.9429134727
368.9 267.5 2390.1 0.9986742735 -0.0164758526 0.0487669297 -0.0005107794 0.9441735744 0.3294479847 -0.0514723808 -0.3290361464 0.9429134727
372.2 78.0 2449.8 0.9986547232 -0.0161695164 0.0492678806 0.0006276800 0.9538375139 0.3003225625 -0.0518496223 -0.2998875976 0.9525644779
228.5 267.5 2397.4 0.3385106921 -0.4431935251 -0.8300542235 0.9239404798 0.3235849738 0.2040263712 0.1781699061 -0.8359857798 0.5190214515
153.0 61.4 2357.7 -0.8963660002 -0.4431935251 -0.0103671476 -0.1491846889 0.3235849738 -0.9343643188 0.4174588919 -0.8359857798 -0.3561682701
509.3 267.6 2382.8 0.7688580751 0.4866433442 0.4147717059 -0.6374101043 0.5319312215 0.5574562550 0.0506523512 -0.6929844022 0.7191709876
653.7 147.9 2392.4 -0.8487149477 0.4866433442 0.2070294172 0.0998860523 0.5319312215 -0.8408756852 -0.5193319917 -0.6929844022 -0.5000668764
279.8 -112.8 2512.5 0.8513432145 0.0221112985 0.5241429806 0.0731604770 0.9843440652 -0.1603566259 -0.5194827318 0.1748650670 0.8363969922
271.0 -504.1 2443.0 0.8581407666 -0.0331013091 0.5123463273 -0.0194690768 0.9951036572 0.0969001651 -0.5130451918 -0.0931288898 0.8532945514
462.7 -114.7 2500.9 0.9871783257 -0.0313005261 -0.1565223485 0.0020906737 0.9830367565 -0.1833968163 0.1596076339 0.1807181239 0.9704980254
475.1 -505.5 2429.0 0.9874201417 -0.0138771245 -0.1575083882 0.0417264290 0.9836989045 0.1749151647 0.1525135040 -0.1792870164 0.9719032049
386.5 100.3 2248.9 0 0 0 0 0 0 0 0 0
423.1 175.1 2251.3 0 0 0 0 0 0 0 0 0
279.9 -771.7 2468.1 0 0 0 0 0 0 0 0 0
478.7 -763.3 2476.0 0 0 0 0 0 0 0 0 0
364.9 460.1 2315.9 9 0.9962905645 -0.0142808659 0.0848594308 -0.0158958752 0.9386208057 0.3445843160 -0.0845717862 -0.3446550369 0.9349120259
367.8 268.6 2386.3 0.9962905645 -0.0142808659 0.0848594308 -0.0158958752 0.9386208057 0.3445843160 -0.0845717862 -0.3446550369 0.9349120259
371.3 79.8 2448.5 0.9961938858 -0.0175162330 0.0853866711 -0.0101545602 0.9496083260 0.3132745624 -0.0865712836 -0.3129492700 0.9458161592
227.7 270.0 2398.4 0.3372002542 -0.4306323528 -0.8371688724 0.9239745140 0.3218430579 0.2066111267 0.1804635525 -0.8431920409 0.5064188838
151.7 61.8 2357.8 -0.9024704099 -0.4306323528 -0.0101427585 -0.1430553198 0.3218430579 -0.9359232187 0.4063031971 -0.8431920409 -0.3520580828
507.8 267.1 2374.1 0.7684856057 0.4958021343 0.4044875205 -0.6331934929 0.4981915653 0.5923437476 0.0921730176 -0.7113265395 0.6967917085
653.2 147.3 2391.6 -0.8488875031 0.4958021343 0.1832219660 0.1052113622 0.4981915653 -0.8606600761 -0.5179967284 -0.7113265395 -0.4750726223
283.9 -111.7 2514.1 0.8337521553 0.0285165645 0.5514020324 0.0696647987 0.9852511883 -0.1562909633 -0.5477263927 0.1687212288 0.8194686770
272.5 -503.4 2447.1 0.8396695256 -0.0237916280 0.5425762534 -0.0237512328 0.9964755177 0.0804512948 -0.5425780416 -0.0804393589 0.8361451030
467.0 -111.6 2504.6 0.9920792580 -0.0206220858 -0.1239090487 -0.0030014392 0.9822585583 -0.1875075698 0.1255775243 0.1863942891 0.9744164944
475.2 -502.1 2430.5 0.9922609329 -0.0139923841 -0.1233793944 0.0343455449 0.9857921600 0.1644209772 0.1193257943 -0.1673860401 0.9786435962
387.5 99.2 2251.6 0 0 0 0 0 0 0 0 0
424.0 175.7 2251.7 0 0 0 0 0 0 0 0 0
278.8 -767.5 2468.4 0 0 0 0 0 0 0 0 0
478.9 -762.6 2474.8 0 0 0 0 0 0 0 0 0
365.8 461.0 2321.4 0 0.9962250590 -0.0144055123 0.0856045857 -0.0145425135 0.9445034266 0.3281795084 -0.0855814219 -0.3281855583 0.9407284856
368.8 269.8 2387.8 0.9962250590 -0.0144055123 0.0856045857 -0.0145425135 0.9445034266 0.3281795084 -0.0855814219 -0.3281855583 0.9407284856
371.9 80.5 2448.3 0.9961737990 -0.0156813283 0.0859761834 -0.0113103027 0.9523647428 0.3047514856 -0.0866595954 -0.3045578599 0.9485434294
228.6 271.5 2400.0 0.3980938494 -0.4392811358 -0.8053281307 0.9048974514 0.3321729302 0.2661235929 0.1506051272 -0.8346815109 0.5297403336
136.1 61.1 2365.0 -0.8981187940 -0.4392811358 -0.0203658119 -0.1413228810 0.3321729302 -0.9325711727 0.4164258838 -0.8346815109 -0.3604111969
508.9 268.2 2375.6 0.7583727241 0.5026414990 0.4149967432 -0.6467180848 0.5007171631 0.5753590465 0.0814033300 -0.7047225237 0.7047976255
650.3 147.7 2390.8 -0.8426572084 0.5026414990 0.1930813342 0.1017088071 0.5007171631 -0.8596147895 -0.5287572145 -0.7047225237 -0.4730559886
283.6 -108.0 2518.6 0.8339580297 0.0300024655 0.5510116220 0.0750053599 0.9830912948 -0.1670499891 -0.5467066169 0.1806415021 0.8176065683
271.6 -498.8 2446.8 0.8401406407 -0.0254843123 0.5417695642 -0.0194211472 0.9968413711 0.0770074874 -0.5420207977 -0.0752189010 0.8369919658
466.2 -109.9 2502.8 0.9919584990 -0.0230091140 -0.1244542673 -0.0007904639 0.9821901917 -0.1878877580 0.1265608966 0.1864752471 0.9742737412
475.3 -500.4 2428.6 0.9920973778 -0.0145507539 -0.1246237829 0.0355886705 0.9850940108 0.1682950556 0.1203173250 -0.1714002788 0.9778270125
371.0 98.0 2256.0 0 0 0 0 0 0 0 0 0
422.8 175.1 2248.1 0 0 0 0 0 0 0 0 0
278.6 -769.6 2467.2 0 0 0 0 0 0 0 0 0
479.2 -763.2 2474.4 0 0 0 0 0 0 0 0 0
365.8 462.8 2323.6 1 0.9944223762 -0.0089854952 0.1050873399 -0.0251617152 0.9473846555 0.3191068769 -0.1024254709 -0.3199712038 0.9418744445
367.6 270.9 2388.4 0.9944223762 -0.0089854952 0.1050873399 -0.0251617152 0.9473846555 0.3191068769 -0.1024254709 -0.3199712038 0.9418744445
369.7 81.0 2447.1 0.9943810105 -0.0105055859 0.1053377539 -0.0211209077 0.9553683996 0.2946610451 -0.1037319526 -0.2952301800 0.9497783184
227.7 273.9 2403.0 0.3883780241 -0.4264731407 -0.8168740273 0.9043897986 0.3464371264 0.2491192073 0.1767528206 -0.8355249763 0.5202465653
137.7 64.1 2362.0 -0.9037488699 -0.4264731407 -0.0368597396 -0.1255660355 0.3464371264 -0.9296313524 0.4092324078 -0.8355249763 -0.3666426837
507.5 267.9 2373.8 0.7569545507 0.4987151027 0.4222595096 -0.6483460069 0.4924238622 0.5806601048 0.0816533267 -0.7133035660 0.6960824132
648.5 147.1 2389.0 -0.8414996862 0.4987151027 0.2077535242 0.0778181776 0.4924238622 -0.8668696880 -0.5346238017 -0.7133035660 -0.4531836212
283.7 -107.7 2516.8 0.8256058693 0.0313451327 0.5633759499 0.0783199370 0.9824244380 -0.1694350392 -0.5587852597 0.1840101182 0.8086404204
271.2 -498.3 2443.7 0.8329737186 -0.0277753659 0.5526150465 -0.0250526983 0.9958217740 0.0878143907 -0.5527451634 -0.0869915783 0.8287974596
466.4 -109.8 2500.9 0.9936522841 -0.0227158219 -0.1101775020 0.0022422061 0.9832050800 -0.1824904084 0.1124724969 0.1810849756 0.9770148993
475.5 -500.7 2428.9 0.9936627150 -0.0156763420 -0.1113044396 0.0339959078 0.9857645035 0.1646590382 0.1071387157 -0.1673994511 0.9800503850
371.5 96.6 2256.1 0 0 0 0 0 0 0 0 0
419.4 168.3 2243.4 0 0 0 0 0 0 0 0 0
278.9 -771.6 2467.5 0 0 0 0 0 0 0 0 0
479.6 -761.7 2473.3 0 0 0 0 0 0 0 0 0
365.6 465.9 2323.7 2 0.9954024553 -0.0058242688 0.0956034213 -0.0255621225 0.9457917809 0.3237660825 -0.0923066288 -0.3247213662 0.9412946105
366.8 274.0 2389.5 0.9954024553 -0.0058242688 0.0956034213 -0.0255621225 0.9457917809 0.3237660825 -0.0923066288 -0.3247213662 0.9412946105
367.9 84.2 2448.5 0.9953854084 -0.0058861654 0.0957770795 -0.0227931496 0.9550468922 0.2955773175 -0.0932114199 -0.2963964045 0.9505055547
226.7 277.2 2402.7 0.4179564416 -0.4224437177 -0.8042721748 0.8955355287 0.3404293656 0.2865728736 0.1527369469 -0.8400292397 0.5205979943
127.7 65.1 2366.5 -0.9045879841 -0.4224437177 -0.0571126267 -0.0999518335 0.3404293656 -0.9349424839 0.4144034088 -0.8400292397 -0.3501723409
506.8 270.8 2376.4 0.7479788661 0.4907768071 0.4468397200 -0.6614269614 0.4952213764 0.5632673502 0.0551539846 -0.7168639302 0.6950281262
647.2 146.7 2386.8 -0.8433274031 0.4907768071 0.2189452499 0.0632440969 0.4952213764 -0.8664617538 -0.5336657166 -0.7168639302 -0.4486725032
280.6 -107.0 2515.3 0.8317416906 0.0194653831 0.5548214912 0.0828319639 0.9838473797 -0.1586920470 -0.5489487052 0.1779477447 0.8166944981
272.8 -498.1 2444.6 0.8391953707 -0.0243450888 0.5432848334 -0.0241849236 0.9963384867 0.0820045471 -0.5432919860 -0.0819571391 0.8355338573
463.0 -110.9 2496.3 0.9921405315 -0.0314432569 -0.1211133748 0.0106538646 0.9856249690 -0.1686116755 0.1246740669 0.1659961492 0.9782134891
475.5 -502.7 2430.3 0.9921209216 -0.0121954558 -0.1246889606 0.0331769399 0.9852945805 0.1676124185 0.1208112463 -0.1704285890 0.9779359698
362.2 91.0 2259.0 0 0 0 0 0 0 0 0 0
416.3 164.0 2240.7 0 0 0 0 0 0 0 0 0
279.5 -769.7 2466.9 0 0 0 0 0 0 0 0 0
478.7 -764.0 2475.5 0 0 0 0 0 0 0 0 0
368.8 460.2 2316.7 3 0.9901022315 0.0092136385 0.1400454640 -0.0559061840 0.9411510825 0.3333303928 -0.1287327558 -0.3378605843 0.9323508739
367.0 269.4 2385.2 0.9901022315 0.0092136385 0.1400454640 -0.0559061840 0.9411510825 0.3333303928 -0.1287327558 -0.3378605843 0.9323508739
365.6 80.3 2446.3 0.9901566505 0.0071192952 0.1397823095 -0.0495945327 0.9517527223 0.3028319478 -0.1308822334 -0.3067835271 0.9427373409
227.8 276.4 2403.6 0.4614024162 -0.4081109464 -0.7877520323 0.8769630790 0.3442360759 0.3353166580 0.1343262643 -0.8455453515 0.5167295933
119.4 70.5 2372.1 -0.9078914523 -0.4081109464 -0.0958047211 -0.0558395982 0.3442360759 -0.9372211695 0.4154696465 -0.8455453515 -0.3353177309
506.1 262.4 2366.8 0.7621315718 0.4869233966 0.4266861975 -0.6392509937 0.4615828693 0.6150605083 0.1025363356 -0.7415165901 0.6630531549
644.6 146.3 2385.5 -0.8464998603 0.4869233966 0.2152754813 0.0401427969 0.4615828693 -0.8861883879 -0.5308733582 -0.7415165901 -0.4102763236
277.8 -103.6 2515.9 0.8130059242 0.0163820684 0.5820249319 0.0888419077 0.9844092727 -0.1518073380 -0.5754376650 0.1751284599 0.7988751531
271.3 -495.0 2446.3 0.8208850622 -0.0282292757 0.5703952909 -0.0191765670 0.9968518615 0.0769328997 -0.5707713366 -0.0740912929 0.8177594543
460.4 -107.8 2498.8 0.9954657555 -0.0380362533 -0.0871850103 0.0217657667 0.9833372831 -0.1804827601 0.0925971568 0.1777667552 0.9797064662
475.5 -498.7 2428.2 0.9954289198 -0.0098540261 -0.0949958488 0.0266861003 0.9837427139 0.1775897592 0.0917015001 -0.1793130338 0.9795088768
354.9 85.0 2264.3 0 0 0 0 0 0 0 0 0
409.9 157.4 2238.3 0 0 0 0 0 0 0 0 0
279.1 -770.7 2466.8 0 0 0 0 0 0 0 0 0
478.2 -764.6 2476.6 0 0 0 0 0 0 0 0 0
369.8 462.1 2320.3 4 0.9980853796 0.0099518700 0.0610448755 -0.0301435739 0.9400905967 0.3395895660 -0.0540081598 -0.3407794833 0.9385907054
367.8 271.4 2389.4 0.9980853796 0.0099518700 0.0610448755 -0.0301435739 0.9400905967 0.3395895660 -0.0540081598 -0.3407794833 0.9385907054
366.6 82.2 2450.5 0.9981335402 0.0061386134 0.0607599504 -0.0244858135 0.9516873360 0.3060909212 -0.0559455045 -0.3070073724 0.9500613809
227.9 274.8 2397.2 0.4557913542 -0.3849970400 -0.8025157452 0.8799501657 0.3305848539 0.3411764503 0.1339476109 -0.8616791368 0.4894559085
122.5 71.3 2366.2 -0.9183565974 -0.3849970400 -0.0916427970 -0.0445144624 0.3305848539 -0.9427258968 0.3932424188 -0.8616791368 -0.3207327127
507.8 267.9 2381.6 0.7499438524 0.4589212537 0.4764194787 -0.6612444520 0.4999993742 0.5592463017 0.0184405614 -0.7344330549 0.6784305573
645.5 146.5 2384.9 -0.8518456221 0.4589212537 0.2524881661 0.0127049079 0.4999993742 -0.8659325838 -0.5236387849 -0.7344330549 -0.4317528605
273.5 -104.4 2519.3 0.8515877724 0.0065611172 0.5241709948 0.0972600877 0.9805830121 -0.1702864617 -0.5151104331 0.1959947795 0.8344143629
270.9 -494.1 2441.4 0.8613100648 -0.0319476873 0.5070742965 -0.0198223013 0.9951483607 0.0963682011 -0.5076928735 -0.0930542797 0.8564980030
455.0 -113.5 2495.3 0.9865152836 -0.0474633090 -0.1566360891 0.0197865516 0.9845945239 -0.1737299562 0.1624688357 0.1682879627 0.9722566605
473.8 -504.9 2428.4 0.9864395261 -0.0154120158 -0.1633999497 0.0445163921 0.9833848476 0.1759901792 0.1579726636 -0.1808776408 0.9707357883
355.7 82.6 2266.4 0 0 0 0 0 0 0 0 0
406.6 150.1 2238.1 0 0 0 0 0 0 0 0 0
279.9 -774.2 2467.6 0 0 0 0 0 0 0 0 0
477.9 -762.9 2475.9 0 0 0 0 0 0 0 0 0
367.0 461.5 2320.5 5 0.9983401299 0.0004343837 0.0575912148 -0.0196335129 0.9426390529 0.3332358599 -0.0541429780 -0.3338134587 0.9410829544
366.9 269.5 2388.5 0.9983401299 0.0004343837 0.0575912148 -0.0196335129 0.9426390529 0.3332358599 -0.0541429780 -0.3338134587 0.9410829544
367.0 80.0 2448.7 0.9983400106 -0.0005159841 0.0575925633 -0.0169239566 0.9531866312 0.3019086421 -0.0550522394 -0.3023822010 0.9515956640
226.7 271.9 2396.2 0.4806067646 -0.3726540208 -0.7938174009 0.8681358695 0.3301050067 0.3706356287 0.1239242256 -0.8672713637 0.4821650386
117.1 73.8 2368.0 -0.9217137098 -0.3726540208 -0.1075768396 -0.0233254954 0.3301050067 -0.9436559677 0.3871688545 -0.8672713637 -0.3129546344
507.2 267.1 2380.8 0.7566157579 0.4452949464 0.4787953198 -0.6536476612 0.4964571297 0.5712049603 0.0166533235 -0.7451460958 0.6666932702
646.9 146.4 2383.9 -0.8577755690 0.4452949464 0.2567752302 -0.0021288742 0.4964571297 -0.8680586219 -0.5140200257 -0.7451460958 -0.4249008000
274.2 -104.7 2516.6 0.8513100743 0.0077703963 0.5246053934 0.0926191658 0.9819614291 -0.1648436338 -0.5164231658 0.1889215559 0.8352339268
271.1 -495.1 2441.5 0.8608223796 -0.0301033743 0.5080144405 -0.0245123859 0.9946376085 0.1004750133 -0.5083148479 -0.0989437848 0.8554683924
456.7 -109.2 2506.4 0.9867520928 -0.0476214848 -0.1550885290 0.0153372372 0.9790495634 -0.2030436546 0.1615085900 0.1979751289 0.9668096304
475.6 -498.3 2427.7 0.9867958426 -0.0108834021 -0.1616028547 0.0404357128 0.9827010036 0.1807311177 0.1568403095 -0.1848792434 0.9701653123
353.9 79.8 2268.5 0 0 0 0 0 0 0 0 0
405.3 145.8 2239.1 0 0 0 0 0 0 0 0 0
279.5 -771.6 2469.0 0 0 0 0 0 0 0 0 0
478.5 -761.0 2477.2 0 0 0 0 0 0 0 0 0
365.5 459.7 2323.6 6 0.9999505281 -0.0038351370 0.0091792308 0.0006463186 0.9457986951 0.3247528076 -0.0099271759 -0.3247308135 0.9457544088
366.3 267.6 2389.6 0.9999505281 -0.0038351370 0.0091792308 0.0006463186 0.9457986951 0.3247528076 -0.0099271759 -0.3247308135 0.9457544088
367.5 77.8 2448.9 0.9999396801 -0.0058188364 0.0093141831 0.0027768796 0.9545028806 0.2981886864 -0.0106255254 -0.2981448472 0.9544615149
225.8 267.2 2391.1 0.4911001921 -0.3669916987 -0.7900238633 0.8649870753 0.3127264082 0.3924278021 0.1030435786 -0.8760817647 0.4710230827
115.9 73.5 2368.0 -0.9248793721 -0.3669916987 -0.0995750651 -0.0218540151 0.3127264082 -0.9495918155 0.3796320558 -0.8760817647 -0.2972544432
506.7 267.9 2388.1 0.7581571937 0.4414592683 0.4799077213 -0.6520399451 0.5205366015 0.5512582064 -0.0064514847 -0.7308593392 0.6824976206
648.0 146.4 2386.9 -0.8543504477 0.4414592683 0.2742244899 -0.0050843284 0.5205366015 -0.8538242579 -0.5196725130 -0.7308593392 -0.4424761236
275.7 -107.9 2513.8 0.8716061115 0.0083038695 0.4901365936 0.0814871043 0.9834911823 -0.1615701467 -0.4833866954 0.1807653308 0.8565402627
272.4 -498.9 2442.0 0.8793033957 -0.0256213993 0.4755723774 -0.0243321639 0.9948310852 0.0985850319 -0.4756400883 -0.0982578620 0.8741349578
458.6 -111.0 2503.7 0.9798226357 -0.0451720804 -0.1946975589 0.0059707472 0.9803059697 -0.1973942965 0.1997798979 0.1922489107 0.9607957006
476.6 -500.7 2427.3 0.9802806377 -0.0077564348 -0.1974582523 0.0447723642 0.9819623232 0.1836993545 0.1924717128 -0.1889175922 0.9629458785
354.9 79.1 2269.9 0 0 0 0 0 0 0 0 0
406.3 145.0 2239.9 0 0 0 0 0 0 0 0 0
279.4 -770.7 2468.8 0 0 0 0 0 0 0 0 0
478.6 -762.1 2477.6 0 0 0 0 0 0 0 0 0
365.7 460.2 2323.2 7 0.9999930859 -0.0031607638 -0.0019723382 0.0036299233 0.9458110332 0.3246972263 0.0008391679 -0.3247021437 0.9458159804
366.4 267.8 2389.3 0.9999930859 -0.0031607638 -0.0019723382 0.0036299233 0.9458110332 0.3246972263 0.0008391679 -0.3247021437 0.9458159804
367.5 78.0 2448.4 0.9999826550 -0.0055886921 -0.0018467038 0.0058850315 0.9547325969 0.2974071205 0.0001009914 -0.2974128425 0.9547489882
225.8 267.0 2389.2 0.5005929470 -0.3880771101 -0.7738235593 0.8629717827 0.2943959236 0.4106223583 0.0684573427 -0.8733425140 0.4822721183
113.7 73.7 2373.9 -0.9159663916 -0.3880771101 -0.1019887254 -0.0183383599 0.2943959236 -0.9555075765 0.4008356929 -0.8733425140 -0.2767734826
507.0 268.6 2389.3 0.7586955428 0.4414543211 0.4790606797 -0.6513510942 0.5265665650 0.5463234782 -0.0110804783 -0.7265298963 0.6870455146
649.2 146.4 2387.2 -0.8525421023 0.4414543211 0.2798036635 -0.0063443868 0.5265665650 -0.8501102328 -0.5226200819 -0.7265298963 -0.4461193979
277.1 -112.2 2509.2 0.8764129877 0.0086771948 0.4814821184 0.0733831152 0.9857540727 -0.1513399929 -0.4759361744 0.1679689884 0.8632909060
273.6 -504.1 2442.4 0.8832589984 -0.0198135152 0.4684666395 -0.0301846042 0.9946317077 0.0989781767 -0.4679128826 -0.1015638411 0.8779193163
460.2 -111.7 2507.3 0.9779284000 -0.0440516435 -0.2042436600 0.0020371834 0.9794857502 -0.2015031278 0.2089302987 0.1966395527 0.9579566717
477.7 -501.1 2429.1 0.9785908461 -0.0046882061 -0.2057618499 0.0432130732 0.9821364284 0.1831411570 0.2012276053 -0.1881118566 0.9613122940
351.1 78.5 2270.0 0 0 0 0 0 0 0 0 0
405.9 144.6 2238.1 0 0 0 0 0 0 0 0 0
279.0 -771.2 2469.7 0 0 0 0 0 0 0 0 0
478.9 -759.6 2478.6 0 0 0 0 0 0 0 0 0
366.4 459.3 2319.0 8 0.9999731779 -0.0071044061 0.0017811060 0.0060864128 0.9413020611 0.3375106454 -0.0040743714 -0.3374907374 0.9413200021
367.9 267.6 2387.7 0.9999731779 -0.0071044061 0.0017811060 0.0060864128 0.9413020611 0.3375106454 -0.0040743714 -0.3374907374 0.9413200021
369.8 78.2 2448.1 0.9999523163 -0.0095437448 0.0020796852 0.0084622316 0.9527808428 0.3035408854 -0.0048784008 -0.3035087883 0.9528161287
227.2 266.4 2388.4 0.5110857487 -0.3727405071 -0.7745035887 0.8569237590 0.2910774648 0.4253888130 0.0668809041 -0.8811007142 0.4681757390
112.8 74.6 2373.4 -0.9220712185 -0.3727405071 -0.1041592807 -0.0096003963 0.2910774648 -0.9566513300 0.3869011104 -0.8811007142 -0.2719725966
508.5 268.8 2387.1 0.7534546852 0.4468466938 0.4823215008 -0.6574950218 0.5092536211 0.5553026795 0.0025111756 -0.7355194092 0.6774989963
648.8 146.4 2387.5 -0.8509972095 0.4468466938 0.2759198546 -0.0116114067 0.5092536211 -0.8605381846 -0.5250418186 -0.7355194092 -0.4281848967
277.0 -112.4 2507.5 0.8738373518 0.0035420137 0.4862054586 0.0675561801 0.9893897772 -0.1286236942 -0.4815022945 0.1452423781 0.8643264174
275.6 -505.6 2449.8 0.8788999915 -0.0123312678 0.4768466353 -0.0263922419 0.9968773723 0.0744241476 -0.4762753546 -0.0779964402 0.8758301139
460.3 -111.3 2507.6 0.9790139198 -0.0440228693 -0.1989815980 0.0042164391 0.9805560708 -0.1961937249 0.2037496269 0.1912373900 0.9601637125
477.8 -501.1 2431.5 0.9795115590 -0.0032023345 -0.2013625652 0.0389804542 0.9839794040 0.1739686430 0.1975795031 -0.1782535017 0.9639440179
352.1 77.1 2273.0 0 0 0 0 0 0 0 0 0
404.7 143.0 2236.9 0 0 0 0 0 0 0 0 0
278.8 -769.9 2470.5 0 0 0 0 0 0 0 0 0
478.6 -760.2 2478.5 0 0 0 0 0 0 0 0 0
365.9 462.6 2313.9 9 0.9999075532 -0.0124088833 -0.0055574584 0.0135741001 0.9345306754 0.3556236923 0.0007807225 -0.3556662500 0.9346126914
368.4 271.5 2386.6 0.9999075532 -0.0124088833 -0.0055574584 0.0135741001 0.9345306754 0.3556236923 0.0007807225 -0.3556662500 0.9346126914
371.4 83.0 2449.7 0.9998746514 -0.0150237400 -0.0050010490 0.0158342198 0.9481468797 0.3174377680 -0.0000273733 -0.3174771369 0.9482659101
227.8 269.3 2386.6 0.5069955587 -0.3837908804 -0.7717901468 0.8604006171 0.2789791822 0.4264755547 0.0516359545 -0.8802699447 0.4716551304
112.9 74.4 2374.9 -0.9179959297 -0.3837908804 -0.0999400914 -0.0120971119 0.2789791822 -0.9602209330 0.3964052498 -0.8802699447 -0.2607445121
509.1 273.8 2386.6 0.7385536432 0.4473564923 0.5043914318 -0.6741747856 0.4958064854 0.5474160314 -0.0051904107 -0.7443440557 0.6677761078
648.8 146.3 2385.6 -0.8527712226 0.4473564923 0.2695430219 -0.0143600386 0.4958064854 -0.8683143258 -0.5220872164 -0.7443440557 -0.4163854122
280.0 -112.0 2508.9 0.8757240772 0.0148227019 0.4825842679 0.0617051087 0.9878959060 -0.1423169822 -0.4788525701 0.1544083208 0.8642096519
274.1 -504.7 2447.5 0.8803848624 -0.0171605106 0.4739493430 -0.0232612118 0.9965799451 0.0792925283 -0.4736891091 -0.0808325782 0.8769747615
463.4 -110.4 2508.0 0.9788598418 -0.0341707505 -0.2016576529 -0.0071415748 0.9796341062 -0.2006639987 0.2044075578 0.1978620738 0.9586803913
477.0 -499.9 2429.3 0.9797603488 -0.0059602316 -0.2000854611 0.0414841510 0.9839020371 0.1738269329 0.1958284378 -0.1786091030 0.9642354250
351.3 77.5 2272.0 0 0 0 0 0 0 0 0 0
404.2 142.2 2235.9 0 0 0 0 0 0 0 0 0
278.7 -772.3 2469.2 0 0 0 0 0 0 0 0 0
478.6 -761.3 2476.8 0 0 0 0 0 0 0 0 0
363.7 458.4 2313.3 0 0.9996476173 -0.0170428641 -0.0203516074 0.0232473668 0.9321748018 0.3612612486 0.0128143299 -0.3616070747 0.9322425127
367.2 268.0 2387.2 0.9996476173 -0.0170428641 -0.0203516074 0.0232473668 0.9321748018 0.3612612486 0.0128143299 -0.3616070747 0.9322425127
370.6 79.9 2451.6 0.9996578693 -0.0172499605 -0.0196627509 0.0226868447 0.9459443688 0.3235345483 0.0130189098 -0.3238699436 0.9460120201
226.5 264.8 2385.4 0.5152684450 -0.3775888979 -0.7693666220 0.8552721143 0.2840000391 0.4334207773 0.0548452698 -0.8813459277 0.4692775309
112.6 75.7 2373.3 -0.9194347858 -0.3775888979 -0.1098467037 -0.0020793511 0.2840000391 -0.9588220119 0.3932370245 -0.8813459277 -0.2619046569
507.8 271.2 2389.0 0.7449967861 0.4431744218 0.4985741675 -0.6667360663 0.5182778239 0.5355848074 -0.0210424345 -0.7314263582 0.6815956831
647.0 146.6 2385.1 -0.8503524065 0.4431744218 0.2837203741 -0.0151883187 0.5182778239 -0.8550774455 -0.5259944201 -0.7314263582 -0.4339877069
282.7 -106.9 2512.9 0.8814477921 0.0246525779 0.4716375768 0.0593721755 0.9849299192 -0.1624436677 -0.4685346186 0.1711877584 0.8667006493
272.9 -498.4 2444.8 0.8861809969 -0.0226663649 0.4627844989 -0.0212001391 0.9957730770 0.0893671215 -0.4628539681 -0.0890065357 0.8819546700
466.1 -104.0 2512.8 0.9768736959 -0.0254872087 -0.2122926563 -0.0210006516 0.9766326547 -0.2138869315 0.2127833217 0.2133987993 0.9535115361
476.2 -492.2 2428.0 0.9784075022 -0.0113157826 -0.2063752562 0.0467533171 0.9847357273 0.1676593423 0.2013278902 -0.1736878902 0.9640018940
351.5 76.3 2271.1 0 0 0 0 0 0 0 0 0
403.8 142.2 2234.6 0 0 0 0 0 0 0 0 0
279.1 -772.5 2469.3 0 0 0 0 0 0 0 0 0
479.3 -760.1 2475.3 0 0 0 0 0 0 0 0 0
364.7 459.8 2313.6 1 0.9999663234 -0.0081690550 -0.0007987111 0.0079217087 0.9350304604 0.3544789255 -0.0021489386 -0.3544732928 0.9350636601
366.4 268.3 2386.2 0.9999663234 -0.0081690550 -0.0007987111 0.0079217087 0.9350304604 0.3544789255 -0.0021489386 -0.3544732928 0.9350636601
368.2 79.9 2449.5 0.9999595881 -0.0089777745 -0.0004737102 0.0086603658 0.9477851391 0.3187920451 -0.0024130675 -0.3187832534 0.9478245974
225.7 267.0 2386.5 0.5068883300 -0.3719377220 -0.7776416540 0.8596743941 0.2845053673 0.4242836535 0.0634361356 -0.8835830688 0.4639577866
112.6 75.2 2372.3 -0.9220466614 -0.3719377220 -0.1072019041 -0.0033047777 0.2845053673 -0.9586687684 0.3870645761 -0.8835830688 -0.2635564208
507.1 269.5 2385.8 0.7517272234 0.4399180114 0.4913026989 -0.6594051123 0.5121889114 0.5503157973 -0.0095459539 -0.7376548648 0.6751105189
647.3 146.5 2384.0 -0.8534612656 0.4399180114 0.2794209123 -0.0171281286 0.5121889114 -0.8587020040 -0.5208747983 -0.7376548648 -0.4295983911
282.3 -110.2 2514.8 0.8753686547 0.0242012125 0.4828498662 0.0655374452 0.9835867286 -0.1681131721 -0.4789932370 0.1788057536 0.8594149351
272.7 -501.2 2443.7 0.8809633851 -0.0216128640 0.4726906121 -0.0248856191 0.9954576492 0.0918952301 -0.4725295901 -0.0927195325 0.8764238954
465.7 -106.0 2517.2 0.9793069959 -0.0278291944 -0.2004577368 -0.0168316644 0.9758690596 -0.2177068144 0.2016791105 0.2165758461 0.9552069902
476.8 -494.0 2431.1 0.9804647565 -0.0059814146 -0.1966037452 0.0375564136 0.9868411422 0.1572708338 0.1930759549 -0.1615822464 0.9677876234
352.3 76.1 2271.7 0 0 0 0 0 0 0 0 0
403.5 141.6 2235.2 0 0 0 0 0 0 0 0 0
278.5 -769.4 2468.7 0 0 0 0 0 0 0 0 0
478.4 -762.7 2475.1 0 0 0 0 0 0 0 0 0
363.0 463.1 2312.2 2 0.9998630285 -0.0075508589 -0.0147281149 0.0123245278 0.9336276650 0.3580328226 0.0110471193 -0.3581653237 0.9335928559
364.5 271.9 2385.5 0.9998630285 -0.0075508589 -0.0147281149 0.0123245278 0.9336276650 0.3580328226 0.0110471193 -0.3581653237 0.9335928559
366.3 83.7 2449.7 0.9998544455 -0.0091232145 -0.0144151915 0.0132885696 0.9463908076 0.3227504194 0.0106978836 -0.3228950202 0.9463742971
223.9 270.0 2384.0 0.4979268909 -0.3815616369 -0.7787679434 0.8663176894 0.2597830296 0.4266221225 0.0395280570 -0.8870871067 0.4599065483
112.0 75.3 2375.2 -0.9188613892 -0.3815616369 -0.1005209014 -0.0022351344 0.2597830296 -0.9656644464 0.3945741355 -0.8870871067 -0.2395574301
505.2 273.8 2387.0 0.7454280853 0.4455232024 0.4958286881 -0.6665693521 0.5034755468 0.5497250557 -0.0047223438 -0.7402847409 0.6722769141
647.9 146.2 2386.1 -0.8518314362 0.4455232024 0.2754854560 -0.0160488840 0.5034755468 -0.8638604283 -0.5235700607 -0.7402847409 -0.4217261672
278.2 -109.3 2513.2 0.8813539743 0.0122318072 0.4722981453 0.0718294382 0.9845748544 -0.1595396698 -0.4669643342 0.1745358407 0.8668803573
273.4 -500.8 2443.8 0.8874841332 -0.0202995520 0.4603910148 -0.0246273447 0.9955126643 0.0913676322 -0.4601798058 -0.0924255326 0.8830017447
461.7 -107.7 2512.7 0.9763457775 -0.0407165699 -0.2123464793 -0.0040339879 0.9785073400 -0.2061726153 0.2161772251 0.2021523714 0.9551972747
477.8 -496.7 2432.3 0.9770575762 -0.0019514756 -0.2129663676 0.0356960446 0.9873131514 0.1547210068 0.2099625617 -0.1587733924 0.9647314548
350.8 75.9 2272.6 0 0 0 0 0 0 0 0 0
403.0 141.6 2235.6 0 0 0 0 0 0 0 0 0
278.8 -769.9 2468.8 0 0 0 0 0 0 0 0 0
478.4 -765.2 2475.5 0 0 0 0 0 0 0 0 0
365.2 466.7 2298.0 3 0.9988637567 -0.0014526473 0.0476348102 -0.0170561559 0.9224314690 0.3857839406 -0.0445002578 -0.3861580491 0.9213585854
365.5 276.3 2377.7 0.9988637567 -0.0014526473 0.0476348102 -0.0170561559 0.9224314690 0.3857839406 -0.0445002578 -0.3861580491 0.9213585854
365.7 90.1 2447.1 0.9988634586 0.0000528921 0.0476627871 -0.0166845620 0.9371169209 0.3486164808 -0.0446471646 -0.3490155041 0.9360527992
225.3 278.7 2383.9 0.4869317710 -0.3951573372 -0.7789403796 0.8729934692 0.2486948520 0.4195631444 0.0279250164 -0.8843085170 0.4660671949
111.7 75.1 2377.4 -0.9132741094 -0.3951573372 -0.0988993347 -0.0027175457 0.2486948520 -0.9685781002 0.4073364735 -0.8843085170 -0.2282004207
505.8 273.8 2371.5 0.7569176555 0.4587626457 0.4654164612 -0.6514357924 0.4729672670 0.5932397246 0.0520294867 -0.7522225976 0.6568517089
649.9 149.8 2381.4 -0.8529552817 0.4587626457 0.2490063161 -0.0028297305 0.4729672670 -0.8810754418 -0.5219763517 -0.7522225976 -0.4021217525
276.4 -105.6 2513.0 0.8570292592 0.0091102468 0.5151872039 0.0788185224 0.9857590795 -0.1485484838 -0.5092037916 0.1679166853 0.8441063166
272.8 -497.5 2446.2 0.8638612032 -0.0239733644 0.5031591058 -0.0218434185 0.9961445332 0.0849644169 -0.5032560825 -0.0843881816 0.8600069880
459.9 -103.2 2514.9 0.9854216576 -0.0462840758 -0.1637128294 0.0112029612 0.9778473973 -0.2090191692 0.1697604209 0.2041379660 0.9641104937
478.3 -491.9 2433.8 0.9855288267 0.0005322978 -0.1695070863 0.0252552871 0.9883724451 0.1499401778 0.1676159501 -0.1520513147 0.9740561247
349.1 75.8 2271.5 0 0 0 0 0 0 0 0 0
405.4 149.0 2231.7 0 0 0 0 0 0 0 0 0
279.4 -771.4 2469.4 0 0 0 0 0 0 0 0 0
478.1 -765.0 2475.8 0 0 0 0 0 0 0 0 0
362.9 462.2 2298.4 4 0.9986017346 -0.0002833285 0.0528628789 -0.0198377334 0.9248968959 0.3797001839 -0.0490002930 -0.3802179396 0.9235979915
363.0 272.1 2376.5 0.9986017346 -0.0002833285 0.0528628789 -0.0198377334 0.9248968959 0.3797001839 -0.0490002930 -0.3802179396 0.9235979915
363.5 85.7 2445.5 0.9985976219 -0.0020113653 0.0529036634 -0.0164727885 0.9378706217 0.3465939164 -0.0503139161 -0.3469793200 0.9365221858
222.6 274.4 2383.6 0.4763814211 -0.3984887302 -0.7837522030 0.8787298203 0.2461057007 0.4089815617 0.0299113486 -0.8835375905 0.4674040973
111.0 68.6 2376.6 -0.9151129127 -0.3984887302 -0.0614414178 -0.0421532989 0.2461057007 -0.9683259130 0.4009880424 -0.8835375905 -0.2420121282
503.4 269.7 2369.5 0.7681180835 0.4583629668 0.4470995963 -0.6358239055 0.4635100961 0.6171599030 0.0756480694 -0.7583282590 0.6474686265
648.0 150.0 2383.7 -0.8517653942 0.4583629668 0.2537698746 -0.0145313162 0.4635100961 -0.8859724998 -0.5237218738 -0.7583282590 -0.3881412446
274.4 -94.6 2520.6 0.8542304635 0.0070375674 0.5198469162 0.0908896104 0.9824880958 -0.1626536548 -0.5118880868 0.1861923784 0.8386315703
271.6 -485.1 2446.5 0.8622756004 -0.0304841157 0.5055210590 -0.0144396173 0.9963010550 0.0847092047 -0.5062334538 -0.0803422108 0.8586459160
457.3 -97.7 2512.5 0.9859162569 -0.0535542406 -0.1584331691 0.0197714604 0.9780226350 -0.2075591683 0.1660668999 0.2015035003 0.9653072953
478.6 -486.6 2432.3 0.9859303832 0.0011879259 -0.1671521366 0.0240072533 0.9886013865 0.1486302763 0.1654233932 -0.1505519748 0.9746636152
348.7 79.5 2272.4 0 0 0 0 0 0 0 0 0
404.0 145.8 2233.7 0 0 0 0 0 0 0 0 0
280.5 -774.4 2469.9 0 0 0 0 0 0 0 0 0
478.3 -763.9 2474.6 0 0 0 0 0 0 0 0 0
363.2 462.0 2303.6 5 0.9996874332 -0.0027048348 0.0248551592 -0.0065336088 0.9313231111 0.3641353250 -0.0241331104 -0.3641839027 0.9310143590
363.7 270.9 2378.3 0.9996874332 -0.0027048348 0.0248551592 -0.0065336088 0.9313231111 0.3641353250 -0.0241331104 -0.3641839027 0.9310143590
364.6 83.4 2444.0 0.9996801615 -0.0039794794 0.0249747466 -0.0045021242 0.9437640905 0.3305889070 -0.0248858407 -0.3305956125 0.9434443712
223.2 271.6 2381.8 0.4857370555 -0.3945841789 -0.7799761891 0.8737806082 0.2434940040 0.4209727943 0.0238103215 -0.8860101700 0.4630540609
111.9 71.5 2376.3 -0.9161001444 -0.3945841789 -0.0711607113 -0.0295732170 0.2434940040 -0.9694514275 0.3998574018 -0.8860101700 -0.2347340137
504.3 270.2 2374.8 0.7695196867 0.4365048110 0.4661577046 -0.6369963884 0.4725674987 0.6090283394 0.0455528349 -0.7656000853 0.6417019963
647.6 151.6 2383.3 -0.8551646471 0.4365048110 0.2795656323 -0.0464923009 0.4725674987 -0.8800672889 -0.5162672400 -0.7656000853 -0.3838289082
272.4 -99.2 2519.1 0.8659722209 0.0011635793 0.5000907183 0.0947169960 0.9815158844 -0.1662985533 -0.4910404980 0.1913770139 0.8498553038
272.0 -489.4 2443.0 0.8750455379 -0.0266723167 0.4833051562 -0.0214470029 0.9953635931 0.0937622041 -0.4835651815 -0.0924116522 0.8704164624
455.5 -102.3 2509.9 0.9818246961 -0.0550118238 -0.1816424280 0.0158659443 0.9775108695 -0.2102872282 0.1891257316 0.2035832703 0.9606171250
477.3 -491.0 2429.0 0.9819466472 -0.0038431045 -0.1891189218 0.0357352644 0.9855591655 0.1655176431 0.1857517809 -0.1692877114 0.9679039121
350.0 79.2 2272.4 0 0 0 0 0 0 0 0 0
399.4 138.1 2233.4 0 0 0 0 0 0 0 0 0
279.6 -773.0 2469.4 0 0 0 0 0 0 0 0 0
478.4 -766.0 2476.2 0 0 0 0 0 0 0 0 0
