-93.4 406.5 2552.3 2 0.9356533885 0.0312542841 -0.3515336812 -0.0162356459 0.9988282323 0.0455908701 0.3525466919 -0.0369498730 0.9350644350
-99.5 211.2 2559.6 0.9356533885 0.0312542841 -0.3515336812 -0.0162356459 0.9988282323 0.0455908701 0.3525466919 -0.0369498730 0.9350644350
-105.5 17.5 2566.8 0.9356719255 0.0306318291 -0.3515390754 -0.0156364534 0.9988457561 0.0454170890 0.3525245190 -0.0369986705 0.9350708723
-227.2 213.4 2511.5 0.3713530600 0.0432377644 -0.9274844527 0.0790694579 0.9938138127 0.0779883415 0.9251188636 -0.1022969037 0.3656370044
-315.5 194.6 2291.5 -0.9308536053 0.0432377644 -0.3628251255 0.0772593692 0.9938138127 -0.0797818899 0.3571310341 -0.1022969037 -0.9284356833
28.1 209.1 2607.7 -0.0922407433 0.9529849887 0.2886369228 -0.6392018199 0.1655910760 -0.7509997487 -0.7634871602 -0.2537700236 0.5938754678
5.7 54.1 2422.6 -0.2878306210 0.9529849887 0.0947267860 0.2328753024 0.1655910760 -0.9583051205 -0.9289363027 -0.2537700236 -0.2695888579
-197.5 -172.9 2541.3 0.9978638291 -0.0154974572 0.0634637475 0.0195452943 0.9977798462 -0.0636661351 -0.0623361841 0.0647705495 0.9959512949
-191.5 -559.9 2516.1 0.9976141453 -0.0325678959 0.0608713254 0.0283928495 0.9972649813 0.0682375953 -0.0629272014 -0.0663464814 0.9958103895
-29.9 -178.1 2604.6 0.9875403047 0.0002347381 0.1573660970 0.0281157419 0.9836457968 -0.1779057086 -0.1548342556 0.1801135242 0.9713832736
-30.0 -560.1 2534.7 0.9853589535 -0.0786609650 0.1512620300 0.0636274889 0.9927694798 0.1017855778 -0.1581748724 -0.0906709060 0.9832392931
-85.9 175.5 2203.4 0 0 0 0 0 0 0 0 0
-64.6 111.0 2195.6 0 0 0 0 0 0 0 0 0
-182.7 -829.9 2534.1 0 0 0 0 0 0 0 0 0
-8.6 -830.9 2559.4 0 0 0 0 0 0 0 0 0
-106.5 408.5 2555.8 3 0.9476288557 -0.0025177670 -0.3193638325 0.0123020066 0.9995145798 0.0286231283 0.3191367388 -0.0310529172 0.9471998215
-106.0 213.0 2561.9 0.9476288557 -0.0025177670 -0.3193638325 0.0123020066 0.9995145798 0.0286231283 0.3191367388 -0.0310529172 0.9471998215
-105.4 19.2 2567.9 0.9476273060 -0.0029072468 -0.3193650246 0.0128636770 0.9994945526 0.0290707927 0.3191190958 -0.0316564851 0.9471857548
-235.2 211.2 2518.3 0.2791608274 0.0786566883 -0.9570174217 0.0871398598 0.9904521108 0.1068232581 0.9562823176 -0.1132152379 0.2696413100
-302.4 190.3 2288.0 -0.9317899346 0.0786566883 -0.3543735445 0.1134138927 0.9904521108 -0.0783699751 0.3448257148 -0.1132152379 -0.9318141341
23.3 214.8 2605.4 -0.0699389949 0.9524719119 0.2964890599 -0.6744497418 0.1738415956 -0.7175629735 -0.7350007296 -0.2501526177 0.6302361488
6.4 52.1 2428.1 -0.2802935541 0.9524719119 0.1193010807 0.1785324365 0.1738415956 -0.9684550762 -0.9431657791 -0.2501526177 -0.2187738121
-195.1 -174.7 2542.5 0.9949026704 -0.0038328918 0.1007669047 0.0103155617 0.9979035258 -0.0638912544 -0.1003107578 0.0646050498 0.9928564429
-193.6 -561.9 2517.4 0.9941709042 -0.0415962227 0.0994681343 0.0354149044 0.9973772168 0.0631222948 -0.1018329039 -0.0592316985 0.9930365682
-27.5 -177.3 2605.7 0.9803031087 0.0054239770 0.1974243671 0.0300213639 0.9839140773 -0.1761016846 -0.1952037960 0.1785599738 0.9643712044
-29.6 -559.3 2536.4 0.9785341024 -0.0757472515 0.1916593909 0.0585300624 0.9938541055 0.0939586312 -0.1975985765 -0.0807238892 0.9769536853
-70.2 162.0 2202.1 0 0 0 0 0 0 0 0 0
-62.4 95.9 2196.8 0 0 0 0 0 0 0 0 0
-182.5 -827.9 2533.2 0 0 0 0 0 0 0 0 0
-8.9 -831.1 2558.5 0 0 0 0 0 0 0 0 0
-117.6 410.0 2558.7 4 0.9507597685 -0.0269527957 -0.3087546229 0.0332441330 0.9993326664 0.0151329655 0.3081407249 -0.0246520936 0.9510213137
-112.4 214.5 2563.6 0.9507597685 -0.0269527957 -0.3087546229 0.0332441330 0.9993326664 0.0151329655 0.3081407249 -0.0246520936 0.9510213137
-107.1 20.7 2568.3 0.9507505298 -0.0271682851 -0.3087641299 0.0335844792 0.9993159175 0.0154835368 0.3081322610 -0.0250906628 0.9510126114
-242.1 209.9 2521.5 0.2198347747 0.1109325066 -0.9692093134 0.0818423107 0.9879137874 0.1316367239 0.9720979929 -0.1082606539 0.2080988288
-296.0 189.8 2283.0 -0.9351920485 0.1109325066 -0.3363179862 0.1406299323 0.9879137874 -0.0651890486 0.3250215948 -0.1082606539 -0.9394895434
17.4 219.2 2605.6 -0.0725330338 0.9630403519 0.2594074011 -0.6790427566 0.1428175271 -0.7200722694 -0.7305065989 -0.2283777446 0.6435866356
-0.3 54.0 2428.0 -0.2483993024 0.9630403519 0.1041682735 0.1429968476 0.1428175271 -0.9793646336 -0.9580447078 -0.2283777446 -0.1731875092
-189.6 -175.7 2545.4 0.9934427738 0.0080042481 0.1140498444 0.0005847272 0.9971775413 -0.0750772581 -0.1143288836 0.0746516436 0.9906341434
-192.7 -562.7 2516.4 0.9928345680 -0.0360529721 0.1139285192 0.0271555278 0.9965279698 0.0787059069 -0.1163705364 -0.0750481561 0.9903664589
-20.0 -173.3 2602.6 0.9766907692 0.0271193236 0.2129312158 0.0120088579 0.9835296869 -0.1803474426 -0.2143150717 0.1787007302 0.9602786303
-30.5 -555.0 2533.2 0.9738734961 -0.0812136307 0.2120725065 0.0609713048 0.9930859208 0.1003137082 -0.2187530696 -0.0847625285 0.9720917940
-61.0 154.5 2201.3 0 0 0 0 0 0 0 0 0
-60.8 88.8 2194.6 0 0 0 0 0 0 0 0 0
-183.1 -828.6 2536.4 0 0 0 0 0 0 0 0 0
-8.2 -828.2 2556.6 0 0 0 0 0 0 0 0 0
-124.2 414.3 2559.9 5 0.9532493949 -0.0351696461 -0.3001311719 0.0384508297 0.9992478490 0.0050312593 0.2997284830 -0.0163363386 0.9538846612
-117.3 218.7 2563.1 0.9532493949 -0.0351696461 -0.3001311719 0.0384508297 0.9992478490 0.0050312593 0.2997284830 -0.0163363386 0.9538846612
-110.5 24.8 2566.3 0.9532418847 -0.0353105962 -0.3001383841 0.0386629067 0.9992386103 0.0052355621 0.2997249961 -0.0165949799 0.9538813233
-247.5 213.4 2522.1 0.1658794731 0.2425087541 -0.9558627009 0.0040945252 0.9691135287 0.2465811372 0.9861375093 -0.0448165499 0.1597630680
-290.7 212.3 2264.9 -0.9328137636 0.2425087541 -0.2665483057 0.2456192672 0.9691135287 0.0221403763 0.2636847794 -0.0448165499 -0.9635672569
12.8 224.0 2604.0 0.0357198380 0.9071244597 0.4193439484 -0.7015439272 0.3216018379 -0.6359311342 -0.7117304206 -0.2714728415 0.6478751898
22.1 43.3 2420.6 -0.3381483853 0.9071244597 0.2505612075 0.1729196906 0.3216018379 -0.9309516549 -0.9250699878 -0.2714728415 -0.2656088173
-186.9 -176.1 2545.5 0.9920947552 0.0203863904 0.1238241717 -0.0113876322 0.9972704649 -0.0729513094 -0.1249734089 0.0709645450 0.9896189570
-194.8 -563.2 2518.0 0.9911752939 -0.0427786224 0.1254654229 0.0341879390 0.9969720244 0.0698427409 -0.1280732900 -0.0649369881 0.9896364808
-16.7 -170.0 2600.8 0.9741264582 0.0351024680 0.2232608795 0.0064598573 0.9831362963 -0.1827603132 -0.2259112149 0.1794738919 0.9574723244
-30.3 -551.7 2531.1 0.9714471102 -0.0789277256 0.2237430066 0.0544693582 0.9920482635 0.1134605929 -0.2309190482 -0.0980338305 0.9680215716
-57.0 150.8 2198.9 0 0 0 0 0 0 0 0 0
-61.7 86.1 2191.7 0 0 0 0 0 0 0 0 0
-183.4 -829.4 2535.3 0 0 0 0 0 0 0 0 0
-8.2 -830.1 2558.6 0 0 0 0 0 0 0 0 0
-83.6 405.1 2561.4 6 0.9374812245 0.1887136400 -0.2924314737 -0.1813196093 0.9820246100 0.0524489395 0.2970727384 0.0038536647 0.9548470974
-119.3 219.2 2560.7 0.9374812245 0.1887136400 -0.2924314737 -0.1813196093 0.9820246100 0.0524489395 0.2970727384 0.0038536647 0.9548470974
-113.2 25.2 2562.6 0.9544734955 -0.0318312570 -0.2965924442 0.0332982838 0.9994454384 -0.0001054407 0.2964313328 -0.0097753797 0.9550041556
-249.7 214.6 2520.2 0.2638993859 0.2736746967 -0.9249104261 -0.0601577125 0.9617065191 0.2673979402 0.9626724124 -0.0149256606 0.2702574134
-319.2 230.4 2266.8 -0.9268978834 0.2736746967 -0.2568315268 0.2678493559 0.9617065191 0.0581148155 0.2629010975 -0.0149256606 -0.9647073150
11.0 223.7 2601.2 0.0852305964 0.8912909031 0.4453495741 -0.7344037890 0.3582634032 -0.5764533281 -0.6733400822 -0.2779349387 0.6851024032
32.6 37.9 2430.8 -0.3594871759 0.8912909031 0.2763502896 0.1847414374 0.3582634032 -0.9151600599 -0.9146800637 -0.2779349387 -0.2934494615
-189.0 -172.5 2542.6 0.9917437434 0.0125747891 0.1276173145 -0.0051386245 0.9982781410 -0.0584320240 -0.1281323582 0.0572938174 0.9901007414
-193.8 -560.0 2520.3 0.9909484982 -0.0397349149 0.1282272339 0.0334261619 0.9981399775 0.0509829447 -0.1300145388 -0.0462353304 0.9904335141
-18.2 -165.5 2596.3 0.9733989835 0.0316997655 0.2269130796 0.0072333310 0.9856370091 -0.1687226743 -0.2290024012 0.1658758074 0.9591887593
-30.6 -548.1 2531.9 0.9710833430 -0.0758207813 0.2263809144 0.0485657640 0.9911391735 0.1236303076 -0.2337487340 -0.1090609729 0.9661610723
-85.4 162.9 2200.5 0 0 0 0 0 0 0 0 0
-57.5 84.2 2201.6 0 0 0 0 0 0 0 0 0
-183.1 -828.8 2532.8 0 0 0 0 0 0 0 0 0
-8.6 -834.5 2563.4 0 0 0 0 0 0 0 0 0
-60.5 397.6 2563.2 7 0.8994610906 0.1761016846 -0.3999474049 -0.1682230234 0.9842114449 0.0550352819 0.4033246040 0.0177782625 0.9148842692
-94.3 208.4 2559.8 0.8994610906 0.1761016846 -0.3999474049 -0.1682230234 0.9842114449 0.0550352819 0.4033246040 0.0177782625 0.9148842692
-105.9 15.5 2559.7 0.9131622314 0.0604438148 -0.4030896723 -0.0534005351 0.9981606007 0.0287015196 0.4040830433 -0.0046839407 0.9147102833
-217.7 215.4 2505.0 0.4383161962 0.2112848759 -0.8736346960 -0.0516852997 0.9762952328 0.2101815641 0.8973335624 -0.0469719209 0.4388463497
-334.8 229.2 2265.2 -0.9400287867 0.2112848759 -0.2677770853 0.2161321938 0.9762952328 0.0115989335 0.2638801634 -0.0469719209 -0.9634110928
29.0 201.4 2614.6 0.0398452319 0.9059643745 0.4214746356 -0.7031011581 0.3251324296 -0.6324062347 -0.7099726200 -0.2711409330 0.6499395967
38.8 29.9 2441.4 -0.3551889360 0.9059643745 0.2303678095 0.2352401763 0.3251324296 -0.9159426689 -0.9047114849 -0.2711409330 -0.3286026716
-192.5 -171.8 2537.9 0.9999574423 0.0040983050 0.0082637733 -0.0037030140 0.9988741279 -0.0472948998 -0.0084482981 0.0472622886 0.9988467693
-194.1 -559.5 2519.5 0.9989356995 -0.0453117006 0.0086202854 0.0448348783 0.9977824688 0.0491932258 -0.0108301984 -0.0487543792 0.9987520576
-21.5 -165.8 2591.0 0.9944583774 0.0295860413 0.1008821279 -0.0133056184 0.9872879982 -0.1583834589 -0.1042856574 0.1561634541 0.9822105169
-33.0 -549.0 2530.4 0.9907426238 -0.0858932510 0.1051255912 0.0735952333 0.9905489683 0.1157429367 -0.1140735820 -0.1069347262 0.9877004623
-97.3 174.6 2198.6 0 0 0 0 0 0 0 0 0
-50.7 89.2 2213.5 0 0 0 0 0 0 0 0 0
-182.0 -825.0 2532.5 0 0 0 0 0 0 0 0 0
-8.6 -830.5 2560.8 0 0 0 0 0 0 0 0 0
-43.4 396.3 2581.1 8 0.8515047431 0.1798451692 -0.4925397038 -0.1923147142 0.9809960723 0.0257248692 0.4878059924 0.0728177801 0.8699097037
-78.3 205.9 2567.0 0.8515047431 0.1798451692 -0.4925397038 -0.1923147142 0.9809960723 0.0257248692 0.4878059924 0.0728177801 0.8699097037
-100.4 14.2 2558.2 0.8621805906 0.1167924330 -0.4929544926 -0.1212948933 0.9923508167 0.0229655318 0.4918659925 0.0399924293 0.8697519302
-194.6 222.3 2500.5 0.4867791235 0.1840660721 -0.8539120555 -0.0084986137 0.9784988761 0.2060768455 0.8734837770 -0.0930568352 0.4778771400
-326.8 224.6 2263.3 -0.9350691438 0.1840660721 -0.3029280007 0.2034979612 0.9784988761 -0.0335928202 0.2902314365 -0.0930568352 -0.9524211884
37.9 189.5 2633.4 0.0074380334 0.9104130268 0.4136336744 -0.6488527656 0.3191360831 -0.6907548308 -0.7608776093 -0.2632495165 0.5930977464
39.8 27.3 2443.1 -0.3510530591 0.9104130268 0.2188832611 0.2592843175 0.3191360831 -0.9115502238 -0.8997407556 -0.2632495165 -0.3480895162
-198.4 -172.8 2523.6 0.9953715205 -0.0081298621 -0.0957574621 0.0071189892 0.9999153018 -0.0108935097 0.0958379135 0.0101613924 0.9953451157
-195.2 -560.7 2519.7 0.9943731427 -0.0446258783 -0.0960757732 0.0496392213 0.9974927902 0.0504384898 0.0935840309 -0.0549238063 0.9940952659
-36.6 -182.0 2595.5 0.9998444319 -0.0151989004 -0.0089479825 0.0135897715 0.9872733951 -0.1584504396 0.0112423776 0.1583041847 0.9873263836
-30.7 -564.9 2534.1 0.9966348410 -0.0810157135 -0.0124674123 0.0818299726 0.9922313690 0.0937058032 0.0047789146 -0.0944106728 0.9955218434
-90.9 173.3 2190.0 0 0 0 0 0 0 0 0 0
-49.0 92.8 2215.7 0 0 0 0 0 0 0 0 0
-183.2 -830.4 2534.5 0 0 0 0 0 0 0 0 0
-9.0 -829.8 2559.3 0 0 0 0 0 0 0 0 0
-35.4 394.8 2581.0 9 0.8481492400 0.1828022748 -0.4972184896 -0.1919577569 0.9808425903 0.0331673510 0.4937561154 0.0673140809 0.8669911623
-70.9 203.8 2567.9 0.8481492400 0.1828022748 -0.4972184896 -0.1919577569 0.9808425903 0.0331673510 0.4937561154 0.0673140809 0.8669911623
-99.4 12.6 2558.8 0.8550804853 0.1484288573 -0.4967959523 -0.1507596970 0.9879263639 0.0356788523 0.4960936010 0.0443885177 0.8671336770
-186.9 224.3 2500.5 0.5417855382 0.1700381786 -0.8231375813 0.0016622446 0.9791045189 0.2033508569 0.8405151367 -0.1115408093 0.5301820040
-339.0 223.8 2264.7 -0.9408282638 0.1700381786 -0.2931367457 0.1949677467 0.9791045189 -0.0578092709 0.2771817446 -0.1115408093 -0.9543212056
45.0 183.3 2635.3 -0.0176125858 0.9074742198 0.4197384119 -0.6294136643 0.3161206841 -0.7098634839 -0.7768708467 -0.2766916156 0.5656089187
40.7 27.8 2443.3 -0.3629652262 0.9074742198 0.2115343958 0.2583398521 0.3161206841 -0.9128681421 -0.8952746987 -0.2766916156 -0.3491775692
-198.7 -166.8 2505.8 0.9948533177 -0.0051326761 -0.1011956036 0.0083497278 0.9994722605 0.0313925408 0.1009810641 -0.0320759304 0.9943711162
-196.7 -554.3 2518.3 0.9933783412 -0.0542056225 -0.1012977809 0.0603464805 0.9964575171 0.0585727282 0.0977639630 -0.0642978474 0.9931303859
-46.3 -188.3 2592.9 0.9987649322 -0.0456188545 -0.0196859296 0.0421109311 0.9875022173 -0.1518749893 0.0263682622 0.1508584321 0.9882036448
-28.6 -571.3 2534.4 0.9969753623 -0.0715981424 -0.0302300639 0.0741460323 0.9928194880 0.0938711688 0.0232919939 -0.0958286822 0.9951252937
-100.9 174.5 2194.5 0 0 0 0 0 0 0 0 0
-51.2 93.2 2216.5 0 0 0 0 0 0 0 0 0
-181.8 -828.8 2536.0 0 0 0 0 0 0 0 0 0
-9.5 -835.3 2559.9 0 0 0 0 0 0 0 0 0
-29.4 393.0 2574.0 0 0.8566123843 0.1878953129 -0.4805315733 -0.1879461110 0.9809792042 0.0485388301 0.4805116951 0.0487350747 0.8756331205
-66.1 201.7 2564.5 0.8566123843 0.1878953129 -0.4805315733 -0.1879461110 0.9809792042 0.0485388301 0.4805116951 0.0487350747 0.8756331205
-98.3 10.7 2557.7 0.8611901402 0.1672134101 -0.4799908698 -0.1625979841 0.9853457808 0.0515327677 0.4815739393 0.0336660333 0.8757585883
-183.3 223.9 2498.9 0.5697178245 0.1500001401 -0.8080356121 0.0158415437 0.9810156226 0.1932806969 0.8216876984 -0.1229159832 0.5565258265
-345.7 219.4 2264.6 -0.9443668127 0.1500001401 -0.2926965356 0.1789698303 0.9810156226 -0.0746872202 0.2759367824 -0.1229159832 -0.9532840848
51.2 179.5 2630.1 -0.0465967767 0.9174667001 0.3950741589 -0.6260517836 0.2813675702 -0.7272492647 -0.7783880234 -0.2812243402 0.5612708330
39.8 27.5 2441.1 -0.3569215834 0.9174667001 0.1756753623 0.2700294554 0.2813675702 -0.9208237529 -0.8942545056 -0.2812243402 -0.3481692076
-204.0 -165.2 2505.5 0.9964103699 -0.0202716067 -0.0821913704 0.0223438684 0.9994532466 0.0243716463 0.0816523731 -0.0261206347 0.9963185191
-196.1 -552.9 2515.6 0.9954986572 -0.0458019227 -0.0829737484 0.0513917580 0.9964597225 0.0665349439 0.0796325728 -0.0704996139 0.9943281412
-51.9 -192.1 2593.8 0.9981336594 -0.0609212704 -0.0042208941 0.0596800297 0.9877748489 -0.1440108418 0.0129426168 0.1434901655 0.9895671010
-28.2 -575.3 2538.2 0.9969573021 -0.0759910643 -0.0173645224 0.0770776421 0.9942616820 0.0741808191 0.0116277989 -0.0752935261 0.9970936179
-106.4 174.0 2194.6 0 0 0 0 0 0 0 0 0
-50.7 96.0 2214.4 0 0 0 0 0 0 0 0 0
-183.3 -832.0 2535.3 0 0 0 0 0 0 0 0 0
-8.7 -830.4 2557.5 0 0 0 0 0 0 0 0 0
-26.6 392.2 2577.5 1 0.8477934599 0.1918951869 -0.4943910539 -0.1957113147 0.9796453118 0.0446335748 0.4928928316 0.0589178726 0.8680929542
-64.1 200.8 2566.0 0.8477934599 0.1918951869 -0.4943910539 -0.1957113147 0.9796453118 0.0446335748 0.4928928316 0.0589178726 0.8680929542
-98.2 10.0 2557.4 0.8517464995 0.1763955057 -0.4933685958 -0.1746415347 0.9833574891 0.0500833243 0.4939921796 0.0435043499 0.8683772683
-180.2 224.6 2498.6 0.5545201898 0.1320407689 -0.8216279745 0.0353144556 0.9827083945 0.1817612648 0.8314206004 -0.1298056394 0.5402687192
-336.2 214.7 2264.7 -0.9426013827 0.1320407689 -0.3067049086 0.1649983823 0.9827083945 -0.0840226039 0.2903070748 -0.1298056394 -0.9480887651
52.0 176.9 2633.3 -0.1403532326 0.9580727816 0.2497949898 -0.5543125272 0.1330116838 -0.8216115236 -0.8203892708 -0.2537803352 0.5124031305
17.4 40.2 2431.1 -0.2809210718 0.9580727816 0.0563907064 0.2617440820 0.1330116838 -0.9559277892 -0.9233490229 -0.2537803352 -0.2881356776
-207.5 -165.7 2507.9 0.9948851466 -0.0242615119 -0.0980557948 0.0274393391 0.9991367459 0.0311906487 0.0972144157 -0.0337217003 0.9946920276
-198.1 -553.4 2521.0 0.9933522344 -0.0599395297 -0.0982782915 0.0641763061 0.9971152544 0.0405283235 0.0955655351 -0.0465660356 0.9943333864
-53.7 -194.8 2594.0 0.9975790977 -0.0661381856 -0.0214872062 0.0621840507 0.9867100120 -0.1501217932 0.0311304238 0.1484221965 0.9884340167
-28.1 -577.7 2536.4 0.9958140850 -0.0842217654 -0.0355112851 0.0865651295 0.9937390089 0.0706344023 0.0293399971 -0.0734127685 0.9968699813
-99.1 173.2 2191.7 0 0 0 0 0 0 0 0 0
-52.5 105.4 2201.2 0 0 0 0 0 0 0 0 0
-181.5 -828.6 2533.9 0 0 0 0 0 0 0 0 0
-6.9 -827.6 2554.8 0 0 0 0 0 0 0 0 0
-26.6 390.9 2589.7 2 0.8322854042 0.1841549128 -0.5228651166 -0.2034243345 0.9788663983 0.0209536981 0.5156738758 0.0889240354 0.8521578312
-62.5 199.9 2572.4 0.8322854042 0.1841549128 -0.5228651166 -0.2034243345 0.9788663983 0.0209536981 0.5156738758 0.0889240354 0.8521578312
-95.9 9.3 2559.0 0.8360352516 0.1723881066 -0.5208909512 -0.1827947795 0.9826362133 0.0318145417 0.5173307657 0.0686180741 0.8530301452
-176.6 224.9 2501.8 0.5324631333 0.1204326525 -0.8378418684 0.0548734032 0.9828332067 0.1761469394 0.8446726799 -0.1397669911 0.5167139173
-327.7 209.4 2262.1 -0.9445744753 0.1204326525 -0.3054095805 0.1567646563 0.9828332067 -0.0972814336 0.2884508371 -0.1397669911 -0.9472388029
51.5 174.9 2643.0 -0.1907019466 0.9716371894 0.1398354620 -0.5115736723 0.0232084636 -0.8589259386 -0.8378097415 -0.2353349924 0.4926381111
3.2 45.2 2430.5 -0.2340256125 0.9716371894 -0.0339588933 0.2372810990 0.0232084636 -0.9711637497 -0.9428306818 -0.2353349924 -0.2359825075
-208.5 -165.1 2504.6 0.9908678532 -0.0347084440 -0.1302926689 0.0388047434 0.9988249540 0.0290324334 0.1291318983 -0.0338232778 0.9910504222
-195.0 -552.7 2517.8 0.9904848933 -0.0423166491 -0.1309542358 0.0490727127 0.9976023436 0.0488001667 0.1285751909 -0.0547621064 0.9901866317
-56.2 -196.3 2593.0 0.9960381389 -0.0707604438 -0.0538612194 0.0618594252 0.9864431024 -0.1519981921 0.0638864860 0.1480641663 0.9869121313
-28.7 -579.2 2535.5 0.9937348962 -0.0887881592 -0.0678792223 0.0931938067 0.9935401678 0.0647523031 0.0616914965 -0.0706725419 0.9955900311
-90.0 169.9 2189.6 0 0 0 0 0 0 0 0 0
-54.9 104.1 2196.8 0 0 0 0 0 0 0 0 0
-183.2 -830.9 2533.0 0 0 0 0 0 0 0 0 0
-6.4 -829.7 2553.3 0 0 0 0 0 0 0 0 0
-25.7 392.7 2603.3 3 0.8147709370 0.1834193617 -0.5500051379 -0.2206738591 0.9753462672 -0.0016386202 0.5361449122 0.1227068603 0.8351596594
-61.5 202.0 2579.4 0.8147709370 0.1834193617 -0.5500051379 -0.2206738591 0.9753462672 -0.0016386202 0.5361449122 0.1227068603 0.8351596594
-94.8 11.8 2560.8 0.8191487193 0.1723563522 -0.5470728278 -0.1966089159 0.9803750515 0.0144805824 0.5388323665 0.0956976414 0.8369597793
-173.3 228.9 2505.8 0.4973121285 0.1044408605 -0.8612623215 0.0898022577 0.9811980724 0.1708386838 0.8629114628 -0.1623034477 0.4785826802
-316.3 203.0 2257.7 -0.9486734867 0.1044408605 -0.2985141575 0.1472737044 0.9811980724 -0.1247427762 0.2798732519 -0.1623034477 -0.9462180138
50.3 175.0 2652.9 -0.2057033330 0.9723228216 0.1107903272 -0.4953279197 -0.0058093150 -0.8686866760 -0.8440002203 -0.2335692793 0.4828136265
-3.8 44.9 2431.1 -0.2264223993 0.9723228216 -0.0576303378 0.2231560647 -0.0058093150 -0.9747654200 -0.9481214285 -0.2335692793 -0.2156643718
-204.0 -164.9 2499.4 0.9864680767 -0.0269763116 -0.1617188454 0.0328115411 0.9988992810 0.0335206427 0.1606365740 -0.0383732915 0.9862673879
-193.5 -552.7 2514.2 0.9861062765 -0.0346042365 -0.1624714285 0.0455605164 0.9968965054 0.0642000288 0.1597456038 -0.0707103312 0.9846224785
-54.4 -197.7 2591.9 0.9937663078 -0.0708658770 -0.0860615671 0.0567256249 0.9859880805 -0.1568748504 0.0959727541 0.1510150433 0.9838616252
-26.9 -580.5 2533.3 0.9923485518 -0.0715208575 -0.1006438136 0.0803132951 0.9930348992 0.0862057507 0.0937773138 -0.0936291814 0.9911807775
-77.7 166.0 2187.4 0 0 0 0 0 0 0 0 0
-59.8 100.2 2196.4 0 0 0 0 0 0 0 0 0
-183.8 -832.4 2534.1 0 0 0 0 0 0 0 0 0
-8.3 -838.9 2557.7 0 0 0 0 0 0 0 0 0
-58.4 405.2 2567.3 4 0.8515385985 0.1111340299 -0.5123780966 -0.1056652740 0.9936008453 0.0399018191 0.5135337710 0.0201626308 0.8578324914
-80.0 212.3 2563.4 0.8515385985 0.1111340299 -0.5123780966 -0.1056652740 0.9936008453 0.0399018191 0.5135337710 0.0201626308 0.8578324914
-100.2 20.5 2562.1 0.8527556062 0.1070279330 -0.5112268925 -0.0945760235 0.9942414761 0.0503912903 0.5136762261 0.0053783501 0.8579672575
-195.8 225.3 2493.9 0.4268095791 0.0895854682 -0.8998933434 0.1079395786 0.9829214215 0.1490455717 0.8978767395 -0.1607481837 0.4098504484
-309.7 196.5 2254.4 -0.9567618966 0.0895854682 -0.2767330110 0.1297739595 0.9829214215 -0.1304770261 0.2603179514 -0.1607481837 -0.9520475864
35.9 199.3 2632.8 -0.1573107988 0.9718799591 0.1752216220 -0.5945432186 0.0484679975 -0.8026015162 -0.7885249853 -0.2304347157 0.5702000856
-4.0 48.5 2432.8 -0.2354761064 0.9718799591 0.0005539720 0.1977385432 0.0484679975 -0.9790558219 -0.9515516162 -0.2304347157 -0.2035911977
-201.4 -160.8 2494.0 0.9928207397 -0.0161500853 -0.1185163483 0.0214013774 0.9988384843 0.0431704558 0.1176814809 -0.0453969389 0.9920132160
-195.2 -548.5 2511.6 0.9921364188 -0.0384613127 -0.1191050783 0.0489505455 0.9950544238 0.0864322782 0.1151917353 -0.0915828720 0.9891124368
-54.8 -196.0 2590.5 0.9967254996 -0.0766040012 -0.0258853137 0.0719231665 0.9862031937 -0.1490983218 0.0369497091 0.1467483491 0.9884834886
-25.0 -578.9 2533.5 0.9976997375 -0.0518279187 -0.0436938591 0.0557752214 0.9939540625 0.0945751294 0.0385280550 -0.0967946202 0.9945583940
-69.7 163.9 2189.1 0 0 0 0 0 0 0 0 0
-62.9 98.0 2194.7 0 0 0 0 0 0 0 0 0
-184.2 -831.6 2537.6 0 0 0 0 0 0 0 0 0
-11.8 -833.2 2558.3 0 0 0 0 0 0 0 0 0
-74.6 409.6 2548.9 5 0.8642547727 0.0779868290 -0.4969725609 -0.0521709286 0.9964783192 0.0656438842 0.5003417730 -0.0308055244 0.8652797937
-89.8 215.7 2554.9 0.8642547727 0.0779868290 -0.4969725609 -0.0521709286 0.9964783192 0.0656438842 0.5003417730 -0.0308055244 0.8652797937
-104.3 23.1 2562.2 0.8646482825 0.0763621107 -0.4965402186 -0.0470905714 0.9963480234 0.0712257549 0.5001658201 -0.0382028595 0.8650864959
-207.5 222.1 2487.1 0.3855530322 0.0807620138 -0.9191443324 0.1142233163 0.9843216538 0.1344021112 0.9155882597 -0.1568068564 0.3702833056
-306.1 192.9 2253.0 -0.9600379467 0.0807620138 -0.2679637969 0.1191144660 0.9843216538 -0.1300870329 0.2532564700 -0.1568068564 -0.9546060562
27.9 209.2 2622.8 -0.1310041249 0.9738865495 0.1854261309 -0.6363038421 0.0608295053 -0.7690365314 -0.7602337599 -0.2187343240 0.6117188334
-4.4 52.2 2435.2 -0.2262460291 0.9738865495 0.0189120863 0.1797718406 0.0608295053 -0.9818257689 -0.9573373795 -0.2187343240 -0.1888398081
-196.5 -162.7 2515.3 0.9950810075 -0.0048890170 -0.0989438817 0.0038633957 0.9999368191 -0.0105546350 0.0989892408 0.0101204570 0.9950370193
-194.6 -550.3 2511.3 0.9944458008 -0.0359302089 -0.0989270136 0.0450351015 0.9947955608 0.0913982764 0.0951281935 -0.0953458175 0.9908884168
-44.5 -179.7 2606.4 0.9992939830 -0.0374808051 0.0025939881 0.0373146683 0.9820789695 -0.1847391427 0.0043766708 0.1847055107 0.9827841520
-29.9 -560.4 2534.8 0.9973397851 -0.0725237578 -0.0073225349 0.0728762671 0.9941929579 0.0791794136 0.0015376246 -0.0795024186 0.9968335032
-65.2 163.0 2189.5 0 0 0 0 0 0 0 0 0
-60.8 97.0 2196.7 0 0 0 0 0 0 0 0 0
-184.4 -830.6 2538.2 0 0 0 0 0 0 0 0 0
-10.7 -823.7 2555.8 0 0 0 0 0 0 0 0 0
-80.0 409.1 2541.8 6 0.8943563104 0.0685394183 -0.4420737326 -0.0417596959 0.9966696501 0.0700405985 0.4454020262 -0.0441803895 0.8942399621
-93.4 214.6 2550.4 0.8943563104 0.0685394183 -0.4420737326 -0.0417596959 0.9966696501 0.0700405985 0.4454020262 -0.0441803895 0.8942399621
-106.4 21.6 2559.6 0.8945050836 0.0680490732 -0.4418483675 -0.0395883396 0.9965217710 0.0733292624 0.4453014731 -0.0481013581 0.8940877318
-215.1 220.0 2490.0 0.3540790975 0.0771438032 -0.9320283532 0.1137067080 0.9856474400 0.1247792095 0.9282773137 -0.1501595825 0.3402253985
-305.1 191.1 2254.1 -0.9638285637 0.0771438032 -0.2551144063 0.1122622043 0.9856474400 -0.1260803938 0.2417265475 -0.1501595825 -0.9586554766
28.4 209.2 2610.9 -0.1383987814 0.9749964476 0.1738610715 -0.6486005783 0.0434355475 -0.7598885298 -0.7484403849 -0.2179340422 0.6263718605
-4.5 55.0 2433.0 -0.2221744955 0.9749964476 0.0045151254 0.1706086844 0.0434355475 -0.9843810201 -0.9599641562 -0.2179340422 -0.1759931445
-196.0 -165.1 2524.9 0.9992776513 -0.0120964823 -0.0360255837 0.0105649624 0.9990447164 -0.0424031019 0.0365040973 0.0419918634 0.9984508753
-191.3 -552.5 2508.7 0.9988462925 -0.0301780403 -0.0373539366 0.0336600840 0.9947733283 0.0964005738 0.0342495218 -0.0975466892 0.9946414232
-41.6 -173.6 2613.9 0.9976548553 -0.0188577957 0.0657967627 0.0319840834 0.9783295989 -0.2045683861 -0.0605132133 0.2061930895 0.9766383767
-34.3 -553.0 2534.0 0.9940560460 -0.0921122059 0.0580338985 0.0877652466 0.9934286475 0.0734627545 -0.0644193515 -0.0679327399 0.9956079721
-62.6 162.9 2193.2 0 0 0 0 0 0 0 0 0
-59.9 97.4 2193.9 0 0 0 0 0 0 0 0 0
-183.0 -826.4 2535.5 0 0 0 0 0 0 0 0 0
-9.2 -823.0 2552.4 0 0 0 0 0 0 0 0 0
-82.3 409.2 2537.2 7 0.8973581791 0.0672396645 -0.4361503720 -0.0344295017 0.9959788322 0.0827092901 0.4399578571 -0.0592034161 0.8960647583
-95.4 214.5 2548.8 0.8973581791 0.0672396645 -0.4361503720 -0.0344295017 0.9959788322 0.0827092901 0.4399578571 -0.0592034161 0.8960647583
-108.3 21.4 2560.6 0.8974277377 0.0670313910 -0.4360393286 -0.0333978906 0.9958757758 0.0843564942 0.4398955405 -0.0611410588 0.8959652185
-217.8 219.1 2488.9 0.3316131532 0.0659067258 -0.9411105514 0.1150348485 0.9872884154 0.1096746996 0.9363758564 -0.1446300745 0.3198162615
-300.5 190.4 2255.3 -0.9652558565 0.0659067258 -0.2528585792 0.0998126939 0.9872884154 -0.1236890554 0.2414924204 -0.1446300745 -0.9595642686
27.0 209.9 2608.7 -0.1109702736 0.9743342996 0.1958526820 -0.6630499363 0.0742140934 -0.7448872924 -0.7403042316 -0.2125204653 0.6377967596
0.7 52.9 2433.3 -0.2227327526 0.9743342996 0.0326005965 0.1811106950 0.0742140934 -0.9806585312 -0.9579086900 -0.2125204653 -0.1929922700
-199.2 -167.8 2529.2 0.9994738102 -0.0138223935 -0.0293428097 0.0126804356 0.9991683364 -0.0387534238 0.0298540723 0.0383609533 0.9988178611
-193.8 -555.5 2514.3 0.9989222884 -0.0347173363 -0.0308044646 0.0371673852 0.9958649278 0.0828955323 0.0277991742 -0.0839511156 0.9960820079
-39.5 -174.9 2608.5 0.9973326921 -0.0098662451 0.0723201036 0.0235876739 0.9812240601 -0.1914234012 -0.0690735951 0.1926186830 0.9788395762
-35.7 -555.6 2533.8 0.9924460649 -0.1027899832 0.0669702291 0.0973020867 0.9919844270 0.0806178078 -0.0747201294 -0.0734924823 0.9944927096
-57.4 165.3 2194.4 0 0 0 0 0 0 0 0 0
-55.0 98.1 2193.9 0 0 0 0 0 0 0 0 0
-184.3 -830.3 2537.5 0 0 0 0 0 0 0 0 0
-7.8 -824.9 2553.7 0 0 0 0 0 0 0 0 0
-58.6 405.4 2568.1 8 0.8656213284 0.2135459483 -0.4528772235 -0.2353850454 0.9718663096 0.0083550019 0.4419202805 0.0993682593 0.8915337324
-100.4 215.4 2548.7 0.8656213284 0.2135459483 -0.4528772235 -0.2353850454 0.9718663096 0.0083550019 0.4419202805 0.0993682593 0.8915337324
-108.9 21.9 2558.6 0.8942488432 0.0445172004 -0.4453506470 -0.0168979503 0.9976898432 0.0657984614 0.4472509921 -0.0513146855 0.8929352760
-222.4 217.7 2487.6 0.3287248611 0.0464418530 -0.9432831407 0.1145121381 0.9894610643 0.0886217356 0.9374576807 -0.1371495426 0.3199422956
-302.8 189.7 2258.4 -0.9695809484 0.0464418530 -0.2403247356 0.0776825547 0.9894610643 -0.1221976429 0.2321168780 -0.1371495426 -0.9629702568
21.7 213.1 2609.7 -0.0449055657 0.9614573121 0.2712623775 -0.6778597832 0.1701339781 -0.7152345777 -0.7338184714 -0.2159958780 0.6440933347
10.8 49.2 2432.3 -0.2461145967 0.9614573121 0.1225862801 0.1822815388 0.1701339781 -0.9684151411 -0.9519459009 -0.2159958780 -0.2171283811
-201.5 -168.6 2533.1 0.9991846085 -0.0169238877 -0.0366565622 0.0149327563 0.9984331727 -0.0539273471 0.0375117883 0.0533359945 0.9978718162
-194.9 -556.1 2512.4 0.9984735847 -0.0394916721 -0.0386121720 0.0425503850 0.9957318902 0.0818994939 0.0352130234 -0.0834174454 0.9958923459
-41.0 -174.6 2611.7 0.9975458384 -0.0156422500 0.0682470202 0.0282386020 0.9818161130 -0.1877222806 -0.0640696287 0.1891887784 0.9798483253
-34.9 -555.7 2538.2 0.9933442473 -0.0970475450 0.0620404631 0.0928247645 0.9933803678 0.0676683411 -0.0681968257 -0.0614590645 0.9957770705
-58.1 170.1 2199.9 0 0 0 0 0 0 0 0 0
-51.0 95.0 2193.3 0 0 0 0 0 0 0 0 0
-184.1 -827.6 2535.1 0 0 0 0 0 0 0 0 0
-8.8 -822.9 2554.8 0 0 0 0 0 0 0 0 0
-45.8 402.6 2584.0 9 0.8342551589 0.1886435896 -0.5181041360 -0.2234677523 0.9746988416 -0.0049380790 0.5040639639 0.1198991835 0.8553032875
-82.9 210.9 2560.4 0.8342551589 0.1886435896 -0.5181041360 -0.2234677523 0.9746988416 -0.0049380790 0.5040639639 0.1198991835 0.8553032875
-101.5 18.7 2555.9 0.8528515697 0.0991614610 -0.5126511455 -0.0962072685 0.9948345423 0.0323782228 0.5132137537 0.0217069499 0.8579862714
-198.8 224.2 2491.0 0.4108289778 0.0021942877 -0.9117097855 0.1393054575 0.9881039262 0.0651511103 0.9010069370 -0.1537721008 0.4056360424
-304.0 188.5 2260.2 -0.9662024975 0.0021942877 -0.2577749193 0.0417337008 0.9881039262 -0.1480167955 0.2543836236 -0.1537721008 -0.9548000097
32.9 197.7 2629.9 -0.0187013075 0.9384095073 0.3450187147 -0.6203826666 0.2597244382 -0.7400463820 -0.7840762734 -0.2278834432 0.5773157477
28.1 40.1 2430.8 -0.2875006199 0.9384095073 0.1916534156 0.2211055905 0.2597244382 -0.9400295615 -0.9319096804 -0.2278834432 -0.2821585238
-197.5 -170.1 2528.5 0.9928441644 -0.0035883624 -0.1193634793 -0.0002270874 0.9994899035 -0.0319360197 0.1194171831 0.0317345969 0.9923368692
-196.1 -557.9 2516.2 0.9917981625 -0.0463510863 -0.1191131249 0.0548926592 0.9960734844 0.0694579557 0.1154259741 -0.0754267126 0.9904482365
-37.5 -173.1 2608.6 0.9996944070 -0.0127814626 -0.0211603381 0.0086234277 0.9825012684 -0.1860561520 0.0231681280 0.1858168244 0.9823112488
-32.5 -554.5 2536.4 0.9964369535 -0.0809278935 -0.0237491392 0.0824953765 0.9937784672 0.0748258382 0.0175458863 -0.0765184239 0.9969137907
-60.3 178.0 2196.0 0 0 0 0 0 0 0 0 0
-44.3 95.9 2196.0 0 0 0 0 0 0 0 0 0
-183.5 -828.8 2536.7 0 0 0 0 0 0 0 0 0
-9.7 -835.0 2558.0 0 0 0 0 0 0 0 0 0
-39.3 399.4 2574.5 0 0.8567856550 0.1836240292 -0.4818719029 -0.1962769032 0.9802411795 0.0245472006 0.4768581390 0.0735486299 0.8758977652
-75.3 207.3 2560.1 0.8567856550 0.1836240292 -0.4818719029 -0.1962769032 0.9802411795 0.0245472006 0.4768581390 0.0735486299 0.8758977652
-100.8 15.5 2556.3 0.8680582643 0.1333419681 -0.4782204330 -0.1261758804 0.9908817410 0.0472545996 0.4801609218 0.0193201359 0.8769676089
-193.4 224.6 2494.9 0.4448435307 -0.0612003133 -0.8935148120 0.1560122818 0.9877042770 0.0100202495 0.8819152117 -0.1438567191 0.4489218891
-309.8 183.8 2264.0 -0.9517685175 -0.0612003133 -0.3006513715 -0.0143352961 0.9877042770 -0.1556750983 0.3064820170 -0.1438567191 -0.9409431815
42.8 190.0 2625.3 0.0057676705 0.9246148467 0.3808596432 -0.6396674514 0.2961613238 -0.7093053460 -0.7686301470 -0.2395324707 0.5931541920
44.2 33.9 2437.8 -0.3157856166 0.9246148467 0.2129947543 0.2443635017 0.2961613238 -0.9233498573 -0.9168238044 -0.2395324707 -0.3194656074
-196.1 -164.9 2505.7 0.9966328740 -0.0050707608 -0.0818365812 0.0066601969 0.9997942448 0.0191607922 0.0817225799 -0.0196413230 0.9964615703
-194.1 -552.4 2513.4 0.9960789680 -0.0332224183 -0.0819935203 0.0399117395 0.9958868623 0.0813414827 0.0789539069 -0.0842950493 0.9933079481
-44.2 -182.3 2596.8 0.9994766116 -0.0307766795 0.0099637592 0.0319551155 0.9872377515 -0.1560144871 -0.0050349911 0.1562512219 0.9877045155
-32.2 -565.3 2536.2 0.9963621497 -0.0851827562 0.0025322356 0.0847277790 0.9933556318 0.0778833330 -0.0091497274 -0.0773854554 0.9969592690
-70.1 187.4 2186.8 0 0 0 0 0 0 0 0 0
-35.6 95.6 2206.1 0 0 0 0 0 0 0 0 0
-184.7 -833.2 2537.1 0 0 0 0 0 0 0 0 0
-9.4 -831.5 2557.0 0 0 0 0 0 0 0 0 0
-36.3 404.0 2586.7 1 0.8394524455 0.1826383024 -0.5118229985 -0.2055348456 0.9785751104 0.0120912157 0.5030655861 0.0950474665 0.8590058088
-72.4 210.8 2568.0 0.8394524455 0.1826383024 -0.5118229985 -0.2055348456 0.9785751104 0.0120912157 0.5030655861 0.0950474665 0.8590058088
-100.2 19.3 2558.6 0.8488324285 0.1450156122 -0.5083836913 -0.1492289305 0.9882606268 0.0327368192 0.5071629286 0.0480774753 0.8605082035
-188.0 231.3 2499.0 0.4507917464 -0.1295020729 -0.8831851482 0.2062414736 0.9777590632 -0.0381005816 0.8684763908 -0.1649739742 0.4674744308
-309.7 175.6 2264.4 -0.9373897910 -0.1295020729 -0.3233104348 -0.0664709657 0.9777590632 -0.1989191025 0.3418801427 -0.1649739742 -0.9251495004
43.3 190.4 2637.0 -0.0522209927 0.9549332261 0.2921907604 -0.5741516352 0.2106868029 -0.7911769748 -0.8170819283 -0.2090778500 0.5372741818
30.1 45.3 2430.5 -0.2575443983 0.9549332261 0.1475579888 0.2379584312 0.2106868029 -0.9481491446 -0.9365077019 -0.2090778500 -0.2814956307
-203.8 -165.0 2509.7 0.9927058220 -0.0291293859 -0.1169899777 0.0302595161 0.9995108843 0.0078952042 0.1167027727 -0.0113776755 0.9931017160
-192.5 -552.6 2514.1 0.9925613403 -0.0270417035 -0.1187045723 0.0362439118 0.9964442253 0.0760607123 0.1162256822 -0.0797972381 0.9900121093
-48.9 -187.7 2595.2 0.9984710217 -0.0476218425 -0.0280668270 0.0428602844 0.9876098633 -0.1509628296 0.0349082015 0.1495290697 0.9881409407
-30.5 -571.0 2537.2 0.9959207773 -0.0818007737 -0.0380843431 0.0844995007 0.9935458302 0.0756738335 0.0316483602 -0.0785832480 0.9964050651
-75.0 192.2 2178.8 0 0 0 0 0 0 0 0 0
-34.7 105.1 2194.9 0 0 0 0 0 0 0 0 0
-185.1 -827.5 2536.1 0 0 0 0 0 0 0 0 0
-9.3 -827.5 2557.5 0 0 0 0 0 0 0 0 0
-28.8 416.8 2583.4 2 0.8370525837 0.1909869164 -0.5127055645 -0.2015554905 0.9788314104 0.0355593003 0.5086436272 0.0735736117 0.8578278422
-66.6 223.1 2568.8 0.8370525837 0.1909869164 -0.5127055645 -0.2015554905 0.9788314104 0.0355593003 0.5086436272 0.0735736117 0.8578278422
-98.5 32.0 2560.6 0.8440346718 0.1648560613 -0.5103213787 -0.1630142778 0.9854200482 0.0487198345 0.5109127164 0.0420684405 0.8586026430
-181.8 245.4 2499.1 0.4642210603 -0.2124625593 -0.8598595858 0.2850949764 0.9549810290 -0.0820490196 0.8385819197 -0.2070527524 0.5038943291
-310.6 166.2 2266.3 -0.9197936654 -0.2124625593 -0.3299080133 -0.1239089668 0.9549810290 -0.2695510089 0.3723254204 -0.2070527524 -0.9047115445
48.5 200.8 2638.5 -0.0128368540 0.9365298152 0.3503527939 -0.6295943856 0.2646349072 -0.7304651141 -0.7768179178 -0.2299570441 0.5862368941
45.2 37.4 2436.9 -0.2955054939 0.9365298152 0.1886487901 0.2429099679 0.2646349072 -0.9332540631 -0.9239432812 -0.2299570441 -0.3056935072
-203.9 -158.8 2503.9 0.9923961163 -0.0271117203 -0.1200618520 0.0302201714 0.9992516041 0.0241454877 0.1193173751 -0.0275901780 0.9924727678
-193.4 -546.4 2514.6 0.9921603203 -0.0313610844 -0.1209724545 0.0389213115 0.9974001646 0.0606471300 0.1187559813 -0.0648800805 0.9908015132
-52.3 -185.6 2594.5 0.9983468652 -0.0461339019 -0.0342815407 0.0408102833 0.9889660478 -0.1424102634 0.0404732190 0.1407757998 0.9892138839
-34.4 -569.4 2539.8 0.9943302274 -0.0973680615 -0.0427418388 0.0997008905 0.9934210777 0.0563410260 0.0369748250 -0.0602829829 0.9974963069
-81.2 197.1 2173.4 0 0 0 0 0 0 0 0 0
-29.4 98.7 2203.6 0 0 0 0 0 0 0 0 0
-184.7 -823.9 2532.7 0 0 0 0 0 0 0 0 0
-9.0 -828.0 2555.5 0 0 0 0 0 0 0 0 0
-33.8 410.3 2591.7 3 0.8632486463 0.1716116667 -0.4747117162 -0.1973588467 0.9803209901 -0.0044979514 0.4645979404 0.0975714028 0.8801298738
-67.4 218.0 2572.5 0.8632486463 0.1716116667 -0.4747117162 -0.1973588467 0.9803209901 -0.0044979514 0.4645979404 0.0975714028 0.8801298738
-97.5 26.9 2559.0 0.8679947257 0.1544159353 -0.4719543159 -0.1687405407 0.9855858684 0.0121288467 0.4670243859 0.0691100508 0.8815395832
-185.8 240.9 2508.9 0.4485658705 -0.2451066673 -0.8594831824 0.2839629650 0.9509157538 -0.1229805350 0.8474394679 -0.1888965368 0.4961495697
-311.1 161.6 2272.2 -0.8990717530 -0.2451066673 -0.3627570570 -0.1500424743 0.9509157538 -0.2706407905 0.4112872779 -0.1888965368 -0.8917179108
50.9 195.0 2636.2 0.0160197709 0.9236034751 0.3830143213 -0.6414657235 0.3033349514 -0.7046344280 -0.7669844031 -0.2344024777 0.5973193049
55.0 33.5 2443.1 -0.3158898354 0.9236034751 0.2171870619 0.2557958364 0.3033349514 -0.9179087281 -0.9136641026 -0.2344024777 -0.3320743442
-205.8 -144.5 2506.7 0.9966766238 -0.0269584097 -0.0768697634 0.0285247955 0.9994057417 0.0193523001 0.0763023719 -0.0214806795 0.9968532920
-195.4 -532.3 2515.0 0.9962091446 -0.0387413502 -0.0778877139 0.0434244983 0.9972916245 0.0593605712 0.0753770545 -0.0625177771 0.9951933622
-54.8 -173.7 2598.1 0.9985134006 -0.0535423160 0.0102109527 0.0544636212 0.9875467420 -0.1475978941 -0.0021810604 0.1479345858 0.9889947176
-34.1 -557.0 2540.6 0.9955370426 -0.0943678916 -0.0008652571 0.0942687616 0.9939791560 0.0558469333 -0.0044101099 -0.0556792542 0.9984389544
-85.0 199.4 2168.8 0 0 0 0 0 0 0 0 0
-25.0 98.3 2211.8 0 0 0 0 0 0 0 0 0
-184.1 -823.1 2533.3 0 0 0 0 0 0 0 0 0
-8.7 -823.6 2555.6 0 0 0 0 0 0 0 0 0
-38.2 412.2 2603.3 4 0.8606577516 0.1601334959 -0.4833481908 -0.1997626126 0.9793460965 -0.0312427506 0.4683621526 0.1234442070 0.8748705387
-69.7 219.5 2579.0 0.8606577516 0.1601334959 -0.4833481908 -0.1997626126 0.9793460965 -0.0312427506 0.4683621526 0.1234442070 0.8748705387
-97.8 28.4 2560.8 0.8649443388 0.1449467242 -0.4804807305 -0.1721625775 0.9849856496 -0.0127800992 0.4714142084 0.0937748775 0.8769121766
-187.8 242.9 2514.7 0.4260356724 -0.2832154930 -0.8592337370 0.3069554567 0.9386523366 -0.1571945995 0.8510416746 -0.1967759877 0.4868339002
-308.2 156.2 2274.2 -0.8820846081 -0.2832154930 -0.3764515519 -0.1744068712 0.9386523366 -0.2975130975 0.4376174212 -0.1967759877 -0.8773654699
48.4 196.0 2643.3 0.0600695089 0.9024589658 0.4265670776 -0.6370108724 0.3636661470 -0.6796793938 -0.7685107589 -0.2308998555 0.5967214108
64.0 29.6 2442.7 -0.3420415819 0.9024589658 0.2618689835 0.2790915370 0.3636661470 -0.8887377977 -0.8972822428 -0.2308998555 -0.3762575984
-205.1 -149.2 2503.8 0.9954988956 -0.0354896672 -0.0878776461 0.0383435711 0.9987835288 0.0310031772 0.0866704509 -0.0342331715 0.9956486821
-191.3 -536.9 2517.1 0.9957565069 -0.0252174698 -0.0885043070 0.0296418648 0.9983569980 0.0490376502 0.0871222839 -0.0514529943 0.9948679805
-49.9 -179.3 2587.3 0.9991086125 -0.0422058403 -0.0008153871 0.0418170206 0.9921768308 -0.1176283956 0.0057736137 0.1174894497 0.9930573702
-33.5 -564.2 2541.7 0.9959157109 -0.0899033025 -0.0083229616 0.0902447775 0.9940466881 0.0610492565 0.0027848824 -0.0615510158 0.9981000423
-87.3 199.9 2164.6 0 0 0 0 0 0 0 0 0
-22.6 100.3 2215.4 0 0 0 0 0 0 0 0 0
-184.1 -824.6 2531.9 0 0 0 0 0 0 0 0 0
-9.6 -827.8 2558.0 0 0 0 0 0 0 0 0 0
-43.1 413.2 2592.6 5 0.8843129277 0.1485304832 -0.4426390827 -0.1775911450 0.9837949276 -0.0246761125 0.4318009317 0.1004301906 0.8963602781
-72.3 220.0 2572.9 0.8843129277 0.1485304832 -0.4426390827 -0.1775911450 0.9837949276 -0.0246761125 0.4318009317 0.1004301906 0.8963602781
-98.9 28.4 2558.0 0.8873234987 0.1370885670 -0.4402995706 -0.1568115801 0.9875917435 -0.0085284300 0.4336670637 0.0766115487 0.8978103995
-193.4 241.4 2513.8 0.4206196368 -0.3398579061 -0.8411751986 0.3473773897 0.9168560505 -0.1967331320 0.8380978703 -0.2094554305 0.5037066340
-310.3 144.8 2280.8 -0.8537387252 -0.3398579061 -0.3944956064 -0.2073455155 0.9168560505 -0.3411492407 0.4776379764 -0.2094554305 -0.8532235622
48.7 198.6 2632.1 0.0919292048 0.8860782385 0.4543284476 -0.6635773778 0.3946989477 -0.6355138421 -0.7424379587 -0.2430597991 0.6242658496
72.0 30.6 2444.1 -0.3638314009 0.8860782385 0.2872142792 0.2673024237 0.3946989477 -0.8790689111 -0.8922870159 -0.2430597991 -0.3804547191
-203.4 -147.2 2500.4 0.9985736012 -0.0308517404 -0.0435770229 0.0329352245 0.9983074665 0.0479317680 0.0420244895 -0.0492986143 0.9978995919
-191.4 -534.7 2519.5 0.9986991286 -0.0261953585 -0.0437473841 0.0285232905 0.9981622696 0.0534653291 0.0422664434 -0.0546435975 0.9976109862
-48.6 -178.0 2584.8 0.9979328513 -0.0454285145 0.0454568900 0.0501524732 0.9927929044 -0.1088436469 -0.0401846729 0.1108984202 0.9930189848
-30.9 -563.3 2541.7 0.9961771965 -0.0793821067 0.0364626609 0.0765657946 0.9943854809 0.0730423555 -0.0420561954 -0.0699713379 0.9966620803
-94.9 197.2 2160.3 0 0 0 0 0 0 0 0 0
-20.2 98.4 2217.9 0 0 0 0 0 0 0 0 0
-183.9 -823.0 2535.3 0 0 0 0 0 0 0 0 0
-9.4 -833.1 2560.7 0 0 0 0 0 0 0 0 0
-45.3 414.3 2595.3 6 0.8929283619 0.1390145719 -0.4281984568 -0.1751955301 0.9834557176 -0.0460589714 0.4147113562 0.1161458194 0.9025101662
-72.6 220.8 2572.4 0.8929283619 0.1390145719 -0.4281984568 -0.1751955301 0.9834557176 -0.0460589714 0.4147113562 0.1161458194 0.9025101662
-97.0 29.0 2555.8 0.8962952495 0.1257296056 -0.4252609611 -0.1501186341 0.9883722663 -0.0241803769 0.4172759652 0.0855123550 0.9047477245
-195.0 241.3 2515.5 0.4213706851 -0.3639209867 -0.8306673765 0.3684468567 0.9056497216 -0.2098701000 0.8286698461 -0.2176236659 0.5156998038
-311.1 139.7 2287.0 -0.8322177529 -0.3639209867 -0.4183003306 -0.2112292498 0.9056497216 -0.3676693439 0.5126361847 -0.2176236659 -0.8305685520
49.7 200.3 2629.4 0.1008767784 0.8744077682 0.4745892882 -0.6561514139 0.4170459807 -0.6289181113 -0.7478564382 -0.2479591817 0.6158140898
75.7 31.3 2436.8 -0.3833847046 0.8744077682 0.2973672152 0.2806719244 0.4170459807 -0.8644627929 -0.8799087405 -0.2479591817 -0.4053107798
-204.8 -149.2 2504.3 0.9989631772 -0.0359027870 -0.0279931463 0.0371082276 0.9983507991 0.0438027233 0.0263743401 -0.0447960831 0.9986479282
-190.8 -536.7 2521.7 0.9993173480 -0.0237922613 -0.0282634925 0.0252216049 0.9983626604 0.0513411872 0.0269956905 -0.0520189889 0.9982811809
-46.0 -177.2 2581.9 0.9973335266 -0.0383605473 0.0620831214 0.0441611558 0.9945037365 -0.0949323177 -0.0581002384 0.0974208415 0.9935459495
-31.1 -563.2 2544.1 0.9950284362 -0.0828995258 0.0551910028 0.0793018788 0.9947640896 0.0644641817 -0.0602460764 -0.0597669445 0.9963926673
-98.0 193.8 2155.7 0 0 0 0 0 0 0 0 0
-21.5 102.5 2213.6 0 0 0 0 0 0 0 0 0
-183.9 -827.5 2536.9 0 0 0 0 0 0 0 0 0
-8.9 -830.0 2560.1 0 0 0 0 0 0 0 0 0
-51.8 410.3 2580.6 7 0.9175923467 0.1272270232 -0.3766132593 -0.1493448317 0.9883301854 -0.0299919508 0.3684024811 0.0837656334 0.9258849621
-76.8 216.8 2564.2 0.9175923467 0.1272270232 -0.3766132593 -0.1493448317 0.9883301854 -0.0299919508 0.3684024811 0.0837656334 0.9258849621
-99.6 24.4 2552.6 0.9197094440 0.1186233237 -0.3742499352 -0.1322987527 0.9911492467 -0.0109632760 0.3696370423 0.0595958307 0.9272630811
-202.2 234.9 2513.9 0.4084084034 -0.3872579038 -0.8265796304 0.3836406171 0.8945040703 -0.2295262516 0.8282647133 -0.2233690619 0.5138908625
-311.1 132.5 2292.9 -0.8144353032 -0.3872579038 -0.4321185648 -0.2183467150 0.8945040703 -0.3901116848 0.5376056433 -0.2233690619 -0.8130722046
48.6 198.6 2614.6 0.1241329610 0.8601725101 0.4946657717 -0.6618730426 0.4431910217 -0.6045707464 -0.7392665744 -0.2523587644 0.6243395805
79.8 32.7 2429.2 -0.4008235037 0.8601725101 0.3153470159 0.2815099657 0.4431910217 -0.8510780334 -0.8718329072 -0.2523587644 -0.4197885096
-201.6 -149.4 2501.8 0.9993261099 -0.0248252098 0.0270382576 0.0232779793 0.9981532693 0.0561083518 -0.0283812284 -0.0554411449 0.9980584979
-192.0 -536.8 2523.3 0.9990547895 -0.0338827074 0.0272297449 0.0325385965 0.9982991219 0.0483749248 -0.0288225021 -0.0474431813 0.9984580278
-41.2 -176.2 2576.5 0.9927199483 -0.0242623929 0.1179765984 0.0329619944 0.9968339801 -0.0723571479 -0.1158475205 0.0757191256 0.9903766513
-31.7 -563.0 2547.1 0.9893488884 -0.0902402550 0.1142168790 0.0852716491 0.9952165484 0.0476740859 -0.1179726422 -0.0374268442 0.9923112988
-100.9 188.9 2154.1 0 0 0 0 0 0 0 0 0
-21.9 104.1 2208.0 0 0 0 0 0 0 0 0 0
-181.9 -833.3 2537.4 0 0 0 0 0 0 0 0 0
-7.8 -826.7 2557.0 0 0 0 0 0 0 0 0 0
-51.2 411.0 2562.8 8 0.9366626740 0.1340715736 -0.3235550225 -0.1400184035 0.9901365638 0.0049424726 0.3210262954 0.0406742245 0.9461964369
-77.4 216.9 2554.8 0.9366626740 0.1340715736 -0.3235550225 -0.1400184035 0.9901365638 0.0049424726 0.3210262954 0.0406742245 0.9461964369
-101.6 24.5 2550.2 0.9383786321 0.1258945465 -0.3218635619 -0.1269367337 0.9917504191 0.0178375114 0.3214539587 0.0241179708 0.9466180205
-205.3 234.4 2511.1 0.4028753638 -0.4214821756 -0.8124310374 0.4167411327 0.8747766614 -0.2471693158 0.8148731589 -0.2389950156 0.5280749202
-310.0 126.1 2299.4 -0.7960059047 -0.4214821756 -0.4344276786 -0.2306352258 0.8747766614 -0.4261141121 0.5596266985 -0.2389950156 -0.7935360074
50.5 199.5 2598.6 0.1181192547 0.8641661406 0.4891469181 -0.6868242025 0.4268602133 -0.5882710814 -0.7171612978 -0.2664718032 0.6439506412
79.3 31.7 2423.4 -0.4087976813 0.8641661406 0.2934302688 0.2867330015 0.4268602133 -0.8576564193 -0.8664113283 -0.2664718032 -0.4222844243
-204.7 -156.0 2507.9 0.9955223799 -0.0431111716 0.0841225386 0.0388175212 0.9978910089 0.0520257652 -0.0861880183 -0.0485273860 0.9950963259
-188.0 -543.3 2526.8 0.9960175157 -0.0275904518 0.0847811773 0.0245636292 0.9990302920 0.0365398489 -0.0857071131 -0.0343117975 0.9957293868
-40.3 -179.7 2574.0 0.9846045375 -0.0245083366 0.1730700284 0.0344822668 0.9978984594 -0.0548596792 -0.1713617891 0.0599829368 0.9833804965
-30.8 -567.0 2550.7 0.9818323255 -0.0848778486 0.1697086245 0.0781001747 0.9958728552 0.0462337546 -0.1729324311 -0.0321395211 0.9844091535
-102.3 186.3 2153.4 0 0 0 0 0 0 0 0 0
-24.4 104.4 2203.6 0 0 0 0 0 0 0 0 0
-180.1 -829.2 2536.6 0 0 0 0 0 0 0 0 0
-8.5 -828.5 2559.2 0 0 0 0 0 0 0 0 0
-55.5 411.1 2562.9 9 0.9446813464 0.1268117130 -0.3024829626 -0.1347618997 0.9908629060 -0.0054681548 0.2990257144 0.0459288433 0.9531391263
-80.3 216.9 2553.9 0.9446813464 0.1268117130 -0.3024829626 -0.1347618997 0.9908629060 -0.0054681548 0.2990257144 0.0459288433 0.9531391263
-103.4 24.3 2548.3 0.9462175369 0.1192328706 -0.3007589281 -0.1223791838 0.9924476147 0.0084288372 0.2994924784 0.0288311206 0.9536629319
-209.4 233.6 2513.0 0.3926995993 -0.4425487220 -0.8061870933 0.4265464246 0.8642643094 -0.2666558027 0.8147669435 -0.2391605973 0.5281638503
-309.8 124.6 2304.8 -0.7787228823 -0.4425487220 -0.4446811080 -0.2381332517 0.8642643094 -0.4431023896 0.5804164410 -0.2391605973 -0.7784079909
48.8 200.1 2594.7 0.1219696403 0.8587380052 0.4976871014 -0.6645648479 0.4430976510 -0.6016793251 -0.7372089028 -0.2573587596 0.6247315407
79.2 34.0 2410.5 -0.4129455984 0.8587380052 0.3033891618 0.3010557592 0.4430976510 -0.8444109559 -0.8595588207 -0.2573587596 -0.4415032566
-209.6 -156.4 2516.8 0.9929859042 -0.0508117601 0.1067572683 0.0479168594 0.9984152913 0.0295105819 -0.1080875769 -0.0241881199 0.9938470721
-189.9 -543.8 2526.2 0.9938060045 -0.0325737186 0.1062475368 0.0285233445 0.9988154769 0.0394217260 -0.1074057966 -0.0361470133 0.9935579300
-41.9 -179.3 2574.2 0.9802847505 -0.0306532830 0.1951978505 0.0421014652 0.9976108670 -0.0547720008 -0.1930525601 0.0619102716 0.9792332649
-30.0 -566.5 2550.2 0.9776809812 -0.0869367570 0.1912638694 0.0801281407 0.9958539009 0.0430638045 -0.1942146868 -0.0267770477 0.9805935025
-104.6 187.3 2151.8 0 0 0 0 0 0 0 0 0
-25.6 110.4 2192.4 0 0 0 0 0 0 0 0 0
-180.5 -833.7 2536.6 0 0 0 0 0 0 0 0 0
-7.4 -825.9 2557.1 0 0 0 0 0 0 0 0 0
-56.8 411.4 2562.9 0 0.9501737356 0.1214249656 -0.2870991230 -0.1302828789 0.9914057255 -0.0118772881 0.2831895053 0.0486895852 0.9578272700
-80.6 217.1 2553.4 0.9501737356 0.1214249656 -0.2870991230 -0.1302828789 0.9914057255 -0.0118772881 0.2831895053 0.0486895852 0.9578272700
-102.7 24.4 2547.3 0.9515575767 0.1145000532 -0.2853558660 -0.1186435446 0.9929330349 0.0027850189 0.2836581469 0.0312055256 0.9584175944
-210.5 233.4 2514.7 0.3957056105 -0.4347439110 -0.8089590669 0.4318309724 0.8654838800 -0.2538891137 0.8105177879 -0.2488682419 0.5302127004
-311.3 123.3 2308.1 -0.7768733501 -0.4347439110 -0.4554838538 -0.2206589133 0.8654838800 -0.4497191608 0.5897266269 -0.2488682419 -0.7683014274
49.3 200.9 2592.1 0.1454872489 0.8223845363 0.5500156283 -0.6460403800 0.5000120997 -0.5767319202 -0.7493098974 -0.2714251578 0.6040389538
85.4 40.7 2406.3 -0.4480246603 0.8223845363 0.3506531417 0.2751224339 0.5000120997 -0.8211550117 -0.8506359458 -0.2714251578 -0.4502741694
-211.0 -157.3 2515.9 0.9909940958 -0.0557726882 0.1217377931 0.0510076508 0.9978182912 0.0419157036 -0.1238099411 -0.0353286564 0.9916768670
-189.4 -544.6 2529.6 0.9920573831 -0.0293446258 0.1223153025 0.0256760996 0.9991751313 0.0314617604 -0.1231376454 -0.0280712917 0.9919924736
-41.7 -179.3 2569.4 0.9771203399 -0.0295224227 0.2106282115 0.0383456126 0.9985444546 -0.0379285775 -0.2092018872 0.0451374501 0.9768301845
-30.3 -566.9 2551.9 0.9742296934 -0.0873607472 0.2079534084 0.0820335448 0.9960452914 0.0341218002 -0.2101119161 -0.0161833148 0.9775434136
-104.5 182.1 2151.1 0 0 0 0 0 0 0 0 0
-28.2 110.4 2190.6 0 0 0 0 0 0 0 0 0
-181.0 -831.2 2537.6 0 0 0 0 0 0 0 0 0
-7.4 -827.7 2556.2 0 0 0 0 0 0 0 0 0
-57.4 414.7 2572.9 1 0.9507442117 0.1161657423 -0.2873864770 -0.1352722943 0.9896704555 -0.0474745668 0.2789029777 0.0840115994 0.9566374421
-80.2 220.0 2556.4 0.9507442117 0.1161657423 -0.2873864770 -0.1352722943 0.9896704555 -0.0474745668 0.2789029777 0.0840115994 0.9566374421
-101.3 27.4 2545.7 0.9525016546 0.1086462736 -0.2844934762 -0.1197761595 0.9925578833 -0.0219663233 0.2799896896 0.0549984947 0.9584262967
-210.3 236.4 2518.2 0.4043995440 -0.4185050130 -0.8132125139 0.4436844885 0.8672966957 -0.2257001698 0.7997531295 -0.2695367336 0.5364185572
-314.4 122.1 2312.3 -0.7801416516 -0.4185050130 -0.4650081694 -0.1913426667 0.8672966957 -0.4595481157 0.5956231952 -0.2695367336 -0.7566921115
49.9 203.6 2594.7 0.1737985760 0.7914990187 0.5859380364 -0.6403526664 0.5428605080 -0.5433699489 -0.7481594086 -0.2807700932 0.6011868715
92.5 46.5 2411.1 -0.4701144099 0.7914990187 0.3905403912 0.2472192794 0.5428605080 -0.8026114702 -0.8472750783 -0.2807700932 -0.4508803487
-210.1 -157.6 2515.9 0.9911540747 -0.0541996621 0.1211443916 0.0496525764 0.9979553819 0.0402452722 -0.1230779812 -0.0338741317 0.9918187261
-189.0 -545.0 2529.0 0.9922960997 -0.0246355627 0.1214147434 0.0204944480 0.9991687536 0.0352389216 -0.1221819445 -0.0324791148 0.9919761419
-39.7 -178.9 2566.6 0.9772664905 -0.0238258243 0.2106716782 0.0295716766 0.9992704988 -0.0241653956 -0.2099422365 0.0298459455 0.9772581458
-30.5 -566.8 2555.0 0.9741215110 -0.0862712041 0.2089127600 0.0808317512 0.9961321354 0.0344525054 -0.2110769749 -0.0166741423 0.9773272276
-104.6 173.6 2152.1 0 0 0 0 0 0 0 0 0
-26.7 109.2 2196.3 0 0 0 0 0 0 0 0 0
-182.0 -832.8 2538.4 0 0 0 0 0 0 0 0 0
-7.3 -834.4 2559.5 0 0 0 0 0 0 0 0 0
-61.9 416.3 2569.0 2 0.9602450728 0.1016277894 -0.2600023150 -0.1175051928 0.9919956923 -0.0462282486 0.2532230914 0.0749420673 0.9645007849
-81.8 221.8 2554.3 0.9602450728 0.1016277894 -0.2600023150 -0.1175051928 0.9919956923 -0.0462282486 0.2532230914 0.0749420673 0.9645007849
-100.6 28.9 2544.7 0.9613369703 0.0972036198 -0.2576484680 -0.1065989062 0.9940425754 -0.0227167271 0.2539053857 0.0493034720 0.9659716487
-213.0 236.4 2519.6 0.4062761068 -0.4140453041 -0.8145589232 0.4516093433 0.8659445047 -0.2149165273 0.7943480015 -0.2805469632 0.5387992859
-317.8 119.9 2314.7 -0.7810732722 -0.4140453041 -0.4674302936 -0.1797201037 0.8659445047 -0.4667342007 0.5980178118 -0.2805469632 -0.7507783771
49.5 207.3 2588.9 0.1516942531 0.8014161587 0.5785508156 -0.6429687142 0.5245662332 -0.5580515862 -0.7507197261 -0.2873368263 0.5948591828
85.8 53.5 2409.4 -0.4591723680 0.8014161587 0.3832660615 0.2317591310 0.5245662332 -0.8192179203 -0.8575829268 -0.2873368263 -0.4266018271
-207.7 -154.5 2510.0 0.9878199697 -0.0504035242 0.1472113580 0.0424565375 0.9974916577 0.0566374846 -0.1496968269 -0.0496975556 0.9874821305
-188.1 -541.7 2529.3 0.9887686372 -0.0205224063 0.1480386257 0.0147711290 0.9990966916 0.0398452729 -0.1487226188 -0.0372110568 0.9881786108
-37.0 -175.9 2560.1 0.9711784124 -0.0179584138 0.2376763225 0.0215693917 0.9996879697 -0.0126008233 -0.2373758554 0.0173641797 0.9712626934
-30.1 -564.0 2553.4 0.9689483643 -0.0724090040 0.2364234030 0.0649202168 0.9971155524 0.0393184759 -0.2385884523 -0.0227489136 0.9708542824
-105.1 168.8 2151.8 0 0 0 0 0 0 0 0 0
-30.6 112.2 2192.1 0 0 0 0 0 0 0 0 0
-182.1 -831.5 2540.1 0 0 0 0 0 0 0 0 0
-10.4 -834.7 2559.6 0 0 0 0 0 0 0 0 0
