-245.6 107.5 2685.4 2 0.4685868919 0.1493414491 -0.8707028627 -0.2485094666 0.9680905938 0.0323046707 0.8477436900 0.2012403607 0.4907473326
-275.8 -88.3 2644.7 0.4685868919 0.1493414491 -0.8707028627 -0.2485094666 0.9680905938 0.0323046707 0.8477436900 0.2012403607 0.4907473326
-299.5 -282.1 2608.1 0.4727216363 0.1192491949 -0.8731058836 -0.2185862958 0.9757036567 0.0149138905 0.8536710739 0.1837988496 0.4873024523
-344.8 -56.4 2520.1 -0.5938024521 0.3924737573 -0.7023980021 0.7224228382 0.6444208622 -0.2506530285 0.3542652130 -0.6562667489 -0.6661907434
-197.4 -235.7 2432.1 -0.7525797486 0.3924737573 0.5287609100 -0.1851934046 0.6444208622 -0.7419064045 -0.6319233775 -0.6562667489 -0.4122945368
-206.8 -120.2 2769.2 0.3437929749 0.5859204531 -0.7338280678 -0.1602036506 0.8066015244 0.5689716935 0.9252789617 -0.0780465454 0.3711705208
-90.5 -174.4 3082.2 -0.1673041582 0.5847719908 0.7937574983 0.0175352022 0.8067428470 -0.5906424522 -0.9857493639 -0.0848982483 -0.1452255249
-365.0 -456.0 2493.5 0.7495314479 -0.5924960375 -0.2952135801 -0.1733422279 0.2547288239 -0.9513494372 0.6388701797 0.7642392516 0.0882226750
-139.5 -552.9 2202.7 0.7495314479 0.4708113074 -0.4653378725 -0.1733422279 0.8180253506 0.5484405160 0.6388701797 -0.3304106891 0.6947472095
-286.0 -497.9 2653.6 0.4696456790 -0.8757924438 -0.1114472672 -0.0960356817 0.0748073086 -0.9925628304 0.8776161671 0.4768557549 -0.0489743948
66.4 -528.0 2461.8 0.4696456790 0.5560404658 -0.6857491732 -0.0960356817 0.8043071628 0.5864018798 0.8776161671 -0.2095447183 0.4311391115
-0.3 -187.3 2597.6 0 0 0 0 0 0 0 0 0
-131.3 -170.1 2842.2 0 0 0 0 0 0 0 0 0
-319.4 -865.5 2328.9 0 0 0 0 0 0 0 0 0
-145.7 -834.8 2541.7 0 0 0 0 0 0 0 0 0
-244.6 107.5 2690.1 3 0.5231573582 0.1405775100 -0.8405619264 -0.2563552260 0.9665803313 0.0021001941 0.8127658963 0.2143836915 0.5417113900
-273.2 -89.6 2646.3 0.5231573582 0.1405775100 -0.8405619264 -0.2563552260 0.9665803313 0.0021001941 0.8127658963 0.2143836915 0.5417113900
-296.4 -282.9 2606.5 0.5264678597 0.1163315326 -0.8421986699 -0.2313644737 0.9728130698 -0.0102554439 0.8181088567 0.2002540082 0.5390698314
-350.0 -55.9 2527.2 -0.6400247812 0.4254612625 -0.6398054361 0.6845290065 0.6939425468 -0.2233020663 0.3489818275 -0.5808842182 -0.7353810072
-186.1 -231.1 2437.8 -0.7173479795 0.4254612625 0.5517196655 -0.1327151060 0.6939425468 -0.7076937556 -0.6839580536 -0.5808842182 -0.4413331151
-196.5 -123.3 2765.5 0.4014376402 0.5685184598 -0.7180770040 -0.1763334125 0.8173311353 0.5485219359 0.8987515569 -0.0935763866 0.4283562899
-60.9 -182.8 3069.1 -0.2270046771 0.5669321418 0.7918692231 0.0378569067 0.8176183701 -0.5745146275 -0.9731575847 -0.1004397944 -0.2070654929
-366.4 -456.0 2493.4 0.7491989732 -0.5942568779 -0.2925058007 -0.1729166508 0.2508214712 -0.9524644017 0.6393752694 0.7641645074 0.0851582736
-139.1 -551.9 2201.2 0.7491989732 0.4651975334 -0.4714786708 -0.1729166508 0.8245199919 0.5387639403 0.6393752694 -0.3221148849 0.6981699467
-279.8 -496.1 2649.8 0.4621705413 -0.8788557053 -0.1183683127 -0.1142002791 0.0733825490 -0.9907438159 0.8794069886 0.4714103043 -0.0664503127
66.0 -524.9 2464.4 0.4621705413 0.5580023527 -0.6892254949 -0.1142002791 0.8081922531 0.5777400732 0.8794069886 -0.1883047074 0.4372466803
3.0 -196.2 2618.1 0 0 0 0 0 0 0 0 0
-116.1 -173.6 2832.5 0 0 0 0 0 0 0 0 0
-316.9 -867.0 2324.2 0 0 0 0 0 0 0 0 0
-147.0 -833.4 2536.2 0 0 0 0 0 0 0 0 0
-243.4 107.8 2683.9 4 0.5153954625 0.1534793526 -0.8430964351 -0.2584558427 0.9658585191 0.0178299565 0.8170484304 0.2087137252 0.5374667048
-274.9 -90.4 2641.1 0.5153954625 0.1534793526 -0.8430964351 -0.2584558427 0.9658585191 0.0178299565 0.8170484304 0.2087137252 0.5374667048
-299.0 -283.9 2602.9 0.5198167562 0.1211658642 -0.8456413746 -0.2272298783 0.9738411307 -0.0001437960 0.8235029578 0.1922297329 0.5337514281
-350.7 -57.3 2520.9 -0.6554620266 0.4454040229 -0.6099055409 0.6852334142 0.6902778745 -0.2323178649 0.3175290227 -0.5702031851 -0.7576566935
-183.0 -232.7 2439.7 -0.7096331120 0.4454040229 0.5459268689 -0.1161539108 0.6902778745 -0.7141601443 -0.6949310303 -0.5702031851 -0.4381086230
-199.0 -123.6 2761.2 0.3945601583 0.5742815733 -0.7173025608 -0.1708449721 0.8128728271 0.5568211675 0.9028478861 -0.0971519053 0.4188403189
-65.6 -181.3 3066.6 -0.2205152959 0.5727665424 0.7895007730 0.0307452325 0.8131054640 -0.5813038945 -0.9748988152 -0.1039130092 -0.1969120353
-367.8 -455.0 2491.9 0.7449765801 -0.5984573364 -0.2947179079 -0.1708350927 0.2559108734 -0.9514856935 0.6448451281 0.7591827512 0.0884100869
-139.0 -552.8 2201.7 0.7449765801 0.4640215039 -0.4792639017 -0.1708350927 0.8271865249 0.5353296995 0.6448451281 -0.3169330060 0.6955057383
-271.5 -497.3 2641.6 0.4682286680 -0.8752397299 -0.1213151217 -0.1010080427 0.0833774060 -0.9913856983 0.8778150678 0.4764489830 -0.0493665636
70.1 -529.8 2455.6 0.4682286680 0.5821346045 -0.6647414565 -0.1010080427 0.7826355696 0.6142303348 0.8778150678 -0.2204560190 0.4252526760
7.6 -201.5 2626.4 0 0 0 0 0 0 0 0 0
-119.3 -173.9 2829.2 0 0 0 0 0 0 0 0 0
-316.3 -868.9 2322.8 0 0 0 0 0 0 0 0 0
-152.0 -828.4 2539.7 0 0 0 0 0 0 0 0 0
-242.8 107.5 2679.3 5 0.5412716269 0.1565330029 -0.8261491656 -0.2482058257 0.9684821963 0.0208832268 0.8033796549 0.1937515438 0.5630643368
-274.9 -91.3 2639.6 0.5412716269 0.1565330029 -0.8261491656 -0.2482058257 0.9684821963 0.0208832268 0.8033796549 0.1937515438 0.5630643368
-299.8 -285.1 2603.7 0.5453980565 0.1252016723 -0.8287734985 -0.2197325081 0.9755561948 0.0027746947 0.8088625669 0.1805951595 0.5595773458
-354.5 -59.2 2521.5 -0.6418982744 0.4325255752 -0.6331573725 0.6950264573 0.6769751906 -0.2421628088 0.3238902390 -0.5955049992 -0.7351658940
-186.8 -240.8 2436.9 -0.7287564874 0.4325255752 0.5308818817 -0.1264037043 0.6769751906 -0.7250701189 -0.6730052829 -0.5955049992 -0.4386772513
-195.3 -123.4 2757.6 0.4225330949 0.5695511103 -0.7050371170 -0.1631254107 0.8129741549 0.5589839816 0.8915469050 -0.1211797670 0.4364167452
-52.4 -178.5 3059.2 -0.2505042255 0.5678286552 0.7841034532 0.0227079112 0.8131510615 -0.5816095471 -0.9678491354 -0.1278903037 -0.2165919840
-370.8 -456.6 2489.2 0.7381393313 -0.6097649336 -0.2886815369 -0.1733641028 0.2420929968 -0.9546391368 0.6519932747 0.7547037005 0.0729870051
-138.5 -548.8 2201.8 0.7381393313 0.4690715969 -0.4848939478 -0.1733641028 0.8264812827 0.5356058478 0.6519932747 -0.3112885356 0.6913785338
-275.5 -498.2 2640.1 0.4461100996 -0.8848892450 -0.1340031028 -0.1242549568 0.0870399103 -0.9884253740 0.8863105774 0.4575971067 -0.0711224899
66.9 -531.9 2463.0 0.4461100996 0.5742608309 -0.6864475608 -0.1242549568 0.7993123531 0.5879289508 0.8863105774 -0.1769865453 0.4279360771
12.7 -206.2 2621.2 0 0 0 0 0 0 0 0 0
-113.4 -173.0 2823.5 0 0 0 0 0 0 0 0 0
-317.7 -864.7 2320.7 0 0 0 0 0 0 0 0 0
-152.1 -836.7 2530.5 0 0 0 0 0 0 0 0 0
-244.0 105.9 2677.6 6 0.5301765203 0.1459223926 -0.8352361917 -0.2440786511 0.9696474075 0.0144731542 0.8119965792 0.1961899996 0.5497008562
-273.9 -92.7 2637.4 0.5301765203 0.1459223926 -0.8352361917 -0.2440786511 0.9696474075 0.0144731542 0.8119965792 0.1961899996 0.5497008562
-297.9 -286.6 2601.2 0.5336983800 0.1207029969 -0.8370166421 -0.2183804214 0.9758625627 0.0014817712 0.8169920444 0.1819972098 0.5471754670
-351.8 -60.8 2518.1 -0.6488047242 0.4306863844 -0.6273449063 0.6999837160 0.6611344218 -0.2700445950 0.2984548211 -0.6143374443 -0.7304205894
-182.0 -244.1 2440.0 -0.7288118005 0.4306863844 0.5322992802 -0.1466997862 0.6611344218 -0.7357856035 -0.6688142419 -0.6143374443 -0.4186609983
-196.0 -124.6 2756.6 0.4094588757 0.5698200464 -0.7124946117 -0.1620015353 0.8139632940 0.5578703284 0.8978301287 -0.1129997298 0.4255962074
-57.4 -179.4 3060.5 -0.2360571474 0.5682089925 0.7882991433 0.0219298992 0.8141334653 -0.5802635550 -0.9714916945 -0.1196880341 -0.2046427876
-374.6 -458.8 2493.7 0.7376511693 -0.6108937263 -0.2875406742 -0.1762035489 0.2369368523 -0.9554126263 0.6517845392 0.7554268837 0.0671351030
-141.1 -549.4 2205.0 0.7376511693 0.4693121016 -0.4854038954 -0.1762035489 0.8278188109 0.5326052308 0.6517845392 -0.3073469698 0.6933359504
-274.7 -499.1 2641.9 0.4612243474 -0.8769327402 -0.1351335347 -0.1175115183 0.0905868933 -0.9889312983 0.8794675469 0.4719989300 -0.0612688176
68.5 -534.6 2457.2 0.4612243474 0.5949199200 -0.6582874656 -0.1175115183 0.7763346434 0.6192701459 0.8794675469 -0.2082661390 0.4279744029
20.7 -203.3 2625.9 0 0 0 0 0 0 0 0 0
-114.9 -174.0 2823.9 0 0 0 0 0 0 0 0 0
-320.4 -865.7 2322.4 0 0 0 0 0 0 0 0 0
-158.4 -830.6 2536.6 0 0 0 0 0 0 0 0 0
-242.7 108.3 2686.2 7 0.5275275707 0.1471053660 -0.8367046118 -0.2575190961 0.9662439823 0.0075190593 0.8095669150 0.2115009129 0.5476027727
-272.8 -89.3 2642.9 0.5275275707 0.1471053660 -0.8367046118 -0.2575190961 0.9662439823 0.0075190593 0.8095669150 0.2115009129 0.5476027727
-297.0 -282.6 2604.2 0.5313807726 0.1220607311 -0.8382932544 -0.2297547609 0.9732406139 -0.0039279810 0.8153816462 0.1946891248 0.5452054143
-350.4 -55.7 2523.8 -0.6463428736 0.4483685195 -0.6174193025 0.7124370933 0.6443790197 -0.2778652906 0.2732659578 -0.6194686294 -0.7359241247
-175.1 -248.9 2449.7 -0.7124734521 0.4483685195 0.5397659540 -0.1608589590 0.6443790197 -0.7475962043 -0.6830124259 -0.6194686294 -0.3869788349
-195.2 -122.8 2762.0 0.4070615470 0.5715693831 -0.7124670744 -0.1741772741 0.8142760396 0.5537299514 0.8966399431 -0.1013065949 0.4310148656
-57.4 -181.8 3065.5 -0.2337288558 0.5699841380 0.7877111435 0.0347737372 0.8145328760 -0.5790742040 -0.9716798067 -0.1079546958 -0.2102003247
-370.8 -460.5 2490.2 0.7397620082 -0.6099071503 -0.2841925621 -0.1710848659 0.2379858643 -0.9560819268 0.6507550478 0.7558941841 0.0717070177
-141.4 -550.0 2205.9 0.7397620082 0.4670284986 -0.4843929410 -0.1710848659 0.8267862797 0.5358679295 0.6507550478 -0.3135424554 0.6915265918
-272.9 -500.5 2639.9 0.4559101462 -0.8804075122 -0.1304934472 -0.1062773094 0.0917169973 -0.9900975227 0.8836577535 0.4652640224 -0.0517526306
66.1 -535.8 2460.8 0.4559101462 0.5825933218 -0.6728528142 -0.1062773094 0.7862187624 0.6087406874 0.8836577535 -0.2060220838 0.4203615487
24.2 -204.0 2640.7 0 0 0 0 0 0 0 0 0
-114.3 -173.3 2828.8 0 0 0 0 0 0 0 0 0
-319.9 -865.9 2325.8 0 0 0 0 0 0 0 0 0
-156.3 -835.9 2539.4 0 0 0 0 0 0 0 0 0
-241.1 109.1 2681.0 8 0.5252044797 0.1557850987 -0.8365950584 -0.2542285025 0.9669278860 0.0204531495 0.8121133447 0.2019442171 0.5474398732
-273.2 -90.0 2639.4 0.5252044797 0.1557850987 -0.8365950584 -0.2542285025 0.9669278860 0.0204531495 0.8121133447 0.2019442171 0.5474398732
-298.1 -283.5 2601.5 0.5289536119 0.1253417432 -0.8393434882 -0.2283496857 0.9735780358 0.0014816046 0.8173521161 0.1908801347 0.5435993671
-350.5 -56.7 2520.0 -0.6410330534 0.4489317536 -0.6225246191 0.7218030691 0.6283511519 -0.2901296318 0.2609156370 -0.6353228688 -0.7268341780
-177.8 -251.1 2449.7 -0.6817432642 0.4489317536 0.5776559711 -0.2187802047 0.6283511519 -0.7465320230 -0.6981127262 -0.6353228688 -0.3301567733
-196.0 -123.4 2758.8 0.4046756625 0.5748140216 -0.7112147808 -0.1719537675 0.8117007613 0.5581879020 0.8981478214 -0.1035890058 0.4273169935
-58.9 -181.6 3062.9 -0.2317323834 0.5732457042 0.7859322429 0.0316144899 0.8119354844 -0.5828905106 -0.9722657204 -0.1102277562 -0.2062746137
-370.0 -454.9 2490.8 0.7378915548 -0.6068965793 -0.2952839732 -0.1705955863 0.2555884123 -0.9516153336 0.6530032158 0.7525630593 0.0850626454
-140.4 -551.6 2206.1 0.7378915548 0.4701789916 -0.4841980934 -0.1705955863 0.8240533471 0.5402159095 0.6530032158 -0.3160187006 0.6882724166
-272.6 -497.1 2640.3 0.4563755393 -0.8778800964 -0.1450790614 -0.1322700679 0.0943035781 -0.9867175221 0.8799011111 0.4695033431 -0.0730794147
67.1 -533.6 2458.6 0.4563755393 0.5844900608 -0.6708895564 -0.1322700679 0.7901758552 0.5984369516 0.8799011111 -0.1843733639 0.4379274547
14.4 -189.4 2646.6 0 0 0 0 0 0 0 0 0
-115.4 -173.9 2825.9 0 0 0 0 0 0 0 0 0
-320.1 -866.5 2326.9 0 0 0 0 0 0 0 0 0
-156.1 -835.3 2529.0 0 0 0 0 0 0 0 0 0
-241.9 108.1 2678.4 9 0.5275979042 0.1472265124 -0.8366389871 -0.2412973046 0.9702734351 0.0185767356 0.8145036101 0.1920776963 0.5474395752
-272.0 -90.4 2639.1 0.5275979042 0.1472265124 -0.8366389871 -0.2412973046 0.9702734351 0.0185767356 0.8145036101 0.1920776963 0.5474395752
-295.5 -284.2 2601.9 0.5303238630 0.1186538935 -0.8394508958 -0.2213509828 0.9751921296 -0.0019981749 0.8183888793 0.1868729740 0.5434318185
-349.4 -58.0 2519.5 -0.6207215190 0.4555749893 -0.6380879283 0.7353292108 0.6206458211 -0.2721943259 0.2720216811 -0.6381615400 -0.7202457786
-185.7 -252.0 2447.8 -0.6595270634 0.4555749893 0.5978925228 -0.2461605370 0.6206458211 -0.7444486022 -0.7102316618 -0.6381615400 -0.2971881330
-194.5 -122.7 2758.6 0.4056219161 0.5692890882 -0.7151089311 -0.1654683203 0.8151673079 0.5550878048 0.8989388943 -0.1068279073 0.4248490334
-57.1 -178.7 3063.0 -0.2317092121 0.5677228570 0.7899377346 0.0260189921 0.8153635859 -0.5783642530 -0.9724370837 -0.1134589389 -0.2036988288
-371.5 -456.0 2488.6 0.7375708818 -0.6124638915 -0.2843891680 -0.1602552235 0.2503571212 -0.9547981620 0.6559782624 0.7498061657 0.0865055844
-139.4 -550.9 2204.4 0.7375708818 0.4738619328 -0.4810863435 -0.1602552235 0.8149150610 0.5569845438 0.6559782624 -0.3337189555 0.6769964695
-274.5 -497.9 2638.5 0.4533793032 -0.8794736862 -0.1448213309 -0.1326956749 0.0940690264 -0.9866827726 0.8813847303 0.4665587246 -0.0740534067
64.8 -534.2 2458.5 0.4533793032 0.5685453415 -0.6864425540 -0.1326956749 0.8046154976 0.5787795782 0.8813847303 -0.1713187248 0.4402395189
1.4 -182.1 2649.3 0 0 0 0 0 0 0 0 0
-113.6 -172.4 2826.0 0 0 0 0 0 0 0 0 0
-320.5 -862.2 2331.9 0 0 0 0 0 0 0 0 0
-152.4 -841.4 2523.9 0 0 0 0 0 0 0 0 0
-241.4 110.8 2686.6 0 0.5303242803 0.1444141269 -0.8354045153 -0.2549900711 0.9669292569 0.0052798614 0.8085395694 0.2102198154 0.5496102571
-271.1 -88.3 2643.3 0.5303242803 0.1444141269 -0.8354045153 -0.2549900711 0.9669292569 0.0052798614 0.8085395694 0.2102198154 0.5496102571
-294.6 -281.7 2604.2 0.5337958336 0.1179769114 -0.8373430967 -0.2293199152 0.9733089805 -0.0090548629 0.8139253259 0.1968528926 0.5466027260
-349.1 -54.8 2524.4 -0.6054722667 0.4545845985 -0.6532657743 0.7404204011 0.6227514148 -0.2528998256 0.2918578386 -0.6368151307 -0.7136424184
-186.6 -253.5 2446.1 -0.6302068830 0.4545845985 0.6294379830 -0.2803649604 0.6227514148 -0.7304629683 -0.7240406275 -0.6368151307 -0.2650126219
-193.1 -121.8 2762.2 0.4093486965 0.5676945448 -0.7142524123 -0.1744762659 0.8171068430 0.5494492650 0.8955398798 -0.1002962366 0.4335308671
-54.5 -180.9 3065.4 -0.2355205715 0.5661040545 0.7899723649 0.0360872634 0.8173714876 -0.5749796033 -0.9711991549 -0.1069115847 -0.2129369378
-367.8 -457.6 2489.8 0.7403029799 -0.6035656929 -0.2960742712 -0.1745280623 0.2527606487 -0.9516575336 0.6492237449 0.7561881542 0.0817802846
-139.3 -553.3 2203.5 0.7403029799 0.4815500081 -0.4691067338 -0.1745280623 0.8115322590 0.5576336980 0.6492237449 -0.3309455514 0.6848237514
-270.5 -498.2 2639.9 0.4460934103 -0.8825605512 -0.1486186832 -0.1522798538 0.0887876302 -0.9843412042 0.8819362521 0.4617397785 -0.0947886184
66.3 -532.1 2463.7 0.4460934103 0.5720839500 -0.6882736087 -0.1522798538 0.8063360453 0.5715181828 0.8819362521 -0.1501402855 0.4468180835
-7.0 -173.6 2652.4 0 0 0 0 0 0 0 0 0
-111.9 -172.1 2828.7 0 0 0 0 0 0 0 0 0
-323.3 -863.4 2330.0 0 0 0 0 0 0 0 0 0
-152.2 -840.1 2521.0 0 0 0 0 0 0 0 0 0
-241.1 111.5 2682.2 1 0.5505168438 0.1448631734 -0.8221592903 -0.2535147965 0.9673312902 0.0006890591 0.7954002023 0.2080502063 0.5692570806
-270.9 -87.0 2639.5 0.5505168438 0.1448631734 -0.8221592903 -0.2535147965 0.9673312902 0.0006890591 0.7954002023 0.2080502063 0.5692570806
-294.6 -280.3 2600.3 0.5537052751 0.1193591356 -0.8241139650 -0.2300992906 0.9730712175 -0.0136658959 0.8002904058 0.1971949190 0.5662591457
-351.7 -53.4 2522.6 -0.6310500503 0.4508605599 -0.6312690377 0.7332504988 0.6123046875 -0.2956801653 0.2532184422 -0.6494672894 -0.7169886231
-179.4 -253.6 2453.5 -0.6104488969 0.4508605599 0.6512118578 -0.3193296492 0.6123046875 -0.7232645154 -0.7248315215 -0.6494672894 -0.2298075408
-190.0 -120.6 2756.4 0.4310368001 0.5624282956 -0.7056072950 -0.1759462655 0.8193572760 0.5456157327 0.8850142360 -0.1110314876 0.4521303177
-44.1 -180.2 3056.0 -0.2585962713 0.5606722832 0.7866222262 0.0383596420 0.8196389079 -0.5715947747 -0.9652235508 -0.1176377237 -0.2334627509
-367.0 -454.1 2490.4 0.7401869893 -0.5992791057 -0.3049389124 -0.1772303432 0.2635896206 -0.9482140541 0.6486236453 0.7559001446 0.0888951793
-142.4 -552.9 2207.1 0.7401869893 0.4711469710 -0.4797329903 -0.1772303432 0.8249364495 0.5367208719 0.6486236453 -0.3122505546 0.6941087842
-269.1 -496.1 2639.7 0.4545492828 -0.8773092628 -0.1539914906 -0.1369960159 0.1019683927 -0.9853093624 0.8801233172 0.4689678848 -0.0738382116
69.8 -535.5 2458.5 0.4545492828 0.5924137235 -0.6651548147 -0.1369960159 0.7843717337 0.6049736738 0.8801233172 -0.1838667840 0.4376939237
-5.0 -162.4 2660.6 0 0 0 0 0 0 0 0 0
-107.1 -170.8 2820.8 0 0 0 0 0 0 0 0 0
-322.3 -868.0 2326.4 0 0 0 0 0 0 0 0 0
-156.3 -834.9 2528.7 0 0 0 0 0 0 0 0 0
-241.0 109.8 2679.5 2 0.5217027068 0.1548224092 -0.8389614820 -0.2451671660 0.9691216946 0.0263866559 0.8171409965 0.1919198036 0.5435507298
-272.7 -88.4 2640.2 0.5217027068 0.1548224092 -0.8389614820 -0.2451671660 0.9691216946 0.0263866559 0.8171409965 0.1919198036 0.5435507298
-298.4 -282.2 2604.8 0.5254231095 0.1290748566 -0.8409936428 -0.2196834981 0.9754915237 0.0124669839 0.8219913244 0.1782019734 0.5409013629
-349.4 -56.4 2520.2 -0.6398985982 0.4436337948 -0.6274701953 0.7289882302 0.6087659597 -0.3130178154 0.2431172431 -0.6577180624 -0.7129523158
-177.5 -252.2 2454.9 -0.6068086624 0.4436337948 0.6595243216 -0.3360363543 0.6087659597 -0.7186678648 -0.7203213573 -0.6577180624 -0.2203273922
-196.0 -120.4 2760.2 0.4012758434 0.5785924196 -0.7100764513 -0.1613401324 0.8077562451 0.5670090318 0.9016357660 -0.1129631847 0.4174832404
-60.2 -175.0 3065.3 -0.2287759781 0.5770363212 0.7840220928 0.0192646459 0.8079074621 -0.5889944434 -0.9732884765 -0.1196438670 -0.1959462166
-369.1 -452.6 2487.7 0.7340570092 -0.6054507494 -0.3075544238 -0.1766989380 0.2670027316 -0.9473578930 0.6556964517 0.7497592568 0.0890127197
-141.5 -553.0 2205.9 0.7340570092 0.4775580168 -0.4828029573 -0.1766989380 0.8207879066 0.5432169437 0.6556964517 -0.3134414256 0.6868891120
-267.5 -494.8 2634.5 0.4487758279 -0.8803697228 -0.1534582078 -0.1130031049 0.1144377142 -0.9869824052 0.8864708543 0.4602751136 -0.0481276326
67.3 -538.3 2459.4 0.4487758279 0.5904164910 -0.6708268523 -0.1130031049 0.7821313143 0.6127812862 0.8864708543 -0.1991959065 0.4177205265
-2.5 -155.2 2662.7 0 0 0 0 0 0 0 0 0
-115.9 -170.3 2828.2 0 0 0 0 0 0 0 0 0
-323.9 -866.6 2325.6 0 0 0 0 0 0 0 0 0
-158.1 -837.0 2535.5 0 0 0 0 0 0 0 0 0
-243.4 106.8 2677.6 3 0.5276437402 0.1458917111 -0.8368439078 -0.2453562617 0.9693276882 0.0142872324 0.8132603765 0.1977863163 0.5472550988
-273.1 -90.2 2637.4 0.5276437402 0.1458917111 -0.8368439078 -0.2453562617 0.9693276882 0.0142872324 0.8132603765 0.1977863163 0.5472550988
-297.7 -283.8 2600.4 0.5306775570 0.1240013167 -0.8384539485 -0.2235035896 0.9746993780 0.0026902696 0.8175741434 0.1859697849 0.5449658632
-350.6 -57.5 2518.0 -0.6470953226 0.4373399913 -0.6245008707 0.7179777026 0.6251035333 -0.3061921299 0.2564676404 -0.6465132236 -0.7185019255
-176.6 -250.5 2449.1 -0.5952880383 0.4373399913 0.6740666628 -0.3376284540 0.6251035333 -0.7037418485 -0.7291359305 -0.6465132236 -0.2244582325
-195.6 -122.8 2756.8 0.4065123796 0.5731865764 -0.7114807367 -0.1667435914 0.8121929169 0.5590520501 0.8983007669 -0.1086267382 0.4257416725
-57.9 -179.2 3060.9 -0.2334823757 0.5716041327 0.7866095901 0.0263590869 0.8123920560 -0.5825155377 -0.9720036983 -0.1152727976 -0.2047462016
-372.3 -455.8 2494.0 0.7334988713 -0.6062974930 -0.3072178364 -0.1827591658 0.2594197094 -0.9483145475 0.6546590924 0.7517344952 0.0794776306
-139.4 -555.5 2205.3 0.7334988713 0.4814230204 -0.4798033834 -0.1827591658 0.8196126223 0.5429864526 0.6546590924 -0.3105914593 0.6891693473
-276.0 -496.0 2644.7 0.4543073773 -0.8781437278 -0.1498946398 -0.1344984323 0.0987197086 -0.9859840870 0.8806332946 0.4681004286 -0.0732598677
67.4 -534.6 2461.7 0.4543073773 0.5797488093 -0.6763846278 -0.1344984323 0.7951962352 0.5912470818 0.8806332946 -0.1776352376 0.4392388165
-3.8 -152.5 2660.7 0 0 0 0 0 0 0 0 0
-114.8 -172.8 2824.1 0 0 0 0 0 0 0 0 0
-323.4 -868.7 2324.0 0 0 0 0 0 0 0 0 0
-154.0 -838.3 2529.5 0 0 0 0 0 0 0 0 0
-243.6 106.4 2686.7 4 0.5088282228 0.1479132921 -0.8480657339 -0.2651205957 0.9641723633 0.0090948921 0.8190268278 0.2202119529 0.5298129916
-273.8 -90.2 2641.8 0.5088282228 0.1479132921 -0.8480657339 -0.2651205957 0.9641723633 0.0090948921 0.8190268278 0.2202119529 0.5298129916
-299.4 -283.0 2601.3 0.5122693777 0.1288474798 -0.8491044641 -0.2410652488 0.9705072045 0.0018337566 0.8242982626 0.2037502080 0.5282217860
-348.6 -55.0 2521.4 -0.6270987988 0.4557734430 -0.6316784620 0.7246326208 0.6388406754 -0.2584379017 0.2857527733 -0.6198009253 -0.7308845520
-180.4 -249.4 2444.8 -0.5665934086 0.4557734430 0.6864710450 -0.3288047314 0.6388406754 -0.6955357790 -0.7555523515 -0.6198009253 -0.2121024430
-199.0 -125.4 2762.1 0.3869807422 0.5824166536 -0.7148683667 -0.1845530868 0.8085060120 0.5588006377 0.9034301639 -0.0843139291 0.4203630388
-68.0 -187.9 3067.9 -0.2136947066 0.5809681416 0.7853729129 0.0437020995 0.8088239431 -0.5864247084 -0.9759224653 -0.0909934044 -0.1982309222
-371.1 -457.0 2488.5 0.7335782647 -0.6126862168 -0.2940722406 -0.1760199815 0.2466543168 -0.9529840350 0.6564143896 0.7508509755 0.0730952397
-138.3 -550.7 2203.3 0.7335782647 0.4761275351 -0.4849385917 -0.1760199815 0.8223227859 0.5411120057 0.6564143896 -0.3115891218 0.6870461106
-273.8 -497.9 2638.4 0.4435141981 -0.8854314089 -0.1389472485 -0.1426922977 0.0832944214 -0.9862560034 0.8848356009 0.4572452605 -0.0894019902
68.1 -530.1 2461.9 0.4435141981 0.5797017813 -0.6835502982 -0.1426922977 0.7986064553 0.5846936107 0.8848356009 -0.1617825627 0.4369122684
-16.8 -154.4 2663.0 0 0 0 0 0 0 0 0 0
-120.1 -177.2 2830.2 0 0 0 0 0 0 0 0 0
-320.3 -864.9 2322.4 0 0 0 0 0 0 0 0 0
-153.3 -835.1 2523.7 0 0 0 0 0 0 0 0 0
-243.3 107.5 2690.7 5 0.4832512438 0.1531762481 -0.8619775176 -0.2570410967 0.9660074711 0.0275575407 0.8368979096 0.2082464397 0.5061969161
-274.6 -89.5 2648.3 0.4832512438 0.1531762481 -0.8619775176 -0.2570410967 0.9660074711 0.0275575407 0.8368979096 0.2082464397 0.5061969161
-300.6 -282.7 2610.0 0.4868866205 0.1309511364 -0.8635932207 -0.2322377861 0.9725185037 0.0165343229 0.8420255184 0.1925086379 0.5039180517
-345.6 -55.6 2525.4 -0.6009679437 0.4759543836 -0.6421097517 0.7331547141 0.6482040286 -0.2057077587 0.3183106184 -0.5943895578 -0.7384980917
-185.7 -250.7 2440.6 -0.5444887280 0.4759543836 0.6906514764 -0.3135656118 0.6482040286 -0.6939078569 -0.7779515386 -0.5943895578 -0.2036968470
-203.5 -123.4 2771.2 0.3598954976 0.5910895467 -0.7218645215 -0.1734613776 0.8026103377 0.5707256198 0.9167259336 -0.0801859647 0.3913870454
-81.7 -182.1 3081.4 -0.1858242750 0.5898287296 0.7858571410 0.0301853158 0.8028362989 -0.5954349041 -0.9821192026 -0.0869249180 -0.1669906378
-371.9 -453.8 2485.2 0.7300876975 -0.6174449921 -0.2928029299 -0.1667408198 0.2545659840 -0.9525721073 0.6626985669 0.7442834377 0.0829022080
-138.1 -550.1 2203.4 0.7300876975 0.4717748463 -0.4943687022 -0.1667408198 0.8245660067 0.5406370759 0.6626985669 -0.3122810423 0.6806696057
-278.0 -497.9 2636.3 0.4379607141 -0.8899344206 -0.1273072809 -0.1164576337 0.0842549577 -0.9896154404 0.8914191127 0.4482385814 -0.0667392984
66.2 -530.5 2463.0 0.4379607141 0.5720207691 -0.6935291886 -0.1164576337 0.8010493517 0.5871605873 0.8914191127 -0.1763864905 0.4174443185
-28.1 -159.9 2665.8 0 0 0 0 0 0 0 0 0
-126.9 -174.7 2842.2 0 0 0 0 0 0 0 0 0
-318.4 -865.2 2322.7 0 0 0 0 0 0 0 0 0
-152.3 -836.5 2530.3 0 0 0 0 0 0 0 0 0
-245.0 107.6 2693.7 6 0.4759304821 0.1414517313 -0.8680331707 -0.2621643841 0.9649288058 0.0135004297 0.8394998312 0.2211421132 0.4963226318
-274.0 -89.8 2648.5 0.4759304821 0.1414517313 -0.8680331707 -0.2621643841 0.9649288058 0.0135004297 0.8394998312 0.2211421132 0.4963226318
-297.3 -283.0 2608.5 0.4798100591 0.1172327921 -0.8695049286 -0.2331088781 0.9724475145 0.0024781318 0.8458383679 0.2015002817 0.4939180911
-344.0 -55.7 2525.0 -0.5915073156 0.4810878038 -0.6470499039 0.7336848974 0.6539695859 -0.1844729632 0.3344032466 -0.5838478804 -0.7397946715
-187.7 -249.7 2436.6 -0.5393514037 0.4810878038 0.6911255717 -0.3042376041 0.6539695859 -0.6926494837 -0.7852002978 -0.5838478804 -0.2063544244
-203.9 -123.8 2772.0 0.3512592018 0.5825156569 -0.7330023646 -0.1765586436 0.8100546002 0.5591409206 0.9194803238 -0.0669854879 0.3873873055
-85.0 -183.6 3083.3 -0.1747838557 0.5813338757 0.7946707010 0.0358799994 0.8103189468 -0.5848895907 -0.9839528799 -0.0737164766 -0.1624889374
-371.3 -454.6 2494.6 0.7430811524 -0.6057043672 -0.2845216095 -0.1625029296 0.2491181493 -0.9547423720 0.6491711140 0.7556866407 0.0866862610
-138.8 -550.2 2204.5 0.7430811524 0.4674849808 -0.4788404405 -0.1625029296 0.8201755881 0.5485478640 0.6491711140 -0.3298026323 0.6854247451
-282.0 -497.2 2648.9 0.4635421336 -0.8768628836 -0.1274370551 -0.1175108999 0.0817159563 -0.9897038341 0.8782481551 0.4737446904 -0.0651621521
68.5 -529.8 2459.6 0.4635421336 0.5754511356 -0.6737838387 -0.1175108999 0.7936214805 0.5969557166 0.8782481551 -0.1975371838 0.4354987741
-30.9 -161.2 2664.9 0 0 0 0 0 0 0 0 0
-127.6 -174.8 2843.6 0 0 0 0 0 0 0 0 0
-317.4 -863.6 2330.6 0 0 0 0 0 0 0 0 0
-151.4 -833.0 2535.0 0 0 0 0 0 0 0 0 0
-245.6 105.6 2696.3 7 0.4611705840 0.1406630725 -0.8760910630 -0.2652853727 0.9640510678 0.0151406461 0.8467262983 0.2254317254 0.4819078445
-274.5 -92.5 2649.9 0.4611705840 0.1406630725 -0.8760910630 -0.2652853727 0.9640510678 0.0151406461 0.8467262983 0.2254317254 0.4819078445
-297.0 -285.8 2609.6 0.4654655755 0.1130566597 -0.8778154850 -0.2325015962 0.9725940228 0.0019784810 0.8539817333 0.2031725794 0.4789948761
-342.5 -58.6 2525.2 -0.5939834118 0.4547591507 -0.6636096835 0.7253028750 0.6595796943 -0.1972062588 0.3480221331 -0.5984552503 -0.7216175199
-188.2 -246.9 2434.8 -0.5577780008 0.4547591507 0.6943182349 -0.3129283786 0.6595796943 -0.6833962202 -0.7687389255 -0.5984552503 -0.2255920023
-206.5 -126.5 2774.6 0.3356027305 0.5829921365 -0.7399263382 -0.1760581732 0.8104593158 0.5587120652 0.9254049659 -0.0572352298 0.3746328950
-92.9 -186.1 3087.9 -0.1579421163 0.5819253325 0.7977576256 0.0354836881 0.8107210398 -0.5843563080 -0.9868106246 -0.0639870912 -0.1486958414
-364.6 -454.8 2490.9 0.7499342561 -0.5949851871 -0.2891215086 -0.1626432687 0.2578052282 -0.9524093866 0.6412065029 0.7612680793 0.0965666249
-143.4 -550.6 2208.0 0.7499342561 0.4516097903 -0.4833707213 -0.1626432687 0.8341526985 0.5270070434 0.6412065029 -0.3166036010 0.6990109682
-276.6 -497.5 2646.0 0.4504615664 -0.8803059459 -0.1488148272 -0.1604830921 0.0841298252 -0.9834466577 0.8782536983 0.4668871760 -0.1033769697
65.4 -530.2 2464.6 0.4504615664 0.5709744096 -0.6863473058 -0.1604830921 0.8080244064 0.5668700933 0.8782536983 -0.1452060491 0.4556156695
-24.8 -155.2 2660.1 0 0 0 0 0 0 0 0 0
-131.4 -177.5 2847.5 0 0 0 0 0 0 0 0 0
-315.9 -869.3 2328.9 0 0 0 0 0 0 0 0 0
-152.4 -838.5 2520.0 0 0 0 0 0 0 0 0 0
-246.7 102.9 2696.0 8 0.4444756210 0.1445427835 -0.8840525150 -0.2684612274 0.9630281329 0.0224808939 0.8546168804 0.2273416072 0.4668466449
-276.1 -93.0 2649.8 0.4444756210 0.1445427835 -0.8840525150 -0.2684612274 0.9630281329 0.0224808939 0.8546168804 0.2273416072 0.4668466449
-300.2 -285.8 2608.3 0.4482346773 0.1216411218 -0.8856009841 -0.2411570549 0.9704210758 0.0112332227 0.8607723117 0.2085338086 0.4643110037
-341.5 -57.8 2524.1 -0.5500972271 0.4594624043 -0.6973430514 0.7473489046 0.6434700489 -0.1655773968 0.3726428151 -0.6122422218 -0.6973498464
-201.3 -248.3 2429.1 -0.6096110344 0.4594624043 0.6459633708 -0.2728557587 0.6434700489 -0.7151895165 -0.7442607880 -0.6122422218 -0.2668995261
-210.6 -128.2 2775.5 0.3178696930 0.5938102007 -0.7391538024 -0.1832731217 0.8033663034 0.5665805340 0.9302525520 -0.0446317643 0.3641952574
-103.0 -190.3 3090.4 -0.1409447342 0.5928590298 0.7928762436 0.0407018289 0.8036638498 -0.5936899781 -0.9891804457 -0.0514059626 -0.1374026388
-362.1 -457.7 2490.9 0.7494754195 -0.5898134112 -0.3006770611 -0.1762942374 0.2599654496 -0.9493883848 0.6381276846 0.7645509243 0.0908570141
-142.4 -554.6 2206.0 0.7494754195 0.4672275484 -0.4690255821 -0.1762942374 0.8237352967 0.5388696194 0.6381276846 -0.3211830258 0.6997389197
-276.8 -500.4 2647.5 0.4464039803 -0.8812780976 -0.1551528722 -0.1909728795 0.0755656213 -0.9786823988 0.8742155433 0.4665177166 -0.1345674098
66.0 -529.8 2466.0 0.4464039803 0.5832560062 -0.6786279678 -0.1909728795 0.8030116558 0.5645366311 0.8742155433 -0.1224118769 0.4698536992
-24.0 -169.0 2645.4 0 0 0 0 0 0 0 0 0
-137.4 -180.4 2849.4 0 0 0 0 0 0 0 0 0
-320.8 -869.3 2328.7 0 0 0 0 0 0 0 0 0
-156.6 -836.3 2512.8 0 0 0 0 0 0 0 0 0
-245.8 103.4 2695.9 9 0.4446848035 0.1495395899 -0.8831157088 -0.2614470720 0.9646969438 0.0317046195 0.8566801548 0.2167894542 0.4680827558
-276.2 -92.9 2651.8 0.4446848035 0.1495395899 -0.8831157088 -0.2614470720 0.9646969438 0.0317046195 0.8566801548 0.2167894542 0.4680827558
-301.6 -286.0 2612.3 0.4483933151 0.1280455738 -0.8846173286 -0.2355779856 0.9716235399 0.0212300792 0.8622334003 0.1988769323 0.4658342004
-341.7 -58.5 2525.8 -0.5689889789 0.4608676434 -0.6810672283 0.7376673818 0.6520853043 -0.1750188172 0.3634534180 -0.6019848585 -0.7109963894
-195.0 -248.7 2432.1 -0.6224680543 0.4608676434 0.6325618625 -0.2459690124 0.6520853043 -0.7171359658 -0.7429890633 -0.6019848585 -0.2925431132
-210.7 -127.3 2777.7 0.3185617328 0.5986816883 -0.7349140048 -0.1762412786 0.7991956472 0.5746523738 0.9313739538 -0.0535400659 0.3601056039
-102.8 -187.0 3093.1 -0.1426385939 0.5977218747 0.7889124155 0.0320366509 0.7994329929 -0.5999004841 -0.9892562032 -0.0602948405 -0.1331789941
-365.5 -456.5 2488.0 0.7332904339 -0.6061314940 -0.3080418706 -0.1806928068 0.2630373538 -0.9477137923 0.6554656625 0.7506104112 0.0833591819
-136.7 -555.8 2204.7 0.7332904339 0.4867250025 -0.4747461975 -0.1806928068 0.8126391768 0.5540465713 0.6554656625 -0.3204938471 0.6838482618
-283.3 -500.8 2645.8 0.4327282906 -0.8885845542 -0.1521964520 -0.1938634664 0.0731536001 -0.9782972336 0.8804334998 0.4528422356 -0.1406084448
67.3 -529.6 2467.1 0.4327282906 0.5745712519 -0.6947042942 -0.1938634664 0.8118670583 0.5507166982 0.8804334998 -0.1036329046 0.4627062082
-14.8 -177.5 2647.2 0 0 0 0 0 0 0 0 0
-137.6 -179.2 2852.0 0 0 0 0 0 0 0 0 0
-322.6 -866.2 2327.1 0 0 0 0 0 0 0 0 0
-152.1 -839.6 2506.7 0 0 0 0 0 0 0 0 0
-243.5 105.4 2695.3 0 0.4590385556 0.1616202146 -0.8735917211 -0.2661088705 0.9631792307 0.0383646116 0.8476259112 0.2148596644 0.4851449728
-276.6 -91.7 2651.4 0.4590385556 0.1616202146 -0.8735917211 -0.2661088705 0.9631792307 0.0383646116 0.8476259112 0.2148596644 0.4851449728
-302.7 -284.8 2612.6 0.4638834894 0.1313546747 -0.8761038780 -0.2341071367 0.9719669819 0.0217713658 0.8544038534 0.1950027943 0.4816305339
-344.4 -57.5 2526.6 -0.4053427279 0.4056248367 -0.8192470670 0.7680768371 0.6370920539 -0.0645885691 0.4957370758 -0.6554251909 -0.5697916746
-246.2 -243.6 2406.5 -0.7421944737 0.4056248367 0.5334940553 -0.1889565736 0.6370920539 -0.7472677827 -0.6429951787 -0.6554251909 -0.3962007165
-208.8 -125.9 2776.1 0.3352918029 0.5974330902 -0.7284594178 -0.1747326255 0.7992371917 0.5750551820 0.9257688522 -0.0655256510 0.3723687232
-95.3 -185.0 3089.6 -0.1604006737 0.5963502526 0.7865354419 0.0304593593 0.7994641662 -0.5999410748 -0.9865819216 -0.0722735822 -0.1463990360
-368.2 -457.4 2493.7 0.7380064130 -0.6005663276 -0.3076794446 -0.1832337826 0.2604742050 -0.9479338527 0.6494396925 0.7559584975 0.0821875855
-140.0 -556.4 2206.4 0.7380064130 0.4769905210 -0.4773118496 -0.1832337826 0.8224232793 0.5385586023 0.6494396925 -0.3100000322 0.6943544149
-286.0 -500.6 2651.8 0.4514303505 -0.8831779957 -0.1273075938 -0.1533763558 0.0637476072 -0.9861094952 0.8790257573 0.4646857381 -0.1066810191
66.2 -526.0 2466.5 0.4514303505 0.5569417477 -0.6971560121 -0.1533763558 0.8181002140 0.5542452335 0.8790257573 -0.1432758719 0.4547369480
-44.1 -192.1 2581.5 0 0 0 0 0 0 0 0 0
-134.4 -177.6 2849.2 0 0 0 0 0 0 0 0 0
-322.2 -870.6 2324.8 0 0 0 0 0 0 0 0 0
-146.4 -838.2 2521.2 0 0 0 0 0 0 0 0 0
-244.1 105.6 2695.5 1 0.4644074738 0.1596163511 -0.8711190224 -0.2641724348 0.9638120532 0.0357660763 0.8453038335 0.2135156095 0.4897677898
-276.7 -91.6 2651.9 0.4644074738 0.1596163511 -0.8711190224 -0.2641724348 0.9638120532 0.0357660763 0.8453038335 0.2135156095 0.4897677898
-302.9 -284.7 2612.6 0.4685926437 0.1315657943 -0.8735624552 -0.2363567203 0.9714701176 0.0195260383 0.8512088060 0.1973226070 0.4863202274
-345.2 -57.1 2527.5 -0.3383780718 0.3569015265 -0.8707017899 0.7655199766 0.6425058246 -0.0341378190 0.5472471714 -0.6780911088 -0.4906251431
-263.9 -241.0 2396.0 -0.7855249047 0.3569015265 0.5055412054 -0.1864190400 0.6425058246 -0.7432591319 -0.5900834799 -0.6780911088 -0.4381711185
-208.3 -126.2 2776.2 0.3403250277 0.5964033604 -0.7269675732 -0.1773036718 0.7999498844 0.5732744336 0.9234404564 -0.0662056208 0.3779874742
-93.0 -186.2 3088.9 -0.1656369120 0.5952866673 0.7862558365 0.0333858691 0.8001964092 -0.5988080502 -0.9856215119 -0.0729348883 -0.1524162292
-371.3 -456.5 2495.5 0.7409874201 -0.6022434831 -0.2970529199 -0.1748519838 0.2540645003 -0.9512507319 0.6483551860 0.7568051219 0.0829551294
-141.0 -553.6 2206.1 0.7409874201 0.4670954347 -0.4824515879 -0.1748519838 0.8278712630 0.5329690576 0.6483551860 -0.3105657101 0.6951147318
-286.2 -499.4 2652.2 0.4517355263 -0.8815478086 -0.1371438205 -0.1750361323 0.0631598532 -0.9825340509 0.8748127818 0.4678506851 -0.1257711649
64.9 -524.6 2465.8 0.4517355263 0.5562576652 -0.6975044012 -0.1750361323 0.8218875527 0.5420915484 0.8748127818 -0.1227935404 0.4686410129
-53.5 -191.1 2554.1 0 0 0 0 0 0 0 0 0
-133.4 -178.1 2848.7 0 0 0 0 0 0 0 0 0
-319.5 -869.9 2324.8 0 0 0 0 0 0 0 0 0
-147.5 -838.4 2512.7 0 0 0 0 0 0 0 0 0
-244.5 106.7 2695.2 2 0.4340281487 0.1629738808 -0.8860356212 -0.2621405125 0.9637917280 0.0488654375 0.8619175553 0.2110568583 0.4610348046
-277.7 -90.0 2652.1 0.4340281487 0.1629738808 -0.8860356212 -0.2621405125 0.9637917280 0.0488654375 0.8619175553 0.2110568583 0.4610348046
-304.8 -283.3 2614.4 0.4389086664 0.1359543204 -0.8881866932 -0.2305282652 0.9724383950 0.0349322371 0.8684560657 0.1894200891 0.4581529498
-341.8 -56.4 2525.3 -0.2994081080 0.3255036175 -0.8968847394 0.7652288675 0.6433838010 -0.0219559520 0.5698943734 -0.6928958297 -0.4417190850
-271.3 -236.5 2391.1 -0.8197194934 0.3255036175 0.4712827206 -0.1732358932 0.6433838010 -0.7456853390 -0.5459389091 -0.6928958297 -0.4710053205
-213.7 -123.7 2778.9 0.3091208935 0.6069096923 -0.7321918607 -0.1690639704 0.7927052379 0.5856925249 0.9358748198 -0.0572625399 0.3476482928
-109.0 -180.9 3095.6 -0.1341735721 0.6060021520 0.7840656042 0.0224930495 0.7928785086 -0.6089645028 -0.9907025099 -0.0640709177 -0.1200141832
-372.0 -456.1 2495.4 0.7424245477 -0.6063691378 -0.2848196626 -0.1636078060 0.2481654435 -0.9548017383 0.6496447325 0.7554669976 0.0850373954
-139.5 -551.2 2205.7 0.7424245477 0.4644624591 -0.4827840030 -0.1636078060 0.8245319128 0.5416452885 0.6496447325 -0.3231435120 0.6881424189
-286.0 -499.4 2651.5 0.4526640773 -0.8822377324 -0.1294289976 -0.1563006043 0.0643982664 -0.9856079221 0.8778755069 0.4663791358 -0.1087435037
67.2 -525.2 2464.8 0.4526640773 0.5626205802 -0.6917755008 -0.1563006043 0.8138636351 0.5596392751 0.8778755069 -0.1452036798 0.4563447535
-53.0 -190.4 2536.5 0 0 0 0 0 0 0 0 0
-141.7 -175.4 2854.3 0 0 0 0 0 0 0 0 0
-317.0 -866.2 2329.2 0 0 0 0 0 0 0 0 0
-147.7 -836.0 2520.2 0 0 0 0 0 0 0 0 0
-244.3 107.0 2695.0 3 0.4346554875 0.1595684588 -0.8863478303 -0.2529867589 0.9661830664 0.0498791263 0.8643334508 0.2025540322 0.4603255093
-276.8 -89.8 2653.7 0.4346554875 0.1595684588 -0.8863478303 -0.2529867589 0.9661830664 0.0498791263 0.8643334508 0.2025540322 0.4603255093
-303.1 -283.4 2617.4 0.4391975999 0.1320882291 -0.8886271119 -0.2227674872 0.9742532969 0.0347147286 0.8703333139 0.1827106029 0.4573146701
-341.0 -57.3 2526.6 -0.2670656145 0.3179851770 -0.9097040296 0.7708946466 0.6369521618 -0.0036694470 0.5782710910 -0.7022659183 -0.4152410924
-278.2 -238.4 2390.7 -0.8384729028 0.3179851770 0.4425479174 -0.1568174213 0.6369521618 -0.7547849417 -0.5218922496 -0.7022659183 -0.4842014611
-212.7 -122.3 2780.8 0.3091009557 0.6039208174 -0.7346674800 -0.1614013314 0.7946030498 0.5852825046 0.9372332692 -0.0623350628 0.3430861831
-108.0 -177.0 3098.1 -0.1335389167 0.6030218005 0.7864680886 0.0151519505 0.7947252393 -0.6067802310 -0.9909277558 -0.0691122413 -0.1152637005
-372.1 -455.4 2497.2 0.7437027693 -0.6049382091 -0.2845276296 -0.1649881452 0.2463573664 -0.9550324678 0.6478310823 0.7572039366 0.0834090114
-138.8 -550.3 2205.3 0.7437027693 0.4673697948 -0.4779871404 -0.1649881452 0.8212062716 0.5462592244 0.6478310823 -0.3273922801 0.6878438592
-291.6 -497.6 2656.4 0.4524018168 -0.8799695969 -0.1448657513 -0.1671764553 0.0758804455 -0.9830026627 0.8760049343 0.4689303339 -0.1127817407
64.6 -528.3 2466.6 0.4524018168 0.5556277633 -0.6975746155 -0.1671764553 0.8211677074 0.5456515551 0.8760049343 -0.1302357018 0.4643856585
-55.0 -196.6 2529.7 0 0 0 0 0 0 0 0 0
-140.6 -173.3 2856.6 0 0 0 0 0 0 0 0 0
-317.4 -864.1 2330.4 0 0 0 0 0 0 0 0 0
-147.7 -842.0 2516.3 0 0 0 0 0 0 0 0 0
-245.5 106.7 2695.4 4 0.4389616251 0.1530544907 -0.8853739500 -0.2490576953 0.9674990177 0.0437705480 0.8632977009 0.2012955993 0.4628143311
-276.6 -90.2 2654.4 0.4389616251 0.1530544907 -0.8853739500 -0.2490576953 0.9674990177 0.0437705480 0.8632977009 0.2012955993 0.4628143311
-302.6 -283.8 2618.1 0.4429089129 0.1307931244 -0.8869751096 -0.2220517099 0.9744824767 0.0328159444 0.8686338067 0.1824198663 0.4606498182
-341.3 -57.8 2527.5 -0.2481027097 0.3249423504 -0.9126102924 0.7748371363 0.6319972873 0.0143801812 0.5814399719 -0.7035565972 -0.4085776508
-283.1 -239.5 2391.1 -0.8480396271 0.3249423504 0.4186182320 -0.1345753968 0.6319972873 -0.7631964684 -0.5125604868 -0.7035565972 -0.4922295213
-211.9 -122.6 2781.3 0.3129321337 0.6020773053 -0.7345586419 -0.1609970480 0.7958362699 0.5837162137 0.9360306859 -0.0644017830 0.3459753990
-105.9 -177.1 3098.2 -0.1372731477 0.6011543274 0.7872544527 0.0151272677 0.7959580421 -0.6051627398 -0.9904177189 -0.0711635873 -0.1183574870
-369.6 -456.6 2501.3 0.7489663959 -0.5972388387 -0.2869757116 -0.1740121394 0.2406116575 -0.9548956752 0.6393505335 0.7651220560 0.0762832314
-138.3 -549.8 2204.9 0.7489663959 0.4684196413 -0.4686495066 -0.1740121394 0.8215024471 0.5430041552 0.6393505335 -0.3251411617 0.6967884302
-289.1 -497.4 2660.9 0.4767356515 -0.8684930205 -0.1358050257 -0.1393709779 0.0778591782 -0.9871745706 0.8679279089 0.4895486236 -0.0839244723
65.2 -529.2 2461.2 0.4767356515 0.5646556020 -0.6737114787 -0.1393709779 0.8052696586 0.5762954950 0.8679279089 -0.1808447987 0.4625973701
-57.4 -203.7 2527.5 0 0 0 0 0 0 0 0 0
-139.4 -173.5 2856.9 0 0 0 0 0 0 0 0 0
-317.3 -863.7 2329.2 0 0 0 0 0 0 0 0 0
-150.2 -836.4 2530.2 0 0 0 0 0 0 0 0 0
-245.2 105.9 2695.6 5 0.4481683373 0.1469371766 -0.8817905784 -0.2619738281 0.9646801949 0.0276018009 0.8547016382 0.2186357975 0.4708328247
-275.2 -90.9 2650.9 0.4481683373 0.1469371766 -0.8817905784 -0.2619738281 0.9646801949 0.0276018009 0.8547016382 0.2186357975 0.4708328247
-299.8 -284.0 2611.2 0.4520169795 0.1237553954 -0.8833828568 -0.2344386876 0.9719957709 0.0162097886 0.8606504202 0.1997720152 0.4683716297
-341.2 -56.7 2525.2 -0.2299563140 0.3429228067 -0.9107820988 0.7798196077 0.6248275042 0.0383661017 0.5822383165 -0.7014232278 -0.4111009538
-287.2 -240.1 2388.3 -0.8543431163 0.3429228067 0.3905148208 -0.1029665694 0.6248275042 -0.7739434242 -0.5094072223 -0.7014232278 -0.4985074997
-209.2 -125.2 2776.6 0.3221647441 0.5944964290 -0.7367386818 -0.1757813096 0.8022633195 0.5705037117 0.9302208424 -0.0542913005 0.3629623055
-100.1 -184.7 3091.6 -0.1456913054 0.5935184956 0.7915237546 0.0325619392 0.8025035858 -0.5957581401 -0.9887940884 -0.0610232279 -0.1362438947
-369.2 -457.1 2502.2 0.7537529469 -0.5905229449 -0.2883386910 -0.1710683256 0.2473214716 -0.9537125826 0.6345015168 0.7681892514 0.0853995085
-143.3 -551.8 2208.3 0.7537529469 0.4580714107 -0.4711975157 -0.1710683256 0.8290733695 0.5323278308 0.6345015168 -0.3206366897 0.7032780051
-288.0 -497.8 2661.5 0.4721303880 -0.8706647754 -0.1379699111 -0.1342249960 0.0836846754 -0.9874110222 0.8712499738 0.4847057760 -0.0773549005
62.3 -531.5 2466.6 0.4721303880 0.5580203533 -0.6824266911 -0.1342249960 0.8106198311 0.5699816942 0.8712499738 -0.1775069535 0.4576185644
-58.4 -212.5 2524.8 0 0 0 0 0 0 0 0 0
-135.6 -176.7 2850.7 0 0 0 0 0 0 0 0 0
-318.3 -868.5 2330.8 0 0 0 0 0 0 0 0 0
-150.8 -841.0 2534.3 0 0 0 0 0 0 0 0 0
-244.2 106.0 2695.2 6 0.4647418559 0.1515873820 -0.8723739386 -0.2663677633 0.9635334611 0.0255249105 0.8444306850 0.2205097824 0.4881723225
-275.3 -92.0 2649.9 0.4647418559 0.1515873820 -0.8723739386 -0.2663677633 0.9635334611 0.0255249105 0.8444306850 0.2205097824 0.4881723225
-300.2 -285.0 2609.8 0.4689199626 0.1251715869 -0.8743261099 -0.2371569574 0.9713987708 0.0118764453 0.8508058786 0.2017834187 0.4851935804
-343.8 -57.3 2525.6 -0.2146181315 0.3449283540 -0.9137633443 0.7745984197 0.6299805045 0.0558736138 0.5949254632 -0.6958081722 -0.4023861885
-293.2 -240.0 2385.3 -0.8597816825 0.3449283540 0.3765633404 -0.0853403211 0.6299805045 -0.7719078064 -0.5034804344 -0.6958081722 -0.5122093558
-206.8 -126.6 2774.1 0.3402289748 0.5914143920 -0.7310767770 -0.1791799217 0.8039870262 0.5670092106 0.9231136441 -0.0619186759 0.3795092404
-91.6 -187.3 3086.6 -0.1645587236 0.5903045535 0.7902284265 0.0366450138 0.8042559624 -0.5931521654 -0.9856863618 -0.0686504319 -0.1539790481
-365.9 -455.7 2492.6 0.7494447231 -0.5954890251 -0.2893534005 -0.1626215279 0.2580841184 -0.9523375630 0.6417840719 0.7607795000 0.0965804532
-141.0 -553.1 2205.3 0.7494447231 0.4618388414 -0.4743811488 -0.1626215279 0.8229761720 0.5443018079 0.6417840719 -0.3307795227 0.6918801069
-283.0 -498.6 2650.5 0.4613314569 -0.8777346611 -0.1294418573 -0.1233823821 0.0810084566 -0.9890472293 0.8786069155 0.4722494483 -0.0709252432
61.7 -530.5 2465.0 0.4613314569 0.5568090081 -0.6907510161 -0.1233823821 0.8112474084 0.5715368986 0.8786069155 -0.1784414351 0.4429543912
-60.7 -216.9 2521.5 0 0 0 0 0 0 0 0 0
-131.7 -178.3 2846.5 0 0 0 0 0 0 0 0 0
-317.5 -867.6 2331.7 0 0 0 0 0 0 0 0 0
-151.0 -840.3 2533.2 0 0 0 0 0 0 0 0 0
-244.3 106.8 2695.5 7 0.4594346881 0.1432738602 -0.8765799403 -0.2609429359 0.9651262164 0.0209805388 0.8490162492 0.2190981358 0.4807987809
-273.8 -92.0 2650.3 0.4594346881 0.1432738602 -0.8765799403 -0.2609429359 0.9651262164 0.0209805388 0.8490162492 0.2190981358 0.4807987809
-297.6 -285.0 2609.7 0.4626736045 0.1197707951 -0.8784008622 -0.2370975167 0.9714563489 0.0075743734 0.8542352915 0.2047622055 0.4778645635
-341.4 -57.3 2525.6 -0.2044093758 0.3541731238 -0.9125668406 0.7741506100 0.6290375590 0.0707285851 0.5990889668 -0.6920065880 -0.4027645290
-293.2 -240.0 2384.2 -0.8568998575 0.3541731238 0.3745451272 -0.0780740306 0.6290375590 -0.7734443545 -0.5095361471 -0.6920065880 -0.5113704801
-206.2 -126.6 2775.1 0.3331336975 0.5888596773 -0.7363872528 -0.1798005104 0.8063409328 0.5634590387 0.9255775213 -0.0553044006 0.3744966090
-93.4 -187.5 3088.5 -0.1564022601 0.5878062844 0.7937393188 0.0380644463 0.8066194057 -0.5898442268 -0.9869596958 -0.0620397218 -0.1485316157
-368.1 -456.3 2491.7 0.7434310913 -0.6031542420 -0.2889899015 -0.1679762155 0.2498571724 -0.9536013007 0.6473748684 0.7574802637 0.0844360292
-138.9 -551.2 2203.9 0.7434310913 0.4725500345 -0.4732934535 -0.1679762155 0.8169044852 0.5517708063 0.6473748684 -0.3307015300 0.6866893768
-282.1 -499.7 2647.7 0.4440304935 -0.8854161501 -0.1373870820 -0.1516393274 0.0768617615 -0.9854429364 0.8830868602 0.4584000111 -0.1001349390
63.6 -529.8 2468.7 0.4440304935 0.5664455295 -0.6942451596 -0.1516393274 0.8111472726 0.5648412108 0.8830868602 -0.1455318481 0.4460695684
-58.9 -218.7 2523.4 0 0 0 0 0 0 0 0 0
-131.5 -178.2 2848.0 0 0 0 0 0 0 0 0 0
-319.5 -863.3 2330.3 0 0 0 0 0 0 0 0 0
-152.7 -839.5 2524.3 0 0 0 0 0 0 0 0 0
-244.8 105.9 2696.6 8 0.4708319604 0.1364887208 -0.8716008663 -0.2659883499 0.9639488459 0.0072651724 0.8411703110 0.2284150124 0.4901623428
-272.9 -92.4 2649.6 0.4708319604 0.1364887208 -0.8716008663 -0.2659883499 0.9639488459 0.0072651724 0.8411703110 0.2284150124 0.4901623428
-295.3 -285.1 2606.9 0.4738357365 0.1127924323 -0.8733599186 -0.2426837981 0.9700844288 -0.0063823257 0.8465130329 0.2149744779 0.4870335758
-342.1 -56.9 2526.0 -0.1978955269 0.3459264934 -0.9171544313 0.7717090249 0.6319068074 0.0718260035 0.6044026613 -0.6935622692 -0.3920061290
-295.3 -239.6 2382.9 -0.8629637957 0.3459264934 0.3682776093 -0.0758636072 0.6319068074 -0.7713225484 -0.4995380342 -0.6935622692 -0.5190694332
-203.7 -127.8 2773.3 0.3445526958 0.5806255341 -0.7376702428 -0.1873963624 0.8125111461 0.5520038605 0.9198728204 -0.0519576892 0.3887600303
-87.0 -191.3 3084.8 -0.1671612561 0.5794991851 0.7976451516 0.0480901003 0.8128579259 -0.5804733038 -0.9847560525 -0.0586738177 -0.1637465358
-363.9 -456.3 2490.6 0.7505626082 -0.5935285687 -0.2904818058 -0.1660949439 0.2560268641 -0.9522933960 0.6395844817 0.7630033493 0.0935821012
-140.6 -552.6 2203.7 0.7505626082 0.4652031958 -0.4692992568 -0.1660949439 0.8202133179 0.5474144816 0.6395844817 -0.3329205811 0.6928893328
-279.0 -499.8 2647.3 0.4474492967 -0.8841397762 -0.1344840080 -0.1476108730 0.0753007159 -0.9861748219 0.8820431828 0.4611145556 -0.0968153924
65.0 -529.1 2467.9 0.4474492967 0.5631237626 -0.6947522759 -0.1476108730 0.8127079010 0.5636638403 0.8820431828 -0.1496579945 0.4467687607
-56.6 -218.6 2521.1 0 0 0 0 0 0 0 0 0
-127.7 -179.5 2844.8 0 0 0 0 0 0 0 0 0
-318.4 -866.0 2330.9 0 0 0 0 0 0 0 0 0
-150.2 -839.5 2525.1 0 0 0 0 0 0 0 0 0
-245.9 105.9 2695.7 9 0.4799250960 0.1338986456 -0.8670311570 -0.2616032958 0.9651661515 0.0042495169 0.8373981118 0.2247787565 0.4982357621
-273.4 -92.5 2649.5 0.4799250960 0.1338986456 -0.8670311570 -0.2616032958 0.9651661515 0.0042495169 0.8373981118 0.2247787565 0.4982357621
-295.6 -285.5 2607.6 0.4828633666 0.1114212424 -0.8685783148 -0.2384114861 0.9711316228 -0.0079618450 0.8426167369 0.2109235227 0.4954879880
-343.9 -57.7 2526.4 -0.1954708695 0.3456897438 -0.9177634716 0.7662675381 0.6378833055 0.0770642310 0.6120663285 -0.6881885529 -0.3895784318
-297.8 -238.5 2382.0 -0.8644226193 0.3456897438 0.3650645912 -0.0688469931 0.6378833055 -0.7670494914 -0.4980297685 -0.6881885529 -0.5276010633
-202.9 -127.4 2772.6 0.3540725410 0.5772212744 -0.7358316779 -0.1833862215 0.8143798113 0.5505951047 0.9170616865 -0.0600092150 0.3942039609
-83.0 -189.5 3083.1 -0.1768134087 0.5760285258 0.7980777621 0.0444947705 0.8147023320 -0.5781698227 -0.9832381606 -0.0667178929 -0.1696805507
-361.2 -455.6 2486.6 0.7339590192 -0.6157374382 -0.2866558731 -0.1809270829 0.2295540869 -0.9563316703 0.6546522379 0.7537720799 0.0570797175
-131.3 -541.3 2205.2 0.7339590192 0.4831942916 -0.4773127437 -0.1809270829 0.8164649606 0.5483158827 0.6546522379 -0.3160825968 0.6866747737
-274.3 -500.1 2641.8 0.4390718639 -0.8874517083 -0.1401619017 -0.1681100428 0.0720993578 -0.9831280112 0.8825842142 0.4552264810 -0.1175327525
62.0 -527.4 2469.3 0.4390718639 0.5476049781 -0.7122813463 -0.1681100428 0.8288591504 0.5336023569 0.8825842142 -0.1145481318 0.4559866488
-55.8 -219.3 2521.4 0 0 0 0 0 0 0 0 0
-126.1 -178.6 2843.5 0 0 0 0 0 0 0 0 0
-315.9 -853.2 2325.9 0 0 0 0 0 0 0 0 0
-147.0 -843.8 2513.0 0 0 0 0 0 0 0 0 0
-245.3 106.3 2695.2 0 0.4800243080 0.1434037983 -0.8654547930 -0.2610126138 0.9652162790 0.0151634496 0.8375255466 0.2186158001 0.5007575154
-274.6 -91.0 2650.6 0.4800243080 0.1434037983 -0.8654547930 -0.2610126138 0.9652162790 0.0151634496 0.8375255466 0.2186158001 0.5007575154
-297.7 -284.3 2611.0 0.4841069281 0.1158730686 -0.8673026562 -0.2304920107 0.9730733037 0.0013492443 0.8441053629 0.1992531568 0.4977793396
-345.4 -57.3 2527.3 -0.1892691255 0.3456370533 -0.9190822840 0.7664409280 0.6370907426 0.0817538947 0.6137959361 -0.6889488101 -0.3854919970
-300.8 -238.0 2382.6 -0.8671489358 0.3456370533 0.3585914075 -0.0637147278 0.6370907426 -0.7681509256 -0.4939566851 -0.6889488101 -0.5304303765
-203.9 -124.6 2773.9 0.3557553887 0.5803300738 -0.7325674891 -0.1741009504 0.8112788200 0.5581358075 0.9182194471 -0.0710191131 0.3896528184
-83.4 -183.6 3084.8 -0.1792243272 0.5791226029 0.7952959538 0.0337354355 0.8115274310 -0.5833396316 -0.9832296371 -0.0777189955 -0.1649824083
-362.0 -456.6 2488.4 0.7357634306 -0.6060680747 -0.3022145629 -0.1908313036 0.2426282465 -0.9511650205 0.6497965455 0.7575044632 0.0628602356
-135.6 -547.2 2205.5 0.7357634306 0.4845831096 -0.4731082022 -0.1908313036 0.8186221123 0.5417022109 0.6497965455 -0.3082808256 0.6947858334
-273.4 -500.3 2642.9 0.4476706684 -0.8844627738 -0.1315924525 -0.1483887285 0.0716416687 -0.9863306880 0.8818002939 0.4610781670 -0.0991724357
65.3 -527.8 2466.3 0.4476706684 0.5588433146 -0.6980581284 -0.1483887285 0.8162565827 0.5583063364 0.8818002939 -0.1463533938 0.4483401775
-56.0 -220.0 2522.0 0 0 0 0 0 0 0 0 0
-127.1 -175.4 2845.2 0 0 0 0 0 0 0 0 0
-320.8 -860.0 2323.3 0 0 0 0 0 0 0 0 0
-148.0 -839.3 2522.2 0 0 0 0 0 0 0 0 0
-244.0 109.3 2696.0 1 0.4863046110 0.1511961669 -0.8606088161 -0.2618713975 0.9648624659 0.0215361863 0.8336253166 0.2148956954 0.5088109970
-274.9 -88.2 2652.0 0.4863046110 0.1511961669 -0.8606088161 -0.2618713975 0.9648624659 0.0215361863 0.8336253166 0.2148956954 0.5088109970
-299.8 -281.5 2613.1 0.4905431569 0.1248682439 -0.8624240756 -0.2321238667 0.9726464748 0.0087959943 0.8399320841 0.1958743930 0.5061099529
-346.6 -54.3 2529.3 -0.1829203665 0.3375260830 -0.9233722091 0.7692613602 0.6339872479 0.0793544054 0.6121903658 -0.6957990527 -0.3756149411
-303.1 -237.4 2383.6 -0.8738991022 0.3375260830 0.3498234749 -0.0636554733 0.6339872479 -0.7707192302 -0.4819214642 -0.6957990527 -0.5325555205
-203.3 -122.1 2774.7 0.3632969260 0.5855242014 -0.7246907949 -0.1746749580 0.8068512678 0.5643400550 0.9151524305 -0.0784376785 0.3954029977
-80.3 -181.3 3084.6 -0.1884368956 0.5842534304 0.7893918157 0.0328802839 0.8070940971 -0.5895065665 -0.9815347195 -0.0851293579 -0.1712967306
-365.1 -456.5 2494.0 0.7429253459 -0.5997664928 -0.2972238958 -0.1822985858 0.2459587753 -0.9519829154 0.6440722942 0.7614357471 0.0733924285
-138.0 -549.7 2205.7 0.7429253459 0.4771226346 -0.4694847465 -0.1822985858 0.8190851212 0.5439363718 0.6440722942 -0.3185177147 0.6954979300
-276.3 -498.8 2648.8 0.4594385326 -0.8789681792 -0.1277933866 -0.1432901770 0.0686452761 -0.9872971773 0.8765752316 0.4719139338 -0.0944092274
67.5 -525.7 2464.2 0.4594385326 0.5666198730 -0.6840015650 -0.1432901770 0.8072861433 0.5725006461 0.8765752316 -0.1650181562 0.4520894289
-55.2 -219.3 2520.3 0 0 0 0 0 0 0 0 0
-126.2 -173.3 2845.4 0 0 0 0 0 0 0 0 0
-320.3 -862.6 2327.4 0 0 0 0 0 0 0 0 0
-148.9 -833.9 2527.2 0 0 0 0 0 0 0 0 0
