181.9 282.4 2573.5 73 0.6839168072 0.3216346502 -0.6548350453 -0.3086962104 0.9408444762 0.1397079676 0.6610328555 0.1065964550 0.7427467704
118.3 96.3 2552.4 0.6839168072 0.3216346502 -0.6548350453 -0.3086962104 0.9408444762 0.1397079676 0.6610328555 0.1065964550 0.7427467704
59.7 -87.6 2532.1 0.6894347072 0.3014579713 -0.6586371064 -0.2919710875 0.9477984309 0.1281834841 0.6628971696 0.1039288491 0.7414621711
24.3 136.1 2462.0 0.3554648459 0.0927949548 -0.9300719500 0.8683961630 0.3352784812 0.3653442860 0.3457352221 -0.9375379682 0.0385969318
-84.6 -130.0 2356.0 -0.0600475557 0.0927138403 -0.9938805103 0.9413203001 0.3365516067 -0.0254768953 0.3321300149 -0.9370897412 -0.1074825302
212.3 56.5 2642.8 -0.1962872744 0.8933326006 -0.4042624831 -0.9505187273 -0.2746004164 -0.1452887058 -0.2408017814 0.3557407260 0.9030299187
163.5 -180.0 2582.9 0.1293143928 0.8905234933 -0.4361715913 -0.9402565360 -0.0295908432 -0.3391785324 -0.3149531484 0.4539738595 0.8334940076
-70.4 -249.8 2442.3 0.4079920650 -0.1578908265 -0.8992291093 0.0069185626 0.9854389429 -0.1698888987 0.9129592776 0.0630919486 0.4031436443
-9.2 -631.8 2417.8 0.3576538563 0.3112889230 -0.8804447055 -0.1672072411 0.9489178658 0.2675753534 0.9187629819 0.0515173823 0.3914339244
57.5 -298.6 2559.1 0.3613151312 -0.1841744184 -0.9140739441 0.2149813771 0.9703428149 -0.1105340570 0.9073226452 -0.1565712541 0.3901936412
128.7 -673.5 2619.6 0.3757159412 -0.0678794831 -0.9242455959 0.0664784834 0.9967187047 -0.0461779125 0.9243474007 -0.0440926664 0.3789956272
-68.4 -384.5 2266.2 0 0 0 0 0 0 0 0 0
198.4 -434.0 2497.8 0 0 0 0 0 0 0 0 0
-125.1 -985.3 2398.6 0 0 0 0 0 0 0 0 0
154.0 -1045.3 2636.0 0 0 0 0 0 0 0 0 0
195.8 280.1 2595.7 74 0.6673822403 0.3086096048 -0.6777617931 -0.3030985594 0.9438676834 0.1313205361 0.6802442074 0.1177876145 0.7234596610
134.7 93.2 2572.4 0.6673822403 0.3086096048 -0.6777617931 -0.3030985594 0.9438676834 0.1313205361 0.6802442074 0.1177876145 0.7234596610
79.8 -91.5 2549.3 0.6728835702 0.2830165029 -0.6834686399 -0.2854723930 0.9516976476 0.1130358428 0.6824464798 0.1190514714 0.7211751342
42.9 132.1 2479.2 0.3761674464 0.1131562591 -0.9196160436 0.8573192358 0.3339397311 0.3917753994 0.3514281809 -0.9357777238 0.0286062118
-65.3 -114.5 2378.1 -0.0143771600 0.1133982763 -0.9934455752 0.9474937320 0.3189679086 0.0226969086 0.3194510639 -0.9409571290 -0.1120300069
226.5 54.2 2665.5 -0.1735833585 0.8859950304 -0.4299786687 -0.9518812299 -0.2629146576 -0.1574736983 -0.2525686026 0.3819538057 0.8889996409
183.3 -182.6 2602.7 0.1539764553 0.8762345910 -0.4566225410 -0.9360471964 -0.0186244566 -0.3513813019 -0.3163968027 0.4815246761 0.8173292279
-60.4 -245.4 2452.8 -0.0641356185 -0.1738059223 -0.9826892018 -0.0836418718 0.9821879268 -0.1682583392 0.9944298267 0.0714026093 -0.0775306821
7.0 -626.4 2425.1 -0.0641356185 0.3434274495 -0.9369867444 -0.0836418718 0.9337662458 0.3479722142 0.9944298267 0.1006887406 -0.0311627630
63.1 -297.5 2572.1 0.3319371939 -0.1699008793 -0.9278746843 0.2005799860 0.9738640785 -0.1065665558 0.9217295647 -0.1507396847 0.3573404253
128.9 -674.6 2630.5 0.3492150009 -0.0707827210 -0.9343653917 0.0302275661 0.9974749088 -0.0642661452 0.9365549684 -0.0058008889 0.3504728079
-61.5 -369.5 2292.2 0 0 0 0 0 0 0 0 0
224.9 -435.5 2517.2 0 0 0 0 0 0 0 0 0
-120.8 -974.0 2387.6 0 0 0 0 0 0 0 0 0
155.3 -1046.6 2632.7 0 0 0 0 0 0 0 0 0
207.7 280.3 2616.3 75 0.6139557362 0.3019756973 -0.7292935252 -0.2943274379 0.9448757768 0.1434614211 0.7324136496 0.1265721470 0.6689916253
148.0 93.7 2591.4 0.6139557362 0.3019756973 -0.7292935252 -0.2943274379 0.9448757768 0.1434614211 0.7324136496 0.1265721470 0.6689916253
94.7 -91.1 2565.9 0.6186114550 0.2744376063 -0.7362090945 -0.2790006697 0.9526758194 0.1206954196 0.7344920039 0.1307392567 0.6659044623
63.7 131.8 2491.2 0.4004089236 0.1707945764 -0.9002788067 0.8516701460 0.2931688726 0.4344076216 0.3381281793 -0.9406812787 -0.0280732233
-50.2 -110.5 2395.0 0.0014989387 0.1708072126 -0.9853033423 0.9527315497 0.2991013825 0.0533000939 0.3038096428 -0.9388095140 -0.1622850895
232.4 55.6 2691.5 -0.1551622152 0.8540014625 -0.4965946376 -0.9542682767 -0.2595947087 -0.1482655704 -0.2555323541 0.4508792758 0.8552257419
193.8 -181.8 2628.0 0.1763261706 0.8370265365 -0.5179725885 -0.9392746091 -0.0143096475 -0.3428680301 -0.2944016457 0.5469751358 0.7836745977
-35.3 -250.6 2465.2 -0.1314530522 -0.1333574355 -0.9823114872 -0.1260459274 0.9851160645 -0.1168706939 0.9832764268 0.1084533483 -0.1463056803
16.4 -632.3 2423.2 -0.1077149585 0.3552125096 -0.9285588861 -0.0634217709 0.9296355247 0.3629814386 0.9921568036 0.0979893804 -0.0776074454
85.2 -301.7 2587.7 0.2679495513 -0.1233519465 -0.9555037022 0.1618595719 0.9834368825 -0.0815681368 0.9497391582 -0.1328012794 0.2834771872
133.0 -682.5 2639.2 0.2815560699 -0.0559627973 -0.9579114318 -0.0078846216 0.9981291890 -0.0606298894 0.9595124125 0.0246234816 0.2805880606
-50.6 -366.5 2313.4 0 0 0 0 0 0 0 0 0
241.4 -435.5 2548.4 0 0 0 0 0 0 0 0 0
-116.0 -978.8 2386.7 0 0 0 0 0 0 0 0 0
153.8 -1054.7 2630.0 0 0 0 0 0 0 0 0 0
221.1 274.9 2627.7 76 0.6168372631 0.3052232563 -0.7255002260 -0.3047150075 0.9424762726 0.1374308318 0.7257138491 0.1362983584 0.6743605733
160.8 88.9 2600.8 0.6168372631 0.3052232563 -0.7255002260 -0.3047150075 0.9424762726 0.1374308318 0.7257138491 0.1362983584 0.6743605733
106.8 -95.5 2573.8 0.6218564510 0.2780859470 -0.7320947647 -0.2884269953 0.9504455924 0.1160305738 0.7280827165 0.1390015483 0.6712481976
76.0 128.4 2501.4 0.3810205162 0.1587378979 -0.9108378887 0.8653728366 0.2856051922 0.4117760062 0.3255044818 -0.9451094866 -0.0285460260
-33.2 -119.5 2408.2 -0.0082723293 0.1586505622 -0.9873001575 0.9540512562 0.2969976664 0.0397312008 0.2995292246 -0.9416062832 -0.1538176388
245.7 49.5 2700.1 -0.1595167369 0.8557128310 -0.4922498763 -0.9511087537 -0.2668031752 -0.1555899531 -0.2644741535 0.4433639348 0.8564355373
206.0 -187.1 2634.3 0.1717932224 0.8400287032 -0.5146249533 -0.9367122054 -0.0224730410 -0.3493783176 -0.3050530255 0.5420762897 0.7830044627
-13.7 -251.1 2475.1 -0.1239859909 -0.1152824014 -0.9855645299 -0.1546208709 0.9833405614 -0.0955706462 0.9801631570 0.1405394226 -0.1397455186
31.0 -632.2 2420.6 -0.0845041350 0.3860653341 -0.9185927510 -0.0599573925 0.9182496071 0.3914367855 0.9946175814 0.0881544575 -0.0544484220
96.8 -301.0 2606.4 0.2767403722 -0.1040454507 -0.9552953839 0.1250910610 0.9895626903 -0.0715399086 0.9527680874 -0.0997009352 0.2868671119
137.1 -684.4 2645.0 0.2845421731 -0.0403081328 -0.9578157663 -0.0067252922 0.9990071654 -0.0440395139 0.9586399198 0.0189726893 0.2839885652
-30.9 -376.4 2327.5 0 0 0 0 0 0 0 0 0
252.4 -440.1 2551.9 0 0 0 0 0 0 0 0 0
-112.9 -974.6 2387.7 0 0 0 0 0 0 0 0 0
152.1 -1057.1 2637.9 0 0 0 0 0 0 0 0 0
237.6 277.4 2640.8 77 0.6324859858 0.3184374869 -0.7060871720 -0.3270856738 0.9361222982 0.1291899234 0.7021228075 0.1492401659 0.6962405443
174.8 92.9 2611.4 0.6324859858 0.3184374869 -0.7060871720 -0.3270856738 0.9361222982 0.1291899234 0.7021228075 0.1492401659 0.6962405443
117.0 -90.1 2582.7 0.6374470592 0.2978467643 -0.7105973363 -0.3119582236 0.9430568814 0.1154374778 0.7045163512 0.1480914056 0.6940645576
87.9 135.5 2515.2 0.3696910739 0.1276002377 -0.9203513861 0.8765569925 0.2806423306 0.3910086155 0.3081823587 -0.9512928128 -0.0080979113
-19.4 -118.9 2425.8 -0.0292619485 0.1263825893 -0.9915499091 0.9457176328 0.3247098625 0.0134780221 0.3236694336 -0.9373317957 -0.1290238798
261.8 50.3 2707.6 -0.1829331219 0.8634156585 -0.4701583087 -0.9433184862 -0.2888582051 -0.1634353846 -0.2769217491 0.4136112928 0.8673177361
216.3 -184.4 2638.7 0.1472792476 0.8546558619 -0.4978675842 -0.9335582256 -0.0461794026 -0.3554383814 -0.3267687261 0.5171371102 0.7910698056
-2.7 -254.2 2481.7 0.2132629156 -0.1232001185 -0.9691959023 -0.1463599950 0.9767941236 -0.1563711911 0.9659698009 0.1751996875 0.1902824044
45.1 -632.8 2413.8 0.2132629156 0.3944416344 -0.8938314915 -0.1463599950 0.9174527526 0.3699449003 0.9659698009 0.0519256443 0.2533891201
108.5 -305.8 2612.0 0.3044104874 -0.0753932968 -0.9495525956 0.1203449070 0.9919188023 -0.0401765816 0.9449081421 -0.1020436436 0.3110237122
137.8 -690.3 2651.6 0.3150111139 -0.0538743474 -0.9475576878 -0.0190892499 0.9978259802 -0.0630785376 0.9488959908 0.0379586034 0.3132978380
-11.5 -373.6 2338.6 0 0 0 0 0 0 0 0 0
256.1 -436.6 2550.4 0 0 0 0 0 0 0 0 0
-102.0 -974.9 2394.4 0 0 0 0 0 0 0 0 0
157.9 -1062.6 2637.4 0 0 0 0 0 0 0 0 0
249.7 273.6 2657.9 78 0.5874706507 0.3149664104 -0.7454357147 -0.3131285310 0.9378698468 0.1495013982 0.7462096214 0.1455895156 0.6495959759
187.6 88.7 2629.2 0.5874706507 0.3149664104 -0.7454357147 -0.3131285310 0.9378698468 0.1495013982 0.7462096214 0.1455895156 0.6495959759
129.8 -94.5 2601.8 0.5923266411 0.2974019051 -0.7487998605 -0.2982030511 0.9443034530 0.1391613930 0.7484811544 0.1408654004 0.6480222940
106.9 129.4 2527.1 0.3986417949 0.1889946312 -0.8974217176 0.8601143956 0.2625292838 0.4373575449 0.3182577193 -0.9462343454 -0.0579018556
-2.7 -107.0 2439.6 -0.0628560409 0.1845331043 -0.9808142781 0.9406487942 0.3393628299 0.0035666476 0.3335100710 -0.9223775864 -0.1949118525
268.4 48.0 2731.3 -0.1751718372 0.8350937366 -0.5214721560 -0.9488455653 -0.2845187187 -0.1368985474 -0.2626917064 0.4708157778 0.8422146440
224.8 -188.0 2665.9 0.1574631631 0.8225504160 -0.5464578271 -0.9429507852 -0.0391367413 -0.3306238055 -0.2933413088 0.5673438907 0.7694619894
2.2 -245.2 2491.0 0.3066756129 -0.1674066782 -0.9369765520 -0.1582660973 0.9617383480 -0.2236318141 0.9385637641 0.2168740481 0.2684468925
67.0 -617.6 2407.0 0.3066756129 0.4112299979 -0.8583938479 -0.1582660973 0.9113271832 0.3800455332 0.9385637641 0.0193039495 0.3445656002
116.2 -301.1 2617.1 0.2498347461 -0.0568807386 -0.9666163325 0.1428931057 0.9895089865 -0.0212952551 0.9576869011 -0.1328025162 0.2553415895
138.3 -684.7 2668.6 0.2720754743 -0.0647221282 -0.9600968361 -0.0880731568 0.9918728471 -0.0918226838 0.9582369328 0.1095414609 0.2641639709
14.3 -360.4 2349.8 0 0 0 0 0 0 0 0 0
267.3 -442.7 2586.7 0 0 0 0 0 0 0 0 0
-86.3 -957.3 2399.8 0 0 0 0 0 0 0 0 0
162.4 -1053.9 2627.8 0 0 0 0 0 0 0 0 0
262.4 274.6 2675.4 79 0.5596399903 0.3107779324 -0.7682578564 -0.3074461520 0.9387280941 0.1557768732 0.7695972323 0.1490189433 0.6208972931
201.3 90.1 2646.1 0.5596399903 0.3107779324 -0.7682578564 -0.3074461520 0.9387280941 0.1557768732 0.7695972323 0.1490189433 0.6208972931
145.5 -93.7 2618.0 0.5652431250 0.2873957157 -0.7732424736 -0.2897844911 0.9467876554 0.1400647312 0.7723504305 0.1449030638 0.6184480190
124.2 129.6 2540.7 0.3978407085 0.0153430887 -0.9173262119 0.8582817316 0.3470443785 0.3780379593 0.3241531849 -0.9377232194 0.1248996928
13.3 -109.6 2450.4 -0.1205778345 0.0153430887 -0.9925853014 0.9316316247 0.3470443785 -0.1078087613 0.3428170383 -0.9377232194 -0.0561399683
278.4 50.5 2751.5 -0.1606604308 0.8181893229 -0.5520457625 -0.9515939951 -0.2768842876 -0.1334314495 -0.2620249689 0.5038862824 0.8230683804
238.4 -186.2 2686.4 0.1728583872 0.8008617163 -0.5733589530 -0.9442418218 -0.0308766849 -0.3278017640 -0.2802273035 0.5980527997 0.7508698106
19.2 -251.1 2507.6 0.4036626220 -0.1584959179 -0.9010746479 -0.1889178902 0.9492154717 -0.2515949905 0.8951907754 0.2717885971 0.3532200754
80.5 -618.5 2402.4 0.4036626220 0.4069121778 -0.8194382191 -0.1889178902 0.9134201407 0.3605185747 0.8951907754 0.0092786644 0.4455865622
125.0 -304.4 2641.4 0.2161737829 -0.0356875658 -0.9757024646 0.0836979598 0.9963304400 -0.0178981833 0.9727607965 -0.0777951851 0.2183674872
138.8 -690.2 2671.5 0.2296776175 -0.0766567588 -0.9702432156 -0.0606961362 0.9938248396 -0.0928879827 0.9713723063 0.0802243054 0.2236065418
45.8 -360.3 2358.1 0 0 0 0 0 0 0 0 0
285.1 -441.3 2610.7 0 0 0 0 0 0 0 0 0
-71.3 -959.3 2398.9 0 0 0 0 0 0 0 0 0
167.4 -1060.5 2641.6 0 0 0 0 0 0 0 0 0
276.9 269.8 2694.7 80 0.5788112879 0.3130210340 -0.7529909015 -0.3270371258 0.9349858165 0.1372890770 0.7470101714 0.1667915136 0.6435498595
215.2 85.4 2661.8 0.5788112879 0.3130210340 -0.7529909015 -0.3270371258 0.9349858165 0.1372890770 0.7470101714 0.1667915136 0.6435498595
161.1 -98.3 2630.3 0.5868927836 0.2785516679 -0.7602406740 -0.3013320565 0.9466522932 0.1142295748 0.7515023947 0.1620443463 0.6395199299
135.1 126.5 2559.3 0.3631656170 0.1600184739 -0.9178805947 0.8528505564 0.3395931721 0.3966389000 0.3751755357 -0.9268605709 -0.0131432759
31.6 -116.7 2452.3 -0.1835389286 0.1600184739 -0.9699007869 0.9328223467 0.3395931721 -0.1204948276 0.3100902736 -0.9268605709 -0.2115973681
295.2 44.2 2764.4 -0.1545501947 0.8332792521 -0.5308105946 -0.9468389153 -0.2783557177 -0.1612890065 -0.2821529508 0.4776648879 0.8320011497
256.8 -191.3 2694.2 0.1783275306 0.8150136471 -0.5513184667 -0.9345633984 -0.0350252539 -0.3540684283 -0.3078806698 0.5783821940 0.7554360032
39.2 -251.5 2520.9 0.4766395092 -0.1652579904 -0.8634260893 -0.2083798498 0.9329413176 -0.2935955822 0.8540448546 0.3198598623 0.4102402627
103.1 -612.7 2397.0 0.4766395092 0.4225435555 -0.7708901763 -0.2083798498 0.9062232375 0.3678821325 0.8540448546 -0.0147091802 0.5199913979
140.2 -303.3 2659.0 0.2373367697 -0.0153550459 -0.9713060856 0.0783407465 0.9969208837 0.0033824299 0.9682633877 -0.0768956169 0.2378089130
146.2 -689.8 2688.8 0.2546081543 -0.0556241572 -0.9654432535 -0.1310803443 0.9871454239 -0.0914432406 0.9581193328 0.1498328298 0.2440440506
80.9 -367.3 2369.0 0 0 0 0 0 0 0 0 0
305.0 -443.7 2611.0 0 0 0 0 0 0 0 0 0
-54.5 -950.7 2402.5 0 0 0 0 0 0 0 0 0
166.9 -1057.0 2633.1 0 0 0 0 0 0 0 0 0
288.5 268.8 2704.8 81 0.6100484133 0.3413500786 -0.7150671482 -0.3547352254 0.9246149659 0.1387446225 0.7085223198 0.1690185815 0.6851487756
221.2 86.4 2671.5 0.6100484133 0.3413500786 -0.7150671482 -0.3547352254 0.9246149659 0.1387446225 0.7085223198 0.1690185815 0.6851487756
166.0 -96.5 2637.8 0.6220167279 0.2841070294 -0.7296426296 -0.3189985454 0.9429594278 0.0952232480 0.7150769830 0.1735244840 0.6771662831
136.4 129.9 2573.9 0.3230327666 0.2459849268 -0.9138606191 0.8587425947 0.3296580017 0.3922840059 0.3977574110 -0.9114916325 -0.1047474071
42.3 -120.2 2458.1 -0.2584921718 0.2459849268 -0.9341698289 0.9286400080 0.3296580017 -0.1701567173 0.2661005557 -0.9114916325 -0.3136454523
306.0 42.9 2769.1 -0.1658704430 0.8552569747 -0.4909404814 -0.9396410584 -0.2881501317 -0.1845106333 -0.2992685735 0.4307029545 0.8514301181
264.8 -190.9 2694.6 0.1654128283 0.8412862420 -0.5146611333 -0.9256840348 -0.0475806519 -0.3752934635 -0.3402171135 0.5384919643 0.7708947659
54.5 -255.1 2531.7 0.5635983348 -0.1701866239 -0.8083275557 -0.2069445401 0.9182518721 -0.3376203179 0.7997067571 0.3575612307 0.4823060334
120.4 -610.8 2393.1 0.5635983348 0.4155081511 -0.7139396667 -0.2069445401 0.9077428579 0.3649340868 0.7997067571 -0.0579303391 0.5975894928
156.8 -305.2 2664.5 0.2823289335 0.0262962412 -0.9589571953 0.0610364713 0.9971064925 0.0453122556 0.9573739767 -0.0713243261 0.2799069881
146.7 -686.2 2691.7 0.2990309298 -0.0330553725 -0.9536707401 -0.1795909703 0.9795913100 -0.0902659744 0.9371913075 0.1982629746 0.2869916558
112.3 -371.4 2386.1 0 0 0 0 0 0 0 0 0
309.4 -440.9 2602.7 0 0 0 0 0 0 0 0 0
-34.5 -949.2 2414.7 0 0 0 0 0 0 0 0 0
159.0 -1050.7 2618.0 0 0 0 0 0 0 0 0 0
295.1 267.9 2719.9 82 0.5976305008 0.3329810202 -0.7293568254 -0.3596248627 0.9243674874 0.1273368746 0.7165945172 0.1861944646 0.6721785069
229.7 86.1 2683.3 0.5976305008 0.3329810202 -0.7293568254 -0.3596248627 0.9243674874 0.1273368746 0.7165945172 0.1861944646 0.6721785069
174.8 -96.3 2646.6 0.6080023050 0.2828608155 -0.7418375611 -0.3282200098 0.9403473139 0.0895464048 0.7229140997 0.1890414953 0.6645739079
146.7 131.0 2584.6 0.3112682402 0.2571163774 -0.9148788452 0.8591438532 0.3353385031 0.3865486979 0.4061820805 -0.9063328505 -0.1165197343
58.1 -113.6 2469.0 -0.2986274064 0.2571163774 -0.9190825820 0.9195318818 0.3353385031 -0.2049613595 0.2555048466 -0.9063328505 -0.3365679681
312.6 41.3 2781.9 -0.1623119265 0.8465275764 -0.5069968700 -0.9359357953 -0.2948210835 -0.1926257014 -0.3125363588 0.4432511032 0.8401485085
272.2 -191.5 2704.2 0.1697010696 0.8310791254 -0.5296310782 -0.9223074913 -0.0554078631 -0.3824641407 -0.3472036719 0.5533872843 0.7571077347
55.2 -251.0 2540.2 0.6081539989 -0.2466887534 -0.7545153499 -0.1795392781 0.8831138611 -0.4334461689 0.7732492089 0.3990671635 0.4927788973
150.4 -592.0 2386.1 0.6081539989 0.4289862514 -0.6679217815 -0.1795392781 0.8939317465 0.4106721878 0.7732492089 -0.1298337281 0.6206680536
169.4 -306.8 2672.8 0.2647386491 0.0541531891 -0.9627984762 0.0507926978 0.9962529540 0.0700012222 0.9629815817 -0.0674351603 0.2609960735
148.9 -684.9 2698.4 0.2810299397 -0.0281121470 -0.9592871666 -0.2029066980 0.9752337933 -0.0880224183 0.9380037785 0.2193827331 0.2683657408
139.4 -363.9 2399.4 0 0 0 0 0 0 0 0 0
318.1 -440.7 2610.4 0 0 0 0 0 0 0 0 0
-9.2 -924.5 2434.4 0 0 0 0 0 0 0 0 0
159.4 -1048.3 2616.7 0 0 0 0 0 0 0 0 0
304.0 268.8 2737.9 83 0.6013304591 0.3274797201 -0.7288063765 -0.3787602484 0.9199814200 0.1008706540 0.7035214305 0.2153862864 0.6772491336
239.5 87.8 2695.6 0.6013304591 0.3274797201 -0.7288063765 -0.3787602484 0.9199814200 0.1008706540 0.7035214305 0.2153862864 0.6772491336
183.6 -93.2 2653.8 0.6101678014 0.2881322503 -0.7380210757 -0.3521589041 0.9330785871 0.0731334388 0.7097037435 0.2152770311 0.6708028316
156.3 135.9 2598.7 0.2967931330 0.2147269845 -0.9304870367 0.8579140306 0.3679875135 0.3585647345 0.4194011390 -0.9046974778 -0.0750011206
71.5 -109.0 2479.0 -0.3320186734 0.2147269845 -0.9185074568 0.8986406922 0.3679875135 -0.2388098538 0.2867203653 -0.9046974778 -0.3151411116
322.8 39.7 2792.4 -0.1681955904 0.8474148512 -0.5035853982 -0.9255498052 -0.3115583360 -0.2151487321 -0.3392164707 0.4299063087 0.8367273808
281.0 -190.5 2708.1 0.1636953950 0.8336266875 -0.5275133848 -0.9123744369 -0.0754424110 -0.4023448229 -0.3752022684 0.5471517444 0.7482300997
65.4 -249.5 2545.2 0.5774078369 -0.3183719516 -0.7518241405 -0.1638880223 0.8569003344 -0.4887356758 0.7998380661 0.4054147601 0.4426035881
191.1 -587.7 2385.2 0.5774078369 0.4810441732 -0.6596943736 -0.1638880223 0.8598407507 0.4835438430 0.7998380661 -0.1710859835 0.5753161311
179.9 -305.1 2674.6 0.2699382901 0.0707165971 -0.9602773190 0.0220808759 0.9965825081 0.0795972124 0.9626244307 -0.0426900983 0.2674542964
153.1 -682.0 2690.8 0.2846694887 -0.0188629068 -0.9584401250 -0.2379510254 0.9671254754 -0.0897084698 0.9286240339 0.2535990775 0.2708226740
162.2 -354.4 2400.7 0 0 0 0 0 0 0 0 0
325.2 -437.0 2606.7 0 0 0 0 0 0 0 0 0
12.3 -907.2 2448.8 0 0 0 0 0 0 0 0 0
160.2 -1042.4 2596.3 0 0 0 0 0 0 0 0 0
312.0 267.8 2747.5 84 0.6325258613 0.3229846656 -0.7039829493 -0.3880600631 0.9187504649 0.0728487819 0.6703137159 0.2271089107 0.7064709067
248.3 86.7 2702.7 0.6325258613 0.3229846656 -0.7039829493 -0.3880600631 0.9187504649 0.0728487819 0.6703137159 0.2271089107 0.7064709067
192.2 -93.7 2658.7 0.6406338215 0.2887617350 -0.7114808559 -0.3635541797 0.9302202463 0.0501867346 0.6763258576 0.2265105098 0.7009110451
160.9 136.3 2610.4 0.2899955213 0.1288212240 -0.9483183622 0.8522031307 0.4161445498 0.3171333075 0.4354909956 -0.9001271129 0.0108982129
78.9 -104.7 2487.2 -0.3772192001 0.1288212240 -0.9171209335 0.8600193858 0.4161445498 -0.2952801287 0.3436165154 -0.9001271129 -0.2677664459
335.7 37.1 2795.0 -0.1738878489 0.8662853241 -0.4683084488 -0.9186091423 -0.3140524328 -0.2398505658 -0.3548524380 0.3884853423 0.8503875136
292.5 -191.4 2706.7 0.1562004834 0.8552103639 -0.4941827953 -0.9015313983 -0.0809663311 -0.4250712395 -0.4035374820 0.5119176507 0.7583520412
73.0 -242.7 2548.5 0.5826547742 -0.3617476523 -0.7277719975 -0.1314594150 0.8417354226 -0.5236409903 0.8020173907 0.4007743895 0.4428860247
219.4 -583.3 2386.3 0.5826547742 0.4898259640 -0.6485244632 -0.1314594150 0.8442618847 0.5195577741 0.8020173907 -0.2174681723 0.5563054085
192.3 -306.4 2674.8 0.3076371253 0.0672051087 -0.9491274357 0.0016360150 0.9974637032 0.0711579472 0.9515023828 -0.0234436113 0.3067469001
166.9 -683.1 2683.7 0.3228348494 -0.0142774144 -0.9463475943 -0.2607648969 0.9598449469 -0.1034377888 0.9098237753 0.2801675797 0.3061483502
181.4 -338.4 2393.9 0 0 0 0 0 0 0 0 0
334.7 -434.9 2597.7 0 0 0 0 0 0 0 0 0
37.2 -897.4 2467.2 0 0 0 0 0 0 0 0 0
172.2 -1041.0 2579.2 0 0 0 0 0 0 0 0 0
327.6 263.4 2753.7 85 0.6753110290 0.3562993705 -0.6457598209 -0.4199872315 0.9055169225 0.0604142770 0.6062720418 0.2304124683 0.7611467242
257.1 84.3 2708.1 0.6753110290 0.3562993705 -0.6457598209 -0.4199872315 0.9055169225 0.0604142770 0.6062720418 0.2304124683 0.7611467242
197.2 -94.3 2661.9 0.6868622899 0.3075278997 -0.6585186124 -0.3881999552 0.9212276936 0.0253042430 0.6144273281 0.2382563502 0.7521389127
163.6 137.3 2624.3 0.2834218144 0.1591621190 -0.9456952214 0.8360424042 0.4420779943 0.3249616921 0.4697926641 -0.8827425838 -0.0077717239
83.7 -98.4 2491.9 -0.4187949896 0.1591621190 -0.8940235972 0.8399377465 0.4420779943 -0.3147564232 0.3451308608 -0.8827425838 -0.3188263178
350.6 31.4 2792.0 -0.2022421956 0.8911720514 -0.4060917199 -0.9050635695 -0.3284802437 -0.2701123059 -0.3741096556 0.3129107058 0.8729999065
300.3 -193.7 2698.9 0.1234924495 0.8898633718 -0.4391956031 -0.8864624500 -0.1000005305 -0.4518675208 -0.4460201561 0.4451326132 0.7764811516
78.8 -241.7 2554.3 0.6340631247 -0.4039765000 -0.6593686342 -0.0734256357 0.8173835278 -0.5713954568 0.7697874308 0.4107153416 0.4886105359
243.8 -575.6 2386.5 0.6340631247 0.4441728592 -0.6329885125 -0.0734256357 0.8494586945 0.5225213766 0.7697874308 -0.2848339379 0.5712240934
198.1 -307.6 2670.4 0.3759486377 0.0724409074 -0.9238045812 -0.0328945555 0.9973545671 0.0648217201 0.9260564446 0.0060185017 0.3773370087
170.8 -683.8 2668.1 0.3867726922 0.0113330539 -0.9221054316 -0.2949014008 0.9489372969 -0.1120321453 0.8737505674 0.3152611554 0.3703651726
197.8 -327.4 2397.8 0 0 0 0 0 0 0 0 0
333.7 -433.2 2578.4 0 0 0 0 0 0 0 0 0
78.9 -891.1 2492.3 0 0 0 0 0 0 0 0 0
166.6 -1037.5 2550.6 0 0 0 0 0 0 0 0 0
335.9 263.5 2764.8 86 0.6748508811 0.3719927371 -0.6373364329 -0.4509287775 0.8915290833 0.0428857729 0.5841571689 0.2584518194 0.7693913579
262.6 87.7 2713.9 0.6748508811 0.3719927371 -0.6373364329 -0.4509287775 0.8915290833 0.0428857729 0.5841571689 0.2584518194 0.7693913579
197.1 -87.7 2663.1 0.6846950650 0.3365930021 -0.6464502215 -0.4259767830 0.9045177102 0.0197851788 0.5913852453 0.2618259490 0.7626996040
169.2 145.7 2633.1 0.2758367658 0.1464530975 -0.9499818683 0.8300888538 0.4620092213 0.3122498393 0.4846303463 -0.8746993542 0.0058700489
91.6 -88.0 2496.7 -0.4288278222 0.1464530975 -0.8914360404 0.8264809251 0.4620092213 -0.3216779828 0.3647409379 -0.8746993542 -0.3191630840
355.9 29.6 2794.6 -0.2329013646 0.8861472607 -0.4006245136 -0.8869997859 -0.3624670506 -0.2860926092 -0.3987333775 0.2887225151 0.8704314828
298.0 -191.0 2695.4 0.0921356454 0.8931586742 -0.4402029216 -0.8751028776 -0.1382941157 -0.4637560248 -0.4750851989 0.4279513061 0.7688639164
76.1 -238.4 2561.0 0.6444743872 -0.4467716217 -0.6205222607 -0.0321474448 0.7949873209 -0.6057736278 0.7639498115 0.4103537798 0.4979864359
262.6 -570.3 2389.7 0.6444743872 0.4247215390 -0.6358178854 -0.0321474448 0.8458566070 0.5324407220 0.7639498115 -0.3227044642 0.5587866306
201.0 -308.1 2668.2 0.3967058063 0.0734564438 -0.9150019884 0.0225615427 0.9957116842 0.0897175446 0.9176685214 -0.0562353283 0.3933473229
173.0 -688.5 2689.6 0.4157423079 -0.0073515507 -0.9094527364 -0.2587280571 0.9576951265 -0.1260150522 0.8719049096 0.2876907289 0.3962523341
208.8 -313.8 2397.0 0 0 0 0 0 0 0 0 0
322.8 -427.4 2567.1 0 0 0 0 0 0 0 0 0
104.6 -884.9 2509.7 0 0 0 0 0 0 0 0 0
175.7 -1045.5 2582.4 0 0 0 0 0 0 0 0 0
345.9 263.8 2777.4 87 0.6788859963 0.3868680894 -0.6240567565 -0.4862835705 0.8737098575 0.0126259839 0.5501291156 0.2948969603 0.7812770009
269.8 91.8 2719.4 0.6788859963 0.3868680894 -0.6240567565 -0.4862835705 0.8737098575 0.0126259839 0.5501291156 0.2948969603 0.7812770009
199.9 -79.7 2661.7 0.6874189377 0.3594037592 -0.6310975552 -0.4661780000 0.8846820593 -0.0039637773 0.5568960905 0.2969285846 0.7756933570
176.0 155.3 2643.3 0.2531447113 0.1452748775 -0.9564585686 0.8226754665 0.4878873229 0.2918408811 0.5090411305 -0.8607329130 0.0039920108
100.7 -89.4 2491.9 -0.4606492817 0.1452748775 -0.8756126165 0.8032712936 0.4878873229 -0.3416448832 0.3775678575 -0.8607329130 -0.3414400816
363.5 28.3 2795.4 -0.2580465972 0.8842110038 -0.3893363774 -0.8626954556 -0.3922975659 -0.3191538453 -0.4349350631 0.2535221577 0.8640359044
299.3 -186.3 2687.2 0.0656285658 0.8983391523 -0.4343726933 -0.8533459306 -0.1751003116 -0.4910606742 -0.5171978474 0.4028978050 0.7551025152
70.6 -225.0 2559.6 0.6704573035 -0.4779744446 -0.5674746037 0.0318278857 0.7826683521 -0.6216247082 0.7412651181 0.3987112939 0.5399586558
280.3 -568.5 2384.7 0.6704573035 0.3921051323 -0.6298734546 0.0318278857 0.8329642415 0.5524106622 0.7412651181 -0.3904153109 0.5459870696
194.1 -301.4 2664.0 0.4206486046 0.0536442138 -0.9056362510 0.0530733652 0.9950855374 0.0835940689 0.9056699276 -0.0832288936 0.4157342613
173.4 -684.4 2696.1 0.4415881634 -0.0146764554 -0.8970978260 -0.2205724865 0.9674047828 -0.1244014502 0.8696824908 0.2528092861 0.4239572883
226.4 -308.6 2388.9 0 0 0 0 0 0 0 0 0
317.0 -416.8 2547.5 0 0 0 0 0 0 0 0 0
134.6 -878.0 2529.7 0 0 0 0 0 0 0 0 0
178.9 -1045.1 2601.8 0 0 0 0 0 0 0 0 0
357.0 265.6 2787.7 88 0.7181121707 0.4050583243 -0.5658999085 -0.5099875331 0.8595906496 -0.0318853483 0.4735268056 0.3114991486 0.8238571882
276.8 95.5 2726.0 0.7181121707 0.4050583243 -0.5658999085 -0.5099875331 0.8595906496 -0.0318853483 0.4735268056 0.3114991486 0.8238571882
203.4 -73.0 2664.0 0.7266528606 0.3764482141 -0.5746846199 -0.4910901487 0.8695955873 -0.0513226837 0.4804228544 0.3195157051 0.8167641163
177.9 162.2 2660.4 0.2393493652 0.2143817246 -0.9469701052 0.7972581983 0.5132662654 0.3177060783 0.5541581511 -0.8310223818 -0.0480676219
108.2 -70.1 2499.0 -0.4192346632 0.2143817246 -0.8822033405 0.8168010116 0.5132662654 -0.2634271979 0.3963312507 -0.8310223818 -0.3902862072
375.7 28.7 2791.6 -0.2851734161 0.9012587667 -0.3262036145 -0.8392962217 -0.3991666734 -0.3691175878 -0.4628800452 0.1685189456 0.8702548146
304.7 -180.1 2676.4 0.0318450220 0.9251617789 -0.3782348633 -0.8230533600 -0.1904303581 -0.5350883007 -0.5670706034 0.3283473551 0.7553932071
68.7 -209.5 2554.6 0.6934354305 -0.5007185936 -0.5181005001 0.1010659412 0.7795518637 -0.6181299090 0.7133953571 0.3762708604 0.5911744833
296.7 -564.4 2383.3 0.6934354305 0.3453246653 -0.6323750019 0.1010659412 0.8223719001 0.5599019527 0.7133953571 -0.4521674216 0.5353612304
192.1 -292.8 2653.5 0.4865928888 0.0479196124 -0.8723136187 0.0748604834 0.9925349355 0.0962824225 0.8704155684 -0.1121521592 0.4793731570
173.6 -676.4 2696.8 0.5066308975 -0.0109170815 -0.8620939255 -0.1835519820 0.9756305218 -0.1202237159 0.8423976898 0.2191480994 0.4922806919
222.4 -292.7 2390.9 0 0 0 0 0 0 0 0 0
313.3 -402.4 2523.3 0 0 0 0 0 0 0 0 0
168.5 -869.8 2551.2 0 0 0 0 0 0 0 0 0
177.7 -1040.1 2615.1 0 0 0 0 0 0 0 0 0
359.2 259.5 2782.3 89 0.7186110616 0.4152874351 -0.5577942729 -0.5164602399 0.8558477759 -0.0281666312 0.4656897783 0.3083194196 0.8295011520
277.2 90.4 2721.4 0.7186110616 0.4152874351 -0.5577942729 -0.5164602399 0.8558477759 -0.0281666312 0.4656897783 0.3083194196 0.8295011520
202.4 -77.3 2658.8 0.7266284227 0.3845189810 -0.5693472624 -0.4992116690 0.8648563027 -0.0530216359 0.4720157087 0.3227518201 0.8203855157
178.1 158.4 2657.0 0.2521615922 0.2458433658 -0.9359356761 0.7858695984 0.5123298764 0.3463048339 0.5646445155 -0.8228482008 -0.0640109107
111.0 -50.7 2506.7 -0.3923763633 0.2458433658 -0.8863418102 0.8288398981 0.5123298764 -0.2248165309 0.3988297284 -0.8228482008 -0.4047909379
376.2 22.3 2785.8 -0.2940367460 0.8996868730 -0.3226545453 -0.8341953158 -0.4063417912 -0.3728330731 -0.4665410519 0.1595302820 0.8699939847
303.1 -185.2 2669.8 0.0223549306 0.9261060953 -0.3766002953 -0.8193712831 -0.1988627911 -0.5376656055 -0.5728272200 0.3205949366 0.7543791533
65.4 -197.8 2559.5 0.7089464068 -0.5174763203 -0.4791798294 0.1397550255 0.7690402865 -0.6237351894 0.6912767291 0.3752270043 0.6175282598
308.2 -558.7 2383.4 0.7089464068 0.2756383717 -0.6491675377 0.1397550255 0.8473034501 0.5123918653 0.6912767291 -0.4539827704 0.5621708632
195.2 -285.3 2644.8 0.4939967394 0.0433078706 -0.8683844805 0.0838927701 0.9917244911 0.0971830264 0.8654069901 -0.1208592802 0.4862754643
178.5 -669.5 2691.6 0.5010486245 0.0269260798 -0.8650001287 -0.1451201290 0.9879770279 -0.0533062294 0.8531649709 0.1522379518 0.4989320338
218.0 -276.7 2398.0 0 0 0 0 0 0 0 0 0
309.1 -406.5 2515.1 0 0 0 0 0 0 0 0 0
205.8 -873.3 2552.0 0 0 0 0 0 0 0 0 0
168.5 -1036.9 2635.0 0 0 0 0 0 0 0 0 0
367.4 259.4 2789.1 90 0.7374912500 0.4140077829 -0.5335767865 -0.5198087096 0.8523724675 -0.0570967719 0.4311676919 0.3194662333 0.8438221216
285.9 91.4 2726.2 0.7374912500 0.4140077829 -0.5335767865 -0.5198087096 0.8523724675 -0.0570967719 0.4311676919 0.3194662333 0.8438221216
211.1 -76.4 2663.7 0.7483725548 0.3846208453 -0.5403751731 -0.4964078665 0.8651219010 -0.0717170462 0.4399065375 0.3219175637 0.8383622766
183.8 159.1 2666.2 0.2631593347 0.2447896153 -0.9331801534 0.7718779445 0.5268397927 0.3558710515 0.5787500143 -0.8139519691 -0.0503048897
109.0 -60.2 2501.7 -0.4214879274 0.2447896153 -0.8731700778 0.8138427138 0.5268397927 -0.2451526523 0.4000099599 -0.8139519691 -0.4212768674
387.9 23.7 2786.2 -0.2994733155 0.9095301628 -0.2882198095 -0.8313069940 -0.3969898820 -0.3890086710 -0.4682354629 0.1231014207 0.8749866486
313.4 -183.1 2669.7 0.0129077891 0.9388660192 -0.3440406024 -0.8109605312 -0.1914535910 -0.5528910756 -0.5849584341 0.2861399651 0.7589120865
62.8 -200.5 2554.1 0.7056472301 -0.5451116562 -0.4526757002 0.1882145554 0.7601144910 -0.6219335198 0.6831085682 0.3536654711 0.6389706135
314.1 -551.0 2391.1 0.7056472301 0.1794098914 -0.6854736209 0.1882145554 0.8851992488 0.4254380763 0.6831085682 -0.4292252958 0.5908708572
192.8 -289.7 2638.3 0.5228122473 0.0338699110 -0.8517746925 0.1007012799 0.9897598624 0.1011663526 0.8464789391 -0.1386658102 0.5140478611
179.6 -673.4 2692.1 0.5268762112 0.0505276583 -0.8484387994 -0.1506602466 0.9879756570 -0.0347216651 0.8364824653 0.1461200267 0.5281534195
223.2 -280.7 2393.3 0 0 0 0 0 0 0 0 0
316.9 -402.2 2511.7 0 0 0 0 0 0 0 0 0
247.7 -878.7 2550.0 0 0 0 0 0 0 0 0 0
160.8 -1041.5 2637.6 0 0 0 0 0 0 0 0 0
371.3 256.6 2792.1 91 0.7441638112 0.4260151684 -0.5145205259 -0.5265670419 0.8480551839 -0.0594102144 0.4110321105 0.3151404858 0.8554174900
287.7 90.1 2730.2 0.7441638112 0.4260151684 -0.5145205259 -0.5265670419 0.8480551839 -0.0594102144 0.4110321105 0.3151404858 0.8554174900
210.0 -76.8 2668.9 0.7545412183 0.4003778696 -0.5199664235 -0.5051161647 0.8601533175 -0.0706672892 0.4189572334 0.3159648478 0.8512585163
184.7 159.0 2673.0 0.2834832370 0.1757514626 -0.9427346587 0.7743594050 0.5379453897 0.3331399560 0.5656896234 -0.8244550824 0.0164036881
103.0 -64.1 2510.0 -0.4283933043 0.1757514626 -0.8863354921 0.7958281040 0.5379453897 -0.2779791057 0.4279448390 -0.8244550824 -0.3703201711
390.6 21.1 2787.4 -0.3185951114 0.9086602926 -0.2698770761 -0.8264402747 -0.4057113826 -0.3903776705 -0.4642128646 0.0986648872 0.8802111149
311.4 -184.5 2671.9 -0.0090444451 0.9439164996 -0.3300603628 -0.8083737493 -0.2011912763 -0.5532214046 -0.5886000991 0.2618085444 0.7648569942
69.5 -199.9 2562.0 0.7162122130 -0.5502678752 -0.4292380512 0.2069004476 0.7548283339 -0.6224358678 0.6665074825 0.3569866419 0.6544679403
322.6 -547.1 2397.8 0.7162122130 0.1159677878 -0.6881798506 0.2069004476 0.9064806700 0.3680828214 0.6665074825 -0.4060101211 0.6252387762
203.4 -288.7 2640.5 0.5427497029 0.0710410327 -0.8368846774 0.0586112849 0.9907836318 0.1221166477 0.8378469348 -0.1153296605 0.5335837007
175.9 -672.7 2685.2 0.5438056588 0.0384843834 -0.8383283019 -0.1059426367 0.9941042066 -0.0230872724 0.8324971795 0.1013697013 0.5446766019
220.7 -282.7 2392.4 0 0 0 0 0 0 0 0 0
308.9 -402.9 2512.9 0 0 0 0 0 0 0 0 0
279.6 -883.3 2548.3 0 0 0 0 0 0 0 0 0
161.5 -1043.0 2647.5 0 0 0 0 0 0 0 0 0
372.6 250.3 2794.0 92 0.7224400640 0.4203393161 -0.5489947796 -0.5240710974 0.8508168459 -0.0382120386 0.4510319531 0.3153181970 0.8349518776
290.5 84.1 2732.4 0.7224400640 0.4203393161 -0.5489947796 -0.5240710974 0.8508168459 -0.0382120386 0.4510319531 0.3153181970 0.8349518776
213.5 -83.5 2672.2 0.7331232429 0.3966005743 -0.5524837375 -0.5016479492 0.8638725877 -0.0455350839 0.4592163265 0.3105351627 0.8322789669
190.5 152.6 2669.8 0.3366551101 0.1704914719 -0.9260647893 0.7582309246 0.5340737700 0.3739666641 0.5583450198 -0.8280687332 0.0505267680
101.4 -48.1 2522.0 -0.3775559664 0.1704914719 -0.9101561308 0.8116424680 0.5340737700 -0.2366466969 0.4457442760 -0.8280687332 -0.3400208652
390.5 15.7 2795.1 -0.3089369237 0.9002274871 -0.3068362474 -0.8344648480 -0.4113511443 -0.3666861057 -0.4563183486 0.1427611709 0.8782896996
313.7 -191.9 2681.6 0.0052628568 0.9313002229 -0.3642144799 -0.8221664429 -0.2032951564 -0.5317080617 -0.5692228675 0.3022432327 0.7646138668
64.7 -198.6 2570.1 0.7215797305 -0.5665445924 -0.3979320526 0.2325919122 0.7397385240 -0.6314173937 0.6520918012 0.3630622327 0.6655539870
327.5 -541.7 2401.8 0.7215797305 0.0631479621 -0.6894454360 0.2325919122 0.9158409834 0.3273168504 0.6520918012 -0.3965446353 0.6461645961
199.8 -289.0 2645.1 0.5100125670 0.0653656647 -0.8576797247 0.0582061224 0.9922003150 0.1102295965 0.8581953049 -0.1061406881 0.5022299886
174.4 -673.9 2686.2 0.5108716488 0.0350125320 -0.8589437008 -0.0996679366 0.9948444963 -0.0187270679 0.8538597226 0.0951762721 0.5117274523
205.7 -272.3 2398.8 0 0 0 0 0 0 0 0 0
315.1 -414.0 2527.9 0 0 0 0 0 0 0 0 0
304.0 -881.9 2549.1 0 0 0 0 0 0 0 0 0
161.4 -1044.8 2650.8 0 0 0 0 0 0 0 0 0
376.9 249.7 2795.0 93 0.7095296383 0.4224193990 -0.5640297532 -0.5176821947 0.8555084467 -0.0105092414 0.4780928791 0.2994447649 0.8256875873
294.1 82.0 2736.3 0.7095296383 0.4224193990 -0.5640297532 -0.5176821947 0.8555084467 -0.0105092414 0.4780928791 0.2994447649 0.8256875873
216.7 -86.4 2678.9 0.7197248936 0.3988148570 -0.5682805777 -0.4962864220 0.8679413795 -0.0194301028 0.4854852259 0.2960142493 0.8226054311
195.9 149.8 2670.0 0.3767926097 0.1427359432 -0.9152342677 0.7519655824 0.5298316479 0.3922067881 0.5409020782 -0.8360052705 0.0923041478
95.7 -50.3 2526.1 -0.3549836278 0.1427359432 -0.9239118099 0.8158631921 0.5298316479 -0.2316152304 0.4564579427 -0.8360052705 -0.3045345545
392.3 14.3 2802.6 -0.3081817627 0.8935274482 -0.3265466392 -0.8430330753 -0.4155604839 -0.3414742649 -0.4408164918 0.1700534821 0.8813413978
315.6 -195.4 2692.9 0.0081663132 0.9235711098 -0.3833401501 -0.8364023566 -0.2037968189 -0.5088201165 -0.5480551124 0.3247818053 0.7708128095
70.9 -206.3 2570.9 0.7239602208 -0.5752082467 -0.3808110952 0.2509793937 0.7338191271 -0.6312834620 0.6425659060 0.3614483476 0.6756212711
330.5 -537.4 2407.8 0.7239602208 0.0085116271 -0.6897892356 0.2509793937 0.9281478524 0.2748653293 0.6425659060 -0.3721144497 0.6698058248
202.1 -296.0 2653.0 0.4928343594 0.0725324303 -0.8670947552 0.0537358038 0.9920803905 0.1135295182 0.8684623241 -0.1025452763 0.4850337207
173.9 -681.0 2692.8 0.4941450059 0.0346921980 -0.8686870337 -0.1170492023 0.9927607775 -0.0269351602 0.8614639640 0.1149889976 0.4946284890
194.3 -277.1 2399.2 0 0 0 0 0 0 0 0 0
317.8 -421.4 2544.9 0 0 0 0 0 0 0 0 0
327.3 -882.4 2546.1 0 0 0 0 0 0 0 0 0
161.0 -1051.3 2649.9 0 0 0 0 0 0 0 0 0
377.7 247.6 2796.5 94 0.7048762441 0.4116354585 -0.5776726604 -0.5060259104 0.8625135422 -0.0028467758 0.4970786870 0.2943239808 0.8162635565
296.4 77.2 2738.3 0.7048762441 0.4116354585 -0.5776726604 -0.5060259104 0.8625135422 -0.0028467758 0.4970786870 0.2943239808 0.8162635565
220.9 -92.4 2681.9 0.7143207192 0.3888264000 -0.5818589926 -0.4855355620 0.8741354942 -0.0119292680 0.5039852262 0.2910345793 0.8132022023
198.9 143.5 2669.5 0.3836658299 0.1276431382 -0.9146080017 0.7569472790 0.5238620043 0.3906397223 0.5289908648 -0.8421851397 0.1043688208
94.6 -62.3 2525.7 -0.3363966346 0.1276431382 -0.9330297709 0.8216649890 0.5238620043 -0.2245779932 0.4601129889 -0.8421851397 -0.2811053097
393.9 10.9 2807.2 -0.2959246337 0.8929175138 -0.3393035531 -0.8506057262 -0.4079558253 -0.3317257166 -0.4346245527 0.1904477179 0.8802449703
320.2 -200.7 2699.0 0.0221321769 0.9191527367 -0.3932789862 -0.8435129523 -0.1939897984 -0.5008531809 -0.5366526842 0.3428208828 0.7710238099
74.8 -210.4 2578.0 0.7326303720 -0.5780149698 -0.3593764305 0.2605769634 0.7259799838 -0.6364375353 0.6287704706 0.3726282716 0.6824923754
336.9 -539.6 2409.0 0.7326303720 -0.0514390357 -0.6786801219 0.2605769634 0.9423670769 0.2098664045 0.6287704706 -0.3306029141 0.7038106322
203.6 -299.2 2664.9 0.4736737907 0.0699085295 -0.8779213428 0.0074423584 0.9964912534 0.0833656564 0.8806689382 -0.0460219309 0.4714914858
176.5 -685.4 2682.7 0.4710668027 0.0504897349 -0.8806513548 -0.0796302184 0.9967182875 0.0145493308 0.8784959316 0.0632727593 0.4735414088
188.9 -292.6 2396.8 0 0 0 0 0 0 0 0 0
326.2 -428.5 2554.1 0 0 0 0 0 0 0 0 0
355.7 -884.4 2529.9 0 0 0 0 0 0 0 0 0
157.7 -1056.8 2659.1 0 0 0 0 0 0 0 0 0
379.4 242.9 2797.7 95 0.6605249047 0.4151055217 -0.6256151199 -0.5010686517 0.8642665148 0.0444258153 0.5591395497 0.2841317356 0.7788659334
297.4 72.1 2741.6 0.6605249047 0.4151055217 -0.6256151199 -0.5010686517 0.8642665148 0.0444258153 0.5591395497 0.2841317356 0.7788659334
220.9 -97.6 2686.9 0.6691845059 0.3933655024 -0.6304408908 -0.4824363887 0.8752692342 0.0340424925 0.5651966333 0.2813669145 0.7754904032
206.2 137.9 2664.5 0.4201655686 0.1546035409 -0.8941804171 0.7504999042 0.4947136939 0.4381875098 0.5101086497 -0.8551936150 0.0918317139
90.7 -68.3 2524.4 -0.3067944646 0.1546035409 -0.9391351938 0.8468490243 0.4947136939 -0.1952052265 0.4344236255 -0.8551936150 -0.2827012837
388.5 6.4 2818.6 -0.2912968099 0.8685447574 -0.4009690285 -0.8596425653 -0.4215568006 -0.2886253297 -0.4197152257 0.2606143951 0.8694361448
316.1 -207.5 2714.2 0.0324620754 0.8910994530 -0.4526455402 -0.8642279506 -0.2024655044 -0.4605624378 -0.5020520687 0.4061397314 0.7635406256
81.5 -218.6 2580.3 0.7308838964 -0.5835351944 -0.3539709449 0.2603393793 0.7177910805 -0.6457548738 0.6308978796 0.3798192739 0.6765391231
340.6 -537.4 2411.6 0.7308838964 -0.0458385721 -0.6809607744 0.2603393793 0.9410274029 0.2160807401 0.6308978796 -0.3352108300 0.6997153163
209.4 -305.5 2670.5 0.4155976176 0.0836695656 -0.9056920409 -0.0081940014 0.9960639477 0.0882582888 0.9095116854 -0.0292586926 0.4146473706
176.9 -691.8 2681.9 0.4127868712 0.0544984341 -0.9091957808 -0.0784814358 0.9966240525 0.0241073966 0.9074401855 0.0614037700 0.4156704247
177.2 -306.9 2402.0 0 0 0 0 0 0 0 0 0
324.9 -440.9 2578.6 0 0 0 0 0 0 0 0 0
357.6 -885.1 2535.5 0 0 0 0 0 0 0 0 0
156.6 -1063.5 2659.0 0 0 0 0 0 0 0 0 0
382.6 242.0 2796.3 96 0.6697364450 0.4279099107 -0.6069152951 -0.5035609007 0.8623729348 0.0523381643 0.5457834005 0.2705660760 0.7930412889
298.6 72.8 2743.2 0.6697364450 0.4279099107 -0.6069152951 -0.5035609007 0.8623729348 0.0523381643 0.5457834005 0.2705660760 0.7930412889
221.0 -97.0 2690.1 0.6795796752 0.3994650543 -0.6153041124 -0.4828916192 0.8749914169 0.0347229466 0.5522564054 0.2735281885 0.7875247002
205.9 138.7 2667.9 0.4100362659 0.1617707759 -0.8976082206 0.7600324154 0.4834439754 0.4343186319 0.5042033195 -0.8602976799 0.0752785355
89.7 -76.7 2525.0 -0.2730441391 0.1617707759 -0.9483022094 0.8596736789 0.4834439754 -0.1650547236 0.4317499697 -0.8602976799 -0.2710716128
391.3 6.9 2818.6 -0.3000766337 0.8730661273 -0.3843300045 -0.8594773412 -0.4222386479 -0.2881201208 -0.4138269126 0.2438648194 0.8770844936
316.7 -206.9 2715.6 0.0220262371 0.8986134529 -0.4381880462 -0.8643515110 -0.2031384856 -0.4600339830 -0.5024055839 0.3888812959 0.7722434998
84.7 -224.4 2581.8 0.7349572778 -0.5836314559 -0.3452711105 0.2616215050 0.7137891054 -0.6496609449 0.6256133318 0.3871426582 0.6772950292
345.3 -543.2 2408.9 0.7349572778 -0.0633881763 -0.6751442552 0.2616215050 0.9450452328 0.1960705966 0.6256133318 -0.3207357824 0.7111515403
204.2 -310.5 2682.7 0.4323674142 0.0600489229 -0.8996958137 -0.0184296276 0.9981601238 0.0577640459 0.9015091658 -0.0083942330 0.4326786101
180.9 -697.6 2686.0 0.4270188808 0.0766957849 -0.9009842277 -0.1131108254 0.9931008816 0.0309286136 0.8971403837 0.0887039676 0.4327479601
166.8 -319.5 2403.0 0 0 0 0 0 0 0 0 0
322.6 -440.4 2579.9 0 0 0 0 0 0 0 0 0
368.6 -889.5 2526.4 0 0 0 0 0 0 0 0 0
152.3 -1067.9 2652.9 0 0 0 0 0 0 0 0 0
389.5 247.9 2795.2 97 0.6879335046 0.4397083521 -0.5774115324 -0.5133143663 0.8572105765 0.0412123427 0.5130846500 0.2680422664 0.8154124618
303.2 79.7 2742.5 0.6879335046 0.4397083521 -0.5774115324 -0.5133143663 0.8572105765 0.0412123427 0.5130846500 0.2680422664 0.8154124618
223.1 -89.1 2689.9 0.6980514526 0.4122631252 -0.5854598880 -0.4928047359 0.8697836399 0.0248977952 0.5194878578 0.2711374760 0.8103189468
207.9 147.0 2671.6 0.3935677707 0.2006625086 -0.8971281648 0.7726737261 0.4565314054 0.4410832226 0.4980760515 -0.8667834997 0.0246293955
90.5 -83.7 2522.9 -0.2350004613 0.2006625086 -0.9510569572 0.8813776374 0.4565314054 -0.1214600354 0.4098148942 -0.8667834997 -0.2841445506
398.4 12.4 2813.5 -0.3181124032 0.8801302910 -0.3523849845 -0.8524932861 -0.4281809628 -0.2998604774 -0.4148008227 0.2050164938 0.8865147829
319.3 -199.7 2710.3 0.0004539592 0.9117813110 -0.4106758833 -0.8569630980 -0.2112984508 -0.4700714648 -0.5153775215 0.3521474600 0.7812669873
82.7 -223.6 2587.6 0.7204674482 -0.5866673589 -0.3697946370 0.2336943895 0.7074375749 -0.6670225263 0.6529269218 0.3941490650 0.6467865705
345.8 -540.9 2410.9 0.7204674482 -0.0266447291 -0.6929767132 0.2336943895 0.9501434565 0.2064324468 0.6529269218 -0.3106726110 0.6907741427
204.3 -310.0 2686.4 0.4650129378 0.0562125854 -0.8835174441 -0.0417324156 0.9982645512 0.0415486023 0.8843197227 0.0175506789 0.4665518403
182.5 -697.2 2679.6 0.4606362879 0.0852108076 -0.8834893107 -0.1031878591 0.9937727451 0.0420470387 0.8815704584 0.0717969760 0.4665605426
156.7 -332.1 2407.4 0 0 0 0 0 0 0 0 0
319.4 -431.2 2571.1 0 0 0 0 0 0 0 0 0
355.6 -892.1 2525.7 0 0 0 0 0 0 0 0 0
150.7 -1067.9 2652.8 0 0 0 0 0 0 0 0 0
392.2 249.9 2796.1 98 0.6871930957 0.4377662838 -0.5797640681 -0.5152852535 0.8562713265 0.0357839204 0.5121003389 0.2741534114 0.8139982820
306.4 82.1 2742.3 0.6871930957 0.4377662838 -0.5797640681 -0.5152852535 0.8562713265 0.0357839204 0.5121003389 0.2741534114 0.8139982820
225.4 -86.0 2688.9 0.6950203180 0.4173564911 -0.5854573250 -0.4995210767 0.8659603596 0.0243175253 0.5171319246 0.2755471170 0.8103384376
211.5 150.3 2671.7 0.4103690684 0.2408953607 -0.8795263767 0.7665593624 0.4312914014 0.4757882953 0.4939473569 -0.8694579601 -0.0076719383
97.3 -63.0 2534.2 -0.1460955590 0.2408953607 -0.9594923258 0.9017457962 0.4312914014 -0.0290205069 0.4068298936 -0.8694579601 -0.2802361548
401.2 13.8 2812.9 -0.3230774999 0.8775390387 -0.3543249667 -0.8485106230 -0.4344069660 -0.3021925986 -0.4191070199 0.2030168772 0.8849482536
320.9 -197.2 2708.7 -0.0045239292 0.9104461074 -0.4136029780 -0.8543652892 -0.2184535563 -0.4715272784 -0.5196532011 0.3512348831 0.7788417935
80.7 -213.8 2590.9 0.7047262788 -0.5816884041 -0.4062013030 0.2031556517 0.7140080333 -0.6700151563 0.6797710061 0.3896552026 0.6213535070
346.0 -539.6 2413.1 0.7047262788 0.0124389194 -0.7093702555 0.2031556517 0.9544414282 0.2185619622 0.6797710061 -0.2981389463 0.6700929403
205.5 -302.0 2683.8 0.4658056498 0.0518526882 -0.8833665252 -0.0275781155 0.9986473918 0.0440774113 0.8844572306 0.0038300776 0.4666055739
185.4 -689.5 2682.3 0.4600277841 0.0877310485 -0.8835596442 -0.1120809391 0.9928843379 0.0402309448 0.8808020949 0.0805228427 0.4665873647
138.1 -315.0 2420.6 0 0 0 0 0 0 0 0 0
319.6 -428.0 2568.3 0 0 0 0 0 0 0 0 0
341.4 -893.8 2523.8 0 0 0 0 0 0 0 0 0
152.7 -1060.0 2652.3 0 0 0 0 0 0 0 0 0
388.3 248.6 2785.5 99 0.6938205957 0.4289771020 -0.5784389377 -0.4940029085 0.8679547906 0.0511434078 0.5239982009 0.2502661645 0.8141208291
304.6 79.2 2736.7 0.6938205957 0.4289771020 -0.5784389377 -0.4940029085 0.8679547906 0.0511434078 0.5239982009 0.2502661645 0.8141208291
224.7 -90.6 2687.5 0.6997416615 0.4115150571 -0.5839665532 -0.4817211628 0.8754258156 0.0396778435 0.5275474191 0.2535448074 0.8108074665
209.1 145.0 2664.6 0.4126848876 0.1982485205 -0.8890380859 0.7795267701 0.4280365705 0.4572993517 0.4711997211 -0.8817495108 0.0221041832
94.7 -71.0 2534.1 -0.1174828261 0.1982485205 -0.9730854630 0.9034966230 0.4280365705 -0.0218765195 0.4121791720 -0.8817495108 -0.2294038087
400.1 13.5 2808.7 -0.3176604807 0.8811336756 -0.3502789140 -0.8607735038 -0.4229107499 -0.2832233906 -0.3976943791 0.2115419358 0.8927985430
321.1 -200.7 2709.8 0.0007218471 0.9127482772 -0.4085218608 -0.8667309284 -0.2031897455 -0.4555123150 -0.4987755120 0.3544073403 0.7909604311
82.1 -209.3 2589.1 0.6829237342 -0.5792564154 -0.4450586438 0.1729901731 0.7201740742 -0.6718807220 0.7097108960 0.3818525374 0.5920296311
344.7 -535.8 2416.0 0.6829237342 0.0378138274 -0.7295103073 0.1729901731 0.9618806839 0.2118016481 0.7097108960 -0.2708424926 0.6503497362
206.6 -298.8 2681.7 0.4671754241 0.0427358039 -0.8831312656 -0.0170005448 0.9990807176 0.0393534712 0.8840011954 -0.0033712627 0.4674724936
190.0 -686.5 2683.0 0.4575195014 0.1100398079 -0.8823645115 -0.1323417127 0.9896879792 0.0548029356 0.8792960644 0.0917002186 0.4673644006
128.0 -326.7 2417.4 0 0 0 0 0 0 0 0 0
321.3 -434.8 2575.0 0 0 0 0 0 0 0 0 0
330.7 -893.6 2516.7 0 0 0 0 0 0 0 0 0
148.9 -1055.8 2648.8 0 0 0 0 0 0 0 0 0
389.1 249.9 2780.7 00 0.7042096257 0.4229319394 -0.5702783465 -0.4843280315 0.8734728694 0.0497145392 0.5191485286 0.2411923409 0.8199457526
306.1 78.7 2733.5 0.7042096257 0.4229319394 -0.5702783465 -0.4843280315 0.8734728694 0.0497145392 0.5191485286 0.2411923409 0.8199457526
228.5 -92.7 2685.9 0.7118745446 0.4001999795 -0.5771261454 -0.4679714441 0.8830462098 0.0351017043 0.5236767530 0.2450905591 0.8159002662
209.0 142.6 2662.0 0.4118400812 0.1690789014 -0.8954328895 0.7866673470 0.4299973547 0.4430087805 0.4599371850 -0.8868566155 0.0440813005
92.1 -80.6 2531.5 -0.1079859957 0.1690789014 -0.9796689749 0.9024765491 0.4299973547 -0.0252650175 0.4169832766 -0.8868566155 -0.1990234405
403.3 14.7 2804.9 -0.3078958988 0.8894582987 -0.3377337158 -0.8677369952 -0.4081003666 -0.2837016582 -0.3901700377 0.2057134658 0.8974682689
326.7 -201.1 2707.9 0.0096097561 0.9189637303 -0.3942249715 -0.8693345785 -0.1871387810 -0.4574237168 -0.4941305816 0.3471091092 0.7970885634
82.2 -217.4 2591.1 0.6652814746 -0.5852922201 -0.4635013938 0.1483043432 0.7120519280 -0.6862855554 0.7317146659 0.3878338337 0.5605163574
340.5 -531.6 2419.9 0.6652814746 0.0580430813 -0.7443329692 0.1483043432 0.9668318033 0.2079472989 0.7317146659 -0.2487313002 0.6346072555
207.5 -303.6 2685.5 0.4749929011 0.0351763219 -0.8792862892 -0.0176149793 0.9993805885 0.0304650962 0.8798133135 0.0010179048 0.4753183126
193.9 -691.6 2685.1 0.4625607133 0.1324913502 -0.8766319752 -0.1354992837 0.9877194166 0.0777836367 0.8761720657 0.0828033537 0.4748326838
122.8 -337.0 2413.0 0 0 0 0 0 0 0 0 0
329.3 -435.9 2574.4 0 0 0 0 0 0 0 0 0
318.9 -891.8 2512.5 0 0 0 0 0 0 0 0 0
144.4 -1060.1 2654.2 0 0 0 0 0 0 0 0 0
385.4 252.6 2769.4 01 0.7027726769 0.4054547846 -0.5845656395 -0.4567347467 0.8871345520 0.0662239492 0.5454392433 0.2204510719 0.8086392283
305.6 77.8 2725.9 0.7027726769 0.4054547846 -0.5845656395 -0.4567347467 0.8871345520 0.0662239492 0.5454392433 0.2204510719 0.8086392283
231.3 -95.9 2682.0 0.7092770934 0.3828312755 -0.5919174552 -0.4420245886 0.8956307173 0.0495973714 0.5491268635 0.2264637798 0.8044711351
208.8 138.2 2650.9 0.4185361564 0.1266981810 -0.8993192315 0.8003475666 0.4165823460 0.4311645925 0.4292683005 -0.9002259374 0.0729522035
91.2 -86.7 2530.3 -0.1035251915 0.1266981810 -0.9865242839 0.9081366062 0.4165823460 -0.0417980477 0.4056728780 -0.9002259374 -0.1581860185
402.4 17.5 2800.9 -0.2882099152 0.8915607333 -0.3493630588 -0.8830664754 -0.3885575235 -0.2630905807 -0.3703088760 0.2326854914 0.8992934823
330.7 -202.2 2708.8 0.0310740229 0.9153226614 -0.4015206695 -0.8828185797 -0.1632346213 -0.4404382706 -0.4686851799 0.3681561053 0.8029914498
87.1 -222.2 2591.4 0.6757086515 -0.5626658201 -0.4762614965 0.1337102950 0.7289011478 -0.6714348197 0.7249409556 0.3900132477 0.5677590370
320.4 -524.4 2429.7 0.6757086515 0.0109576089 -0.7370873094 0.1337102950 0.9814819694 0.1371667832 0.7249409556 -0.1912409514 0.6617307067
214.6 -306.0 2685.2 0.4581546187 0.0575084500 -0.8870102167 -0.0214715526 0.9983296990 0.0536353514 0.8886131644 -0.0055277958 0.4586241543
192.3 -693.4 2687.4 0.4452094734 0.1217666566 -0.8871084452 -0.1659116894 0.9847735763 0.0519069843 0.8799214959 0.1240721866 0.4586330354
120.5 -344.4 2415.2 0 0 0 0 0 0 0 0 0
339.1 -440.6 2582.2 0 0 0 0 0 0 0 0 0
316.3 -889.3 2500.8 0 0 0 0 0 0 0 0 0
146.9 -1060.6 2641.1 0 0 0 0 0 0 0 0 0
384.5 249.8 2753.7 02 0.7055186033 0.4084394872 -0.5791550875 -0.4390439689 0.8934053779 0.0952220708 0.5563127398 0.1870936006 0.8096370101
303.9 73.5 2716.7 0.7055186033 0.4084394872 -0.5791550875 -0.4390439689 0.8934053779 0.0952220708 0.5563127398 0.1870936006 0.8096370101
229.5 -101.5 2678.1 0.7114154696 0.3831178546 -0.5891593099 -0.4256689847 0.9019674063 0.0725309923 0.5591903925 0.1991871744 0.8047549725
206.7 131.6 2640.4 0.4232481420 0.0522041135 -0.9045085907 0.8156913519 0.4125744104 0.4054996669 0.3943458200 -0.9094268084 0.1320389062
90.0 -93.4 2531.6 -0.1035536379 0.0522041135 -0.9932529330 0.9079957008 0.4125744104 -0.0729805827 0.4059808552 -0.9094268084 -0.0901246890
401.0 15.4 2793.1 -0.2890014052 0.8925742507 -0.3461059928 -0.8935178518 -0.3812761903 -0.2371799350 -0.3436626792 0.2407065630 0.9077203870
329.1 -206.9 2707.6 0.0299402531 0.9166801572 -0.3984984457 -0.8959655166 -0.1521259844 -0.4172571003 -0.4431132674 0.3695336580 0.8167591691
93.5 -230.1 2589.0 0.6737301946 -0.5322882533 -0.5125981569 0.1168078333 0.7616466880 -0.6373776793 0.7296873331 0.3695451021 0.5753197670
306.9 -535.5 2440.8 0.6737301946 -0.0072155325 -0.7389422059 0.1168078333 0.9884212017 0.0968478695 0.7296873331 -0.1515635699 0.6667720079
220.5 -309.2 2687.3 0.4600589275 0.0487634465 -0.8865483403 -0.0178473759 0.9987968802 0.0456759445 0.8877090216 -0.0051910654 0.4603756964
201.5 -696.9 2689.3 0.4391671419 0.1568699330 -0.8846039176 -0.1947815120 0.9778428674 0.0767038241 0.8770361543 0.1386186779 0.4599918127
119.3 -349.9 2416.9 0 0 0 0 0 0 0 0 0
337.2 -448.9 2587.9 0 0 0 0 0 0 0 0 0
309.6 -903.4 2497.2 0 0 0 0 0 0 0 0 0
143.0 -1061.5 2637.6 0 0 0 0 0 0 0 0 0
