67.0 494.5 2022.8 6 0.9969226718 0.0155863371 -0.0768262222 -0.0119034974 0.9987685084 0.0481642336 0.0774823204 -0.0471015163 0.9958804846
63.8 292.2 2032.3 0.9969226718 0.0155863371 -0.0768262222 -0.0119034974 0.9987685084 0.0481642336 0.0774823204 -0.0471015163 0.9958804846
60.3 93.6 2040.1 0.9968785644 0.0176238175 -0.0769579858 -0.0145564862 0.9990841150 0.0402378812 0.0775966421 -0.0389920436 0.9962220788
-81.8 294.3 2021.0 0.1509437710 -0.8350691795 -0.5290325880 0.9878863096 0.1079309657 0.1114968583 -0.0360085852 -0.5394538045 0.8412448764
-120.6 40.0 2030.3 -0.0293475538 -0.8355250955 -0.5486679673 0.9644411206 0.1205701381 -0.2351938933 0.2626633644 -0.5360603333 0.8022763133
209.5 290.0 2043.7 0.1070908085 0.9939230680 0.0254654437 -0.9902844429 0.1043436900 0.0919190496 0.0887033045 -0.0350617170 0.9954407811
238.2 24.7 2067.4 -0.0008673326 0.9984266162 0.0560676865 -0.9785394073 0.0107058184 -0.2057815045 -0.2060579807 -0.0550429188 0.9769904613
-36.8 -103.7 2038.1 0.9672305584 0.0683224201 -0.2445343584 -0.0483213440 0.9950458407 0.0868837237 0.2492589951 -0.0722203627 0.9657402039
-63.9 -499.2 2066.9 0.9677738547 0.0523417182 -0.2463211864 -0.0388090536 0.9974747896 0.0594798923 0.2488124520 -0.0480035916 0.9673613906
146.0 -106.8 2053.3 0.9777876139 0.0730918944 -0.1964407861 -0.0594483502 0.9954487681 0.0744823888 0.2009907961 -0.0611498766 0.9776826501
117.0 -502.4 2077.6 0.9802960753 -0.0430787280 -0.1927793175 0.0673727915 0.9903274179 0.1212953702 0.1856893897 -0.1318934560 0.9737163782
-113.0 -210.7 1962.0 0 0 0 0 0 0 0 0 0
237.9 -255.0 2008.5 0 0 0 0 0 0 0 0 0
-83.9 -880.2 2085.2 0 0 0 0 0 0 0 0 0
133.4 -880.7 2128.0 0 0 0 0 0 0 0 0 0
66.8 495.8 2027.8 7 0.9960689545 0.0132763442 -0.0875808150 -0.0101666907 0.9993051887 0.0358571112 0.0879960209 -0.0348257497 0.9955118895
64.1 293.0 2034.8 0.9960689545 0.0132763442 -0.0875808150 -0.0101666907 0.9993051887 0.0358571112 0.0879960209 -0.0348257497 0.9955118895
61.3 94.5 2041.0 0.9960488677 0.0143961310 -0.0876322165 -0.0116166910 0.9994156957 0.0321448930 0.0880437717 -0.0309998877 0.9956341386
-81.4 294.8 2022.0 0.1492184997 -0.8294820189 -0.5382317901 0.9884558916 0.1106841043 0.1034599543 -0.0262444671 -0.5474565029 0.8364225030
-120.0 39.0 2028.8 -0.0276286285 -0.8298318386 -0.5573291183 0.9660038352 0.1212047189 -0.2283550054 0.2570471764 -0.5446912050 0.7982720137
209.6 291.3 2047.7 0.1078279987 0.9940583706 0.0148695791 -0.9909683466 0.1062694490 0.0817838237 0.0797177106 -0.0235538669 0.9965391755
238.5 26.3 2069.0 -0.0005211342 0.9989853501 0.0450334325 -0.9788235426 0.0087089976 -0.2045204788 -0.2047051638 -0.0441863649 0.9778258204
-34.6 -103.6 2040.7 0.9641532898 0.0725736171 -0.2552283406 -0.0548767485 0.9956120253 0.0757971033 0.2596092820 -0.0590739213 0.9639052153
-63.4 -499.2 2064.2 0.9652987123 0.0529988036 -0.2557137609 -0.0364430547 0.9969469309 0.0690559670 0.2585929334 -0.0573406480 0.9642830491
148.3 -106.2 2054.9 0.9752987027 0.0777138546 -0.2067681104 -0.0645404458 0.9954765439 0.0697211325 0.2112510949 -0.0546540208 0.9759026170
117.4 -501.8 2076.7 0.9786259532 -0.0431993715 -0.2010599077 0.0716908053 0.9880206585 0.1366588324 0.1927477717 -0.1481520236 0.9699996114
-112.8 -212.0 1962.0 0 0 0 0 0 0 0 0 0
238.3 -253.5 2010.5 0 0 0 0 0 0 0 0 0
-83.7 -880.1 2086.1 0 0 0 0 0 0 0 0 0
133.9 -879.3 2133.3 0 0 0 0 0 0 0 0 0
67.5 497.2 2026.3 8 0.9972758293 0.0127423285 -0.0726539642 -0.0096890870 0.9990612268 0.0422230773 0.0731237754 -0.0414041020 0.9964630604
64.9 294.2 2034.7 0.9972758293 0.0127423285 -0.0726539642 -0.0096890870 0.9990612268 0.0422230773 0.0731237754 -0.0414041020 0.9964630604
62.2 95.6 2041.6 0.9972570539 0.0136771156 -0.0727416053 -0.0111089163 0.9993045926 0.0355939269 0.0731778368 -0.0346882157 0.9967154860
-80.8 295.8 2024.0 0.1514712423 -0.8359513879 -0.5274862647 0.9883337617 0.1194987223 0.0944271237 -0.0159025509 -0.5356354713 0.8442995548
-120.0 40.0 2028.1 -0.0325150713 -0.8357528448 -0.5481423140 0.9666740298 0.1130443290 -0.2297005653 0.2539372742 -0.5373436213 0.8042249084
210.5 292.6 2045.4 0.1048413217 0.9940730929 0.0287578534 -0.9903215170 0.1017137691 0.0944330841 0.0909483209 -0.0383800119 0.9951157570
238.6 27.6 2069.7 0.0035534757 0.9982896447 0.0583533123 -0.9794000983 0.0152559299 -0.2013521045 -0.2018979490 -0.0564357415 0.9777792096
-32.9 -103.1 2039.1 0.9675347805 0.0762770101 -0.2409528941 -0.0592613965 0.9952604175 0.0771023184 0.2456920147 -0.0603199676 0.9674693346
-63.2 -498.6 2063.1 0.9690014124 0.0527599342 -0.2413557768 -0.0363873765 0.9967551231 0.0717998743 0.2443607599 -0.0607918799 0.9677768946
149.8 -105.2 2055.2 0.9776844978 0.0832830071 -0.1928650141 -0.0720788762 0.9953169823 0.0644107983 0.1973261535 -0.0490719453 0.9791089296
116.7 -500.8 2074.7 0.9814779758 -0.0424763560 -0.1868065894 0.0678148344 0.9890050292 0.1314163506 0.1791705638 -0.1416505128 0.9735671878
-111.6 -211.3 1962.1 0 0 0 0 0 0 0 0 0
239.6 -252.4 2012.0 0 0 0 0 0 0 0 0 0
-83.4 -879.5 2086.3 0 0 0 0 0 0 0 0 0
132.9 -878.6 2128.9 0 0 0 0 0 0 0 0 0
66.8 495.5 2025.0 9 0.9966446161 0.0103866803 -0.0811884701 -0.0067468276 0.9989651442 0.0449785851 0.0815716311 -0.0442798994 0.9956833720
64.7 292.9 2034.0 0.9966446161 0.0103866803 -0.0811884701 -0.0067468276 0.9989651442 0.0449785851 0.0815716311 -0.0442798994 0.9956833720
62.4 94.3 2041.5 0.9966263175 0.0115382187 -0.0812577978 -0.0084161600 0.9992169738 0.0386598930 0.0816402361 -0.0378455892 0.9959430695
-80.9 294.1 2022.1 0.1506145895 -0.8319680095 -0.5339891911 0.9883092642 0.1137853116 0.1014778093 -0.0236661658 -0.5430305004 0.8393794298
-119.6 40.5 2028.1 -0.0354756638 -0.8319413066 -0.5537284017 0.9661832452 0.1130513549 -0.2317527682 0.2554044425 -0.5432246923 0.7997971773
210.3 291.6 2045.9 0.1072613969 0.9940261245 0.0201754626 -0.9897369146 0.1048273593 0.0971190259 0.0944239125 -0.0303855222 0.9950682521
238.7 29.6 2070.9 0.0033530004 0.9986680150 0.0514877662 -0.9786819220 0.0138505474 -0.2049142718 -0.2053544521 -0.0497030653 0.9774247408
-32.0 -101.9 2041.8 0.9653684497 0.0766493306 -0.2493764907 -0.0586424731 0.9951590896 0.0788634270 0.2542141080 -0.0615082122 0.9651901126
-62.5 -497.4 2066.2 0.9651364088 0.0748898983 -0.2508050203 -0.0617935732 0.9963017702 0.0597025640 0.2543486059 -0.0421229824 0.9661948085
150.9 -104.0 2055.2 0.9751135707 0.0935702845 -0.2009927928 -0.0808530748 0.9942229986 0.0705935508 0.2064371109 -0.0525858402 0.9770457745
113.7 -499.1 2076.1 0.9785246253 -0.0665732771 -0.1950835288 0.0929802284 0.9872116446 0.1294908524 0.1839680970 -0.1448488981 0.9722008705
-110.3 -210.6 1961.8 0 0 0 0 0 0 0 0 0
239.6 -250.2 2012.2 0 0 0 0 0 0 0 0 0
-91.1 -878.0 2082.3 0 0 0 0 0 0 0 0 0
139.2 -876.2 2131.4 0 0 0 0 0 0 0 0 0
67.5 493.9 2024.4 0 0.9945339561 0.0113334386 -0.1037964746 -0.0063862260 0.9988330603 0.0478715114 0.1042179018 -0.0469469763 0.9934458137
65.2 291.4 2033.9 0.9945339561 0.0113334386 -0.1037964746 -0.0063862260 0.9988330603 0.0478715114 0.1042179018 -0.0469469763 0.9934458137
62.7 92.8 2041.9 0.9945150614 0.0122339148 -0.1038755402 -0.0079905670 0.9991202354 0.0411686152 0.1042878106 -0.0401127860 0.9937378764
-80.1 292.5 2018.7 0.1522189677 -0.8197358847 -0.5521435738 0.9879434109 0.1102399230 0.1086965725 -0.0282342155 -0.5620322824 0.8266332746
-119.3 37.9 2026.0 -0.0346573330 -0.8198841214 -0.5714795589 0.9682118893 0.1141916290 -0.2225443423 0.2477187514 -0.5610261559 0.7898640037
210.4 290.2 2049.1 0.1079836115 0.9941521883 -0.0010039001 -0.9904476404 0.1076682135 0.0861454606 0.0857497826 -0.0083079869 0.9962820411
238.9 29.1 2071.7 0.0031696835 0.9995400906 0.0301588271 -0.9791456461 0.0092285518 -0.2029497027 -0.2031346858 -0.0288865995 0.9787245989
-31.3 -103.5 2041.6 0.9593386650 0.0761459842 -0.2717925012 -0.0579542927 0.9955464005 0.0743547752 0.2762438655 -0.0555798672 0.9594791532
-61.6 -499.1 2063.6 0.9582698345 0.0918705240 -0.2707004249 -0.0703211576 0.9936105609 0.0882779434 0.2770809233 -0.0655581206 0.9586074948
151.5 -105.0 2056.5 0.9703456163 0.0949424505 -0.2222956717 -0.0784164295 0.9935389757 0.0820438191 0.2286488414 -0.0621792302 0.9715211987
113.8 -499.8 2081.2 0.9738820791 -0.0521403924 -0.2209866941 0.0748179108 0.9926118255 0.0955200046 0.2143735439 -0.1095589772 0.9705878496
-110.3 -213.8 1961.6 0 0 0 0 0 0 0 0 0
239.8 -250.8 2013.7 0 0 0 0 0 0 0 0 0
-96.7 -878.6 2088.7 0 0 0 0 0 0 0 0 0
133.7 -878.8 2123.1 0 0 0 0 0 0 0 0 0
68.1 494.0 2023.6 1 0.9937107563 0.0152673433 -0.1109317616 -0.0095605850 0.9986119866 0.0517948642 0.1115685552 -0.0504085422 0.9924774170
65.0 290.8 2033.8 0.9937107563 0.0152673433 -0.1109317616 -0.0095605850 0.9986119866 0.0517948642 0.1115685552 -0.0504085422 0.9924774170
61.9 92.3 2041.9 0.9936929345 0.0153660430 -0.1110775247 -0.0107216081 0.9990478754 0.0422896147 0.1116215885 -0.0408319607 0.9929115772
-80.2 292.4 2017.5 0.1541170776 -0.8159893751 -0.5571438074 0.9874440432 0.1074129269 0.1158303916 -0.0346719213 -0.5679998398 0.8222980499
-119.9 37.8 2026.5 -0.0339051485 -0.8164382577 -0.5764364600 0.9671210647 0.1186537147 -0.2249403298 0.2520462275 -0.5651105046 0.7855716348
210.1 289.2 2050.1 0.1090160236 0.9940108657 -0.0076111131 -0.9905873537 0.1092718020 0.0824400336 0.0827779621 -0.0014478116 0.9965669513
239.0 27.2 2072.0 0.0002026494 0.9997306466 0.0232088026 -0.9801620245 0.0047985092 -0.1981397867 -0.1981977820 -0.0227082334 0.9798989892
-30.9 -105.0 2040.3 0.9573585987 0.0789664537 -0.2779007256 -0.0573022366 0.9947108030 0.0852462500 0.2831624448 -0.0656868964 0.9568198919
-62.3 -500.3 2066.4 0.9571069479 0.0742141008 -0.2800688744 -0.0607591830 0.9965558052 0.0564341731 0.2832924724 -0.0369967856 0.9583196640
151.5 -106.4 2059.4 0.9688633084 0.0901968554 -0.2305828929 -0.0761710107 0.9947016239 0.0690409616 0.2355884612 -0.0493275188 0.9706002474
115.6 -501.7 2079.0 0.9729647040 -0.0419330746 -0.2271152288 0.0673904642 0.9921309352 0.1055210680 0.2209032327 -0.1179736704 0.9681342840
-111.1 -213.5 1961.0 0 0 0 0 0 0 0 0 0
239.0 -253.0 2015.4 0 0 0 0 0 0 0 0 0
-90.6 -880.8 2080.5 0 0 0 0 0 0 0 0 0
131.6 -880.6 2124.1 0 0 0 0 0 0 0 0 0
67.7 493.2 2023.7 2 0.9936964512 0.0149218868 -0.1111064479 -0.0092519876 0.9986366630 0.0513730384 0.1117215604 -0.0500212498 0.9924798012
64.7 290.5 2033.8 0.9936964512 0.0149218868 -0.1111064479 -0.0092519876 0.9986366630 0.0513730384 0.1117215604 -0.0500212498 0.9924798012
61.7 92.0 2042.6 0.9936850667 0.0150211770 -0.1111949086 -0.0100119021 0.9989154339 0.0454715788 0.1117573529 -0.0440711565 0.9927577972
-80.4 291.9 2017.5 0.1543816328 -0.8153822422 -0.5579589009 0.9874923229 0.1090394184 0.1138827056 -0.0320184156 -0.5685615540 0.8220173717
-120.0 38.6 2025.7 -0.0327148028 -0.8157128692 -0.5775311589 0.9680681825 0.1178337708 -0.2212671638 0.2485431433 -0.5663282871 0.7858107686
209.9 289.0 2050.2 0.1085341722 0.9940635562 -0.0076123988 -0.9904683828 0.1087886021 0.0844833329 0.0848099515 -0.0016294890 0.9963958263
238.8 25.2 2072.7 -0.0025132515 0.9997305274 0.0230760705 -0.9805665612 0.0020631130 -0.1961758435 -0.1961705983 -0.0231206622 0.9802971482
-32.2 -105.3 2039.8 0.9577473402 0.0723699853 -0.2783570588 -0.0508036278 0.9951753616 0.0839345977 0.2830884457 -0.0662465841 0.9568032026
-61.0 -500.8 2066.1 0.9569957852 0.0759467408 -0.2799841762 -0.0613715500 0.9962812662 0.0604748502 0.2835358679 -0.0406911150 0.9580979347
150.0 -107.2 2060.3 0.9690129757 0.0895795152 -0.2301942408 -0.0734328553 0.9942612648 0.0777954012 0.2358420938 -0.0584809296 0.9700301290
114.4 -502.4 2083.5 0.9713030457 -0.0628192127 -0.2293995619 0.0846325308 0.9926492572 0.0865145102 0.2222785354 -0.1034464762 0.9694797993
-111.5 -213.0 1961.1 0 0 0 0 0 0 0 0 0
238.1 -255.1 2016.7 0 0 0 0 0 0 0 0 0
-90.0 -881.3 2081.7 0 0 0 0 0 0 0 0 0
138.4 -881.5 2123.0 0 0 0 0 0 0 0 0 0
67.9 494.0 2023.2 3 0.9931810498 0.0124531928 -0.1159149781 -0.0062547955 0.9985383749 0.0536845736 0.1164140999 -0.0525934771 0.9918072820
65.4 291.5 2033.9 0.9931810498 0.0124531928 -0.1159149781 -0.0062547955 0.9985383749 0.0536845736 0.1164140999 -0.0525934771 0.9918072820
62.9 93.0 2043.0 0.9931687713 0.0126460399 -0.1159993783 -0.0072328858 0.9988701940 0.0469681546 0.1164622828 -0.0458082929 0.9921381474
-79.7 292.5 2016.9 0.1548316181 -0.8124389052 -0.5621122718 0.9874485135 0.1093024313 0.1140104905 -0.0311863180 -0.5727093816 0.8191650510
-119.7 37.3 2024.9 -0.0342305228 -0.8127336502 -0.5816289783 0.9683786631 0.1169318482 -0.2203854322 0.2471256107 -0.5707809925 0.7830312848
210.5 290.4 2050.9 0.1071777493 0.9941599965 -0.0126038678 -0.9903625846 0.1078696623 0.0868680254 0.0877202824 0.0031720803 0.9961401224
239.2 25.1 2074.4 -0.0062925415 0.9998182058 0.0179978814 -0.9808566570 -0.0026681465 -0.1947129071 -0.1946294904 -0.0188785791 0.9806951284
-32.4 -105.6 2041.1 0.9560559392 0.0769485831 -0.2829062045 -0.0541953184 0.9946977496 0.0874029100 0.2881317139 -0.0682298765 0.9551569819
-63.0 -500.9 2068.2 0.9562681913 0.0587949827 -0.2865211070 -0.0506931730 0.9980788827 0.0356195793 0.2880649269 -0.0195372067 0.9574115872
149.9 -107.5 2061.6 0.9681589603 0.0854678899 -0.2352944463 -0.0695275739 0.9947382808 0.0752437636 0.2404873222 -0.0564884767 0.9690071940
115.9 -502.8 2084.0 0.9699582458 -0.0580647998 -0.2362402976 0.0751721710 0.9951109290 0.0640574396 0.2313658148 -0.0798917338 0.9695809484
-110.8 -214.4 1960.7 0 0 0 0 0 0 0 0 0
237.4 -255.3 2018.8 0 0 0 0 0 0 0 0 0
-85.4 -882.1 2075.7 0 0 0 0 0 0 0 0 0
138.1 -882.8 2114.6 0 0 0 0 0 0 0 0 0
67.5 494.0 2023.0 4 0.9925028086 0.0097877495 -0.1218291372 -0.0030102143 0.9984434843 0.0556916669 0.1221846044 -0.0549074076 0.9909874201
65.5 292.0 2034.1 0.9925028086 0.0097877495 -0.1218291372 -0.0030102143 0.9984434843 0.0556916669 0.1221846044 -0.0549074076 0.9909874201
63.5 93.5 2043.5 0.9924889207 0.0102675464 -0.1219026744 -0.0043922029 0.9988198876 0.0483682342 0.1222554445 -0.0474695154 0.9913628101
-79.4 292.6 2016.2 0.1547486186 -0.8087755442 -0.5673931241 0.9875400066 0.1100076661 0.1125303283 -0.0285941865 -0.5777373314 0.8157217503
-119.4 37.5 2023.6 -0.0377970226 -0.8088979125 -0.5867329836 0.9693144560 0.1130437776 -0.2182902247 0.2429010123 -0.5769794583 0.7798036933
210.5 291.3 2052.0 0.1075127572 0.9940315485 -0.0185010303 -0.9902312756 0.1087264866 0.0872962028 0.0887867287 0.0089348434 0.9960106015
239.2 26.8 2075.7 -0.0046339873 0.9999125004 0.0123905921 -0.9810205102 -0.0021437840 -0.1938922703 -0.1938487440 -0.0130539183 0.9809445739
-30.7 -104.9 2041.4 0.9535509944 0.0882461667 -0.2880158424 -0.0627467409 0.9933421016 0.0966142043 0.2946240902 -0.0740545169 0.9527395368
-65.8 -499.6 2070.8 0.9548625946 0.0426676534 -0.2939674556 -0.0385895520 0.9990617037 0.0196617004 0.2945305407 -0.0074301511 0.9556131959
151.5 -106.2 2062.8 0.9662067294 0.0905589610 -0.2413371950 -0.0747291371 0.9944561720 0.0739758611 0.2466984391 -0.0534410514 0.9676176310
115.5 -501.4 2084.0 0.9681542516 -0.0655312762 -0.2416256517 0.0849401131 0.9938678741 0.0707942545 0.2355047315 -0.0890634730 0.9677836895
-109.6 -214.4 1960.5 0 0 0 0 0 0 0 0 0
237.9 -253.6 2020.3 0 0 0 0 0 0 0 0 0
-82.1 -881.2 2073.7 0 0 0 0 0 0 0 0 0
140.5 -881.1 2118.0 0 0 0 0 0 0 0 0 0
67.0 494.9 2017.4 5 0.9897518754 0.0105861090 -0.1424048543 0.0005915678 0.9969357848 0.0782218874 0.1427965611 -0.0775045007 0.9867128134
64.9 291.2 2033.2 0.9897518754 0.0105861090 -0.1424048543 0.0005915678 0.9969357848 0.0782218874 0.1427965611 -0.0775045007 0.9867128134
62.6 92.9 2045.5 0.9897196889 0.0112921428 -0.1425742060 -0.0023431487 0.9980246425 0.0627797768 0.1430014968 -0.0618003085 0.9877911210
-79.7 291.5 2012.3 0.1538904905 -0.7967887521 -0.5843333006 0.9872552752 0.0997189060 0.1240290403 -0.0405558683 -0.5959729552 0.8019796610
-119.3 37.4 2022.8 -0.0377331711 -0.7975954413 -0.6020113826 0.9693456888 0.1171536148 -0.2159721106 0.2427861840 -0.5917064548 0.7687251568
209.4 290.9 2054.1 0.1131526753 0.9928819537 -0.0371731855 -0.9898168445 0.1158975959 0.0826456621 0.0863656700 0.0274430662 0.9958854318
239.4 28.4 2077.0 -0.0000090755 0.9999896288 -0.0045516822 -0.9811345935 -0.0008888627 -0.1933239400 -0.1933259815 0.0044640582 0.9811244011
-29.6 -104.6 2041.8 0.9473719597 0.0798856765 -0.3100075722 -0.0560483485 0.9947975278 0.0850670934 0.3151904345 -0.0632147640 0.9469207525
-61.3 -499.9 2066.9 0.9474309087 0.0687829629 -0.3124797642 -0.0551986545 0.9971139431 0.0521235093 0.3151631653 -0.0321349613 0.9484933019
152.5 -105.4 2064.2 0.9608173370 0.0858648866 -0.2635475695 -0.0711458474 0.9953514934 0.0649127066 0.2678961754 -0.0436189361 0.9624598622
118.4 -501.0 2081.5 0.9648761153 -0.0270149466 -0.2613126040 0.0521778576 0.9945884347 0.0898403376 0.2574714720 -0.1003195271 0.9610642195
-109.5 -214.5 1959.7 0 0 0 0 0 0 0 0 0
239.4 -252.0 2021.7 0 0 0 0 0 0 0 0 0
-87.6 -880.6 2079.1 0 0 0 0 0 0 0 0 0
128.7 -880.7 2119.8 0 0 0 0 0 0 0 0 0
67.5 493.7 2014.6 6 0.9899263978 0.0094181709 -0.1412694156 0.0023559937 0.9965511560 0.0829475224 0.1415634155 -0.0824447721 0.9864900708
65.6 290.7 2031.4 0.9899263978 0.0094181709 -0.1412694156 0.0023559937 0.9965511560 0.0829475224 0.1415634155 -0.0824447721 0.9864900708
63.6 92.5 2045.2 0.9899027944 0.0100437151 -0.1413917392 -0.0000633849 0.9975178242 0.0704145804 0.1417480111 -0.0696946234 0.9874463081
-79.0 290.7 2010.7 0.1559431106 -0.7966168523 -0.5840234160 0.9868907332 0.1007681042 0.1260655522 -0.0415750146 -0.5960263610 0.8018878698
-119.2 36.3 2021.4 -0.0397299938 -0.7970584035 -0.6025938988 0.9713619947 0.1105774716 -0.2103056759 0.2342592180 -0.5936922431 0.7698390484
210.2 290.7 2052.1 0.1098699197 0.9932749867 -0.0365160517 -0.9890565872 0.1128951982 0.0949831232 0.0984668508 0.0256806519 0.9948089123
239.4 27.7 2078.3 0.0003307192 0.9999947548 -0.0032241372 -0.9808528423 -0.0003035158 -0.1947501004 -0.1947500557 0.0032268118 0.9808475971
-30.4 -105.2 2044.7 0.9471094608 0.0823364481 -0.3101682067 -0.0614466034 0.9951708317 0.0765461102 0.3149729073 -0.0534387603 0.9475950599
-63.1 -500.7 2065.9 0.9484449029 0.0549297705 -0.3121458292 -0.0408652239 0.9978403449 0.0514270142 0.3142965734 -0.0360197797 0.9486412406
151.1 -105.6 2070.9 0.9612662196 0.0779404119 -0.2643719614 -0.0675878972 0.9965558052 0.0480459481 0.2672061324 -0.0283166040 0.9632232785
120.1 -501.6 2082.1 0.9657872319 0.0041523841 -0.2593024075 0.0244199783 0.9939729571 0.1068708301 0.2581833601 -0.1095466390 0.9598650336
-108.9 -216.2 1960.5 0 0 0 0 0 0 0 0 0
239.5 -252.7 2022.6 0 0 0 0 0 0 0 0 0
-84.1 -881.8 2079.7 0 0 0 0 0 0 0 0 0
118.5 -881.1 2124.0 0 0 0 0 0 0 0 0 0
67.8 495.4 2018.7 7 0.9925567508 0.0115555804 -0.1212335676 -0.0028214860 0.9974028468 0.0719692111 0.1217503548 -0.0710914657 0.9900115132
65.5 292.2 2033.2 0.9925567508 0.0115555804 -0.1212335676 -0.0028214860 0.9974028468 0.0719692111 0.1217503548 -0.0710914657 0.9900115132
62.9 93.9 2045.5 0.9925302267 0.0126614524 -0.1213401929 -0.0050066453 0.9979893565 0.0631839111 0.1218962148 -0.0621044338 0.9905979633
-79.5 293.0 2015.4 0.1526062638 -0.8077125549 -0.5694837570 0.9879708290 0.1101063937 0.1085829511 -0.0250000153 -0.5792037249 0.8147993684
-119.2 35.7 2021.9 -0.0428337269 -0.8074692488 -0.5883525610 0.9712980986 0.1042581499 -0.2137996405 0.2339771837 -0.5806235075 0.7798275352
210.4 291.5 2051.0 0.1095477864 0.9938147068 -0.0182087980 -0.9882518649 0.1108621508 0.1052040011 0.1065719575 0.0064700129 0.9942839146
239.6 28.5 2079.3 0.0025132378 0.9998793602 0.0153266089 -0.9808611870 0.0054488424 -0.1946319640 -0.1946920007 -0.0145441201 0.9807565808
-29.2 -105.7 2046.1 0.9524025321 0.0915279090 -0.2907783091 -0.0738792568 0.9947274327 0.0711281523 0.2957553864 -0.0462601520 0.9541429281
-65.6 -501.0 2064.4 0.9554760456 0.0393465683 -0.2924334705 -0.0250179060 0.9983033538 0.0525787957 0.2940061092 -0.0429217070 0.9548393488
152.3 -105.7 2072.1 0.9659562111 0.0846903846 -0.2444505841 -0.0755610019 0.9960561991 0.0465032905 0.2474249005 -0.0264492128 0.9685459733
118.7 -501.5 2082.6 0.9701331854 -0.0248304699 -0.2412985712 0.0458138734 0.9955999255 0.0817424804 0.2382071465 -0.0903559178 0.9670021534
-108.1 -216.8 1961.0 0 0 0 0 0 0 0 0 0
240.3 -251.9 2023.7 0 0 0 0 0 0 0 0 0
-80.6 -882.3 2080.8 0 0 0 0 0 0 0 0 0
128.2 -881.6 2117.1 0 0 0 0 0 0 0 0 0
67.7 498.0 2020.2 8 0.9916504622 0.0105371727 -0.1285237670 -0.0017211252 0.9976487160 0.0685137212 0.1289435178 -0.0677204579 0.9893369079
65.6 295.3 2034.0 0.9916504622 0.0105371727 -0.1285237670 -0.0017211252 0.9976487160 0.0685137212 0.1289435178 -0.0677204579 0.9893369079
63.2 97.0 2045.8 0.9916232228 0.0119169019 -0.1286132038 -0.0041402131 0.9981557131 0.0605644882 0.1290977448 -0.0595246665 0.9898437262
-79.3 295.9 2015.1 0.1513426453 -0.8040440083 -0.5749857426 0.9881404042 0.1077845246 0.1093666852 -0.0259610657 -0.5847184658 0.8108207583
-118.9 37.0 2021.9 -0.0425015055 -0.8038783669 -0.5932732821 0.9720955491 0.1038447917 -0.2103484273 0.2307028919 -0.5856584907 0.7770330310
210.4 294.7 2052.8 0.1092067137 0.9936990142 -0.0252218042 -0.9887918234 0.1111961976 0.0996300727 0.1018068716 0.0140588405 0.9947048426
239.7 29.8 2080.1 0.0035939836 0.9999620914 0.0079300962 -0.9808156490 0.0050705788 -0.1948717088 -0.1949045360 -0.0070775966 0.9807966948
-30.6 -103.9 2046.7 0.9506498575 0.0870604664 -0.2978008986 -0.0697494298 0.9952242374 0.0682919249 0.3023242056 -0.0441502668 0.9521821737
-65.2 -499.4 2064.2 0.9538064003 0.0405592509 -0.2976714373 -0.0206371266 0.9973497391 0.0697679743 0.2997122705 -0.0604020581 0.9521155953
151.4 -104.8 2069.0 0.9643956423 0.0847316161 -0.2505225241 -0.0729856640 0.9957692623 0.0558276400 0.2541930079 -0.0355553813 0.9664997458
117.7 -500.5 2083.1 0.9684752822 -0.0384972729 -0.2461169660 0.0658947378 0.9923846722 0.1040697098 0.2402363122 -0.1170067564 0.9636368155
-107.9 -215.7 1962.0 0 0 0 0 0 0 0 0 0
240.7 -250.6 2024.4 0 0 0 0 0 0 0 0 0
-80.7 -880.4 2087.3 0 0 0 0 0 0 0 0 0
132.4 -879.4 2127.8 0 0 0 0 0 0 0 0 0
66.5 495.5 2021.0 9 0.9906415343 0.0046324832 -0.1364106983 0.0045665079 0.9977394342 0.0670459419 0.1364129186 -0.0670414194 0.9883809686
65.6 292.9 2034.6 0.9906415343 0.0046324832 -0.1364106983 0.0045665079 0.9977394342 0.0670459419 0.1364129186 -0.0670414194 0.9883809686
64.2 94.6 2046.5 0.9906251431 0.0066047311 -0.1364484876 0.0016553211 0.9981768727 0.0603340715 0.1365982145 -0.0599943139 0.9888081551
-79.2 292.7 2014.7 0.1556258053 -0.7998480201 -0.5796756148 0.9871976376 0.1051713899 0.1199158803 -0.0349491872 -0.5909163952 0.8059754372
-118.9 40.5 2023.6 -0.0432568006 -0.7999640703 -0.5984867215 0.9708443880 0.1077150032 -0.2141463608 0.2357753962 -0.5903007388 0.7719811797
210.3 293.2 2054.6 0.1103313342 0.9933416843 -0.0331562012 -0.9886867404 0.1131027713 0.0985204354 0.1016145125 0.0219112039 0.9945825338
239.4 32.1 2081.4 0.0037074010 0.9999931455 0.0000698823 -0.9816253185 0.0036526362 -0.1907836497 -0.1907825917 0.0006387132 0.9816321135
-30.1 -101.0 2045.8 0.9489308000 0.0801454484 -0.3051345050 -0.0615214594 0.9956350327 0.0701854602 0.3094276488 -0.0478288233 0.9497193694
-61.9 -496.7 2064.8 0.9499713778 0.0630250722 -0.3059121072 -0.0467209332 0.9970840812 0.0603367649 0.3088228106 -0.0430257022 0.9501459002
151.8 -101.8 2069.5 0.9623548388 0.0846500844 -0.2582780421 -0.0732937753 0.9958848953 0.0533035100 0.2617273629 -0.0323667154 0.9645989537
118.1 -497.6 2082.3 0.9666115046 -0.0365200862 -0.2536306679 0.0647764727 0.9924693108 0.1039646193 0.2479238659 -0.1169226989 0.9616978765
-107.7 -211.8 1962.3 0 0 0 0 0 0 0 0 0
240.4 -248.5 2026.9 0 0 0 0 0 0 0 0 0
-86.0 -877.5 2081.2 0 0 0 0 0 0 0 0 0
132.1 -876.6 2127.0 0 0 0 0 0 0 0 0 0
67.7 492.9 2017.4 0 0.9911516905 0.0076856096 -0.1325113177 0.0027580799 0.9969142079 0.0784504265 0.1327053607 -0.0781217515 0.9880719781
66.2 290.4 2033.2 0.9911516905 0.0076856096 -0.1325113177 0.0027580799 0.9969142079 0.0784504265 0.1327053607 -0.0781217515 0.9880719781
64.4 92.2 2047.1 0.9911336899 0.0087713962 -0.1325785816 0.0005755046 0.9975258112 0.0702986568 0.1328671724 -0.0697516650 0.9886763692
-78.6 290.3 2013.8 0.1576069891 -0.8008242846 -0.5777893066 0.9869135022 0.1075411960 0.1201525554 -0.0340849347 -0.5891649127 0.8072935343
-119.0 37.4 2022.6 -0.0439326353 -0.8007727861 -0.5973548889 0.9710155725 0.1063898355 -0.2140324861 0.2349438816 -0.5894439220 0.7728888392
211.0 290.5 2052.7 0.1098191515 0.9935145378 -0.0294729285 -0.9874398708 0.1124403626 0.1109942123 0.1135883108 0.0169134550 0.9933839440
239.8 31.1 2082.5 0.0042915386 0.9999791384 0.0048311651 -0.9817014933 0.0051327636 -0.1903571039 -0.1903779358 -0.0039258371 0.9817030430
-27.9 -103.9 2045.9 0.9496139884 0.0835411921 -0.3020830452 -0.0647140294 0.9953157902 0.0718230531 0.3066681921 -0.0486551672 0.9505720735
-61.1 -499.5 2065.3 0.9505377412 0.0704806224 -0.3025069237 -0.0526448376 0.9963816404 0.0667247027 0.3061151505 -0.0474989265 0.9508088231
153.8 -103.6 2071.0 0.9629221559 0.0839099586 -0.2563982010 -0.0757989511 0.9962643981 0.0413732082 0.2589120269 -0.0204044655 0.9656853676
120.4 -499.6 2079.1 0.9678841829 -0.0292654466 -0.2496871799 0.0591496266 0.9918286800 0.1130361557 0.2443388551 -0.1241748109 0.9617063403
-107.6 -215.0 1961.5 0 0 0 0 0 0 0 0 0
241.0 -249.6 2028.1 0 0 0 0 0 0 0 0 0
-88.1 -880.2 2083.4 0 0 0 0 0 0 0 0 0
131.6 -878.5 2126.5 0 0 0 0 0 0 0 0 0
68.1 493.1 2015.1 1 0.9901757240 0.0081113996 -0.1395932287 0.0040131100 0.9962562323 0.0863560215 0.1397711039 -0.0860678405 0.9864361882
66.5 290.8 2032.5 0.9901757240 0.0081113996 -0.1395932287 0.0040131100 0.9962562323 0.0863560215 0.1397711039 -0.0860678405 0.9864361882
64.8 92.7 2047.8 0.9901614785 0.0085203033 -0.1396695971 0.0023110211 0.9970126152 0.0772045925 0.1399101466 -0.0767677948 0.9871838093
-78.2 290.4 2012.1 0.1572580040 -0.7967520952 -0.5834860802 0.9867116809 0.1023165435 0.1262196153 -0.0408654623 -0.5955815911 0.8022546768
-119.0 34.1 2022.7 -0.0466136336 -0.7966770530 -0.6026050448 0.9728384018 0.1007283702 -0.2084209472 0.2267436087 -0.5959525704 0.7703427076
211.1 291.1 2053.0 0.1092567295 0.9933760762 -0.0355935954 -0.9876890779 0.1125248745 0.1086667851 0.1119521558 0.0232828259 0.9934408069
240.1 28.9 2082.7 0.0034346913 0.9999938011 -0.0007680442 -0.9805757403 0.0032173707 -0.1961142719 -0.1961105913 0.0014267176 0.9805807471
-28.2 -106.1 2048.8 0.9467114806 0.0908611268 -0.3090009987 -0.0702663064 0.9945394397 0.0771617591 0.3143247068 -0.0513375662 0.9479264021
-64.3 -501.3 2069.2 0.9485165477 0.0534389913 -0.3121868968 -0.0431219973 0.9982742071 0.0398634262 0.3137784004 -0.0243489984 0.9491840005
153.6 -106.0 2073.2 0.9604337215 0.0873091146 -0.2644695640 -0.0810889900 0.9961141348 0.0343678221 0.2664424777 -0.0115624471 0.9637814760
118.9 -501.8 2077.8 0.9665224552 -0.0260842461 -0.2552527487 0.0601092167 0.9901537299 0.1264217198 0.2494418621 -0.1375324726 0.9585736990
-106.9 -218.8 1963.8 0 0 0 0 0 0 0 0 0
241.1 -251.4 2026.7 0 0 0 0 0 0 0 0 0
-84.7 -882.6 2078.5 0 0 0 0 0 0 0 0 0
128.8 -880.1 2130.3 0 0 0 0 0 0 0 0 0
68.1 494.8 2013.4 2 0.9897301793 0.0080061490 -0.1427235603 0.0051496434 0.9957853556 0.0915697739 0.1428551525 -0.0913643464 0.9855176210
66.4 292.3 2032.0 0.9897301793 0.0080061490 -0.1427235603 0.0051496434 0.9957853556 0.0915697739 0.1428551525 -0.0913643464 0.9855176210
64.7 94.3 2048.3 0.9897127748 0.0087414058 -0.1428013593 0.0030744856 0.9966017008 0.0823140442 0.1430356205 -0.0819063038 0.9863225222
-78.2 291.9 2011.1 0.1579235494 -0.7954614758 -0.5850650668 0.9860465527 0.0954443440 0.1363911182 -0.0526527278 -0.5984408259 0.7994349599
-119.3 35.2 2024.8 -0.0460692458 -0.7958322763 -0.6037620306 0.9723498821 0.1027935445 -0.2096883208 0.2289395779 -0.5967281461 0.7690917850
211.0 292.8 2052.9 0.1075875610 0.9934741259 -0.0378694721 -0.9881663322 0.1110461131 0.1058116108 0.1093263552 0.0260373224 0.9936648607
239.8 28.7 2082.1 0.0027353652 0.9999876022 -0.0041659363 -0.9812360406 0.0018808647 -0.1928012222 -0.1927909851 0.0046151485 0.9812290072
-27.7 -105.7 2050.2 0.9453068376 0.0902120620 -0.3134593666 -0.0730415806 0.9951345921 0.0661216155 0.3178992271 -0.0396096483 0.9472967386
-63.6 -501.1 2066.0 0.9477064610 0.0593911894 -0.3135685027 -0.0410048366 0.9970479608 0.0649150461 0.3164982200 -0.0486625843 0.9473440647
153.9 -105.2 2075.9 0.9594236612 0.0872056112 -0.2681443691 -0.0815197378 0.9961485863 0.0322877690 0.2699273229 -0.0091185914 0.9628375173
119.2 -501.1 2079.5 0.9655618668 -0.0161235463 -0.2596735358 0.0481996648 0.9918863177 0.1176363006 0.2556699216 -0.1261013001 0.9585047364
-107.3 -217.5 1965.3 0 0 0 0 0 0 0 0 0
240.6 -251.8 2027.0 0 0 0 0 0 0 0 0 0
-86.3 -881.9 2084.6 0 0 0 0 0 0 0 0 0
125.4 -880.1 2127.7 0 0 0 0 0 0 0 0 0
67.6 493.2 2013.1 3 0.9903379679 0.0058933529 -0.1385493875 0.0069985054 0.9956994057 0.0923778415 0.1384979635 -0.0924549252 0.9860377312
66.4 290.8 2031.9 0.9903379679 0.0058933529 -0.1385493875 0.0069985054 0.9956994057 0.0923778415 0.1384979635 -0.0924549252 0.9860377312
65.1 92.8 2048.4 0.9903250337 0.0066360394 -0.1386084259 0.0049379705 0.9965380430 0.0829910710 0.1386792958 -0.0828725770 0.9868637919
-78.2 290.1 2011.6 0.1598718315 -0.7981032729 -0.5809235573 0.9854278564 0.0944097713 0.1414874941 -0.0580767654 -0.5950781107 0.8015666604
-119.3 37.1 2026.5 -0.0425579287 -0.7986874580 -0.6002392769 0.9717999697 0.1063769013 -0.2104489058 0.2319344878 -0.5922687650 0.7716372609
211.1 291.6 2052.1 0.1068978831 0.9936897755 -0.0339635834 -0.9879131317 0.1100089848 0.1092044562 0.1122516468 0.0218793452 0.9934388995
239.4 29.9 2081.9 0.0029554460 0.9999955893 -0.0003262720 -0.9813457131 0.0028376074 -0.1922304481 -0.1922286749 0.0008883124 0.9813497663
-27.8 -104.0 2051.4 0.9468949437 0.0853858739 -0.3099988103 -0.0702499002 0.9957421422 0.0596874394 0.3137753308 -0.0347403474 0.9488614798
-61.8 -499.8 2065.2 0.9486901760 0.0654445663 -0.3093605340 -0.0468946472 0.9966482520 0.0670309216 0.3127104342 -0.0490842275 0.9485794306
153.7 -103.5 2077.7 0.9609909058 0.0791312233 -0.2650184333 -0.0765773058 0.9968636036 0.0199719723 0.2657676339 0.0011015143 0.9640364647
122.3 -499.6 2077.2 0.9669421911 -0.0159452073 -0.2544966340 0.0509148464 0.9900185466 0.1314188838 0.2498608828 -0.1400321126 0.9581025839
-108.2 -215.5 1966.2 0 0 0 0 0 0 0 0 0
240.3 -250.6 2026.9 0 0 0 0 0 0 0 0 0
-86.8 -880.5 2084.0 0 0 0 0 0 0 0 0 0
128.4 -877.9 2130.7 0 0 0 0 0 0 0 0 0
67.5 492.1 2011.9 4 0.9913387895 0.0054283454 -0.1312169582 0.0074467049 0.9952144623 0.0974308103 0.1311179101 -0.0975640789 0.9865542650
66.4 290.0 2031.7 0.9913387895 0.0054283454 -0.1312169582 0.0074467049 0.9952144623 0.0974308103 0.1311179101 -0.0975640789 0.9865542650
65.2 92.0 2049.1 0.9913280606 0.0059448364 -0.1312757581 0.0055651148 0.9961807728 0.0871370807 0.1312924027 -0.0871120021 0.9875088930
-78.4 289.1 2012.6 0.1590984911 -0.8022418022 -0.5754091740 0.9854292274 0.0935376063 0.1420563310 -0.0601411313 -0.5896259546 0.8054342270
-119.4 35.5 2028.0 -0.0404812619 -0.8028920889 -0.5947483182 0.9716060758 0.1072416455 -0.2109048516 0.2331156284 -0.5863987803 0.7757535577
211.2 290.8 2050.9 0.1091030166 0.9936576486 -0.0272224937 -0.9865833521 0.1115909889 0.1191668287 0.1214488149 0.0138557991 0.9925009608
240.0 29.9 2083.0 -0.0008700834 0.9999588728 0.0090248641 -0.9793925285 0.0009705811 -0.2019636333 -0.2019640952 -0.0090146102 0.9793514609
-27.0 -105.7 2052.1 0.9493404627 0.0846185088 -0.3026423454 -0.0673122704 0.9954674244 0.0671839342 0.3069556057 -0.0434088819 0.9507333636
-60.7 -501.3 2069.4 0.9501361251 0.0731761307 -0.3031279743 -0.0571529195 0.9964749813 0.0614101328 0.3065531850 -0.0410233401 0.9509691000
154.6 -104.8 2077.5 0.9625428915 0.0849046409 -0.2574923933 -0.0803096965 0.9963672757 0.0283296742 0.2589623332 -0.0065893903 0.9658649564
120.9 -500.7 2080.2 0.9681897163 -0.0262087192 -0.2488408685 0.0570544787 0.9914245605 0.1175674647 0.2436256707 -0.1280250996 0.9613823891
-108.9 -217.1 1967.5 0 0 0 0 0 0 0 0 0
239.8 -250.0 2025.3 0 0 0 0 0 0 0 0 0
-88.6 -882.0 2085.0 0 0 0 0 0 0 0 0 0
130.9 -879.5 2129.1 0 0 0 0 0 0 0 0 0
67.6 494.5 2016.8 5 0.9913427234 0.0052432590 -0.1311948746 0.0061330562 0.9962624907 0.0861590356 0.1311562955 -0.0862177536 0.9876054525
66.6 291.5 2034.4 0.9913427234 0.0052432590 -0.1311948746 0.0061330562 0.9962624907 0.0861590356 0.1311562955 -0.0862177536 0.9876054525
65.2 93.4 2049.8 0.9913251400 0.0069777020 -0.1312471479 0.0032607159 0.9969767332 0.0776324347 0.1313920468 -0.0773869455 0.9883053303
-78.3 291.0 2015.2 0.1586071402 -0.8026338816 -0.5749979615 0.9858613610 0.0968631208 0.1367292404 -0.0540474243 -0.5885545015 0.8066489100
-119.6 34.2 2029.3 -0.0415283516 -0.8033077121 -0.5941145420 0.9697692990 0.1107025221 -0.2174683362 0.2404639721 -0.5851851702 0.7744258642
211.4 291.9 2053.6 0.1082758978 0.9937677979 -0.0264931228 -0.9884873629 0.1104571819 0.1034016684 0.1056836098 0.0149922082 0.9942867756
240.1 29.5 2081.7 -0.0019582130 0.9999704957 0.0074241664 -0.9798400998 -0.0004355279 -0.1997827888 -0.1997736692 -0.0076657133 0.9798120856
-26.9 -106.5 2054.3 0.9491419196 0.0877491012 -0.3023735583 -0.0725422055 0.9954869151 0.0611834005 0.3063777089 -0.0361368842 0.9512238503
-61.8 -502.1 2068.7 0.9506663680 0.0700172037 -0.3022102714 -0.0533623174 0.9965839982 0.0630298480 0.3055910766 -0.0437937155 0.9511551857
154.9 -105.5 2078.4 0.9624031186 0.0897432566 -0.2563715577 -0.0842837170 0.9959204793 0.0322275795 0.2582179010 -0.0094079757 0.9660409093
119.3 -501.2 2082.1 0.9673573971 -0.0390130393 -0.2503950596 0.0641824454 0.9935810566 0.0931517631 0.2451536655 -0.1061820164 0.9636519551
-108.8 -217.9 1966.8 0 0 0 0 0 0 0 0 0
239.6 -250.6 2024.6 0 0 0 0 0 0 0 0 0
-88.5 -882.9 2085.4 0 0 0 0 0 0 0 0 0
134.2 -880.8 2122.7 0 0 0 0 0 0 0 0 0
67.4 493.8 2014.3 6 0.9932467341 0.0066415705 -0.1158309281 0.0044691218 0.9954290986 0.0953989923 0.1159350723 -0.0952723995 0.9886770248
66.1 291.2 2033.7 0.9932467341 0.0066415705 -0.1158309281 0.0044691218 0.9954290986 0.0953989923 0.1159350723 -0.0952723995 0.9886770248
64.6 93.2 2050.3 0.9932303429 0.0076031913 -0.1159124598 0.0021747369 0.9964635968 0.0839971676 0.1161412001 -0.0836806074 0.9897013307
-79.0 290.9 2016.7 0.1574034393 -0.8112195134 -0.5631581545 0.9858593345 0.0958805159 0.1374347806 -0.0574938767 -0.5768274069 0.8148402572
-119.6 36.4 2031.6 -0.0356870070 -0.8119794726 -0.5825940371 0.9696000814 0.1130814478 -0.2169983387 0.2420787662 -0.5726272464 0.7832598090
211.2 291.5 2050.7 0.1083924025 0.9940443635 -0.0112648476 -0.9877461791 0.1089717522 0.1117256060 0.1122877598 -0.0009833969 0.9936752319
239.9 30.0 2080.4 0.0015579703 0.9997482896 0.0223815963 -0.9807223082 0.0059009399 -0.1953175366 -0.1954004318 -0.0216458328 0.9804846644
-27.1 -105.1 2053.1 0.9536150098 0.0867380872 -0.2882618606 -0.0723095909 0.9955546260 0.0603513457 0.2922151983 -0.0367078558 0.9556478262
-61.6 -500.7 2067.7 0.9546112418 0.0764687955 -0.2878713012 -0.0602493472 0.9960777760 0.0648003668 0.2916974127 -0.0445151031 0.9554742575
154.7 -104.5 2077.2 0.9668798447 0.0805292875 -0.2421949357 -0.0754922703 0.9966943264 0.0300218202 0.2438119501 -0.0107436478 0.9697630405
122.7 -500.6 2081.5 0.9713606238 -0.0239389930 -0.2364010364 0.0476813093 0.9943125248 0.0952318385 0.2327767611 -0.1037763730 0.9669774771
-110.3 -215.6 1968.7 0 0 0 0 0 0 0 0 0
240.3 -250.3 2024.5 0 0 0 0 0 0 0 0 0
-90.8 -881.3 2084.7 0 0 0 0 0 0 0 0 0
131.9 -880.4 2121.1 0 0 0 0 0 0 0 0 0
67.9 493.9 2018.0 7 0.9956024885 0.0107651465 -0.0930580944 -0.0026180232 0.9961846471 0.0872311369 0.0936421007 -0.0866039023 0.9918320775
65.7 291.4 2035.6 0.9956024885 0.0107651465 -0.0930580944 -0.0026180232 0.9961846471 0.0872311369 0.0936421007 -0.0866039023 0.9918320775
63.4 93.3 2050.9 0.9955832958 0.0115685705 -0.0931665748 -0.0043276791 0.9969790578 0.0775498971 0.0937822685 -0.0768041834 0.9926258326
-79.7 292.0 2022.0 0.1541618109 -0.8233876824 -0.5461381674 0.9871376753 0.1046621799 0.1208510920 -0.0423472896 -0.5577442050 0.8289319277
-119.7 35.9 2032.9 -0.0349886380 -0.8235417008 -0.5661756396 0.9698517323 0.1087323353 -0.2180938274 0.2411709726 -0.5567371845 0.7949089408
211.1 290.8 2049.3 0.1090502813 0.9939855933 0.0100330031 -0.9869738221 0.1070689783 0.1200786158 0.1182821915 -0.0229969174 0.9927136898
239.9 30.3 2080.6 0.0028842737 0.9990371466 0.0437767208 -0.9805383086 0.0114191705 -0.1959953755 -0.1963065565 -0.0423594490 0.9796271920
-28.0 -105.0 2056.3 0.9596653581 0.0896880329 -0.2664554417 -0.0779786259 0.9954791665 0.0542273894 0.2701143920 -0.0312623158 0.9623205662
-63.6 -500.6 2068.7 0.9614514112 0.0684583336 -0.2663168013 -0.0555363372 0.9968982935 0.0557625592 0.2693081796 -0.0388227291 0.9622712135
154.2 -104.6 2077.6 0.9718737602 0.0833623856 -0.2202545106 -0.0801363960 0.9965054989 0.0235573463 0.2214486301 -0.0052443640 0.9751579165
121.0 -500.6 2079.7 0.9765191674 -0.0334115215 -0.2128237188 0.0565869324 0.9929921627 0.1037518084 0.2078657895 -0.1133586764 0.9715665579
-110.6 -216.2 1970.3 0 0 0 0 0 0 0 0 0
240.7 -250.0 2024.4 0 0 0 0 0 0 0 0 0
-89.8 -881.6 2083.6 0 0 0 0 0 0 0 0 0
133.8 -880.0 2123.0 0 0 0 0 0 0 0 0 0
68.2 493.4 2020.4 8 0.9963993430 0.0119275851 -0.0839408338 -0.0049777091 0.9965767860 0.0825220272 0.0846377760 -0.0818070620 0.9930478334
65.8 291.1 2037.0 0.9963993430 0.0119275851 -0.0839408338 -0.0049777091 0.9965767860 0.0825220272 0.0846377760 -0.0818070620 0.9930478334
63.4 92.9 2051.4 0.9963864088 0.0122246081 -0.0840514079 -0.0060443804 0.9972847104 0.0733940899 0.0847203955 -0.0726208389 0.9937548041
-79.7 292.0 2024.6 0.1544321477 -0.8283039927 -0.5385751724 0.9872397780 0.1079418436 0.1170735210 -0.0388376713 -0.5497827530 0.8344043493
-119.8 35.9 2034.7 -0.0345169939 -0.8282470703 -0.5592989922 0.9702956676 0.1063096970 -0.2173120230 0.2394469529 -0.5501863360 0.7999750972
211.3 290.2 2049.4 0.1084118932 0.9939249754 0.0189734139 -0.9874143600 0.1054517254 0.1178678572 0.1151510328 -0.0315129012 0.9928480387
240.0 28.9 2079.9 0.0021297992 0.9986318946 0.0522471927 -0.9797006845 0.0125569636 -0.2000723481 -0.2004547119 -0.0507604927 0.9783870578
-30.2 -104.4 2057.6 0.9624466896 0.0861268342 -0.2574460804 -0.0750382766 0.9957919121 0.0526093207 0.2608937919 -0.0313153565 0.9648594856
-64.5 -500.2 2070.0 0.9643928409 0.0603812858 -0.2574889362 -0.0485376418 0.9974609017 0.0521133877 0.2599818408 -0.0377598703 0.9648749232
152.3 -105.2 2074.8 0.9740127921 0.0844541043 -0.2101583332 -0.0790775344 0.9962928295 0.0338720120 0.2122398764 -0.0163729712 0.9770804048
118.8 -501.2 2081.3 0.9790129662 -0.0306063313 -0.2014865279 0.0567910336 0.9904680848 0.1254900992 0.1957251877 -0.1342990547 0.9714192748
-110.8 -216.3 1972.5 0 0 0 0 0 0 0 0 0
240.6 -251.1 2022.6 0 0 0 0 0 0 0 0 0
-87.5 -881.4 2084.5 0 0 0 0 0 0 0 0 0
130.5 -879.5 2132.6 0 0 0 0 0 0 0 0 0
67.6 493.1 2022.1 9 0.9964694977 0.0073811249 -0.0836306661 -0.0006977420 0.9968215227 0.0796643794 0.0839528590 -0.0793247670 0.9933073521
66.1 290.8 2038.2 0.9964694977 0.0073811249 -0.0836306661 -0.0006977420 0.9968215227 0.0796643794 0.0839528590 -0.0793247670 0.9933073521
64.7 92.6 2052.2 0.9964661598 0.0070976727 -0.0836950168 -0.0011582074 0.9974897504 0.0708016008 0.0839874446 -0.0704544634 0.9939729571
-79.5 291.0 2025.9 0.1567329764 -0.8284685612 -0.5376566052 0.9868748784 0.1099333316 0.1182902381 -0.0388933681 -0.5491397977 0.8348250389
-120.0 36.0 2036.0 -0.0381155536 -0.8282241821 -0.5590992570 0.9702441692 0.1032070667 -0.2190308571 0.2391096354 -0.5508112907 0.7996459007
211.6 290.7 2050.4 0.1070334613 0.9940593243 0.0197448209 -0.9884456396 0.1042433381 0.1100387797 0.1073268130 -0.0312945135 0.9937311411
240.1 27.5 2079.0 -0.0016340910 0.9986523986 0.0518719070 -0.9795555472 0.0088364268 -0.2009797394 -0.2011672705 -0.0511398315 0.9782210588
-30.5 -104.7 2058.1 0.9628400207 0.0841089338 -0.2566412985 -0.0727220401 0.9959130883 0.0535592064 0.2600972354 -0.0329054669 0.9650216103
-63.9 -500.5 2071.2 0.9644448161 0.0560985245 -0.2582617104 -0.0490226820 0.9982268810 0.0337617993 0.2596977651 -0.0199007131 0.9654848576
152.3 -105.8 2073.6 0.9747168422 0.0823142454 -0.2077291757 -0.0726223961 0.9959034920 0.0538719334 0.2113126516 -0.0374240912 0.9767017961
119.6 -501.5 2088.5 0.9783962965 -0.0230198745 -0.2054526508 0.0403359719 0.9959384203 0.0804963410 0.2027651668 -0.0870444551 0.9753509760
-110.1 -216.2 1973.8 0 0 0 0 0 0 0 0 0
239.7 -252.5 2021.5 0 0 0 0 0 0 0 0 0
-85.3 -881.9 2078.8 0 0 0 0 0 0 0 0 0
128.4 -881.6 2121.7 0 0 0 0 0 0 0 0 0
67.2 491.5 2016.9 0 0.9967156649 0.0062664351 -0.0807379708 0.0014674640 0.9954401851 0.0953765064 0.0809674934 -0.0951817408 0.9921616316
65.9 287.8 2036.4 0.9967156649 0.0062664351 -0.0807379708 0.0014674640 0.9954401851 0.0953765064 0.0809674934 -0.0951817408 0.9921616316
64.6 89.8 2052.9 0.9967064857 0.0066990415 -0.0808161348 0.0000619271 0.9965188503 0.0833675638 0.0810932890 -0.0830980018 0.9932364225
-79.7 287.8 2024.6 0.1525926143 -0.8311114311 -0.5347610116 0.9865790606 0.0962839276 0.1318757385 -0.0581145436 -0.5477072597 0.8346493244
-118.8 34.9 2039.5 -0.0307480432 -0.8316965103 -0.5543784499 0.9688735604 0.1115054190 -0.2210216224 0.2456391156 -0.5439186096 0.8023801446
211.5 287.8 2048.2 0.1148537248 0.9931061268 0.0234267004 -0.9870480895 0.1114306748 0.1154092550 0.1120031923 -0.0363784619 0.9930417538
241.8 27.6 2077.8 -0.0115856146 0.9982057214 0.0587464869 -0.9788492918 0.0006790867 -0.2045814097 -0.2042542249 -0.0598741621 0.9770851135
-28.1 -105.5 2058.5 0.9626420736 0.0912972093 -0.2549215853 -0.0802396908 0.9953406453 0.0534662902 0.2586151361 -0.0310140699 0.9654824138
-64.4 -501.1 2070.8 0.9651523829 0.0488904119 -0.2570809722 -0.0428432859 0.9986586571 0.0290746372 0.2581576109 -0.0170472618 0.9659523964
154.6 -105.7 2073.9 0.9736800790 0.0974460617 -0.2060373425 -0.0882136822 0.9946609735 0.0535528734 0.2101558149 -0.0339680500 0.9770776629
115.9 -500.9 2087.4 0.9771311283 -0.0599375367 -0.2040152848 0.0763913170 0.9943468571 0.0737475753 0.1984417140 -0.0876460522 0.9761859775
-110.8 -216.9 1975.6 0 0 0 0 0 0 0 0 0
238.5 -252.2 2019.4 0 0 0 0 0 0 0 0 0
-83.1 -882.6 2077.3 0 0 0 0 0 0 0 0 0
138.8 -880.4 2120.8 0 0 0 0 0 0 0 0 0
66.4 491.3 2014.3 1 0.9974567294 -0.0007227515 -0.0712705478 0.0080065597 0.9947555661 0.1019668877 0.0708230808 -0.1022781953 0.9922314286
66.5 288.7 2035.2 0.9974567294 -0.0007227515 -0.0712705478 0.0080065597 0.9947555661 0.1019668877 0.0708230808 -0.1022781953 0.9922314286
66.6 90.8 2053.1 0.9974574447 -0.0003913846 -0.0712637380 0.0068066781 0.9959364533 0.0898013115 0.0709390119 -0.0900580585 0.9934068918
-79.2 287.7 2024.8 0.1554177850 -0.8358667493 -0.5264713764 0.9857003093 0.0960898623 0.1384254545 -0.0651166737 -0.5404567719 0.8388481736
-119.6 31.3 2041.8 -0.0336576179 -0.8364876509 -0.5469511747 0.9669832587 0.1110650972 -0.2293640524 0.2526073754 -0.5366124511 0.8051313758
212.2 289.7 2045.5 0.1133243293 0.9929878712 0.0336557850 -0.9873843789 0.1087851971 0.1150558442 0.1105878055 -0.0462698191 0.9927887321
242.6 25.1 2075.2 -0.0169479549 0.9975513220 0.0678537488 -0.9789714217 -0.0027575926 -0.2039787769 -0.2032921761 -0.0698839054 0.9766209722
-28.2 -108.2 2062.0 0.9647430182 0.0880819336 -0.2480171472 -0.0834753066 0.9960862994 0.0290503800 0.2496052980 -0.0073228450 0.9683199525
-63.2 -504.0 2064.9 0.9677677155 0.0653785691 -0.2432104200 -0.0472278669 0.9956969023 0.0797319189 0.2473766208 -0.0656756684 0.9666910172
154.7 -108.2 2076.9 0.9757065177 0.0947775468 -0.1975195855 -0.0870090723 0.9950665832 0.0476643965 0.2010626495 -0.0293204673 0.9791395068
117.0 -503.6 2088.5 0.9801596999 -0.0399169251 -0.1941483766 0.0567268617 0.9950324893 0.0818072706 0.1899184585 -0.0911976174 0.9775550961
-110.9 -220.1 1976.1 0 0 0 0 0 0 0 0 0
237.7 -254.8 2017.1 0 0 0 0 0 0 0 0 0
-88.1 -883.9 2090.0 0 0 0 0 0 0 0 0 0
132.2 -883.5 2123.3 0 0 0 0 0 0 0 0 0
65.8 489.3 2014.1 2 0.9981108904 -0.0011967057 -0.0614266582 0.0075418265 0.9946352839 0.1031684577 0.0609736592 -0.1034368277 0.9927653670
66.1 287.0 2035.1 0.9981108904 -0.0011967057 -0.0614266582 0.0075418265 0.9946352839 0.1031684577 0.0609736592 -0.1034368277 0.9927653670
66.2 89.2 2053.4 0.9981120825 -0.0004890643 -0.0614172257 0.0061510522 0.9957368970 0.0920337886 0.0611103885 -0.0922378153 0.9938600063
-79.7 286.1 2026.2 0.1523592621 -0.8417572975 -0.5179105401 0.9856880903 0.0911629573 0.1418036968 -0.0721500367 -0.5321033597 0.8435996771
-119.0 32.2 2044.7 -0.0314369723 -0.8427147865 -0.5374416113 0.9654236436 0.1136169583 -0.2346239835 0.2587835789 -0.5262346864 0.8100050092
211.9 287.9 2044.0 0.1156909242 0.9923301935 0.0435476303 -0.9870408177 0.1099447608 0.1168870404 0.1112027019 -0.0565060601 0.9921900034
242.5 26.5 2073.5 -0.0209133644 0.9967324138 0.0780203715 -0.9792737961 -0.0046971883 -0.2024864852 -0.2014583647 -0.0806379765 0.9761721492
-24.8 -107.7 2064.4 0.9661369920 0.0982038900 -0.2386112362 -0.0938104764 0.9951461554 0.0297280755 0.2403724641 -0.0063371579 0.9706600308
-63.8 -503.1 2067.0 0.9695749283 0.0701958984 -0.2345144898 -0.0553505756 0.9960588813 0.0693036914 0.2384550869 -0.0542146116 0.9696390629
158.1 -106.4 2077.5 0.9762752652 0.1050559208 -0.1893405318 -0.1001984924 0.9943490624 0.0350740775 0.1919553131 -0.0152703188 0.9812848568
116.4 -501.5 2083.5 0.9824321866 -0.0455294028 -0.1809808761 0.0660653561 0.9918316007 0.1091122478 0.1745347381 -0.1191519499 0.9774152040
-110.8 -218.7 1977.5 0 0 0 0 0 0 0 0 0
236.5 -253.4 2015.9 0 0 0 0 0 0 0 0 0
-90.6 -883.5 2087.7 0 0 0 0 0 0 0 0 0
133.8 -880.3 2129.0 0 0 0 0 0 0 0 0 0
66.4 489.4 2018.4 3 0.9986791015 0.0044545587 -0.0511875264 0.0003575561 0.9956080914 0.0936180949 0.0513797440 -0.0935127363 0.9942914248
65.5 287.3 2037.4 0.9986791015 0.0044545587 -0.0511875264 0.0003575561 0.9956080914 0.0936180949 0.0513797440 -0.0935127363 0.9942914248
64.4 89.3 2053.8 0.9986692667 0.0058142715 -0.0512437448 -0.0015579351 0.9965722561 0.0827121362 0.0515490025 -0.0825222358 0.9952551126
-80.3 287.5 2029.9 0.1478847414 -0.8479260206 -0.5090693235 0.9866264462 0.0908104181 0.1353577673 -0.0685445741 -0.5222786069 0.8500156999
-118.8 30.9 2047.7 -0.0275086910 -0.8490090370 -0.5276617408 0.9638273716 0.1174637228 -0.2392468303 0.2651038468 -0.5151562095 0.8150669336
211.4 287.1 2044.9 0.1212836057 0.9911736250 0.0535265319 -0.9872893691 0.1148770675 0.1098313853 0.1027130038 -0.0661669225 0.9925079346
243.4 26.4 2072.0 -0.0239180252 0.9957872629 0.0885190591 -0.9793800712 -0.0055719297 -0.2019495219 -0.2006055415 -0.0915240347 0.9753875136
-25.3 -109.3 2066.1 0.9687160850 0.0961143002 -0.2288037539 -0.0929026082 0.9953664541 0.0247928482 0.2301265299 -0.0027607661 0.9731568098
-63.5 -504.8 2067.2 0.9725515246 0.0644801557 -0.2235751152 -0.0486072078 0.9959381819 0.0757921562 0.2275540829 -0.0628444180 0.9717354178
157.8 -108.1 2077.3 0.9784936905 0.1046654806 -0.1777503490 -0.0982446596 0.9941635728 0.0445728078 0.1813781559 -0.0261511914 0.9830656648
116.2 -503.2 2087.7 0.9839108586 -0.0456382297 -0.1727327555 0.0619732961 0.9939765930 0.0903874189 0.1675671935 -0.0996379852 0.9808126688
-111.7 -219.7 1978.8 0 0 0 0 0 0 0 0 0
236.6 -253.6 2014.7 0 0 0 0 0 0 0 0 0
-88.1 -885.2 2091.2 0 0 0 0 0 0 0 0 0
133.6 -882.8 2125.8 0 0 0 0 0 0 0 0 0
65.6 490.0 2020.6 4 0.9994290471 0.0008498430 -0.0337774009 0.0021605198 0.9960304499 0.0889871716 0.0337189473 -0.0890093446 0.9954598546
65.4 287.4 2038.7 0.9994290471 0.0008498430 -0.0337774009 0.0021605198 0.9960304499 0.0889871716 0.0337189473 -0.0890093446 0.9954598546
65.0 89.3 2054.2 0.9994267821 0.0020252750 -0.0337934308 0.0006129838 0.9969627261 0.0778777450 0.0338485129 -0.0778538212 0.9963899851
-80.6 287.3 2033.8 0.1539841592 -0.8554369211 -0.4944861233 0.9863192439 0.1032702699 0.1284896284 -0.0588490553 -0.5075065494 0.8596358895
-120.4 32.4 2049.0 -0.0327193625 -0.8555377722 -0.5167054534 0.9657222033 0.1061360314 -0.2368877530 0.2575075030 -0.5067447424 0.8227391243
211.4 287.5 2043.6 0.1140668690 0.9909990430 0.0700687617 -0.9880909324 0.1058348641 0.1116930023 0.1032719389 -0.0819747746 0.9912694097
241.6 25.5 2071.0 -0.0186904203 0.9946244955 0.1018466130 -0.9800692797 0.0019239411 -0.1986468136 -0.1977749318 -0.1035295278 0.9747649431
-28.4 -108.6 2065.5 0.9730275869 0.0951703414 -0.2101427317 -0.0898381174 0.9953482747 0.0347985700 0.2124769837 -0.0149811385 0.9770511985
-66.2 -504.1 2071.4 0.9770994782 0.0456312336 -0.2078327388 -0.0341861583 0.9977116585 0.0583331361 0.2100189626 -0.0498922691 0.9764235020
154.8 -108.9 2074.9 0.9828044176 0.0917458683 -0.1602441370 -0.0862126276 0.9954260588 0.0411626287 0.1632876843 -0.0266397446 0.9862187505
118.3 -504.4 2085.5 0.9873375893 -0.0356862284 -0.1545669138 0.0515196398 0.9936854243 0.0996745974 0.1500338763 -0.1063757092 0.9829415083
-111.9 -218.6 1982.0 0 0 0 0 0 0 0 0 0
236.3 -254.6 2014.5 0 0 0 0 0 0 0 0 0
-83.6 -885.2 2090.5 0 0 0 0 0 0 0 0 0
132.0 -884.0 2126.1 0 0 0 0 0 0 0 0 0
65.6 490.6 2021.7 5 0.9997283816 -0.0018513597 -0.0232333001 0.0038606734 0.9962235093 0.0867400020 0.0229849722 -0.0868061334 0.9959600568
66.0 288.1 2039.3 0.9997283816 -0.0018513597 -0.0232333001 0.0038606734 0.9962235093 0.0867400020 0.0229849722 -0.0868061334 0.9959600568
66.1 89.9 2054.2 0.9997301698 -0.0006766824 -0.0232182089 0.0024130829 0.9971926212 0.0748399273 0.0231023841 -0.0748757645 0.9969252348
-80.0 287.7 2035.9 0.1526365280 -0.8612141609 -0.4847806692 0.9863409400 0.1020182297 0.1293205768 -0.0619162396 -0.4978980720 0.8650224805
-119.6 32.4 2052.0 -0.0272066500 -0.8614169955 -0.5071691871 0.9656418562 0.1085263416 -0.2361308932 0.2584483624 -0.4961681366 0.8288676739
212.0 288.4 2042.7 0.1127009168 0.9903974533 0.0800709426 -0.9882374406 0.1033414677 0.1127267405 0.1033696309 -0.0918335170 0.9903945327
242.2 24.2 2070.3 -0.0281854682 0.9934241176 0.1109687164 -0.9801740050 -0.0056859115 -0.1980570853 -0.1961237341 -0.1143509820 0.9738887548
-27.1 -108.9 2066.5 0.9753265977 0.0947827473 -0.1993845850 -0.0896450579 0.9953705072 0.0346603505 0.2017467469 -0.0159313213 0.9793081284
-64.7 -504.5 2072.9 0.9785612226 0.0569557808 -0.1979242563 -0.0480015948 0.9976074696 0.0497514233 0.2002843469 -0.0391841307 0.9789538980
156.2 -108.8 2072.7 0.9846477509 0.0907739773 -0.1490933746 -0.0850048587 0.9953802824 0.0446350053 0.1524562985 -0.0312760994 0.9878152013
120.2 -504.3 2085.2 0.9895163178 -0.0223797038 -0.1426764131 0.0384970754 0.9930492043 0.1112260818 0.1391954869 -0.1155526489 0.9835000038
-112.5 -218.6 1984.8 0 0 0 0 0 0 0 0 0
234.1 -256.0 2014.3 0 0 0 0 0 0 0 0 0
-86.5 -885.6 2087.8 0 0 0 0 0 0 0 0 0
128.7 -883.7 2129.3 0 0 0 0 0 0 0 0 0
