-54.1 467.5 2126.9 3 0.9966101050 0.0300562866 -0.0765825734 -0.0227765217 0.9952910542 0.0942177922 0.0790537894 -0.0921541154 0.9926016927
-60.2 265.1 2145.6 0.9966101050 0.0300562866 -0.0765825734 -0.0227765217 0.9952910542 0.0942177922 0.0790537894 -0.0921541154 0.9926016927
-65.9 70.0 2162.2 0.9966217875 0.0290690530 -0.0768117830 -0.0223843288 0.9960005283 0.0864982158 0.0790189952 -0.0844866261 0.9932864904
-202.1 268.3 2134.3 0.1727126986 -0.8361704946 -0.5205662847 0.9840053916 0.1230655685 0.1287951916 -0.0436309539 -0.5344846249 0.8440512419
-247.1 12.4 2145.7 0.0185070895 -0.8365982771 -0.5475041270 0.9523674846 0.1814628392 -0.2450866550 0.3043907285 -0.5168892741 0.8001073599
81.7 261.9 2156.9 0.0766969472 0.7333604097 0.6754998565 -0.9943679571 0.1059612557 -0.0021359010 -0.0731431991 -0.6715316176 0.7373570204
102.9 -12.6 2136.7 -0.0403412916 0.7379029393 0.6737000942 -0.9539220333 0.1721953750 -0.2457264364 -0.2973302901 -0.6525703073 0.6969553232
-168.3 -118.2 2175.2 0.8793388605 -0.0106646884 -0.4760771692 0.0007828900 0.9997802377 -0.0209502149 0.4761959612 0.0180496220 0.8791539073
-164.1 -509.7 2168.2 0.8782521486 0.0453868136 -0.4760390520 -0.0368986912 0.9989496469 0.0271674898 0.4767720997 -0.0062946891 0.8790044188
12.2 -124.4 2183.3 0.9419983029 -0.0482447930 0.3321319520 0.0673246086 0.9966620803 -0.0461741500 -0.3287956715 0.0658566281 0.9421020746
31.1 -514.8 2157.5 0.9446866512 0.0182146486 0.3274681866 -0.0297332909 0.9991014600 0.0302025024 -0.3266237974 -0.0382686071 0.9443793893
-252.2 -253.2 2060.8 0 0 0 0 0 0 0 0 0
91.5 -281.3 2052.9 0 0 0 0 0 0 0 0 0
-181.2 -885.6 2170.5 0 0 0 0 0 0 0 0 0
24.2 -890.9 2171.9 0 0 0 0 0 0 0 0 0
-54.9 467.6 2131.6 4 0.9975222945 0.0266464837 -0.0651089773 -0.0210897326 0.9961926341 0.0845897645 0.0671151057 -0.0830070451 0.9942863584
-60.4 265.5 2148.4 0.9975222945 0.0266464837 -0.0651089773 -0.0210897326 0.9961926341 0.0845897645 0.0671151057 -0.0830070451 0.9942863584
-65.6 70.3 2163.5 0.9975132346 0.0265828036 -0.0652743503 -0.0214307681 0.9966917634 0.0783981383 0.0671424493 -0.0768042952 0.9947828650
-202.4 268.5 2138.8 0.1610623747 -0.8426268697 -0.5138471127 0.9866914153 0.1256914288 0.1031588465 -0.0223382358 -0.5236235857 0.8516568542
-245.2 6.6 2144.8 0.0295369755 -0.8424724936 -0.5379290581 0.9522287250 0.1873644441 -0.2411534190 0.3039538860 -0.5051085353 0.8077607155
81.7 262.4 2158.0 0.0902101099 0.7248592973 0.6829649806 -0.9930693507 0.1173429266 0.0066295993 -0.0753355846 -0.6788296103 0.7304210067
107.1 -16.2 2136.8 -0.0634821579 0.7283367515 0.6822723746 -0.9527724981 0.1592071950 -0.2586071491 -0.2969757617 -0.6664672494 0.6838324070
-161.6 -123.0 2171.6 0.8848848343 0.0081042610 -0.4657393396 -0.0110023255 0.9999333620 -0.0035042567 0.4656798840 0.0082250796 0.8849149942
-164.8 -514.6 2168.4 0.8840796351 0.0427797846 -0.4653741419 -0.0365799516 0.9990807772 0.0223494824 0.4659024477 -0.0027353596 0.8848318458
18.4 -127.1 2185.9 0.9386835098 -0.0334026366 0.3431581259 0.0542249419 0.9972121119 -0.0512607582 -0.3404892087 0.0667253584 0.9378778338
31.5 -517.6 2159.8 0.9398279190 0.0227040257 0.3408929706 -0.0248414017 0.9996895790 0.0019057763 -0.3407438993 -0.0102593619 0.9401001930
-253.4 -259.0 2060.0 0 0 0 0 0 0 0 0 0
89.2 -284.5 2053.2 0 0 0 0 0 0 0 0 0
-180.9 -890.7 2169.4 0 0 0 0 0 0 0 0 0
22.9 -894.0 2163.6 0 0 0 0 0 0 0 0 0
-55.6 472.5 2133.9 5 0.9982960820 0.0266605057 -0.0519056134 -0.0225306656 0.9966527820 0.0785848349 0.0538269840 -0.0772814676 0.9955552220
-60.9 270.8 2149.6 0.9982960820 0.0266605057 -0.0519056134 -0.0225306656 0.9966527820 0.0785848349 0.0538269840 -0.0772814676 0.9955552220
-66.3 75.5 2163.5 0.9982680082 0.0273693819 -0.0520764627 -0.0235668886 0.9971058965 0.0722803026 0.0539040156 -0.0709278360 0.9960238934
-203.2 274.1 2141.9 0.1561667919 -0.8496252298 -0.5037349463 0.9876489043 0.1277580857 0.0907053724 -0.0127093587 -0.5116784573 0.8590829968
-245.5 6.5 2145.3 0.0271104965 -0.8494837880 -0.5269177556 0.9516365528 0.1833022237 -0.2465525866 0.3060276210 -0.4947500229 0.8133692145
81.3 267.4 2157.2 0.0967496783 0.7163419724 0.6910091639 -0.9928985238 0.1177504882 0.0169505607 -0.0692242682 -0.6877419353 0.7226471901
108.9 -16.1 2137.5 -0.0803819597 0.7193981409 0.6899312139 -0.9521437883 0.1493605673 -0.2666713893 -0.2948914170 -0.6783492565 0.6729645729
-160.9 -123.0 2172.5 0.8909293413 0.0104186358 -0.4540224373 -0.0122567117 0.9999243021 -0.0011057110 0.4539765120 0.0065499325 0.8909895420
-165.0 -514.6 2169.9 0.8898158073 0.0467291735 -0.4539209008 -0.0488032438 0.9987828135 0.0071518971 0.4537025988 0.0157889407 0.8910132647
19.3 -126.9 2184.6 0.9343949556 -0.0291155335 0.3550469577 0.0493085198 0.9976316094 -0.0479571968 -0.3528097570 0.0623178035 0.9336175919
30.8 -517.6 2160.2 0.9354891777 0.0113399737 0.3531732857 -0.0126588549 0.9999188781 0.0014247081 -0.3531284630 -0.0058035683 0.9355568290
-253.1 -258.9 2060.0 0 0 0 0 0 0 0 0 0
86.3 -284.3 2054.4 0 0 0 0 0 0 0 0 0
-182.6 -890.7 2163.9 0 0 0 0 0 0 0 0 0
26.5 -894.1 2162.4 0 0 0 0 0 0 0 0 0
-54.6 471.5 2129.6 6 0.9979725480 0.0290846303 -0.0566119812 -0.0240562707 0.9958686829 0.0875605270 0.0589247644 -0.0860211253 0.9945492744
-60.5 269.5 2147.1 0.9979725480 0.0290846303 -0.0566119812 -0.0240562707 0.9958686829 0.0875605270 0.0589247644 -0.0860211253 0.9945492744
-66.4 74.3 2162.4 0.9979340434 0.0299397614 -0.0568440370 -0.0253551472 0.9964941740 0.0797275230 0.0590317734 -0.0781215206 0.9951946139
-202.7 273.1 2138.6 0.1606751233 -0.8470556736 -0.5066362023 0.9866607189 0.1242406443 0.1051900536 -0.0261570197 -0.5167794228 0.8557189107
-245.1 12.4 2145.5 0.0273093209 -0.8469853997 -0.5309142470 0.9523847103 0.1833905578 -0.2435800731 0.3036734164 -0.4989826381 0.8116642237
81.7 265.9 2155.5 0.0967010185 0.7200341225 0.6871679425 -0.9935656786 0.1107302308 0.0237922464 -0.0589590408 -0.6850472093 0.7261089087
108.7 -11.4 2139.0 -0.0826639608 0.7243258357 0.6844843030 -0.9491020441 0.1522459686 -0.2757290602 -0.3039276600 -0.6724382639 0.6748738885
-161.9 -117.7 2172.5 0.8887097836 0.0068898080 -0.4584184289 -0.0039381315 0.9999648929 0.0073943585 0.4584532976 -0.0047661266 0.8887057304
-164.6 -509.3 2174.4 0.8869845271 0.0553637743 -0.4584683776 -0.0676767305 0.9976524711 -0.0104574459 0.4568131566 0.0403032340 0.8886491656
18.5 -121.9 2182.2 0.9360322952 -0.0335184559 0.3503141701 0.0513908155 0.9978016019 -0.0418444313 -0.3481414616 0.0571706668 0.9356970787
31.6 -512.8 2159.8 0.9372607470 0.0198439918 0.3480639756 -0.0251525920 0.9996259212 0.0107393153 -0.3477206826 -0.0188202504 0.9374092817
-252.8 -253.2 2060.8 0 0 0 0 0 0 0 0 0
85.4 -278.8 2053.4 0 0 0 0 0 0 0 0 0
-185.4 -884.9 2159.2 0 0 0 0 0 0 0 0 0
24.2 -889.2 2166.9 0 0 0 0 0 0 0 0 0
-55.1 473.6 2127.4 7 0.9981944561 0.0266929027 -0.0538083501 -0.0215130020 0.9952785969 0.0946454257 0.0560806580 -0.0933169648 0.9940558076
-60.5 271.7 2146.4 0.9981944561 0.0266929027 -0.0538083501 -0.0215130020 0.9952785969 0.0946454257 0.0560806580 -0.0933169648 0.9940558076
-65.8 76.6 2162.9 0.9981741309 0.0269617774 -0.0540501028 -0.0222659595 0.9960744977 0.0856729746 0.0561478250 -0.0843130723 0.9948561192
-202.8 274.8 2138.4 0.1619618088 -0.8478781581 -0.5048475266 0.9864424467 0.1253972203 0.1058625355 -0.0264520533 -0.5151486993 0.8566925526
-246.0 11.5 2145.4 0.0298893563 -0.8477059007 -0.5296238065 0.9512967467 0.1867716908 -0.2452567518 0.3068243265 -0.4964988232 0.8120023012
81.7 268.5 2154.4 0.0901305676 0.7180368900 0.6901445985 -0.9943062663 0.1044292897 0.0212032422 -0.0568466000 -0.6881261468 0.7233608365
107.3 -13.9 2138.2 -0.0854603574 0.7232158184 0.6853140593 -0.9482654333 0.1520433873 -0.2787033021 -0.3057601154 -0.6736777425 0.6728068590
-162.4 -118.6 2172.3 0.8900246620 0.0085099852 -0.4558328986 -0.0107875839 0.9999389648 -0.0023950676 0.4557847083 0.0070490050 0.8900621533
-165.8 -510.2 2169.6 0.8889657259 0.0463203937 -0.4556252360 -0.0446541347 0.9988983274 0.0144271404 0.4557915628 0.0075203166 0.8900547624
18.0 -123.1 2183.0 0.9347946048 -0.0343776159 0.3535212576 0.0527922288 0.9976974726 -0.0425757430 -0.3512436152 0.0584627502 0.9344570637
31.4 -514.0 2160.1 0.9361476898 0.0212501977 0.3509643376 -0.0282276981 0.9994922876 0.0147761023 -0.3504721820 -0.0237395298 0.9362722039
-254.3 -253.9 2059.8 0 0 0 0 0 0 0 0 0
83.3 -281.0 2052.1 0 0 0 0 0 0 0 0 0
-183.2 -886.1 2166.7 0 0 0 0 0 0 0 0 0
23.4 -890.4 2169.0 0 0 0 0 0 0 0 0 0
-56.4 471.8 2127.4 8 0.9985176325 0.0226022843 -0.0495140925 -0.0179442987 0.9955438375 0.0925770104 0.0513859019 -0.0915512815 0.9944736362
-61.0 269.6 2146.0 0.9985176325 0.0226022843 -0.0495140925 -0.0179442987 0.9955438375 0.0925770104 0.0513859019 -0.0915512815 0.9944736362
-65.5 74.4 2162.1 0.9984961152 0.0230962262 -0.0497199297 -0.0188827850 0.9963200092 0.0836051926 0.0514679290 -0.0825406089 0.9952577949
-203.3 272.3 2138.6 0.1617616415 -0.8505309224 -0.5004301071 0.9864022136 0.1244314313 0.1073661670 -0.0290490091 -0.5109930634 0.8590938449
-245.8 13.0 2146.3 0.0361694619 -0.8500315547 -0.5254884362 0.9519793391 0.1892745048 -0.2406460792 0.3040183485 -0.4915500879 0.8160584569
81.3 266.9 2153.3 0.0980070010 0.7146740556 0.6925573349 -0.9938738942 0.1060091928 0.0312531218 -0.0510816462 -0.6913776398 0.7206854820
108.7 -10.7 2139.0 -0.0872704387 0.7195904255 0.6888929009 -0.9487020373 0.1509186476 -0.2778273225 -0.3038886786 -0.6778002381 0.6695061922
-161.3 -116.5 2174.3 0.8921334743 0.0115523776 -0.4516242146 -0.0126386937 0.9999199510 0.0006112423 0.4515951276 0.0051626307 0.8922080398
-165.8 -508.2 2172.3 0.8907864094 0.0502769165 -0.4516324401 -0.0564066097 0.9984079003 -0.0001093141 0.4509078860 0.0255724303 0.8922041059
19.1 -120.5 2184.5 0.9331055284 -0.0313014686 0.3582377136 0.0525298528 0.9973829389 -0.0496774763 -0.3557451963 0.0651725009 0.9323078394
31.4 -511.2 2158.9 0.9346322417 0.0181095358 0.3551543951 -0.0271545649 0.9994210601 0.0204994828 -0.3545775414 -0.0288035404 0.9345828891
-255.9 -252.5 2061.4 0 0 0 0 0 0 0 0 0
84.1 -278.0 2053.4 0 0 0 0 0 0 0 0 0
-184.8 -884.0 2162.7 0 0 0 0 0 0 0 0 0
24.6 -887.6 2169.8 0 0 0 0 0 0 0 0 0
-55.2 468.8 2131.8 9 0.9982837439 0.0251286589 -0.0528967083 -0.0207663197 0.9964601398 0.0814611688 0.0547564737 -0.0802228972 0.9952718019
-60.3 266.5 2148.1 0.9982837439 0.0251286589 -0.0528967083 -0.0207663197 0.9964601398 0.0814611688 0.0547564737 -0.0802228972 0.9952718019
-65.1 71.3 2162.6 0.9982933998 0.0243970547 -0.0530570112 -0.0203782711 0.9969745874 0.0750089362 0.0547264926 -0.0737997219 0.9957703352
-202.6 269.4 2140.3 0.1664656997 -0.8483611941 -0.5025659204 0.9857852459 0.1314354688 0.1046523303 -0.0227279905 -0.5128430724 0.8581814170
-246.4 10.1 2146.3 0.0351863466 -0.8477661610 -0.5292016864 0.9527945518 0.1882461309 -0.2382141650 0.3015700877 -0.4958385825 0.8143706918
81.9 263.6 2155.9 0.0900801420 0.7175322771 0.6906757951 -0.9940641522 0.1072590053 0.0182193201 -0.0610082485 -0.6882172227 0.7229350209
106.9 -11.5 2139.0 -0.0855805948 0.7222695947 0.6862962842 -0.9487043619 0.1513492167 -0.2775850892 -0.3043616712 -0.6748481989 0.6722677350
-160.3 -119.0 2173.6 0.8906013370 0.0098889153 -0.4546773434 -0.0139719946 0.9998865724 -0.0056208717 0.4545702040 0.0113587053 0.8906384706
-164.1 -510.7 2169.2 0.8891934156 0.0548403412 -0.4542329311 -0.0503936000 0.9984892607 0.0219002943 0.4547477365 0.0034168363 0.8906137347
20.2 -122.4 2182.9 0.9345941544 -0.0293529425 0.3545026779 0.0473873839 0.9979806542 -0.0422967263 -0.3525452912 0.0563292280 0.9340978861
31.7 -513.3 2160.9 0.9353135228 0.0306420177 0.3524906635 -0.0364243872 0.9992885590 0.0097818384 -0.3519401550 -0.0219883434 0.9357641935
-256.2 -255.7 2062.2 0 0 0 0 0 0 0 0 0
82.8 -278.8 2053.3 0 0 0 0 0 0 0 0 0
-184.8 -886.5 2167.9 0 0 0 0 0 0 0 0 0
20.2 -889.7 2169.1 0 0 0 0 0 0 0 0 0
-55.7 467.9 2135.0 0 0.9978722930 0.0243922323 -0.0604642965 -0.0198954102 0.9970679879 0.0738888383 0.0620893314 -0.0725286603 0.9954318404
-60.6 265.4 2149.8 0.9978722930 0.0243922323 -0.0604642965 -0.0198954102 0.9970679879 0.0738888383 0.0620893314 -0.0725286603 0.9954318404
-65.3 70.0 2162.7 0.9978710413 0.0240445789 -0.0606233478 -0.0199453402 0.9975307584 0.0673392266 0.0620927960 -0.0659867153 0.9958866835
-202.8 268.2 2140.9 0.1635179520 -0.8450496793 -0.5090706348 0.9864174724 0.1319036931 0.0978877693 -0.0155717349 -0.5181625485 0.8551403880
-246.2 6.8 2145.1 0.0318573527 -0.8446220160 -0.5344144106 0.9526825547 0.1873741299 -0.2393467724 0.3022930026 -0.5015023351 0.8106259108
81.6 262.5 2158.6 0.0910019577 0.7221540809 0.6857201457 -0.9929895401 0.1179607660 0.0075514005 -0.0754347965 -0.6816001534 0.7278261185
107.0 -15.0 2137.5 -0.0857301652 0.7252664566 0.6831097007 -0.9494265914 0.1483971775 -0.2767080963 -0.3020586669 -0.6722847819 0.6758651733
-160.1 -122.2 2172.1 0.8871888518 0.0163203534 -0.4611177742 -0.0147896614 0.9998666048 0.0069330544 0.4611694217 0.0006688471 0.8873118758
-166.5 -513.8 2171.8 0.8860388994 0.0504716448 -0.4608553350 -0.0462612249 0.9987203479 0.0204355028 0.4612970054 0.0032130817 0.8872399926
20.3 -125.8 2182.0 0.9374263883 -0.0254729632 0.3472505212 0.0421008728 0.9982953072 -0.0404230654 -0.3456288576 0.0525131971 0.9369007945
30.3 -516.9 2161.4 0.9381821752 0.0178607348 0.3456808627 -0.0213432629 0.9997525215 0.0062703891 -0.3454833329 -0.0132607250 0.9383311868
-255.1 -259.0 2060.7 0 0 0 0 0 0 0 0 0
82.9 -282.5 2052.4 0 0 0 0 0 0 0 0 0
-185.5 -889.9 2170.6 0 0 0 0 0 0 0 0 0
23.6 -893.4 2166.4 0 0 0 0 0 0 0 0 0
-55.5 468.8 2129.7 1 0.9959092140 0.0258106831 -0.0865945667 -0.0180057622 0.9958032370 0.0897314548 0.0885471776 -0.0878051817 0.9921943545
-60.8 264.9 2147.6 0.9959092140 0.0258106831 -0.0865945667 -0.0180057622 0.9958032370 0.0897314548 0.0885471776 -0.0878051817 0.9921943545
-65.5 69.8 2163.4 0.9959433675 0.0237788167 -0.0867833793 -0.0166337471 0.9964815378 0.0821456984 0.0884313583 -0.0803689286 0.9928346872
-202.7 267.3 2135.0 0.1654805541 -0.8319140673 -0.5296557546 0.9855234027 0.1194111556 0.1203520223 -0.0368757397 -0.5419040322 0.8396309614
-246.4 7.0 2144.8 0.0342017226 -0.8316931129 -0.5541812181 0.9544723034 0.1915962249 -0.2286340147 0.2963323593 -0.5211309195 0.8003809452
81.1 262.6 2160.2 0.0933661312 0.7382125258 0.6680756211 -0.9924039245 0.1229903400 0.0027899705 -0.0801072642 -0.6632614136 0.7440881133
107.2 -15.1 2137.8 -0.0915097073 0.7396633625 0.6667264104 -0.9494000077 0.1372003555 -0.2825167775 -0.3004423976 -0.6588430405 0.6896812320
-160.2 -123.6 2170.0 0.8748489618 0.0124669774 -0.4842353463 -0.0059218430 0.9998692870 0.0150435725 0.4843595922 -0.0102932882 0.8748084307
-165.1 -515.2 2174.0 0.8730694056 0.0558384135 -0.4843882024 -0.0666400790 0.9977640510 -0.0050947834 0.4830206633 0.0367277674 0.8748383522
20.2 -127.2 2181.2 0.9460470080 -0.0264561009 0.3229476213 0.0396039709 0.9986297488 -0.0342079289 -0.3216000795 0.0451523177 0.9457983971
30.5 -518.4 2163.6 0.9463086128 0.0256166141 0.3222480416 -0.0232933760 0.9996674657 -0.0110640628 -0.3224243224 0.0029637732 0.9465906024
-255.9 -259.2 2062.1 0 0 0 0 0 0 0 0 0
81.5 -282.6 2053.2 0 0 0 0 0 0 0 0 0
-186.1 -890.8 2160.2 0 0 0 0 0 0 0 0 0
20.9 -894.8 2162.4 0 0 0 0 0 0 0 0 0
-55.8 472.1 2133.5 2 0.9954558611 0.0255548861 -0.0917310491 -0.0180982091 0.9965319633 0.0812188759 0.0934884623 -0.0791896358 0.9924660921
-61.0 267.7 2149.7 0.9954558611 0.0255548861 -0.0917310491 -0.0180982091 0.9965319633 0.0812188759 0.0934884623 -0.0791896358 0.9924660921
-65.8 72.5 2164.2 0.9954739809 0.0243214387 -0.0918694586 -0.0173733290 0.9969803095 0.0756867155 0.0934328511 -0.0737480745 0.9928904772
-202.9 270.2 2136.4 0.1646116525 -0.8296465278 -0.5334694386 0.9857792854 0.1198458374 0.1177969500 -0.0337957367 -0.5452739000 0.8375763893
-246.9 6.9 2145.4 0.0332644954 -0.8295253515 -0.5574774742 0.9537170529 0.1931380332 -0.2304810137 0.2988599539 -0.5240089297 0.7975571156
80.8 265.3 2163.0 0.0894573852 0.7415754795 0.6648783684 -0.9917691350 0.1277213842 -0.0090151429 -0.0916045904 -0.6585993171 0.7468972802
106.2 -15.6 2137.1 -0.0903321058 0.7425127029 0.6637130380 -0.9493508935 0.1371906102 -0.2826863825 -0.3009534180 -0.6556322575 0.6925123930
-160.2 -123.9 2171.1 0.8723542690 0.0067676995 -0.4888274074 -0.0087396661 0.9999602437 -0.0017524679 0.4887961149 0.0058009611 0.8723787665
-162.8 -515.5 2168.9 0.8698786497 0.0706184059 -0.4881845415 -0.0599228963 0.9974976778 0.0375186913 0.4896124303 -0.0033832798 0.8719335794
19.8 -126.8 2187.1 0.9475292563 -0.0286285821 0.3183844984 0.0473943762 0.9975554943 -0.0513497256 -0.3161361516 0.0637449995 0.9465698600
31.0 -517.5 2162.1 0.9482308030 0.0273646582 0.3164009154 -0.0295151919 0.9995623231 0.0020054742 -0.3162075281 -0.0112402858 0.9486234784
-256.1 -259.1 2062.1 0 0 0 0 0 0 0 0 0
80.7 -283.0 2052.3 0 0 0 0 0 0 0 0 0
-189.4 -890.7 2170.1 0 0 0 0 0 0 0 0 0
20.7 -893.9 2166.4 0 0 0 0 0 0 0 0 0
-54.2 472.5 2129.9 3 0.9963431954 0.0286722444 -0.0804868490 -0.0215367135 0.9958732128 0.0881629884 0.0826825276 -0.0861071721 0.9928489923
-60.0 269.0 2147.5 0.9963431954 0.0286722444 -0.0804868490 -0.0215367135 0.9958732128 0.0881629884 0.0826825276 -0.0861071721 0.9928489923
-65.1 73.8 2163.0 0.9964068532 0.0257894937 -0.0806741863 -0.0192087516 0.9965037704 0.0813097209 0.0824890658 -0.0794679075 0.9934185743
-202.0 271.7 2135.7 0.1658231020 -0.8352426291 -0.5242828131 0.9854027033 0.1195704192 0.1211792901 -0.0385253951 -0.5367240310 0.8428778648
-246.2 9.4 2146.0 0.0272189993 -0.8353650570 -0.5490213037 0.9537823200 0.1861266196 -0.2359155864 0.2992631197 -0.5172253847 0.8018226027
82.0 266.2 2159.2 0.0899912566 0.7348949313 0.6721837521 -0.9929952025 0.1180924922 0.0038312608 -0.0765642822 -0.6678200364 0.7403744459
107.2 -12.7 2137.7 -0.0973279253 0.7365404367 0.6693544984 -0.9493235946 0.1332463324 -0.2846578658 -0.2988510728 -0.6631391644 0.6862466335
-160.6 -121.2 2170.1 0.8776908517 0.0058081620 -0.4791920781 -0.0095212189 0.9999405146 -0.0053190989 0.4791326821 0.0092310170 0.8776939511
-162.8 -512.9 2166.5 0.8753808737 0.0704283714 -0.4782763124 -0.0553597696 0.9974268675 0.0455516428 0.4802537560 -0.0133977691 0.8770272732
19.4 -124.3 2187.0 0.9439594746 -0.0280580427 0.3288666904 0.0475419499 0.9975482821 -0.0513533913 -0.3266195357 0.0641104802 0.9429790974
30.4 -515.1 2161.9 0.9447698593 0.0191916190 0.3271721303 -0.0188804734 0.9998132586 -0.0041272873 -0.3271902204 -0.0022778278 0.9449557662
-253.8 -256.7 2062.5 0 0 0 0 0 0 0 0 0
79.8 -280.1 2053.5 0 0 0 0 0 0 0 0 0
-189.3 -888.3 2171.6 0 0 0 0 0 0 0 0 0
23.1 -891.6 2162.8 0 0 0 0 0 0 0 0 0
-54.9 473.2 2127.6 4 0.9972624183 0.0349148810 -0.0651811063 -0.0287349839 0.9952090383 0.0934517384 0.0681316778 -0.0913229287 0.9934878945
-62.1 270.6 2146.2 0.9972624183 0.0349148810 -0.0651811063 -0.0287349839 0.9952090383 0.0934517384 0.0681316778 -0.0913229287 0.9934878945
-68.7 75.6 2162.5 0.9972820282 0.0338333510 -0.0654508322 -0.0281669516 0.9959279299 0.0856395960 0.0680817887 -0.0835632831 0.9941740632
-204.2 274.6 2136.5 0.1566201895 -0.8437532783 -0.5133717060 0.9869430065 0.1139159575 0.1138711870 -0.0375979543 -0.5245031714 0.8505779505
-246.0 11.2 2146.5 0.0290318802 -0.8439102769 -0.5356982350 0.9532050490 0.1847158074 -0.2393329442 0.3009274602 -0.5036819577 0.8097821474
80.1 266.6 2155.9 0.0986996517 0.7255095840 0.6810978055 -0.9930365682 0.1160461605 0.0202904269 -0.0643178895 -0.6783576608 0.7319112420
107.8 -12.2 2137.8 -0.0999532193 0.7272281051 0.6790792346 -0.9507274032 0.1314983070 -0.2807588875 -0.2934735417 -0.6736819744 0.6782520413
-160.2 -119.6 2171.2 0.8845092654 0.0083481418 -0.4664478600 -0.0106316609 0.9999409318 -0.0022642480 0.4664014280 0.0069618640 0.8845458031
-163.5 -511.3 2168.4 0.8825404644 0.0642301068 -0.4658291638 -0.0544910133 0.9979228973 0.0343606025 0.4670685530 -0.0049411189 0.8842073083
19.9 -123.1 2186.1 0.9392437935 -0.0274914950 0.3421480656 0.0490270071 0.9973120689 -0.0544521995 -0.3397314250 0.0679183900 0.9380669594
30.7 -513.8 2159.5 0.9402033687 0.0220545437 0.3398987949 -0.0253066458 0.9996665120 0.0051374291 -0.3396721482 -0.0134319272 0.9404479861
-254.1 -254.7 2062.6 0 0 0 0 0 0 0 0 0
79.6 -280.1 2055.1 0 0 0 0 0 0 0 0 0
-187.7 -887.0 2170.3 0 0 0 0 0 0 0 0 0
22.4 -890.2 2164.5 0 0 0 0 0 0 0 0 0
-54.2 473.0 2126.9 5 0.9972396493 0.0367102809 -0.0645400211 -0.0302616581 0.9947065115 0.0981999636 0.0678033233 -0.0959758088 0.9930716753
-61.6 270.7 2146.4 0.9972396493 0.0367102809 -0.0645400211 -0.0302616581 0.9947065115 0.0981999636 0.0678033233 -0.0959758088 0.9930716753
-68.4 75.7 2163.7 0.9973059893 0.0343329571 -0.0648233593 -0.0284043103 0.9955129027 0.0902624056 0.0676314607 -0.0881779715 0.9938061237
-203.8 274.8 2136.8 0.1613131911 -0.8430485129 -0.5130763054 0.9861825109 0.1178338304 0.1164439097 -0.0377101190 -0.5247707963 0.8504078388
-246.9 11.4 2146.9 0.0302631166 -0.8430947065 -0.5369129181 0.9519943595 0.1880142242 -0.2415726632 0.3046158850 -0.5038273335 0.8083112836
80.5 266.7 2156.1 0.0878827423 0.7250946164 0.6830186248 -0.9935218692 0.1133962572 0.0074528172 -0.0720477551 -0.6792489290 0.7303629518
105.1 -11.0 2135.9 -0.0859316960 0.7277370095 0.6804517508 -0.9527553320 0.1396861821 -0.2697129846 -0.2913298309 -0.6714809537 0.6813518405
-165.4 -116.9 2172.8 0.8847882152 -0.0049571712 -0.4659669399 -0.0024583417 0.9998798370 -0.0153051354 0.4659868479 0.0146873100 0.8846697211
-163.5 -508.6 2167.0 0.8828308582 0.0614064224 -0.4656597078 -0.0519290715 0.9980998039 0.0331683233 0.4668115973 -0.0051007434 0.8843420744
14.8 -122.0 2185.1 0.9386723638 -0.0405068472 0.3424228132 0.0587720908 0.9973393083 -0.0431299210 -0.3397646844 0.0606097691 0.9385554790
30.7 -512.7 2161.3 0.9403014183 0.0190714132 0.3398081362 -0.0237306189 0.9996726513 0.0095605785 -0.3395145833 -0.0170536824 0.9404461980
-255.3 -254.2 2061.9 0 0 0 0 0 0 0 0 0
80.8 -279.4 2053.9 0 0 0 0 0 0 0 0 0
-186.6 -884.4 2168.9 0 0 0 0 0 0 0 0 0
23.5 -889.2 2167.8 0 0 0 0 0 0 0 0 0
-54.9 471.8 2131.6 6 0.9976892471 0.0305636190 -0.0606801361 -0.0256794523 0.9964880943 0.0796993971 0.0629029348 -0.0779569969 0.9949703217
-61.1 267.4 2147.6 0.9976892471 0.0305636190 -0.0606801361 -0.0256794523 0.9964880943 0.0796993971 0.0629029348 -0.0779569969 0.9949703217
-66.8 72.2 2162.0 0.9977255464 0.0290757027 -0.0608137697 -0.0244650226 0.9968658090 0.0752328932 0.0628106147 -0.0735739693 0.9953098297
-203.3 270.9 2138.6 0.1634000689 -0.8452849388 -0.5087177753 0.9861748815 0.1255421638 0.1081584841 -0.0275592152 -0.5193578005 0.8541123867
-246.1 12.7 2145.9 0.0321350880 -0.8449332714 -0.5339055061 0.9537043571 0.1857373714 -0.2365368009 0.2990240157 -0.5015869141 0.8117852211
81.0 263.9 2156.5 0.0824738368 0.7228103280 0.6861073375 -0.9937116504 0.1119594052 0.0015009233 -0.0757312924 -0.6819166541 0.7274987698
103.8 -10.8 2135.6 -0.0827089623 0.7253511548 0.6833922267 -0.9550465345 0.1382005960 -0.2622722983 -0.2846847475 -0.6743636727 0.6813136339
-165.2 -116.7 2174.9 0.8868718743 -0.0044770762 -0.4619937241 -0.0056687281 0.9997723103 -0.0205706097 0.4619806409 0.0208624117 0.8866446018
-163.5 -508.3 2166.7 0.8848375082 0.0640528277 -0.4614757001 -0.0527068190 0.9979075789 0.0374490656 0.4629088342 -0.0088134203 0.8863620758
15.1 -121.8 2187.1 0.9370334744 -0.0409451872 0.3468309939 0.0640414804 0.9964088798 -0.0553897060 -0.3433175683 0.0741135776 0.9362906814
31.1 -512.1 2158.1 0.9390590787 0.0281462073 0.3426015675 -0.0380396098 0.9990298152 0.0221906174 -0.3416445851 -0.0338707305 0.9392186999
-255.1 -253.3 2062.4 0 0 0 0 0 0 0 0 0
80.5 -279.8 2055.4 0 0 0 0 0 0 0 0 0
-187.6 -884.1 2170.0 0 0 0 0 0 0 0 0 0
20.5 -888.3 2170.8 0 0 0 0 0 0 0 0 0
-54.6 473.7 2134.4 7 0.9973477125 0.0305744316 -0.0660512298 -0.0257971194 0.9970704317 0.0720072091 0.0680593103 -0.0701122954 0.9952146411
-60.8 270.3 2148.7 0.9973477125 0.0305744316 -0.0660512298 -0.0257971194 0.9970704317 0.0720072091 0.0680593103 -0.0701122954 0.9952146411
-66.4 74.9 2161.6 0.9973966479 0.0286054593 -0.0661937743 -0.0241468716 0.9974470735 0.0672030449 0.0679471642 -0.0654297173 0.9955411553
-203.0 273.7 2139.1 0.1637458205 -0.8431002498 -0.5122199655 0.9861507416 0.1260273606 0.1078137755 -0.0263440888 -0.5227801800 0.8520603776
-246.6 11.1 2146.1 0.0331149921 -0.8428167701 -0.5371809006 0.9510377049 0.1918271035 -0.2423419952 0.3072957397 -0.5028541088 0.8079028726
81.3 266.8 2158.4 0.0863768011 0.7263978124 0.6818249822 -0.9930847287 0.1173975468 0.0007364948 -0.0795095861 -0.6771735549 0.7315149903
105.7 -13.2 2136.0 -0.0871911570 0.7280673981 0.6799378991 -0.9544590712 0.1344294995 -0.2663392127 -0.2853166163 -0.6721953750 0.6831894517
-162.7 -120.9 2170.7 0.8843951821 0.0040172152 -0.4667216241 -0.0068427720 0.9999670982 -0.0043594120 0.4666887522 0.0070491126 0.8843935132
-164.3 -512.5 2168.0 0.8824721575 0.0607921481 -0.4664195180 -0.0560610332 0.9981381893 0.0240270011 0.4670117795 0.0049447990 0.8842372894
17.6 -125.3 2182.1 0.9392636418 -0.0361566804 0.3412865996 0.0557175390 0.9973072410 -0.0476846658 -0.3386434913 0.0638041198 0.9387489557
31.8 -515.9 2157.1 0.9407827854 0.0308550112 0.3376029730 -0.0425948799 0.9987160563 0.0274201743 -0.3363234699 -0.0401765853 0.9408891201
-255.8 -254.2 2060.4 0 0 0 0 0 0 0 0 0
81.1 -282.1 2055.6 0 0 0 0 0 0 0 0 0
-187.2 -888.4 2166.1 0 0 0 0 0 0 0 0 0
20.2 -892.0 2172.2 0 0 0 0 0 0 0 0 0
-55.1 470.6 2129.9 8 0.9966462851 0.0285062157 -0.0767048597 -0.0221567079 0.9963536859 0.0823920742 0.0787738487 -0.0804162249 0.9936437607
-61.0 265.2 2146.4 0.9966462851 0.0285062157 -0.0767048597 -0.0221567079 0.9963536859 0.0823920742 0.0787738487 -0.0804162249 0.9936437607
-66.7 69.9 2160.6 0.9966036677 0.0293553248 -0.0769377500 -0.0236242767 0.9969509244 0.0743689090 0.0788862854 -0.0722987279 0.9942584634
-203.0 268.5 2135.2 0.1676344573 -0.8381119370 -0.5191022158 0.9847937226 0.1180010960 0.1275032908 -0.0456073955 -0.5325825214 0.8451483846
-246.3 14.2 2147.0 0.0313692801 -0.8381773233 -0.5444949269 0.9516332150 0.1916242689 -0.2401547879 0.3056307435 -0.5106260180 0.8036485314
81.0 261.8 2157.7 0.0868201479 0.7338694334 0.6737194061 -0.9938663244 0.1103036702 0.0079248529 -0.0684979185 -0.6702750921 0.7389447093
104.8 -10.4 2138.9 -0.0766322687 0.7371137142 0.6714096069 -0.9525789022 0.1447615474 -0.2676517963 -0.2944841087 -0.6600814462 0.6910655499
-162.2 -118.2 2168.2 0.8793144822 0.0072858087 -0.4761858582 -0.0015050973 0.9999204874 0.0125198504 0.4762392044 -0.0102921799 0.8792555332
-165.0 -509.8 2172.3 0.8777012825 0.0539780743 -0.4761584401 -0.0527766496 0.9984796643 0.0159062073 0.4762931168 0.0111691505 0.8792156577
18.1 -122.6 2180.5 0.9427702427 -0.0363887511 0.3314515948 0.0559833199 0.9971910119 -0.0497595184 -0.3287098408 0.0654675514 0.9421591163
32.4 -513.2 2154.9 0.9443641305 0.0372540131 0.3267851174 -0.0535082743 0.9977298975 0.0408887975 -0.3245199919 -0.0560996234 0.9442137480
-255.1 -251.3 2061.7 0 0 0 0 0 0 0 0 0
83.2 -278.8 2056.0 0 0 0 0 0 0 0 0 0
-185.4 -885.9 2168.1 0 0 0 0 0 0 0 0 0
18.4 -888.9 2176.0 0 0 0 0 0 0 0 0 0
-54.7 470.3 2127.6 9 0.9960701466 0.0276813600 -0.0841307715 -0.0201179814 0.9957877398 0.0894540623 0.0862526000 -0.0874099806 0.9924313426
-60.4 266.2 2145.5 0.9960701466 0.0276813600 -0.0841307715 -0.0201179814 0.9957877398 0.0894540623 0.0862526000 -0.0874099806 0.9924313426
-65.6 71.0 2161.1 0.9960805178 0.0266370904 -0.0843446329 -0.0197370294 0.9964689016 0.0816099346 0.0862206593 -0.0796253607 0.9930890203
-202.4 269.0 2133.2 0.1661422402 -0.8334547877 -0.5270198584 0.9852586985 0.1182078943 0.1236616671 -0.0407684967 -0.5397962928 0.8408078551
-246.6 6.8 2144.0 0.0387356579 -0.8331922293 -0.5516251326 0.9510022998 0.2002030313 -0.2356127501 0.3067477345 -0.5154701471 0.8001227379
81.5 263.4 2157.8 0.0881084949 0.7377781272 0.6692685485 -0.9934999943 0.1137012690 0.0054529416 -0.0720736161 -0.6653987169 0.7430006266
106.3 -15.2 2137.6 -0.0879460797 0.7401544452 0.6666609645 -0.9508785605 0.1370345056 -0.2775814831 -0.2968087196 -0.6583258510 0.6917454004
-162.6 -123.2 2167.6 0.8758311272 0.0050503714 -0.4825912714 -0.0010113694 0.9999622703 0.0086292326 0.4826166332 -0.0070696720 0.8758031726
-164.6 -514.9 2170.4 0.8738678694 0.0595363751 -0.4825042188 -0.0570456088 0.9981742501 0.0198492613 0.4828050435 0.0101791136 0.8756687045
17.6 -127.5 2181.9 0.9449432492 -0.0359341018 0.3252553046 0.0562322550 0.9969983101 -0.0532198884 -0.3223665655 0.0685796142 0.9441274405
31.7 -518.0 2155.0 0.9468778968 0.0294158310 0.3202450871 -0.0457513370 0.9980007410 0.0436038189 -0.3183222115 -0.0559391342 0.9463306665
-257.4 -258.5 2058.5 0 0 0 0 0 0 0 0 0
81.5 -283.1 2053.9 0 0 0 0 0 0 0 0 0
-187.0 -890.8 2166.6 0 0 0 0 0 0 0 0 0
20.6 -893.9 2176.1 0 0 0 0 0 0 0 0 0
-55.8 467.9 2127.4 0 0.9969391823 0.0233194418 -0.0746223107 -0.0165079441 0.9957479835 0.0906279907 0.0764184073 -0.0891187340 0.9930851460
-60.5 264.6 2145.6 0.9969391823 0.0233194418 -0.0746223107 -0.0165079441 0.9957479835 0.0906279907 0.0764184073 -0.0891187340 0.9930851460
-64.8 69.4 2161.5 0.9969589710 0.0218563508 -0.0748002008 -0.0156339947 0.9964449406 0.0827831849 0.0763436183 -0.0813620165 0.9937564731
-202.6 266.8 2134.7 0.1658905745 -0.8379092216 -0.5199888945 0.9855185747 0.1220860109 0.1176779792 -0.0351200998 -0.5319803953 0.8460280299
-246.4 6.6 2144.0 0.0360560119 -0.8376761675 -0.5449757576 0.9501814842 0.1976826787 -0.2409911305 0.3096047938 -0.5091366768 0.8030720353
81.5 262.4 2156.5 0.0905832201 0.7305984497 0.6767721772 -0.9931744933 0.1164118648 0.0072618397 -0.0734788254 -0.6728106737 0.7361567020
106.8 -14.9 2136.0 -0.0949509665 0.7321929932 0.6744462252 -0.9518982768 0.1314945370 -0.2767648995 -0.2913313210 -0.6682832837 0.6844877601
-160.9 -122.4 2168.9 0.8804947734 0.0122826220 -0.4738967419 -0.0095931636 0.9999212623 0.0080923224 0.4739588201 -0.0025790783 0.8805432320
-165.7 -514.0 2169.9 0.8792204261 0.0493376404 -0.4738535583 -0.0498989895 0.9986892343 0.0113975210 0.4737947881 0.0136238812 0.8805298805
19.2 -125.9 2184.5 0.9416363835 -0.0338165946 0.3349288702 0.0547306091 0.9970828891 -0.0532005131 -0.3321527839 0.0684264004 0.9407403469
32.4 -516.5 2157.7 0.9427608252 0.0351876058 0.3316079378 -0.0439706966 0.9988517761 0.0190183856 -0.3305579722 -0.0325108208 0.9432255626
-256.5 -258.4 2057.6 0 0 0 0 0 0 0 0 0
80.1 -283.1 2053.9 0 0 0 0 0 0 0 0 0
-184.3 -890.1 2164.8 0 0 0 0 0 0 0 0 0
19.2 -892.6 2169.9 0 0 0 0 0 0 0 0 0
-55.7 467.5 2132.3 1 0.9975333214 0.0242286734 -0.0658803135 -0.0190867633 0.9968028069 0.0775880963 0.0675495341 -0.0761392638 0.9948064685
-60.6 264.5 2147.9 0.9975333214 0.0242286734 -0.0658803135 -0.0190867633 0.9968028069 0.0775880963 0.0675495341 -0.0761392638 0.9948064685
-65.0 69.2 2161.6 0.9975741506 0.0220572706 -0.0660245344 -0.0173272341 0.9972990751 0.0713749006 0.0674205348 -0.0700577348 0.9952619672
-202.8 267.0 2138.2 0.1653845012 -0.8423644304 -0.5129036903 0.9859670401 0.1292315125 0.1056799516 -0.0227377135 -0.5231839418 0.8519164324
-246.6 5.8 2144.3 0.0299222581 -0.8421077132 -0.5384786129 0.9523047805 0.1876880974 -0.2406009734 0.3036779761 -0.5055964589 0.8075592518
81.5 262.0 2157.5 0.0908010900 0.7249078155 0.6828351021 -0.9924961925 0.1222558543 0.0021901496 -0.0818929374 -0.6779101491 0.7305692434
107.0 -16.9 2134.4 -0.1025795862 0.7252828479 0.6807658672 -0.9524857402 0.1256951094 -0.2774376571 -0.2867897153 -0.6768792272 0.6779278517
-159.2 -124.3 2170.6 0.8846558928 0.0115708355 -0.4661009312 -0.0112391487 0.9999307394 0.0034912068 0.4661090374 0.0021500613 0.8847246766
-163.8 -516.0 2169.7 0.8826354742 0.0613670908 -0.4660350680 -0.0648122504 0.9978600144 0.0086477958 0.4655684531 0.0225719288 0.8847239614
21.0 -127.1 2184.4 0.9390735030 -0.0260770228 0.3427257538 0.0465121716 0.9975872040 -0.0515404679 -0.3405548036 0.0643412024 0.9380205870
31.2 -517.9 2159.2 0.9400919676 0.0175845828 0.3404671848 -0.0223346818 0.9997001886 0.0100372210 -0.3401886225 -0.0170401372 0.9402028322
-255.0 -259.8 2059.6 0 0 0 0 0 0 0 0 0
78.1 -285.2 2053.7 0 0 0 0 0 0 0 0 0
-186.9 -891.8 2161.2 0 0 0 0 0 0 0 0 0
24.6 -894.3 2165.6 0 0 0 0 0 0 0 0 0
-55.4 470.0 2135.3 2 0.9968059659 0.0221295897 -0.0767345205 -0.0166054517 0.9972739220 0.0718952790 0.0781163499 -0.0703914315 0.9944560528
-59.9 267.1 2149.6 0.9968059659 0.0221295897 -0.0767345205 -0.0166054517 0.9972739220 0.0718952790 0.0781163499 -0.0703914315 0.9944560528
-63.8 71.7 2162.3 0.9968428612 0.0199429821 -0.0768544599 -0.0148555236 0.9976952076 0.0662082061 0.0779977143 -0.0648574680 0.9948416352
-202.0 269.2 2138.5 0.1705450863 -0.8364104033 -0.5208954215 0.9851286411 0.1335316449 0.1081245467 -0.0208804682 -0.5315890908 0.8467449546
-247.9 3.8 2144.1 0.0263027810 -0.8362494111 -0.5477181077 0.9525607824 0.1871550977 -0.2400018275 0.3032096326 -0.5154220462 0.8015010953
82.1 264.9 2160.8 0.0887588337 0.7319213748 0.6755834222 -0.9920296073 0.1258608401 -0.0060227234 -0.0894376636 -0.6696642041 0.7372589707
107.3 -15.9 2135.4 -0.1048366725 0.7314031720 0.6738387346 -0.9524533749 0.1210703999 -0.2795970440 -0.2860800922 -0.6711120009 0.6839348078
-159.5 -124.6 2169.2 0.8797068000 0.0107936971 -0.4753939509 -0.0058702342 0.9999126792 0.0118400101 0.4754802287 -0.0076250634 0.8796933293
-163.7 -516.2 2172.2 0.8773130774 0.0652648658 -0.4754600823 -0.0717387721 0.9974130988 0.0045401794 0.4745264351 0.0301257651 0.8797255754
20.9 -127.7 2181.4 0.9427750707 -0.0257288460 0.3324353099 0.0416543745 0.9982959628 -0.0408672057 -0.3308173716 0.0523759685 0.9422402382
30.9 -518.7 2160.9 0.9434677958 0.0147880921 0.3311341107 -0.0154093644 0.9998809695 -0.0007492229 -0.3311057985 -0.0043956982 0.9435834289
-255.3 -261.9 2059.6 0 0 0 0 0 0 0 0 0
77.7 -284.3 2054.8 0 0 0 0 0 0 0 0 0
-188.3 -891.9 2160.8 0 0 0 0 0 0 0 0 0
25.4 -895.2 2162.5 0 0 0 0 0 0 0 0 0
-53.9 468.8 2130.3 3 0.9946575761 0.0219353400 -0.1008719504 -0.0134286974 0.9963542223 0.0842495039 0.1023522317 -0.0824448317 0.9913257957
-58.5 263.8 2147.3 0.9946575761 0.0219353400 -0.1008719504 -0.0134286974 0.9963542223 0.0842495039 0.1023522317 -0.0824448317 0.9913257957
-62.4 68.5 2161.8 0.9946811199 0.0199911501 -0.1010439321 -0.0123104928 0.9970262647 0.0760727301 0.1022642329 -0.0744242072 0.9919692874
-200.2 265.5 2132.7 0.1739633530 -0.8248600364 -0.5379058123 0.9835720658 0.1188096479 0.1359051466 -0.0481943227 -0.5527116656 0.8319778442
-245.9 7.1 2145.4 0.0333008692 -0.8248533607 -0.5643650889 0.9531451464 0.1960891783 -0.2303548753 0.3006748855 -0.5302508473 0.7927349210
83.3 262.1 2161.8 0.0916601643 0.7470203638 0.6584519744 -0.9917183518 0.1282176971 -0.0074115773 -0.0899617970 -0.6523195505 0.7525862455
108.6 -12.5 2136.9 -0.1073223725 0.7454358339 0.6578809619 -0.9521628022 0.1133675873 -0.2837848067 -0.2861257493 -0.6568662524 0.6976093650
-157.8 -122.4 2168.0 0.8678098321 0.0142555898 -0.4966919124 -0.0098694675 0.9998856783 0.0114540607 0.4967983961 -0.0050378623 0.8678513169
-163.4 -514.1 2170.0 0.8653692603 0.0674202442 -0.4965788126 -0.0670944154 0.9975748062 0.0185172725 0.4966229200 0.0172933862 0.8677940965
22.4 -125.1 2182.1 0.9504469037 -0.0211696606 0.3101653457 0.0401742570 0.9976771474 -0.0550126284 -0.3082802594 0.0647472441 0.9490895867
30.7 -515.9 2156.7 0.9510796070 0.0286252256 0.3076168597 -0.0371587425 0.9990689754 0.0219180118 -0.3067030609 -0.0322764292 0.9512578249
-255.2 -258.7 2061.5 0 0 0 0 0 0 0 0 0
78.4 -280.7 2056.3 0 0 0 0 0 0 0 0 0
-188.8 -889.8 2163.5 0 0 0 0 0 0 0 0 0
19.9 -891.9 2168.9 0 0 0 0 0 0 0 0 0
-53.8 469.1 2128.8 4 0.9941071272 0.0219538081 -0.1061558649 -0.0122021083 0.9957162142 0.0916535258 0.1077132598 -0.0898180977 0.9901164174
-58.3 265.1 2147.2 0.9941071272 0.0219538081 -0.1061558649 -0.0122021083 0.9957162142 0.0916535258 0.1077132598 -0.0898180977 0.9901164174
-62.2 70.0 2163.0 0.9941332936 0.0197026599 -0.1063520983 -0.0109494971 0.9965500236 0.0822685063 0.1076060981 -0.0806213543 0.9909193516
-200.0 266.7 2131.9 0.1676010489 -0.8224459291 -0.5435923338 0.9846283197 0.1121500954 0.1339006424 -0.0491621047 -0.5576782823 0.8286000490
-244.7 4.0 2145.0 0.0456886552 -0.8221565485 -0.5674250126 0.9495590329 0.2121505141 -0.2309324890 0.3102421761 -0.5282525420 0.7903790474
83.4 263.6 2162.5 0.0894155875 0.7501404881 0.6552053690 -0.9918199182 0.1272277981 -0.0103090834 -0.0910935998 -0.6489239335 0.7553804517
108.5 -15.8 2136.9 -0.1052784622 0.7494545579 0.6536316276 -0.9489126801 0.1208972186 -0.2914593220 -0.2974577546 -0.6509237885 0.6984390616
-156.2 -125.6 2167.2 0.8649222851 0.0219681598 -0.5014247894 -0.0200972818 0.9997562766 0.0091344090 0.5015032887 0.0021767216 0.8651530147
-164.8 -517.2 2166.3 0.8637011647 0.0563193560 -0.5008476973 -0.0475402102 0.9984100461 0.0302872024 0.5017571449 -0.0023486877 0.8650053740
23.6 -127.8 2185.7 0.9519854188 -0.0171088129 0.3056648672 0.0416625403 0.9963886142 -0.0739866048 -0.3032951653 0.0831689462 0.9492602348
30.3 -518.1 2153.1 0.9533604980 0.0138345854 0.3015168309 -0.0284027420 0.9986283183 0.0439857468 -0.3004947305 -0.0504981764 0.9524457455
-257.4 -260.9 2058.4 0 0 0 0 0 0 0 0 0
78.9 -283.1 2053.1 0 0 0 0 0 0 0 0 0
-186.0 -893.2 2167.2 0 0 0 0 0 0 0 0 0
25.0 -894.0 2172.1 0 0 0 0 0 0 0 0 0
-53.9 466.7 2127.0 5 0.9965520501 0.0280119851 -0.0780980214 -0.0207204521 0.9954823256 0.0926582739 0.0803407431 -0.0907205641 0.9926304221
-59.7 263.4 2145.6 0.9965520501 0.0280119851 -0.0780980214 -0.0207204521 0.9954823256 0.0926582739 0.0803407431 -0.0907205641 0.9926304221
-64.8 68.3 2161.6 0.9965777397 0.0263667349 -0.0783431381 -0.0197810065 0.9962962866 0.0836802050 0.0802593529 -0.0818441212 0.9934082627
-201.6 266.2 2134.1 0.1550253183 -0.8377111554 -0.5236479640 0.9872213602 0.1115685701 0.1137826741 -0.0368943512 -0.5345956683 0.8443022370
-242.9 3.7 2143.9 0.0511542559 -0.8368690014 -0.5450078249 0.9495576620 0.2098202109 -0.2330574244 0.3093921840 -0.5055944324 0.8053885698
82.3 260.6 2157.0 0.0897096395 0.7335354686 0.6737045646 -0.9932962060 0.1154080033 0.0066088028 -0.0729031116 -0.6697810888 0.7389712334
107.3 -15.8 2136.7 -0.0965330377 0.7351057529 0.6710446477 -0.9513528347 0.1300431639 -0.2793144286 -0.2925904095 -0.6653633118 0.6867914796
-155.9 -124.2 2169.0 0.8782957792 0.0243369974 -0.4774979055 -0.0228045285 0.9996993542 0.0090064481 0.4775735438 0.0029787892 0.8785867095
-165.4 -515.8 2167.9 0.8770898581 0.0564174652 -0.4770014882 -0.0498526208 0.9984070659 0.0264199749 0.4777322114 0.0006070817 0.8785052896
23.8 -126.2 2188.5 0.9435149431 -0.0179675948 0.3308423758 0.0421869643 0.9969161153 -0.0661700144 -0.3286331892 0.0763896331 0.9413632751
30.8 -516.7 2158.6 0.9445086718 0.0219709724 0.3277508020 -0.0324571356 0.9991202354 0.0265579913 -0.3268789649 -0.0357221067 0.9443908334
-257.1 -261.2 2057.6 0 0 0 0 0 0 0 0 0
80.1 -283.8 2054.3 0 0 0 0 0 0 0 0 0
-186.7 -891.8 2167.6 0 0 0 0 0 0 0 0 0
22.6 -892.8 2172.0 0 0 0 0 0 0 0 0 0
-53.8 469.5 2131.7 6 0.9971941710 0.0337952450 -0.0667959526 -0.0282737520 0.9962357283 0.0819452107 0.0693138689 -0.0798267126 0.9943959117
-60.7 266.7 2147.9 0.9971941710 0.0337952450 -0.0667959526 -0.0282737520 0.9962357283 0.0819452107 0.0693138689 -0.0798267126 0.9943959117
-66.8 71.5 2161.9 0.9972594976 0.0311965272 -0.0670837387 -0.0262691118 0.9969772100 0.0731191188 0.0691620260 -0.0711565092 0.9950644970
-202.7 270.5 2138.1 0.1564689875 -0.8427900076 -0.5149975419 0.9874547720 0.1222791448 0.0999041796 -0.0212247875 -0.5241686702 0.8513499498
-244.9 4.3 2143.8 0.0377346314 -0.8424160480 -0.5375047326 0.9500063062 0.1970750540 -0.2421765625 0.3099421859 -0.5014944077 0.8077370524
81.4 263.0 2157.7 0.0872137249 0.7270072699 0.6810684204 -0.9931064844 0.1171975732 0.0020688509 -0.0783154964 -0.6765539050 0.7322168350
105.9 -16.2 2135.7 -0.0974374935 0.7282103896 0.6783918738 -0.9528873563 0.1284746379 -0.2747726440 -0.2872484326 -0.6732041836 0.6813842058
-160.0 -125.1 2170.4 0.8837723136 0.0151115665 -0.4676731527 -0.0111625129 0.9998748302 0.0112141455 0.4677840769 -0.0046903435 0.8838303685
-166.0 -516.7 2172.2 0.8826802969 0.0446444042 -0.4678486586 -0.0526091009 0.9986073375 -0.0039645005 0.4670200944 0.0281124823 0.8837997317
20.0 -128.6 2184.9 0.9399181604 -0.0285238437 0.3402062356 0.0507025272 0.9971154928 -0.0564794429 -0.3376139104 0.0703353658 0.9386531711
31.2 -519.2 2157.4 0.9413406849 0.0244465638 0.3365710080 -0.0359978676 0.9989560843 0.0281224847 -0.3355321586 -0.0385886766 0.9412380457
-255.4 -260.6 2057.3 0 0 0 0 0 0 0 0 0
78.5 -284.6 2054.8 0 0 0 0 0 0 0 0 0
-182.8 -892.6 2161.7 0 0 0 0 0 0 0 0 0
22.0 -895.3 2171.9 0 0 0 0 0 0 0 0 0
-53.1 469.3 2129.5 7 0.9968002439 0.0344968438 -0.0721060410 -0.0281624235 0.9958022833 0.0870901570 0.0748076960 -0.0847808123 0.9935874343
-60.1 266.8 2146.7 0.9968002439 0.0344968438 -0.0721060410 -0.0281624235 0.9958022833 0.0870901570 0.0748076960 -0.0847808123 0.9935874343
-66.5 71.6 2161.8 0.9968539476 0.0323122405 -0.0723746195 -0.0265597161 0.9965143204 0.0790809095 0.0746776238 -0.0769098699 0.9942374825
-202.2 270.6 2136.1 0.1669019163 -0.8393630981 -0.5173135996 0.9853171110 0.1228483915 0.1185681522 -0.0359705910 -0.5295072198 0.8475424647
-246.5 8.6 2145.6 0.0305096135 -0.8394604921 -0.5425635576 0.9487298727 0.1951772422 -0.2486311346 0.3146120906 -0.5071606636 0.8023760319
81.9 263.0 2157.3 0.0844185278 0.7308002710 0.6773510575 -0.9937363863 0.1117001697 0.0033354058 -0.0732227117 -0.6733899713 0.7356523871
105.4 -12.9 2137.0 -0.0875800326 0.7329660058 0.6746039987 -0.9539670944 0.1332867146 -0.2686659098 -0.2868387401 -0.6670798063 0.6875522137
-163.0 -121.4 2169.6 0.8813363910 0.0071002170 -0.4724359512 -0.0004425326 0.9998990297 0.0142018832 0.4724890888 -0.0123075685 0.8812505603
-165.8 -513.1 2174.4 0.8801097870 0.0464984626 -0.4724876881 -0.0545964055 0.9985026121 -0.0034328802 0.4716205597 0.0288174413 0.8813305497
17.2 -126.2 2182.0 0.9415139556 -0.0375661626 0.3348734379 0.0553591065 0.9975078106 -0.0437443852 -0.3323955536 0.0597242415 0.9412471652
31.9 -516.8 2158.7 0.9428578019 0.0320682824 0.3316486776 -0.0418672338 0.9988710880 0.0224417169 -0.3305546045 -0.0350445621 0.9431359768
-255.1 -256.0 2057.9 0 0 0 0 0 0 0 0 0
80.7 -281.7 2056.2 0 0 0 0 0 0 0 0 0
-183.3 -889.1 2163.5 0 0 0 0 0 0 0 0 0
19.9 -893.0 2171.9 0 0 0 0 0 0 0 0 0
-54.2 472.8 2133.4 8 0.9980230927 0.0314109027 -0.0544356592 -0.0272665322 0.9967902303 0.0752714798 0.0566252768 -0.0736384094 0.9956761599
-60.6 267.9 2148.5 0.9980230927 0.0314109027 -0.0544356592 -0.0272665322 0.9967902303 0.0752714798 0.0566252768 -0.0736384094 0.9956761599
-66.3 72.6 2161.8 0.9980956912 0.0286657903 -0.0546196811 -0.0248579253 0.9972956181 0.0691633299 0.0564545915 -0.0676738918 0.9961090088
-202.9 271.4 2140.5 0.1743409932 -0.8469709158 -0.5022404790 0.9844197631 0.1380729526 0.1088740602 -0.0228673387 -0.5133966208 0.8578466773
-249.2 9.7 2146.5 0.0221325271 -0.8468856215 -0.5313143134 0.9496665597 0.1839153171 -0.2535913587 0.3124797046 -0.4989587963 0.8083294630
81.6 264.4 2156.6 0.0902120546 0.7189723849 0.6891592741 -0.9935871363 0.1123345271 0.0128680235 -0.0681646317 -0.6859006286 0.7244955897
106.9 -14.4 2137.4 -0.0963889807 0.7216261029 0.6855399013 -0.9510912895 0.1363085210 -0.2772099972 -0.2934868932 -0.6787309647 0.6731936336
-162.9 -121.2 2170.1 0.8897288442 0.0026858703 -0.4564814866 0.0025372419 0.9999381304 0.0108288331 0.4564823210 -0.0107929297 0.8896670341
-164.0 -512.8 2174.3 0.8877736330 0.0592496879 -0.4564509094 -0.0707016662 0.9974651337 -0.0080349790 0.4548178017 0.0394050814 0.8897123337
17.3 -126.0 2183.6 0.9353216887 -0.0375782624 0.3517971337 0.0588171743 0.9970219731 -0.0498771146 -0.3488751948 0.0673428550 0.9347465038
32.0 -516.5 2157.2 0.9366133213 0.0345094278 0.3486611843 -0.0420932584 0.9990128279 0.0141964322 -0.3478270769 -0.0279728528 0.9371412992
-255.4 -255.1 2059.4 0 0 0 0 0 0 0 0 0
79.7 -282.3 2054.7 0 0 0 0 0 0 0 0 0
-186.3 -888.5 2159.5 0 0 0 0 0 0 0 0 0
19.0 -892.7 2167.8 0 0 0 0 0 0 0 0 0
-53.9 472.7 2134.8 9 0.9971352220 0.0314042754 -0.0688121170 -0.0261971485 0.9968160391 0.0753092319 0.0709580556 -0.0732908100 0.9947831035
-60.3 268.8 2149.8 0.9971352220 0.0314042754 -0.0688121170 -0.0261971485 0.9968160391 0.0753092319 0.0709580556 -0.0732908100 0.9947831035
-65.7 73.4 2162.9 0.9972400665 0.0273693763 -0.0690160617 -0.0226407908 0.9974017739 0.0683893263 0.0707085133 -0.0666379929 0.9952686429
-202.4 272.0 2139.7 0.1714547724 -0.8397742510 -0.5151528716 0.9850402474 0.1369470656 0.1046004668 -0.0172921121 -0.5253805518 0.8506916165
-248.1 10.0 2144.3 0.0284910146 -0.8394487500 -0.5426914692 0.9522139430 0.1879589856 -0.2407489568 0.3041001558 -0.5098991990 0.8046899438
81.8 265.6 2159.9 0.0873203054 0.7279351354 0.6800628901 -0.9927639961 0.1200771406 -0.0010586092 -0.0824306086 -0.6750495434 0.7331529856
106.4 -14.8 2136.6 -0.1008816510 0.7289208174 0.6771243215 -0.9510949850 0.1290688813 -0.2806412876 -0.2919609547 -0.6723210812 0.6802522540
-162.1 -120.5 2169.9 0.8830965161 0.0017550467 -0.4691880643 -0.0002034102 0.9999943376 0.0033577280 0.4691912830 -0.0028697604 0.8830918670
-162.8 -512.2 2171.0 0.8808318377 0.0632819608 -0.4691808820 -0.0683242604 0.9976433516 0.0062889294 0.4684731662 0.0265169498 0.8830797076
18.3 -125.0 2180.1 0.9402968287 -0.0359573662 0.3384508193 0.0555109940 0.9972906113 -0.0482695475 -0.3357981741 0.0641754419 0.9397452474
32.4 -515.6 2155.0 0.9415430427 0.0377499424 0.3347710669 -0.0496816188 0.9983960986 0.0271468759 -0.3332093358 -0.0421919189 0.9419083595
-256.0 -255.6 2059.5 0 0 0 0 0 0 0 0 0
78.0 -282.8 2054.4 0 0 0 0 0 0 0 0 0
-186.6 -887.9 2161.0 0 0 0 0 0 0 0 0 0
18.2 -891.6 2170.9 0 0 0 0 0 0 0 0 0
-54.7 468.7 2135.6 0 0.9973466396 0.0325152278 -0.0651343018 -0.0280703455 0.9972882271 0.0680315644 0.0671697333 -0.0660227090 0.9955547452
-61.3 265.4 2149.0 0.9973466396 0.0325152278 -0.0651343018 -0.0280703455 0.9972882271 0.0680315644 0.0671697333 -0.0660227090 0.9955547452
-66.6 70.0 2161.0 0.9975029230 0.0269415118 -0.0652844161 -0.0228254013 0.9977528453 0.0629945993 0.0668348819 -0.0613471530 0.9958763123
-203.5 268.7 2139.5 0.1648852080 -0.8433181047 -0.5114952922 0.9861136079 0.1305308938 0.1026724428 -0.0198195893 -0.5213216543 0.8531301022
-246.7 10.4 2144.7 0.0323210023 -0.8429206610 -0.5370661616 0.9522524476 0.1891920716 -0.2396280915 0.3035961390 -0.5036775470 0.8087881804
80.8 262.2 2158.5 0.0958475620 0.7257608771 0.6812373996 -0.9927436113 0.1196266860 0.0122302230 -0.0726179481 -0.6774662733 0.7319604158
107.4 -13.2 2138.4 -0.1014562026 0.7274644971 0.6786030531 -0.9486396313 0.1347142607 -0.2862427831 -0.2996489704 -0.6727908254 0.6764340401
-161.2 -119.9 2169.5 0.8848239779 0.0112828165 -0.4657888412 -0.0073908949 0.9999208450 0.0101811867 0.4658668339 -0.0055659614 0.8848373294
-165.6 -511.5 2171.7 0.8834280372 0.0498763993 -0.4659047723 -0.0587919578 0.9982596040 -0.0046122484 0.4648638666 0.0314660445 0.8848228455
19.0 -123.9 2182.3 0.9390733838 -0.0371924527 0.3416986167 0.0559825897 0.9974039793 -0.0452909693 -0.3391270638 0.0616607144 0.9387176037
33.6 -514.6 2158.2 0.9393869638 0.0502654947 0.3391541243 -0.0567805991 0.9983432889 0.0093076732 -0.3381243944 -0.0280008800 0.9406847954
-255.7 -255.2 2060.0 0 0 0 0 0 0 0 0 0
78.8 -280.5 2054.0 0 0 0 0 0 0 0 0 0
-184.4 -887.5 2159.9 0 0 0 0 0 0 0 0 0
14.7 -890.6 2168.7 0 0 0 0 0 0 0 0 0
-54.6 467.6 2130.9 1 0.9983024597 0.0366883874 -0.0452340171 -0.0331591181 0.9965221882 0.0764461160 0.0478813872 -0.0748164281 0.9960471392
-62.2 262.7 2146.3 0.9983024597 0.0366883874 -0.0452340171 -0.0331591181 0.9965221882 0.0764461160 0.0478813872 -0.0748164281 0.9960471392
-68.0 67.3 2159.7 0.9985166192 0.0299660079 -0.0454592668 -0.0267531462 0.9972085953 0.0697084963 0.0474212579 -0.0683889166 0.9965310693
-204.5 266.5 2139.5 0.1610561460 -0.8528689146 -0.4966644049 0.9868021011 0.1305867285 0.0957531482 -0.0168071017 -0.5055311322 0.8626446724
-246.7 7.9 2143.9 0.0360463113 -0.8522272706 -0.5219285488 0.9526151419 0.1871477962 -0.2397918254 0.3020349145 -0.4885534048 0.8185905218
80.1 258.8 2153.1 0.0967336074 0.7130681872 0.6943892241 -0.9936467409 0.1095069647 0.0259697288 -0.0575222671 -0.6924896836 0.7191308737
106.6 -13.0 2137.3 -0.0999821201 0.7160996795 0.6908001304 -0.9508216977 0.1357950419 -0.2783843875 -0.2931582034 -0.6846611500 0.6673060656
-162.1 -123.3 2167.0 0.8937795758 0.0111653330 -0.4483674169 -0.0065599559 0.9999085665 0.0118232444 0.4484584630 -0.0076261042 0.8937711716
-166.4 -515.0 2170.0 0.8931679130 0.0335596763 -0.4484694004 -0.0376602411 0.9992905855 -0.0002253249 0.4481436908 0.0170907192 0.8937981725
18.3 -127.5 2179.1 0.9322909117 -0.0387309976 0.3596297204 0.0546454899 0.9979203343 -0.0341880582 -0.3575576842 0.0515253581 0.9324685931
33.4 -518.3 2158.9 0.9324586391 0.0521412864 0.3574943542 -0.0601320118 0.9981268644 0.0112644862 -0.3562373817 -0.0320005231 0.9338473678
-256.7 -257.8 2059.7 0 0 0 0 0 0 0 0 0
78.4 -280.8 2054.7 0 0 0 0 0 0 0 0 0
-179.1 -891.3 2163.5 0 0 0 0 0 0 0 0 0
13.8 -894.2 2170.9 0 0 0 0 0 0 0 0 0
-55.0 466.0 2128.1 2 0.9980948567 0.0320726000 -0.0527065247 -0.0275249649 0.9960134029 0.0848512128 0.0552178025 -0.0832388178 0.9949986339
-61.6 262.0 2145.1 0.9980948567 0.0320726000 -0.0527065247 -0.0275249649 0.9960134029 0.0848512128 0.0552178025 -0.0832388178 0.9949986339
-66.9 66.8 2160.3 0.9982351661 0.0270119254 -0.0528852567 -0.0227924734 0.9966279864 0.0788233131 0.0548360981 -0.0774788186 0.9954848289
-203.8 265.3 2137.3 0.1683908999 -0.8482063413 -0.5021857023 0.9853860140 0.1315833926 0.1081674844 -0.0256690495 -0.5130612254 0.8579681516
-248.6 3.1 2144.2 0.0379692651 -0.8475728035 -0.5293191075 0.9493576884 0.1959262788 -0.2456275821 0.3118947744 -0.4931868315 0.8120889068
80.7 258.8 2153.0 0.0886286721 0.7174234390 0.6909765601 -0.9940264821 0.1080607548 0.0153028835 -0.0636887997 -0.6882053018 0.7227151990
105.2 -15.8 2135.4 -0.0977078006 0.7200056911 0.6870553493 -0.9530107975 0.1312190145 -0.2730420828 -0.2867465615 -0.6814494729 0.6733520627
-164.1 -125.5 2168.8 0.8904718161 0.0085754665 -0.4549575448 -0.0075308145 0.9999632239 0.0041084564 0.4549760520 -0.0002322639 0.8905036449
-167.5 -517.2 2168.9 0.8896604180 0.0398657359 -0.4548791349 -0.0387822054 0.9991790056 0.0117174266 0.4549727738 0.0072166845 0.8904761076
16.3 -130.4 2177.4 0.9346539974 -0.0410258919 0.3531838357 0.0545224100 0.9981101155 -0.0283456594 -0.3513534367 0.0457498170 0.9351244569
32.4 -521.4 2159.5 0.9355099797 0.0346059315 0.3516013026 -0.0389527939 0.9992270470 0.0052944818 -0.3511462808 -0.0186488926 0.9361348748
-259.2 -261.7 2057.2 0 0 0 0 0 0 0 0 0
77.6 -284.3 2054.6 0 0 0 0 0 0 0 0 0
-182.5 -893.5 2166.2 0 0 0 0 0 0 0 0 0
19.4 -897.6 2166.5 0 0 0 0 0 0 0 0 0
