0.00916516 -0.0402314 -0.235082 0.227581 0.0801283 3.13437
0.0603987 -0.119869 -0.283465 0.227581 0.0801283 3.13437
2.01637 0.154744 0.0296652 1.79771 -0.0250986 1.64725
-0.205526 -0.0598161 -0.0590786 -1.87289 -0.684499 -3.05055
0.217102 -0.0742259 -0.0678529 -1.61535 0.922781 -2.85823
-0.00124254 0.435488 -0.0037616 -0.0172116 3.9426e-05 0.0056822
-6.44915e-07 0.217261 -1.48177e-06 -0.0172033 4.626e-05 0.00567799
0.168633 0.217267 4.33201e-06 -0.667137 0.225732 -1.40603
-0.168623 0.217274 1.48382e-05 -0.857226 -0.208345 1.43842
0 0 0 0.227581 0.0801283 3.13437
0 0 0 0.227581 0.0801283 3.13437
0 0 0 1.79771 -0.0250986 1.64725
0 0 0 -1.87289 -0.684499 -3.05055
0 0 0 -1.61535 0.922781 -2.85823
0 0 0 -0.0172116 3.9426e-05 0.0056822
0 0 0 -0.0172033 4.626e-05 0.00567799
0 0 0 -0.667137 0.225732 -1.40603
0 0 0 -0.857226 -0.208345 1.43842
-0.0163747 0.00595216 0.0462237 0.234728 0.0812216 3.12815
-0.0440622 0.00839859 0.0303738 0.234728 0.0812216 3.12815
-0.00188782 0.00139672 0.000748828 1.80486 -0.0319463 1.64669
-0.0361744 -0.00624015 0.0174612 -1.90351 -0.55653 -3.00686
-0.00801651 -0.00250872 0.000692036 -1.70572 0.759226 -2.96341
0.000844698 0.000123786 0.000785758 -0.013621 1.50017e-05 0.00182295
7.22123e-07 -1.99454e-06 9.08679e-07 -0.0136355 1.29584e-05 0.00180916
-3.53109e-06 -1.26585e-05 -3.43284e-06 -0.828687 0.222578 -1.43406
-6.51999e-06 -9.06998e-06 -1.36917e-05 -0.945493 -0.141016 1.31798
0 0 0 0.234728 0.0812216 3.12815
0 0 0 0.234728 0.0812216 3.12815
0 0 0 1.80486 -0.0319463 1.64669
0 0 0 -1.90351 -0.55653 -3.00686
0 0 0 -1.70572 0.759226 -2.96341
0 0 0 -0.013621 1.50017e-05 0.00182295
0 0 0 -0.0136355 1.29584e-05 0.00180916
0 0 0 -0.828687 0.222578 -1.43406
0 0 0 -0.945493 -0.141016 1.31798
-0.0109128 0.00866391 0.0468384 0.236465 0.0660295 3.12059
-0.0331941 0.0154998 0.064667 0.236465 0.0660295 3.12059
0.000674198 0.00388248 0.00486541 1.8069 -0.0358824 1.63008
-0.0312397 -0.00401699 0.0106479 -1.89289 -0.405507 -2.96886
0.0164201 -0.00887803 0.0106953 -1.79816 0.498155 -3.0989
0.000407806 -0.000638568 0.00116985 -0.00829262 -1.45629e-05 -2.64159e-05
8.03736e-07 6.07282e-06 2.7187e-07 -0.00828763 -3.16777e-06 -4.31878e-05
-6.58646e-06 5.55021e-06 -2.19037e-06 -1.05557 0.181112 -1.38495
4.17247e-07 -8.82605e-06 2.1624e-06 -1.06779 -0.100968 1.22252
-0.00410889 -0.00119184 0.00604888 0.241125 0.0654993 3.1148
0.00522663 0.00587131 0.0186653 0.241125 0.0654993 3.1148
-0.00120129 0.000279109 0.000516934 1.81161 -0.0416504 1.62802
-0.00707696 0.00181644 0.00373267 -1.88154 -0.394604 -2.98217
0.0157127 -0.00302908 0.0060366 -1.81348 0.440924 -3.13584
0.00143209 -0.000527794 -0.000394537 -0.0101263 -3.504e-05 -0.00664807
-1.25844e-06 -1.54265e-06 -2.08737e-07 -0.0101338 -3.40477e-05 -0.00665798
5.21445e-06 2.90859e-06 6.68114e-07 -1.09534 0.159034 -1.33779
6.36156e-06 1.06917e-05 -1.81034e-06 -1.08095 -0.0886372 1.19881
0 0 0 0.241125 0.0654993 3.1148
0 0 0 0.241125 0.0654993 3.1148
0 0 0 1.81161 -0.0416504 1.62802
0 0 0 -1.88154 -0.394604 -2.98217
0 0 0 -1.81348 0.440924 -3.13584
0 0 0 -0.0101263 -3.504e-05 -0.00664807
0 0 0 -0.0101338 -3.40477e-05 -0.00665798
0 0 0 -1.09534 0.159034 -1.33779
0 0 0 -1.08095 -0.0886372 1.19881
-0.00406758 0.0114877 -0.0062074 0.220761 0.0566736 3.11222
0.0189421 0.0173543 0.000329733 0.220761 0.0566736 3.11222
-0.00140225 -0.00119675 -0.00889799 1.79139 -0.0410674 1.61967
-0.00145065 0.01029 0.000897009 -1.90603 -0.421 -2.97599
0.020482 0.0113402 0.00221797 -1.8559 0.444622 3.12367
-0.000939862 -0.00124679 -0.0011941 -0.0156748 -3.53969e-05 -0.00234102
-6.23262e-07 -4.44288e-05 -2.20998e-06 -0.0156447 -2.32206e-05 -0.00234299
-6.56835e-07 -3.43132e-05 1.23334e-06 -1.0692 0.154823 -1.26469
1.03008e-06 -2.22063e-05 1.02733e-05 -1.0456 -0.0883558 1.18165
-0.00813763 -0.0120524 -0.0595636 0.203887 0.0591657 3.12044
0.0398401 -0.00868584 -0.057178 0.203887 0.0591657 3.12044
0.00158569 -0.00315885 -0.00312221 1.77444 -0.0326894 1.62447
0.0196499 0.00474274 -0.0158384 -1.95705 -0.608961 -3.02843
-0.000191724 0.00996147 -0.00420515 -1.86311 0.681857 -3.07574
-0.00144772 -0.000895376 -0.00204261 -0.0252788 5.47577e-05 0.00439599
1.05865e-06 2.95735e-05 2.54544e-06 -0.0252681 5.55758e-05 0.00441195
3.20575e-06 1.97455e-05 -1.27704e-06 -0.855267 0.173347 -1.25536
-8.30939e-06 -5.69417e-06 -1.29196e-05 -0.875673 -0.146411 1.23905
0 0 0 0.203887 0.0591657 3.12044
0 0 0 0.203887 0.0591657 3.12044
0 0 0 1.77444 -0.0326894 1.62447
0 0 0 -1.95705 -0.608961 -3.02843
0 0 0 -1.86311 0.681857 -3.07574
0 0 0 -0.0252788 5.47577e-05 0.00439599
0 0 0 -0.0252681 5.55758e-05 0.00441195
0 0 0 -0.855267 0.173347 -1.25536
0 0 0 -0.875673 -0.146411 1.23905
