0.00305749 -0.05229 -0.141835 0.28745 0.0707477 3.14079
-0.0262272 -0.116074 -0.177106 0.28745 0.0707477 3.14079
2.49902 0.206624 -0.20525 1.85757 -0.020808 1.63843
-0.250549 -0.0820599 -0.0439504 -1.87748 -0.366079 -3.02475
0.244139 -0.0782776 -0.0533311 -1.80043 0.425799 -3.0027
-0.000331458 0.424889 -0.00378633 -0.0176785 8.41859e-06 0.00154708
2.66325e-08 0.210634 1.43372e-07 -0.0176842 1.25138e-05 0.00155105
0.151649 0.210634 -1.38287e-06 -1.12064 0.174027 -1.261
-0.151649 0.21063 -4.56494e-06 -1.11774 -0.141291 1.24494
0 0 0 0.28745 0.0707477 3.14079
0 0 0 0.28745 0.0707477 3.14079
0 0 0 1.85757 -0.020808 1.63843
0 0 0 -1.87748 -0.366079 -3.02475
0 0 0 -1.80043 0.425799 -3.0027
0 0 0 -0.0176785 8.41859e-06 0.00154708
0 0 0 -0.0176842 1.25138e-05 0.00155105
0 0 0 -1.12064 0.174027 -1.261
0 0 0 -1.11774 -0.141291 1.24494
-0.0144915 -0.0139914 -0.0236346 0.290048 0.0761228 -3.13937
0.00897984 -0.00784755 -0.0371995 0.290048 0.0761228 -3.13937
0.00119141 -0.00174505 0.000288066 1.86004 -0.0196193 1.64439
-0.00394279 2.39327e-06 0.00103429 -1.88575 -0.468003 -3.07765
-0.0121404 -4.43639e-05 -0.0022848 -1.77374 0.559607 -2.96062
0.000297146 0.000811739 -0.000529054 -0.0200783 1.49407e-05 0.000145013
-9.19802e-07 1.05547e-05 5.93463e-07 -0.0200829 5.47485e-06 0.00015
2.12637e-06 9.76984e-06 -6.43423e-07 -1.00502 0.183345 -1.29963
6.31794e-06 9.31523e-06 -6.05957e-06 -1.02861 -0.137416 1.23286
-0.0193118 -0.0251174 -0.0432783 0.287421 0.0839382 -3.13967
0.0449714 -0.0267976 -0.0582017 0.287421 0.0839382 -3.13967
0.002229 0.000166283 -0.000944985 1.85725 -0.0219253 1.65185
0.015175 0.00974447 -0.000591554 -1.81506 -0.668051 3.05027
-0.0145921 -0.0111826 -0.00532399 -1.63676 0.815298 -2.82936
0.000403974 0.000229847 -0.000337139 -0.0216199 -5.96057e-06 -0.00171741
8.70416e-07 5.48742e-06 -2.46599e-07 -0.0216167 -1.54153e-05 -0.00171752
-5.06347e-06 6.83876e-06 8.04633e-07 -0.771722 0.195777 -1.35515
-3.16904e-06 1.15993e-05 2.47628e-06 -0.878593 -0.145789 1.27037
-0.0238444 -0.0324691 -0.0457906 0.285839 0.0871677 -3.14082
0.0642965 -0.0312822 -0.0484912 0.285839 0.0871677 -3.14082
0.00309936 0.00144078 0.000322956 1.85561 -0.0238103 1.65466
0.0157685 -0.00892143 -0.0124029 -1.68848 -0.850791 2.89426
-0.00430787 -0.0100398 -0.0145879 -1.34237 1.03279 -2.54365
0.000411612 -0.000905952 -0.000326604 -0.0232323 -3.91051e-05 -0.00363901
2.27396e-07 3.74972e-06 -1.79122e-07 -0.0232311 -4.16192e-05 -0.0036398
2.33341e-06 2.76295e-06 2.5809e-07 -0.538806 0.234451 -1.37523
-3.43804e-06 1.95346e-06 5.91565e-06 -0.728848 -0.183886 1.3293
-0.0374166 -0.0463181 -0.0471381 0.300516 0.0842083 3.13672
0.0480725 -0.0358345 -0.0205021 0.300516 0.0842083 3.13672
0.00289966 0.00194836 0.0031805 1.87035 -0.0295522 1.64981
0.0118423 -0.0192315 -0.0221605 -1.41181 -1.01623 2.61402
-0.00364429 -0.0132214 -0.00928052 -0.908802 1.11483 -2.15414
0.000425005 -0.00100206 0.000845686 -0.0193912 -5.81521e-05 -0.00564958
-7.92447e-08 -2.39111e-05 5.49365e-07 -0.019404 -5.56095e-05 -0.00565561
-2.08513e-06 -2.59169e-05 -1.36802e-06 -0.366653 0.252653 -1.39392
2.12683e-06 -3.03591e-05 -8.45707e-06 -0.564998 -0.241566 1.38011
-0.0327842 -0.0345355 -0.0287563 0.309032 0.0845624 3.13902
0.0379448 -0.0267478 -0.0163203 0.309032 0.0845624 3.13902
0.00351417 0.00193995 0.00396898 1.87882 -0.028146 1.65059
0.000803706 -0.0122201 -0.0139773 -1.11367 -1.08445 2.3229
-0.00176492 -0.00826264 -0.0138182 -0.512358 1.11501 -1.80625
-0.000502251 -0.00165252 -0.00013153 -0.0201592 -3.30289e-05 -0.00331375
3.51273e-07 7.19974e-06 -2.19106e-07 -0.0201664 -3.33256e-05 -0.00331242
2.47302e-06 7.81868e-06 1.00389e-06 -0.226675 0.285245 -1.40341
-5.40072e-06 5.30209e-06 4.07093e-06 -0.450603 -0.27303 1.38956
0.00171768 -0.00230929 -0.00887956 0.308406 0.0874985 3.14052
0.0159556 -0.00872918 -0.00806875 0.308406 0.0874985 3.14052
0.00140771 0.00134582 4.44895e-05 1.87811 -0.0275488 1.65387
-9.86238e-05 -0.00110464 -0.00138093 -1.11578 -1.09031 2.32688
0.00553849 0.00162469 -0.00477185 -0.429893 1.09491 -1.7134
-0.000875131 -0.00123593 0.000773161 -0.0165966 1.23742e-05 0.000826643
2.33955e-07 9.50049e-06 -4.16377e-07 -0.0165958 8.18268e-06 0.000828868
8.13217e-07 1.11392e-05 4.16183e-07 -0.201094 0.298767 -1.38631
-2.89107e-06 1.61764e-05 5.53357e-07 -0.446165 -0.276025 1.38988
0.0154592 0.0231756 0.00161949 0.292434 0.0932368 3.13769
-0.0101697 0.0189802 -0.00412578 0.292434 0.0932368 3.13769
-0.00158132 -0.000157736 -0.00615255 1.86207 -0.0305863 1.65898
0.0064558 0.00948949 0.00121766 -1.22581 -1.09852 2.45442
0.00335086 0.0109126 0.00132578 -0.58013 1.11898 -1.82548
-2.62427e-05 0.000731229 -0.00108494 -0.0216347 1.94892e-05 0.000930241
-8.50148e-07 -2.33021e-05 -1.76424e-06 -0.0216147 1.22051e-05 0.000928486
-4.70106e-07 -1.06739e-05 6.75043e-06 -0.25353 0.303743 -1.37007
8.74942e-06 2.03209e-06 1.28609e-05 -0.461865 -0.281102 1.40441
0.0189608 0.0267769 0.00352308 0.281839 0.0913423 3.13742
-0.0232313 0.0161315 0.00619864 0.281839 0.0913423 3.13742
-0.000516609 -0.000156099 -0.00224039 1.85156 -0.0293826 1.6574
0.00309234 0.00571022 0.000838494 -1.42209 -1.08866 2.6633
0.000609456 0.00824678 0.00841579 -0.805767 1.11979 -2.01835
2.17823e-05 0.00171009 -4.34521e-05 -0.0216687 4.98888e-06 0.000824376
1.59137e-07 5.56079e-06 1.87731e-07 -0.0216516 7.96413e-06 0.000825522
9.81755e-07 -4.38915e-06 -5.38568e-06 -0.334007 0.286657 -1.36302
-3.25011e-06 -1.0106e-05 -3.87802e-07 -0.498014 -0.28387 1.41111
