-0.0042983 -0.0596464 -0.144513 0.257671 -0.0336794 3.1232
-0.112225 -0.103324 -0.194566 0.257671 -0.0336794 3.1232
2.07364 0.0274884 -0.117866 1.82833 -0.00920672 1.53355
-0.261143 -0.0656037 -0.0579487 -1.89481 -0.324602 -3.11824
0.153652 -0.0912879 -0.108943 -1.89126 0.311201 -3.09638
-0.000693852 0.426398 -0.0051534 -0.0238747 2.87577e-05 0.00322066
3.25976e-07 0.210655 -5.07459e-07 -0.0238744 3.56576e-05 0.00321857
0.151649 0.210654 1.58337e-07 -1.28887 0.346264 -1.56417
-0.151652 0.210654 5.05763e-06 -1.15652 -0.192625 1.19346
0 0 0 0.257671 -0.0336794 3.1232
0 0 0 0.257671 -0.0336794 3.1232
0 0 0 1.82833 -0.00920672 1.53355
0 0 0 -1.89481 -0.324602 -3.11824
0 0 0 -1.89126 0.311201 -3.09638
0 0 0 -0.0238747 2.87577e-05 0.00322066
0 0 0 -0.0238744 3.56576e-05 0.00321857
0 0 0 -1.28887 0.346264 -1.56417
0 0 0 -1.15652 -0.192625 1.19346
0.00382867 0.0121322 0.0123239 0.262306 -0.0343615 3.1234
-0.00164764 0.00671373 0.0164736 0.262306 -0.0343615 3.1234
-0.00155615 -7.34234e-05 -0.000735033 1.83296 -0.00865954 1.5329
-0.000607387 -0.000831829 0.00168583 -1.89492 -0.28207 -3.06927
0.00351625 0.00414741 0.00321106 -1.89747 0.260718 -3.10668
-8.18063e-05 -0.00055103 -0.000442303 -0.0259932 4.54404e-05 0.00360278
-3.5735e-07 -1.58784e-06 2.22549e-07 -0.0259987 4.6379e-05 0.00360321
3.76364e-06 1.34262e-06 1.0266e-07 -1.32963 0.34111 -1.55227
-8.1501e-07 1.88437e-06 -4.20322e-06 -1.1852 -0.186505 1.19259
0 0 0 0.262306 -0.0343615 3.1234
0 0 0 0.262306 -0.0343615 3.1234
0 0 0 1.83296 -0.00865954 1.5329
0 0 0 -1.89492 -0.28207 -3.06927
0 0 0 -1.89747 0.260718 -3.10668
5.72497e-07 5.33305e-06 -5.81004e-07 -0.0259986 4.97538e-05 0.00359682
0 0 0 -0.0259987 4.6379e-05 0.00360321
0 0 0 -1.32963 0.34111 -1.55227
0 0 0 -1.1852 -0.186505 1.19259
-0.0156193 0.00793119 -0.00597002 0.260371 -0.0319555 3.12721
0.0170964 -0.00642945 -0.0181203 0.260371 -0.0319555 3.12721
0.000374767 -0.0018944 0.00107206 1.83104 -0.00567372 1.53622
-0.013028 -0.00552778 0.00393817 -1.92778 -0.318066 -3.01707
0.0157604 -0.00288288 -0.00607297 -1.91704 0.303054 -3.09334
-0.000255002 0.000220072 0.0006208 -0.0230916 5.60767e-05 0.00477699
-1.08287e-07 2.7846e-06 3.03321e-07 -0.0230907 5.53531e-05 0.0047786
1.77041e-06 1.04609e-06 -4.41619e-08 -1.27839 0.355185 -1.50015
-7.22583e-07 -1.69174e-07 -5.60963e-07 -1.12597 -0.16813 1.15993
0.00982655 -0.0045519 -0.0295987 0.25624 -0.0291692 3.1248
0.0289016 -0.0155648 -0.0385782 0.25624 -0.0291692 3.1248
0.00301612 -0.000652836 0.00178989 1.82694 -0.00885048 1.53833
0.0184152 0.00447251 -0.0134308 -1.9609 -0.385766 -3.04849
0.0136769 -0.00645079 -0.0106972 -1.92831 0.414306 -3.05478
0.000478111 -0.000618757 -0.000442592 -0.0252424 4.07213e-05 0.0025539
-1.04393e-06 1.22057e-06 1.80107e-06 -0.0252347 3.53093e-05 0.0025491
2.3418e-06 -9.69518e-06 -3.43575e-06 -1.17416 0.377334 -1.45746
4.51313e-06 -1.19186e-05 -1.01948e-05 -1.07085 -0.217726 1.21075
0 0 0 0.25624 -0.0291692 3.1248
0 0 0 0.25624 -0.0291692 3.1248
0 0 0 1.82694 -0.00885048 1.53833
0 0 0 -1.9609 -0.385766 -3.04849
0 0 0 -1.92831 0.414306 -3.05478
0 0 0 -0.0252424 4.07213e-05 0.0025539
0 0 0 -0.0252347 3.53093e-05 0.0025491
0 0 0 -1.17416 0.377334 -1.45746
0 0 0 -1.07085 -0.217726 1.21075
-0.0300796 -0.0246284 -0.0965698 0.248588 -0.0246835 3.13182
0.0973025 -0.0285339 -0.079005 0.248588 -0.0246835 3.13182
0.0010996 -0.000944439 -0.00466674 1.81931 -0.00339909 1.54447
0.0226594 0.00165378 -0.0251666 -1.97781 -0.720912 3.1267
0.0236905 0.0039478 -0.00363212 -1.78595 0.782613 -2.84792
0.000977165 -0.000867849 0.000440268 -0.0232676 -1.75708e-05 -0.0019908
9.9493e-07 -5.36435e-06 -1.6387e-06 -0.0232633 -2.17546e-05 -0.00198482
-3.66992e-06 7.20607e-06 3.23399e-06 -0.845306 0.387787 -1.37972
-2.55458e-06 1.34694e-05 5.87276e-06 -0.808369 -0.30539 1.28234
-0.0469844 -0.0315317 -0.0314397 0.247026 -0.0228156 3.13545
0.060837 -0.0212333 -0.0423302 0.247026 -0.0228156 3.13545
0.0014668 0.000339292 -4.28521e-05 1.81776 -0.000377248 1.54718
-0.00392367 -0.00599218 0.0034084 -1.83343 -0.926098 2.95788
0.00736902 -0.00896362 -0.00930724 -1.57517 0.993113 -2.65806
-0.000157065 3.61924e-05 -0.00015483 -0.023991 -1.2201e-05 -0.0012452
7.02597e-07 1.8232e-06 3.56025e-07 -0.0239895 -1.40364e-05 -0.00124169
-2.35229e-06 2.8974e-07 -1.49302e-06 -0.634977 0.401463 -1.36238
-5.40748e-06 -6.93357e-06 -4.6692e-07 -0.649962 -0.288102 1.27535
-0.0425734 -0.0365013 -0.0304829 0.257652 -0.0126471 3.14065
0.0580113 -0.0189176 -0.0246568 0.257652 -0.0126471 3.14065
0.000978772 -0.000807129 0.00242922 1.82843 0.00231357 1.55833
-0.000571048 -0.0178003 -0.00778038 -1.60983 -1.08556 2.74381
0.0143453 -0.00687116 -0.0018652 -1.27781 1.12966 -2.38475
-3.8678e-05 0.00117524 0.00120322 -0.0182775 3.76885e-06 -0.00106436
-4.05752e-07 -1.23365e-05 2.77809e-07 -0.0182885 -6.64584e-06 -0.00105882
-6.62247e-06 -1.3908e-05 1.27236e-06 -0.45884 0.395404 -1.32399
1.11677e-05 -2.36424e-05 -1.1685e-05 -0.508857 -0.295949 1.29015
