-0.122197 -0.0211794 -0.183691 0.163639 -0.469826 -3.07706
0.0643392 -0.0624886 -0.312928 0.163639 -0.469826 -3.07706
2.35856 -0.00654254 -0.435624 1.71798 0.137659 1.11586
-0.144286 0.0687168 -0.0819182 -1.77646 -0.832732 1.81171
0.0983923 0.00759416 -0.0975672 -0.410695 1.22611 -2.01451
0.00268363 0.457455 0.0169696 0.0577958 0.000187181 -0.00913569
2.34006e-08 0.164064 -1.809e-06 0.0578219 0.00024317 -0.00914736
0.120407 0.164054 -2.85832e-06 -0.160805 0.552654 -1.71044
-0.120413 0.164051 2.65504e-05 -1.46236 -0.695009 1.32571
0 0 0 0.163639 -0.469826 -3.07706
0 0 0 0.163639 -0.469826 -3.07706
0 0 0 1.71798 0.137659 1.11586
0 0 0 -1.77646 -0.832732 1.81171
0 0 0 -0.410695 1.22611 -2.01451
0 0 0 0.0577958 0.000187181 -0.00913569
0 0 0 0.0578219 0.00024317 -0.00914736
0 0 0 -0.160805 0.552654 -1.71044
0 0 0 -1.46236 -0.695009 1.32571
0.0870186 -0.0197294 0.00828863 0.12764 -0.468069 -3.11465
0.0525052 -0.146029 0.228514 0.12764 -0.468069 -3.11465
-0.0078234 -0.00881164 0.0137236 1.68505 0.0842294 1.10909
0.00162372 0.00994516 0.0121513 -1.93022 -0.581669 2.30193
0.0194647 -0.0258033 0.0079318 -0.0652894 -0.0281071 -1.57594
0.0367968 -0.0130853 0.019419 0.131476 0.00941856 -0.142786
-7.79643e-06 0.00782336 -1.87392e-06 0.131519 0.00942432 -0.142858
-0.0115943 0.00781913 6.53922e-06 -0.0751497 0.440068 -1.52313
0.0116757 0.00774379 3.58954e-05 -1.27924 -0.61371 1.22128
-0.0810289 0.0572325 -0.00466029 0.122124 -0.428112 -3.11861
0.117423 0.0742104 0.0171013 0.122124 -0.428112 -3.11861
-0.00528856 -0.000193322 0.004915 1.68216 0.0734342 1.14806
-0.0131554 0.00270257 0.00680773 -1.47076 -0.99534 2.11752
-0.0360352 0.0318313 0.106483 1.19826 0.37831 -0.771039
0.00393629 -0.00420132 0.00900387 0.166087 0.0133074 -0.158771
6.34648e-06 0.000905142 1.3267e-06 0.166102 0.0132593 -0.158778
-0.00367658 0.00091634 4.2536e-07 1.05868 -0.105968 -1.71687
0.00360453 0.000980069 -5.5191e-05 -0.684179 -0.542316 1.06434
-0.242088 0.0294835 0.0168853 0.118061 -0.432535 -3.067
0.0936756 0.0120238 -0.000706107 0.118061 -0.432535 -3.067
-0.010959 0.0171248 0.0151911 1.67877 0.123552 1.14896
-0.0357067 0.0329849 0.14958 -0.0130804 -0.946281 0.391373
0.00960155 -0.023576 -0.00570788 1.37147 0.293563 -0.443157
-0.0311343 -0.0126815 0.0203135 0.23441 0.00509097 -0.0433436
5.78807e-06 -0.0203034 -2.64921e-06 0.234413 0.00509573 -0.0432936
-0.0103654 -0.0203008 4.67099e-07 1.22403 -0.0683868 -1.59137
0.0103034 -0.0202886 3.26704e-05 -0.00923327 0.693382 0.37508
0.0748589 0.0285772 0.135076 0.126551 -0.675183 -3.04653
-0.0724494 -0.0384422 -0.0793143 0.126551 -0.675183 -3.04653
0.0100359 0.00654288 0.00466702 1.67099 0.173563 0.909055
0.0271082 0.0639923 0.0630413 -0.336699 -0.844554 0.718809
0.112139 0.0211172 -0.0545141 1.20552 0.524626 -1.27767
-0.00737058 -0.00451652 -0.0177707 0.183267 0.00106169 -0.0186549
1.4109e-05 0.0120044 1.49987e-05 0.183221 0.00139956 -0.0186201
0.022162 0.0119887 -1.86254e-05 1.27192 0.241488 -1.0562
-0.0220995 0.0119525 -5.30633e-06 -0.779885 1.2515 -0.291112
0.0200946 -0.0573783 -0.0583007 0.164469 -0.590271 -3.08325
0.000759907 -0.00625051 0.0192549 0.164469 -0.590271 -3.08325
0.00258965 -0.00681046 0.00646523 1.70879 0.149046 0.994849
0.0041437 -0.0289788 -0.0294362 -0.232136 -0.888828 0.909195
-0.00646976 -0.00118304 0.0139417 1.22236 0.48634 -1.24817
0.00740529 -0.00534092 -0.0150978 0.132319 0.00343186 -0.0495623
-2.34614e-05 0.00683151 -4.20658e-06 0.132299 0.00334186 -0.0495769
-0.00777906 0.00684071 1.4187e-05 1.26897 0.158835 -1.07176
0.0077787 0.00687173 -5.17175e-05 -0.35207 1.13735 0.406194
-0.0834233 0.0378231 -0.0266244 0.101363 -0.590187 -3.0655
-0.0530016 -0.0113708 -0.0298633 0.101363 -0.590187 -3.0655
0.0025486 -0.00601681 -0.00238413 1.65571 0.132166 0.989448
-0.00219563 -0.0778014 -0.0654879 0.83827 -0.736675 0.0900404
0.000558852 0.00479796 -0.00427513 -0.989703 0.571624 -1.54252
0.0110621 7.26164e-05 0.0162051 0.195829 0.00912851 -0.092916
3.61678e-06 0.000230792 -6.54875e-06 0.195881 0.00913675 -0.0929328
-0.00422858 0.000238957 3.66009e-07 -0.796962 0.18298 -1.03669
0.00423379 0.000258895 2.96873e-05 0.655843 0.442932 1.0493
0.252859 -0.122113 -0.0138507 0.0449088 -0.643575 -3.07038
-0.108524 -0.0626201 -0.0624035 0.0449088 -0.643575 -3.07038
8.79055e-05 -0.00620277 -0.00215781 1.60689 0.0981131 0.930278
0.0144025 0.0212363 -0.0368545 -0.896604 -0.708861 1.89736
-0.0158073 -0.0327038 -0.0188714 -1.28185 0.611132 -1.94316
0.0234432 -0.00122231 0.0112898 0.236373 0.0216885 -0.182823
-2.4697e-06 -0.00120884 -4.64563e-07 0.236407 0.0217572 -0.182863
0.00030777 -0.00120885 -3.22215e-06 -0.945703 0.253118 -1.18437
-0.000285066 -0.00120786 4.28164e-06 -0.649966 0.198512 1.06563
-0.213903 0.158243 -0.0544974 0.095799 -0.580137 -3.11726
0.0310332 0.0124694 0.0316656 0.095799 -0.580137 -3.11726
0.00196192 -0.00266986 -0.00101548 1.65112 0.0767103 0.994723
-0.000881558 0.00488626 -0.0203867 1.14073 -0.847086 0.042167
-0.0249421 0.00228392 -0.00768258 -1.14637 0.538142 -1.716
0.00514214 0.00223685 -0.0167082 0.168052 0.0170976 -0.200679
6.49377e-07 -0.00338656 8.77554e-06 0.168023 0.0170131 -0.2007
0.00306157 -0.00338382 -3.93103e-07 -0.980812 0.308749 -1.3107
-0.0030475 -0.00336611 -0.00011384 0.646719 -0.0302914 1.04078
