-0.131594 -0.147877 -0.336289 0.222522 0.0733646 3.11509
0.173524 -0.19535 -0.357096 0.222522 0.0733646 3.11509
2.03438 0.157796 0.0303096 1.79291 -0.0420311 1.63652
-0.228087 -0.0823363 -0.0836655 -1.31647 -1.13822 2.54495
0.220169 -0.117035 -0.0916972 -0.781724 1.23997 -2.10795
-0.00115008 0.435255 -0.00355304 -0.0162877 4.52261e-05 0.00527451
-8.36526e-09 0.217275 -6.41258e-07 -0.0162843 4.35416e-05 0.00527866
0.168637 0.217277 2.40172e-06 -0.239377 0.264732 -1.41785
-0.168636 0.217274 2.39903e-06 -0.434179 -0.267358 1.37491
0 0 0 0.222522 0.0733646 3.11509
0 0 0 0.222522 0.0733646 3.11509
0 0 0 1.79291 -0.0420311 1.63652
0 0 0 -1.31647 -1.13822 2.54495
0 0 0 -0.781724 1.23997 -2.10795
0 0 0 -0.0162877 4.52261e-05 0.00527451
0 0 0 -0.0162843 4.35416e-05 0.00527866
0 0 0 -0.239377 0.264732 -1.41785
0 0 0 -0.434179 -0.267358 1.37491
0 0 0 0.222522 0.0733646 3.11509
0 0 0 0.222522 0.0733646 3.11509
0 0 0 1.79291 -0.0420311 1.63652
0 0 0 -1.31647 -1.13822 2.54495
0 0 0 -0.781724 1.23997 -2.10795
0 0 0 -0.0162877 4.52261e-05 0.00527451
0 0 0 -0.0162843 4.35416e-05 0.00527866
0 0 0 -0.239377 0.264732 -1.41785
0 0 0 -0.434179 -0.267358 1.37491
0.0352419 0.0253616 0.0132619 0.229044 0.074627 3.11606
-0.0327891 0.0119518 0.0135616 0.229044 0.074627 3.11606
-0.00185229 -0.000294791 0.00149321 1.7994 -0.0417988 1.6377
0.00186458 0.00539687 0.00328021 -1.57834 -1.05475 2.80428
-0.0159292 0.00521701 0.0119794 -0.931943 1.22283 -2.29655
-5.24004e-05 0.000854642 6.75469e-05 -0.0159193 4.47365e-05 0.00549101
-1.57398e-07 1.30403e-07 1.46271e-07 -0.0159221 4.40238e-05 0.00549241
8.39183e-07 -3.46654e-06 -2.12173e-06 -0.285443 0.236329 -1.46304
4.23386e-07 -2.89477e-06 -1.30612e-06 -0.536215 -0.261975 1.37751
0.0303786 0.0203971 0.0177289 0.232549 0.0731194 3.11795
-0.0309406 0.00845266 0.0122573 0.232549 0.0731194 3.11795
-0.00162207 -0.0012788 -0.00021574 1.8029 -0.0398427 1.63652
0.00425633 0.00389305 0.00366905 -1.71598 -0.963909 2.95747
-0.00463721 0.00803266 0.00334286 -1.1283 1.14829 -2.47171
0.000458509 -0.00064723 0.000205201 -0.0150208 2.16692e-05 0.00340061
-4.46282e-07 -1.62605e-06 -4.55256e-07 -0.0150265 2.43067e-05 0.00340329
1.35853e-06 2.27917e-06 6.26166e-07 -0.390733 0.232507 -1.47466
2.6424e-06 3.38009e-06 4.19191e-06 -0.622726 -0.254288 1.38914
0 0 0 0.232549 0.0731194 3.11795
0 0 0 0.232549 0.0731194 3.11795
0 0 0 1.8029 -0.0398427 1.63652
0 0 0 -1.71598 -0.963909 2.95747
0 0 0 -1.1283 1.14829 -2.47171
0 0 0 -0.0150208 2.16692e-05 0.00340061
0 0 0 -0.0150265 2.43067e-05 0.00340329
0 0 0 -0.390733 0.232507 -1.47466
0 0 0 -0.622726 -0.254288 1.38914
0.0305297 0.0304326 0.0765049 0.235952 0.07626 3.11561
-0.0900608 0.0275605 0.0499599 0.235952 0.07626 3.11561
-0.00151416 0.00138493 0.000960293 1.80628 -0.0430782 1.63889
-0.0296946 0.00201824 0.0205575 -1.88924 -0.673479 3.13872
-0.0100337 0.00106866 0.00504471 -1.56725 0.874204 -2.88452
-0.000102314 0.000324456 -0.000582654 -0.0176589 4.64306e-05 0.00386948
2.64654e-07 8.65314e-07 -1.14685e-06 -0.017662 4.141e-05 0.00387172
-1.98346e-06 -6.87412e-07 2.59255e-06 -0.71732 0.218883 -1.50549
-2.672e-06 -1.57178e-06 -3.65866e-06 -0.856115 -0.184965 1.29034
0.0096961 0.0119574 0.0337872 0.239307 0.0726169 3.11445
-0.00960352 0.0277824 0.0411542 0.239307 0.0726169 3.11445
-0.00149572 -0.000519048 0.000173551 1.8097 -0.0435742 1.63493
-0.0113181 0.000311177 0.00514493 -1.90817 -0.544958 -3.09527
0.0214239 -0.000396191 0.0182535 -1.72386 0.748141 -3.0598
-0.000342572 0.000578751 0.000526182 -0.0152146 2.99663e-05 0.00541639
-3.46683e-07 -6.68602e-07 8.69756e-07 -0.0152209 3.73025e-05 0.00541363
7.79366e-07 -1.65832e-06 -3.7399e-06 -0.824393 0.162729 -1.43931
2.99155e-06 2.17383e-06 5.27748e-06 -0.958709 -0.166758 1.25412
0 0 0 0.239307 0.0726169 3.11445
0 0 0 0.239307 0.0726169 3.11445
0 0 0 1.8097 -0.0435742 1.63493
0 0 0 -1.90817 -0.544958 -3.09527
0 0 0 -1.72386 0.748141 -3.0598
0 0 0 -0.0152146 2.99663e-05 0.00541639
0 0 0 -0.0152209 3.73025e-05 0.00541363
0 0 0 -0.824393 0.162729 -1.43931
0 0 0 -0.958709 -0.166758 1.25412
0.0213904 0.0181967 0.032853 0.242757 0.0925804 3.13254
-0.00740721 0.0328314 0.0483118 0.242757 0.0925804 3.13254
-0.000994235 -0.00773023 -0.000164044 1.81262 -0.0310108 1.65851
0.00171678 -0.0042167 -0.000983301 -1.91166 -0.402004 -3.01227
0.0287595 0.0159519 0.00942238 -1.81247 0.558591 3.13982
0.00035749 0.000733554 0.00038333 -0.0134263 4.87681e-05 0.00376604
-1.24936e-07 -1.00782e-05 7.1162e-07 -0.0134259 3.12267e-05 0.00377769
-2.05057e-05 -1.01656e-05 7.0445e-07 -0.98156 0.138741 -1.34123
2.14953e-05 -1.87478e-05 -1.14441e-05 -1.07529 -0.168016 1.26373
