-0.209129 -0.388124 -0.0836039 0.236717 0.120317 3.13904
0.0313534 0.0480044 -0.135272 0.236717 0.120317 3.13904
2.60289 0.165609 -0.259099 1.80589 -0.030633 1.6872
-0.204382 -0.0773409 -0.000193853 -0.40354 -0.262174 1.55552
0.289183 -0.0757517 -0.0818927 -2.12194 0.184522 2.69408
-0.00013716 0.441764 -0.00764249 -0.0350416 1.70049e-05 0.000633092
2.77222e-07 0.223759 6.61714e-09 -0.0350431 1.28079e-05 0.000632929
0.146174 0.223763 6.57941e-07 -1.04035 0.241894 -1.12532
-0.146176 0.223767 -1.1655e-06 -0.37362 -0.000624554 1.37984
0 0 0 0.236717 0.120317 3.13904
0 0 0 0.236717 0.120317 3.13904
0 0 0 1.80589 -0.030633 1.6872
0 0 0 -0.40354 -0.262174 1.55552
0 0 0 -2.12194 0.184522 2.69408
0 0 0 -0.0350416 1.70049e-05 0.000633092
0 0 0 -0.0350431 1.28079e-05 0.000632929
0 0 0 -1.04035 0.241894 -1.12532
0 0 0 -0.37362 -0.000624554 1.37984
-0.00301158 -0.00250755 0.00427723 0.236336 0.101545 3.13832
-0.00774952 -0.011039 -0.0142949 0.236336 0.101545 3.13832
0.00107129 0.000220158 0.00153042 1.80598 -0.0269171 1.66878
-5.77154e-05 -0.00238493 0.00370685 -0.398945 -0.260318 1.54603
-0.00552416 -0.00408676 -0.00716363 -2.13297 0.209167 2.71946
-0.000394248 -0.000170405 -0.000489439 -0.0373174 2.10698e-05 0.00243858
-2.96678e-07 5.10667e-06 1.26534e-07 -0.0373169 3.8906e-05 0.00243793
-1.21922e-05 -1.58527e-06 -4.33541e-06 -1.02881 0.261098 -1.14555
1.48614e-05 -7.02549e-06 5.54613e-06 -0.373561 0.0113536 1.38108
-0.000258908 -0.000471663 -0.000472393 0.232184 0.0905914 3.13779
-0.0131087 -0.0147866 -0.011067 0.232184 0.0905914 3.13779
0.00212648 -0.000362861 0.00299548 1.80208 -0.0245204 1.6581
0.000821877 -0.00175744 0.00410724 -0.395494 -0.275076 1.54244
-0.00955633 0.00603052 -0.00586648 -2.11593 0.230267 2.79276
1.99559e-05 8.36135e-05 -0.000664073 -0.0403502 1.67243e-05 0.00233966
-2.43156e-07 8.88818e-07 1.57099e-07 -0.0403404 4.22292e-05 0.00233935
1.04248e-05 3.4998e-07 2.84712e-06 -1.05016 0.285082 -1.16478
-5.87637e-06 -2.47299e-05 5.60176e-06 -0.373436 0.0245654 1.38475
-0.000734742 0.00476626 0.000504017 0.233418 0.09409 3.13734
-0.0116681 -0.0137813 -0.0200436 0.233418 0.09409 3.13734
0.000821284 0.000714923 -0.000714084 1.80325 -0.0258688 1.66137
-0.00120575 0.0049746 -0.000124569 -0.398268 -0.273031 1.54398
-0.00951106 0.00971783 -0.00425626 -2.11439 0.28766 2.87533
0.0002331 0.000235567 -0.000535805 -0.0427594 3.19952e-05 0.00127731
3.80931e-07 -4.05119e-08 4.55996e-08 -0.0427607 2.83312e-05 0.00127672
1.25942e-05 3.32202e-06 5.17086e-07 -1.0379 0.308475 -1.18055
-1.77997e-05 3.04052e-05 -1.19768e-05 -0.373701 0.0245093 1.37793
0.00307427 -0.000450683 -0.00456048 0.227097 0.101931 3.13751
0.00241382 -0.0276447 -0.0479227 0.227097 0.101931 3.13751
0.00130469 -0.00179635 -0.00028803 1.79678 -0.0268887 1.66922
0.00197499 -0.000273235 -0.00510718 -0.399407 -0.271269 1.54754
-0.0090747 -0.00169342 -0.00943547 -2.12948 0.434605 2.96061
0.000844845 -0.000222585 0.00044578 -0.0407513 -4.24273e-05 -0.00260897
-6.60934e-07 -3.06242e-06 -3.91131e-07 -0.0407445 -5.08482e-05 -0.00260813
3.01287e-06 -3.29889e-06 6.71158e-07 -0.952903 0.337518 -1.20977
-2.28793e-07 -3.99606e-06 1.11577e-06 -0.3736 0.00780565 1.38445
0.00227836 0.00203706 -0.00808204 0.225091 0.123369 3.1383
0.00614842 -0.0319317 -0.0462128 0.225091 0.123369 3.1383
0.000655509 0.000102038 -0.00231732 1.79426 -0.0306769 1.69036
0.000372249 0.00180754 -0.00708769 -0.404144 -0.274472 1.55367
-0.0105435 -0.00364177 -0.0124604 -2.102 0.573045 3.06501
-0.000104883 0.000247967 0.000111052 -0.0402035 -4.76826e-06 -0.00211436
5.91794e-07 1.09568e-06 4.79503e-07 -0.040201 -3.23238e-05 -0.00211306
-2.87346e-05 4.95263e-06 2.64715e-06 -0.891395 0.373034 -1.24574
2.58297e-05 7.41813e-06 -9.05243e-06 -0.37365 -0.0154263 1.38447
0 0 0 0.225091 0.123369 3.1383
0 0 0 0.225091 0.123369 3.1383
0 0 0 1.79426 -0.0306769 1.69036
0 0 0 -0.404144 -0.274472 1.55367
0 0 0 -2.102 0.573045 3.06501
0 0 0 -0.0402035 -4.76826e-06 -0.00211436
0 0 0 -0.040201 -3.23238e-05 -0.00211306
0 0 0 -0.891395 0.373034 -1.24574
0 0 0 -0.37365 -0.0154263 1.38447
0.0072423 -0.00526563 0.000186622 0.245083 0.140369 -3.13397
0.0296171 -0.0672621 -0.0598366 0.245083 0.140369 -3.13397
0.00143434 -0.00148197 0.00268632 1.81351 -0.0265597 1.70886
-7.44563e-05 -0.00385436 -0.00483349 -0.411393 -0.258303 1.57726
-0.0162365 -0.00892401 -0.00416557 -1.87856 0.818819 -2.9354
0.000236584 0.00196138 0.0019599 -0.0309692 -4.34566e-05 -0.00317417
-3.02507e-07 -2.56744e-05 9.23597e-07 -0.03099 -4.7697e-05 -0.00317394
2.00708e-05 -3.19442e-05 -4.25796e-06 -0.776354 0.380689 -1.30442
-1.25565e-05 -6.63708e-05 -3.44906e-05 -0.373696 -0.0308238 1.38655
0.00491265 -0.000439559 0.00214715 0.255027 0.141467 -3.12927
0.0153367 -0.0237085 -0.0144865 0.255027 0.141467 -3.12927
0.000270527 -0.00235712 0.00273704 1.8233 -0.0236459 1.71083
0.000745146 -0.000166438 0.000834591 -0.41364 -0.254101 1.59063
-0.00363948 -0.00692015 0.00257774 -1.75682 0.894197 -2.82348
6.5943e-05 -0.000975656 0.00011666 -0.0305614 -5.15785e-05 -0.00349566
-4.37771e-07 3.52818e-06 -7.25828e-07 -0.0305717 -5.28721e-05 -0.00349218
1.0921e-05 1.99125e-06 -3.73914e-07 -0.719841 0.367168 -1.32079
-1.18613e-05 2.90557e-05 4.04887e-05 -0.373696 -0.0282399 1.38908
