-0.195324 -0.425902 -0.0992674 0.299982 0.107222 -3.12078
0.0214984 0.0141632 -0.15918 0.299982 0.107222 -3.12078
3.03512 0.115664 -0.347917 1.86903 -0.0117399 1.67938
-0.211265 -0.12615 -0.02384 -0.292822 -0.246173 1.62392
0.275374 -0.0842058 -0.0797144 -2.10245 0.28395 2.77192
0.000301873 0.445612 -0.00139066 -0.00626143 8.86966e-06 -0.00135226
5.53906e-07 0.223765 -5.56009e-07 -0.00626188 -4.37064e-07 -0.00134331
0.14619 0.223759 1.62056e-06 -1.01733 0.234309 -1.17361
-0.146193 0.223752 -1.30196e-06 -0.233417 -0.0668769 1.38693
0 0 0 0.299982 0.107222 -3.12078
0 0 0 0.299982 0.107222 -3.12078
0 0 0 1.86903 -0.0117399 1.67938
0 0 0 -0.292822 -0.246173 1.62392
0 0 0 -2.10245 0.28395 2.77192
0 0 0 -0.00626143 8.86966e-06 -0.00135226
0 0 0 -0.00626188 -4.37064e-07 -0.00134331
0 0 0 -1.01733 0.234309 -1.17361
0 0 0 -0.233417 -0.0668769 1.38693
0.0147947 -0.00299824 -0.00264631 0.29882 0.125558 -3.10605
0.0266067 0.0154263 0.0161681 0.29882 0.125558 -3.10605
0.00035354 -0.00699623 -0.00039731 1.8672 -0.00288663 1.70123
0.00997836 -0.00143527 -0.00665929 -0.289822 -0.232181 1.63957
0.0194397 -0.0075794 0.0183896 -2.13111 0.288758 2.68433
-0.00158511 -0.000246571 0.000372623 -0.00457748 7.74274e-05 0.00573201
-4.73069e-06 -2.55968e-05 -7.66988e-07 -0.0045738 3.42941e-05 0.00576703
-2.75099e-05 -1.24343e-05 5.74815e-06 -0.969266 0.174033 -1.13052
5.64319e-05 -2.01161e-05 -7.8311e-06 -0.235625 -0.0855358 1.41509
0.00542497 0.00155244 -0.00237848 0.2983 0.137488 -3.09532
0.00676174 0.0139386 0.0135983 0.2983 0.137488 -3.09532
0.000695813 -0.00388106 -0.000450869 1.8662 0.00397167 1.71576
0.00589023 0.000560552 -0.00380669 -0.286254 -0.228449 1.63825
0.00615248 0.0167251 0.0096365 -2.11915 0.277179 2.69254
-0.000133793 -9.00132e-05 -0.000497921 -0.00683926 3.78267e-05 0.00638704
3.67646e-06 8.99934e-07 8.79512e-07 -0.00683834 2.60359e-05 0.00639774
-3.74083e-06 -3.98085e-06 -6.37041e-06 -0.979904 0.152402 -1.09277
-7.48438e-06 -1.8517e-06 -6.32075e-06 -0.23711 -0.0965143 1.43129
-0.0141669 0.019664 0.00474881 0.298487 0.121292 -3.10784
-0.00760523 0.0053245 0.00711952 0.298487 0.121292 -3.10784
-0.000578874 0.00493069 0.000491427 1.86703 -0.00330535 1.69664
-0.00799691 0.0186392 0.0076769 -0.287362 -0.238709 1.61794
-0.00925462 -0.00512641 -0.00532901 -2.10085 0.231865 2.65587
0.00139562 -0.000994762 4.714e-05 -0.00665728 -2.59357e-05 0.000113385
1.50388e-06 -3.62073e-06 1.30493e-07 -0.00665825 -7.04839e-06 9.8746e-05
-1.149e-05 -6.69734e-06 -2.50209e-06 -1.01909 0.167609 -1.12413
-9.34756e-06 9.56094e-06 2.11707e-05 -0.234252 -0.0788614 1.40013
-0.00407151 0.0122058 -0.0023004 0.298885 0.124099 -3.1139
0.00927626 -0.00338875 -0.00408156 0.298885 0.124099 -3.1139
-0.000407715 0.000888487 0.000727815 1.86733 -0.00997592 1.69755
0.00172494 0.0102042 0.00465834 -0.28487 -0.262379 1.59879
0.00564333 -0.01281 0.00683776 -2.13052 0.267729 2.61978
0.000527368 0.000896868 -0.000237799 -0.00769833 -2.51538e-07 -0.00229061
-1.25817e-06 1.1755e-05 -3.09433e-07 -0.00769905 -7.0197e-06 -0.00230529
2.3705e-05 1.01845e-05 2.35503e-06 -0.971094 0.142 -1.12546
-1.47682e-05 9.07116e-06 -5.9196e-06 -0.234301 -0.0671437 1.40008
-0.0127034 0.00574062 0.0051588 0.295791 0.113822 -3.12879
-0.0194779 -0.00604649 -0.0136403 0.295791 0.113822 -3.12879
0.000282945 0.00472146 0.000911467 1.86469 -0.0208579 1.68343
-0.00434682 0.00653685 0.00199915 -0.278809 -0.251876 1.57069
-0.0130359 0.000883865 -0.0144784 -2.12584 0.262862 2.65273
0.000371874 -0.000257543 -0.000216753 -0.00869118 -4.03328e-05 -0.0039535
1.04039e-06 -1.50328e-05 1.89144e-07 -0.00868634 -2.25796e-05 -0.0039784
-1.04591e-05 -1.47064e-05 -2.30926e-06 -0.988127 0.185419 -1.15845
1.5233e-06 -1.17976e-05 6.48619e-06 -0.233163 -0.062153 1.38326
0.00439686 0.0037971 0.00563674 0.301362 0.113702 -3.12235
-0.0118042 -0.0135493 -0.0145485 0.301362 0.113702 -3.12235
-0.000365243 -0.000551462 -0.00287073 1.87019 -0.0152954 1.6851
0.000517661 0.00521102 -0.000483983 -0.280129 -0.231451 1.58364
-0.00925564 0.0146737 -0.00881861 -2.11189 0.291513 2.74962
-0.00101346 0.000475309 -0.000161769 -0.00942123 2.91685e-06 0.000620222
-3.23407e-07 8.40603e-06 9.54823e-07 -0.00943121 2.97988e-06 0.000630687
1.69332e-05 1.40244e-05 1.56417e-07 -0.99983 0.220648 -1.16645
-1.31734e-05 1.27694e-05 -1.21414e-05 -0.233113 -0.064665 1.38184
0.00621822 -0.00204355 0.00216454 0.303097 0.117815 -3.11671
-0.00470271 -0.0166141 -0.0279461 0.303097 0.117815 -3.11671
0.000143563 -0.00193329 0.000359191 1.87175 -0.0113257 1.69067
0.00231985 -0.00318939 0.00640068 -0.282845 -0.245649 1.59675
-0.006683 0.00469566 -0.00151505 -2.12061 0.39076 2.82211
-0.000135886 0.000346864 -0.00137285 -0.015574 1.67971e-05 0.00121756
-7.32075e-07 1.00951e-05 -8.00789e-07 -0.0155762 1.13527e-05 0.0012247
8.50507e-06 7.30885e-06 1.31137e-06 -0.943476 0.229723 -1.17989
-1.35959e-06 -3.76029e-06 2.02106e-06 -0.233621 -0.0440703 1.39088
-0.00286924 0.00154454 0.00460788 0.303206 0.103103 -3.11317
0.000896971 -0.0276265 -0.0389548 0.303206 0.103103 -3.11317
0.00152515 -0.000260561 0.00113244 1.87235 -0.00359377 1.67768
0.00435824 0.00242614 0.00108386 -0.271572 -0.23392 1.57253
-0.00718405 -0.00214056 -0.0155544 -2.1279 0.488804 2.91031
0.000465576 0.000489714 -0.00102725 -0.0201665 -3.9831e-05 -0.000867751
4.81037e-07 6.71295e-06 4.50766e-07 -0.0201673 -1.5932e-05 -0.000862016
-1.06615e-05 4.88634e-06 -2.68823e-06 -0.892728 0.275735 -1.20317
4.58184e-06 3.36483e-06 7.3985e-06 -0.234063 -0.0411191 1.40309
