-0.188554 -0.246028 -0.0194215 0.161285 0.126932 -3.07462
0.22888 0.139688 -0.0281025 0.161285 0.126932 -3.07462
2.75845 0.00449304 -0.51173 1.73095 0.0457825 1.70678
-0.21651 0.00287934 0.108163 -0.617667 -0.471129 1.68272
-0.00951412 0.20875 -0.109304 1.90486 -0.316179 -0.282025
0.00443403 0.414942 -0.194116 -0.688581 -0.00525358 -0.0143847
4.7035e-06 0.179058 8.36685e-06 -0.688666 -0.0051671 -0.0143414
0.114273 0.179059 -1.07797e-05 1.2892 0.709371 2.90612
-0.114281 0.179051 -4.58088e-05 -0.624082 0.48835 1.045
0 0 0 0.161285 0.126932 -3.07462
0 0 0 0.161285 0.126932 -3.07462
0 0 0 1.73095 0.0457825 1.70678
0 0 0 -0.617667 -0.471129 1.68272
0 0 0 1.90486 -0.316179 -0.282025
0 0 0 -0.688581 -0.00525358 -0.0143847
0 0 0 -0.688666 -0.0051671 -0.0143414
0 0 0 1.2892 0.709371 2.90612
0 0 0 -0.624082 0.48835 1.045
0.00154313 0.00515754 -0.0399081 0.201059 0.254329 -3.08465
0.0100634 -0.0115286 0.0371574 0.201059 0.254329 -3.08465
0.00503565 -0.00041985 0.000409802 1.76531 0.00560007 1.83123
-0.0132067 -0.0129326 -0.0599081 -0.89318 -0.429774 1.75375
0.0146444 -0.00775425 0.0220412 1.89683 -0.374727 -0.301991
0.0351639 -0.0071732 -0.0109657 -0.725991 -0.0487389 -0.128688
-6.23306e-06 0.000595122 -5.9755e-06 -0.72601 -0.048915 -0.12871
0.00723495 0.000592452 1.14422e-05 1.3229 0.635421 2.96021
-0.00720655 0.000601459 5.42104e-06 -0.811538 0.217583 1.05234
0.00105528 -0.00473844 -0.00802519 0.216018 0.301141 -3.08866
-0.00144011 -0.00969776 0.00245296 0.216018 0.301141 -3.08866
0.00328907 -0.000770359 0.00145345 1.77697 -0.0118096 1.8762
-0.00201903 0.0141418 -0.00973019 -0.96369 -0.395144 1.75212
-0.0156172 0.0089788 0.0181814 1.89713 -0.29592 -0.353521
0.0203857 -0.00780421 -0.00361699 -0.748006 -0.0773993 -0.196812
5.81463e-07 0.0022302 -1.68334e-06 -0.748008 -0.0774496 -0.19682
0.00312617 0.00222972 -1.06235e-06 1.31051 0.464045 2.93659
-0.00314157 0.00222763 3.12364e-05 -0.880388 0.183589 1.02855
0.00316172 0.0514982 -0.0179602 0.191501 0.334233 3.13117
0.0137002 0.0014331 0.0247802 0.191501 0.334233 3.13117
-0.00230273 -0.0098721 -0.00846496 1.75207 -0.0727326 1.89747
0.00526464 0.0322316 -0.0020759 -1.05816 -0.478905 1.75814
-0.028092 -0.0668884 0.0834639 1.71931 -0.0752589 -0.0798603
0.047191 0.00601847 0.0230207 -0.630959 -0.114469 -0.347604
-5.79659e-06 -0.00911946 -3.93105e-06 -0.630912 -0.1145 -0.347687
-0.0231219 -0.00910905 6.4392e-06 1.38955 -0.100217 -2.93262
0.0231294 -0.00904868 2.05074e-05 -0.907973 0.194411 0.829438
0 0 0 0.191501 0.334233 3.13117
0 0 0 0.191501 0.334233 3.13117
0 0 0 1.75207 -0.0727326 1.89747
0 0 0 -1.05816 -0.478905 1.75814
0 0 0 1.71931 -0.0752589 -0.0798603
0 0 0 -0.630959 -0.114469 -0.347604
0 0 0 -0.630912 -0.1145 -0.347687
0 0 0 1.38955 -0.100217 -2.93262
0 0 0 -0.907973 0.194411 0.829438
-0.00131029 -0.020273 -0.0129751 0.167563 0.389213 3.13085
0.000768241 -0.010849 0.0298995 0.167563 0.389213 3.13085
-0.00466307 -0.000739505 0.00296187 1.72615 -0.0739467 1.95342
-0.00528328 9.46305e-05 -0.00994142 -1.11214 -0.454703 1.75855
0.00606653 -0.00349675 0.0129375 1.68916 -0.135026 -0.106971
0.00904274 0.000851881 0.0222671 -0.566135 -0.115126 -0.391463
8.15562e-06 0.00204472 -2.0061e-06 -0.566085 -0.115178 -0.391459
0.00552097 0.00203033 1.24499e-05 1.38406 -0.187497 -2.8944
-0.00553753 0.00196319 -3.59171e-06 -0.950476 0.141216 0.837133
-0.00120345 -0.0392086 0.00205464 0.122272 0.354262 -3.09044
-0.0269797 0.0065024 -0.0184931 0.122272 0.354262 -3.09044
-0.0096672 0.0117308 0.0223061 1.68545 0.00849381 1.92849
-0.00955241 -0.0541191 0.017641 -0.951367 -0.524866 1.80388
-0.00463279 0.018094 -0.00274728 1.68464 -0.0868359 -0.15938
-0.0498026 -0.0120162 0.0174586 -0.60591 -0.0823484 -0.262008
1.05367e-05 0.0189834 -1.65205e-06 -0.60588 -0.082304 -0.261934
0.00278545 0.0189725 -1.65632e-05 1.38522 -0.160851 -2.90112
-0.00284298 0.0188789 3.28981e-05 -0.797409 0.175371 1.01449
-0.00465658 0.00500775 0.00632948 0.0848086 0.335931 -3.07396
-0.00700452 0.0033446 0.00743548 0.0848086 0.335931 -3.07396
-0.00736916 0.00522886 -6.4304e-05 1.65092 0.0394871 1.91102
-0.0041404 -0.00390684 0.00842128 -0.894521 -0.547569 1.81054
0.00907293 0.0323594 -0.0320847 1.77418 -0.239855 -0.281482
-0.0256891 0.00816158 0.0121261 -0.556444 -0.0462128 -0.161422
-1.13817e-05 -0.00238586 4.99235e-06 -0.556429 -0.0462015 -0.161418
0.0116194 -0.00236817 -1.4135e-06 1.37952 0.0502807 -3.13281
-0.0115539 -0.0022598 -2.51363e-05 -0.748917 0.210065 1.0436
0 0 0 0.0848086 0.335931 -3.07396
0 0 0 0.0848086 0.335931 -3.07396
0 0 0 1.65092 0.0394871 1.91102
0 0 0 -0.894521 -0.547569 1.81054
0 0 0 1.77418 -0.239855 -0.281482
0 0 0 -0.556444 -0.0462128 -0.161422
0 0 0 -0.556429 -0.0462015 -0.161418
0 0 0 1.37952 0.0502807 -3.13281
0 0 0 -0.748917 0.210065 1.0436
