-0.229155 -0.357389 -0.0335519 0.136998 -0.158854 3.10872
-0.0386412 -0.0111846 -0.317852 0.136998 -0.158854 3.10872
1.82808 0.220224 -0.100417 1.70607 -0.0109627 1.40898
-0.184781 -0.00957921 0.0559486 -0.315901 -0.249931 1.4439
0.219896 -0.0258803 -0.105481 -2.17391 0.687042 3.08501
0.00267661 0.460512 0.0241487 0.0922246 0.000491166 -0.0102398
-1.82458e-06 0.199466 8.42241e-07 0.0921977 0.000477235 -0.0102577
0.122719 0.199467 -2.97072e-07 -0.765705 0.405946 -1.16366
-0.122701 0.199481 -2.12229e-05 -0.316012 0.251193 1.28214
0 0 0 0.136998 -0.158854 3.10872
0 0 0 0.136998 -0.158854 3.10872
0 0 0 1.70607 -0.0109627 1.40898
0 0 0 -0.315901 -0.249931 1.4439
0 0 0 -2.17391 0.687042 3.08501
0 0 0 0.0922246 0.000491166 -0.0102398
0 0 0 0.0921977 0.000477235 -0.0102577
0 0 0 -0.765705 0.405946 -1.16366
0 0 0 -0.316012 0.251193 1.28214
-0.010529 -0.0109968 0.00183954 0.181246 -0.114497 3.08128
0.01198 -0.0292973 -0.016868 0.181246 -0.114497 3.08128
0.00482489 -0.00296002 0.0130676 1.75098 -0.0387376 1.44736
-0.00162651 -0.0209617 -0.0235585 -0.313234 -0.185274 1.41437
-0.00435787 -0.00638742 0.0117686 -2.05626 0.782657 -3.10769
0.010736 -0.0128665 -0.0248788 -0.0030665 1.59458e-05 -0.054396
-2.1877e-06 0.00156755 6.95441e-06 -0.00313746 -5.69762e-05 -0.0544309
0.00237016 0.00152302 -1.23437e-05 -0.733741 0.358367 -1.20089
-0.00234642 0.00149269 -4.51288e-05 -0.310573 0.134697 1.31172
-0.00617856 0.0251128 0.000652566 0.168524 -0.112956 3.08912
0.00214696 -0.00244091 -0.0153595 0.168524 -0.112956 3.08912
0.00137585 0.000460866 -0.00129216 1.73833 -0.0328337 1.45068
-0.00631643 0.0152686 0.00599322 -0.325266 -0.206024 1.41017
-0.00185172 -0.00735624 -0.00635285 -2.06663 0.809553 -3.12774
-0.00361764 0.00108764 0.00256483 0.00746911 0.000151524 -0.0398437
4.66895e-06 0.00206646 -8.14086e-06 0.00748205 0.000149728 -0.0398372
-0.00169388 0.00211076 1.41256e-05 -0.708193 0.368726 -1.21467
0.00164467 0.00212352 6.78653e-05 -0.317617 0.166006 1.26339
-0.00118054 -0.00579284 0.00397564 0.179182 -0.122748 3.08988
-0.00440692 0.00822119 0.0124395 0.179182 -0.122748 3.08988
-0.00168092 0.000287668 -0.00241217 1.7487 -0.0290775 1.44085
-0.00240731 0.00781561 0.00345322 -0.333002 -0.196882 1.41998
-0.00270304 -0.000302063 0.00268188 -2.08107 0.785998 3.11979
-0.000657408 0.0027894 -0.00563207 -0.0152641 -0.000308722 -0.0367113
-2.45612e-07 -0.000303263 1.14019e-06 -0.0152829 -0.000290747 -0.0367076
-0.000340778 -0.000295934 -4.57212e-06 -0.719577 0.36069 -1.22326
0.000345609 -0.000287635 2.03857e-07 -0.321593 0.186039 1.24056
0.00372898 -0.00312916 -0.0107001 0.186555 -0.0927586 3.08429
0.00974679 0.0226638 0.0196606 0.186555 -0.0927586 3.08429
0.00340845 -0.000897036 0.000420329 1.75669 -0.0391344 1.46906
-0.00116504 0.000461649 -0.0133817 -0.340617 -0.187945 1.43552
-0.001432 -0.000480117 0.00352631 -2.13399 0.771359 3.01808
0.00225524 -0.00127178 -0.00729989 -0.0448958 -0.000986404 -0.0460701
-9.82744e-07 0.000518276 1.11532e-06 -0.0449052 -0.00102372 -0.046076
0.00270021 0.000509679 2.57944e-06 -0.701287 0.349262 -1.23968
-0.00267524 0.000500177 -4.82687e-05 -0.320755 0.127774 1.24707
-0.000111246 -0.0049003 0.00376459 0.193156 -0.108245 3.08934
-0.0273384 0.025599 0.0282746 0.193156 -0.108245 3.08934
0.000306886 0.00124373 0.00147529 1.7629 -0.0305532 1.45458
-0.00219783 -0.00285241 0.00125997 -0.343185 -0.180069 1.44212
-0.0015079 0.000428866 -0.00387057 -2.18921 0.635723 2.93424
-0.0045969 -0.001381 -0.00211261 -0.0532409 -0.00076076 -0.0273544
2.07327e-06 -0.00227263 -1.36373e-06 -0.0532499 -0.000737857 -0.027346
0.000195123 -0.00227149 -1.31062e-06 -0.778629 0.366483 -1.2425
-0.000226596 -0.00226725 4.97193e-05 -0.321534 0.132444 1.23952
-0.00255403 -0.00479585 0.00643733 0.195926 -0.118064 3.08935
-0.00338648 0.033718 0.0439829 0.195926 -0.118064 3.08935
-0.00275769 0.00120812 0.000467295 1.76542 -0.0283258 1.44487
-0.00215588 -0.00110696 0.00765395 -0.341554 -0.181533 1.44234
0.00219405 0.000144566 0.00348982 -2.23437 0.504498 2.81844
-0.00136174 0.000740957 0.00161073 -0.0466757 -0.000521905 -0.0218622
-1.32106e-06 0.000367078 -1.03986e-06 -0.0466781 -0.000512278 -0.0218619
0.000334368 0.000367076 2.0486e-06 -0.825804 0.353441 -1.2359
-0.000326345 0.000367123 2.94809e-06 -0.322383 0.164551 1.23396
-0.00242931 0.0075534 0.0171038 0.184317 -0.151527 3.10033
-0.0202498 0.0274478 0.0556846 0.184317 -0.151527 3.10033
-0.00326757 0.00212587 0.0036456 1.753 -0.0129094 1.41432
-0.00032549 -0.00890779 0.0161606 -0.321512 -0.187236 1.42991
-0.00276036 0.00429007 -0.00499466 -2.205 0.294996 2.76348
-0.00639768 -0.0023572 0.00922324 -0.00963855 -5.85578e-05 0.00397035
2.34705e-06 0.00103344 -4.44513e-06 -0.00961679 -4.3668e-06 0.0039859
0.00330874 0.00102523 5.57879e-06 -0.977522 0.377342 -1.2545
-0.0033232 0.00100993 4.0026e-05 -0.317186 0.225205 1.26013
0.00415935 0.000490634 0.00415102 0.19851 -0.150193 3.10732
0.0247168 0.007565 0.0306755 0.19851 -0.150193 3.10732
0.00259716 0.00100041 -0.000424532 1.76705 -0.00409675 1.41683
-0.00140455 0.000348611 -0.0030248 -0.320547 -0.167092 1.44622
0.00721748 0.00320748 0.0109675 -2.17926 0.245016 2.72649
-0.00558566 -1.4739e-05 -0.00924666 -0.0472093 0.000629781 0.0265971
-4.65193e-07 -0.00136896 8.30506e-06 -0.0472309 0.000629122 0.0266111
0.00489223 -0.00135933 -8.79931e-06 -1.00731 0.343369 -1.23974
-0.00487576 -0.0013447 -6.41598e-05 -0.314706 0.2155 1.2722
