-0.175419 -0.383698 -0.123072 0.223318 0.168456 -3.13273
0.0292459 -0.00637671 -0.278794 0.223318 0.168456 -3.13273
2.42945 0.190016 -0.221596 1.791 -0.0284909 1.73709
-0.197449 -0.0763587 -0.030032 -2.43362 -0.293248 1.64235
0.253386 -0.0571927 -0.112328 -2.21695 0.626807 2.91862
0.000944773 0.443375 -0.0100739 -0.0458247 -6.0247e-05 -0.0043005
-4.31098e-08 0.223765 -9.02077e-07 -0.0458293 -8.94813e-05 -0.00429922
0.146169 0.223758 1.95617e-05 -0.761895 0.357537 -1.20623
-0.146167 0.223755 -6.99057e-06 -2.38842 -0.0982929 1.40155
0 0 0 0.223318 0.168456 -3.13273
0 0 0 0.223318 0.168456 -3.13273
0 0 0 1.791 -0.0284909 1.73709
0 0 0 -2.43362 -0.293248 1.64235
0 0 0 -2.21695 0.626807 2.91862
0 0 0 -0.0458247 -6.0247e-05 -0.0043005
0 0 0 -0.0458293 -8.94813e-05 -0.00429922
0 0 0 -0.761895 0.357537 -1.20623
0 0 0 -2.38842 -0.0982929 1.40155
0.00295953 0.00206834 0.00811616 0.230984 0.183781 -3.12907
-0.00396871 0.0351588 0.051017 0.230984 0.183781 -3.12907
-0.00414159 -0.00270436 -0.000424362 1.79793 -0.0296521 1.75263
0.00361477 0.00353194 0.00324676 -2.42964 -0.27749 1.6399
0.00742028 0.0044308 0.0175291 -2.24056 0.490051 2.80826
-0.000166756 -0.000969682 0.00137716 -0.0397342 -4.79024e-05 -0.00356557
-3.67116e-07 -7.1513e-06 -9.62205e-08 -0.0397427 -6.59003e-05 -0.00356287
-2.87895e-06 1.42451e-06 -1.82109e-05 -0.811919 0.306675 -1.17777
4.42353e-06 5.87146e-06 7.88157e-06 -2.38926 -0.0889333 1.41143
-0.00291126 0.000229598 -0.00203992 0.229713 0.193661 -3.12992
0.00205838 0.0284832 0.0378071 0.229713 0.193661 -3.12992
-0.0017146 -5.92409e-05 -0.00128863 1.79626 -0.0324577 1.76211
-0.00154413 0.000157707 -0.00145204 -2.42968 -0.27939 1.63551
0.00570082 0.00359631 0.0124767 -2.24493 0.390023 2.72283
-0.000234403 -1.9837e-05 0.0017382 -0.0317994 -1.6485e-05 -0.0024848
5.01004e-07 2.77166e-06 -3.98227e-07 -0.0317973 -3.12553e-05 -0.00248571
8.97707e-06 3.90922e-06 9.74962e-08 -0.847517 0.269251 -1.15552
-1.25669e-05 7.1868e-06 -1.52781e-07 -2.38879 -0.0936983 1.40631
0.00158636 -0.0246118 -0.00701948 0.228235 0.204383 -3.13012
0.00652053 0.0145762 0.0327938 0.228235 0.204383 -3.13012
5.78689e-05 -0.000661529 0.00141026 1.79434 -0.0347562 1.77257
-6.11867e-05 -0.0222615 -0.00877113 -2.42901 -0.272096 1.6403
0.0095907 0.00210205 0.0097175 -2.21579 0.303604 2.68524
0.000223203 0.00185756 -2.6789e-05 -0.0316643 -3.36662e-05 -0.00348198
-3.36e-07 3.76847e-06 9.86884e-07 -0.0316618 -5.02983e-05 -0.00348184
3.81076e-06 4.06052e-07 -4.09261e-07 -0.902051 0.237123 -1.12345
-9.95342e-07 -9.00102e-06 -3.89777e-06 -2.38995 -0.114253 1.41743
-0.000878815 0.0146272 -0.00483331 0.211021 0.209881 -3.13475
0.00891035 0.0145581 0.019212 0.211021 0.209881 -3.13475
0.000600823 0.00114054 -0.000809862 1.77727 -0.0369562 1.77756
0.000647904 0.0122069 0.000558897 -2.43237 -0.290282 1.63592
0.00549356 0.00157537 0.0054038 -2.21365 0.253748 2.63701
0.000285421 -0.000349098 -0.00212405 -0.0413284 -8.90229e-05 -0.00476952
5.88674e-07 -3.14137e-05 -8.81004e-07 -0.041305 -9.63049e-05 -0.00477102
7.12476e-06 -2.96087e-05 8.15929e-07 -0.917076 0.219374 -1.10476
-1.25364e-05 -2.24238e-05 1.01415e-05 -2.38947 -0.116949 1.41351
-0.00234527 -0.0143119 -0.00114841 0.215772 0.193391 -3.13754
0.00307409 0.00347909 0.00721044 0.215772 0.193391 -3.13754
0.00108521 0.000738468 0.00109263 1.78264 -0.0371965 1.76067
-0.00389834 -0.0138558 -0.00276955 -2.43159 -0.284979 1.64082
0.00160702 -0.00311108 -0.00442078 -2.21097 0.211936 2.61344
-0.000261265 0.000424934 0.000688771 -0.0381734 -9.69625e-05 -0.00358431
-4.45325e-07 1.32378e-05 2.12671e-06 -0.0381797 -7.5235e-05 -0.00358925
-1.3302e-05 8.3055e-06 -1.10472e-05 -0.936327 0.23071 -1.10464
1.76601e-05 6.90463e-06 -5.47189e-06 -2.38879 -0.120251 1.40829
-0.00626305 0.0151529 0.00267596 0.201102 0.171795 -3.14003
-0.0111236 0.00150897 0.00588896 0.201102 0.171795 -3.14003
0.00135669 0.00110398 0.000139033 1.76901 -0.0326221 1.73951
-0.000319051 0.0135491 0.00738764 -2.43286 -0.300708 1.62192
-0.00517721 0.000947625 -0.00873963 -2.17864 0.157391 2.62247
-0.000442739 -0.00146138 -0.00141324 -0.044834 -7.14697e-05 -0.00157885
4.73634e-07 -1.31067e-05 -1.51531e-06 -0.0448158 -4.39276e-05 -0.00157864
-2.15716e-05 -9.0157e-06 8.69286e-06 -0.995449 0.260295 -1.11848
1.55059e-05 -1.24238e-05 2.31064e-05 -2.38782 -0.10197 1.40018
-0.00399939 0.00127449 0.00649162 0.208911 0.161922 -3.13941
0.00206738 -0.0116682 -0.0120643 0.208911 0.161922 -3.13941
0.00104688 0.000813786 0.00191563 1.77704 -0.0313066 1.72971
-7.75576e-05 0.00178107 0.00450887 -2.43029 -0.294527 1.60914
0.00448379 -0.0130018 -0.00300515 -2.19867 0.187083 2.62258
-0.000904699 0.000760765 0.000655037 -0.0417435 3.29282e-05 0.00253485
-1.30596e-07 1.06246e-05 1.4089e-06 -0.0417563 4.93253e-05 0.00253372
1.54989e-05 4.51727e-06 -9.73874e-06 -0.965703 0.258388 -1.12376
-1.59388e-05 -1.24658e-06 -3.17125e-05 -2.38777 -0.0880153 1.399
-0.00309123 0.00147974 0.0050444 0.216217 0.1572 -3.13906
-0.00498033 -0.0171233 -0.026665 0.216217 0.1572 -3.13906
-7.2021e-05 -0.000184754 -3.952e-05 1.78441 -0.0311162 1.72493
0.000990712 0.0018246 0.00385217 -2.42834 -0.29079 1.59587
-0.00638912 0.0021106 -0.00237091 -2.22228 0.278509 2.68155
0.000178657 5.97751e-05 -0.000403469 -0.0435589 2.5134e-05 0.00171291
-5.59679e-07 4.96732e-06 6.31406e-07 -0.0435703 3.25996e-05 0.00171164
1.54937e-05 1.13252e-05 7.98926e-06 -0.915846 0.269199 -1.13944
-7.51727e-06 2.05695e-05 1.14025e-06 -2.38798 -0.0761349 1.4012
