-0.193446 -0.251135 -0.0663203 0.0717533 0.310846 -3.07364
0.216712 0.125982 0.0501504 0.0717533 0.310846 -3.07364
2.74047 0.01019 -0.494672 1.63918 0.045868 1.88554
-0.245761 -0.00902567 0.0690853 -0.843736 -0.500261 1.78358
-0.0396425 0.202652 -0.00902306 1.12971 -0.217667 -0.290617
0.030392 0.42256 -0.140243 -0.535536 -0.0304025 -0.110847
-8.88863e-07 0.188035 -2.53163e-06 -0.535531 -0.0304278 -0.110854
0.126302 0.188028 5.84447e-06 2.03184 0.0541335 3.05368
-0.126298 0.188026 -6.3748e-08 -0.7538 0.291263 1.02579
0 0 0 0.0717533 0.310846 -3.07364
0 0 0 0.0717533 0.310846 -3.07364
0 0 0 1.63918 0.045868 1.88554
0 0 0 -0.843736 -0.500261 1.78358
0 0 0 1.12971 -0.217667 -0.290617
0 0 0 -0.535536 -0.0304025 -0.110847
0 0 0 -0.535531 -0.0304278 -0.110854
0 0 0 2.03184 0.0541335 3.05368
0 0 0 -0.7538 0.291263 1.02579
0 0 0 0.0717533 0.310846 -3.07364
0 0 0 0.0717533 0.310846 -3.07364
0 0 0 1.63918 0.045868 1.88554
0 0 0 -0.843736 -0.500261 1.78358
0 0 0 1.12971 -0.217667 -0.290617
0 0 0 -0.535536 -0.0304025 -0.110847
0 0 0 -0.535531 -0.0304278 -0.110854
0 0 0 2.03184 0.0541335 3.05368
0 0 0 -0.7538 0.291263 1.02579
-0.00381503 0.00553183 0.00123577 0.103262 0.302926 -3.11996
0.014419 -0.00652743 -0.0184274 0.103262 0.302926 -3.11996
0.00644388 -0.00851878 0.00058451 1.66935 -0.00922515 1.87434
0.0079646 0.00706557 -0.00396254 -0.861054 -0.48515 1.73566
0.0195821 -0.0216409 0.0065293 1.13147 -0.131521 -0.240315
0.0332046 -0.00752202 -0.0209382 -0.602238 -0.0703388 -0.225506
-7.53833e-06 0.000421194 5.84446e-06 -0.602278 -0.0703393 -0.225574
-0.016555 0.00041343 -2.30284e-05 2.03722 0.0190014 -3.08429
0.0166217 0.000441542 -1.88762e-05 -0.771909 0.276546 0.978563
-0.000702167 0.00397989 0.0131262 0.108625 0.164227 -3.13673
0.00668357 -0.0151235 -0.0430589 0.108625 0.164227 -3.13673
0.0149978 -0.000341337 0.00491605 1.702 -0.0174211 1.79384
0.0136576 -0.00132867 0.0128567 -0.748535 -0.496635 1.68019
0.010008 -0.00594948 -0.0132925 1.17098 -0.0537845 -0.259121
-0.007621 -0.0180325 -0.0388112 -0.746687 -0.075021 -0.191338
5.30844e-06 -0.00241633 3.0331e-06 -0.705094 -0.0651233 -0.176441
-0.00106691 -0.00134309 1.75585e-05 2.03724 0.13153 -3.04064
0.00101047 -0.00136965 -1.88766e-05 -0.74214 0.283838 0.999832
-0.00191234 -0.00836429 -0.00757065 0.134542 0.223366 -3.12919
-0.00444568 0.00620259 0.00910896 0.134542 0.223366 -3.12919
0 0 0 1.702 -0.0174211 1.79384
-0.00666577 0.000239198 -0.0120907 -0.813296 -0.466803 1.69538
0 0 0 1.17098 -0.0537845 -0.259121
0 0 0 -0.746687 -0.075021 -0.191338
3.57765e-06 0.00105707 -4.91368e-06 -0.746707 -0.0751173 -0.191333
0 0 0 2.03724 0.13153 -3.04064
0 0 0 -0.74214 0.283838 0.999832
-0.00111722 -0.0143817 0.00554067 0.167653 0.245221 -3.1077
0.00283567 -0.0148807 -0.0204939 0.167653 0.245221 -3.1077
0.00220287 0.00301313 -0.00030085 1.7334 -0.00708059 1.81821
-0.00667871 -0.00453669 -0.00219073 -0.84048 -0.425962 1.71195
0.0214064 0.00728161 -0.0506982 2.41665 -0.179752 -0.367945
-0.0038359 -0.00773631 -0.0169928 -0.80662 -0.0745146 -0.174362
8.10573e-07 -0.000409178 9.50299e-07 -0.806648 -0.0745431 -0.174345
0.009165 -0.000409716 -2.56165e-06 0.875523 0.558179 -3.10081
-0.00917471 -0.000412657 1.54582e-05 -0.781518 0.272349 1.0188
0.0138562 -6.13586e-06 -0.00337479 0.163355 0.272811 -3.09956
0.0139812 0.0184257 0.000953087 0.163355 0.272811 -3.09956
0.00824875 -0.00601569 -0.0136077 1.72806 -0.00231581 1.84674
0.00676787 -0.00136752 -0.00715638 -0.886249 -0.414157 1.73978
0.0300746 0.0177678 -0.0723861 2.98949 -0.478428 -0.390897
-0.00449774 0.0152304 0.00847825 -0.75061 -0.0617473 -0.156499
-1.39099e-06 -0.00141133 -2.27759e-06 -0.750596 -0.0617571 -0.156489
-0.00425133 -0.00140955 1.01726e-06 0.291029 1.08301 2.93891
0.00424397 -0.00141423 9.34637e-06 -0.819689 0.244374 1.02817
0 0 0 0.163355 0.272811 -3.09956
0 0 0 0.163355 0.272811 -3.09956
0 0 0 1.72806 -0.00231581 1.84674
0 0 0 -0.886249 -0.414157 1.73978
0 0 0 2.98949 -0.478428 -0.390897
0 0 0 -0.75061 -0.0617473 -0.156499
0 0 0 -0.750596 -0.0617571 -0.156489
0 0 0 0.291029 1.08301 2.93891
0 0 0 -0.819689 0.244374 1.02817
0.00521571 0.022767 -0.0545105 0.0977233 0.409257 -3.09458
-0.0211287 -0.00195111 0.03243 0.0977233 0.409257 -3.09458
-0.0159593 0.00988391 -0.00209271 1.66043 0.00798763 1.98252
-0.0229531 -0.016881 -0.0243663 -0.996536 -0.564697 1.89182
0.0156601 -0.00874943 -0.00947281 2.98673 -0.698499 -0.431773
-0.00165016 0.0175325 0.0380745 -0.622142 -0.0507268 -0.157899
6.33439e-06 0.00315736 -4.54251e-06 -0.622064 -0.0508211 -0.157868
0.0221895 0.0031632 3.00057e-05 0.440394 1.0829 3.10457
-0.022241 0.00316319 2.15796e-05 -0.797119 0.130793 1.06802
