-0.236403 -0.335805 0.0399357 0.265686 0.0419303 3.10761
0.318352 0.309428 -0.075707 0.265686 0.0419303 3.10761
2.28396 0.11131 0.0395133 1.83651 -0.0438008 1.60234
-0.214431 -0.0639881 0.0521475 -0.71933 -0.044756 1.49013
0.349407 0.0442485 -0.0133628 1.84651 0.229401 1.68733
-0.00158455 0.384297 0.00931763 0.0464141 -0.000201067 0.00789714
2.89083e-07 0.183755 6.56347e-07 0.0464011 -0.000187975 0.00789731
0.156511 0.183755 -4.5996e-06 1.21826 0.056059 -0.626127
-0.156514 0.183755 -3.26872e-07 -0.737992 0.202164 1.34114
0 0 0 0.265686 0.0419303 3.10761
0 0 0 0.265686 0.0419303 3.10761
0 0 0 1.83651 -0.0438008 1.60234
0 0 0 -0.71933 -0.044756 1.49013
0 0 0 1.84651 0.229401 1.68733
0 0 0 0.0464141 -0.000201067 0.00789714
0 0 0 0.0464011 -0.000187975 0.00789731
0 0 0 1.21826 0.056059 -0.626127
0 0 0 -0.737992 0.202164 1.34114
-0.000189928 -8.1014e-05 0.00490647 0.267746 0.0291892 3.1095
0.0544517 0.00296956 -0.012682 0.267746 0.0291892 3.1095
0.000135017 -0.00103925 0.000803493 1.83863 -0.0386737 1.59046
0.00160483 -0.000169573 0.00363134 -0.715651 -0.0400716 1.48355
0.0184546 0.00519617 -0.00854082 1.8145 0.247622 1.55191
0.000524791 -0.0012935 0.000782964 0.0506527 -0.000160236 0.00530441
-7.21133e-07 1.8879e-05 -5.93519e-07 0.0506506 -0.000142851 0.00530687
1.62844e-06 1.79695e-05 2.1543e-06 1.2359 0.0872391 -0.566146
3.0654e-06 1.62643e-05 4.6364e-06 -0.73668 0.215959 1.34744
0.000248738 0.00221319 0.00213733 0.266699 0.0196046 3.11033
0.056195 -0.000744011 -0.0118358 0.266699 0.0196046 3.11033
0.00058252 -0.00146762 -0.00142745 1.83762 -0.0353226 1.58147
0.00167377 0.0021359 0.000936183 -0.713977 -0.0356668 1.47832
0.0175761 0.00462499 -0.0059907 1.77341 0.270121 1.40315
0.000185817 -0.00102166 0.000778465 0.0548267 -0.000139223 0.00438815
-2.61817e-07 8.44055e-06 2.63356e-07 0.0548288 -0.000125253 0.00438941
5.96322e-06 1.08239e-05 1.22276e-06 1.25109 0.105619 -0.515411
-1.2321e-06 1.69346e-05 -3.57916e-07 -0.735663 0.221519 1.35206
0.000419258 -0.00167324 -0.00742393 0.26294 0.0250083 3.11231
0.0457379 -0.0130536 -0.00108602 0.26294 0.0250083 3.11231
0.0017483 -0.0023346 0.00104836 1.83382 -0.0347787 1.58734
0.0013142 -0.00194127 -0.00341754 -0.714418 -0.050367 1.47496
0.0119287 -0.00418858 0.000558229 1.72407 0.276724 1.26906
-0.000816649 0.000615431 0.000182833 0.0555744 -0.000223902 0.00847043
-2.05552e-07 4.71335e-06 -2.70659e-08 0.0555802 -0.000233009 0.00847382
7.57937e-06 2.30172e-06 1.19305e-06 1.27083 0.0988765 -0.507429
-7.65369e-06 -7.1206e-06 -8.77431e-06 -0.734286 0.207312 1.35881
0.00484548 0.000469952 0.00155224 0.263514 0.0316873 3.11267
0.0249788 -0.00503234 0.00180592 0.263514 0.0316873 3.11267
-0.000702637 -0.00215261 -0.0021952 1.83436 -0.0361736 1.59386
0.00291546 0.000700344 0.000644109 -0.711906 -0.0470255 1.4821
0.00659507 0.000246779 0.00321163 1.68685 0.280561 1.19599
7.4915e-05 -0.00034919 -0.000107933 0.0551371 -0.000208645 0.00810507
-2.69422e-07 1.34655e-06 -4.17988e-07 0.0551357 -0.000219883 0.00810566
3.67117e-06 5.38013e-06 5.63852e-07 1.27976 0.0855685 -0.49529
1.02895e-06 1.92755e-05 1.44505e-07 -0.732076 0.21077 1.36955
-0.000475949 -0.00340654 -0.00176506 0.264459 0.0353255 3.11388
0.00561502 0.00514052 0.0041375 0.264459 0.0353255 3.11388
0.00102759 -0.00120596 0.00066848 1.83527 -0.0359858 1.59765
0.000902772 -0.00352761 -0.00177549 -0.71233 -0.0469913 1.47701
0.00398638 0.00179817 -3.84994e-05 1.68091 0.262162 1.19493
-0.000142601 0.000280022 -0.000291782 0.0535862 -0.000227858 0.008823
5.65398e-07 3.2677e-06 6.70863e-07 0.0535843 -0.000234301 0.00882509
2.80081e-06 -5.53729e-07 -9.38463e-07 1.29962 0.0849063 -0.483042
-9.65715e-06 -1.34982e-05 -1.70271e-06 -0.730784 0.20149 1.37579
-0.000227444 -0.00111071 -0.00524846 0.262241 0.0358556 3.11444
-0.0165885 0.00771415 -0.00154179 0.262241 0.0358556 3.11444
0.0008689 0.000446025 0.00142016 1.83304 -0.0355202 1.59839
-0.000407227 -0.00140864 -0.000169512 -0.711377 -0.0656419 1.47757
-0.00246904 0.00321761 -0.00198647 1.7022 0.261203 1.25088
-0.000151038 -0.000550925 0.000169798 0.0545998 -0.000261287 0.00962803
8.98782e-07 7.85247e-07 -5.59666e-07 0.0546048 -0.000262696 0.00962951
1.3674e-06 -1.86548e-06 2.58506e-07 1.29391 0.0930524 -0.476961
-9.70731e-06 -1.75692e-06 5.71613e-06 -0.730862 0.199726 1.37534
-0.00326082 0.00576788 -0.00218376 0.245962 0.0315645 3.11008
-0.0342726 0.0107071 0.00583925 0.245962 0.0315645 3.11008
-0.00112502 0.00179206 -0.00405707 1.81682 -0.0382519 1.59374
-0.00118918 0.00551508 -0.00147555 -0.713158 -0.0682277 1.46991
-0.0126746 0.00174516 -0.0013045 1.73406 0.233509 1.33838
0.000499951 0.00128847 -0.00119258 0.0483087 -0.000178053 0.00706525
1.96347e-07 -2.83439e-05 -1.58499e-06 0.0483335 -0.000172475 0.00705949
-2.10898e-07 -2.02171e-05 1.57158e-06 1.30522 0.102023 -0.49283
-1.03405e-07 -1.36166e-06 1.3468e-05 -0.732593 0.198034 1.36645
-0.0012784 -0.00695896 0.00264542 0.253402 0.0222117 3.11044
-0.0490198 0.000132598 -0.00153921 0.253402 0.0222117 3.11044
0.000562013 0.00286201 0.00312742 1.8243 -0.0357288 1.58449
-0.0020278 -0.00699242 0.00408185 -0.711442 -0.0735159 1.47264
-0.015848 -0.00430042 -0.00274008 1.79747 0.230301 1.46363
-0.000112463 -0.000386572 0.00047804 0.0507578 -0.00021995 0.00767186
1.07527e-06 1.24031e-05 2.12182e-06 0.050743 -0.000199711 0.0076722
-9.59731e-06 1.25148e-06 -5.96541e-06 1.27046 0.117154 -0.536835
-1.27703e-06 -1.85307e-05 -1.15006e-05 -0.733037 0.20782 1.36425
