-0.148124 -0.302116 0.0998141 0.202518 0.0232752 -3.12164
0.475778 0.308583 -0.0810653 0.202518 0.0232752 -3.12164
2.10397 0.106826 0.0587447 1.77328 0.0148601 1.59761
-0.151807 -0.0590227 0.0499075 -0.0237649 0.202462 1.58595
0.397646 0.0566797 -0.00751063 1.64742 0.271972 1.27008
-0.00461363 0.382959 0.00588451 0.0295774 -0.000340127 0.0231832
2.18726e-08 0.184071 -4.27043e-07 0.0295753 -0.000342252 0.0231853
0.155496 0.184071 -1.27191e-07 1.28981 0.0274409 -0.484314
-0.155496 0.184071 5.51946e-07 -0.02376 0.202462 1.58597
0 0 0 0.202518 0.0232752 -3.12164
0 0 0 0.202518 0.0232752 -3.12164
0 0 0 1.77328 0.0148601 1.59761
0 0 0 -0.0237649 0.202462 1.58595
0 0 0 1.64742 0.271972 1.27008
0 0 0 0.0295774 -0.000340127 0.0231832
0 0 0 0.0295753 -0.000342252 0.0231853
0 0 0 1.28981 0.0274409 -0.484314
0 0 0 -0.02376 0.202462 1.58597
0.00108608 0.000131879 0.00047095 0.203492 0.0239096 -3.11929
-0.047979 0.0100209 0.00634282 0.203492 0.0239096 -3.11929
-0.000176271 0.0005363 0.000102433 1.77426 0.0170133 1.59872
0.00055261 7.5017e-05 0.000235085 -0.0244174 0.203433 1.58815
-0.0107832 0.000195115 0.00215104 1.68298 0.256076 1.41573
9.3938e-05 -0.00042957 0.000883758 0.0340873 -0.000386896 0.022769
4.74094e-07 1.92247e-05 2.60798e-07 0.0340859 -0.000387835 0.0227725
-2.30164e-05 1.93625e-05 -7.45144e-08 1.29244 0.0202902 -0.502693
1.8642e-05 1.79069e-05 -8.05722e-07 -0.0244125 0.203433 1.58817
0 0 0 0.203492 0.0239096 -3.11929
0 0 0 0.203492 0.0239096 -3.11929
0 0 0 1.77426 0.0170133 1.59872
0 0 0 -0.0244174 0.203433 1.58815
0 0 0 1.68298 0.256076 1.41573
0 0 0 0.0340873 -0.000386896 0.022769
0 0 0 0.0340859 -0.000387835 0.0227725
0 0 0 1.29244 0.0202902 -0.502693
0 0 0 -0.0244125 0.203433 1.58817
-0.00288923 0.00025485 0.00150148 0.206913 0.060084 -3.11754
-0.106538 -0.00664632 0.027302 0.206913 0.060084 -3.11754
-0.00174146 0.000286523 -0.00015162 1.77735 0.0112071 1.63454
-0.00144898 0.000118233 0.000748935 -0.0613946 0.206533 1.58223
-0.0334599 -0.00605042 0.0224814 1.68496 0.240491 1.69371
-0.000404377 -0.00134861 0.0014168 0.0414971 -0.000490937 0.0249605
-2.4404e-07 -2.11753e-05 -3.36452e-07 0.0414931 -0.000511528 0.0249641
1.1241e-05 -2.06188e-05 1.16435e-06 1.31468 -0.0716506 -0.592569
-8.30511e-06 -1.8073e-05 -4.03863e-06 -0.0613896 0.206534 1.58225
-0.00183536 -2.44463e-06 0.000117199 0.207423 0.07867 -3.11738
-0.0531713 -0.0123763 0.0160161 0.207423 0.07867 -3.11738
-0.000942872 0.00155569 0.00138846 1.77758 0.00751158 1.65276
-0.000918115 -5.2251e-06 5.89059e-05 -0.0803902 0.206771 1.57845
-0.0179003 -0.00719492 0.0103992 1.66174 0.219043 1.82839
-0.0002617 0.00023712 0.000547057 0.0442112 -0.000557676 0.0262567
2.48268e-07 -3.67153e-06 -1.60844e-08 0.0442107 -0.00057523 0.0262568
-1.26877e-06 -5.24646e-06 -3.98595e-07 1.36604 -0.119962 -0.662515
-7.05934e-07 -8.04289e-06 8.66229e-07 -0.0803853 0.206773 1.57847
-0.000788496 -5.65632e-05 -0.00024976 0.207044 0.0868019 -3.11732
-0.0346328 -0.0124771 0.00984995 0.207044 0.0868019 -3.11732
-0.000703861 0.000761518 -0.000226308 1.77706 0.00593899 1.66073
-0.000398318 -2.78443e-05 -0.000123757 -0.0886907 0.206251 1.57684
-0.0111246 -0.00728987 0.00692852 1.67055 0.206932 1.91874
0.000338334 -0.000464847 0.000393406 0.0463081 -0.000557518 0.0245959
-6.23823e-08 -2.65972e-06 -3.47176e-08 0.0463085 -0.000565731 0.0245959
9.65466e-06 -1.70942e-06 -2.40519e-07 1.37368 -0.152352 -0.718685
-8.16863e-06 8.05762e-07 2.14863e-06 -0.0886858 0.206253 1.57687
0.000374361 -0.000175288 -0.000846228 0.20519 0.0813185 -3.11784
-0.0103852 -0.0054525 0.000959932 0.20519 0.0813185 -3.11784
0.000385496 4.89898e-05 -0.000468828 1.77531 0.00670281 1.65524
0.0001845 -8.79349e-05 -0.000421328 -0.0830573 0.204501 1.57762
-0.00376366 -0.00478489 -0.00104836 1.68042 0.19848 1.94275
0.00092648 -0.000238647 -0.00043332 0.0441647 -0.000449574 0.0199159
-4.15558e-07 -1.36296e-06 3.60228e-07 0.0441671 -0.00044223 0.0199154
7.59457e-06 -1.32134e-06 -1.35875e-06 1.37772 -0.147529 -0.745739
-5.40362e-06 -5.79612e-07 3.55104e-06 -0.0830524 0.204503 1.57765
0.00276041 -9.71021e-05 -0.000578129 0.203621 0.0581862 -3.11712
0.00944942 0.00795009 -0.00954397 0.203621 0.0581862 -3.11712
0.00136426 -0.00108469 -0.000494306 1.77409 0.0122108 1.63273
0.00139265 -4.83991e-05 -0.000280906 -0.059415 0.203271 1.58324
0.00474489 0.00503168 -0.00881593 1.69108 0.200332 1.92244
0.000878793 -0.000200652 -0.000744196 0.0404147 -0.000381615 0.0154538
-9.42242e-07 9.03726e-07 1.20984e-06 0.0404176 -0.000333992 0.0154555
-1.36322e-05 2.07186e-06 -1.64519e-05 1.37373 -0.108932 -0.714924
2.47053e-05 2.97866e-07 1.60622e-05 -0.0594102 0.203272 1.58327
0.000412819 7.77886e-05 0.000326612 0.204204 0.046407 -3.11864
0.0290978 0.00481177 -0.0091333 0.204204 0.046407 -3.11864
0.000458495 -0.000413527 -0.000743994 1.7748 0.0130677 1.62089
0.000200599 3.90139e-05 0.000155523 -0.0473945 0.20398 1.58412
0.00536841 -0.000413756 -0.00626883 1.73497 0.212213 1.8321
-3.98874e-06 5.42136e-05 -0.000257575 0.0391047 -0.000326582 0.0154803
5.41017e-07 -1.74089e-06 -7.2798e-07 0.0391037 -0.000309254 0.015478
2.7356e-06 -2.6429e-06 1.57816e-05 1.31512 -0.0797134 -0.700953
-1.1369e-05 3.64341e-07 -1.49727e-05 -0.0473896 0.203981 1.58414
