-0.229855 -0.322599 0.0576345 0.249965 0.0790235 -3.13381
0.535421 0.392267 0.011071 0.249965 0.0790235 -3.13381
2.15381 0.148858 -0.143051 1.81999 -0.0119828 1.6493
-0.209338 -0.0223521 0.100382 -0.435959 -0.141098 1.50257
0.379503 0.141342 0.0658912 1.27666 0.183475 1.01483
0.000363601 0.431375 0.0107107 0.0505363 3.35529e-05 -0.00171241
1.86364e-07 0.219613 -5.48633e-08 0.0505401 4.09093e-05 -0.00171099
0.13019 0.219614 -3.00837e-07 1.32707 -0.247011 -0.304206
-0.130191 0.219618 2.34616e-06 -0.466106 0.37557 1.25467
0 0 0 0.249965 0.0790235 -3.13381
0 0 0 0.249965 0.0790235 -3.13381
0 0 0 1.81999 -0.0119828 1.6493
0 0 0 -0.435959 -0.141098 1.50257
0 0 0 1.27666 0.183475 1.01483
0 0 0 0.0505363 3.35529e-05 -0.00171241
0 0 0 0.0505401 4.09093e-05 -0.00171099
0 0 0 1.32707 -0.247011 -0.304206
0 0 0 -0.466106 0.37557 1.25467
0.000600065 -0.000967789 0.00147343 0.249799 0.0637527 -3.13259
-0.0221552 0.0135213 -0.00734023 0.249799 0.0637527 -3.13259
0.000246337 -0.000544982 -0.000680665 1.82009 -0.00702776 1.6348
0.000572145 -0.00101287 0.00184589 -0.426007 -0.142339 1.50265
-0.000312619 0.00123257 -0.00712336 1.31963 0.184204 1.09974
0.000822612 6.94614e-06 -0.000626978 0.0475776 9.09892e-05 -0.00560021
-3.6469e-07 3.86053e-06 2.09348e-07 0.0475775 0.00011967 -0.00559791
-6.98773e-06 4.64448e-06 -4.75723e-06 1.35196 -0.221772 -0.300065
9.77102e-06 1.08887e-06 4.69061e-06 -0.456344 0.380666 1.25794
0.00174788 0.00105988 -0.0037867 0.255711 0.0882819 -3.12771
-0.0306763 0.0194803 0.0117139 0.255711 0.0882819 -3.12771
-0.00147192 -0.000531561 -0.000450007 1.8255 -0.00887176 1.65972
-0.00118893 0.00124923 -0.00371697 -0.459642 -0.142617 1.51248
-0.00421552 0.00713428 0.00964809 1.29564 0.177182 1.19851
0.00023825 0.000553961 1.75299e-05 0.0475406 0.000208288 -0.00669281
6.23957e-07 -3.45818e-06 -3.13469e-07 0.0475333 0.000175209 -0.00668686
-2.95665e-05 -4.76674e-06 5.7103e-06 1.37514 -0.262511 -0.27813
2.67819e-05 -5.08575e-06 -1.07793e-05 -0.490269 0.369248 1.25194
0.00156308 -0.00216948 -0.00447648 0.252471 0.0946332 -3.12587
-0.0458338 0.014398 0.00874211 0.252471 0.0946332 -3.12587
0.000719729 -0.000444974 0.000217237 1.82213 -0.00838094 1.66636
-0.00152194 -0.00233162 -0.00237025 -0.484454 -0.149573 1.52265
-0.0028909 0.00170484 0.00161502 1.30948 0.153949 1.35015
0.0016851 -0.00198944 0.00183304 0.0566762 0.000430865 -0.0147583
-3.99268e-07 2.89358e-06 1.03947e-07 0.0566815 0.000421135 -0.014755
2.32049e-05 1.79785e-06 -3.02729e-07 1.43648 -0.27174 -0.274802
-2.22378e-05 3.79838e-08 1.85571e-06 -0.513977 0.357662 1.24924
-0.00101233 -0.00168565 0.00383967 0.257802 0.0963085 -3.11997
-0.0461092 0.00746529 -0.00012075 0.257802 0.0963085 -3.11997
-0.00163428 0.000901025 0.000183707 1.82738 -0.00360445 1.66943
-0.00164278 -0.00109964 -4.96656e-05 -0.50623 -0.136643 1.52483
-0.0085935 0.00204677 0.00403467 1.30226 0.167936 1.47863
-0.00108859 0.000568485 -0.000334662 0.0549464 0.000265165 -0.00954889
7.98202e-07 -3.55626e-06 -2.32064e-07 0.0549393 0.000262706 -0.00954162
1.15791e-05 -3.0008e-06 -3.45607e-07 1.46073 -0.296433 -0.276299
-1.47789e-05 -2.00282e-06 1.89003e-06 -0.538116 0.355476 1.24461
-0.00416439 0.00132114 0.00481312 0.262321 0.085763 -3.12008
-0.0447651 0.00225395 -0.00195985 0.262321 0.085763 -3.12008
-0.00200368 0.00405279 -3.32263e-05 1.83213 -0.00142953 1.6592
-0.00289646 0.00137879 0.00399952 -0.507056 -0.133942 1.52063
-0.0114923 -0.00170083 -0.00355598 1.31354 0.161174 1.59151
-0.00332009 -0.000524043 -0.000573236 0.0523687 -0.000180099 0.00619925
9.10537e-07 1.76899e-06 7.71404e-08 0.0523627 -0.000166688 0.00619859
3.73517e-07 1.79339e-06 -2.18808e-07 1.50278 -0.295107 -0.296883
-1.13167e-05 3.99397e-06 5.68471e-06 -0.542275 0.369472 1.23234
0.000513948 0.00195904 0.0059899 0.263136 0.0604695 -3.11998
-0.0489657 -0.0108901 -0.0082783 0.263136 0.0604695 -3.11998
-0.000925296 0.00071246 1.90769e-05 1.83345 0.00515221 1.6348
0.00165418 0.00200818 0.00522002 -0.479556 -0.131385 1.51686
-0.00550493 -0.00817921 -0.0087464 1.35767 0.158938 1.73739
0.000182045 0.000650756 -0.00050899 0.0498032 -0.0001706 0.00529125
-1.44208e-06 3.27599e-06 -4.84257e-08 0.0498017 -0.000140123 0.0052913
-3.26238e-05 3.00982e-06 -7.30961e-07 1.53765 -0.263105 -0.338002
4.49614e-05 1.98101e-06 1.45949e-06 -0.517361 0.390215 1.23566
-0.000377394 0.00217574 0.00312842 0.268275 0.0481768 -3.12106
-0.038004 -0.0118047 0.00238131 0.268275 0.0481768 -3.12106
-0.00151734 0.000929499 0.00019486 1.83876 0.00703195 1.62269
0.000265842 0.00197487 0.00426854 -0.461426 -0.135177 1.5147
-0.00476598 -0.00760341 -0.00283874 1.35814 0.140368 1.84839
-0.000169401 -0.0011985 -0.000277456 0.0487661 -0.000173175 0.00612963
1.92404e-07 -1.60577e-06 3.41699e-08 0.0487591 -0.00015719 0.00612785
1.47751e-05 -1.59555e-06 3.71843e-07 1.59071 -0.253455 -0.376507
-1.51629e-05 -9.6334e-07 -2.28614e-06 -0.501159 0.407184 1.23415
0.000450809 0.00106519 0.00808738 0.271542 0.0315612 -3.1215
-0.0273238 -0.0159686 -0.00040813 0.271542 0.0315612 -3.1215
2.12409e-05 0.000612137 0.000795349 1.84222 0.0108903 1.60659
0.00160561 0.00130574 0.00582154 -0.436905 -0.127648 1.51092
-0.000942336 -0.00851272 -0.00290753 1.36388 0.1317 1.93878
0.000841534 -0.000207995 -0.000871218 0.0446612 -7.91396e-05 0.00212403
-2.34541e-07 1.53791e-06 2.70431e-07 0.0446559 -5.44756e-05 0.00212318
-6.32947e-07 7.72648e-07 -6.7607e-07 1.62406 -0.239018 -0.412458
1.36925e-06 -1.60745e-06 -1.38923e-06 -0.479694 0.428976 1.23844
