-0.140232 -0.299912 0.109732 0.223112 0.0412443 -3.09965
0.528396 0.328035 -0.0712443 0.223112 0.0412443 -3.09965
2.13579 -0.00467869 0.0558492 1.79383 0.0317791 1.6203
-0.148113 -0.0579909 0.0548626 -0.0422961 0.222918 1.60336
0.425884 0.0771521 -0.0207905 1.63907 0.184045 1.18293
-0.00377404 0.379974 0.00696778 0.035517 -0.0003398 0.019238
9.84161e-08 0.183925 4.66524e-08 0.0355211 -0.000341189 0.0192368
0.155996 0.183927 -2.86865e-06 1.38798 0.0715036 -0.376726
-0.156 0.18393 -6.58816e-06 -0.0422907 0.222919 1.60339
0 0 0 0.223112 0.0412443 -3.09965
0 0 0 0.223112 0.0412443 -3.09965
0 0 0 1.79383 0.0317791 1.6203
0 0 0 -0.0422961 0.222918 1.60336
0 0 0 1.63907 0.184045 1.18293
0 0 0 0.035517 -0.0003398 0.019238
0 0 0 0.0355211 -0.000341189 0.0192368
0 0 0 1.38798 0.0715036 -0.376726
0 0 0 -0.0422907 0.222919 1.60339
-0.000190042 0.000378506 0.00163553 0.226416 0.0348553 -3.10136
-0.0334848 0.0107345 -0.00655437 0.226416 0.0348553 -3.10136
-0.00193654 0.000790648 -0.0045177 1.79719 0.0313856 1.6138
-9.18505e-05 0.000191194 0.00082181 -0.0357722 0.226276 1.60298
-0.00684755 0.0052411 -0.000234611 1.66053 0.209239 1.2831
0.000390009 0.00183292 0.000457699 0.0375046 -0.000330288 0.017092
1.70499e-07 -3.55819e-07 -4.43676e-07 0.0375006 -0.000322933 0.0170899
-4.15352e-06 3.71138e-06 1.82302e-06 1.3557 0.0744237 -0.368388
5.95243e-06 6.66158e-06 8.65367e-06 -0.0357668 0.226276 1.60301
0.0009378 0.000310618 0.00118407 0.228849 0.0326955 -3.0998
-0.0547654 0.00660239 -0.000980228 0.228849 0.0326955 -3.0998
-0.000659186 0.000855906 -0.000947511 1.79965 0.0332887 1.61212
0.00047697 0.000154942 0.000590764 -0.0335749 0.228723 1.60495
-0.0164964 0.000917856 0.00313287 1.69374 0.226052 1.42843
-0.000408406 0.000851256 -0.000337221 0.0356488 -0.000345757 0.0190849
7.7033e-07 1.08939e-05 1.56857e-07 0.0356444 -0.000342044 0.0190875
-1.13086e-05 7.50798e-06 4.01643e-08 1.32269 0.067074 -0.387512
7.36344e-06 2.63448e-06 -1.17932e-06 -0.0335694 0.228724 1.60498
0.00141477 -0.000708938 -0.00318761 0.222268 0.0327957 -3.09717
-0.0605558 -0.00272942 0.00721873 0.222268 0.0327957 -3.09717
0.00239015 0.000726118 0.0039928 1.79309 0.036105 1.61258
0.000704758 -0.000358391 -0.00159365 -0.0336269 0.222145 1.60779
-0.0165444 -0.00573898 0.00611825 1.72825 0.221764 1.59504
-0.000245788 -0.000460631 -0.000289947 0.0342707 -0.000349071 0.0203598
-7.71067e-07 2.41962e-06 2.27101e-07 0.0342765 -0.000349027 0.0203623
-1.33392e-06 -5.57044e-06 2.76836e-07 1.30347 0.0464154 -0.433136
3.91034e-06 -1.38017e-05 -1.65168e-06 -0.0336215 0.222146 1.60781
6.74604e-05 0.000114413 0.000442531 0.223276 0.0419834 -3.09491
-0.0569323 -0.00699974 0.00918716 0.223276 0.0419834 -3.09491
-0.000411862 -0.000223697 0.000521719 1.79403 0.036233 1.62207
3.55122e-05 6.11794e-05 0.000218969 -0.0430554 0.223075 1.60793
-0.0183709 -0.0014308 0.0111928 1.74314 0.230437 1.7425
-3.32014e-06 -0.0011871 0.000240486 0.0356998 -0.000347861 0.0204944
-1.92238e-07 -3.37107e-07 -2.90856e-07 0.0356987 -0.00036132 0.0204976
-1.64394e-06 4.85088e-06 4.58003e-06 1.28392 0.00237332 -0.471204
3.38895e-06 7.14602e-06 -5.51499e-06 -0.0430501 0.223076 1.60795
-0.00213961 0.000344237 0.00186708 0.227418 0.0626151 -3.09438
-0.0467588 -0.0233378 0.0157609 0.227418 0.0626151 -3.09438
0.000260508 5.50993e-05 0.00284125 1.79788 0.0318949 1.64243
-0.00106389 0.000167688 0.0009278 -0.0642703 0.226963 1.60351
-0.0144933 -0.0170068 0.0139103 1.74056 0.222676 1.86705
0.000371851 -2.81816e-05 -0.000575234 0.032786 -0.000259054 0.0186137
-7.78771e-08 2.68658e-06 1.89749e-07 0.0327801 -0.000293322 0.0186142
-1.0331e-05 -6.62929e-07 -1.89325e-06 1.29741 -0.0571147 -0.564517
1.19983e-05 -8.09684e-06 -1.05952e-05 -0.0642648 0.226965 1.60353
-0.00223912 -9.51203e-05 -0.000151096 0.22764 0.0920114 -3.09226
-0.0317054 -0.0153108 0.0164946 0.22764 0.0920114 -3.09226
0.000195803 0.000492407 0.00104865 1.79755 0.0273366 1.67154
-0.00110764 -4.50825e-05 -7.66866e-05 -0.0944385 0.226658 1.59883
-0.0119062 -0.00946945 0.0143857 1.68298 0.214302 1.94478
2.36985e-06 -0.000381375 0.000788074 0.0368543 -0.000286433 0.0186432
4.15603e-07 -3.94178e-06 -1.46212e-07 0.0368553 -0.000328767 0.0186462
-2.9291e-05 -2.40455e-06 7.45024e-06 1.36104 -0.12051 -0.627127
2.38691e-05 4.86622e-06 -2.47618e-06 -0.0944331 0.226661 1.59885
0.000438361 5.0211e-05 0.000133409 0.227791 0.0882964 -3.09218
-0.00723522 -4.7561e-06 0.0019935 0.227791 0.0882964 -3.09218
0.000994875 -0.00120134 -0.000585529 1.79778 0.0282328 1.66795
0.000213557 2.94186e-05 7.53345e-05 -0.0906299 0.226886 1.59975
-0.000766642 0.000537726 -0.000463916 1.67809 0.203994 1.968
0.000828607 -1.9513e-05 -0.000802278 0.0327723 -0.000243866 0.0144133
-1.08512e-06 -2.49235e-07 6.26353e-07 0.0327718 -0.000238137 0.0144134
2.3006e-05 2.31977e-06 -1.05441e-05 1.37337 -0.119037 -0.627217
-1.06618e-05 8.78325e-06 1.69631e-05 -0.0906244 0.226888 1.59978
0.00206334 -0.000340517 -0.00175085 0.223796 0.0724142 -3.0919
0.0153329 0.0137742 -0.00715395 0.223796 0.0724142 -3.0919
0.000463867 -0.0005159 -0.000602983 1.79412 0.0324051 1.65242
0.00102947 -0.000168344 -0.000862696 -0.0742642 0.223198 1.60401
0.00529583 0.0067096 -0.00842988 1.70234 0.197388 1.92352
-0.000231259 0.000581373 -0.000294696 0.0311942 -0.000277589 0.0155511
4.48485e-07 1.77819e-06 -5.50691e-07 0.0312 -0.000250812 0.0155521
4.65603e-06 5.48656e-06 -1.48986e-05 1.34856 -0.0822796 -0.589786
-4.80126e-06 3.82795e-06 2.69379e-05 -0.0742588 0.223199 1.60403
