-0.247528 -0.349515 0.0023505 0.149016 -0.128377 -3.13942
0.352062 0.373306 -0.108837 0.149016 -0.128377 -3.13942
2.16344 0.0811922 -0.0374293 1.71861 0.0211615 1.44415
-0.206867 -0.0221527 0.0857467 -0.201863 -0.247619 1.44722
0.380375 0.0737301 0.013987 1.77448 0.387533 1.66507
-0.0254719 0.472424 0.0185207 0.0689918 -0.00328609 0.094957
5.0162e-08 0.205624 1.5385e-07 0.0689931 -0.00328084 0.0949568
0.149651 0.205623 -2.42129e-07 1.13837 -0.0525863 -0.519329
-0.149651 0.205622 1.65389e-07 -0.20844 0.350073 1.32469
0 0 0 0.149016 -0.128377 -3.13942
0 0 0 0.149016 -0.128377 -3.13942
0 0 0 1.71861 0.0211615 1.44415
0 0 0 -0.201863 -0.247619 1.44722
0 0 0 1.77448 0.387533 1.66507
0 0 0 0.0689918 -0.00328609 0.094957
0 0 0 0.0689931 -0.00328084 0.0949568
0 0 0 1.13837 -0.0525863 -0.519329
0 0 0 -0.20844 0.350073 1.32469
-0.00117186 -0.0028851 0.000633106 0.152071 -0.12797 -3.13947
-0.0472661 -0.0116068 0.0150842 0.152071 -0.12797 -3.13947
-3.00302e-05 3.57045e-06 -0.000242409 1.72165 0.0214349 1.44461
-0.000602421 0.00140041 0.00100718 -0.206314 -0.245598 1.44711
0.00358518 0.00598687 0.000147084 1.82932 0.352925 1.84453
0.0010787 0.00112616 -0.00107082 0.0648434 -0.00294368 0.090709
-5.19876e-08 0.00031459 -1.37283e-07 0.0648407 -0.00294381 0.0907093
-1.27759e-05 0.000315001 -6.62465e-08 1.13959 -0.0530566 -0.494081
1.29339e-05 0.000316263 -1.18121e-06 -0.213548 0.355106 1.32101
-0.000317222 -0.00207447 -0.0029253 0.156642 -0.12033 -3.1382
-0.0364915 -0.0228373 0.0183522 0.156642 -0.12033 -3.1382
-0.000805174 -0.000214557 0.000319194 1.72634 0.0220825 1.45246
-0.000226533 -0.000971765 0.00156145 -0.202455 -0.257376 1.44725
0.00181827 0.00327612 -3.33758e-05 1.86762 0.307747 2.00133
0.00089141 -0.000209339 -0.000935973 0.0612625 -0.00265915 0.0872446
3.36512e-08 -0.000788619 8.52305e-08 0.0612542 -0.00267085 0.0872476
-1.32352e-05 -0.00078837 7.74681e-07 1.14968 -0.052953 -0.477347
1.30934e-05 -0.000787286 -4.11071e-06 -0.209343 0.360641 1.32022
0.00297179 0.00226326 0.00664426 0.162472 -0.110499 -3.13736
-0.0194802 -0.0141848 0.0100506 0.162472 -0.110499 -3.13736
-0.000892094 0.000286 -0.000859803 1.73231 0.022021 1.46243
-0.000683769 0.000453468 0.00108265 -0.224058 -0.24334 1.45748
-0.0049248 -0.00486471 -0.000754725 1.88868 0.274275 2.0625
3.99903e-05 -0.000157106 -0.00283674 0.050909 -0.00220691 0.0874123
2.1473e-07 0.000650275 3.73353e-08 0.0508985 -0.00222174 0.0874148
0.000174401 0.00065086 1.75794e-07 1.15691 -0.0504592 -0.504897
-0.000176219 0.000650077 -4.24826e-06 -0.232892 0.364252 1.31833
-0.00225813 -0.00280947 -0.00427181 0.161002 -0.113733 -3.13638
0.00655677 -0.00725452 0.000130402 0.161002 -0.113733 -3.13638
0.000286128 0.000154084 -0.00115439 1.7308 0.0233382 1.45936
0.000218195 -0.000110598 0.000557691 -0.209032 -0.254808 1.45105
-0.0305932 0.0372042 -0.0214515 1.9044 0.25044 2.00969
0.000528197 0.000696243 -0.000175828 0.0503146 -0.00215926 0.0855366
-1.14922e-07 0.00095583 -1.24787e-07 0.050317 -0.00215498 0.0855377
-0.000265882 0.000955886 -1.92504e-06 1.15803 0.0368467 -0.427279
0.000265054 0.000955266 1.06926e-05 -0.216642 0.364798 1.31927
-0.000801629 0.00318941 -0.0026993 0.163379 -0.115289 -3.13687
0.0222571 0.0188398 -0.015813 0.163379 -0.115289 -3.13687
0.000744627 0.000300555 -0.000205737 1.73313 0.0233737 1.4578
-0.000278165 1.48693e-05 -0.000133791 -0.207536 -0.264253 1.44836
0.0129157 -0.0132373 0.00561838 1.88761 0.305221 1.92099
0.000705639 0.000556134 -0.00233024 0.0416394 -0.00173069 0.0829401
-4.39226e-09 0.000522657 4.77856e-07 0.0416366 -0.00172854 0.0829398
-0.000605714 0.000520896 -1.30648e-06 1.13459 0.0103976 -0.456381
0.000606208 0.000520965 -4.2759e-06 -0.214426 0.363316 1.31617
0.00113145 -0.0017307 0.00140333 0.164714 -0.110305 -3.13412
0.032145 0.032055 -0.0188977 0.164714 -0.110305 -3.13412
0.000250247 0.000492394 0.00139617 1.73456 0.0254259 1.46319
-0.00166849 -0.000713992 0.00143563 -0.234512 -0.263822 1.45706
0.0075564 -0.00373333 0.00722762 1.82679 0.36159 1.79281
-0.000475397 -0.000822992 -0.00155402 0.0359939 -0.00152375 0.0850684
3.18082e-07 0.000244761 -3.39353e-07 0.0359917 -0.00153003 0.0850721
-0.000985322 0.000244543 2.79948e-06 1.13142 -0.0191437 -0.455587
0.000981174 0.000238718 -6.44653e-08 -0.242658 0.366355 1.3064
-0.000357468 -0.00151427 -0.0028019 0.163505 -0.108663 -3.13241
0.0565954 0.00790561 -0.0120245 0.163505 -0.108663 -3.13241
0.000297119 0.000216157 0.000196017 1.73339 0.0267151 1.46506
-9.86082e-05 0.00173927 0.00139632 -0.236222 -0.27298 1.45739
0.00359186 -0.00234919 0.00242433 1.74684 0.401828 1.59908
-0.000151744 0.00042431 -0.000506779 0.0341429 -0.00146205 0.0857466
-2.41203e-07 0.000770249 -2.33107e-07 0.0341443 -0.0014643 0.0857486
-0.000697539 0.000770888 -1.07573e-07 1.13489 -0.028282 -0.459204
0.000701569 0.000774832 2.4095e-06 -0.244382 0.372478 1.30208
0.00643114 0.0153761 0.0320189 0.161642 -0.109501 -3.13241
0.0470972 0.0228908 -0.00182319 0.161642 -0.109501 -3.13241
6.39635e-05 -2.31779e-05 -0.000393765 1.73152 0.0266581 1.46419
-0.00128252 -0.0347174 0.00458652 -0.20226 -0.229468 1.46437
-0.016132 0.0287157 -0.0536623 1.82793 0.235857 1.37193
0.0114364 -0.0170795 -0.00448671 0.0192055 -0.000456926 0.0474403
-2.42445e-07 0.00819642 -1.17369e-07 0.0192078 -0.000456004 0.0474401
0.00867443 0.00819312 -1.02852e-07 1.28988 0.206624 -0.425795
-0.00865752 0.00818263 1.29967e-06 -0.165504 0.337428 1.36887
