-0.226593 -0.323909 0.0854753 0.304167 0.0547619 -3.12126
0.34757 0.448318 0.0100436 0.304167 0.0547619 -3.12126
2.14808 -0.0274898 -0.132315 1.8745 0.00301254 1.62914
-0.220826 -0.0212623 0.10946 -0.59076 -0.0790724 1.55174
0.355713 0.146373 0.0722186 1.33051 0.202952 1.59797
-0.00297258 0.431369 0.0119618 0.0563873 -0.000352641 0.0140495
2.31372e-06 0.219561 1.39167e-06 0.0563523 -0.000382863 0.0140502
0.130163 0.219558 -3.01174e-07 1.46571 -0.295641 -0.313764
-0.130178 0.219546 -2.10466e-05 -0.647806 0.402289 1.21077
0 0 0 0.304167 0.0547619 -3.12126
0 0 0 0.304167 0.0547619 -3.12126
0 0 0 1.8745 0.00301254 1.62914
0 0 0 -0.59076 -0.0790724 1.55174
0 0 0 1.33051 0.202952 1.59797
0 0 0 0.0563873 -0.000352641 0.0140495
0 0 0 0.0563523 -0.000382863 0.0140502
0 0 0 1.46571 -0.295641 -0.313764
0 0 0 -0.647806 0.402289 1.21077
5.78044e-05 -0.0011361 -0.00316555 0.287608 0.0333557 -3.12295
-0.0428166 -0.00498817 0.0049351 0.287608 0.0333557 -3.12295
0.00401635 0.00155774 0.000467148 1.85825 0.00841412 1.60807
0.0018285 -0.00136765 -0.000924987 -0.569725 -0.0864744 1.54588
-0.00403109 -0.00765894 -0.00736878 1.35233 0.160403 1.72371
0.000735844 -0.00163799 0.000767772 0.0604923 -0.000367498 0.0106327
-1.73085e-06 1.28268e-06 -1.59758e-06 0.06052 -0.000331043 0.0106311
-9.63041e-06 2.73565e-06 -2.35314e-06 1.53867 -0.268384 -0.349952
2.0456e-05 1.14602e-05 2.78465e-05 -0.622424 0.398224 1.21921
0 0 0 0.287608 0.0333557 -3.12295
0 0 0 0.287608 0.0333557 -3.12295
0 0 0 1.85825 0.00841412 1.60807
0 0 0 -0.569725 -0.0864744 1.54588
0 0 0 1.35233 0.160403 1.72371
0 0 0 0.0604923 -0.000367498 0.0106327
0 0 0 0.06052 -0.000331043 0.0106311
0 0 0 1.53867 -0.268384 -0.349952
0 0 0 -0.622424 0.398224 1.21921
-0.00215465 0.00760495 0.0239065 0.320004 0.00631532 -3.12756
-0.0410094 -0.0102551 -0.00656438 0.320004 0.00631532 -3.12756
-0.00752564 0.0028868 0.000737668 1.89082 0.011333 1.58121
0.0002839 0.00822853 0.0141434 -0.538467 -0.0542419 1.53789
-0.00414311 -0.00384161 -0.00599941 1.38237 0.161406 1.84475
-0.000183647 0.00192809 -0.00110948 0.0547076 -0.000338785 0.0113969
-1.42834e-07 -9.25245e-05 -4.39736e-08 0.0546813 -0.000317004 0.0113926
-2.14048e-05 -8.9938e-05 2.00454e-06 1.55728 -0.247115 -0.371101
2.37993e-05 -8.5658e-05 -4.6848e-06 -0.60694 0.456049 1.20874
0.00596239 -0.00186083 -0.00188179 0.311086 -0.0123548 -3.12251
-0.027841 -0.011962 0.00188187 0.311086 -0.0123548 -3.12251
0.000798108 -0.00245493 0.000761655 1.88194 0.0219507 1.56488
0.00469857 -0.00207334 0.00222165 -0.500874 -0.0677834 1.54203
-0.00191314 -0.00508001 -0.00534594 1.39038 0.137916 1.93102
0.00059721 -3.09414e-05 -0.00116785 0.0492486 -0.000230653 0.00857848
-7.29706e-07 6.52431e-05 -3.07429e-07 0.0492554 -0.000216223 0.00858234
1.27387e-05 6.43708e-05 1.74752e-07 1.59526 -0.225332 -0.394652
-8.62233e-06 6.06221e-05 3.2409e-06 -0.564916 0.462564 1.22933
0.00274175 0.000846358 0.00608636 0.316551 -0.0332135 -3.12109
-0.0113267 -0.0107694 -0.0106939 0.316551 -0.0332135 -3.12109
0.000354254 -0.000255801 0.00142499 1.88732 0.0298208 1.54562
0.00514921 0.000864889 0.00451989 -0.452551 -0.0626138 1.53409
-0.00159205 -0.00697887 -0.00573426 1.44057 0.153494 1.96458
0.0006777 0.00101714 0.00162283 0.0566035 -0.000188484 0.00536616
3.65561e-07 3.97587e-05 9.95864e-07 0.0565966 -0.000163613 0.00536801
1.85351e-06 3.78426e-05 -3.94058e-06 1.56203 -0.200771 -0.424851
-4.57407e-06 3.7046e-05 -1.62189e-06 -0.51463 0.480965 1.24781
0.0116921 0.00670604 0.00888976 0.30879 -0.087655 -3.11786
0.0315447 0.0139342 -0.0103376 0.30879 -0.087655 -3.11786
-0.000234868 -0.00305422 -0.00441974 1.87875 0.0492257 1.49447
0.011478 0.00654298 0.0115444 -0.359384 -0.0713727 1.53479
0.00880376 0.00547234 -0.020458 1.52613 0.121586 1.88659
-0.000228373 -0.000712518 -0.000435117 0.054785 -0.000226369 0.00644321
-9.27434e-07 2.91122e-05 -1.80433e-06 0.0547884 -0.000190646 0.00644171
-2.98533e-05 4.54874e-05 2.17732e-06 1.50739 -0.112984 -0.389157
3.92888e-05 5.64933e-05 1.56215e-05 -0.41973 0.533969 1.28467
-0.00332916 0.00133343 -0.0083512 0.277422 -0.0917671 -3.12267
0.0358252 0.0115808 0.000654062 0.277422 -0.0917671 -3.12267
-0.000967308 0.000699358 -0.00540985 1.84729 0.0433047 1.48769
-0.00181032 0.000455399 0.00102698 -0.346986 -0.102372 1.52965
0.0038372 0.00646961 -0.000651635 1.51676 0.118745 1.78252
-0.000191245 -0.00210772 -0.00195779 0.0460328 -0.000175696 0.00742909
6.89537e-07 -0.000103899 -2.77851e-07 0.0460579 -0.00017203 0.00742294
3.73412e-05 -0.000115758 3.61926e-06 1.50026 -0.109783 -0.357999
-4.57191e-05 -0.000119353 -1.41243e-05 -0.404721 0.537276 1.27689
0.00167375 -0.0013416 -0.000668323 0.266608 -0.117083 -3.12657
0.0542976 0.00641836 -0.0173552 0.266608 -0.117083 -3.12657
0.00256689 0.000351356 -0.00126405 1.83582 0.0452829 1.46175
0.00212567 -0.00161498 0.00169588 -0.326837 -0.110207 1.52812
0.00618369 0.00435138 -0.0126005 1.56491 0.135841 1.62545
-0.000172869 0.00186992 0.000791849 0.0493278 -0.000250243 0.00817594
-5.5216e-08 4.63906e-05 1.60443e-06 0.0493421 -0.000215517 0.00816907
-1.80241e-05 4.42295e-05 -6.83755e-06 1.4473 -0.0570576 -0.332777
1.92791e-05 4.38613e-05 3.58681e-06 -0.381373 0.540663 1.28732
