-0.212716 -0.319063 0.0737508 0.269357 -0.0201651 -3.10841
0.416844 0.432031 0.00777795 0.269357 -0.0201651 -3.10841
2.27679 0.155615 -0.159719 1.84029 0.037348 1.56019
-0.20243 -0.0343356 0.122106 -0.368633 -0.168121 1.53468
0.370224 0.138609 0.0491987 1.40077 0.13852 1.41312
0.000267158 0.432952 0.00812822 0.0380109 0.000280668 -0.00127654
-1.56714e-06 0.21958 2.82122e-06 0.037846 7.88173e-05 -0.00130064
0.130138 0.219578 7.17402e-07 1.46463 -0.191782 -0.325256
-0.130136 0.219577 -1.21993e-05 -0.402177 0.433258 1.29341
0 0 0 0.269357 -0.0201651 -3.10841
0 0 0 0.269357 -0.0201651 -3.10841
0 0 0 1.84029 0.037348 1.56019
0 0 0 -0.368633 -0.168121 1.53468
0 0 0 1.40077 0.13852 1.41312
0 0 0 0.0380109 0.000280668 -0.00127654
0 0 0 0.037846 7.88173e-05 -0.00130064
0 0 0 1.46463 -0.191782 -0.325256
0 0 0 -0.402177 0.433258 1.29341
0.000685694 -0.00280021 -0.00913842 0.248478 -0.0222723 -3.11057
0.0549988 -0.00935762 0.00398906 0.248478 -0.0222723 -3.11057
0.00238769 -0.00170125 -0.00223609 1.81938 0.0355496 1.55684
-0.0010234 -0.00337812 -0.00561651 -0.386033 -0.180501 1.54062
0.00739993 0.00395876 0.000791027 1.37889 0.128624 1.2462
0.000990518 -5.94372e-05 -0.000473663 0.0358827 9.94543e-05 -0.00591538
1.59926e-07 -2.89866e-05 -4.08453e-06 0.0359187 0.000104468 -0.00591987
3.57565e-05 -2.37486e-05 1.20029e-06 1.44013 -0.190555 -0.301614
-2.76086e-05 -1.84928e-05 1.86997e-05 -0.415891 0.410671 1.29327
0.000991062 -0.00181175 -0.0106259 0.238922 -0.00388285 -3.1068
0.0428894 -0.0214185 0.00713998 0.238922 -0.00388285 -3.1068
0.0014397 -0.00140393 0.000656153 1.80987 0.0347267 1.57527
7.09485e-05 -0.0026198 -0.00617705 -0.393859 -0.196169 1.54378
0.00130749 -0.00331417 0.0113798 1.31695 0.142917 1.09255
-0.00119455 -0.0021888 -0.00049026 0.0339277 3.05903e-05 -0.000302062
1.15766e-06 2.36678e-05 7.68321e-07 0.0339378 1.25997e-05 -0.00029843
-7.19365e-06 1.97067e-05 1.92598e-06 1.39237 -0.230578 -0.312314
-1.31652e-06 1.25772e-05 -9.7161e-06 -0.418719 0.387852 1.2962
-0.00421011 0.00289949 0.000312462 0.236749 0.000267035 -3.11413
0.0341582 -0.019215 0.00165194 0.236749 0.000267035 -3.11413
-0.000483403 0.00115759 -3.86793e-05 1.80763 0.0266318 1.5775
-0.0015685 0.00291873 -0.000162875 -0.391864 -0.194481 1.53447
0.00170769 -0.00438566 0.00450271 1.28168 0.150411 0.972885
0.00127045 -0.000898305 0.0002274 0.0351603 0.000120973 -0.00634413
5.61581e-08 1.70647e-05 -2.3202e-07 0.0351644 0.000113881 -0.00635693
1.46996e-05 1.77042e-05 -3.36691e-06 1.35421 -0.244169 -0.326193
-1.48812e-05 2.44499e-05 4.49459e-06 -0.417194 0.390396 1.28768
-0.0112789 0.000593234 -0.0107421 0.2334 0.04043 -3.1209
0.00694849 -0.00846642 0.0192088 0.2334 0.04043 -3.1209
0.000330302 0.0028624 -0.00259317 1.80402 0.0107844 1.61492
-0.00919154 0.000537349 -0.0109402 -0.458521 -0.19379 1.5271
-0.00728843 -0.00363859 0.014731 1.22209 0.133807 0.925357
-0.00213879 -0.000421784 0.00177219 0.0436557 -3.44716e-05 0.00384531
6.3061e-07 7.40632e-06 4.95527e-07 0.0436597 -7.26005e-05 0.00383894
-9.73341e-05 1.014e-05 5.33232e-06 1.3491 -0.301885 -0.348456
9.04655e-05 1.19937e-05 -1.41764e-05 -0.481116 0.35228 1.25411
-0.00489092 -0.00197943 0.0075902 0.237807 0.0271846 -3.12435
-0.000599545 0.0117988 -0.00165578 0.237807 0.0271846 -3.12435
-0.00269654 0.00142248 -0.00160013 1.80853 0.0103569 1.60128
-0.00197732 -0.00169037 0.00539374 -0.443808 -0.186044 1.5169
0.00217529 0.00656023 -0.00432864 1.23772 0.124087 0.942934
0.00108557 0.00162423 4.26362e-05 0.0435343 3.50091e-06 -0.00131896
-7.14545e-08 7.08317e-06 -3.93692e-07 0.0435274 2.2943e-05 -0.00132427
4.92366e-05 6.32192e-06 -6.15854e-06 1.35922 -0.286736 -0.321785
-4.67107e-05 8.02419e-06 2.21057e-05 -0.469082 0.366951 1.24932
-0.00505644 -0.000977307 -0.00333607 0.235636 0.0332965 -3.12618
-0.0193271 0.00761412 0.000600877 0.235636 0.0332965 -3.12618
-0.000330328 0.00134138 -0.00019554 1.80631 0.00721732 1.60677
-0.00401816 -0.000968287 -0.0036634 -0.469291 -0.184892 1.51325
-0.00298423 -0.00291154 0.00492442 1.23102 0.138204 1.00653
5.98179e-05 -0.00029369 0.000138681 0.04425 4.87636e-05 -0.0015988
2.27456e-07 7.27244e-06 -4.29127e-08 0.0442538 3.8885e-05 -0.00160167
3.15432e-05 5.81312e-06 3.53176e-06 1.36756 -0.306288 -0.336332
-3.49991e-05 -1.0727e-07 -9.79656e-06 -0.493479 0.352583 1.23665
-0.001174 -0.00215732 -0.00145039 0.242953 0.0479375 -3.12214
-0.0240058 0.0147378 0.00647344 0.242953 0.0479375 -3.12214
-0.00159082 -7.14628e-05 0.00115008 1.81347 0.00735625 1.62201
-0.00091085 -0.0022397 -0.0011504 -0.473278 -0.185959 1.51231
-0.00531577 0.00363374 0.00334089 1.22507 0.12806 1.07775
-0.000366459 -0.000926439 -0.000636808 0.0414158 4.15884e-05 0.000139103
1.01465e-07 -1.96524e-06 2.67016e-07 0.0413999 8.26962e-06 0.000147547
3.80383e-06 -3.45121e-06 3.04911e-06 1.39632 -0.325386 -0.32961
-6.65007e-06 -1.44167e-05 -1.28122e-05 -0.496308 0.346141 1.23621
-0.00513663 0.00164399 0.0126949 0.260346 0.01864 -3.1279
-0.0280618 0.00393957 -0.0220327 0.260346 0.01864 -3.1279
-7.61686e-05 0.003819 0.00472194 1.83111 0.00843567 1.59234
0.000901541 0.00169024 0.0100848 -0.419291 -0.176786 1.49113
-0.00491194 -0.00493943 -0.0138357 1.28716 0.155421 1.15883
0.000567133 -0.000386806 -7.96774e-05 0.0410784 -4.83073e-06 -0.00255488
4.76702e-07 -3.23537e-05 1.5026e-06 0.0410512 3.90802e-05 -0.00256449
-3.85486e-05 -3.57379e-05 -9.37977e-06 1.4057 -0.278165 -0.354741
4.03985e-05 -3.30912e-05 1.56969e-05 -0.446263 0.380347 1.23711
