-0.219329 -0.351572 -0.0134198 0.0267419 0.0848825 -3.08729
0.222814 -0.351537 -0.0656024 0.0267419 0.0848825 -3.08729
1.69684 0.0322472 0.157786 1.59748 0.0520171 1.6571
-0.219679 -0.0687664 0.067711 -0.443415 -0.279402 1.57204
0.211806 -0.0710109 0.0231706 -0.29249 0.306281 -1.53157
-0.00201779 0.405817 0.000817636 0.00410429 -8.41265e-06 0.00980101
1.18864e-06 0.199414 -6.42043e-06 0.00411776 -1.76555e-05 0.00979954
0.153994 0.199415 5.82197e-06 -0.264821 -0.0835492 -1.36018
-0.153998 0.199418 2.05643e-05 -0.438497 0.240338 1.33063
0 0 0 0.0267419 0.0848825 -3.08729
0 0 0 0.0267419 0.0848825 -3.08729
0 0 0 1.59748 0.0520171 1.6571
0 0 0 -0.443415 -0.279402 1.57204
0 0 0 -0.29249 0.306281 -1.53157
0 0 0 0.00410429 -8.41265e-06 0.00980101
0 0 0 0.00411776 -1.76555e-05 0.00979954
0 0 0 -0.264821 -0.0835492 -1.36018
0 0 0 -0.438497 0.240338 1.33063
0 0 0 0.0267419 0.0848825 -3.08729
0 0 0 0.0267419 0.0848825 -3.08729
0 0 0 1.59748 0.0520171 1.6571
0 0 0 -0.443415 -0.279402 1.57204
0 0 0 -0.29249 0.306281 -1.53157
0 0 0 0.00410429 -8.41265e-06 0.00980101
0 0 0 0.00411776 -1.76555e-05 0.00979954
0 0 0 -0.264821 -0.0835492 -1.36018
0 0 0 -0.438497 0.240338 1.33063
0.000726485 0.00326255 -0.0181685 0.00692185 0.103436 -3.09914
0.00117227 -0.00413397 -0.0368971 0.00692185 0.103436 -3.09914
-0.0377293 0.00314772 -0.00441846 1.57769 0.0417333 1.67453
-0.00116843 -0.000576086 -0.00584585 -0.447364 -0.323253 1.57885
0.0094067 -0.0132441 -0.0131783 -0.32408 0.392918 -1.56058
0.000215038 0.000391181 -0.000285735 0.00269468 -1.0655e-05 0.00873237
-4.76355e-07 1.67802e-06 8.75981e-07 0.00269985 -1.15363e-05 0.00872766
1.94283e-06 4.8095e-07 4.32115e-07 -0.266251 -0.0341701 -1.33812
-1.66962e-06 5.37692e-07 1.09042e-05 -0.433754 0.219647 1.32702
-0.00135665 0.00342077 -0.000581014 0.00573575 0.0992858 -3.10481
-0.00190485 0.00139625 -0.0131349 0.00573575 0.0992858 -3.10481
-0.0206542 0.0018819 -0.00351651 1.57651 0.0362161 1.67029
0.000234117 0.00245001 0.00231699 -0.42707 -0.33366 1.57316
-0.00144724 -0.0031364 -0.00334524 -0.325352 0.429696 -1.56211
-0.000272291 -0.000400015 -0.000183347 0.00186907 -1.6971e-05 0.0100799
6.12035e-07 7.69401e-06 -3.34329e-06 0.00187053 -1.12159e-05 0.0100723
-2.81563e-07 1.5143e-05 4.06551e-05 -0.266073 -0.0223813 -1.34538
-1.39959e-05 2.38837e-05 5.31121e-05 -0.413561 0.229321 1.32577
0 0 0 0.00573575 0.0992858 -3.10481
0 0 0 0.00573575 0.0992858 -3.10481
0 0 0 1.57651 0.0362161 1.67029
0 0 0 -0.42707 -0.33366 1.57316
0 0 0 -0.325352 0.429696 -1.56211
0 0 0 0.00186907 -1.6971e-05 0.0100799
0 0 0 0.00187053 -1.12159e-05 0.0100723
0 0 0 -0.266073 -0.0223813 -1.34538
0 0 0 -0.413561 0.229321 1.32577
0.00109563 0.00315074 -0.000777392 0.00486018 0.0940908 -3.10865
-0.00273155 0.00317803 -0.00680854 0.00486018 0.0940908 -3.10865
-0.0200432 -0.000132615 -0.0039831 1.57564 0.0324894 1.66505
0.000980164 0.00305407 -0.000459583 -0.425048 -0.334785 1.57357
0.000198723 -4.79541e-05 -0.00210362 -0.333253 0.448863 -1.57313
8.68597e-05 0.00022617 0.000280338 0.00314266 -2.03864e-05 0.00962868
-9.14561e-07 6.16573e-06 2.51235e-06 0.00314318 -1.67572e-05 0.00962607
1.01391e-05 4.14624e-07 -4.32284e-05 -0.266104 -0.01537 -1.34479
6.80572e-06 -5.08357e-06 -5.6334e-05 -0.411579 0.230555 1.32651
-0.0020164 -0.00228109 -0.00025146 -0.00311394 0.0800511 -3.11166
-0.00208907 -0.000600885 -0.00972137 -0.00311394 0.0800511 -3.11166
-0.0193702 -0.00025482 -0.00241799 1.56769 0.0301816 1.65076
0.00197111 -0.00223397 -0.000460497 -0.391053 -0.334045 1.55922
0.00149027 -0.00320877 -0.00530539 -0.344865 0.466346 -1.58685
-0.000450444 2.59724e-05 -0.000848605 -0.000752421 -3.92937e-05 0.0118148
6.30405e-07 -3.18901e-06 -1.65541e-05 -0.000737258 -1.12236e-05 0.0118102
-1.31517e-05 6.61128e-07 2.66128e-05 -0.266151 0.00271556 -1.34229
1.00874e-05 1.88947e-06 5.83684e-05 -0.378562 0.2273 1.33547
0.00181646 0.00491888 -0.00130124 -0.00875477 0.0826694 -3.11056
0.00609913 0.0101857 -0.000662671 -0.00875477 0.0826694 -3.11056
-0.0209613 -0.00232938 -0.00790095 1.56207 0.031753 1.6532
0.00114825 0.00494552 -0.00132446 -0.395406 -0.333942 1.56162
0.00173861 0.00717644 0.00203458 -0.482582 0.47929 -1.57014
-0.000511557 -0.000796771 -0.000890705 -0.00504778 4.41086e-05 0.01433
-1.03427e-06 -4.89011e-06 -5.60669e-06 -0.00503697 3.92875e-05 0.0143329
1.16287e-05 1.3222e-05 9.27506e-06 -0.424468 -0.00416108 -1.33094
-6.62821e-06 1.89613e-05 -8.95256e-06 -0.38275 0.226839 1.33536
0.0023022 -0.00382303 0.00797323 -0.000758048 0.0736938 -3.11003
0.00426425 0.000118812 0.00567804 -0.000758048 0.0736938 -3.11003
-0.022198 -0.00332649 -0.00411448 1.57004 0.0316198 1.64447
0.000169063 -0.00196309 0.00238564 -0.410804 -0.313932 1.56931
0.000923537 0.000105345 0.00161066 -0.470623 0.466777 -1.5572
0.00014229 0.000770705 0.000585871 -0.00240702 4.92942e-06 0.01358
-3.83645e-07 6.89472e-06 2.27371e-05 -0.00241538 1.40059e-05 0.0135799
2.28588e-07 -1.48392e-05 -3.4949e-05 -0.416921 -0.00985281 -1.32777
3.0232e-06 -2.0314e-05 -3.47519e-05 -0.401134 0.233845 1.33764
