-0.160555 -0.356948 -0.116762 -0.0179992 -0.0266667 3.08843
0.195261 -0.342055 -0.12878 -0.0179992 -0.0266667 3.08843
2.00098 0.00591162 0.214971 1.55278 -0.0536331 1.54509
-0.21679 -0.0680446 -0.0427205 -0.546652 -0.246529 1.76303
0.220611 -0.0721232 -0.0124115 -0.645395 0.405459 -1.66443
-0.00125337 0.444458 -0.00303177 -0.0137628 1.67587e-05 0.00571762
-1.00883e-06 0.226033 -5.48592e-06 -0.0137663 3.44848e-05 0.00571614
0.170527 0.226034 1.83998e-05 -0.583638 0.0411108 -1.40438
-0.170517 0.226035 4.45285e-05 -0.442851 -0.142706 1.41472
0 0 0 -0.0179992 -0.0266667 3.08843
0 0 0 -0.0179992 -0.0266667 3.08843
0 0 0 1.55278 -0.0536331 1.54509
0 0 0 -0.546652 -0.246529 1.76303
0 0 0 -0.645395 0.405459 -1.66443
0 0 0 -0.0137628 1.67587e-05 0.00571762
0 0 0 -0.0137663 3.44848e-05 0.00571614
0 0 0 -0.583638 0.0411108 -1.40438
0 0 0 -0.442851 -0.142706 1.41472
-0.00317417 -0.00143907 0.000652555 -0.0174174 -0.0456425 3.08813
-0.00105989 0.000669632 -0.00941323 -0.0174174 -0.0456425 3.08813
-0.0195484 -0.00218764 0.00346321 1.55338 -0.0542498 1.5261
-0.0106619 -0.00111313 -0.00786745 -0.559032 -0.217742 1.78765
-0.00622464 -0.00186332 -0.00254232 -0.632045 0.430803 -1.64614
-0.000267063 0.00189203 0.00127167 -0.00778446 -1.72865e-05 0.00686989
-5.11381e-07 6.14422e-06 -3.95065e-06 -0.00778344 1.74962e-05 0.00686938
-1.80218e-05 2.72883e-06 -1.46343e-05 -0.584578 0.0493015 -1.42558
1.10589e-05 -9.35455e-07 -2.55799e-05 -0.437537 -0.166907 1.38017
0 0 0 -0.0174174 -0.0456425 3.08813
0 0 0 -0.0174174 -0.0456425 3.08813
0 0 0 1.55338 -0.0542498 1.5261
0 0 0 -0.559032 -0.217742 1.78765
0 0 0 -0.632045 0.430803 -1.64614
0 0 0 -0.00778446 -1.72865e-05 0.00686989
0 0 0 -0.00778344 1.74962e-05 0.00686938
0 0 0 -0.584578 0.0493015 -1.42558
0 0 0 -0.437537 -0.166907 1.38017
-0.00877262 0.00804081 -0.0112317 -0.0294737 -0.061947 3.08871
-0.015661 0.00494395 -0.0105747 -0.0294737 -0.061947 3.08871
-0.0386762 -0.00590632 0.00478817 1.54134 -0.054681 1.51044
-0.00388206 0.00886371 -0.00951281 -0.561361 -0.223425 1.77091
-0.00917402 -0.000633179 0.000387419 -0.629481 0.471571 -1.67233
-0.000122252 0.000249623 -0.00141911 -0.0143125 4.63153e-05 0.00742661
4.95335e-07 -4.94548e-06 4.63868e-06 -0.0143084 5.16543e-05 0.00742782
2.76036e-05 -2.98932e-06 2.06451e-07 -0.586065 0.0481488 -1.45599
-2.44554e-05 -3.63448e-06 1.0456e-05 -0.434166 -0.202624 1.36154
-0.00643025 0.00910599 -0.00533059 -0.0238177 -0.0679927 3.09079
-0.00698743 0.00126341 0.00242051 -0.0238177 -0.0679927 3.09079
-0.0219674 -0.00100595 -0.00338891 1.547 -0.052405 1.50403
-0.00173687 0.00866878 0.000265722 -0.563858 -0.242441 1.75557
-0.00197329 0.00131059 0.00133055 -0.634019 0.467365 -1.69123
0.000189133 -0.000847278 0.000695863 -0.0111597 2.7289e-05 0.00659986
1.0449e-07 -1.47342e-06 -3.38342e-06 -0.0111655 3.43525e-05 0.00660257
6.86042e-06 3.64424e-06 1.55103e-05 -0.586347 0.0440148 -1.46201
-6.73624e-06 8.22402e-06 1.54158e-05 -0.431666 -0.207396 1.34927
0 0 0 -0.0238177 -0.0679927 3.09079
0 0 0 -0.0238177 -0.0679927 3.09079
0 0 0 1.547 -0.052405 1.50403
0 0 0 -0.563858 -0.242441 1.75557
0 0 0 -0.634019 0.467365 -1.69123
0 0 0 -0.0111597 2.7289e-05 0.00659986
0 0 0 -0.0111655 3.43525e-05 0.00660257
0 0 0 -0.586347 0.0440148 -1.46201
0 0 0 -0.431666 -0.207396 1.34927
-0.0380594 0.00104498 -0.0671399 -0.0419 -0.0743122 3.09422
-0.014495 -0.00202479 -0.00821227 -0.0419 -0.0743122 3.09422
-0.0410629 0.00213642 -0.00502701 1.52896 -0.0504408 1.49853
-0.0108142 -0.0155592 -0.0128504 -0.57751 -0.433975 1.66897
-0.00374664 -0.00480569 -0.00572741 -0.650916 0.476754 -1.73315
0.000703429 0.000540783 -0.00104356 -0.0157629 3.22462e-05 0.00340756
9.27056e-07 -1.02651e-05 1.07011e-06 -0.0157428 2.75715e-05 0.00341414
4.09685e-06 -1.27339e-05 -1.40083e-05 -0.587073 0.0620246 -1.47591
-1.08561e-05 -1.29684e-05 -2.47431e-05 -0.426524 -0.23616 1.3257
0 0 0 -0.0419 -0.0743122 3.09422
0 0 0 -0.0419 -0.0743122 3.09422
0 0 0 1.52896 -0.0504408 1.49853
0 0 0 -0.57751 -0.433975 1.66897
0 0 0 -0.650916 0.476754 -1.73315
0 0 0 -0.0157629 3.22462e-05 0.00340756
0 0 0 -0.0157428 2.75715e-05 0.00341414
0 0 0 -0.587073 0.0620246 -1.47591
0 0 0 -0.426524 -0.23616 1.3257
-0.00885259 -0.00189203 -0.00458622 -0.0390723 -0.0782036 3.09686
-0.00555854 -0.0042921 0.00321946 -0.0390723 -0.0782036 3.09686
-0.0229077 0.00193479 -0.00106145 1.5318 -0.0477523 1.4944
-0.0013855 -0.00349938 0.00166888 -0.566436 -0.455788 1.64225
-0.00242825 -0.00314874 2.61273e-05 -0.652221 0.464587 -1.74414
-0.000523168 0.000606279 -7.91452e-05 -0.016197 3.91427e-05 0.00577366
5.70591e-08 8.23531e-06 2.38279e-06 -0.0162205 4.60772e-05 0.00578494
1.24842e-06 6.91005e-06 6.48682e-06 -0.587616 0.0613722 -1.48472
-2.13903e-06 4.83673e-06 4.82714e-06 -0.426161 -0.228148 1.3241
