-0.211903 -0.37273 -0.0746654 0.0404782 -0.0355019 3.07209
0.192328 -0.366961 -0.110671 0.0404782 -0.0355019 3.07209
2.02695 0.028779 0.242011 1.61135 -0.0680064 1.53251
-0.229051 -0.0658722 -0.00731055 -0.526419 -0.215769 1.62661
0.215537 -0.0738422 0.00597318 -0.524551 0.377678 -1.64982
-0.00157136 0.4401 -0.00612548 -0.0278663 8.97439e-05 0.00716565
-8.50792e-07 0.221398 -6.77666e-06 -0.0278642 9.75696e-05 0.00717081
0.164485 0.2214 5.6774e-06 -0.471957 -0.0198952 -1.39958
-0.164479 0.221401 4.61934e-05 -0.46962 -0.0250113 1.34969
0 0 0 0.0404782 -0.0355019 3.07209
0 0 0 0.0404782 -0.0355019 3.07209
0 0 0 1.61135 -0.0680064 1.53251
0 0 0 -0.526419 -0.215769 1.62661
0 0 0 -0.524551 0.377678 -1.64982
0 0 0 -0.0278663 8.97439e-05 0.00716565
0 0 0 -0.0278642 9.75696e-05 0.00717081
0 0 0 -0.471957 -0.0198952 -1.39958
0 0 0 -0.46962 -0.0250113 1.34969
0.00155111 -3.45326e-05 0.00011741 0.051857 -0.0372034 3.07484
-0.00242842 -0.000827062 0.00234804 0.051857 -0.0372034 3.07484
-0.0225486 -0.00202997 -0.00175964 1.62273 -0.0647303 1.53018
-0.0016445 0.000683204 -0.00412539 -0.530777 -0.201994 1.63684
-0.00227059 -9.49117e-05 0.000673763 -0.521091 0.371893 -1.65015
0.000898924 0.000419445 0.00220577 -0.0177717 2.40619e-05 0.00305452
2.71954e-07 -1.13795e-05 2.01176e-06 -0.0177831 2.66024e-05 0.00305773
1.07956e-05 -1.14905e-05 -1.44779e-06 -0.471796 -0.0221035 -1.40715
-1.18007e-05 -9.57116e-06 -6.89096e-06 -0.469444 -0.0390574 1.34375
-0.00369264 0.00248934 -0.0177996 0.0466874 -0.0384123 3.08169
0.000658743 0.000442914 -0.00211204 0.0466874 -0.0384123 3.08169
-0.021322 -0.0026357 -0.00116116 1.61753 -0.0580458 1.52963
0.00196099 -0.000545291 -0.00445815 -0.531705 -0.245748 1.61898
0.000885651 -0.000325865 -0.000109597 -0.522774 0.378649 -1.65113
0.000252154 0.00111345 -0.0012324 -0.0231964 2.04039e-05 0.0018895
-2.65064e-07 1.26851e-06 -4.00627e-06 -0.0231886 2.17072e-05 0.00189947
3.28341e-06 1.6599e-06 3.00278e-06 -0.471853 -0.0216859 -1.40442
-2.50384e-06 -7.98101e-07 1.59321e-05 -0.46976 -0.0541997 1.35068
-0.00216159 -0.00235887 -0.021008 0.030184 -0.0520746 3.08668
-0.003858 0.00620772 -0.00771148 0.030184 -0.0520746 3.08668
-0.0224546 0.000142883 -0.00738969 1.60099 -0.0533133 1.51709
-0.00600152 -0.0061914 -0.00525811 -0.549158 -0.297006 1.63233
-0.00267962 0.00469379 -0.00418041 -0.525037 0.39069 -1.65557
0.0002234 -0.000951881 -0.00233941 -0.0340104 1.0468e-06 0.0008948
6.78096e-07 -2.77565e-05 1.31565e-06 -0.033996 1.16583e-05 0.000898355
-9.96484e-06 -2.46322e-05 -1.66986e-07 -0.471762 -0.00796047 -1.41069
5.0321e-06 -1.79143e-05 -1.5015e-05 -0.468811 -0.0701686 1.33571
0.00590964 -0.00520554 -0.0155612 0.0217343 -0.04297 3.09278
0.000381479 -0.00247313 -0.00351029 0.0217343 -0.04297 3.09278
-0.0219678 -0.00119169 -0.00303898 1.59254 -0.0478675 1.52678
0.000145083 -0.00676197 -0.00962273 -0.561951 -0.316084 1.65183
0.000714779 -0.0038093 -0.000439792 -0.526306 0.401279 -1.65711
7.07397e-05 -1.16771e-05 0.000176106 -0.0331226 2.92259e-05 0.000564235
-3.58732e-07 1.1899e-05 -4.07379e-06 -0.03311 1.41537e-05 0.000573238
1.4036e-08 1.05109e-05 3.37171e-06 -0.471755 -0.00635276 -1.41037
2.36298e-06 7.69442e-06 2.10759e-05 -0.469326 -0.0997729 1.34128
0.00180538 0.00156644 -0.00963335 0.0159774 -0.0379132 3.09963
0.00124772 0.00306532 0.00286351 0.0159774 -0.0379132 3.09963
-0.0245194 7.90763e-05 -0.00692841 1.58678 -0.041355 1.53222
0.00152071 -0.000265569 -0.00364403 -0.565465 -0.335868 1.65327
2.75596e-06 0.00409051 0.000681926 -0.524775 0.393745 -1.65254
-9.9459e-05 -3.5032e-05 -0.000756839 -0.0365139 3.20184e-05 0.00103098
7.32262e-07 4.39343e-06 -7.00607e-06 -0.0365045 2.29412e-05 0.00104226
3.16492e-06 2.0405e-05 3.45467e-05 -0.471764 -0.00861069 -1.40816
-8.30516e-06 2.67149e-05 4.10217e-05 -0.469852 -0.111671 1.34634
-0.00191322 -0.00209451 -0.00299022 0.0191224 -0.0354558 3.10251
-0.00490038 -0.00417848 0.00226048 0.0191224 -0.0354558 3.10251
-0.0247787 0.00357417 -0.00410231 1.58992 -0.0383967 1.5346
-0.00141213 -0.00255876 -0.00172182 -0.56682 -0.34016 1.65173
-0.00156433 -0.00357933 8.18723e-05 -0.526108 0.386293 -1.66372
0.000993608 0.000684623 -1.38712e-05 -0.0365845 -5.98544e-05 -0.00346814
8.04568e-07 1.37635e-05 1.07463e-05 -0.0365884 -6.26245e-05 -0.00346459
6.42156e-06 -2.65046e-06 -3.76418e-05 -0.471711 -0.00881791 -1.41531
-1.44082e-05 -3.89548e-06 -3.6117e-05 -0.469554 -0.115964 1.34378
-0.00167264 -0.0117727 0.00142851 0.0289512 -0.0274385 3.10127
-0.00905091 -0.0129352 0.00787671 0.0289512 -0.0274385 3.10127
-0.0249546 0.00485424 0.00564153 1.59976 -0.0395098 1.54221
-0.0026253 -0.0111445 -0.00128147 -0.566888 -0.331315 1.65474
-0.00364528 -0.0114037 0.00254594 -0.52394 0.36821 -1.68147
-7.87932e-05 -0.000314778 -0.000120843 -0.0372391 -4.97824e-05 -0.00311615
-1.60589e-08 -1.60031e-06 2.17169e-06 -0.0372476 -5.62062e-05 -0.00311693
-3.48438e-07 -7.07471e-06 -1.10015e-06 -0.471485 -0.0168598 -1.43269
3.33131e-06 -2.23209e-05 -3.60263e-05 -0.469538 -0.115694 1.3436
0.0033069 0.00552801 0.00482721 0.0312813 -0.00146997 3.10404
-0.00513834 0.0150006 0.0112621 0.0312813 -0.00146997 3.10404
-0.0298277 0.0038643 -0.0086387 1.6021 -0.0374895 1.56816
0.00495971 0.00678515 0.00350057 -0.559668 -0.326223 1.64889
0.000540373 0.0147712 0.00981353 -0.527519 0.36344 -1.70065
-8.52232e-05 0.00180672 -5.80754e-05 -0.036994 1.26332e-05 -0.00268389
2.37257e-06 -1.93186e-06 -1.83189e-05 -0.0369991 -2.81073e-05 -0.00267948
-5.11409e-05 1.17363e-05 4.14547e-06 -0.47178 -0.0509351 -1.42377
4.58858e-05 3.81802e-05 3.49694e-05 -0.470749 -0.10762 1.35399
