-0.228585 -0.306376 0.145312 0.0637452 -0.0202757 3.07714
0.202615 -0.280788 0.16444 0.0637452 -0.0202757 3.07714
1.28466 0.0613251 0.0870766 1.63466 -0.0630349 1.54645
-0.21431 -0.0384159 0.0510464 -0.787202 0.337839 1.51757
0.203824 -0.0187592 0.0770196 -0.648826 -0.322034 -1.57541
0.000698757 0.418274 -0.000354932 -0.00187047 1.25331e-06 -0.00337525
-1.64052e-09 0.211234 1.11559e-05 -0.00187651 -1.65012e-06 -0.00338442
0.154228 0.211235 -1.62846e-05 -0.704554 -0.316447 -1.35841
-0.154228 0.21124 -3.88043e-05 -0.831623 0.196403 1.33463
0 0 0 0.0637452 -0.0202757 3.07714
0 0 0 0.0637452 -0.0202757 3.07714
0 0 0 1.63466 -0.0630349 1.54645
0 0 0 -0.787202 0.337839 1.51757
0 0 0 -0.648826 -0.322034 -1.57541
0 0 0 -0.00187047 1.25331e-06 -0.00337525
0 0 0 -0.00187651 -1.65012e-06 -0.00338442
0 0 0 -0.704554 -0.316447 -1.35841
0 0 0 -0.831623 0.196403 1.33463
-0.00250781 -0.00324531 -0.00872609 0.0617469 -0.0212202 3.07146
-0.00112986 0.00136445 -0.00223213 0.0617469 -0.0212202 3.07146
0.0222038 -0.000362254 -0.00387034 1.63268 -0.0686884 1.54529
0.00199462 -0.00152382 -0.00278753 -0.793239 0.31582 1.50128
-0.00137899 0.00155638 -0.00168723 -0.649106 -0.319958 -1.57445
0.000108934 1.28999e-05 0.000463398 0.00030765 -1.03729e-06 -0.0039127
-8.6092e-07 6.92098e-06 5.0834e-06 0.000310303 1.69538e-08 -0.00392008
8.9104e-06 1.00007e-05 -8.54211e-06 -0.703155 -0.312245 -1.36283
-4.40613e-06 1.20982e-05 -1.9271e-05 -0.829902 0.185334 1.34357
0 0 0 0.0617469 -0.0212202 3.07146
0 0 0 0.0617469 -0.0212202 3.07146
0 0 0 1.63268 -0.0686884 1.54529
0 0 0 -0.793239 0.31582 1.50128
0 0 0 -0.649106 -0.319958 -1.57445
0 0 0 0.00030765 -1.03729e-06 -0.0039127
0 0 0 0.000310303 1.69538e-08 -0.00392008
0 0 0 -0.703155 -0.312245 -1.36283
0 0 0 -0.829902 0.185334 1.34357
-0.00166066 -0.00453854 -0.0136085 0.0579614 -0.00997555 3.06884
-0.00431506 -0.00264303 -0.00353516 0.0579614 -0.00997555 3.06884
0.0234039 0.000363615 -0.00312704 1.62891 -0.07205 1.55662
-0.00179197 -0.00209098 -0.00564454 -0.798037 0.286557 1.50239
-0.00144517 -0.00143827 0.000309698 -0.647959 -0.305333 -1.58533
-3.60079e-05 1.18634e-05 0.000160653 0.00103119 2.96602e-05 -0.00372741
8.69605e-07 6.3562e-06 -2.29577e-06 0.00103666 8.87226e-06 -0.00373226
-5.54394e-06 6.71353e-06 -1.97913e-05 -0.700881 -0.312121 -1.3701
1.23168e-06 4.54098e-06 -2.95057e-05 -0.830794 0.162658 1.33866
-0.00021905 -0.003612 -0.0154747 0.0560858 -0.0208922 3.0562
-0.00612318 -0.00892249 -0.0236798 0.0560858 -0.0208922 3.0562
0.0497587 -0.00616829 -0.00587231 1.62707 -0.0840861 1.54514
-0.00073886 -0.000121504 -0.00277418 -0.805233 0.240258 1.50512
0.000125094 -0.00525077 -0.00964359 -0.65473 -0.252661 -1.60854
-0.000177184 -3.8904e-06 0.000349532 0.00264858 -5.90821e-07 -0.00293006
-4.37645e-06 -2.31365e-06 1.14324e-05 0.00265819 2.29277e-06 -0.00293611
6.65099e-06 -3.90075e-06 3.38218e-05 -0.699734 -0.268679 -1.37399
6.05516e-06 -3.51068e-06 2.42826e-05 -0.831214 0.152015 1.33598
0.00441242 -0.00482481 -0.00592651 0.0587107 -0.0132794 3.06146
0.00153337 0.000199587 -0.00300048 0.0587107 -0.0132794 3.06146
0.0243279 -0.00450336 -0.00354638 1.62969 -0.0792142 1.55283
-0.000111966 -0.00339439 -0.000904071 -0.806508 0.222141 1.52174
0.00125148 0.000552234 -0.00207903 -0.657034 -0.249095 -1.60741
-0.000159566 6.75266e-06 8.27886e-05 0.00321582 1.37061e-05 -0.00212151
3.34647e-06 3.26229e-06 -1.66147e-05 0.00321241 5.91155e-06 -0.0021159
1.38022e-06 4.03015e-06 -1.27612e-05 -0.701183 -0.260947 -1.36842
-5.15097e-06 -2.03035e-06 1.19387e-05 -0.830806 0.14672 1.33858
-0.000241805 -0.000857427 -0.00769316 0.0576019 -0.00322952 3.05652
-0.00617764 -0.00658903 -0.0120567 0.0576019 -0.00322952 3.05652
0.0250466 -0.00440586 -0.00401928 1.62861 -0.0847441 1.56267
3.84297e-05 0.000357685 -0.00211851 -0.809847 0.20204 1.52095
-0.00192935 -0.00428183 -0.000380753 -0.6604 -0.205835 -1.62282
0.000279139 2.61392e-06 -0.000330048 0.00158715 1.97925e-05 -0.00349326
-2.58529e-06 1.11571e-06 8.04383e-06 0.00158747 9.44476e-06 -0.00349833
-5.4685e-06 -2.46006e-07 1.77467e-05 -0.698292 -0.255502 -1.37971
8.50276e-06 5.94705e-06 -1.6079e-06 -0.83081 0.139032 1.33838
-0.00313165 -0.00560454 -0.00391613 0.0504644 -0.0134715 3.04353
-0.00969205 -0.0072835 -0.0176475 0.0504644 -0.0134715 3.04353
0.0265394 -0.00305992 0.000677477 1.6215 -0.0972626 1.55238
-0.00197152 -0.00449091 0.00195584 -0.812821 0.18101 1.517
0.000704248 -0.00597502 -0.00612151 -0.667087 -0.163411 -1.66073
5.61323e-05 -3.44168e-05 -0.000158634 0.000825849 -1.44331e-05 -0.0037618
1.22611e-06 -1.86109e-05 -4.99922e-06 0.00083549 -2.90299e-06 -0.00377752
-7.31872e-06 -2.64955e-05 -2.47868e-05 -0.697895 -0.226531 -1.38143
1.22572e-05 -2.76036e-05 3.23625e-06 -0.831309 0.14375 1.33501
-0.000967457 -0.00189933 -0.00343889 0.045559 -0.011081 3.0318
-0.0040668 -0.0066978 -0.00867882 0.045559 -0.011081 3.0318
0.0256576 -0.00569872 0.00195929 1.61663 -0.109174 1.55471
0.000496624 -0.00116735 0.00104222 -0.81421 0.164983 1.51193
-0.0035836 -0.00582209 -0.00393381 -0.668829 -0.145909 -1.6622
-3.97396e-05 -4.31743e-06 0.00010336 0.0013788 6.02664e-06 -0.00357224
6.00858e-07 -2.72578e-06 -5.53158e-06 0.00138337 3.2e-06 -0.00358384
-1.04882e-06 5.75212e-07 2.25331e-05 -0.693967 -0.207348 -1.3996
-1.03011e-06 -5.24616e-06 7.48285e-06 -0.83094 0.146935 1.33782
