-0.230329 -0.293877 0.214321 0.403937 0.161081 3.057
0.139416 -0.282858 0.231368 0.403937 0.161081 3.057
1.68137 -0.02618 0.195193 1.97343 -0.140969 1.68594
-0.191509 -0.0422268 0.107148 -0.174912 0.398407 1.41774
0.17965 -0.0407831 0.105806 -2.56166 -0.472948 -1.73551
-0.00281839 0.419345 0.0230251 0.109139 -0.000727729 0.0133317
-1.05616e-06 0.20944 7.79553e-06 0.109136 -0.000727925 0.0133288
0.152699 0.209434 -3.91689e-06 -2.68002 -0.398015 -1.4635
-0.152696 0.209429 -1.43352e-05 -0.174905 0.39841 1.41776
0 0 0 0.403937 0.161081 3.057
0 0 0 0.403937 0.161081 3.057
0 0 0 1.97343 -0.140969 1.68594
0 0 0 -0.174912 0.398407 1.41774
0 0 0 -2.56166 -0.472948 -1.73551
0 0 0 0.109139 -0.000727729 0.0133317
0 0 0 0.109136 -0.000727925 0.0133288
0 0 0 -2.68002 -0.398015 -1.4635
0 0 0 -0.174905 0.39841 1.41776
0.00559019 -0.00620605 -0.0131974 0.37927 0.180619 3.07234
0.00231765 -0.00466261 -0.0254056 0.37927 0.180619 3.07234
0.0376475 -0.0047152 -0.00523424 1.94698 -0.131006 1.71335
0.00286071 -0.00310779 -0.00662862 -0.194111 0.372791 1.43005
0.00603484 -0.000908713 -0.0171089 -2.56496 -0.439034 -1.74773
-0.000500886 -0.000504171 -0.00404813 0.090194 -0.000685646 0.0157509
-6.826e-07 1.02359e-05 4.84498e-07 0.0902155 -0.000706529 0.0157697
-0.000112143 5.65229e-06 -2.59101e-05 -2.68855 -0.336942 -1.43976
0.000132983 -1.48578e-05 -7.18356e-05 -0.194104 0.372795 1.43007
0 0 0 0.37927 0.180619 3.07234
0 0 0 0.37927 0.180619 3.07234
0 0 0 1.94698 -0.131006 1.71335
0 0 0 -0.194111 0.372791 1.43005
0 0 0 -2.56496 -0.439034 -1.74773
0 0 0 0.090194 -0.000685646 0.0157509
0 0 0 0.0902155 -0.000706529 0.0157697
0 0 0 -2.68855 -0.336942 -1.43976
0 0 0 -0.194104 0.372795 1.43007
0.00747186 0.0040426 0.0123128 0.402944 0.171553 3.08689
0.00674461 0.00601031 0.0172022 0.402944 0.171553 3.08689
0.0087433 -0.00379421 0.000215544 1.9704 -0.117404 1.70753
0.0037443 0.00204269 0.0061838 -0.186167 0.396692 1.44344
0.00457839 0.0026889 0.00935309 -2.55565 -0.470393 -1.74143
-0.000233056 7.91659e-05 0.00105222 0.0952193 -0.00082416 0.0168561
4.15734e-07 2.61176e-05 -2.31301e-06 0.0951874 -0.000808796 0.0168708
-2.88007e-05 3.15606e-05 1.37556e-05 -2.69535 -0.372064 -1.4202
1.63955e-05 4.33374e-05 5.648e-05 -0.186159 0.396695 1.44346
0.0032844 0.00629383 0.0152477 0.433263 0.166121 3.09548
-0.00126618 0.00448055 0.0130765 0.433263 0.166121 3.09548
0.0127811 -0.000372432 0.00192113 2.00054 -0.111413 1.70256
0.00164117 0.00313634 0.00760567 -0.182684 0.426902 1.44833
-0.000562237 0.00239298 0.00921804 -2.54593 -0.486091 -1.74576
2.67177e-05 0.000959584 -1.72334e-05 0.0944862 -0.000818552 0.0166567
-1.26548e-06 1.04187e-05 3.32709e-05 0.0944299 -0.000804351 0.0166635
-3.59377e-06 -7.44502e-06 8.01969e-07 -2.695 -0.407111 -1.42098
-1.88226e-06 -2.23467e-05 -3.86007e-05 -0.182675 0.426905 1.44835
0.0015465 -0.00091939 -0.00184094 0.429319 0.163603 3.09681
-0.00442914 -0.00110967 -0.00501743 0.429319 0.163603 3.09681
0.0182628 0.00231983 -0.00485303 1.99669 -0.108643 1.70125
0.000786635 -0.000407689 -0.000914425 -0.179607 0.423211 1.45157
-0.00486551 0.00135351 -0.00055364 -2.5525 -0.467791 -1.74227
2.95596e-05 -0.000587021 0.000419875 0.0967654 -0.000812492 0.0165851
2.05882e-06 7.34203e-05 6.1709e-06 0.0967711 -0.000809303 0.0165878
-3.15985e-05 8.59703e-05 3.73856e-06 -2.68757 -0.408007 -1.43957
2.66125e-05 0.000105341 1.56019e-05 -0.179598 0.423214 1.45159
0.00106483 0.00378868 0.00851594 0.446016 0.156839 3.09819
-0.0019992 -0.00200656 0.00630784 0.446016 0.156839 3.09819
0.0180243 0.00288147 0.00141188 2.01365 -0.106662 1.69387
0.000520877 0.00188311 0.00426239 -0.173531 0.440153 1.45283
-0.00323642 -0.00247933 0.00490844 -2.55402 -0.473379 -1.73761
0.000115911 -0.000262144 9.32874e-05 0.0975382 -0.00079338 0.0160595
6.10977e-07 -1.70354e-05 -3.97696e-05 0.0975224 -0.000785721 0.0160583
2.04118e-05 -2.15396e-05 -1.49822e-05 -2.68174 -0.421593 -1.45382
-2.30396e-05 -2.22398e-05 8.53186e-06 -0.173522 0.440156 1.45285
0.00401524 -0.000843637 -0.0008944 0.443439 0.146323 3.10098
-0.000375977 0.00342756 -0.0052268 0.443439 0.146323 3.10098
0.0192465 0.00521396 -0.00548902 2.01149 -0.0993393 1.68579
0.00200341 -0.000405454 -0.000452358 -0.16174 0.438367 1.46102
-0.00175918 0.00531632 -0.00201135 -2.55928 -0.460337 -1.73083
0.000718988 0.000630202 -0.000794217 0.093442 -0.000612087 0.0126375
1.86358e-06 2.1587e-05 7.65108e-06 0.0934463 -0.000597984 0.0126419
-4.07663e-06 2.95632e-05 -7.64571e-06 -2.67963 -0.423113 -1.45845
-8.218e-06 3.24847e-05 -9.94581e-06 -0.161731 0.43837 1.46104
0.00439753 0.000171724 0.00133999 0.445461 0.136421 3.10538
-0.000501473 -0.00170487 0.000892802 0.445461 0.136421 3.10538
0.0190013 0.00571632 -0.00306481 2.01381 -0.0913565 1.6785
0.00220496 9.34318e-05 0.000685685 -0.15097 0.441027 1.46972
-0.00251203 -0.000688234 0.00226207 -2.5641 -0.454749 -1.72217
-0.000175605 -2.32276e-05 -0.000200768 0.0925861 -0.00063618 0.0134684
-8.93282e-07 1.10756e-05 -7.77867e-06 0.0925847 -0.000626796 0.0134723
-7.53901e-06 1.18695e-05 1.49842e-05 -2.67513 -0.430077 -1.46897
1.06953e-05 1.28e-05 2.39283e-05 -0.150961 0.44103 1.46974
