-0.0902423 -0.115712 -0.165392 0.322159 -0.0643118 -3.12811
0.0251775 -0.0531573 -0.122211 0.322159 -0.0643118 -3.12811
2.68799 0.145858 -0.176748 1.89245 0.0331396 1.51405
-0.203386 -0.0359524 0.00317383 -1.30777 -0.883251 2.52753
0.210835 -0.0454145 -0.0221232 -1.77762 0.494032 -3.09992
-0.000523749 0.438593 -0.0181044 -0.0733276 7.64456e-05 0.00211725
-1.77687e-07 0.192146 -2.51322e-07 -0.0733238 7.72967e-05 0.00211716
0.135532 0.192146 -1.31346e-07 -1.04529 0.0885373 -1.26384
-0.135531 0.192145 9.45273e-07 -0.659665 0.0133342 1.28165
0 0 0 0.322159 -0.0643118 -3.12811
0 0 0 0.322159 -0.0643118 -3.12811
0 0 0 1.89245 0.0331396 1.51405
0 0 0 -1.30777 -0.883251 2.52753
0 0 0 -1.77762 0.494032 -3.09992
0 0 0 -0.0733276 7.64456e-05 0.00211725
0 0 0 -0.0733238 7.72967e-05 0.00211716
0 0 0 -1.04529 0.0885373 -1.26384
0 0 0 -0.659665 0.0133342 1.28165
0 0 0 0.322159 -0.0643118 -3.12811
0 0 0 0.322159 -0.0643118 -3.12811
0 0 0 1.89245 0.0331396 1.51405
0 0 0 -1.30777 -0.883251 2.52753
0 0 0 -1.77762 0.494032 -3.09992
0 0 0 -0.0733276 7.64456e-05 0.00211725
0 0 0 -0.0733238 7.72967e-05 0.00211716
0 0 0 -1.04529 0.0885373 -1.26384
0 0 0 -0.659665 0.0133342 1.28165
0.0161428 0.0580654 0.0301701 0.30661 -0.0896029 -3.12765
0.00198921 -0.000203254 -0.00265239 0.30661 -0.0896029 -3.12765
-0.00404028 -6.19045e-05 -0.000312409 1.8764 0.0403126 1.48955
-0.00167068 0.00766921 0.0173506 -1.57594 -0.859481 2.92122
-0.00462408 0.00507732 0.00886062 -1.73534 0.556215 -3.06898
0.000605476 0.00102573 0.0103325 -0.0313592 -4.88925e-05 -0.000332527
-1.17892e-07 8.45179e-05 -3.40338e-06 -0.0313416 -1.91745e-05 -0.000333378
0.000405734 8.6158e-05 1.41154e-06 -0.995479 0.0545197 -1.27736
-0.000405493 8.92259e-05 1.59651e-05 -0.714743 0.0885286 1.26705
0.0113578 -0.0203856 -0.0484581 0.317082 -0.0660733 -3.13006
0.0215972 -0.0104524 -0.0487864 0.317082 -0.0660733 -3.13006
0.00120044 -0.00037582 -0.00055428 1.88733 0.0315502 1.5116
-0.000867195 0.000556124 -0.00447804 -1.50518 -0.921026 2.80372
0.00631761 0.00224861 -0.0030308 -1.73322 0.759545 -2.98557
0.00055384 0.000226069 -0.0067051 -0.0585767 -5.89013e-05 -0.00257268
1.50269e-07 0.000705403 4.29356e-06 -0.0585807 -7.10976e-05 -0.00257274
-0.000235621 0.000704118 -1.58711e-06 -0.79975 0.0668282 -1.24975
0.000234417 0.000702052 -2.74487e-05 -0.649919 0.0692312 1.2627
0 0 0 0.317082 -0.0660733 -3.13006
0 0 0 0.317082 -0.0660733 -3.13006
0 0 0 1.88733 0.0315502 1.5116
0 0 0 -1.50518 -0.921026 2.80372
0 0 0 -1.73322 0.759545 -2.98557
0 0 0 -0.0585767 -5.89013e-05 -0.00257268
0 0 0 -0.0585807 -7.10976e-05 -0.00257274
0 0 0 -0.79975 0.0668282 -1.24975
0 0 0 -0.649919 0.0692312 1.2627
0.0512577 -0.0730828 -0.102423 0.31621 -0.053652 -3.12848
-0.00820089 -0.0736819 -0.111658 0.31621 -0.053652 -3.12848
0.00116578 -0.000567058 0.000420024 1.88668 0.0291384 1.52388
0.00521725 -0.0110696 -0.0241778 -1.38204 -0.901225 2.60606
0.000728944 -0.00285688 0.00254155 -1.44767 0.941148 -2.6318
-0.000222054 -0.000347908 -0.00239761 -0.0680122 -4.6358e-05 -0.0016687
-2.57788e-08 -0.00117869 -4.76297e-07 -0.06801 -5.41902e-05 -0.00166826
0.00110099 -0.00117925 1.13617e-06 -0.625206 0.0560906 -1.25336
-0.00109876 -0.00117956 6.94908e-06 -0.656086 -0.0340373 1.30041
-0.125193 0.0169083 -0.0104205 0.320629 -0.0523088 -3.12861
0.0551111 -0.0392865 -0.047299 0.320629 -0.0523088 -3.12861
0.000125982 -6.95186e-05 0.00136246 1.89111 0.0287999 1.52524
2.2309e-05 -0.000191097 -0.00186325 -0.907613 -1.1903 2.16168
0.00104217 -0.00162498 -0.000237905 -1.12465 1.05867 -2.29458
-0.000266067 -0.000925657 -0.00162286 -0.0746887 -2.02861e-05 -0.000595464
1.42783e-07 -0.000398138 8.78281e-08 -0.0746935 -2.1814e-05 -0.00059535
0.000706843 -0.000399108 -1.09052e-06 -0.458646 0.0567597 -1.25362
-0.000708578 -0.000399714 2.07611e-06 -0.297109 -0.0418176 1.30312
0 0 0 0.320629 -0.0523088 -3.12861
0 0 0 0.320629 -0.0523088 -3.12861
0 0 0 1.89111 0.0287999 1.52524
0 0 0 -0.907613 -1.1903 2.16168
0 0 0 -1.12465 1.05867 -2.29458
0 0 0 -0.0746887 -2.02861e-05 -0.000595464
0 0 0 -0.0746935 -2.1814e-05 -0.00059535
0 0 0 -0.458646 0.0567597 -1.25362
0 0 0 -0.297109 -0.0418176 1.30312
-0.0230352 -0.0293925 -0.0355438 0.329069 -0.058721 -3.129
0.0400754 -0.0236984 0.00276256 0.329069 -0.058721 -3.129
-0.000934322 6.56704e-05 0.00113764 1.89944 0.0308864 1.51929
-0.000961875 -0.00181661 -0.00578311 -0.648118 -1.18149 1.89983
-0.000121103 0.000633399 0.00114595 -0.86229 1.06185 -2.02997
-0.000771672 -0.00112828 -0.00285046 -0.0863954 8.89149e-05 0.00252456
1.16802e-08 -0.000411577 4.90316e-07 -0.0864081 9.8408e-05 0.00252468
0.000840053 -0.000411706 -4.72252e-07 -0.379495 0.0523883 -1.25601
-0.000839257 -0.00041147 2.99615e-06 -0.231653 -0.0656082 1.30417
-0.0326483 0.0245783 0.0826301 0.341844 -0.0601651 -3.13156
0.0413762 -0.00509793 0.0970116 0.341844 -0.0601651 -3.13156
-0.00160058 0.000501673 0.00186277 1.91216 0.0296143 1.51747
-0.000701635 5.53428e-05 0.00297497 -0.405068 -1.17536 1.67095
-4.57686e-05 0.000567439 0.00227672 -0.659092 0.92243 -1.79218
-0.000907862 -0.000515685 -0.00367802 -0.100981 0.000308062 0.00617188
2.12052e-08 -0.00101166 -4.28707e-07 -0.101004 0.00031048 0.00616871
0.000547291 -0.00101162 4.2481e-07 -0.379186 0.0434166 -1.25632
-0.000547107 -0.00101031 -1.87177e-06 -0.152079 -0.0534592 1.30236
-0.0206628 -0.0162569 -0.079785 0.30304 -0.148871 -3.1307
-0.0179192 0.0115332 -0.02076 0.30304 -0.148871 -3.1307
0.00700951 0.000586009 -0.00326245 1.87085 0.0546832 1.43184
-0.00810464 0.0035105 -0.00297611 -0.304872 -1.21057 1.5489
-0.00259163 0.00175791 -0.0185699 -0.790036 0.942524 -1.89751
-0.0024526 0.00177772 0.0097345 -0.0616011 0.0003173 0.0160619
5.88769e-07 0.000874833 -2.30917e-07 -0.0615445 0.000445313 0.0160573
0.000705372 0.000876795 -6.0107e-06 -0.434004 0.120007 -1.26817
-0.000706374 0.000877282 5.40531e-05 -0.106279 -0.0662416 1.26955
0.00814618 0.0306665 0.0723569 0.323246 -0.124514 -3.13114
-0.0425656 -0.00931059 -0.108374 0.323246 -0.124514 -3.13114
-0.00271851 0.00062972 0.000556574 1.89186 0.0493811 1.45597
-0.00870091 0.00393565 0.0161526 -0.520274 -1.22592 1.72597
0.00273389 0.00339672 0.00424438 -0.959923 1.04952 -2.09945
-0.00113178 0.000599105 -0.00587054 -0.0849737 0.000903002 0.0205212
-3.40252e-07 8.99094e-05 2.07991e-07 -0.0849914 0.00088182 0.0205232
0.000338468 9.00246e-05 8.19567e-06 -0.422602 0.103805 -1.25449
-0.000340786 8.83115e-05 -6.12963e-05 -0.168877 0.00163672 1.23117
0.0438803 -0.00258753 0.0227893 0.334714 -0.108615 -3.1229
-0.0457401 0.0230917 0.0202221 0.334714 -0.108615 -3.1229
-0.00281421 0.000308873 -0.000152974 1.90396 0.0532802 1.47428
-0.00550759 0.00523642 0.0196729 -0.952459 -1.13662 2.1419
0.0060989 0.00817515 -0.00356447 -1.26315 0.972935 -2.34722
-0.00381023 0.00101042 -0.00277538 -0.094913 0.00171191 0.0353621
7.28184e-07 -0.00186024 -6.56198e-07 -0.0949299 0.00168932 0.0353759
0.00143988 -0.00185422 1.90426e-06 -0.571107 0.122603 -1.22179
-0.00144438 -0.00185484 2.19503e-06 -0.351449 0.0861543 1.20452
0.110702 0.0306165 -0.0220237 0.336841 -0.0913206 -3.12271
-0.0115751 0.00786414 0.0379925 0.336841 -0.0913206 -3.12271
-0.000513667 -0.000964861 0.000252687 1.90658 0.0479725 1.49081
0.0013976 0.000158229 0.00666252 -1.4976 -0.988856 2.76345
0.000912863 -0.00303778 0.00744394 -1.33021 0.920691 -2.42424
0.00119654 -0.000525027 -0.000398822 -0.0968477 0.0015441 0.0307024
-1.56561e-06 0.000374099 3.67926e-07 -0.0968537 0.00149896 0.0307035
-0.00142129 0.000366922 2.14544e-07 -0.63133 0.089185 -1.21744
0.00142914 0.000367183 -2.33703e-06 -0.584658 0.11432 1.20476
0.019735 0.00519288 0.051955 0.345576 -0.108461 -3.12252
-0.049926 0.0269709 0.0511741 0.345576 -0.108461 -3.12252
-0.00205346 -0.000880775 0.00178495 1.9148 0.0546322 1.47514
0.00724305 -0.00447831 -0.00703569 -1.53503 -0.854959 2.83363
-0.000778797 -0.00478029 0.00353996 -1.53061 0.779538 -2.66292
8.10961e-05 -0.00113011 -0.00181334 -0.103635 0.00154466 0.0302629
4.90676e-08 -0.00204959 -3.85633e-07 -0.103643 0.00156059 0.0302639
-0.000212374 -0.00204859 -5.26159e-06 -0.793227 0.0734627 -1.22366
0.000212602 -0.00204675 1.33555e-05 -0.718446 0.0843215 1.23672
-0.0593458 -0.00763622 -0.00675956 0.334998 -0.0941137 -3.12564
0.006565 0.0295359 0.12293 0.334998 -0.0941137 -3.12564
-0.00104126 -0.000406147 0.000105961 1.90462 0.0459751 1.48712
0.0133307 -0.00689622 -0.00680923 -1.35937 -1.05263 2.65448
-0.00221677 -0.00235594 0.00178507 -1.61647 0.483906 -2.77498
0.00314715 0.00111292 0.00589265 -0.0797782 0.00072186 0.0177089
1.96557e-08 -0.000858743 -1.23831e-06 -0.0797633 0.000710935 0.017704
-0.000823251 -0.000858046 6.27095e-06 -1.08914 0.0657549 -1.2313
0.000823662 -0.000855265 -4.51983e-07 -0.506192 0.0547388 1.29561
0 0 0 0.334998 -0.0941137 -3.12564
0 0 0 0.334998 -0.0941137 -3.12564
0 0 0 1.90462 0.0459751 1.48712
0 0 0 -1.35937 -1.05263 2.65448
0 0 0 -1.61647 0.483906 -2.77498
0 0 0 -0.0797782 0.00072186 0.0177089
0 0 0 -0.0797633 0.000710935 0.017704
0 0 0 -1.08914 0.0657549 -1.2313
0 0 0 -0.506192 0.0547388 1.29561
0.0142666 0.0180192 0.0227736 0.332275 -0.0904557 -3.12354
0.0123819 0.0362596 -0.013516 0.332275 -0.0904557 -3.12354
-0.000313473 -0.000362092 0.000694535 1.90204 0.0465389 1.49114
-0.00114776 0.00148974 0.00694723 -1.48985 -0.993948 2.81659
-0.000146953 -0.00187001 0.00113611 -1.6951 0.585775 -2.93625
-0.000262747 -0.000420488 0.00202446 -0.0718475 0.000680101 0.0187615
4.70029e-07 -0.000416168 1.19424e-06 -0.0718444 0.000675857 0.0187636
-0.000334203 -0.000417339 -3.11795e-06 -0.976144 0.0606277 -1.23258
0.000331299 -0.000422173 -3.74538e-06 -0.577109 0.084772 1.28721
0.018697 0.00136462 0.0390859 0.323789 -0.0722549 -3.13215
0.0149695 0.0151179 0.0102282 0.323789 -0.0722549 -3.13215
-0.00224756 -0.000558633 -0.000747184 1.89388 0.0319279 1.50529
0.00298336 -0.00222183 -0.00485895 -1.53206 -0.832326 2.87287
-0.00180232 -0.000263768 0.00441579 -1.71951 0.61271 -3.00282
0.00330003 0.00100401 0.00606894 -0.0479588 0.000172202 0.00576231
-9.40278e-07 0.000929508 -1.12362e-06 -0.0479555 0.000150313 0.00575434
-0.00155251 0.00092997 3.44082e-06 -0.94374 0.0420964 -1.2352
0.00155602 0.000935555 -2.03619e-06 -0.739651 0.0633135 1.29679
