-0.144157 -0.130761 -0.255286 0.231433 0.248991 -3.11829
0.160602 -0.140609 -0.263692 0.231433 0.248991 -3.11829
2.99657 0.398343 -0.33035 1.7951 -0.0338362 1.8186
-0.217758 -0.0617475 -0.0216061 -1.13344 -1.1632 2.38839
0.221462 -0.0727275 -0.0278211 -1.04868 1.20195 -2.30174
-0.00135288 0.393563 -0.00560566 -0.0273925 9.94821e-05 0.00660923
-2.56829e-10 0.188959 1.00165e-07 -0.0273991 9.28162e-05 0.00660479
0.153731 0.188959 5.47506e-07 -0.319582 0.102579 -1.31754
-0.153731 0.188962 -3.34684e-06 -0.36861 -0.0832915 1.32078
0 0 0 0.231433 0.248991 -3.11829
0 0 0 0.231433 0.248991 -3.11829
0 0 0 1.7951 -0.0338362 1.8186
0 0 0 -1.13344 -1.1632 2.38839
0 0 0 -1.04868 1.20195 -2.30174
0 0 0 -0.0273925 9.94821e-05 0.00660923
0 0 0 -0.0273991 9.28162e-05 0.00660479
0 0 0 -0.319582 0.102579 -1.31754
0 0 0 -0.36861 -0.0832915 1.32078
0.0106262 0.0138051 0.00999388 0.234044 0.243991 -3.12071
-0.0256738 -0.000570253 0.00499626 0.234044 0.243991 -3.12071
-0.0010486 0.00290963 -0.000241268 1.79794 -0.0357097 1.8131
-0.00455942 0.0108572 0.00839256 -1.26411 -1.12583 2.50195
0.00173357 0.00366036 -0.00813543 -1.2498 1.0978 -2.45663
-0.000191081 0.000906408 -0.000357374 -0.029009 0.000100903 0.00752998
1.41896e-06 4.44476e-06 5.3544e-08 -0.0290118 0.000106293 0.00752666
8.97888e-06 4.19112e-06 -1.95574e-06 -0.451404 0.133763 -1.30784
-2.81866e-05 6.90748e-06 6.69998e-06 -0.423498 -0.0529024 1.29238
0 0 0 0.234044 0.243991 -3.12071
0 0 0 0.234044 0.243991 -3.12071
0 0 0 1.79794 -0.0357097 1.8131
0 0 0 -1.26411 -1.12583 2.50195
0 0 0 -1.2498 1.0978 -2.45663
0 0 0 -0.029009 0.000100903 0.00752998
0 0 0 -0.0290118 0.000106293 0.00752666
0 0 0 -0.451404 0.133763 -1.30784
0 0 0 -0.423498 -0.0529024 1.29238
0.0264953 0.0236374 0.0283022 0.235297 0.230255 -3.14049
-0.0642979 -0.00181668 -0.0113619 0.235297 0.230255 -3.14049
-0.00100245 0.00538028 0.00223429 1.80009 -0.0521575 1.79517
-0.0256273 0.00280052 0.00522005 -1.64417 -0.95464 2.83107
-0.0320195 -0.00622092 -0.0230777 -1.37801 0.990754 -2.62987
0.000531072 0.000450212 -0.0009807 -0.0336916 9.58968e-05 0.00492606
-7.62312e-07 -6.75814e-06 -6.9762e-07 -0.0336919 8.64269e-05 0.00491655
-1.78675e-05 -9.18306e-06 3.84447e-06 -0.583501 0.217726 -1.43001
3.19892e-05 -1.1552e-05 -3.48244e-06 -0.614636 -0.0313005 1.19245
0.0364166 0.00832907 0.0126819 0.23918 0.22414 3.1384
-0.039427 0.0197875 0.0160152 0.23918 0.22414 3.1384
-0.00251539 0.00174071 -0.00158419 1.80425 -0.0557871 1.78802
-0.00225067 0.000562363 -0.022914 -1.7833 -0.756821 2.93622
-0.00402175 0.00257056 -0.0060509 -1.59332 0.856067 -2.82873
0.000118137 -2.30913e-05 -0.000436435 -0.0358134 6.79231e-05 0.00435127
-1.44893e-07 2.25748e-06 1.22693e-07 -0.0358177 7.50196e-05 0.00434529
1.4395e-05 6.03628e-06 -2.54709e-06 -0.740878 0.241898 -1.44378
-1.27719e-05 9.39112e-06 4.86723e-06 -0.79791 -0.120478 1.18352
0 0 0 0.23918 0.22414 3.1384
0 0 0 0.23918 0.22414 3.1384
0 0 0 1.80425 -0.0557871 1.78802
0 0 0 -1.7833 -0.756821 2.93622
0 0 0 -1.59332 0.856067 -2.82873
0 0 0 -0.0358134 6.79231e-05 0.00435127
0 0 0 -0.0358177 7.50196e-05 0.00434529
0 0 0 -0.740878 0.241898 -1.44378
0 0 0 -0.79791 -0.120478 1.18352
0.0376984 -0.00654582 0.0189421 0.253183 0.219767 3.13427
-0.0275037 0.0312826 0.0391609 0.253183 0.219767 3.13427
-0.00445361 -0.000462175 -0.000857344 1.81825 -0.0617333 1.78198
0.0130039 0.0197673 -0.0122444 -1.75963 -0.586499 2.83899
0.00253057 0.00765944 0.0118644 -1.72494 0.710403 -2.99819
0.000714348 -0.00168954 0.000517114 -0.0335866 1.76701e-05 0.000862324
-1.6284e-06 1.23704e-06 2.18825e-07 -0.0335968 1.52914e-05 0.000857965
1.7465e-05 -2.03075e-06 5.56311e-07 -0.871151 0.204538 -1.43026
-5.13863e-06 -7.99429e-06 -4.83839e-06 -0.98293 -0.183773 1.20326
-0.00122775 0.0066033 0.0104326 0.253263 0.220303 3.13702
-0.00342119 0.0137199 0.0166491 0.253263 0.220303 3.13702
0.00017188 -0.000614501 0.000707061 1.81826 -0.0592174 1.78317
-0.0087971 -0.00163501 0.00577999 -1.77935 -0.560844 2.88521
0.0140872 -0.00105558 0.00149009 -1.80815 0.623124 -3.08227
0.000529841 0.00136373 -0.000373043 -0.0351781 -2.88809e-05 -0.00169912
1.10227e-06 4.95352e-06 3.31901e-08 -0.0351782 -2.95379e-05 -0.00169577
1.08826e-06 6.19059e-06 -5.14508e-07 -0.935353 0.196438 -1.37712
-9.7787e-06 2.66281e-06 1.90069e-07 -0.99488 -0.156365 1.17112
0 0 0 0.253263 0.220303 3.13702
0 0 0 0.253263 0.220303 3.13702
0 0 0 1.81826 -0.0592174 1.78317
0 0 0 -1.77935 -0.560844 2.88521
0 0 0 -1.80815 0.623124 -3.08227
0 0 0 -0.0351781 -2.88809e-05 -0.00169912
0 0 0 -0.0351782 -2.95379e-05 -0.00169577
0 0 0 -0.935353 0.196438 -1.37712
0 0 0 -0.99488 -0.156365 1.17112
-0.0144622 0.0112082 0.011141 0.250844 0.222928 3.13842
-0.0013062 -0.00454251 -0.00753253 0.250844 0.222928 3.13842
-0.000487065 0.000422423 -0.000860136 1.81829 -0.0585773 1.78403
-0.0148007 0.000914259 0.0160417 -1.78212 -0.581034 2.93161
0.00423548 0.00601608 0.00774076 -1.74076 0.639936 -2.98231
-0.00011296 -0.000113408 -8.31219e-05 -0.0355998 -2.42325e-05 -0.00114596
2.17857e-07 3.11603e-06 9.72862e-09 -0.0356033 -2.14102e-05 -0.00114757
2.73706e-06 4.03515e-06 7.87489e-08 -0.93109 0.170867 -1.3563
-4.26117e-06 7.90056e-06 1.4625e-06 -0.924246 -0.0764673 1.10303
-0.0200644 0.000844766 -0.0253582 0.238228 0.214977 -3.13596
0.0267038 -0.0264192 -0.0112214 0.238228 0.214977 -3.13596
0.00536475 -0.00124375 0.000690166 1.80368 -0.0448831 1.78118
0.0119383 -0.00303595 0.00577649 -1.74277 -0.754054 2.91588
-0.00308464 0.00141654 -0.00159736 -1.65554 0.744008 -2.867
-0.00108909 -0.00082675 0.000970273 -0.0310232 5.40282e-05 0.00416415
-1.77364e-07 -3.30787e-05 1.09598e-06 -0.0310039 6.18117e-05 0.00418063
-1.38708e-05 -3.43878e-05 -2.99509e-06 -0.840396 0.178357 -1.36699
1.48517e-05 -4.45978e-05 -3.8364e-06 -0.803275 -0.0646675 1.1635
-6.29302e-05 -4.02026e-05 -5.66552e-05 0.238232 0.214981 -3.13597
0.0319772 -0.0161554 -0.0187612 0.239379 0.216185 -3.13811
0.00013916 0.000181885 0.000220672 1.80477 -0.0474947 1.78181
0.0096745 0.00014781 0.00849434 -1.53108 -0.927057 2.69972
-0.00482658 -0.00571489 0.00105248 -1.50603 0.889904 -2.73734
-0.000390843 9.08034e-06 0.00108651 -0.025705 7.95297e-05 0.00607092
-1.04378e-07 1.68974e-05 -9.40335e-07 -0.025706 7.83943e-05 0.00606867
7.86432e-06 1.72115e-05 2.77381e-06 -0.691183 0.171219 -1.38988
-6.70557e-06 2.69015e-05 1.14401e-06 -0.643417 -0.0298401 1.20092
-0.0637033 -0.0345435 -0.0252509 0.241245 0.216133 -3.13807
0.0303237 -0.0119169 -0.0205877 0.241245 0.216133 -3.13807
-0.00109351 0.000700863 8.62772e-05 1.8066 -0.0478357 1.78168
0.00241337 -0.00636964 0.00355592 -1.37228 -1.03426 2.55229
-0.00552754 -0.00620607 0.000304643 -1.30399 1.03583 -2.5828
0.000758096 -0.00082515 0.000175704 -0.0249437 2.9672e-05 0.00238661
4.66201e-07 9.11328e-06 -2.09652e-07 -0.0249457 2.97274e-05 0.00238621
3.27555e-06 9.90534e-06 6.88019e-07 -0.522011 0.16677 -1.41484
-6.74316e-06 9.60775e-06 2.50256e-06 -0.524911 -0.0145107 1.21982
-0.0201373 -0.0120658 -0.0081006 0.235006 0.216623 -3.13641
0.0362525 -0.00355519 -0.00601959 0.235006 0.216623 -3.13641
0.00149 -0.000853876 0.00136511 1.80045 -0.0450231 1.78283
0.00470059 -0.00703422 0.00336422 -1.17901 -1.11473 2.38678
0.00757269 -0.0106617 0.0108371 -1.17374 1.16622 -2.48904
-7.0829e-05 0.000964577 -0.000511933 -0.0273264 3.83722e-05 0.00270746
-1.19746e-06 3.23867e-06 -5.23428e-08 -0.0273192 3.78037e-05 0.00271101
2.36799e-06 -4.28934e-09 -2.39412e-07 -0.374306 0.121028 -1.39362
1.50874e-06 -4.36129e-06 -9.58211e-07 -0.419173 -0.00055635 1.24753
0 0 0 0.235006 0.216623 -3.13641
0 0 0 0.235006 0.216623 -3.13641
0 0 0 1.80045 -0.0450231 1.78283
0 0 0 -1.17901 -1.11473 2.38678
0 0 0 -1.17374 1.16622 -2.48904
0 0 0 -0.0273264 3.83722e-05 0.00270746
0 0 0 -0.0273192 3.78037e-05 0.00271101
0 0 0 -0.374306 0.121028 -1.39362
0 0 0 -0.419173 -0.00055635 1.24753
0.00168152 -0.0163094 -0.0209915 0.233104 0.238456 -3.11564
0.0581768 0.0114237 0.00270146 0.233859 0.240119 -3.09952
0.00128689 -0.0135999 -0.00624997 1.79785 -0.014152 1.8141
0.00459153 -0.0071745 -0.00763641 -1.08515 -1.11337 2.29954
0.029687 0.0125961 0.0113746 -1.02352 1.25259 -2.25403
-0.000821611 -0.00140616 0.00187295 -0.0183116 6.50281e-05 0.00676388
3.9464e-07 -4.20712e-05 4.22441e-07 -0.0183124 6.29534e-05 0.00678354
-5.23135e-05 -3.17274e-05 -3.74243e-08 -0.271367 0.0816132 -1.27633
5.4134e-05 -3.52569e-05 -1.47439e-06 -0.401461 -0.0308393 1.27359
0.00426862 0.000501548 0.00304898 0.234866 0.249684 -3.09692
0.0065022 0.00228838 0.000114795 0.234866 0.249684 -3.09692
0.000412117 -0.000672118 0.00140863 1.79828 -0.014019 1.82399
0.000697809 0.002048 -0.00217985 -1.11497 -1.10068 2.32426
0.00224272 -0.000651846 0.000206207 -1.00664 1.27163 -2.23436
-0.000235061 -0.000189783 -0.000107579 -0.0188594 8.54956e-05 0.00793212
2.94522e-07 2.46305e-05 -6.22794e-08 -0.0188599 7.71146e-05 0.00793418
1.94452e-05 1.68034e-05 2.56268e-07 -0.252521 0.0804876 -1.26918
-2.16001e-05 1.88364e-05 -3.49271e-06 -0.419238 -0.0398212 1.27398
0 0 0 0.234866 0.249684 -3.09692
0 0 0 0.234866 0.249684 -3.09692
0 0 0 1.79828 -0.014019 1.82399
0 0 0 -1.11497 -1.10068 2.32426
0 0 0 -1.00664 1.27163 -2.23436
0 0 0 -0.0188594 8.54956e-05 0.00793212
0 0 0 -0.0188599 7.71146e-05 0.00793418
0 0 0 -0.252521 0.0804876 -1.26918
0 0 0 -0.419238 -0.0398212 1.27398
0.00726033 0.00547653 0.00377968 0.238562 0.246048 -3.10414
-0.0107358 -0.00841115 0.000388063 0.238562 0.246048 -3.10414
-0.000359378 0.00333661 0.0025741 1.8021 -0.0211324 1.81875
-0.00410438 0.00272554 -0.00156161 -1.21966 -1.06976 2.40683
-0.00286747 -0.000475014 0.000250604 -1.02058 1.22934 -2.24989
0.00119757 0.000936371 -0.000768177 -0.0225385 1.7163e-05 0.00203747
3.00472e-07 1.54821e-05 1.34006e-07 -0.0225389 2.13227e-05 0.00203525
2.28971e-05 1.5246e-05 -1.76884e-06 -0.290418 0.0796533 -1.27994
-2.57264e-05 2.14849e-05 4.83419e-06 -0.468468 -0.0463306 1.25509
