-0.0302331 -0.022116 -0.30713 0.229478 0.0229727 3.10514
0.0872138 -0.0977413 -0.37397 0.229478 0.0229727 3.10514
1.69869 0.00797884 0.151396 1.80041 -0.040726 1.58487
-0.20367 -0.0710267 -0.105145 -2.11604 -0.842392 -2.86669
0.181688 -0.0730371 -0.132365 -1.57659 1.18683 -2.88574
-0.00075164 0.428395 -0.00758214 -0.035158 7.14498e-05 0.00348025
-2.78915e-07 0.212882 -7.44851e-07 -0.035147 6.45151e-05 0.00348026
0.160353 0.212882 2.09236e-06 -0.425184 0.432533 -1.49627
-0.160349 0.212882 -5.31196e-07 -0.651088 -0.350963 1.41939
0 0 0 0.229478 0.0229727 3.10514
0 0 0 0.229478 0.0229727 3.10514
0 0 0 1.80041 -0.040726 1.58487
0 0 0 -2.11604 -0.842392 -2.86669
0 0 0 -1.57659 1.18683 -2.88574
0 0 0 -0.035158 7.14498e-05 0.00348025
0 0 0 -0.035147 6.45151e-05 0.00348026
0 0 0 -0.425184 0.432533 -1.49627
0 0 0 -0.651088 -0.350963 1.41939
0 0 0 0.229478 0.0229727 3.10514
0 0 0 0.229478 0.0229727 3.10514
0 0 0 1.80041 -0.040726 1.58487
0 0 0 -2.11604 -0.842392 -2.86669
0 0 0 -1.57659 1.18683 -2.88574
0 0 0 -0.035158 7.14498e-05 0.00348025
0 0 0 -0.035147 6.45151e-05 0.00348026
0 0 0 -0.425184 0.432533 -1.49627
0 0 0 -0.651088 -0.350963 1.41939
-0.117692 0.00719291 -0.0504837 0.222924 0.0211328 3.10488
0.131243 0.000605921 -0.0154648 0.222924 0.0211328 3.10488
0.00159817 -0.000812137 0.00546499 1.79386 -0.0404731 1.58329
-0.0236736 0.00164397 -0.00638397 -2.46124 -1.19789 -2.54035
0.0589702 0.00389659 0.00688524 -1.00022 1.43631 -2.24078
-8.54901e-05 -0.00052995 -0.00114793 -0.0405836 0.000100932 0.00388547
8.88947e-08 6.89687e-06 4.1631e-07 -0.0405825 8.50053e-05 0.00388555
-2.33017e-05 4.50444e-06 4.64643e-07 -0.123001 0.404331 -1.29328
2.30818e-05 2.58337e-06 -4.44711e-06 -0.247942 -0.367008 1.33765
-0.0499485 -0.00217761 -0.0071463 0.224123 0.0243695 3.11221
0.0493582 0.00438555 0.00205763 0.224123 0.0243695 3.11221
0.000438001 -0.00126335 0.00232756 1.79499 -0.0340632 1.58803
-0.0169006 0.000836201 0.00422092 -2.72383 -1.30803 -2.30424
0.0258273 -0.00171744 0.00536694 -0.307613 1.48892 -1.50964
0.000334168 -0.000297472 0.000260559 -0.0394304 5.0425e-05 0.0023443
4.34448e-07 -2.7261e-06 1.45127e-07 -0.0394317 4.73339e-05 0.00235137
8.95185e-06 -2.61445e-06 -2.48129e-06 -0.0266175 0.377468 -1.2128
-1.29588e-05 -5.9435e-06 3.62551e-06 -0.112403 -0.350333 1.28103
-0.0304092 3.76144e-05 -8.59254e-05 0.224628 0.0285034 3.11609
0.0364482 0.00534957 0.0028047 0.224628 0.0285034 3.11609
0.000426398 -0.000881743 0.000986891 1.79545 -0.0312087 1.59291
-0.00751062 0.00247962 0.00591505 -3.01781 -1.36742 -2.01734
0.013931 -0.00238899 0.00409824 0.664405 1.46787 -0.535385
-0.000981141 -0.000331563 -0.000555986 -0.0420816 0.000152053 0.00691826
-1.23789e-07 2.00597e-06 7.33167e-08 -0.0420824 0.000147108 0.0069229
7.94518e-06 3.45753e-06 -2.29457e-07 0.0677825 0.357765 -1.17345
-6.86341e-06 5.31299e-06 -7.2438e-07 -0.0263603 -0.332567 1.25412
-0.00724764 0.00370464 0.000341489 0.223789 0.0341152 3.11715
0.012385 0.00634368 0.000419317 0.223789 0.0341152 3.11715
-0.00026721 -0.00113749 -0.000656951 1.79457 -0.0314007 1.59864
-0.0013243 -0.000669497 -0.00109398 3.13906 -1.35955 -1.88835
0.00859201 0.00424939 0.00174481 0.762791 1.45951 -0.411314
-3.35367e-05 -0.000803431 0.000234993 -0.0411371 0.000153055 0.00709636
-3.05304e-07 1.73596e-06 -2.27044e-07 -0.0411365 0.000148004 0.00709733
4.48244e-06 3.25326e-06 1.0093e-06 0.0818763 0.353308 -1.14261
-1.72419e-06 6.73587e-06 7.14419e-07 0.000586763 -0.334781 1.25058
0.0154552 0.00531065 -0.00380538 0.222429 0.0388878 3.11764
-0.00390968 0.0037417 -0.0044316 0.222429 0.0388878 3.11764
0.000340825 -0.000807745 0.000576171 1.79317 -0.031938 1.60345
0.00928234 -0.00479448 -0.00435948 -3.07333 -1.31718 -1.92843
-0.00357362 0.000835818 -0.00418402 0.862527 1.46461 -0.323436
0.000367849 0.000864931 -0.00080626 -0.0447265 0.000133141 0.00534899
-7.00997e-07 2.47238e-06 -3.3417e-08 -0.0447249 0.000126872 0.00534969
2.12157e-06 -3.41447e-08 -5.20343e-07 0.0863681 0.367565 -1.15207
-3.1325e-06 -1.18036e-06 4.80797e-09 -0.0181968 -0.345969 1.28542
2.49482e-05 1.22981e-05 -8.50248e-07 0.222425 0.0388677 3.11764
-0.0288324 0.00378857 -0.0123927 0.220488 0.0293338 3.11728
3.57752e-05 -0.00106799 0.00126019 1.79129 -0.0301427 1.59411
0.00952107 -0.00334958 -0.00210966 -2.86864 -1.25838 -2.1131
-0.0124016 0.00317027 -0.0106273 0.531451 1.52002 -0.66574
-0.000413906 0.000479872 0.000413947 -0.0426991 0.000139194 0.00726347
5.91456e-07 -1.95083e-07 -1.32723e-07 -0.0426962 0.000151461 0.00726308
-2.84379e-06 3.04824e-07 -8.75681e-07 0.0279339 0.406542 -1.1856
3.83203e-06 -1.06074e-06 6.2525e-06 -0.0883907 -0.351508 1.31934
0.074721 0.0116297 0.00216463 0.221573 0.0190454 3.11652
-0.040394 2.13554e-05 -0.00786269 0.221573 0.0190454 3.11652
-0.000430788 0.000197032 -0.000196379 1.79242 -0.0286495 1.58387
0.0194855 -0.00293073 -0.00897963 -2.66052 -1.16371 -2.27729
-0.0237026 0.0029371 -0.00928609 -0.800783 1.52333 -2.04169
0.000120473 -0.000780059 0.00114383 -0.0375222 7.92646e-05 0.00673938
4.41534e-07 -1.69457e-07 1.62468e-07 -0.0375251 0.000119272 0.00673633
-3.81861e-06 1.15826e-06 -1.12842e-06 -0.0377961 0.446552 -1.25781
8.84746e-07 4.07962e-06 -1.54891e-06 -0.198585 -0.379462 1.38568
0.0612456 0.00913498 0.00804798 0.223454 0.0291387 3.11543
-0.0518661 0.00127158 0.00504257 0.223454 0.0291387 3.11543
-0.00113942 -4.66401e-05 -0.00354989 1.79427 -0.0319688 1.59342
0.0207724 0.00398572 -0.00858817 -2.43568 -1.02724 -2.47473
-0.0263303 -0.00134551 0.00434423 -1.57648 1.45052 -2.86713
-7.13359e-05 0.000587393 2.2371e-05 -0.0373192 0.000143111 0.00704817
-1.09521e-07 -9.32147e-07 1.17843e-07 -0.0373212 0.000134196 0.00704716
-1.25454e-06 6.03368e-07 1.72597e-06 -0.133488 0.441865 -1.34813
3.24211e-06 1.71006e-05 -1.16104e-05 -0.375116 -0.413043 1.45391
0 0 0 0.223454 0.0291387 3.11543
0 0 0 0.223454 0.0291387 3.11543
0 0 0 1.79427 -0.0319688 1.59342
0 0 0 -2.43568 -1.02724 -2.47473
0 0 0 -1.57648 1.45052 -2.86713
0 0 0 -0.0373192 0.000143111 0.00704817
0 0 0 -0.0373212 0.000134196 0.00704716
0 0 0 -0.133488 0.441865 -1.34813
0 0 0 -0.375116 -0.413043 1.45391
0.0643193 -0.0359327 0.0769836 0.238632 0.039957 3.10937
-0.126204 -0.00226289 0.0234445 0.238632 0.039957 3.10937
-0.00325466 0.000628824 -0.00530812 1.80944 -0.0407505 1.60201
-0.011673 0.00166084 0.0352257 -2.078 -0.778953 -2.88415
-0.0469236 -0.0132141 -0.00297175 -1.82806 1.14396 3.12246
-9.71357e-05 0.000290493 0.00319638 -0.0224097 9.34209e-05 0.00749079
-8.73278e-08 -9.90881e-06 -2.16552e-07 -0.0224127 8.58753e-05 0.00748599
4.4426e-06 -1.11853e-05 2.76713e-08 -0.459004 0.441432 -1.51662
-4.33776e-06 -2.36073e-05 6.96674e-06 -0.710849 -0.306335 1.41304
0.027342 0.0140386 0.0152737 0.240787 0.0387801 3.10531
-0.0536898 -0.00314287 0.0176685 0.240787 0.0387801 3.10531
-0.000383416 -0.000267042 0.00168099 1.81165 -0.0444854 1.59981
0.0105149 0.0205637 0.0114103 -2.01048 -0.731495 -2.93525
-0.0181049 0.00653004 -0.008947 -1.80584 0.976626 -3.08998
-0.000108507 0.000110652 -0.000279864 -0.0237011 9.29161e-05 0.00798962
-1.18652e-07 4.99427e-06 9.0078e-08 -0.0237034 9.42693e-05 0.00798519
5.10487e-06 8.49095e-08 -2.4147e-07 -0.659381 0.476182 -1.57923
-2.49023e-06 -3.20522e-06 2.57282e-06 -0.779559 -0.290966 1.4399
0 0 0 0.240787 0.0387801 3.10531
0 0 0 0.240787 0.0387801 3.10531
0 0 0 1.81165 -0.0444854 1.59981
0 0 0 -2.01048 -0.731495 -2.93525
0 0 0 -1.80584 0.976626 -3.08998
0 0 0 -0.0237011 9.29161e-05 0.00798962
0 0 0 -0.0237034 9.42693e-05 0.00798519
0 0 0 -0.659381 0.476182 -1.57923
0 0 0 -0.779559 -0.290966 1.4399
-0.00404793 -0.0717617 -0.0120975 0.243405 0.0285091 3.10127
-0.0912635 -0.00321189 0.040793 0.245505 0.0141008 3.0976
-0.000624872 0.00261296 0.00416866 1.81655 -0.0461026 1.57378
0.0104056 -0.00944965 -0.0156258 -1.72546 -0.765349 2.91348
-0.0217347 0.0232839 -0.0184343 -1.93296 0.624586 -2.98513
0.000108498 -0.000914329 0.000914491 -0.0195335 4.17192e-05 0.00752747
4.72112e-07 2.58402e-06 -1.5038e-07 -0.0195356 6.37448e-05 0.00752183
-2.0586e-05 3.96484e-06 -2.02782e-06 -1.11231 0.5624 -1.66333
1.533e-05 9.16987e-07 8.22128e-06 -0.854611 -0.334327 1.48186
0.00370511 -0.0181052 -0.00215234 0.248078 0.00654324 3.09488
-0.01502 0.00341449 0.0014144 0.248078 0.00654324 3.09488
0.000149901 0.00212424 0.00179376 1.81915 -0.0468926 1.56566
-0.00107383 0.0101419 0.010101 -1.69884 -0.774448 2.89736
-0.0120087 -0.00095569 -0.00662945 -1.9531 0.595154 -3.00676
0.000532699 0.000282853 -0.00035907 -0.0211867 3.89021e-05 0.00504652
7.90644e-07 1.12662e-06 3.03068e-07 -0.0211897 4.92207e-05 0.00504282
4.67259e-06 -6.51571e-08 -3.08222e-07 -1.15868 0.5763 -1.70848
-1.15023e-05 7.17732e-07 -6.54405e-06 -0.840332 -0.311771 1.47444
0 0 0 0.248078 0.00654324 3.09488
0 0 0 0.248078 0.00654324 3.09488
0 0 0 1.81915 -0.0468926 1.56566
0 0 0 -1.69884 -0.774448 2.89736
0 0 0 -1.9531 0.595154 -3.00676
0 0 0 -0.0211867 3.89021e-05 0.00504652
0 0 0 -0.0211897 4.92207e-05 0.00504282
0 0 0 -1.15868 0.5763 -1.70848
0 0 0 -0.840332 -0.311771 1.47444
0.00475246 0.0677092 0.0172231 0.243041 0.030128 3.08852
0.0342791 0.0104965 -0.0207931 0.243041 0.030128 3.08852
-0.000453882 0.00486697 -0.00189462 1.81416 -0.0587611 1.58726
-0.0193468 -0.0116085 -0.0158216 -2.02832 -0.634924 -2.99887
0.00789111 -0.019937 0.010795 -1.90709 0.755161 3.13766
0.000201179 -0.000785531 0.00103482 -0.0164192 8.74909e-05 0.00412325
7.001e-08 -5.25757e-07 -3.00329e-07 -0.0164094 5.01989e-05 0.00412139
-2.65926e-05 -5.04009e-06 9.08215e-06 -0.911661 0.51665 -1.67089
2.71877e-05 -9.39202e-06 -1.52858e-05 -0.87627 -0.348005 1.40927
-0.021359 0.0152121 -0.00616648 0.240998 0.0361999 3.08875
0.0477984 -0.00286677 -0.0200528 0.240998 0.0361999 3.08875
0.00177113 -0.000688039 0.00151922 1.81208 -0.0599517 1.59333
-0.0148459 -0.00533026 0.000429521 -2.11463 -0.659671 -2.90072
0.0163439 -0.0123066 0.00933085 -1.89064 0.917083 3.07831
-0.000694885 0.000107622 -0.000693476 -0.0196628 8.1413e-05 0.00735302
-1.14695e-06 1.06314e-06 5.88358e-07 -0.019661 7.46733e-05 0.00735334
2.20025e-05 8.46364e-06 -6.89761e-06 -0.706184 0.475258 -1.61118
-1.25489e-05 6.63427e-06 4.85703e-06 -0.798988 -0.33774 1.36121
