-0.144967 -0.0284154 -0.365146 0.234563 0.0696 3.10489
0.231509 -0.121833 -0.377337 0.234564 0.0696013 3.1049
1.70486 0.0122483 0.165041 1.80474 -0.0549895 1.62825
-0.223683 -0.0776615 -0.111332 -2.45266 -1.20865 -2.52834
0.241211 -0.0775946 -0.118256 -0.391351 1.41782 -1.66369
-0.00196617 0.426732 -0.0104924 -0.0490263 0.000222927 0.00917799
-3.60708e-07 0.21289 3.59884e-08 -0.0490256 0.000224204 0.00917337
0.160348 0.21289 -6.81788e-07 -0.0624265 0.373786 -1.29929
-0.160345 0.212891 -6.58171e-07 -0.242867 -0.358224 1.35616
-0.000644876 0.00569591 0.00182276 0.234137 0.0686279 3.10142
0.00586896 0.00311907 -0.0087499 0.234137 0.0686279 3.10142
0 0 0 1.80474 -0.0549895 1.62825
0 0 0 -2.45266 -1.20865 -2.52834
0 0 0 -0.391351 1.41782 -1.66369
0 0 0 -0.0490263 0.000222927 0.00917799
0 0 0 -0.0490256 0.000224204 0.00917337
0 0 0 -0.0624265 0.373786 -1.29929
0 0 0 -0.242867 -0.358224 1.35616
0.0125265 0.00555122 0.00248571 0.233744 0.0606442 3.1008
-0.00885529 0.00412134 -0.00745867 0.233744 0.0606442 3.1008
0.000185301 0.00129841 0.000712249 1.80445 -0.0537282 1.62035
0.00286655 -0.00209298 0.000439695 -2.4497 -1.16369 -2.52196
-0.00781926 0.00203744 -0.00607201 -0.399468 1.42571 -1.69494
-5.76588e-05 -0.00026797 0.000685804 -0.0458803 0.000201999 0.00947924
1.36516e-06 1.66041e-06 -2.70562e-07 -0.0458793 0.000212124 0.00947848
-1.39833e-06 3.41684e-07 -1.43588e-06 -0.0609737 0.395787 -1.32278
-5.97444e-06 -1.69701e-06 4.33024e-06 -0.272842 -0.355357 1.36705
0.0297243 0.00864872 0.00910399 0.238025 0.0447389 3.10203
-0.0270743 0.00691965 -0.0040722 0.238025 0.0447389 3.10203
-0.00208338 -0.00189434 -0.00325657 1.80887 -0.0489898 1.60495
0.0106296 0.00260167 -0.000365242 -2.38001 -1.08495 -2.57057
-0.0131845 0.00695981 -0.00347638 -0.709807 1.4115 -2.01858
8.50619e-05 1.43507e-06 0.000400827 -0.0440007 0.000167629 0.00905512
-1.60131e-06 -2.59079e-06 -2.30024e-07 -0.0440061 0.000192323 0.00905668
-1.34909e-05 2.019e-06 1.05667e-06 -0.113406 0.417948 -1.36129
2.42135e-05 1.07833e-05 5.06865e-06 -0.351734 -0.361466 1.40058
0.0493052 0.0095489 0.0122472 0.230868 0.0567171 3.10251
-0.0361565 0.014115 0.00839928 0.230868 0.0567171 3.10251
-0.000689951 -0.000680649 -0.0034126 1.8016 -0.0510162 1.61708
0.0151504 0.00505723 -0.0078147 -2.27431 -0.946378 -2.66314
-0.0169231 -0.00468877 0.00640649 -1.29805 1.41134 -2.65159
0.000745042 0.00130287 -0.00151538 -0.0507615 0.000168037 0.00554156
2.73745e-07 -4.68728e-06 -8.86069e-07 -0.0507521 0.000150507 0.00554276
1.83884e-06 -1.33867e-06 3.95773e-06 -0.166611 0.397213 -1.42185
-5.71979e-06 -7.33871e-06 -9.89213e-06 -0.503761 -0.393171 1.44965
0.0208322 -0.0112372 0.0435715 0.239009 0.0595037 3.10574
-0.0544213 0.00801673 0.0155044 0.239009 0.0595037 3.10574
-0.0012588 -0.00108842 -0.00362294 1.80967 -0.048911 1.62013
-0.00969389 -0.00623473 0.0238324 -2.17069 -0.827179 -2.76357
-0.0136541 -0.00592036 0.00465301 -1.70574 1.2724 -3.06141
0.000122508 0.000847907 0.000483143 -0.0483532 0.000124639 0.00495554
2.43355e-07 -3.05609e-06 1.62912e-06 -0.0483651 0.000121103 0.00495954
1.0941e-05 -4.25363e-06 -4.11611e-06 -0.319279 0.378465 -1.47102
-9.54221e-06 3.96386e-06 -6.22481e-06 -0.627701 -0.312599 1.41954
0.013733 -0.0266148 0.0281265 0.242748 0.049223 3.10726
-0.0645814 0.00623997 0.0208555 0.242748 0.049223 3.10726
-0.00108606 -0.000236217 -0.000501446 1.8135 -0.0451553 1.61033
-0.00854452 0.000980893 0.0149509 -2.02896 -0.758181 -2.9355
-0.0175866 -0.00629161 -0.00146602 -1.83083 1.07822 3.09234
-0.00060309 0.00047842 -9.87742e-05 -0.0486893 0.000163946 0.00773799
3.0963e-07 4.40995e-06 -7.41679e-07 -0.0486939 0.000178455 0.00773981
-2.34457e-06 1.24021e-06 -1.20407e-06 -0.513896 0.376931 -1.53163
-1.12415e-06 -9.06041e-06 1.24066e-05 -0.740873 -0.265704 1.3904
0.0077944 -0.031858 0.0146994 0.245678 0.037909 3.10832
-0.0337023 -0.00556709 0.0440509 0.245678 0.037909 3.10832
-0.000550164 1.53483e-05 0.00190615 1.81651 -0.0414913 1.59948
-0.00326656 0.00543027 0.00692362 -1.8943 -0.720082 -3.12584
0.00787072 -0.00583643 0.0194429 -1.84727 0.897638 3.10297
-4.40525e-05 -0.0007789 -0.000134813 -0.0494887 0.000167852 0.00797339
1.24088e-07 4.19481e-06 -5.28402e-08 -0.0494935 0.000190313 0.00797522
-3.23916e-06 -1.42964e-06 -1.14103e-07 -0.68225 0.313265 -1.50653
1.92164e-06 -5.42423e-06 2.74819e-06 -0.826024 -0.247564 1.37596
0.00276043 -0.017291 -0.0143521 0.246779 0.0319055 3.10878
-0.0160574 0.00774171 0.0277737 0.246779 0.0319055 3.10878
0.000133559 -0.000783149 0.00299113 1.81765 -0.0396085 1.59372
0.00967254 -0.00192556 -0.00380418 -1.82693 -0.764739 3.08038
0.00703937 0.00640903 0.0122038 -1.86022 0.795416 3.10062
-0.000324246 -0.00134247 -8.87798e-05 -0.0502132 0.000224559 0.00952478
-6.1317e-07 2.93346e-06 -1.26706e-08 -0.0502146 0.000234968 0.00952551
7.7196e-06 -6.75429e-07 1.26436e-06 -0.773247 0.28178 -1.48168
-2.67754e-06 -4.5878e-06 -1.90881e-06 -0.807026 -0.259698 1.40995
-0.0177406 -0.000486116 -0.0286599 0.252646 0.0230331 3.1069
-0.00799807 0.0314006 0.0272206 0.252646 0.0230331 3.1069
-0.00254909 0.00224249 -0.00336344 1.82358 -0.0393489 1.58443
0.0120076 0.00174521 -0.00293149 -1.76794 -0.907512 3.05643
0.00354181 0.0281531 0.0240399 -1.84834 0.757482 3.08689
4.24282e-05 -0.000703955 0.00152324 -0.0432536 0.000188247 0.00937937
1.21387e-06 -6.50196e-06 7.82961e-08 -0.0432599 0.000198672 0.00937703
-4.72882e-06 7.43388e-06 -4.33756e-07 -0.799599 0.226424 -1.45943
-5.68457e-06 2.19897e-05 -1.13429e-06 -0.677431 -0.272119 1.45032
-0.0395795 -0.00480875 0.00981428 0.250596 0.0176147 3.10461
-0.042403 -0.024875 0.00690642 0.250596 0.0176147 3.10461
0.00154555 -0.000230356 0.00354182 1.82156 -0.0401969 1.57869
0.00705461 0.010106 0.0214664 -1.55327 -1.06863 2.90524
-0.0219228 -0.0194998 -0.023605 -1.83758 0.625662 3.11613
0.00068329 0.000150441 -0.000721708 -0.046604 0.00013664 0.00615891
-1.00535e-06 4.77388e-06 2.38451e-07 -0.0466019 0.000141584 0.00615682
6.8027e-06 -7.66834e-06 4.24517e-07 -0.954203 0.289397 -1.54238
1.90588e-06 -1.70171e-05 -3.57387e-06 -0.514289 -0.209124 1.47123
-0.00578413 -0.0113329 -0.0151044 0.261311 0.0144123 3.09537
-0.00826664 -0.00440679 0.00427649 0.261311 0.0144123 3.09537
-0.00104724 0.00204358 0.00137955 1.8324 -0.0483781 1.57277
-0.00657072 0.00341284 -0.00745328 -1.49432 -1.06601 2.79618
-0.00264653 -0.000631113 -0.000426951 -1.82715 0.60012 3.13328
0.00100997 0.000434646 0.000622664 -0.0436051 2.66542e-05 0.00143556
2.80493e-07 -2.02286e-05 2.02516e-07 -0.0436142 2.97842e-05 0.00142751
-4.62924e-06 -1.73636e-05 -5.65784e-07 -0.984764 0.290213 -1.55154
2.57636e-06 -1.12383e-05 -2.19212e-06 -0.519082 -0.237041 1.44607
-0.000954813 -0.00186355 -0.00721917 0.257 0.00821367 3.09145
0.00815178 0.00224721 -0.00662714 0.257 0.00821367 3.09145
0.000776485 0.0013624 0.000260526 1.82813 -0.0505861 1.56599
-0.0061847 0.0029657 -0.00555642 -1.51479 -1.04787 2.77589
0.00410806 -0.000437939 0.000507376 -1.83598 0.62954 3.12115
0.000293696 3.72643e-06 -0.000962 -0.0480857 -5.732e-06 6.7127e-05
1.52549e-07 7.43345e-06 -3.41684e-07 -0.0480815 -3.83195e-07 6.36651e-05
1.98453e-06 9.09207e-06 8.43802e-07 -0.950253 0.288081 -1.53742
-3.30684e-06 7.00727e-06 3.31321e-06 -0.541844 -0.25803 1.42212
0.00396089 -0.00489761 -0.00731026 0.258649 0.0108395 3.09126
0.0203524 -0.00409558 -0.00935316 0.258649 0.0108395 3.09126
0.00246082 0.00132131 0.00329128 1.82978 -0.0514305 1.56839
0.00339708 -0.0080298 -0.00654586 -1.52784 -1.05103 2.79888
0.00927038 -0.0117228 0.0044598 -1.84935 0.692807 3.08432
3.99442e-05 -9.49893e-05 5.57978e-05 -0.0478594 -1.65317e-07 -0.000116244
1.13922e-07 7.82985e-06 4.19764e-07 -0.0478608 -2.18657e-06 -0.000116405
5.42071e-06 7.59685e-06 4.47648e-07 -0.872932 0.263404 -1.50811
-6.16563e-06 1.17064e-06 -6.15098e-06 -0.541409 -0.273266 1.43846
0.0238282 0.00168637 -0.0167682 0.254683 0.015632 3.09387
0.0293464 0.0076624 -0.00719372 0.254683 0.015632 3.09387
0.000134996 -0.000884687 -0.00476419 1.82578 -0.0501228 1.57389
0.0147448 -0.000949655 -0.0214089 -1.56889 -1.01795 2.83738
0.0162691 -0.00968881 0.00493397 -1.92161 0.752487 2.99475
0.000590672 0.000428098 0.000146904 -0.0470731 -6.09379e-05 -0.00287959
-4.61328e-07 1.73595e-07 -1.5487e-07 -0.0470691 -6.61958e-05 -0.00287678
5.38301e-07 4.10446e-06 4.22703e-07 -0.783402 0.239708 -1.45825
2.54083e-06 1.15597e-05 2.36924e-06 -0.591672 -0.343668 1.49149
0.00718136 0.0465202 0.003623 0.251378 0.0225509 3.0947
0.0259241 -0.0282997 -0.0203011 0.251378 0.0225509 3.0947
0.000335445 -0.00147092 -0.00261716 1.82245 -0.0510224 1.58097
-0.00876896 -0.0031196 -0.00710514 -1.90164 -0.967192 -3.0987
-0.00993185 0.00717405 0.0043746 -1.75013 0.916238 -3.10546
-0.000209167 0.00044935 0.000248306 -0.0458205 -3.33453e-05 -0.00190706
-2.72105e-07 2.28207e-06 -1.43486e-07 -0.0458171 -4.14226e-05 -0.00190603
-1.29372e-06 1.21786e-06 6.59704e-09 -0.663046 0.232304 -1.48795
4.61584e-06 3.60301e-06 -2.44335e-06 -0.611249 -0.361374 1.46132
-0.00968734 0.0221837 -0.00518589 0.246251 0.0249253 3.09552
0.045379 -0.015305 -0.0295966 0.246251 0.0249253 3.09552
0.000738773 -0.00129889 -0.000281192 1.8173 -0.0507603 1.58373
-0.00800428 -0.00513232 -0.00549099 -2.06731 -0.960743 -2.9215
-0.00374253 0.00378664 -0.00665762 -1.55952 1.11 -2.92716
0.000323562 0.00034999 -0.00112878 -0.0509768 -8.10145e-05 -0.00340755
-2.23116e-07 2.43637e-07 -2.35464e-07 -0.0509687 -8.52135e-05 -0.00340603
2.87137e-06 -1.0302e-06 2.513e-07 -0.477228 0.256147 -1.4993
-2.26256e-06 -6.52473e-06 3.27189e-06 -0.571025 -0.371058 1.43567
-0.0331387 0.00943222 -0.0128929 0.242181 0.0245997 3.09604
0.0574996 -0.00494945 -0.0358872 0.242181 0.0245997 3.09604
0.000122437 -0.000406744 -0.00018367 1.81322 -0.0501182 1.58375
-0.0112936 -0.000655495 -0.00355592 -2.18255 -1.03663 -2.8146
0.0129853 0.00797339 -0.0207401 -1.30945 1.26357 -2.64712
-0.00100534 -0.000441257 0.000934937 -0.0467355 2.96546e-05 0.00127287
5.57853e-07 7.01003e-07 5.16622e-09 -0.046731 2.98022e-05 0.00127356
1.45526e-06 6.5224e-07 -2.3966e-07 -0.313463 0.326137 -1.45337
-5.64791e-06 1.19162e-06 1.38522e-06 -0.465001 -0.3789 1.39743
-0.0456996 0.00278338 -0.0138876 0.237336 0.0232619 3.09605
0.0506199 -0.00201925 -0.0214473 0.237336 0.0232619 3.09605
0.00151331 0.000613314 0.00101078 1.80837 -0.0497387 1.58269
-0.0135761 0.00257321 0.00118096 -2.29716 -1.16111 -2.71615
0.0208229 -0.000624763 -0.0128542 -1.06819 1.35729 -2.37143
-0.00109711 -0.000478553 -0.00020777 -0.0478138 0.000150917 0.00640034
4.88523e-07 -1.16225e-08 2.8916e-07 -0.0478068 0.000152465 0.00640051
-1.53184e-07 -2.91337e-06 -8.18499e-07 -0.199697 0.360525 -1.38425
-3.58828e-06 -5.41319e-06 -1.049e-06 -0.325685 -0.375226 1.34996
0 0 0 0.237336 0.0232619 3.09605
0 0 0 0.237336 0.0232619 3.09605
0 0 0 1.80837 -0.0497387 1.58269
0 0 0 -2.29716 -1.16111 -2.71615
0 0 0 -1.06819 1.35729 -2.37143
0 0 0 -0.0478138 0.000150917 0.00640034
0 0 0 -0.0478068 0.000152465 0.00640051
0 0 0 -0.199697 0.360525 -1.38425
0 0 0 -0.325685 -0.375226 1.34996
