-0.180859 -0.354318 0.0536172 0.393706 0.251598 -3.0427
0.0907617 0.069502 -0.291154 0.393706 0.251598 -3.0427
2.95803 0.290468 -0.375509 1.95147 -0.00385954 1.84072
-0.203884 -0.0670437 0.0694712 -0.683591 -0.054955 1.65078
0.272356 -0.000698408 -0.120131 -2.56697 0.720728 2.77271
-0.0010623 0.397448 0.00400232 0.0196615 -3.56333e-05 0.00522502
3.83946e-07 0.193796 -6.67248e-07 0.0196569 -4.83944e-05 0.00522601
0.149847 0.193797 2.96027e-06 -0.478895 0.481571 -1.0087
-0.149851 0.193798 -7.78684e-07 -0.708055 0.255116 1.36654
0 0 0 0.393706 0.251598 -3.0427
0 0 0 0.393706 0.251598 -3.0427
0 0 0 1.95147 -0.00385954 1.84072
0 0 0 -0.683591 -0.054955 1.65078
0 0 0 -2.56697 0.720728 2.77271
0 0 0 0.0196615 -3.56333e-05 0.00522502
0 0 0 0.0196569 -4.83944e-05 0.00522601
0 0 0 -0.478895 0.481571 -1.0087
0 0 0 -0.708055 0.255116 1.36654
-0.00183297 -0.000675005 0.00985594 0.392201 0.229714 -3.04397
-0.0243083 0.00918324 0.028363 0.392201 0.229714 -3.04397
-0.000842046 0.000712826 -0.000578641 1.95216 0.00344739 1.82004
0.00282744 -0.0001104 0.00114587 -0.678107 -0.0247542 1.63451
-0.00752881 0.00230775 0.00388626 -2.52988 0.60297 2.77101
0.00043942 0.00152543 8.08521e-05 0.0199033 -8.444e-05 0.00304292
1.48257e-07 2.7175e-07 1.92791e-07 0.0199022 -4.56143e-05 0.00304131
-3.25746e-05 8.3061e-07 -9.80758e-06 -0.562053 0.478702 -1.03154
3.30175e-05 2.38159e-06 1.26111e-05 -0.705323 0.259502 1.37692
-0.00392085 -0.000913415 0.00250321 0.392671 0.227103 -3.04381
-0.014139 0.0103655 0.0415068 0.392671 0.227103 -3.04381
0.00013574 0.000845612 0.000361175 1.95286 0.00445365 1.81769
-0.0011578 -0.000628181 0.00144912 -0.677802 -0.0211 1.62489
0.00107586 -0.000355626 0.00875122 -2.49161 0.457781 2.75159
-0.000948939 -0.000846322 -0.000310332 0.018463 -7.34321e-05 0.00769474
-3.86349e-07 1.06219e-06 3.17156e-07 0.0184625 -7.15285e-05 0.00769479
2.03704e-05 -9.25762e-07 6.23022e-06 -0.645735 0.445953 -1.0283
-1.80819e-05 -3.48629e-06 -1.16672e-05 -0.706359 0.263844 1.37317
0.00329666 0.00378749 -0.00951341 0.393669 0.244428 -3.04188
-0.000940089 0.00038484 0.035301 0.393669 0.244428 -3.04188
-1.53721e-05 -0.0026008 -0.000216186 1.95215 -0.000431028 1.83441
0.00190799 0.00348993 -0.00305113 -0.678708 -0.0435253 1.62976
0.00568394 -0.006119 0.0134298 -2.42914 0.366348 2.737
0.000751211 0.000249796 3.89591e-05 0.0186374 -6.59699e-06 0.00399194
-1.01582e-06 -4.18831e-07 -2.51966e-07 0.0186384 -3.04977e-05 0.00399428
-1.10723e-05 1.60225e-07 1.27001e-06 -0.718413 0.383674 -1.02094
1.63979e-05 9.98135e-07 -2.73322e-06 -0.705243 0.256661 1.37762
0.00304605 -0.00327213 -0.000388338 0.385352 0.229441 -3.04103
-0.00762089 0.00424863 0.0290429 0.385352 0.229441 -3.04103
0.00173804 0.000216956 -2.1918e-05 1.94556 0.00797022 1.82083
0.00201588 -0.00338907 0.00211829 -0.674798 -0.0521894 1.63335
0.0019689 0.00143383 -0.00334542 -2.37643 0.234212 2.74175
0.00017282 0.000675755 0.00101506 0.0235127 -5.41733e-05 0.00315657
9.77228e-07 -4.35501e-06 1.91196e-07 0.0235182 -4.11711e-05 0.00315889
-4.08752e-06 -4.99729e-06 -1.90051e-06 -0.818828 0.39624 -1.01048
1.82314e-08 -5.91038e-06 4.44203e-06 -0.702673 0.261369 1.38751
0.00012521 0.00245151 0.00802806 0.395869 0.233372 -3.04183
-0.00693797 0.00568641 0.0347177 0.395869 0.233372 -3.04183
-0.00306298 -0.000970165 0.000210399 1.95537 0.00316141 1.82422
0.000147427 0.00273836 0.00107969 -0.673696 -0.0280969 1.63321
-0.00453937 -0.00330122 0.00944017 -2.27405 0.133088 2.71296
0.000357532 -0.00112391 -0.000119195 0.0230663 -8.84206e-06 0.00141546
-4.89821e-07 -7.97446e-06 -4.57926e-07 0.023056 -1.40466e-05 0.00141206
1.53672e-05 -7.03998e-06 1.72238e-06 -0.940794 0.360618 -1.03455
-1.15535e-05 -6.69245e-07 -1.97881e-07 -0.703052 0.26776 1.3862
-0.000633351 -0.000289432 -0.00375735 0.4005 0.252581 -3.04238
-0.0090019 0.00127965 0.0294585 0.4005 0.252581 -3.04238
-0.00236353 -1.23378e-05 -0.000535453 1.95791 -0.00574502 1.84172
-0.0139099 -0.00233109 0.00552727 -0.688294 -0.0603996 1.67973
-0.00451949 0.000851859 0.0143549 -2.14394 0.0736263 2.71866
0.000649475 0.00101568 0.00129577 0.0292646 4.65128e-05 -0.00174786
4.80921e-07 5.46557e-06 6.89369e-08 0.0292625 3.02289e-05 -0.00174925
-1.90239e-05 5.38855e-06 1.95197e-07 -1.07529 0.309422 -1.04946
1.52303e-05 1.20901e-06 -3.16684e-06 -0.716487 0.28198 1.33671
-0.00389173 -0.00386064 0.000776614 0.396974 0.261957 -3.04323
0.00128943 -0.00883725 0.00401193 0.396974 0.261957 -3.04323
0.00217408 0.00182288 0.00297802 1.95353 -0.00907527 1.85007
0.00301944 -0.00279839 -0.010192 -0.691134 -0.0223003 1.65548
0.00628108 -0.0030976 -0.0030929 -2.11636 0.0459632 2.74648
-0.000620342 -0.000676452 0.000522457 0.0319042 -3.97412e-06 0.00128787
4.08816e-07 3.6537e-06 4.54112e-07 0.0319104 -1.68939e-05 0.00128795
1.30413e-05 3.13262e-07 -9.93243e-07 -1.11492 0.314133 -1.03296
-1.61315e-05 -9.55939e-06 -3.28224e-06 -0.713004 0.24479 1.35009
0 0 0 0.396974 0.261957 -3.04323
0 0 0 0.396974 0.261957 -3.04323
-0.000705069 -0.00097388 0.00150208 1.95639 -0.0107826 1.85453
1.68046e-05 1.90567e-06 -1.99054e-05 -0.691125 -0.0221587 1.6554
0.0179379 -0.00729865 0.00708872 -2.15119 0.114937 2.75333
-0.000180462 -0.000814496 -0.000575751 0.0292208 -2.05819e-05 0.00215992
-7.05817e-07 -1.16988e-06 -4.64765e-07 0.0319122 -1.90168e-05 0.00128822
1.16497e-05 2.74923e-06 2.37834e-07 -1.03896 0.269707 -0.986654
4.52668e-06 7.55824e-06 5.05414e-06 -0.712986 0.244712 1.35013
-0.00254459 0.00792912 0.00534767 0.40948 0.27341 -3.04191
0.0327407 -0.0120161 -0.0212403 0.40948 0.27341 -3.04191
-0.00202197 -0.0016905 5.47865e-05 1.96427 -0.0156822 1.86097
0.00482823 0.00891459 0.00421179 -0.680843 -0.0182656 1.62966
0.00710898 -0.000230219 0.0186054 -2.18761 0.229023 2.75113
0.000190666 7.67611e-05 -0.00135546 0.0225555 -3.42124e-06 0.00122247
-1.72968e-07 -3.43658e-06 1.32594e-07 0.0225471 -1.16081e-05 0.00122028
2.24813e-06 -4.24144e-06 -3.77677e-08 -0.944209 0.196679 -0.963989
-1.33418e-05 3.55041e-07 -7.1912e-07 -0.710348 0.268566 1.36077
-0.00162273 -0.00351134 -0.0121668 0.408378 0.297167 -3.04204
0.0124005 -0.00446457 -0.0126783 0.408378 0.297167 -3.04204
0.000807617 4.76104e-05 2.5174e-05 1.96041 -0.0244903 1.8828
-0.00131256 -0.00368317 -0.00524476 -0.68738 -0.0422683 1.62863
0.00485737 -0.00207448 0.00584101 -2.24072 0.306211 2.74844
-0.000603188 -0.00069123 0.000411335 0.0246515 -1.52196e-05 0.00420511
2.92631e-07 3.4077e-06 2.99905e-07 0.0246547 -3.78347e-05 0.00420529
-3.59625e-05 2.78392e-06 3.57051e-07 -0.861083 0.171689 -0.953109
3.44681e-05 1.64091e-06 -2.37452e-06 -0.710886 0.246252 1.3587
-0.000381708 -0.00342333 -0.00201995 0.409141 0.316899 -3.04154
0.00147621 -0.00994648 -0.0139332 0.409141 0.316899 -3.04154
-0.000233391 -0.000683289 0.00135205 1.95865 -0.0317162 1.90115
-0.00195744 -0.00333638 -0.00547418 -0.694112 -0.030276 1.63406
0.000637334 -0.00111806 -0.00204863 -2.25674 0.35502 2.78094
0.000288476 -0.0010344 0.00128328 0.0311322 -2.35116e-05 0.00279731
2.55975e-08 2.45805e-06 -3.46738e-07 0.0311331 -3.94164e-05 0.00279752
-5.19343e-06 2.28728e-06 -6.54138e-08 -0.829025 0.178457 -0.953589
5.54913e-06 1.89933e-06 1.53627e-06 -0.711939 0.223684 1.35416
0.00119787 0.000976639 -0.000617162 0.405592 0.307518 -3.0425
-0.0082957 -0.00424943 -0.0154939 0.405592 0.307518 -3.0425
0.00133545 0.000536565 0.00101635 1.95649 -0.0279454 1.89224
0.00165819 0.00092655 0.00277956 -0.690243 -0.0420506 1.63248
-0.00637962 0.00367727 -0.00952644 -2.27154 0.377835 2.81463
-0.000156566 0.000742745 -0.000407012 0.0290036 -6.3595e-05 0.00356128
1.49143e-07 9.20683e-07 3.36469e-07 0.0290061 -5.40291e-05 0.00356141
1.96165e-05 -6.23673e-07 -2.96423e-06 -0.815124 0.218871 -0.965703
-2.04073e-05 -9.57026e-07 3.14396e-06 -0.710684 0.234572 1.35955
0.000237545 0.00514983 0.00326961 0.395543 0.266059 -3.04594
-0.00540712 0.0054535 -0.0236149 0.395543 0.266059 -3.04594
0.00209667 -0.00114245 -0.00336762 1.95173 -0.0127168 1.85287
0.00594207 0.00548821 0.000838333 -0.682298 -0.0336264 1.61266
-0.00516136 0.0050383 -0.0250272 -2.3552 0.372244 2.81332
0.000836032 0.00133176 -0.000876052 0.0244941 -0.000148652 -0.000594891
-2.38338e-06 -5.38539e-06 2.19144e-06 0.0245078 -4.45136e-05 -0.000596371
-0.000114001 3.04172e-06 -9.46629e-06 -0.767289 0.318355 -0.970896
0.000121667 7.12127e-06 1.00653e-05 -0.706469 0.243231 1.37699
-1.05383e-05 2.00988e-05 4.49159e-06 0.395551 0.266033 -3.04594
0.00133836 0.00127818 -0.0206567 0.397879 0.258358 -3.04458
0.000160633 7.32428e-05 -0.00311447 1.95479 -0.00923486 1.84624
-0.000758776 0.00223467 0.0017946 -0.681439 -0.0265814 1.60997
-0.00333398 0.00504887 -0.0083434 -2.40391 0.4247 2.8221
-0.000211895 0.000620699 -0.00117714 0.0186837 -2.16412e-05 0.000480352
2.36092e-06 3.0214e-06 -1.44043e-06 0.0186781 -7.71808e-06 0.000481766
6.78749e-05 2.64706e-06 6.59567e-06 -0.712733 0.356443 -0.970722
-7.588e-05 3.65111e-06 -1.44758e-05 -0.707599 0.251676 1.37273
-0.00151783 0.00207146 0.0038186 0.397879 0.258358 -3.04458
0 0 0 0.397879 0.258358 -3.04458
0 0 0 1.95479 -0.00923486 1.84624
0 0 0 -0.681439 -0.0265814 1.60997
0 0 0 -2.40391 0.4247 2.8221
-3.01444e-06 9.03505e-06 -7.04291e-06 0.018677 -3.44707e-05 0.000485557
-3.5548e-07 1.2645e-06 -1.07398e-06 0.0186768 -1.01266e-05 0.000482743
0 0 0 -0.712733 0.356443 -0.970722
0 0 0 -0.707599 0.251676 1.37273
-0.00320891 0.000613197 0.00430576 0.390797 0.244854 -3.05146
0.0121573 -0.014268 -0.0721476 0.390797 0.244854 -3.05146
0.00140526 0.00157953 -0.00103086 1.94935 -0.0087447 1.83126
-0.00382593 0.000678825 0.000738412 -0.684791 -0.0142166 1.61209
-0.00940143 0.0023259 -0.0230653 -2.47175 0.63806 2.865
-0.000756977 -0.000616213 -0.000243889 0.0174693 -5.30462e-05 0.00423615
7.7382e-07 -1.39535e-06 1.35384e-06 0.0175098 -3.81591e-05 0.00421841
5.26191e-05 -5.90094e-06 4.00653e-06 -0.586615 0.449136 -0.998349
-5.44514e-05 -8.26747e-06 -1.19455e-07 -0.711453 0.254243 1.35789
-0.00448949 -0.00495598 0.0120515 0.41706 0.243764 -3.05326
0.0141028 -0.0198178 -0.0305224 0.41706 0.243764 -3.05326
0.000504164 0.00108914 0.00480514 1.97486 -0.0167282 1.82925
-2.48079e-05 -0.00479013 0.00465928 -0.680468 0.0113787 1.59663
-0.00278714 -0.00990695 -0.00363014 -2.4454 0.762975 2.89082
-0.00119605 0.00239341 0.00198563 0.0269082 -0.000132213 0.00993762
-6.24151e-07 -6.50336e-05 3.61345e-08 0.0268841 -0.000133097 0.00992989
8.80446e-06 -6.85506e-05 2.63198e-08 -0.540749 0.450164 -1.03012
-5.33008e-06 -7.33694e-05 -2.78141e-06 -0.710506 0.266551 1.36163
-0.000525124 0.00152344 0.0036155 0.430708 0.236115 -3.05478
0.00839019 -0.0137873 -0.0256178 0.430708 0.236115 -3.05478
0.00105836 -0.000308376 0.00239944 1.98887 -0.0185203 1.82142
0.00197586 0.00156316 0.00462643 -0.67489 0.00786541 1.58797
-0.00467449 -0.00635658 -0.0108538 -2.42573 0.841247 2.91329
0.000327935 -0.00128849 0.000388639 0.0289597 -0.000139715 0.00838642
-8.21537e-07 1.50275e-05 5.56897e-07 0.0289298 -0.00012551 0.00837611
4.92525e-06 1.45603e-05 -1.02289e-06 -0.515676 0.480713 -1.05997
9.41046e-06 4.3824e-07 -1.07792e-05 -0.708789 0.284865 1.36775
