-0.243164 -0.333359 0.0523972 -0.0768929 -0.0856693 3.10615
-0.136263 0.199147 -0.289859 -0.0768929 -0.0856693 3.10615
1.47031 0.111014 -0.145728 1.49412 -0.0419142 1.4881
-0.144188 -0.0198648 0.127037 0.28028 -0.223257 1.26498
0.107331 0.0555702 -0.210021 -2.60593 0.275222 2.609
-0.00271991 0.404634 0.122369 0.521865 -0.00295423 0.0110821
-7.56392e-08 0.19185 -7.80218e-08 0.521864 -0.00295852 0.0110847
0.128551 0.19185 -1.17086e-07 -1.10808 0.98972 -1.72527
-0.128551 0.191849 -4.36693e-06 0.319791 0.539266 1.49707
0 0 0 -0.0768929 -0.0856693 3.10615
0 0 0 -0.0768929 -0.0856693 3.10615
0 0 0 1.49412 -0.0419142 1.4881
0 0 0 0.28028 -0.223257 1.26498
0 0 0 -2.60593 0.275222 2.609
0 0 0 0.521865 -0.00295423 0.0110821
0 0 0 0.521864 -0.00295852 0.0110847
0 0 0 -1.10808 0.98972 -1.72527
0 0 0 0.319791 0.539266 1.49707
0.00159149 0.00329665 0.00234637 -0.0782157 -0.0818459 3.10771
0.000162469 0.000316611 -0.00130892 -0.0782157 -0.0818459 3.10771
-0.000175167 -0.000979325 -2.87469e-05 1.49278 -0.0401721 1.49184
-0.000965313 -0.00104658 0.000282353 0.269962 -0.220465 1.26847
-0.00119151 0.000303513 -0.00238048 -2.61085 0.272742 2.60651
-0.00112116 0.000202686 -0.000156617 0.520607 -0.00415878 0.0156319
-1.95991e-07 -0.000130374 -1.86792e-07 0.520608 -0.00416267 0.0156333
-0.000511815 -0.000130422 1.78929e-07 -1.11194 0.995952 -1.73065
0.00051238 -0.000129514 3.88462e-06 0.307909 0.538102 1.49048
0 0 0 -0.0782157 -0.0818459 3.10771
0 0 0 -0.0782157 -0.0818459 3.10771
0 0 0 1.49278 -0.0401721 1.49184
0 0 0 0.269962 -0.220465 1.26847
0 0 0 -2.61085 0.272742 2.60651
0 0 0 0.520607 -0.00415878 0.0156319
0 0 0 0.520608 -0.00416267 0.0156333
0 0 0 -1.11194 0.995952 -1.73065
0 0 0 0.307909 0.538102 1.49048
0.00923126 -0.00313715 0.0010715 -0.0740791 -0.0780145 3.1231
0.00322789 -0.0089958 -0.00357092 -0.0740791 -0.0780145 3.1231
0.00017507 -0.0041045 0.00170056 1.49692 -0.0242111 1.49436
0.00247549 -0.00224846 0.000930144 0.255274 -0.220771 1.28927
0.00640127 -0.00237884 0.00571452 -2.60538 0.303612 2.63253
-0.00400557 -0.000988223 -0.00307974 0.508775 -0.0083415 0.0320857
-5.08797e-08 -0.00133051 5.57909e-07 0.508773 -0.00834699 0.0321015
-0.000664261 -0.00132959 -5.52488e-07 -1.07439 0.983103 -1.67874
0.000665377 -0.00133667 -3.51863e-06 0.291311 0.539732 1.49925
0.0026066 0.000160702 -0.00134869 -0.0717372 -0.0734913 3.12946
0.00148253 -0.00451433 -0.00220182 -0.0717372 -0.0734913 3.12946
-0.000278676 -0.00148437 0.00128468 1.49925 -0.0173686 1.49836
0.000127473 -0.000703522 0.00105363 0.243994 -0.228887 1.29594
0.00134668 -0.00153789 0.000407569 -2.60297 0.313673 2.64159
-0.0022579 -0.000879299 -0.000638379 0.506705 -0.010714 0.0413963
2.02213e-07 -0.00068536 -2.52383e-07 0.506701 -0.0107207 0.0414064
-0.000165236 -0.000686905 3.58647e-07 -1.0671 0.97988 -1.66722
0.000163896 -0.000684141 1.05434e-06 0.278437 0.543297 1.49908
-0.00441221 0.00117917 0.000884891 -0.0696261 -0.0730578 3.11947
-0.00103702 0.00151477 -0.000436203 -0.0696261 -0.0730578 3.11947
-4.51725e-05 0.00151009 -0.000249405 1.50133 -0.027146 1.49945
-0.00268634 0.00126255 0.0010434 0.233205 -0.228971 1.29085
-0.00188782 0.000201356 0.000123453 -2.59878 0.315599 2.636
0.0011534 0.000952196 -0.000327699 0.505127 -0.00945833 0.0366648
-9.71035e-08 0.000702384 -9.48138e-08 0.505125 -0.0094587 0.0366535
-7.19921e-05 0.000700549 -3.12422e-07 -1.07176 0.977325 -1.67987
7.311e-05 0.000710028 1.9534e-06 0.26675 0.547547 1.48602
-0.00280677 -0.00634103 0.000197258 -0.0666719 -0.0722916 3.11516
-0.003101 0.00187936 0.00304728 -0.0666719 -0.0722916 3.11516
-3.96744e-05 0.00048687 5.94179e-05 1.50427 -0.0311824 1.50043
-0.0010987 0.00110218 0.000760465 0.223833 -0.225473 1.29211
-0.000314266 0.000753976 0.00475793 -2.58981 0.31795 2.6373
0.00063548 -6.10404e-05 -0.000742737 0.503151 -0.00877622 0.0341533
6.48866e-08 0.000264269 1.32782e-07 0.503147 -0.00877687 0.0341489
-0.000171398 0.000265729 -1.36465e-07 -1.0723 0.968029 -1.68128
0.000170612 0.000262104 -3.22397e-07 0.256846 0.551653 1.47976
0.00195457 0.00425991 -0.00152223 -0.0695674 -0.0742673 3.11787
-0.00508258 0.000229089 0.00838174 -0.0695674 -0.0742673 3.11787
-0.000191649 4.79819e-06 0.000270478 1.5014 -0.0288256 1.49836
0.00131436 -0.000289284 -0.000323901 0.231576 -0.232023 1.29015
0.000853122 -8.69969e-05 -0.00202339 -2.59458 0.279314 2.64631
-0.000195919 -0.00119772 -2.03179e-05 0.505169 -0.00906348 0.0350941
4.01775e-07 -0.000141893 -5.98908e-07 0.505173 -0.00906085 0.0350977
-0.000118143 -0.000140821 1.3571e-06 -1.09436 0.973224 -1.67434
0.000114788 -0.000143992 4.4636e-06 0.265172 0.550452 1.48543
-0.00154221 0.00173072 0.00243412 -0.0642543 -0.0719441 3.11479
-0.00239459 0.00137872 0.0157155 -0.0642543 -0.0719441 3.11479
0.000213504 -0.000245155 0.000497497 1.50668 -0.0313592 1.50072
-0.000431948 0.000820789 0.000398488 0.232762 -0.226454 1.28608
-0.000188294 -0.000863673 -0.000587068 -2.59434 0.223932 2.64312
0.000498473 0.00027583 -0.00263393 0.494808 -0.00836924 0.0331573
-9.15507e-07 -0.000146052 1.48546e-06 0.494801 -0.00837196 0.0331538
-0.000123956 -0.000148396 -3.59831e-06 -1.12049 0.97215 -1.67428
0.000131459 -0.00014482 -1.02356e-05 0.26747 0.553774 1.48238
0.00122807 -0.00172313 -0.00255964 -0.0598979 -0.0661098 3.11571
-0.00366922 0.00220773 0.0233068 -0.0598979 -0.0661098 3.11571
0.00139209 3.66338e-05 0.00105767 1.51101 -0.0297905 1.50635
-0.000275604 -0.000332535 -0.00246546 0.224713 -0.22614 1.29176
0.000915909 8.77775e-05 -0.000242503 -2.594 0.143232 2.64424
-0.00126389 7.05965e-05 -0.00428186 0.47986 -0.00947615 0.0387839
9.47164e-07 0.00052681 7.70054e-07 0.479852 -0.00948534 0.038786
-0.000804308 0.000527214 1.53783e-06 -1.15298 0.971807 -1.66168
0.000795446 0.000520554 -3.91668e-06 0.256493 0.543354 1.47774
0.000155468 -0.00304879 -0.00067578 -0.0527253 -0.0569467 3.11559
0.00165026 -0.000737276 0.0308936 -0.0527253 -0.0569467 3.11559
0.00228626 0.000101723 0.00101572 1.51814 -0.0289704 1.5153
-0.00195672 -0.000681306 -0.00286659 0.204722 -0.218558 1.29996
0.00145063 -0.000118419 0.000210949 -2.5885 0.0405198 2.64576
-0.00152432 0.000703275 -0.00587128 0.456885 -0.0105796 0.0455783
-9.57559e-08 0.000259112 5.9291e-07 0.456873 -0.0105927 0.0455789
-0.00106114 0.000258524 -3.1613e-06 -1.19312 0.970745 -1.64351
0.00106178 0.000261264 -5.26265e-06 0.232216 0.530925 1.46412
0 0 0 -0.0527253 -0.0569467 3.11559
0 0 0 -0.0527253 -0.0569467 3.11559
0 0 0 1.51814 -0.0289704 1.5153
0 0 0 0.204722 -0.218558 1.29996
0 0 0 -2.5885 0.0405198 2.64576
0 0 0 0.456885 -0.0105796 0.0455783
0 0 0 0.456873 -0.0105927 0.0455789
0 0 0 -1.19312 0.970745 -1.64351
0 0 0 0.232216 0.530925 1.46412
-0.0016491 0.000958712 -0.00530009 -0.036601 -0.0418465 3.11149
0.0264797 -0.0199353 0.0744309 -0.036601 -0.0418465 3.11149
0.00506861 0.000115818 0.0015731 1.53421 -0.0316138 1.53008
-0.00851621 -0.00993619 -0.0203795 0.17366 -0.180904 1.3117
0.00729019 -0.000856956 0.0128906 -2.52356 -0.181962 2.67416
-0.00132481 0.00111139 -0.0133361 0.403262 -0.0106357 0.05217
-3.45983e-07 5.84316e-05 9.63958e-08 0.403242 -0.0106583 0.0521723
-0.00165016 6.06746e-05 7.97841e-07 -1.30057 0.938091 -1.57936
0.00165335 6.17272e-05 -1.87214e-06 0.188748 0.437411 1.424
-0.00398276 0.00484276 -0.0260951 0.0210133 0.0589751 3.10818
0.0263129 -0.0158288 0.0180235 0.0210133 0.0589751 3.10818
0.0114651 -0.00110158 -0.000580288 1.59179 -0.0346407 1.62906
-0.0104698 0.00205936 -0.0391935 0.163823 -0.142288 1.32961
0.0212381 -0.0136819 0.0122625 -2.45853 -0.206674 2.67277
-0.0039993 0.0060408 -0.0383223 0.235147 -0.00817312 0.071103
-1.65719e-06 -0.000598665 1.39528e-05 0.235036 -0.00832859 0.0710977
0.000807078 -0.000597539 -1.58005e-05 -1.23824 0.858525 -1.44596
-0.000786875 -0.000594848 -0.000115064 0.172583 0.287432 1.37965
-0.00190893 0.00435755 -0.0154308 0.0537227 0.107227 3.09779
0.0279115 -0.0178374 0.0126582 0.0537227 0.107227 3.09779
0.00860962 -0.00149333 -0.000321855 1.62428 -0.0494871 1.67553
0.000752969 0.0105158 -0.0161619 0.172235 -0.13708 1.32609
0.017933 -0.00959276 0.019002 -2.38373 -0.192453 2.68409
0.00604907 0.00289877 -0.0239715 0.128211 -0.00277477 0.0444744
-1.44448e-06 -0.00128208 -6.51208e-06 0.128173 -0.0028229 0.0444606
0.00371822 -0.00128382 1.0983e-05 -1.22122 0.769681 -1.36664
-0.00371856 -0.00127968 8.97711e-05 0.175455 0.232143 1.38975
-0.000510246 0.000737663 -0.00303009 0.0890851 0.13614 3.09596
0.0568511 -0.061015 -0.157714 0.0890851 0.13614 3.09596
0.00610474 -0.00106031 -0.000281868 1.65921 -0.0575326 1.70238
-0.00380952 -0.00283069 -0.0130774 0.171257 -0.107273 1.33357
0.0125685 -0.0118396 0.0103382 -2.44616 0.5566 2.81278
0.00414003 0.00151069 -0.0222712 0.029546 -0.000308282 0.0262294
-1.68559e-06 8.16376e-05 1.08651e-05 0.0294964 -0.000343502 0.0262213
0.000690289 8.13488e-05 5.23524e-06 -0.786976 0.695163 -1.31523
-0.000703862 7.63704e-05 2.072e-05 0.173164 0.170227 1.37799
-0.000274916 -0.0017529 -0.000481461 0.106433 0.145376 3.09811
0.0128827 -0.019382 -0.0111279 0.106433 0.145376 3.09811
0.00286963 0.000255527 0.000518605 1.67629 -0.0586278 1.71079
-0.00382656 -0.00655265 -0.00408712 0.168481 -0.097557 1.34113
0.00457053 -0.00591805 0.00460031 -2.39928 0.644071 2.86874
0.000322967 0.000139231 -0.011012 -0.0190858 0.000247919 0.0248845
4.8122e-06 0.000514434 -1.88788e-05 -0.0191037 0.00023985 0.0248843
-0.000385015 0.000514912 2.27465e-06 -0.753519 0.659907 -1.29827
0.000378669 0.000513295 1.61668e-05 0.171238 0.14649 1.36557
0.00399149 -0.0138236 0.0117264 0.0705455 0.0889201 3.11206
-0.0694291 0.0424204 0.139605 0.0705455 0.0889201 3.11206
-0.00770776 0.00293037 0.00499031 1.64111 -0.0357239 1.65743
0.00190168 -0.00842509 0.0240298 0.158836 -0.13497 1.35159
-0.00682194 0.00690024 0.00346095 -2.32634 -0.00525627 2.79941
-0.0107581 -0.00421401 0.0226871 0.0841742 -0.00324651 0.0748614
3.21338e-06 0.00360543 -8.1238e-06 0.0842271 -0.00318047 0.0748842
-0.0066273 0.00360247 3.45837e-06 -1.16588 0.65664 -1.29441
0.00659666 0.00358097 5.6989e-05 0.169653 0.236622 1.35649
0.00177286 -0.00476315 0.0147673 0.0676046 0.0337064 3.11536
-0.00566304 0.00543021 -0.0153237 0.0676046 0.0337064 3.11536
-0.00133154 0.00130101 0.00281183 1.63839 -0.0284461 1.60266
0.00324094 8.05543e-05 0.0153161 0.155959 -0.134547 1.3504
-0.00306801 -0.00318064 -0.00441056 -2.35243 0.0375448 2.77098
-0.00202208 -0.00230525 0.00343786 0.101544 -0.00445258 0.0855156
-2.2067e-06 0.00186884 5.45688e-06 0.101558 -0.00437262 0.0855206
-0.0031536 0.00186109 -1.29751e-05 -1.1128 0.658779 -1.30131
0.00316735 0.00187454 -1.56953e-05 0.170225 0.295004 1.35839
