-0.242297 -0.313051 0.00286921 0.139645 -0.253588 3.11882
-0.0567257 0.00199625 -0.322844 0.139645 -0.253588 3.11882
1.69443 0.0240606 -0.118893 1.70596 0.0123586 1.31651
-0.170871 -0.0119891 0.0748047 0.0540647 -0.228426 1.33784
0.168887 -0.0443405 -0.104095 -2.10226 0.759637 2.93903
0.01199 0.493008 0.0679428 0.232195 0.00470722 -0.0406273
-3.00511e-07 0.205892 -1.86881e-06 0.232207 0.00473078 -0.0406294
0.126064 0.205893 3.29841e-06 -0.741751 0.389136 -1.40131
-0.126059 0.205895 1.7981e-05 0.0555826 0.32433 1.36795
0 0 0 0.139645 -0.253588 3.11882
0 0 0 0.139645 -0.253588 3.11882
0 0 0 1.70596 0.0123586 1.31651
0 0 0 0.0540647 -0.228426 1.33784
0 0 0 -2.10226 0.759637 2.93903
0 0 0 0.232195 0.00470722 -0.0406273
0 0 0 0.232207 0.00473078 -0.0406294
0 0 0 -0.741751 0.389136 -1.40131
0 0 0 0.0555826 0.32433 1.36795
0.0080157 -0.0184917 -0.0113155 0.142491 -0.236965 3.12069
0.00464589 -0.00468225 -0.00342159 0.142491 -0.236965 3.12069
0.00160156 -0.000594364 -0.000600432 1.70929 0.0126368 1.33326
-0.0033156 0.000521849 -0.00727631 -0.065938 -0.229304 1.38563
0.00274043 0.000891252 0.00174652 -2.09115 0.777704 2.96136
-0.0019057 -0.00039604 -0.0028154 0.223684 0.0038965 -0.0343453
5.93572e-07 0.000634549 3.70323e-06 0.223679 0.00386945 -0.0343412
-0.00053813 0.000633864 -3.53101e-06 -0.72944 0.382779 -1.38842
0.000530331 0.000629532 -3.59687e-05 -0.0671586 0.293665 1.35117
-0.00584172 0.00104876 -0.00091255 0.130275 -0.265102 3.1218
-0.00600026 0.0104507 0.00108707 0.130275 -0.265102 3.1218
-0.00300403 0.000674187 -0.000262295 1.69651 0.0144057 1.30536
0.00153293 -0.00163548 0.00812112 0.00688667 -0.256258 1.36131
-0.00196429 0.00252913 -0.00504415 -2.11848 0.751949 2.93088
0.00286711 -0.00013374 0.00853566 0.252619 0.00550298 -0.0439746
-7.80668e-07 0.000811001 -7.51975e-06 0.252641 0.00555703 -0.0439782
0.00119452 0.000810699 3.8625e-06 -0.744789 0.402948 -1.39951
-0.00118007 0.000814016 8.01482e-05 0.00706043 0.323855 1.36531
0.00484438 -0.00565861 0.00576499 0.127948 -0.27611 3.121
-0.00642772 -0.00172029 -0.00347343 0.127948 -0.27611 3.121
-0.00234985 -0.00014154 0.00101418 1.69389 0.0143577 1.29431
0.00228014 -0.00290611 0.00470365 0.0186976 -0.251537 1.37079
-0.0015627 0.00129397 -0.00234555 -2.10743 0.745649 2.94772
0.00190893 -0.00136937 0.00281526 0.263807 0.00670995 -0.0506964
1.26016e-07 0.000990954 4.65202e-06 0.263809 0.00672356 -0.0506982
0.000754106 0.000989661 -2.41838e-06 -0.760091 0.411818 -1.4084
-0.000758537 0.000984064 -4.69132e-05 0.0191966 0.338228 1.38182
-0.000209375 -0.0146467 0.0106294 0.107925 -0.311182 3.11755
-0.0115563 0.0161999 0.00102663 0.107925 -0.311182 3.11755
-0.0043679 -0.00047728 0.00493115 1.67353 0.00906973 1.25885
0.0049793 -0.0145429 0.0121579 0.115856 -0.254876 1.35541
-0.0033754 0.00550804 -0.00632701 -2.1341 0.707675 2.91164
0.00867405 -0.00633765 0.0129641 0.315924 0.0129929 -0.0818677
-9.62585e-07 0.00375083 -2.10274e-06 0.315945 0.0130378 -0.0818789
0.00286915 0.00373955 4.17739e-06 -0.788167 0.436865 -1.43204
-0.00286003 0.00373928 1.32731e-05 0.119874 0.360755 1.42725
-0.00300748 0.0128686 0.00764561 0.104621 -0.309676 3.12445
0.00268821 0.0169775 0.00688435 0.104621 -0.309676 3.12445
-0.00124597 0.000865169 0.00217837 1.67044 0.0147692 1.26101
-0.000699178 -0.00323044 0.00162864 0.138629 -0.248871 1.33708
-0.000219311 0.00196827 -0.00100255 -2.17966 0.686857 2.85006
-0.00367327 -0.00219675 0.0028253 0.329091 0.0115575 -0.0695495
1.48033e-05 0.000961002 -1.55435e-05 0.329096 0.0115555 -0.069541
-0.00114564 0.00095506 -2.49876e-06 -0.777587 0.441519 -1.42777
0.00112143 0.000951984 -2.31912e-05 0.143647 0.360729 1.42243
0.00499175 -0.0148807 -0.0211501 0.133289 -0.252626 3.13155
0.00119003 0.00518808 0.0132613 0.133289 -0.252626 3.13155
0.00635302 0.00185805 -0.000412911 1.69987 0.023269 1.31903
-0.00769783 0.00441125 -0.0201204 -0.0572891 -0.240014 1.38824
0.00164778 -0.00257049 0.0100893 -2.195 0.673725 2.82102
-0.0160201 0.00217635 -0.0184293 0.264123 0.0019294 -0.0134924
-7.87807e-06 -0.00118514 2.86052e-05 0.264078 0.00183515 -0.0134676
-0.00759088 -0.00116271 -9.75342e-06 -0.760821 0.403474 -1.39207
0.00755857 -0.00116316 -6.35676e-05 -0.0581555 0.291597 1.35788
-0.000752407 0.0205152 -0.0143312 0.176347 -0.169049 3.12343
0.0231883 0.020942 0.0239179 0.176347 -0.169049 3.12343
0.00882214 -0.00145678 -0.00178308 1.74462 0.0116304 1.40118
-0.00552386 0.00588141 -0.0305797 -0.0750829 -0.202022 1.39471
0.00768489 -0.00477755 0.0137027 -2.26082 0.657811 2.70176
-0.00578779 0.00349021 -0.0315533 0.150977 -0.000435957 0.00694197
-5.52182e-06 -0.00142403 -5.76143e-06 0.15094 -0.000505884 0.00694274
-0.000600788 -0.00142732 4.07379e-06 -0.707222 0.350049 -1.36248
0.000641074 -0.00141684 -8.77556e-06 -0.0660425 0.178516 1.32652
-2.34944e-05 -0.00249345 0.00091528 0.184111 -0.171387 3.12484
0.00213529 0.022299 0.0422396 0.184111 -0.171387 3.12484
0.00133264 0.000523578 0.0010025 1.7522 0.0147479 1.39923
-0.000440631 0.0009638 0.000357273 -0.0777216 -0.19826 1.39793
0.0117013 -0.00265449 0.0173406 -2.27339 0.555886 2.63219
-0.00195147 0.000111791 -0.00606757 0.129319 -0.000906383 0.0138938
1.02023e-06 -0.000503404 -2.02704e-06 0.129307 -0.000902116 0.0138983
-0.000691445 -0.000505619 -7.09119e-07 -0.74133 0.283718 -1.31759
0.000685764 -0.000509656 6.10106e-05 -0.0669191 0.180602 1.32046
0.00543739 -0.00950959 0.00883621 0.205058 -0.184993 3.12242
0.0066555 0.0145219 0.0341712 0.205058 -0.184993 3.12242
0.00649415 -0.00235785 0.000872924 1.77235 0.0186777 1.38576
0.000901383 0.00200581 -0.000770641 -0.0751775 -0.163578 1.41762
0.0209318 0.00716154 0.00790449 -2.27077 0.457788 2.63401
0.000350332 -0.00135995 -0.0174564 0.0675036 -0.000450341 0.0127606
-1.3395e-06 -0.000200852 1.26879e-06 0.0674821 -0.000435206 0.012762
0.00252052 -0.000200529 4.42293e-07 -0.788722 0.25715 -1.24137
-0.00250479 -0.000204715 -2.24937e-05 -0.0648141 0.179739 1.33208
0.000108099 -0.00660612 -0.00437849 0.198647 -0.177673 3.12612
0.0259691 0.00718687 0.0332521 0.198647 -0.177673 3.12612
-0.000693359 0.000401985 0.000517237 1.76632 0.0197102 1.39354
-0.000867797 -0.000785313 -0.0012021 -0.07933 -0.170149 1.42318
0.0150214 0.00910304 0.0144146 -2.27561 0.416642 2.62068
-0.00134743 -0.000647067 0.00248159 0.0765813 -0.00066713 0.0176333
4.69935e-07 -0.000216467 -4.00643e-06 0.0765865 -0.000673677 0.0176355
-0.00107085 -0.000215337 4.1307e-06 -0.791982 0.206621 -1.1699
0.00105449 -0.000210692 3.24629e-05 -0.0661433 0.173954 1.32481
-0.00231482 -0.00725963 -0.00430983 0.19313 -0.174149 3.12908
0.0225379 0.00158145 0.0264707 0.19313 -0.174149 3.12908
-0.00112085 0.000801927 0.00149585 1.76101 0.0209747 1.39746
-0.00110858 -0.00115053 0.00098772 -0.0826837 -0.182226 1.42231
0.00602771 0.00411071 0.00884593 -2.27142 0.381004 2.59719
-0.00164864 -0.000907015 0.00314154 0.0879558 -0.00103232 0.0235779
1.57275e-07 -0.000559266 -4.65702e-07 0.0879616 -0.0010364 0.0235801
-0.000828871 -0.000560244 2.95711e-06 -0.804599 0.174369 -1.13804
0.000831486 -0.000559873 -1.10808e-08 -0.0674003 0.177212 1.31754
-0.00483092 0.00963518 0.00453301 0.187664 -0.178798 3.13355
-6.04429e-05 0.00238443 0.0130047 0.187664 -0.178798 3.13355
-0.00067871 0.000768976 0.00112791 1.7555 0.0252849 1.3936
-0.00256898 0.00205149 0.00330578 -0.0856991 -0.182481 1.41219
0.000664529 0.000209629 0.00204249 -2.24247 0.341423 2.59144
-0.00234755 -0.00106028 0.00254131 0.0973164 -0.00157154 0.0320942
2.11991e-07 -0.000277846 1.12568e-07 0.0973241 -0.00156544 0.0320991
-0.000387855 -0.000277509 -2.31271e-06 -0.844984 0.166559 -1.13348
0.000385952 -0.000279068 3.15441e-06 -0.0700453 0.191736 1.30303
0.00781948 -0.0124028 0.00195887 0.186311 -0.178127 3.1394
0.00129557 -0.00511394 -0.00103433 0.186311 -0.178127 3.1394
-0.000372553 0.000524024 0.00211022 1.75422 0.0306671 1.39529
-0.00141153 -0.000316511 0.00383269 -0.0948421 -0.182223 1.44436
0.00148497 -0.00158832 0.000541346 -2.24065 0.348958 2.60356
-0.00338962 -0.00244655 0.000485708 0.0993686 -0.00221088 0.0444666
-7.90126e-08 -0.00142985 6.05514e-07 0.0993699 -0.00221161 0.0444721
-0.00050752 -0.00142974 -1.49702e-07 -0.843039 0.163861 -1.12667
0.000507691 -0.00142958 -5.16113e-06 -0.0718608 0.207732 1.29398
0.000609817 -0.0105494 -0.00174613 0.186633 -0.183351 -3.14014
0.000246941 -0.0156396 -0.0133552 0.186633 -0.183351 -3.14014
0.000463754 0.00014307 0.00246924 1.75438 0.0352694 1.39083
0.00111671 -0.00307006 0.0032163 -0.0948965 -0.192098 1.44561
-0.00081729 -0.00118804 -0.000100134 -2.2397 0.405412 2.65148
-0.00211986 -0.00303436 -0.000317848 0.0988775 -0.00260733 0.0524993
-1.45425e-07 -0.00108574 3.73684e-07 0.0988774 -0.00260073 0.052504
-0.00104586 -0.0010868 -1.67642e-06 -0.819376 0.164115 -1.12604
0.0010432 -0.00109137 2.90847e-07 -0.0713008 0.219004 1.29654
0.000604048 0.0017617 0.00833618 0.176649 -0.204809 -3.13445
-0.00772181 -0.00103052 -0.00871998 0.176649 -0.204809 -3.13445
-0.00144739 0.00177575 0.00171316 1.74388 0.0427893 1.37032
-0.000616154 -0.00216909 0.00869516 -0.098524 -0.195282 1.44769
-0.00206472 0.00271716 0.00017014 -2.23849 0.430082 2.67509
-0.00281336 -0.00191843 0.00722226 0.126679 -0.004051 0.0634173
1.825e-07 0.00189099 -1.0911e-06 0.12669 -0.00402979 0.0634211
-0.00278368 0.00189154 8.02625e-07 -0.808712 0.163732 -1.12209
0.0027822 0.00189197 1.05723e-05 -0.0733419 0.24854 1.28763
-0.00333177 0.00866701 0.00282439 0.180385 -0.203574 -3.13881
-0.00656865 -0.0100501 -0.014607 0.180385 -0.203574 -3.13881
8.01995e-05 -0.000533714 -0.000718071 1.74756 0.0390194 1.37093
0.000680673 -0.000106108 0.000571379 -0.0920442 -0.193476 1.43272
-0.000763177 -0.0020224 0.000111162 -2.22309 0.474479 2.71371
0.00172284 0.000971746 -0.00207099 0.118667 -0.00337976 0.0569053
-8.30715e-07 -9.42017e-05 1.27378e-06 0.118663 -0.00338066 0.0569022
0.00104767 -9.28878e-05 -6.0356e-07 -0.798572 0.162711 -1.13175
-0.00103504 -8.45377e-05 -1.47828e-05 -0.0717086 0.251244 1.29443
0.00250401 -0.011365 0.00266914 0.191175 -0.205323 -3.13803
-0.0158025 -0.00596315 -0.0193165 0.191175 -0.205323 -3.13803
0.00188868 -0.00033153 0.000983857 1.75808 0.0422481 1.36978
0.000317146 -0.000646279 -8.93211e-05 -0.0893215 -0.180225 1.44317
-0.00314731 -0.00375482 -0.00589044 -2.21331 0.497955 2.7412
-0.00126722 -0.00109396 -0.00687228 0.0937969 -0.00291169 0.0619256
5.70572e-07 -0.000205456 1.74042e-06 0.0937807 -0.00290803 0.0619302
0.00141093 -0.000209216 -1.47171e-05 -0.79727 0.184055 -1.15366
-0.00141714 -0.000215884 -1.83634e-05 -0.0698955 0.251024 1.30177
-0.000466672 -0.00240026 -0.00308551 0.193859 -0.193911 -3.14157
-0.0103254 -0.00972842 -0.0190081 0.193859 -0.193911 -3.14157
0.000681277 0.000111603 0.000843717 1.76111 0.0371516 1.38044
-0.00122185 -0.000830087 -0.00334255 -0.0923155 -0.178779 1.44588
-0.00937138 0.00219191 -0.0215404 -2.22705 0.496145 2.78481
0.00054634 -0.00116817 -0.00144206 0.0886599 -0.00264119 0.0600264
-5.46021e-07 -0.000755796 -1.35102e-06 0.0886554 -0.00265653 0.0600223
-0.000110867 -0.000753509 1.53267e-05 -0.808081 0.270074 -1.18266
0.00011554 -0.000747232 1.32639e-05 -0.0711763 0.237605 1.29657
