-0.210245 -0.386064 -0.00529681 0.289968 0.39017 -3.10642
0.0940577 -0.110624 -0.392206 0.289968 0.39017 -3.10642
1.55409 0.0343009 -0.0325023 1.83919 -0.0750567 1.95558
-0.209 -0.0822429 0.0470436 -0.478126 -0.170597 1.5667
0.223632 -0.0893532 -0.15108 -1.85218 1.07214 -2.9789
-0.00286021 0.430418 0.00311859 0.0144357 -9.39517e-05 0.0132527
1.57108e-06 0.214314 -5.82912e-07 0.0144515 -9.50633e-05 0.0132424
0.15342 0.214315 9.66034e-07 -0.535848 0.45136 -1.34358
-0.153427 0.21432 1.84052e-06 -0.488209 0.154665 1.38556
0 0 0 0.289968 0.39017 -3.10642
0 0 0 0.289968 0.39017 -3.10642
0 0 0 1.83919 -0.0750567 1.95558
0 0 0 -0.478126 -0.170597 1.5667
0 0 0 -1.85218 1.07214 -2.9789
0 0 0 0.0144357 -9.39517e-05 0.0132527
0 0 0 0.0144515 -9.50633e-05 0.0132424
0 0 0 -0.535848 0.45136 -1.34358
0 0 0 -0.488209 0.154665 1.38556
-0.00208452 -7.68789e-05 -0.000479676 0.288787 0.388795 -3.10998
-0.00252165 0.00502283 0.00295797 0.288787 0.388795 -3.10998
0.000276122 0.000622476 0.000218345 1.83831 -0.0776817 1.95339
-0.000510902 -0.000208993 0.000218543 -0.478023 -0.172897 1.56152
0.0011569 -0.000316958 0.00213808 -1.89124 1.06148 -3.02262
7.38857e-05 8.79207e-05 0.000535804 0.0168992 -0.000110607 0.0128849
-1.62493e-06 5.16821e-06 7.03569e-07 0.0169002 -0.000109278 0.012882
3.43099e-06 3.55089e-06 -1.68955e-06 -0.538342 0.445068 -1.34021
5.66603e-06 4.38431e-07 -1.33725e-06 -0.488384 0.155224 1.384
-3.08637e-06 5.98062e-06 -3.12694e-06 0.288789 0.388809 -3.11
5.09388e-07 1.00209e-05 6.75972e-06 0.288788 0.388798 -3.10998
0.00036548 -0.000934073 -0.000629392 1.83843 -0.0806605 1.95419
7.93178e-06 5.19785e-06 -2.2433e-07 -0.478048 -0.172906 1.56148
4.82395e-06 6.44732e-07 4.81872e-06 -1.89129 1.06146 -3.02268
0.000633881 -0.000291821 0.00102019 0.0216459 -0.000104206 0.009951
-7.05717e-07 2.12564e-06 -2.49617e-08 0.0216456 -0.000106873 0.00994643
1.69987e-06 1.04229e-06 5.50632e-07 -0.538341 0.445059 -1.3402
1.16348e-05 6.25912e-06 -3.44856e-06 -0.48841 0.155233 1.38399
0.0010127 0.00575185 -0.00501631 0.279181 0.394271 -3.11456
-0.0158719 0.03767 0.0207672 0.279181 0.394271 -3.11456
-0.00179641 0.000768922 -0.00547552 1.8289 -0.0799186 1.9582
-0.00023249 0.00526499 -0.00225835 -0.480911 -0.181996 1.56557
0.00675762 0.0113868 0.0067313 -2.08218 0.966475 3.07519
0.000288123 -0.000434535 -0.00172668 0.0136898 -5.47068e-05 0.00865883
1.1039e-06 -8.49545e-06 -5.28195e-07 0.0136988 -5.8388e-05 0.00866055
-2.29997e-06 -3.66506e-06 4.38114e-07 -0.579321 0.438988 -1.30985
-1.55548e-05 -1.38602e-06 5.947e-06 -0.489066 0.150425 1.37998
0.00328272 -0.00500486 -0.00255872 0.279038 0.402745 -3.10798
-0.0136422 0.0238431 0.0255793 0.279038 0.402745 -3.10798
0.000479492 -0.000523569 -0.000576277 1.82774 -0.0756572 1.96811
0.000442777 -0.00506437 -0.00222521 -0.483061 -0.183095 1.57494
0.00599335 0.00570312 0.00838257 -2.17201 0.86597 2.98059
-0.000664984 0.000472019 0.000253654 0.014822 -7.66903e-05 0.0117154
-1.79732e-07 2.42254e-06 5.46731e-07 0.0148223 -8.50043e-05 0.0117219
-7.50067e-06 3.5063e-08 -3.52646e-07 -0.625386 0.420848 -1.28554
9.30772e-06 -1.07568e-05 -4.86462e-06 -0.488422 0.140822 1.38457
0.00239974 -0.00310605 -0.00201454 0.275008 0.40832 -3.10492
-0.0148078 0.0208777 0.0363911 0.275008 0.40832 -3.10492
0.00184047 -0.000913396 0.00275596 1.82336 -0.0725299 1.97456
0.00162113 -0.00309825 -0.00209141 -0.482922 -0.182842 1.57751
0.00632014 0.00293946 0.0125092 -2.21763 0.741812 2.90966
-0.000247948 0.00108406 -0.000631419 0.0118427 -6.83992e-05 0.0127938
-2.71539e-07 2.31706e-06 -1.66081e-07 0.0118466 -7.39922e-05 0.0127985
1.63871e-06 -2.80387e-06 1.46628e-06 -0.688282 0.386589 -1.26242
9.86454e-07 -7.59553e-06 7.75829e-07 -0.487466 0.132826 1.39167
0.00398158 -0.0021754 0.000978121 0.274426 0.410428 -3.09861
-0.00596027 0.0183718 0.0426312 0.274426 0.410428 -3.09861
0.00198476 -0.00158731 0.00387368 1.82249 -0.0667207 1.97822
0.00290557 -0.00184558 -0.000917579 -0.481126 -0.176595 1.58104
0.0101272 0.00161743 0.0173504 -2.2305 0.624334 2.85282
-0.000290173 0.000587616 -0.000232198 0.0107423 -7.29539e-05 0.0140914
-1.00947e-07 4.71932e-07 1.08584e-07 0.0107429 -7.497e-05 0.0140977
1.01803e-06 -1.36755e-07 -1.26663e-06 -0.745855 0.333872 -1.22858
-4.89967e-07 -2.08255e-06 6.50285e-07 -0.486106 0.129311 1.4021
-0.00258035 0.00120581 0.00828239 0.28466 0.403041 -3.09849
-0.00104212 0.00836708 0.0423997 0.28466 0.403041 -3.09849
-0.000131083 -0.00120818 0.00427947 1.83273 -0.0687447 1.97046
0.00130949 0.00205641 0.0033878 -0.476175 -0.160484 1.56822
0.0107212 -0.00145884 0.0200557 -2.19606 0.526875 2.82681
-0.000305325 0.000429406 0.000512349 0.013065 -0.000121332 0.0154449
-4.62577e-07 -6.80444e-06 1.30503e-07 0.0130412 -0.000103667 0.0154352
-9.17381e-07 -5.01808e-06 -9.74798e-07 -0.813842 0.268582 -1.19704
1.0084e-05 -1.79099e-05 5.21707e-06 -0.485634 0.141201 1.40517
-0.00556236 0.00413996 -0.000280867 0.27794 0.395802 -3.10807
-0.00469117 0.0108392 0.0325494 0.27794 0.395802 -3.10807
-0.00103748 0.00224625 0.000272764 1.82746 -0.0735612 1.96143
-0.00258739 0.00388352 0.00112635 -0.476703 -0.165118 1.55845
0.00313713 0.0021414 0.0109093 -2.15881 0.439891 2.80336
0.000373217 -0.00151345 0.000125488 0.0137484 -0.00010496 0.0138563
1.03595e-06 -2.42934e-06 -6.29593e-07 0.0137541 -9.79836e-05 0.0138497
-4.52423e-06 7.23296e-07 7.30171e-07 -0.885568 0.235616 -1.18483
-8.96374e-06 2.37963e-05 5.6507e-07 -0.487157 0.146436 1.39458
-0.00693548 -0.00121744 0.00495433 0.281777 0.387518 -3.11702
-0.00543364 -0.000876399 0.0240376 0.281777 0.387518 -3.11702
-0.00147839 0.00214551 0.00248042 1.83206 -0.0815343 1.95082
-0.00294893 -0.000955835 0.00290842 -0.475984 -0.158391 1.54537
0.00129931 -0.00348995 0.00774985 -2.10196 0.374467 2.80246
-0.000107607 0.00114336 0.000856485 0.0176067 -0.000155109 0.014279
1.2023e-07 -2.75972e-06 2.19725e-07 0.0175971 -0.000133548 0.0142517
-7.71349e-06 -9.73731e-06 -1.3865e-06 -0.96198 0.208926 -1.18517
7.98835e-06 -7.86258e-06 -1.0673e-06 -0.488503 0.155162 1.38548
-0.00576965 0.00930014 -0.00125287 0.274538 0.385073 -3.12588
-0.00227656 0.00663597 0.00640294 0.274538 0.385073 -3.12588
-0.00361796 0.00281424 -0.00763115 1.82575 -0.0868066 1.94675
-0.00362532 0.00889529 0.000866369 -0.478609 -0.165353 1.53828
-3.196e-05 0.00819103 0.00313403 -2.09094 0.361174 2.81114
-4.95202e-05 -0.00177034 -2.03754e-05 0.0176601 -0.000132326 0.014628
-2.27067e-08 -1.89129e-06 -9.33872e-08 0.017667 -0.000129759 0.0146217
6.69246e-06 9.10483e-06 1.54923e-06 -0.977254 0.204066 -1.17504
-6.81906e-06 1.13626e-05 -2.01694e-06 -0.491305 0.162212 1.36779
-0.000640379 -0.00424691 -0.00182868 0.268671 0.382036 -3.1304
-0.000119492 -0.00571286 -0.00620968 0.268671 0.382036 -3.1304
-0.00030665 0.000610816 -0.00193982 1.82067 -0.0882807 1.94315
-0.00151673 -0.00450248 -0.000202126 -0.480511 -0.170708 1.54114
0.000834698 0.00118794 -0.00163679 -2.09096 0.378458 2.83809
-0.000570033 0.00114343 -0.0020467 0.00813728 -7.59063e-05 0.0171677
-4.59941e-07 7.00598e-06 1.36557e-08 0.00814519 -7.15288e-05 0.0171643
5.77316e-06 6.57092e-06 1.03197e-07 -0.969162 0.209814 -1.17097
-3.64166e-06 4.42626e-06 1.49632e-06 -0.491624 0.15902 1.36587
-0.00249505 -0.000658247 0.00193619 0.271497 0.37575 -3.13802
-0.00612169 -0.0118653 -0.0162099 0.271497 0.37575 -3.13802
-0.000358403 0.00209041 0.00081376 1.8241 -0.0951119 1.93488
-0.00282267 -0.000563156 0.00137103 -0.482759 -0.168857 1.54223
-0.00652472 -0.0047942 -0.00860015 -2.09556 0.407538 2.86445
0.000394049 0.000726714 0.000377809 0.0098335 -8.41811e-05 0.0153035
1.23521e-07 -8.13103e-07 6.64797e-07 0.00983081 -7.75953e-05 0.0152944
-5.24236e-06 -6.83228e-06 -2.71036e-06 -0.956428 0.23563 -1.19709
4.24749e-06 -7.15463e-06 -3.0367e-06 -0.493024 0.162902 1.35701
0.000794796 -0.00378218 -0.00224203 0.267983 0.371752 -3.1388
-0.00410451 -0.0149231 -0.0250003 0.267983 0.371752 -3.1388
0.00217383 0.000406884 0.00218758 1.82119 -0.0936244 1.93111
0.000699413 -0.00397003 -0.00107455 -0.482227 -0.172694 1.54252
-0.00563863 -0.00375577 -0.0142623 -2.11022 0.449717 2.90623
0.000474227 -0.00063253 0.000158975 0.0105938 -7.614e-05 0.0131627
-1.4504e-07 7.62397e-06 9.69243e-08 0.0105975 -7.17212e-05 0.0131632
5.66591e-06 4.6996e-06 -2.72887e-07 -0.933424 0.278551 -1.21898
-4.27454e-06 -2.63987e-06 -1.01128e-06 -0.492243 0.157481 1.36205
0.000513143 0.000782682 0.00141014 0.273868 0.372917 -3.13837
0.00244999 -0.0224612 -0.0320167 0.273868 0.372917 -3.13837
0.00148121 -0.000587771 0.00201943 1.8266 -0.0955766 1.93183
0.000681165 0.0010677 -0.000231271 -0.481245 -0.167288 1.542
-0.00379495 -0.00526873 -0.0131731 -2.11097 0.526782 2.97057
9.68552e-05 -0.000365021 0.000798348 0.0141911 -7.42065e-05 0.0126626
-1.43619e-06 2.66167e-06 1.694e-06 0.0141235 -8.78875e-05 0.0126416
5.71581e-06 5.48037e-07 -5.51442e-07 -0.894054 0.314721 -1.23655
1.83464e-06 -1.614e-07 -7.93947e-06 -0.492072 0.157369 1.36352
0.00249933 -0.000352588 0.00439975 0.282161 0.367325 -3.1332
0.00551831 -0.024485 -0.0338079 0.282161 0.367325 -3.1332
0.000274665 -0.00104564 0.000903159 1.83482 -0.0920598 1.927
0.00130913 5.94909e-05 0.00209685 -0.479141 -0.159717 1.54595
-0.00387099 -0.00598517 -0.0140102 -2.09559 0.610479 3.04428
0.000100732 -0.00124127 0.000629763 0.0172857 -0.000122818 0.012336
1.14217e-06 -5.33628e-06 -1.29513e-06 0.0172681 -0.000109916 0.0123409
-2.35513e-06 1.15343e-06 1.44137e-07 -0.855759 0.350801 -1.25461
-3.24733e-06 2.14365e-06 7.24937e-06 -0.491363 0.164281 1.36774
0 0 0 0.282161 0.367325 -3.1332
0 0 0 0.282161 0.367325 -3.1332
0 0 0 1.83482 -0.0920598 1.927
0 0 0 -0.479141 -0.159717 1.54595
0 0 0 -2.09559 0.610479 3.04428
0 0 0 0.0172857 -0.000122818 0.012336
0 0 0 0.0172681 -0.000109916 0.0123409
0 0 0 -0.855759 0.350801 -1.25461
0 0 0 -0.491363 0.164281 1.36774
-0.000173737 0.000934899 0.000959478 0.291519 0.364124 -3.13207
0.0154028 -0.0377487 -0.0613501 0.291519 0.364124 -3.13207
-0.00137697 5.94584e-05 -0.00320314 1.84392 -0.0933648 1.92339
-0.00154205 0.000911067 0.00120859 -0.480617 -0.160545 1.55044
-0.0127929 -0.00263149 -0.0279094 -2.01976 0.771117 -3.0746
0.000483994 -0.000305468 0.000965298 0.0218022 -0.000110329 0.0101183
7.1627e-07 3.05286e-06 -2.96802e-07 0.0217944 -0.000110263 0.0101167
1.92085e-06 6.82669e-06 2.44283e-06 -0.790108 0.429042 -1.29653
-5.96463e-06 1.36684e-05 -6.81744e-07 -0.492227 0.16848 1.36213
0.00365757 -0.00259606 -0.00432862 0.287487 0.369197 -3.1284
0.0106737 -0.00914045 -0.0211193 0.287487 0.369197 -3.1284
0.000812988 -0.0010858 -0.00124859 1.83953 -0.0897851 1.92963
0.00146788 -0.00291033 -0.00217403 -0.481249 -0.167625 1.55762
-0.00266246 0.00010505 -0.00807939 -1.982 0.836521 -3.01976
0.000361224 8.39993e-05 9.75048e-05 0.0222573 -8.30285e-05 0.00842761
-6.03914e-07 -5.32671e-07 -6.16848e-07 0.0222629 -9.04842e-05 0.00843514
-1.97352e-06 9.55154e-07 2.21242e-06 -0.75124 0.451416 -1.30473
5.43473e-06 -5.28373e-06 -3.03955e-07 -0.491163 0.160134 1.36883
