-0.25171 -0.468565 -0.0875479 0.28444 -0.00966348 3.10186
0.480097 0.348459 -0.225006 0.28444 -0.00966348 3.10186
1.87233 -0.066779 0.136053 1.85541 -0.0354194 1.55037
-0.231545 -0.157493 -0.00545662 -0.439623 -0.257496 1.50606
0.409798 0.0694185 -0.11623 2.02837 0.361367 1.32403
-0.00191105 0.425594 -0.00750365 -0.0352732 0.000142829 0.00898917
4.89315e-07 0.212891 4.38516e-07 -0.0352787 0.000155429 0.00899772
0.160357 0.21289 -6.71146e-07 1.13152 0.383877 -0.521966
-0.160358 0.212887 -2.49072e-07 -0.414859 -0.0144666 1.38091
0 0 0 0.28444 -0.00966348 3.10186
0 0 0 0.28444 -0.00966348 3.10186
0 0 0 1.85541 -0.0354194 1.55037
0 0 0 -0.439623 -0.257496 1.50606
0 0 0 2.02837 0.361367 1.32403
0 0 0 -0.0352732 0.000142829 0.00898917
0 0 0 -0.0352787 0.000155429 0.00899772
0 0 0 1.13152 0.383877 -0.521966
0 0 0 -0.414859 -0.0144666 1.38091
0.00117216 -0.00304191 0.00184109 0.288123 -0.0105746 3.1037
-0.0217838 0.000627625 0.00685923 0.288123 -0.0105746 3.1037
0.0011537 -0.000435489 0.0019199 1.85907 -0.0333301 1.54989
0.000130287 -0.00181202 -2.59417e-05 -0.439649 -0.250993 1.50964
-0.00342609 -0.00455689 0.00308293 2.0541 0.348551 1.39008
3.45868e-05 0.000285622 0.00119418 -0.0296242 0.000128589 0.00880739
-3.84142e-07 4.55846e-07 9.28486e-08 -0.0296289 0.000129996 0.00880981
1.28825e-06 -2.42694e-06 -1.55091e-06 1.10732 0.375383 -0.541677
4.34346e-08 -4.25226e-06 -3.564e-06 -0.414881 -0.0144586 1.38215
0.00146634 -0.00122084 0.00248207 0.293681 -0.00600915 3.10652
-0.0273317 -0.000283431 0.00654076 0.293681 -0.00600915 3.10652
-0.000325806 5.59833e-05 -8.24268e-05 1.86463 -0.0318326 1.55489
-0.000349933 -0.000111823 4.57246e-05 -0.441587 -0.242925 1.51563
-0.0101186 -0.00325126 0.00625863 2.08332 0.347307 1.45049
3.65612e-05 -0.00031143 0.000970841 -0.0250993 0.000113992 0.00865238
2.04042e-07 -4.3071e-06 -3.56802e-07 -0.0251044 0.000110208 0.0086549
-1.60885e-06 5.99946e-08 1.79091e-06 1.0697 0.364387 -0.570241
-2.74631e-07 4.00408e-06 9.26939e-08 -0.414911 -0.0143312 1.3813
0.000559635 0.000252548 -0.00376371 0.284536 -0.0118909 3.10903
-0.0390061 -0.000850978 0.00242426 0.284536 -0.0118909 3.10903
0.000169433 0.000110413 -2.68561e-05 1.85543 -0.0279198 1.55024
0.000814224 -0.000503686 -0.0010466 -0.441191 -0.251636 1.51469
-0.00852309 -0.000903848 0.00439432 2.14315 0.35559 1.55622
5.20056e-05 -5.55795e-05 -0.00102335 -0.0298961 0.000117562 0.00840975
-1.20737e-08 -6.14081e-06 -9.60665e-07 -0.0298855 0.000123772 0.0084125
-2.75281e-06 -5.71874e-06 3.11087e-06 1.00005 0.35843 -0.589822
-8.08177e-07 -8.03927e-06 1.99024e-05 -0.414883 -0.017138 1.38367
0.00227223 0.000274292 -0.00232266 0.275759 -0.0177874 3.11608
-0.0508931 -0.00579685 0.00249907 0.275759 -0.0177874 3.11608
4.41845e-05 0.000328369 -0.0010321 1.84657 -0.0197052 1.54674
0.00109326 9.09556e-05 -0.000448587 -0.441672 -0.257432 1.51842
-0.0121859 -0.0011192 0.00410566 2.24338 0.363529 1.69226
0.000283324 -0.00110595 -0.00046604 -0.0322519 0.000105539 0.00712401
4.13034e-07 -7.64033e-06 1.74593e-08 -0.0322399 0.000113009 0.00713329
-5.44871e-06 -4.70417e-06 -1.64509e-06 0.89485 0.356479 -0.618973
1.79056e-06 -5.22e-06 -7.77909e-06 -0.414943 -0.0183042 1.38644
0.00247503 -0.000620604 0.00178269 0.275932 -0.0195406 3.1213
-0.0524559 -0.014118 0.00648314 0.275932 -0.0195406 3.1213
-0.000105958 -5.57331e-05 -0.000308868 1.84671 -0.0141998 1.54647
0.00213128 -0.000736257 0.00154062 -0.439977 -0.256791 1.5195
-0.0112689 -0.00337183 0.00541088 2.37378 0.363157 1.84233
-0.000319751 -0.000652903 6.98008e-05 -0.0320355 0.000136235 0.00865429
-3.05843e-07 7.37144e-06 6.04996e-07 -0.0320356 0.000138179 0.00866007
3.77161e-06 5.05392e-06 -1.55615e-06 0.761989 0.346933 -0.655108
9.46561e-07 6.01855e-06 -7.83407e-06 -0.415068 -0.0142066 1.39232
0.0033694 -0.000970077 -0.00130175 0.278913 -0.0123747 3.12428
-0.043958 -0.019176 0.0105842 0.278913 -0.0123747 3.12428
8.65525e-05 -0.00105852 0.000195373 1.84972 -0.013238 1.55414
0.00262625 -0.00139679 -0.000392841 -0.438842 -0.259902 1.5218
-0.00646398 -0.00529873 0.00885897 2.51132 0.358368 1.98428
-0.000340956 -0.000253491 0.000141699 -0.0314101 0.000178372 0.0102705
-6.66896e-07 4.39857e-06 5.6514e-07 -0.0314154 0.000166787 0.0102755
8.20004e-07 2.88065e-06 1.08836e-06 0.619797 0.318149 -0.687055
6.40867e-06 2.09073e-06 -9.81354e-06 -0.415223 -0.0151765 1.39975
0.0040508 0.00130007 -0.00100528 0.27925 -0.0130493 3.12727
-0.0349972 -0.0173842 0.00812626 0.27925 -0.0130493 3.12727
-0.000405638 -0.000683199 -0.00014334 1.85004 -0.0101719 1.55431
0.00235755 0.000390078 0.000582942 -0.438559 -0.265452 1.5271
-0.00387781 -0.00295841 0.00478904 2.65618 0.346364 2.10576
5.95447e-05 -0.000399422 8.51073e-05 -0.0310535 0.000153384 0.0100115
2.54614e-07 3.06462e-06 -7.36657e-07 -0.0310543 0.000155067 0.0100189
2.86436e-06 4.2086e-06 -4.17248e-07 0.477602 0.302367 -0.705678
-5.26264e-06 6.12128e-06 1.05971e-05 -0.415276 -0.0137038 1.40572
-0.000117747 0.004133 -0.00743444 0.26763 -0.0150111 3.1273
-0.0192301 -0.00614478 0.00413754 0.26763 -0.0150111 3.1273
0.000427847 0.000760683 -0.00182385 1.83841 -0.00981099 1.55254
-0.00185172 0.00324929 -0.00371311 -0.443058 -0.277351 1.53255
-0.00325376 0.000602276 -0.000278886 2.73905 0.329421 2.1658
2.91925e-05 -0.000740897 -0.00120737 -0.0369073 0.0001796 0.00991257
4.67547e-07 -1.23185e-05 -7.60012e-07 -0.0368916 0.00018187 0.0099124
7.67831e-07 -1.03812e-05 1.61566e-06 0.399313 0.306629 -0.712208
-4.34152e-06 -5.43627e-06 4.28373e-06 -0.415155 -0.0236759 1.39945
-0.000845396 -0.000366336 -0.00288286 0.269033 -0.00443264 3.12372
0.00268113 -0.003586 -0.00469346 0.269033 -0.00443264 3.12372
0.000946903 0.00056142 0.00156659 1.83987 -0.0160493 1.56178
-0.00159914 -0.000440205 -0.00213597 -0.445615 -0.279666 1.53497
0.00220259 -0.00217393 -0.000706124 2.74796 0.343457 2.16715
0.000228214 0.000863736 0.000398119 -0.0348925 0.00017791 0.00877961
-5.22743e-07 8.86693e-06 1.56147e-06 -0.0348953 0.00016002 0.00877356
-6.79483e-06 -4.11975e-07 1.53858e-08 0.388372 0.305664 -0.712987
1.10123e-05 -2.67848e-06 -1.46524e-05 -0.415102 -0.0292452 1.39544
-6.37139e-05 -0.000793822 -0.000180571 0.270845 -0.00733125 3.12262
0.01383 0.00564781 -0.0126504 0.270845 -0.00733125 3.12262
0.000969487 -0.000351696 0.000988568 1.84167 -0.0163193 1.55866
-0.00066774 -0.000879283 -4.0287e-06 -0.446879 -0.280279 1.5369
0.00299802 0.00220966 -0.00549598 2.70135 0.369196 2.12841
0.000718805 0.000183868 -7.73255e-05 -0.0352312 8.82072e-05 0.00535721
-2.45078e-07 4.08438e-06 1.33271e-07 -0.0352337 9.24715e-05 0.00535562
1.70965e-05 -2.27161e-05 -3.65647e-05 0.432696 0.324083 -0.698737
8.60978e-06 -1.756e-05 -5.48099e-06 -0.414982 -0.0291683 1.39408
-0.000249899 -0.00274228 0.00204806 0.273743 -0.00432789 3.12045
0.0265266 0.0111977 -0.0149497 0.273743 -0.00432789 3.12045
0.000358398 -0.000934569 -0.00111414 1.84459 -0.0191848 1.56092
0.00115823 -0.00108547 -0.000674014 -0.444409 -0.270733 1.53257
0.00589752 0.00541971 -0.00440656 2.60495 0.408161 2.05387
-0.000133017 0.000202814 0.000736684 -0.0317084 0.000101581 0.00597281
-3.15656e-07 -1.10357e-08 -1.33227e-07 -0.031714 9.6072e-05 0.00596876
-9.99832e-06 3.34065e-05 3.43753e-05 0.520785 0.338193 -0.667801
-1.20137e-05 3.1228e-05 9.21354e-06 -0.415158 -0.0308977 1.39764
-0.00123017 0.00287195 -0.00269407 0.271253 -0.00349318 3.12009
0.0329903 0.0187711 -0.0142156 0.271253 -0.00349318 3.12009
-0.000227672 -0.000289506 -0.00315803 1.84211 -0.0197816 1.56167
-0.00088216 0.00295689 -0.0016627 -0.445689 -0.273722 1.53146
0.00681306 0.0100189 -0.00806933 2.48798 0.430945 1.95395
-0.000284425 0.000943461 -0.000115608 -0.0320988 0.000118405 0.0073023
5.28491e-07 1.08827e-06 -5.36722e-07 -0.0320964 0.000117522 0.00730194
1.76496e-06 4.63011e-06 4.0343e-07 0.63332 0.366631 -0.620625
-5.09198e-06 4.06998e-06 4.63502e-06 -0.41503 -0.0355475 1.39399
0.00252324 -0.00230661 0.00188815 0.280136 0.00547659 3.12095
0.044201 0.0115038 -0.00989687 0.280136 0.00547659 3.12095
0.000942883 -0.000150051 0.00299052 1.851 -0.0213487 1.57036
-0.000208987 -0.00245116 -0.000460682 -0.44778 -0.266925 1.54021
0.00769666 0.00218078 -0.00650985 2.36855 0.444564 1.81556
-0.000444383 0.000924142 0.000777668 -0.028317 0.000144795 0.00936381
1.78421e-07 -4.73277e-06 5.8711e-07 -0.0283266 0.000135707 0.0093647
-5.93518e-06 -1.34789e-05 -9.47189e-07 0.746909 0.381777 -0.596626
4.36605e-06 -1.99631e-05 -6.72089e-06 -0.415042 -0.0365154 1.39457
-0.00187153 -0.0033096 0.00607585 0.296846 0.0118822 3.11497
0.0469341 0.00341322 -0.00662954 0.296846 0.0118822 3.11497
0.00170082 -8.52904e-05 0.00406001 1.86775 -0.0289329 1.57437
-0.00121912 -0.00197928 0.00333643 -0.446521 -0.257662 1.53825
0.0119779 -0.0047985 -0.00562715 2.26813 0.44489 1.68347
-0.000523853 0.000827917 0.0015348 -0.0210239 0.000130063 0.0117746
-3.26381e-07 -2.90104e-05 2.6725e-07 -0.0210379 0.000125247 0.0117696
-1.99157e-06 -2.67145e-05 7.06967e-08 0.842351 0.383559 -0.586434
4.61234e-06 -2.74103e-05 -6.14632e-07 -0.414978 -0.0275621 1.3923
-0.00142254 0.00509817 -0.00520887 0.285614 0.0186135 3.11061
0.0477717 0.0112784 0.00825475 0.285614 0.0186135 3.11061
-0.000600106 0.000196272 -0.00204898 1.85654 -0.0349668 1.57993
0.00057884 0.00351771 0.000478461 -0.445327 -0.275832 1.53167
0.00848948 0.00375402 -0.00239671 2.15409 0.40472 1.53974
0.000638039 -0.00101876 -0.00107601 -0.0261069 0.000152705 0.00881358
-9.93336e-07 -3.58752e-07 -5.00252e-06 -0.0260673 0.000126894 0.00879848
-3.2296e-07 6.64301e-06 3.08133e-06 0.975063 0.384604 -0.558391
4.00662e-07 1.64872e-05 1.08695e-05 -0.415014 -0.0265692 1.39217
-0.00178713 0.00185456 -0.00475776 0.276415 0.0209152 3.10712
0.0419419 0.0066505 0.00849583 0.276415 0.0209152 3.10712
-6.59194e-05 -0.00130486 -0.00169525 1.84737 -0.0388698 1.58151
-5.33291e-05 0.000578327 -0.000431176 -0.444607 -0.2897 1.52592
0.00775717 0.00419742 -0.00215237 2.07438 0.365303 1.41938
0.000362321 -0.000887242 -0.000671942 -0.0294413 0.000108909 0.00714452
8.07947e-07 1.03069e-05 3.70299e-06 -0.0294306 0.00010575 0.0071406
3.60641e-06 6.23765e-06 -1.95871e-06 1.08206 0.385646 -0.531339
-1.49741e-06 4.28972e-06 -7.19011e-07 -0.414976 -0.027764 1.39176
0 0 0 0.276415 0.0209152 3.10712
0 0 0 0.276415 0.0209152 3.10712
0 0 0 1.84737 -0.0388698 1.58151
0 0 0 -0.444607 -0.2897 1.52592
0 0 0 2.07438 0.365303 1.41938
0 0 0 -0.0294413 0.000108909 0.00714452
0 0 0 -0.0294306 0.00010575 0.0071406
0 0 0 1.08206 0.385646 -0.531339
0 0 0 -0.414976 -0.027764 1.39176
-0.000998381 0.00321665 0.00250741 0.273893 0.0303367 3.10434
0.043005 0.0109667 0.0171999 0.273893 0.0303367 3.10434
-0.00136427 -0.00133308 -0.00375668 1.84484 -0.0440709 1.58993
-0.00154434 0.00445983 2.21554e-05 -0.447085 -0.281211 1.52783
0.0107071 0.00661731 0.0017265 1.99873 0.306042 1.31327
0.000416085 -3.22387e-05 -0.000525531 -0.031938 9.60025e-05 0.00518954
3.33866e-07 1.81526e-05 1.5501e-07 -0.0319386 8.61369e-05 0.00518631
1.30593e-06 2.44509e-05 3.05302e-06 1.19896 0.373114 -0.492932
-2.98054e-06 3.01252e-05 -5.51833e-06 -0.41482 -0.0279921 1.38557
