-0.241229 -0.425293 -0.107529 0.242315 -0.157888 3.11226
0.209131 -0.403626 -0.0734799 0.242315 -0.157888 3.11226
2.33756 -0.0385344 -0.106589 1.81005 0.00924039 1.4105
-0.246932 -0.12284 -0.00449367 -0.537675 -0.328301 1.58965
0.214089 -0.101135 0.030745 -0.589534 0.331788 -1.58718
0.000375154 0.436507 0.00973092 0.0450546 3.11114e-05 -0.00173845
-3.01399e-07 0.220195 -4.71463e-06 0.0450519 3.73942e-05 -0.00173827
0.163034 0.220192 6.64512e-06 -0.591566 -0.0941855 -1.41322
-0.163033 0.220189 2.09951e-05 -0.477161 -0.0128578 1.33092
0 0 0 0.242315 -0.157888 3.11226
0 0 0 0.242315 -0.157888 3.11226
0 0 0 1.81005 0.00924039 1.4105
0 0 0 -0.537675 -0.328301 1.58965
0 0 0 -0.589534 0.331788 -1.58718
0 0 0 0.0450546 3.11114e-05 -0.00173845
0 0 0 0.0450519 3.73942e-05 -0.00173827
0 0 0 -0.591566 -0.0941855 -1.41322
0 0 0 -0.477161 -0.0128578 1.33092
0 0 0 0.242315 -0.157888 3.11226
0 0 0 0.242315 -0.157888 3.11226
0 0 0 1.81005 0.00924039 1.4105
0 0 0 -0.537675 -0.328301 1.58965
0 0 0 -0.589534 0.331788 -1.58718
0 0 0 0.0450546 3.11114e-05 -0.00173845
0 0 0 0.0450519 3.73942e-05 -0.00173827
0 0 0 -0.591566 -0.0941855 -1.41322
0 0 0 -0.477161 -0.0128578 1.33092
0.00762569 0.00662634 -0.00926516 0.239787 -0.161249 3.11271
0.00511943 0.0194918 0.00489294 0.239787 -0.161249 3.11271
-0.0238135 0.00231787 -0.00036945 1.80743 0.0100661 1.40731
0.000768114 0.00518721 -7.62012e-05 -0.54961 -0.356666 1.61252
-0.000974748 0.0182883 0.00330939 -0.582613 0.328355 -1.56702
-0.000357636 -0.000122778 0.000473368 0.0473014 -1.99283e-06 -9.0747e-05
-1.62382e-07 -1.17139e-06 -1.34826e-06 0.047304 1.31912e-06 -9.06942e-05
2.36941e-06 4.63101e-06 -1.51544e-06 -0.592197 -0.110391 -1.40703
-1.98345e-06 1.17362e-05 1.14743e-07 -0.477151 -0.0132101 1.32954
0.00409367 0.00209524 -0.00146215 0.243781 -0.159359 3.11142
-0.00175833 -0.00198141 0.0033116 0.243781 -0.159359 3.11142
-0.0226594 0.00392124 0.0020553 1.81144 0.00900562 1.40888
-0.00169259 0.0011741 -0.00117168 -0.560524 -0.358133 1.63186
0.00151727 -0.000878176 -0.00269673 -0.591031 0.309324 -1.57787
-0.000175943 -0.00088448 0.00166031 0.055217 -1.72988e-05 0.000734874
4.60352e-07 -7.985e-07 -6.98886e-06 0.0552127 -1.91817e-05 0.000734171
1.46832e-06 -1.50379e-07 4.16643e-06 -0.592663 -0.101226 -1.40264
-3.27801e-06 3.90883e-06 3.54573e-05 -0.47708 -0.016743 1.32401
7.60818e-05 -0.00190416 -0.00572588 0.240216 -0.161573 3.112
-0.00476707 -0.00545492 0.000893995 0.240216 -0.161573 3.112
-0.0222717 0.00523056 0.00713799 1.80784 0.00952154 1.40684
-0.00267914 -0.0041112 -1.69089e-05 -0.568509 -0.377045 1.64152
-0.00253021 -0.00618952 0.00173726 -0.587678 0.312834 -1.58536
0.000485273 -0.00034798 -0.00134253 0.0496824 2.24417e-05 -0.00147419
1.29488e-06 3.80503e-06 -9.13042e-06 0.0497032 3.47435e-05 -0.00147408
-1.43889e-07 -2.14154e-06 6.54005e-06 -0.591509 -0.104925 -1.41389
-1.17446e-05 -2.12273e-05 0.000133637 -0.476978 -0.0173828 1.31949
-0.00302435 -0.00726175 0.00557199 0.23459 -0.175759 3.11385
-0.00420371 0.000741633 0.000845478 0.23459 -0.175759 3.11385
-0.0225085 0.0060238 0.00674865 1.80173 0.013652 1.39341
0.00259044 -0.00370161 0.00135747 -0.554307 -0.361166 1.62213
-0.00206026 0.00121513 -0.00124912 -0.588717 0.30575 -1.59237
-0.000325639 -0.000511788 -0.0012746 0.0433619 -3.19201e-05 1.42897e-05
5.81825e-07 -2.96295e-06 -1.06208e-06 0.0433698 -1.32494e-05 1.54934e-05
-1.82045e-05 -3.73503e-06 2.60977e-05 -0.590934 -0.101385 -1.41973
1.94979e-05 4.5524e-06 -9.49493e-05 -0.477096 -0.0127239 1.32912
-0.00852008 -0.00546464 0.0137349 0.247522 -0.179938 3.10709
-0.00299649 0.00214442 0.0117817 0.247522 -0.179938 3.10709
-0.0254278 0.00986374 0.00349161 1.81426 0.0103815 1.38791
-0.00171881 -0.000145202 0.00498801 -0.542404 -0.330449 1.5991
-0.00591093 0.00448952 0.00355095 -0.579668 0.279202 -1.58254
0.000406367 0.000417729 0.000245694 0.0443477 3.33548e-05 -0.00186207
1.21332e-07 -1.94288e-05 1.1148e-05 0.0443316 3.91728e-05 -0.00186779
-6.11371e-06 -6.26687e-06 4.39475e-05 -0.589129 -0.114398 -1.43653
-5.09694e-05 3.7107e-05 0.000228745 -0.477108 0.000709498 1.32468
-0.00107652 -0.000368848 0.00374284 0.242919 -0.174797 3.10992
0.00158507 -0.000575307 0.00319202 0.242919 -0.174797 3.10992
-0.0248772 0.00613165 0.00106003 1.80996 0.011076 1.39353
0.0051481 -4.34862e-05 0.00455917 -0.527605 -0.332604 1.57881
0.0050003 -0.000117078 0.00125962 -0.587165 0.272468 -1.59381
0.00100947 3.66332e-06 0.000734692 0.0477612 0.000165689 -0.00657069
-7.7675e-07 7.12451e-06 -3.45313e-06 0.0477659 0.000160073 -0.00656853
1.73982e-05 2.54443e-06 -7.39027e-05 -0.590961 -0.118331 -1.42053
4.46078e-05 -2.93402e-05 -0.000264676 -0.477034 0.0143425 1.33867
-0.00105819 -0.0075347 0.021596 0.256824 -0.168313 3.10887
-0.00393425 -0.00518147 0.014633 0.256824 -0.168313 3.10887
-0.0269707 0.00810356 0.00470623 1.82393 0.0108865 1.39971
-0.00105261 -0.00335108 0.00730301 -0.521939 -0.286746 1.57869
-0.00337481 -0.00241247 0.00373865 -0.583191 0.236954 -1.59543
0.000612429 0.000787887 0.00110563 0.0526611 0.000255475 -0.00937229
-1.29108e-07 -1.22783e-05 7.53193e-06 0.0526458 0.000248671 -0.00937084
9.48573e-07 -1.61072e-05 -4.46959e-06 -0.589486 -0.129469 -1.43248
-4.95414e-06 -2.02572e-05 -9.8891e-07 -0.477068 0.0346134 1.33796
-0.00227606 -0.0036956 0.0142673 0.249876 -0.165293 3.11711
0.00359689 0.0018802 0.00437665 0.249876 -0.165293 3.11711
-0.0264522 0.00877434 0.00275541 1.81724 0.0169609 1.40458
-0.000429211 -0.00206331 0.00474057 -0.516125 -0.257084 1.57274
-0.00169349 0.0026498 0.00146215 -0.577754 0.22751 -1.57821
-0.000595201 0.00158919 -0.00105324 0.0475997 0.000162773 -0.00652921
3.15552e-06 1.52813e-06 -1.3316e-05 0.0476111 0.00015743 -0.00651726
-8.30391e-06 1.01013e-05 3.36625e-05 -0.588921 -0.135323 -1.43673
-8.51493e-06 7.417e-06 3.23541e-05 -0.477048 0.0474657 1.33815
0.000842289 -0.00216759 0.0136789 0.242395 -0.159311 3.12224
0.00398109 -0.00310588 0.00459856 0.242395 -0.159311 3.12224
-0.027907 0.00612196 0.00254821 1.81011 0.0192848 1.41148
0.00693864 0.00151268 0.00582775 -0.501247 -0.23082 1.55346
0.00443102 -0.00193496 -0.00106638 -0.584199 0.209348 -1.57962
-0.000587357 0.000910599 -0.00171839 0.0393829 8.32566e-05 -0.00386591
-3.71563e-06 6.69572e-06 1.43391e-05 0.0393898 7.75224e-05 -0.00386224
7.54212e-06 -1.38468e-06 -3.45633e-05 -0.590698 -0.130961 -1.4234
9.89207e-06 8.71814e-06 1.27689e-05 -0.47606 0.0641212 1.35608
-0.00302994 -0.00409154 0.0184236 0.24367 -0.15148 3.12487
-0.00384325 -0.00595375 0.00300715 0.24367 -0.15148 3.12487
-0.0257712 0.00992314 0.00940084 1.81167 0.0201784 1.41974
0.00250359 -0.00276646 0.00593497 -0.491136 -0.192265 1.53614
-0.00159103 -0.00583091 0.00268855 -0.581812 0.208183 -1.58691
0.00021758 -0.000887866 0.000582843 0.0423645 0.000120327 -0.0048265
3.39605e-06 1.14198e-05 -1.05583e-05 0.0423622 0.000107012 -0.00482167
-5.74619e-06 5.7974e-06 1.64939e-05 -0.58967 -0.136877 -1.43108
-1.55354e-05 -1.74068e-05 4.23867e-06 -0.475468 0.0801539 1.36458
0.00382315 0.000974857 0.00873283 0.235186 -0.132496 3.13072
0.00324693 0.00339122 -5.03825e-05 0.235186 -0.132496 3.13072
-0.0259753 0.00534918 0.0057898 1.80393 0.0202132 1.4394
0.00305164 0.00326772 0.00288543 -0.487976 -0.173278 1.5388
0.000590641 0.00324547 0.00103141 -0.580182 0.211618 -1.57834
0.00037952 0.000187705 -0.00185785 0.033755 0.000148954 -0.00661014
-2.30933e-06 -6.25106e-06 6.46588e-07 0.0337664 0.000122724 -0.00660373
-2.68182e-05 -2.62057e-07 3.47793e-05 -0.590107 -0.141494 -1.42769
4.40112e-05 8.02445e-06 -3.28982e-05 -0.474948 0.0891843 1.37098
0.00191269 -0.00648237 0.0156618 0.242915 -0.114141 3.13103
0.00310361 -0.000592792 0.00601403 0.242915 -0.114141 3.13103
-0.0248061 0.00787799 0.0123859 1.81214 0.017146 1.45746
-0.00148155 -0.00619554 0.00424056 -0.487266 -0.138409 1.54941
0.000629521 -0.00033741 0.00496996 -0.576325 0.20832 -1.57032
-0.00101066 -0.00114842 0.000988419 0.0384208 6.57321e-05 -0.00196522
4.36551e-07 3.25661e-06 6.29879e-06 0.038412 4.52603e-05 -0.0019638
-6.11045e-06 -3.9652e-06 -4.58512e-05 -0.590415 -0.157008 -1.42582
4.11574e-06 -1.48503e-05 -1.44888e-05 -0.475013 0.0992902 1.37034
-0.00441244 0.0335525 0.00213818 0.2356 -0.0956523 3.13337
0.00170941 0.00331182 -0.00438592 0.2356 -0.0956523 3.13337
-0.0242406 0.00627721 0.00622477 1.80533 0.0143025 1.47586
0.00508412 0.028585 0.00820392 -0.478942 -0.159179 1.51902
0.00364349 0.00254567 -0.000917576 -0.581206 0.219432 -1.5766
0.000166327 -0.00112899 -0.00108656 0.0334984 6.18803e-05 -0.00276881
-1.33857e-06 -8.89722e-07 5.7817e-06 0.0335031 4.9751e-05 -0.00276778
-4.12775e-06 3.86559e-06 -6.59824e-06 -0.592413 -0.155084 -1.413
1.26509e-05 1.68923e-05 -2.59827e-05 -0.475239 0.132309 1.36818
-0.00583406 0.0126524 0.0089609 0.244412 -0.0854787 3.13467
0.00332247 0.00275678 -0.000177984 0.244412 -0.0854787 3.13467
-0.0240702 0.00749369 0.00586418 1.81433 0.0139447 1.48618
-0.00154806 0.0106904 0.00898628 -0.475416 -0.160123 1.50507
-0.000140743 0.00302097 -0.00133561 -0.580922 0.215702 -1.56539
0.00039092 -0.000489297 0.000135344 0.0342823 9.53858e-05 -0.00456509
2.02277e-06 -2.65452e-06 -6.24345e-06 0.0342715 8.30426e-05 -0.00456254
9.38265e-06 -1.8143e-06 2.99643e-05 -0.592571 -0.152252 -1.41195
-2.79726e-05 -2.14292e-06 3.00763e-05 -0.476919 0.16357 1.35688
0.00117395 -0.0110836 -0.00321461 0.245881 -0.0694328 3.1356
0.00182549 -0.0204977 -0.00998016 0.245881 -0.0694328 3.1356
-0.0226282 0.0052945 0.00510371 1.81609 0.0110795 1.50199
9.86735e-05 -0.0105323 0.00179756 -0.47325 -0.175352 1.5086
0.00565682 -0.0169089 -0.0055095 -0.590746 0.226893 -1.5777
-0.00046586 0.000783157 0.000674763 0.0373391 7.98262e-05 -0.00239309
2.73886e-07 7.00707e-06 -7.04769e-06 0.037337 5.72613e-05 -0.00239162
1.21089e-06 7.31052e-06 -1.44841e-05 -0.593821 -0.127553 -1.403
1.43696e-05 8.57259e-06 -2.9575e-05 -0.475774 0.163945 1.36386
0.00351967 -0.0154273 -0.00512705 0.244601 -0.0522164 3.13719
-0.000381333 -0.0195085 -0.00856228 0.244601 -0.0522164 3.13719
-0.0223761 0.00518776 0.00542981 1.81507 0.00836375 1.51907
0.000596278 -0.0135007 -0.000475083 -0.472657 -0.188624 1.5182
0.00434516 -0.0176709 -0.00578165 -0.599841 0.233928 -1.59268
4.16007e-05 0.00145612 0.000460426 0.039091 6.91258e-05 -0.00258707
-2.11294e-06 4.12324e-06 1.30416e-05 0.039092 5.43715e-05 -0.00258579
-3.0193e-06 3.17422e-06 -1.56042e-05 -0.594283 -0.104295 -1.39911
8.54618e-06 2.99201e-06 -1.84945e-05 -0.47421 0.156481 1.37358
0.000375202 -0.00913898 -0.0086083 0.232756 -0.0393317 3.13607
0.00101272 -0.00979996 -0.0170906 0.232756 -0.0393317 3.13607
-0.0207301 0.00438806 0.00532428 1.80337 0.00369936 1.53126
-0.00150116 -0.00837456 -0.00219318 -0.474908 -0.207667 1.52423
0.00389672 -0.00878849 -0.00766797 -0.608714 0.261304 -1.60171
0.00014318 -0.000761706 -0.00117326 0.0338277 7.11947e-05 -0.003262
-1.69099e-07 -1.30462e-05 -7.43534e-07 0.0338394 5.84198e-05 -0.00326364
7.90794e-06 -1.34241e-05 1.14454e-06 -0.594895 -0.0799819 -1.3925
-1.08404e-05 -1.33369e-05 2.798e-05 -0.474146 0.146717 1.37405
