-0.259122 -0.381451 -0.151086 0.216041 -0.14157 3.0882
0.172966 -0.395203 -0.0965586 0.216041 -0.14157 3.0882
2.57361 0.0068188 -0.0718705 1.7847 -0.0219271 1.42114
-0.241543 -0.0955625 -0.0175144 -0.801059 -0.436361 1.50938
0.198462 -0.0907066 -0.000240514 -0.857265 0.305463 -1.65434
0.000645071 0.434204 0.00489719 0.0225424 4.24007e-05 -0.00295385
-2.83877e-07 0.215426 -7.62852e-06 0.0225359 3.51013e-05 -0.00294299
0.165214 0.215426 5.85887e-06 -0.846448 0.000817836 -1.46262
-0.16521 0.215422 8.91231e-05 -0.787913 -0.0549419 1.3301
0 0 0 0.216041 -0.14157 3.0882
0 0 0 0.216041 -0.14157 3.0882
0 0 0 1.7847 -0.0219271 1.42114
0 0 0 -0.801059 -0.436361 1.50938
0 0 0 -0.857265 0.305463 -1.65434
0 0 0 0.0225424 4.24007e-05 -0.00295385
0 0 0 0.0225359 3.51013e-05 -0.00294299
0 0 0 -0.846448 0.000817836 -1.46262
0 0 0 -0.787913 -0.0549419 1.3301
0.00630754 -0.00365546 0.0120645 0.197172 -0.130567 3.1062
0.0122707 0.00355317 -0.000534214 0.197172 -0.130567 3.1062
-0.0235613 0.000385383 0.00297857 1.76628 -0.00921165 1.43586
0.0110068 0.00104694 0.00826985 -0.783041 -0.418932 1.49428
0.00216407 0.00306007 0.00301594 -0.848442 0.317038 -1.62137
-0.000234885 -0.000437374 -0.0018924 0.0139211 2.81225e-05 -0.00187436
4.45576e-07 -4.80182e-05 3.40234e-07 0.0139398 1.60049e-05 -0.00185849
-2.421e-05 -4.74057e-05 4.06243e-07 -0.846483 -0.00900472 -1.45439
1.90278e-05 -4.54211e-05 -4.59936e-05 -0.789285 -0.029324 1.36298
0.00158645 -0.0150054 0.0311098 0.216283 -0.124556 3.11479
0.0131167 -0.0133507 0.0156802 0.216283 -0.124556 3.11479
-0.0249648 0.00443764 0.0137134 1.78538 0.000480816 1.44341
0.000871028 -0.00558004 0.0120808 -0.781541 -0.352791 1.49905
-0.00200878 -0.00981498 0.00469308 -0.83712 0.281358 -1.57165
-5.89598e-05 -5.67277e-05 0.000229638 0.0149524 1.87632e-05 -0.00158687
1.0225e-06 -1.23469e-05 -2.3691e-07 0.0149338 1.34765e-05 -0.00157617
6.01297e-06 -1.80805e-05 1.24204e-06 -0.846325 -0.0236338 -1.46437
-1.24026e-05 -3.15225e-05 -2.34211e-06 -0.789357 0.00866647 1.36922
0.00118668 -0.000626775 0.0188089 0.211037 -0.105686 3.12159
0.00499721 0.00852992 0.00704857 0.211037 -0.105686 3.12159
-0.0250083 0.0036281 0.00490003 1.78064 0.00253233 1.46327
0.000971989 0.00385749 0.00408782 -0.784044 -0.304787 1.50078
-0.00283873 0.00917845 0.00473864 -0.829652 0.273793 -1.54623
0.000138133 0.000873361 0.000438871 0.0169122 4.26155e-05 -0.00221884
-4.47201e-07 3.58186e-05 -1.3545e-06 0.0169167 2.4858e-05 -0.00221305
-2.00027e-05 4.31025e-05 4.84935e-05 -0.846102 -0.0397598 -1.47037
1.65804e-05 5.45793e-05 2.91874e-05 -0.789388 0.0215288 1.36977
-0.00391876 0.00333456 0.0191367 0.217062 -0.0879237 3.12409
-0.000773951 0.00548797 0.00634956 0.217062 -0.0879237 3.12409
-0.0248084 0.00442904 0.0041067 1.78701 0.00181529 1.48117
-0.000273811 0.00567454 0.00671549 -0.781895 -0.265183 1.48952
0.00581883 0.0059069 0.0050232 -0.833412 0.269528 -1.56762
-0.000264449 -0.000422855 9.74663e-05 0.0173802 3.16758e-05 -0.0010105
2.45591e-08 2.02099e-05 2.55736e-06 0.0173736 1.33154e-05 -0.0010073
1.62921e-06 1.80872e-05 -5.04105e-05 -0.847172 -0.0572525 -1.44907
3.03939e-06 2.38789e-05 -2.73789e-05 -0.789521 0.0434607 1.36529
0 0 0 0.217062 -0.0879237 3.12409
0 0 0 0.217062 -0.0879237 3.12409
0 0 0 1.78701 0.00181529 1.48117
0 0 0 -0.781895 -0.265183 1.48952
0 0 0 -0.833412 0.269528 -1.56762
0 0 0 0.0173802 3.16758e-05 -0.0010105
0 0 0 0.0173736 1.33154e-05 -0.0010073
0 0 0 -0.847172 -0.0572525 -1.44907
0 0 0 -0.789521 0.0434607 1.36529
-0.0140644 0.00805682 0.0464467 0.250221 -0.0599438 3.11993
-0.00658297 -0.00195609 0.0117436 0.250221 -0.0599438 3.11993
-0.0421928 0.0113941 0.0231142 1.82057 -0.0061594 1.50736
-0.00216525 0.0124918 0.0183129 -0.77608 -0.175171 1.45282
0.00570642 -0.000108593 0.00417337 -0.842538 0.245039 -1.60721
0.000362061 -0.00177399 0.00257316 0.0294387 7.3853e-05 -0.00265002
2.61673e-06 -2.41395e-05 -7.21389e-06 0.0294098 4.91748e-05 -0.00264829
-1.6338e-06 -3.01305e-05 5.88621e-05 -0.848307 -0.0707783 -1.43029
-2.63557e-05 -3.46486e-05 2.70927e-05 -0.790815 0.105587 1.34983
-0.000445406 0.00262465 -0.00785932 0.221363 -0.0310616 3.11937
0.00300344 -0.0118193 -0.0194896 0.221363 -0.0310616 3.11937
-0.0175632 0.00171407 0.00748715 1.79208 -0.0148641 1.53562
0.00216647 0.0012677 -0.00211815 -0.773637 -0.193493 1.44401
0.0045275 -0.0164276 -0.0100942 -0.851662 0.277156 -1.61273
-0.000148147 0.00107936 -0.00340667 0.0136106 5.11002e-05 -0.00200613
-3.14836e-06 -5.75082e-05 7.39716e-06 0.0136396 2.09047e-05 -0.00200805
-3.86356e-05 -5.39162e-05 -5.84578e-05 -0.848714 -0.0353775 -1.42326
7.0183e-05 -5.89138e-05 -1.07018e-05 -0.79021 0.0992258 1.3557
0 0 0 0.221363 -0.0310616 3.11937
0 0 0 0.221363 -0.0310616 3.11937
0 0 0 1.79208 -0.0148641 1.53562
0 0 0 -0.773637 -0.193493 1.44401
0 0 0 -0.851662 0.277156 -1.61273
0 0 0 0.0136106 5.11002e-05 -0.00200613
0 0 0 0.0136396 2.09047e-05 -0.00200805
0 0 0 -0.848714 -0.0353775 -1.42326
0 0 0 -0.79021 0.0992258 1.3557
-0.000113749 -0.0118012 0.00501801 0.228896 -0.0119928 3.12019
0.000910712 -0.012575 -0.00894619 0.228896 -0.0119928 3.12019
-0.0214722 0.00309585 0.00705229 1.79972 -0.0181265 1.55426
-0.00354439 -0.0112977 0.0083393 -0.769386 -0.203664 1.45511
0.00316448 -0.0119889 -0.00644959 -0.859038 0.284076 -1.61999
-0.000103935 3.89352e-05 0.00190967 0.0223521 4.32226e-05 -0.00151445
8.8576e-07 4.99411e-05 -1.31829e-06 0.0223439 2.35368e-05 -0.00151343
1.2021e-05 4.82755e-05 2.83218e-05 -0.8488 -0.0145848 -1.4192
-2.1439e-05 5.36465e-05 -1.39249e-05 -0.790561 0.122019 1.35242
0.00102505 -0.0071817 -0.00585575 0.216419 0.030203 3.1194
0.00308575 0.00774338 -0.026118 0.216419 0.030203 3.1194
-0.040322 0.00320719 0.00722479 1.78721 -0.0281605 1.59553
-0.00405445 -0.00719807 0.000625598 -0.770771 -0.223849 1.47128
-0.000341287 0.00609883 -0.00899565 -0.860459 0.336524 -1.60904
-0.00157077 4.38219e-05 0.000412995 0.0244748 3.35224e-05 0.00569957
2.04323e-06 4.61064e-05 -2.79695e-05 0.024482 -2.37642e-05 0.00569633
-1.15582e-05 4.42909e-05 -2.33706e-05 -0.848931 0.0128815 -1.41739
1.56019e-05 3.98264e-05 2.02703e-05 -0.79157 0.120853 1.34488
0 0 0 0.216419 0.030203 3.1194
0 0 0 0.216419 0.030203 3.1194
0 0 0 1.78721 -0.0281605 1.59553
0 0 0 -0.770771 -0.223849 1.47128
0 0 0 -0.860459 0.336524 -1.60904
0 0 0 0.0244748 3.35224e-05 0.00569957
0 0 0 0.024482 -2.37642e-05 0.00569633
0 0 0 -0.848931 0.0128815 -1.41739
0 0 0 -0.79157 0.120853 1.34488
-0.00187914 -0.00639705 -0.00565781 0.218608 0.0453185 3.11855
0.00279857 -0.00290257 -0.0106757 0.218608 0.0453185 3.11855
-0.0197248 0.00023135 0.00730646 1.7893 -0.0323203 1.61005
-0.00128973 -0.006799 0.00213917 -0.765981 -0.248366 1.46926
-0.00040952 -0.00351797 -0.00462809 -0.85942 0.354869 -1.59857
-9.81337e-05 0.000435028 0.000292983 0.0256325 -4.12616e-05 0.00611532
-2.27465e-06 8.1808e-06 1.89998e-05 0.0256281 -6.61149e-05 0.00611378
2.51559e-05 4.9678e-06 3.49808e-05 -0.848976 0.0269532 -1.42034
-2.298e-05 8.09166e-06 2.59398e-06 -0.791418 0.124786 1.34577
0.00554314 -0.0141502 -0.0104305 0.212452 0.0785326 3.12045
0.00939997 -0.00681441 -0.0261098 0.212452 0.0785326 3.12045
-0.0373217 -0.00454262 0.0170072 1.78274 -0.0372176 1.64313
0.00630537 -0.0137476 -0.00499891 -0.761581 -0.263672 1.46697
0.00948759 -0.0100813 -0.015611 -0.874062 0.388678 -1.59917
0.000222193 0.00110254 -0.00113671 0.0206043 6.38341e-05 0.00506195
-9.17801e-07 -2.03459e-06 -6.12569e-06 0.020637 -2.86233e-05 0.00507697
-7.87154e-07 4.27134e-06 -3.6956e-05 -0.847835 0.0718525 -1.39712
6.9198e-06 3.76175e-06 -2.79641e-05 -0.788088 0.105836 1.37302
0 0 0 0.212452 0.0785326 3.12045
0 0 0 0.212452 0.0785326 3.12045
0 0 0 1.78274 -0.0372176 1.64313
0 0 0 -0.761581 -0.263672 1.46697
0 0 0 -0.874062 0.388678 -1.59917
0 0 0 0.0206043 6.38341e-05 0.00506195
0 0 0 0.020637 -2.86233e-05 0.00507697
0 0 0 -0.847835 0.0718525 -1.39712
0 0 0 -0.788088 0.105836 1.37302
0.00679268 -0.000965205 -0.00108543 0.208107 0.0829565 3.12856
0.00348771 0.0100857 -0.012963 0.208107 0.0829565 3.12856
-0.0228537 -0.00310114 -0.000164722 1.77827 -0.0298717 1.64929
0.00451303 -0.000506884 0.0025366 -0.75586 -0.27429 1.47438
0.00741497 0.0042891 -0.00348601 -0.885002 0.422339 -1.61302
-0.000394477 0.000565208 -0.000590848 0.0175867 -5.11164e-05 0.00684413
4.2381e-07 -8.04822e-06 7.29382e-06 0.0175926 -5.74518e-05 0.00685599
2.50477e-05 8.92e-06 3.62517e-05 -0.845993 0.0828872 -1.37325
-2.8092e-05 1.51657e-05 4.72501e-05 -0.786586 0.113216 1.38652
0.0101051 0.0162135 0.00811184 0.211433 0.0947045 3.13392
0.0040086 0.00544052 -0.00662645 0.211433 0.0947045 3.13392
-0.0233882 -0.00518382 0.00174052 1.78135 -0.0273477 1.6618
0.0105061 0.0157356 0.00183178 -0.750534 -0.255885 1.47296
0.00511987 0.000369922 -0.00352396 -0.892638 0.437553 -1.61758
-0.000263928 -0.000657992 0.00106411 0.0224339 -7.14796e-05 0.0080474
-1.08729e-06 5.73643e-06 6.03401e-06 0.0224296 -8.57072e-05 0.00805357
8.74986e-06 -6.51349e-06 -3.66938e-05 -0.844673 0.0931577 -1.35816
1.44606e-06 -1.44296e-06 -1.5188e-05 -0.783852 0.124979 1.40977
0.00725422 -0.00747866 -0.00129757 0.20795 0.099897 3.13365
-0.000651475 0.00782434 -0.00782543 0.20795 0.099897 3.13365
-0.0236931 -0.00212955 0.00161404 1.77778 -0.0283669 1.66693
0.00167236 -0.00642937 -0.00182583 -0.752696 -0.253871 1.49107
-0.00350888 0.0024686 0.000909999 -0.883849 0.469586 -1.60844
-0.000792803 -0.000397331 -3.82235e-05 0.0225039 -0.000114028 0.0116953
9.48793e-07 3.00013e-06 -1.33389e-05 0.0225121 -0.000126829 0.0116955
1.38496e-05 6.88723e-06 1.79335e-05 -0.84548 0.0911937 -1.36693
-2.18193e-05 3.92244e-06 -2.10208e-05 -0.782822 0.117143 1.41806
0.00174996 -0.0094071 0.00583248 0.21435 0.0957246 3.13102
-0.00805548 -0.00200732 -0.0027318 0.21435 0.0957246 3.13102
-0.0234284 0.000231607 0.00517555 1.78426 -0.0306633 1.66211
-0.000782566 -0.00737147 0.00297672 -0.753232 -0.2439 1.49962
-0.00110928 -0.00287325 -0.000816106 -0.891193 0.475719 -1.63298
-0.00040487 0.000859308 0.000466692 0.0242868 -0.000168929 0.0134952
2.81353e-07 1.50651e-06 1.65385e-05 0.024281 -0.00016491 0.0134921
7.16026e-06 -5.19774e-06 -2.16773e-05 -0.845948 0.0928302 -1.3719
-1.04131e-05 -7.77918e-06 -6.29348e-06 -0.782678 0.123459 1.41912
