-0.217458 -0.382423 -0.0230617 0.221082 -0.0535424 -3.09421
0.237466 -0.363667 -0.0306317 0.221082 -0.0535424 -3.09421
2.42566 -0.0635882 -0.126076 1.79194 0.0579637 1.52895
-0.221863 -0.103027 0.0385 -0.481786 -0.216864 1.58656
0.207474 -0.0788592 0.0302974 -0.532069 0.209651 -1.46587
-0.00106549 0.401795 -0.000512977 -0.00232211 -1.00395e-05 0.00519638
9.45846e-07 0.195938 -8.09301e-06 -0.0023322 2.34106e-06 0.00519409
0.152207 0.195939 6.95275e-06 -0.542389 -0.107523 -1.37232
-0.152215 0.195943 6.17134e-05 -0.459016 0.124547 1.34192
0 0 0 0.221082 -0.0535424 -3.09421
0 0 0 0.221082 -0.0535424 -3.09421
0 0 0 1.79194 0.0579637 1.52895
0 0 0 -0.481786 -0.216864 1.58656
0 0 0 -0.532069 0.209651 -1.46587
0 0 0 -0.00232211 -1.00395e-05 0.00519638
0 0 0 -0.0023322 2.34106e-06 0.00519409
0 0 0 -0.542389 -0.107523 -1.37232
0 0 0 -0.459016 0.124547 1.34192
0 0 0 0.221082 -0.0535424 -3.09421
0 0 0 0.221082 -0.0535424 -3.09421
0 0 0 1.79194 0.0579637 1.52895
0 0 0 -0.481786 -0.216864 1.58656
0 0 0 -0.532069 0.209651 -1.46587
0 0 0 -0.00232211 -1.00395e-05 0.00519638
0 0 0 -0.0023322 2.34106e-06 0.00519409
0 0 0 -0.542389 -0.107523 -1.37232
0 0 0 -0.459016 0.124547 1.34192
0.00559858 -0.00540024 -0.000254943 0.209684 -0.0537801 -3.09761
-0.00339849 0.00193338 -0.00339036 0.209684 -0.0537801 -3.09761
-0.0210806 0.00370053 0.00112239 1.78049 0.0542091 1.52735
-0.00282543 -0.00492807 0.00131383 -0.491728 -0.221696 1.61665
-9.14063e-05 0.0018393 -0.00139596 -0.534946 0.216621 -1.47734
0.00019699 -0.000524963 0.000102159 -0.00124311 -2.25777e-06 0.00429161
4.15945e-07 -4.17652e-06 -9.00461e-06 -0.0011754 1.96461e-06 0.00426771
1.16328e-05 -1.58525e-06 4.02499e-06 -0.542499 -0.103336 -1.37138
-8.2262e-06 3.19659e-07 -1.62744e-05 -0.459679 0.126578 1.33672
-0.0120869 0.0209151 0.00875535 0.199499 -0.0622283 -3.10788
-0.00895598 0.00183944 -0.00488756 0.199499 -0.0622283 -3.10788
-0.0230332 0.00693928 -0.00146877 1.77012 0.0453662 1.51648
0.00345982 0.0224566 0.00479414 -0.474827 -0.20725 1.56114
-0.00117545 0.00244214 -0.00494295 -0.542264 0.216445 -1.50463
2.2823e-05 0.000364092 -0.00109199 -0.00713699 2.26931e-06 0.00413507
-4.61606e-08 -8.39927e-06 7.70847e-06 -0.00712683 1.13188e-05 0.00412389
-1.00149e-05 -6.02893e-06 9.56769e-06 -0.54229 -0.0865299 -1.37376
4.58754e-06 -1.59884e-06 4.24941e-06 -0.460554 0.152561 1.33034
-0.00855571 -0.00686902 0.0149864 0.218982 -0.0689181 -3.11692
-0.0105151 -0.0112199 0.00519068 0.218982 -0.0689181 -3.11692
-0.022971 0.00910058 0.00639105 1.78942 0.0390455 1.50887
-0.000789357 -0.00485403 0.00830394 -0.463395 -0.183013 1.53383
-0.00380105 -0.00983721 0.000372325 -0.542075 0.199628 -1.5283
0.000128041 0.000331696 0.000765028 -0.00343083 -3.2495e-06 0.00352515
7.34437e-07 -2.39321e-05 2.23049e-06 -0.0034534 3.87629e-06 0.00351622
-1.34818e-07 -3.33576e-05 2.00676e-06 -0.540604 -0.0851101 -1.39359
-1.04226e-05 -4.15296e-05 1.20294e-06 -0.460358 0.177495 1.33167
0.00627493 0.00112091 0.0266168 0.234829 -0.0909597 -3.1233
-0.00549825 -0.000445393 0.00216961 0.234829 -0.0909597 -3.1233
-0.0449653 0.012995 0.0152697 1.80482 0.038931 1.48657
0.00316906 0.00716784 0.0136924 -0.453532 -0.135821 1.54533
-0.00704984 0.0011708 -0.00692909 -0.540104 0.168059 -1.52315
0.0016706 -0.000437672 0.0016605 0.00477639 -6.74789e-06 -0.0045898
6.16671e-07 3.40175e-05 -9.7717e-06 0.00476696 5.87624e-06 -0.0045987
-1.04874e-05 3.00182e-05 8.30461e-05 -0.539002 -0.0610957 -1.41742
-1.04438e-05 3.46313e-05 0.000109072 -0.459557 0.227303 1.33658
0 0 0 0.234829 -0.0909597 -3.1233
0 0 0 0.234829 -0.0909597 -3.1233
0 0 0 1.80482 0.038931 1.48657
0 0 0 -0.453532 -0.135821 1.54533
0 0 0 -0.540104 0.168059 -1.52315
0 0 0 0.00477639 -6.74789e-06 -0.0045898
0 0 0 0.00476696 5.87624e-06 -0.0045987
0 0 0 -0.539002 -0.0610957 -1.41742
0 0 0 -0.459557 0.227303 1.33658
-0.00234548 5.81767e-05 0.00791457 0.248581 -0.0621198 -3.11357
0.00287333 -0.00596633 -0.00217142 0.248581 -0.0621198 -3.11357
-0.0422439 0.00769122 0.0187126 1.81912 0.0424383 1.51747
0.00539927 0.000620731 0.00396394 -0.440892 -0.122039 1.5187
0.00664109 -0.00549321 -0.00429288 -0.54897 0.160703 -1.53627
-0.000973748 -0.000579009 0.000359114 0.00641334 4.4099e-05 0.000116778
-1.89122e-06 8.30566e-06 8.3792e-06 0.00640527 1.11223e-05 0.000126188
-3.78769e-05 4.79203e-06 -7.4161e-05 -0.540008 -0.0451759 -1.39747
7.19254e-05 -1.60983e-05 -0.00011895 -0.455444 0.242446 1.3542
0 0 0 0.248581 -0.0621198 -3.11357
0 0 0 0.248581 -0.0621198 -3.11357
0 0 0 1.81912 0.0424383 1.51747
0 0 0 -0.440892 -0.122039 1.5187
0 0 0 -0.54897 0.160703 -1.53627
0 0 0 0.00641334 4.4099e-05 0.000116778
0 0 0 0.00640527 1.11223e-05 0.000126188
0 0 0 -0.540008 -0.0451759 -1.39747
0 0 0 -0.455444 0.242446 1.3542
-0.00367776 0.00765106 -0.000567413 0.246158 -0.0496314 -3.1148
-0.00461909 0.00474395 -0.00623236 0.246158 -0.0496314 -3.1148
-0.0216294 0.00382809 0.00630464 1.81683 0.0380779 1.52919
0.000846677 0.00738271 8.50743e-05 -0.438704 -0.124248 1.5031
-0.000682169 0.00436092 -0.00319893 -0.553042 0.171202 -1.54987
0.000369517 -0.00150912 -0.00051445 0.00392928 2.07135e-05 -0.00169759
7.22238e-09 6.42833e-06 7.42056e-07 0.00393222 7.61805e-06 -0.00169903
2.56244e-05 1.6777e-05 -2.2218e-05 -0.540054 -0.0347382 -1.3973
-2.23514e-05 2.99732e-05 -1.0451e-05 -0.456022 0.248943 1.35156
0.00179293 -7.95177e-05 -0.00511301 0.245809 -0.0289717 -3.10868
-0.000146401 0.0036256 -0.00727954 0.245809 -0.0289717 -3.10868
-0.0191973 0.00174759 0.00530709 1.81669 0.0389735 1.55071
0.000712497 -0.000462624 -0.00126883 -0.438603 -0.137493 1.50673
-0.000122438 0.00325071 -0.00503239 -0.555902 0.179008 -1.54992
-0.000208879 0.000770929 0.000409512 0.00590204 3.13884e-05 -0.000668669
-1.45063e-07 1.52156e-06 1.83171e-06 0.00590315 8.05479e-06 -0.000661767
-1.16874e-05 2.20759e-06 -1.04961e-06 -0.540101 -0.0171435 -1.39569
8.44883e-06 -1.39462e-06 1.79184e-05 -0.455392 0.244333 1.35439
-0.000595017 0.00346781 -0.00531975 0.23717 -0.0178771 -3.10879
0.00245777 0.00302738 -0.0134301 0.23717 -0.0178771 -3.10879
-0.0200469 0.00221985 0.00206602 1.80809 0.0360814 1.56113
8.14028e-05 0.00300088 -0.00206209 -0.440048 -0.148684 1.50429
0.00202949 0.00121182 -0.00449853 -0.560195 0.210178 -1.54828
-0.000398887 -0.0005901 -0.000284522 0.00474938 3.78632e-05 0.00129609
1.61418e-06 -7.57131e-06 -2.77636e-05 0.00479653 1.53024e-05 0.00129112
2.0212e-05 -1.63147e-06 6.20685e-06 -0.54018 -0.00112813 -1.38786
-2.10248e-05 1.13105e-05 2.85449e-05 -0.45585 0.239684 1.35242
0.00254831 -0.00473395 -0.015501 0.219473 0.0143008 -3.11004
0.00665524 -0.0111731 -0.0455551 0.219473 0.0143008 -3.11004
-0.0370525 0.00297309 0.00723572 1.79034 0.0276793 1.59163
0.00112528 -0.00605041 -0.00685982 -0.44189 -0.178586 1.50892
0.00140088 -0.0178285 -0.016006 -0.561533 0.313154 -1.52898
-0.000373043 0.00222337 -0.00154129 -0.00302377 3.11492e-05 0.00307691
-1.91362e-06 -4.08371e-08 2.72541e-05 -0.00302161 1.1164e-05 0.00307732
-6.77274e-06 -7.90676e-06 8.18851e-06 -0.540389 0.0524381 -1.39411
1.16148e-05 -1.81036e-05 -4.4624e-05 -0.45398 0.211955 1.36095
0 0 0 0.219473 0.0143008 -3.11004
0 0 0 0.219473 0.0143008 -3.11004
0 0 0 1.79034 0.0276793 1.59163
0 0 0 -0.44189 -0.178586 1.50892
0 0 0 -0.561533 0.313154 -1.52898
0 0 0 -0.00302377 3.11492e-05 0.00307691
0 0 0 -0.00302161 1.1164e-05 0.00307732
0 0 0 -0.540389 0.0524381 -1.39411
0 0 0 -0.45398 0.211955 1.36095
-0.00158926 -3.15507e-05 -0.00147506 0.223528 0.0252049 -3.1165
0.000363871 -0.0162717 -0.0393361 0.223528 0.0252049 -3.1165
-0.035386 0.00174242 0.00989241 1.7943 0.018882 1.60094
0.00231471 -0.000399856 -0.000866618 -0.438217 -0.180695 1.49531
0.00303324 -0.0172067 -0.0174131 -0.571236 0.383653 -1.53841
-7.88751e-05 -0.000792597 0.00271148 0.0101845 -1.13938e-05 0.00346754
-2.87664e-07 8.11613e-06 -7.92583e-07 0.010183 -1.58914e-05 0.0034599
2.7936e-05 5.49179e-06 -2.19557e-06 -0.540545 0.104338 -1.39432
-2.52688e-05 8.13344e-06 5.41445e-06 -0.452191 0.209039 1.36941
0 0 0 0.223528 0.0252049 -3.1165
0 0 0 0.223528 0.0252049 -3.1165
0 0 0 1.7943 0.018882 1.60094
0 0 0 -0.438217 -0.180695 1.49531
0 0 0 -0.571236 0.383653 -1.53841
0 0 0 0.0101845 -1.13938e-05 0.00346754
0 0 0 0.010183 -1.58914e-05 0.0034599
0 0 0 -0.540545 0.104338 -1.39432
0 0 0 -0.452191 0.209039 1.36941
-0.000428513 -0.00151177 0.00439191 0.234193 0.0323514 -3.11995
4.09594e-05 0.000640606 -0.0101777 0.234193 0.0323514 -3.11995
-0.0184033 0.00120068 0.0088135 1.80489 0.0135501 1.60729
-0.00248531 -0.000827843 0.00135745 -0.442293 -0.170173 1.5026
-0.00031059 -0.00304713 -0.00160481 -0.569544 0.414683 -1.53669
-0.000294395 -0.00161152 0.000509519 0.0127626 -2.10951e-05 0.0049467
2.88126e-07 -6.62231e-06 4.08157e-07 0.0127517 -2.8665e-05 0.00494283
2.82631e-06 -8.70796e-06 -1.0339e-06 -0.540833 0.108357 -1.39696
-5.20068e-06 -1.29104e-05 -2.26793e-06 -0.453889 0.212712 1.36136
0.00202047 0.00877395 -0.00369352 0.219767 0.0426302 -3.126
-0.00631766 0.0117838 -0.028167 0.219767 0.0426302 -3.126
-0.0387082 -0.00146753 0.0036413 1.79037 0.0059273 1.6158
0.00155466 0.00906464 -0.00529728 -0.446084 -0.164635 1.50427
0.00692996 0.00333134 -0.00874224 -0.60092 0.485223 -1.58532
0.00046642 0.000686221 -0.000253021 0.0116207 -1.7571e-05 0.00263631
-4.57356e-07 -9.36391e-05 -9.51472e-06 0.0116683 -1.60164e-05 0.00263062
6.01391e-06 -7.25292e-05 2.66861e-05 -0.538186 0.136377 -1.37356
-2.29304e-06 -5.62785e-05 5.31407e-05 -0.45413 0.200581 1.36003
0 0 0 0.219767 0.0426302 -3.126
0 0 0 0.219767 0.0426302 -3.126
0 0 0 1.79037 0.0059273 1.6158
0 0 0 -0.446084 -0.164635 1.50427
0 0 0 -0.60092 0.485223 -1.58532
0 0 0 0.0116207 -1.7571e-05 0.00263631
0 0 0 0.0116683 -1.60164e-05 0.00263062
0 0 0 -0.538186 0.136377 -1.37356
0 0 0 -0.45413 0.200581 1.36003
