-0.223353 -0.404425 -0.166563 0.174979 0.0986388 3.07656
0.206715 -0.401166 -0.0917013 0.174979 0.0986388 3.07656
1.99866 0.283311 -0.0535441 1.7455 -0.0811941 1.65664
-0.238125 -0.103276 -0.0389622 -0.640608 -0.400898 1.61984
0.208862 -0.0957822 0.0245568 -0.841307 0.363767 -1.57783
-0.000126229 0.444576 0.0132372 0.0605652 -3.49343e-05 0.000546847
-2.02744e-06 0.225718 -1.15127e-05 0.0605719 -2.26684e-05 0.000544139
0.163088 0.225716 1.97732e-05 -0.867662 -0.0753924 -1.42937
-0.163076 0.225716 4.78133e-05 -0.558723 -0.115132 1.34651
0 0 0 0.174979 0.0986388 3.07656
0 0 0 0.174979 0.0986388 3.07656
0 0 0 1.7455 -0.0811941 1.65664
0 0 0 -0.640608 -0.400898 1.61984
0 0 0 -0.841307 0.363767 -1.57783
0 0 0 0.0605652 -3.49343e-05 0.000546847
0 0 0 0.0605719 -2.26684e-05 0.000544139
0 0 0 -0.867662 -0.0753924 -1.42937
0 0 0 -0.558723 -0.115132 1.34651
0 0 0 0.174979 0.0986388 3.07656
0 0 0 0.174979 0.0986388 3.07656
0 0 0 1.7455 -0.0811941 1.65664
0 0 0 -0.640608 -0.400898 1.61984
0 0 0 -0.841307 0.363767 -1.57783
0 0 0 0.0605652 -3.49343e-05 0.000546847
0 0 0 0.0605719 -2.26684e-05 0.000544139
0 0 0 -0.867662 -0.0753924 -1.42937
0 0 0 -0.558723 -0.115132 1.34651
-0.00141739 0.00625843 -0.0214057 0.175732 0.0878488 3.07491
-0.00295505 0.00717473 -0.0025897 0.175732 0.0878488 3.07491
-0.0180009 -0.00322815 0.00540933 1.74643 -0.0809978 1.64566
-0.00356272 0.00192588 -0.00919406 -0.655282 -0.439664 1.62773
-0.00316603 0.00594118 -0.00227795 -0.840683 0.366024 -1.57716
0.000725334 0.00167706 0.000477539 0.0622668 6.52319e-05 -0.00272749
1.09546e-06 5.42102e-06 1.58062e-06 0.0622667 7.93733e-05 -0.00272973
3.47297e-06 1.90655e-06 9.16391e-06 -0.867143 -0.0697351 -1.4366
-6.27628e-06 -4.17796e-07 1.92748e-05 -0.557225 -0.142437 1.33493
0.000119633 0.00742519 -0.0133534 0.176686 0.0775464 3.0749
-0.00426589 0.00541037 -0.000930669 0.176686 0.0775464 3.0749
-0.0200107 -0.00182072 0.0023871 1.74751 -0.0792706 1.63543
-0.000928506 0.00412266 -0.00599061 -0.664403 -0.464061 1.63193
-0.00201314 0.00513731 -0.0017284 -0.842624 0.363988 -1.58458
0.000876602 0.000755836 0.00020595 0.0629454 0.000195671 -0.00665835
8.52593e-07 1.25114e-06 4.63876e-06 0.0629451 0.00020687 -0.00665845
2.07605e-07 7.32887e-06 -2.48575e-05 -0.866842 -0.0654748 -1.44078
-8.57365e-06 1.11429e-05 -3.14885e-05 -0.556397 -0.161507 1.32935
0.000301458 0.0100285 -0.0141074 0.178545 0.0688999 3.07499
-0.00624322 -0.00937882 -0.0109368 0.178545 0.0688999 3.07499
-0.0202905 -0.00195335 0.00145523 1.74946 -0.0777697 1.62678
-0.00230781 0.003736 -0.00569393 -0.678448 -0.495422 1.64231
-0.000196647 -0.0114258 -0.00152174 -0.842844 0.392976 -1.6047
-4.56092e-05 -0.000313563 -2.62207e-05 0.0628968 0.000193393 -0.00646294
-4.94422e-08 9.71963e-07 7.07669e-07 0.0628956 0.000201296 -0.00646298
4.16409e-06 1.30921e-06 -5.63206e-07 -0.866518 -0.058572 -1.44596
-4.13137e-06 8.67954e-07 -1.95314e-05 -0.554792 -0.179696 1.31986
-0.000421571 0.00340848 -0.0103544 0.176781 0.0624789 3.07437
-0.00395173 0.00404739 0.00224063 0.176781 0.0624789 3.07437
-0.0188103 -0.00133088 0.00643343 1.74776 -0.0771584 1.62048
-0.00387218 0.000364789 -0.00677086 -0.694499 -0.509143 1.65514
-0.00349503 0.00436974 -0.00159367 -0.843833 0.38171 -1.60617
-0.000705477 -0.00105221 -4.41641e-05 0.0631247 8.83114e-05 -0.00328942
1.34596e-07 3.44826e-06 -1.36375e-05 0.0631281 9.82126e-05 -0.00329022
4.89048e-06 -1.72425e-06 5.9533e-06 -0.865999 -0.0543739 -1.45513
-5.51089e-06 -9.59153e-06 4.33803e-05 -0.552587 -0.1993 1.30822
-0.0033921 -0.00527532 0.00585455 0.188326 0.0472468 3.0749
-0.0051414 0.00141277 0.00738802 0.188326 0.0472468 3.0749
-0.0213242 0.000693037 0.0052542 1.75944 -0.0743602 1.60471
-0.00436643 -0.00226545 0.00264888 -0.696625 -0.495981 1.65763
-0.00262932 0.00390477 -0.000943177 -0.848422 0.354973 -1.61411
1.1143e-05 -0.000215348 0.000872474 0.0670734 8.20111e-05 -0.00332792
7.42881e-07 -1.39607e-05 1.03564e-05 0.067058 0.000105196 -0.00332808
-1.58187e-05 -1.04786e-05 -3.46412e-06 -0.865639 -0.0520307 -1.46192
7.74198e-06 -7.61822e-06 3.16819e-05 -0.550443 -0.189783 1.29732
-0.000332224 0.00204567 -0.00189385 0.184332 0.043395 3.07423
-0.00129215 0.00458036 0.00156744 0.184332 0.043395 3.07423
-0.0216033 -0.00110976 0.000113311 1.75547 -0.0741751 1.6011
-0.00076468 0.00306539 -0.000794775 -0.70011 -0.497382 1.65881
-0.00206885 0.00484867 0.000153453 -0.846782 0.350637 -1.61153
0.000692885 -0.00046817 3.25734e-05 0.0673977 0.000212219 -0.0065066
-1.05068e-06 1.87271e-06 -5.03674e-06 0.0674036 0.000217306 -0.00650728
1.35841e-05 9.4759e-06 2.04706e-05 -0.865372 -0.0534607 -1.4669
-3.50109e-06 1.83091e-05 -3.49266e-05 -0.549583 -0.193834 1.29261
0.000700766 0.00277812 -0.00186949 0.17542 0.0483559 3.07753
-0.00169574 0.000501742 -0.000659335 0.17542 0.0483559 3.07753
-0.0218447 0.000280193 -0.000358539 1.74647 -0.0715141 1.60723
0.00152652 0.00191724 0.000503147 -0.697957 -0.505032 1.65622
-0.00308639 8.60108e-06 0.000470023 -0.842484 0.35447 -1.60703
8.1417e-05 0.000355295 -0.00120881 0.0618925 0.000226356 -0.00683832
1.89751e-06 -6.89885e-06 -6.63758e-06 0.0619087 0.000216017 -0.0068313
1.90428e-07 -2.99698e-06 9.42636e-06 -0.86482 -0.0550084 -1.47679
-9.01651e-06 -7.54578e-06 -9.09348e-06 -0.550154 -0.193311 1.29551
0.00151839 -0.00533255 0.0106066 0.180067 0.0457318 3.07927
-0.00330725 -0.00129276 0.00437588 0.180067 0.0457318 3.07927
-0.02378 -0.000305568 0.0014499 1.75112 -0.0695004 1.60462
0.00247024 -0.00278397 0.00564949 -0.687138 -0.48825 1.65222
-0.000320856 -0.000877483 0.00269392 -0.842332 0.349052 -1.61677
5.2601e-05 0.00111717 -0.000154755 0.0607572 0.000209935 -0.00706013
-1.08745e-06 6.70478e-06 8.05773e-06 0.0607524 0.000212981 -0.00705852
6.29806e-06 8.28893e-07 -1.19745e-05 -0.864753 -0.0635164 -1.4781
-2.81162e-06 3.28831e-06 8.39841e-06 -0.551886 -0.175674 1.305
-0.00131982 -0.0169376 0.0354579 0.191336 0.0516505 3.08896
0.00199172 -0.00419985 0.0183356 0.191336 0.0516505 3.08896
-0.0501575 0.00148364 0.00541855 1.76224 -0.061493 1.6115
0.00267279 -0.00908923 0.0166089 -0.658628 -0.426632 1.63674
-0.000320028 0.000437002 0.00465599 -0.842872 0.304649 -1.60862
-3.86013e-05 -0.000541666 -1.88927e-05 0.0608374 0.000214803 -0.0068867
1.37242e-06 -2.54394e-06 -3.68992e-06 0.060835 0.000211419 -0.00688173
1.19799e-06 -4.57025e-06 -1.82363e-05 -0.864669 -0.0786052 -1.479
-1.24147e-06 -6.44177e-06 -3.48464e-05 -0.554024 -0.123461 1.31967
-0.00444421 -0.0132041 0.0231952 0.19986 0.0554292 3.09257
0.00153742 -0.00554054 0.00903718 0.19986 0.0554292 3.09257
-0.0248227 0.00268277 0.00748852 1.7707 -0.059049 1.6154
0.00357034 -0.0076616 0.0105815 -0.632348 -0.385089 1.60918
-0.00089584 -0.00333231 0.00198259 -0.842509 0.281952 -1.60055
-0.000484098 -0.000253284 -7.42446e-05 0.0605397 0.000146378 -0.00468957
6.56842e-07 -8.66454e-07 3.00139e-06 0.0605325 0.000143568 -0.00468696
7.2236e-07 -5.09686e-06 -1.31675e-06 -0.864357 -0.0840845 -1.48282
-1.6664e-06 -7.70439e-06 -4.98052e-06 -0.555684 -0.0908102 1.3352
-0.000667634 -0.0126041 0.0311798 0.214659 0.0556254 3.10257
0.00237077 -0.00306719 0.0122056 0.214659 0.0556254 3.10257
-0.0263685 0.00137301 0.00847442 1.78539 -0.0499768 1.61684
0.00658153 -0.00470879 0.0166692 -0.605252 -0.335485 1.58492
0.00174399 -0.000371775 0.00230624 -0.845642 0.250364 -1.59831
0.000535227 -0.000139253 0.000616626 0.0633445 0.000224957 -0.00712529
-1.30001e-06 -2.70172e-05 6.36928e-06 0.0633313 0.00022527 -0.00711706
-4.82649e-06 -2.64017e-05 3.31539e-07 -0.864832 -0.09123 -1.47737
3.92784e-06 -2.7953e-05 4.0609e-06 -0.557112 -0.0423758 1.3567
-0.00233032 -0.00300355 0.0262298 0.215773 0.0625194 3.10835
0.00542462 3.91161e-06 0.00554549 0.215773 0.0625194 3.10835
-0.0260926 0.00125311 0.00561611 1.78638 -0.0458558 1.62476
0.00425047 0.00085186 0.0109113 -0.588709 -0.287594 1.56386
0.000742636 0.00105738 0.00175833 -0.844618 0.23833 -1.58337
-0.00047808 -0.000753422 -0.000550822 0.061106 0.00016138 -0.00497154
1.17191e-06 1.63278e-05 -9.1896e-06 0.0611049 0.000155584 -0.00496671
-1.70972e-06 1.75043e-05 1.08261e-06 -0.865079 -0.0970699 -1.47469
2.6376e-06 1.97462e-05 1.21926e-07 -0.557421 -0.0111271 1.36817
-0.00213418 -0.00544545 0.0219162 0.213173 0.0705532 3.11556
0.00878642 0.0026709 0.00146813 0.213173 0.0705532 3.11556
-0.0249333 0.00220648 0.00562757 1.78361 -0.0403577 1.63426
0.000181883 -0.00148982 0.0080734 -0.581863 -0.24377 1.55669
0.00119306 0.00287711 0.000623173 -0.842937 0.235653 -1.55931
-0.000920096 0.000926435 -0.000260286 0.0596552 3.30824e-05 -0.000769412
4.90358e-07 5.85343e-06 1.81257e-06 0.059657 2.67731e-05 -0.00076366
-4.46619e-06 5.62846e-06 -8.25352e-07 -0.865542 -0.0999136 -1.46997
3.71481e-06 5.35514e-06 -3.00226e-06 -0.557418 0.0121245 1.36953
-0.00696521 0.0175057 0.026706 0.220764 0.0833135 3.11738
0.00425453 -0.00221902 0.00501568 0.220764 0.0833135 3.11738
-0.0252812 0.00255972 0.00747742 1.79098 -0.041857 1.64681
0.00374339 0.0179494 0.0121146 -0.568131 -0.19979 1.52322
0.00142536 -0.00193205 0.0037471 -0.840959 0.231618 -1.55037
-2.54898e-06 -0.000171597 0.00144057 0.066219 4.11206e-05 -0.000761865
-1.71159e-06 2.71022e-06 7.52748e-06 0.0662108 2.81253e-05 -0.000760595
-5.27982e-06 1.88403e-06 2.68887e-07 -0.865953 -0.111109 -1.46603
5.2397e-06 1.86813e-06 7.33119e-07 -0.557414 0.0494767 1.36977
-0.00776235 0.00906522 0.0150492 0.221902 0.0967063 3.11991
-0.000441888 0.00278579 -0.00139342 0.221902 0.0967063 3.11991
-0.0229346 0.00277848 0.00616808 1.79185 -0.0424083 1.66039
0.0036865 0.00836068 0.00894862 -0.556335 -0.181376 1.48736
0.00270645 0.00203052 0.00177761 -0.840772 0.241697 -1.56031
-7.24087e-05 -0.000101716 0.000155335 0.066943 3.05033e-05 -0.000431438
2.72789e-07 7.31136e-06 -3.29498e-07 0.0669416 1.77754e-05 -0.000429122
-5.07104e-06 7.67323e-06 6.29458e-07 -0.867016 -0.117357 -1.45668
-8.63362e-08 6.92251e-06 1.51169e-05 -0.557035 0.0786089 1.37582
0 0 0 0.221902 0.0967063 3.11991
0 0 0 0.221902 0.0967063 3.11991
0 0 0 1.79185 -0.0424083 1.66039
0 0 0 -0.556335 -0.181376 1.48736
0 0 0 -0.840772 0.241697 -1.56031
0 0 0 0.066943 3.05033e-05 -0.000431438
0 0 0 0.0669416 1.77754e-05 -0.000429122
0 0 0 -0.867016 -0.117357 -1.45668
0 0 0 -0.557035 0.0786089 1.37582
-0.00745387 0.00908664 0.0098248 0.219854 0.110756 3.11987
-0.000347185 0.00440221 -0.00547331 0.219854 0.110756 3.11987
-0.0224224 0.00244608 0.00369181 1.78951 -0.04531 1.6742
-0.0010423 0.00872871 0.00677905 -0.552278 -0.172258 1.4672
0.0032998 0.00336352 -0.00137633 -0.843495 0.254738 -1.57188
-0.000284053 -0.000173636 5.01806e-05 0.0672318 -1.04569e-05 0.000858029
9.54398e-08 3.68415e-06 -1.05929e-06 0.0672335 -2.45376e-05 0.000858205
-6.32362e-06 5.63019e-06 1.51092e-05 -0.86838 -0.114002 -1.44476
3.91803e-06 8.67359e-06 1.98263e-06 -0.557819 0.102198 1.36713
