-0.268574 -0.220879 0.318735 0.544289 0.105676 3.12949
0.226376 -0.350191 0.274521 0.544289 0.105676 3.12949
1.49652 -0.130705 0.194791 2.11299 -0.0650165 1.65504
-0.239961 -0.0097501 0.117549 -1.27116 0.756956 1.43603
0.21414 -0.103415 0.0974351 -1.29998 -0.621874 -1.52125
0.00251484 0.391867 0.0395452 0.206242 0.00133757 -0.0130338
2.37051e-07 0.203025 1.45498e-05 0.206186 0.00134353 -0.0130328
0.1659 0.203022 -6.30222e-06 -1.34535 -0.30439 -1.41466
-0.165901 0.203016 -3.81243e-05 -1.37371 0.481234 1.2358
0 0 0 0.544289 0.105676 3.12949
0 0 0 0.544289 0.105676 3.12949
0 0 0 2.11299 -0.0650165 1.65504
0 0 0 -1.27116 0.756956 1.43603
0 0 0 -1.29998 -0.621874 -1.52125
0 0 0 0.206242 0.00133757 -0.0130338
0 0 0 0.206186 0.00134353 -0.0130328
0 0 0 -1.34535 -0.30439 -1.41466
0 0 0 -1.37371 0.481234 1.2358
0.00198016 0.00530498 0.0188383 0.582633 0.108791 3.13641
-0.00152704 -0.00815661 0.0269161 0.582633 0.108791 3.13641
0.0125481 0.000730728 0.00707173 2.15089 -0.0641098 1.65891
-0.0017919 -0.00160703 0.0113383 -1.25786 0.792576 1.44975
-0.00106655 -0.0119642 0.0170734 -1.29588 -0.655224 -1.52237
0.000190926 0.00156805 -0.00118327 0.198849 0.00139488 -0.0139362
1.19634e-08 0.000162932 -8.1892e-06 0.198802 0.00139077 -0.0139328
2.50852e-06 0.000144097 -1.14389e-05 -1.34245 -0.341722 -1.42378
-4.02652e-06 0.000131765 -4.42108e-07 -1.37606 0.515576 1.23091
-0.0013043 0.00506086 -0.00101475 0.599134 0.117451 3.14074
-0.0046953 0.0257221 -0.0153627 0.599134 0.117451 3.14074
0.0169443 0.00180959 -0.00084546 2.16675 -0.0668323 1.66746
0.00284612 0.00258534 -0.00288777 -1.26774 0.801856 1.42807
-0.00803645 0.0247987 -0.00941224 -1.30151 -0.641111 -1.50843
-0.00013829 -0.00097619 0.000358639 0.201841 0.0013603 -0.0132961
8.03577e-08 0.00019955 4.81598e-06 0.201825 0.00135126 -0.0132936
-3.35489e-06 0.000208823 4.38378e-06 -1.33753 -0.34064 -1.43844
4.12745e-06 0.000215961 -3.05477e-07 -1.37189 0.511886 1.23935
-0.00172979 -0.00266315 -0.00402271 0.60439 0.118385 -3.13419
0.0083404 -0.00382652 0.00151375 0.60439 0.118385 -3.13419
0.0177207 0.00367998 -0.00448885 2.17164 -0.0610654 1.67255
0.000491248 0.000962792 -6.47559e-05 -1.2732 0.7827 1.41996
0.00268366 -0.00370042 -0.000423171 -1.30884 -0.645203 -1.48517
-0.000294823 0.000323779 0.000701267 0.205227 0.00120898 -0.0117378
3.11578e-07 0.000115022 -6.87768e-06 0.205223 0.00120812 -0.0117313
-1.46158e-07 0.000125181 1.01214e-05 -1.33993 -0.334996 -1.43126
-6.46896e-06 0.000119016 -7.00918e-06 -1.37145 0.513531 1.24022
0.00293039 -0.000861773 0.00669698 0.631761 0.125041 -3.12545
-0.00179045 -0.0129613 0.0180318 0.631761 0.125041 -3.12545
0.0190857 0.00330366 0.00143725 2.19819 -0.0606579 1.68139
0.00225215 -0.00377513 0.00368547 -1.27057 0.797164 1.42111
0.00250597 -0.0140649 0.0120763 -1.30186 -0.663466 -1.50255
8.13816e-05 0.000955111 -0.00181552 0.195018 0.00119467 -0.0121219
1.44701e-07 -6.83172e-06 3.03257e-06 0.194991 0.00118743 -0.0121165
-3.47446e-06 -2.01839e-05 -1.5449e-05 -1.3405 -0.355048 -1.42957
4.82872e-06 -1.6984e-05 3.76921e-06 -1.36415 0.520455 1.25501
0 0 0 0.631761 0.125041 -3.12545
0 0 0 0.631761 0.125041 -3.12545
0.0186013 0.00614687 -0.0104573 2.18936 -0.0579475 1.68528
3.00941e-06 5.74481e-06 2.21878e-06 -1.27053 0.79712 1.42114
1.76964e-06 -1.04167e-05 5.00826e-06 -1.30186 -0.663444 -1.50258
-0.000626283 0.000277333 -0.000224529 0.19358 0.000862108 -0.00885369
0 0 0 0.194991 0.00118743 -0.0121165
-1.34651e-06 9.92894e-06 2.24905e-06 -1.3405 -0.355033 -1.42957
-2.68867e-06 2.08664e-05 8.15522e-06 -1.3641 0.520407 1.25506
0.000596689 -0.0138651 -0.0109517 0.640509 0.136444 -3.11724
-0.00682465 0.0255065 -0.0225889 0.640509 0.136444 -3.11724
0.0232178 0.00390338 0.0012627 2.2058 -0.0617792 1.69493
0.00438072 -0.00854589 -0.0050189 -1.2812 0.768775 1.40713
-0.00993485 0.026036 -0.0115871 -1.30851 -0.63315 -1.48989
-0.000758368 0.000901642 -0.00272268 0.179043 0.000460492 -0.00497159
-3.6787e-07 7.46156e-05 -8.84604e-07 0.179024 0.000448781 -0.00496865
1.89385e-06 7.26608e-05 1.18803e-05 -1.33319 -0.350296 -1.45105
2.58304e-06 2.00194e-05 -5.71685e-05 -1.35022 0.491186 1.28432
0.0050731 -0.0124801 -0.0076491 0.647442 0.136889 -3.11124
-0.000729324 0.00303422 -0.00599433 0.647442 0.136889 -3.11124
0.0247004 0.00716498 0.00181629 2.21245 -0.058094 1.69846
0.00305489 -0.00951922 -0.00493271 -1.27722 0.755886 1.41873
-0.00445646 0.00411435 -0.00232339 -1.31439 -0.620461 -1.47501
-0.000827912 0.000124864 -0.00039503 0.176744 5.6197e-05 -0.000625734
1.05564e-05 5.96722e-05 3.88457e-05 0.176732 5.50897e-05 -0.000616933
1.04423e-06 2.09407e-05 -9.48798e-06 -1.32842 -0.348235 -1.46494
-4.00143e-05 -5.47228e-05 -8.11712e-05 -1.33948 0.460862 1.30771
0 0 0 0.647442 0.136889 -3.11124
0 0 0 0.647442 0.136889 -3.11124
0 0 0 2.21245 -0.058094 1.69846
0 0 0 -1.27722 0.755886 1.41873
0 0 0 -1.31439 -0.620461 -1.47501
0 0 0 0.176744 5.6197e-05 -0.000625734
0 0 0 0.176732 5.50897e-05 -0.000616933
0 0 0 -1.32842 -0.348235 -1.46494
0 0 0 -1.33948 0.460862 1.30771
0.00940373 -0.0165708 -0.0112693 0.654054 0.126256 -3.10076
0.0104057 -0.00118062 -0.0043818 0.654054 0.126256 -3.10076
0.0460029 0.0147871 -0.00514485 2.21951 -0.0441641 1.69594
0.00811104 -0.011792 -0.00638581 -1.27492 0.733118 1.4279
-0.0013365 0.00142523 0.0026682 -1.33353 -0.593496 -1.42883
-0.000324001 0.000757172 -0.00219542 0.165224 -8.51131e-05 0.000966858
-9.27658e-06 -5.68839e-06 -3.71476e-05 0.165216 -8.18666e-05 0.000971582
-5.98816e-06 -1.08691e-05 -3.27045e-05 -1.327 -0.35847 -1.46909
2.49727e-05 8.7377e-05 9.93766e-05 -1.32094 0.424242 1.35114
0.0085661 -0.00568771 -0.0043322 0.661922 0.108382 -3.09498
-0.000259813 0.0070572 -0.00142158 0.661922 0.108382 -3.09498
0.0243005 0.00843463 0.00157672 2.2285 -0.0296612 1.68497
0.00475071 -0.00355457 -0.00252346 -1.26739 0.724866 1.44651
0.00126515 0.00578764 -0.00337309 -1.3307 -0.601721 -1.43423
-0.000534543 0.000548009 -0.00146411 0.15736 -0.000315667 0.00371463
2.12707e-07 -2.96442e-06 -1.83473e-06 0.157351 -0.000298409 0.00371941
-1.50849e-05 4.00595e-05 4.11946e-05 -1.32938 -0.354378 -1.46232
1.51105e-05 1.35862e-05 6.52855e-06 -1.31224 0.412158 1.37244
0.0104876 0.00546584 0.000294282 0.674414 0.0891358 -3.08913
0.0090824 0.00931172 0.00505453 0.674414 0.0891358 -3.08913
0.0205921 0.00713943 -0.00251508 2.24213 -0.0145531 1.67317
0.00548332 0.0013176 -0.00493066 -1.25563 0.748825 1.46724
0.00119537 0.00477178 0.000464082 -1.34286 -0.620628 -1.39949
0.000459114 9.1783e-05 -0.00115205 0.151417 -0.000131581 0.00136308
-3.30027e-08 -1.13686e-05 7.94567e-07 0.151402 -0.000109887 0.00136845
-1.49936e-05 -9.42747e-06 -1.39061e-06 -1.3316 -0.361242 -1.45603
2.69552e-05 2.8547e-05 2.82245e-05 -1.30426 0.398838 1.39272
0.0231504 -0.0174854 -0.0281799 0.649827 0.0657747 -3.09161
0.00595942 0.000347259 -0.00919765 0.649827 0.0657747 -3.09161
0.0219837 0.00991993 -0.0103853 2.21899 6.1042e-05 1.65339
0.0015616 0.00206675 -0.00381309 -1.22723 0.644412 1.56823
9.40272e-05 0.0011179 -0.00655454 -1.34924 -0.609804 -1.37645
0.000193877 -0.000840844 0.000642423 0.155306 -6.77521e-05 0.00038665
3.28753e-06 -3.98537e-05 5.94558e-06 0.155326 -4.59911e-05 0.00038614
-2.69365e-05 -3.77301e-05 2.58145e-06 -1.33192 -0.341251 -1.4551
2.66684e-05 -2.32123e-05 1.20905e-05 -1.30248 0.389095 1.3973
0.0171231 -0.0103781 -0.00499697 0.656696 0.0501169 -3.08945
0.0104677 0.00500137 0.0111265 0.656696 0.0501169 -3.08945
0.0193193 0.00630639 -0.00291772 2.22657 0.0107371 1.64231
0.00202994 -0.00413322 0.00383776 -1.20681 0.606447 1.6313
0.00616061 0.00198087 0.0081992 -1.35938 -0.622135 -1.35647
0.00041598 0.000472615 -0.00148461 0.147354 9.32316e-05 -0.00175041
-2.28306e-06 3.08137e-05 -2.3683e-06 0.14734 0.000120563 -0.00174726
1.62096e-05 2.56705e-05 -5.26281e-06 -1.34011 -0.369397 -1.43159
-2.7939e-05 -7.77822e-06 -4.84671e-05 -1.29831 0.397076 1.40814
0.0115451 -0.00246635 0.00676033 0.670554 0.0271601 -3.08568
-0.0121089 -0.00556546 0.00156318 0.670554 0.0271601 -3.08568
0.0219636 0.00598182 0.00297839 2.24135 0.0269404 1.62682
0.00360452 -0.00595945 0.00160821 -1.19191 0.626535 1.66566
0.00568107 -0.00116947 0.00489952 -1.33305 -0.610418 -1.43187
-0.00102489 0.000529075 7.17879e-05 0.147366 -0.000301038 0.00349566
-3.48713e-07 -1.13465e-06 -1.58182e-06 0.147345 -0.000268994 0.00350033
-1.63288e-05 -1.45522e-05 -1.18817e-05 -1.34756 -0.382588 -1.41139
2.23549e-05 -5.85246e-06 3.19716e-05 -1.29158 0.394956 1.4256
0.00754989 -0.00729009 0.00560562 0.671468 0.0273507 -3.08294
0.0024215 0.0149706 0.00805412 0.671468 0.0273507 -3.08294
0.0175957 0.00236086 -0.00688376 2.2423 0.0289133 1.6287
0.00163392 -0.00481995 0.0028649 -1.18253 0.627928 1.68923
0.00279474 0.0113206 0.00218589 -1.33282 -0.63357 -1.43123
0.000264267 0.000957539 4.12524e-05 0.146862 -0.000154821 0.00210534
-1.3138e-06 1.74085e-05 1.75817e-06 0.146861 -0.000155141 0.00210895
3.7031e-05 3.02895e-05 -2.76575e-06 -1.35418 -0.403818 -1.39406
-2.51266e-05 5.27331e-05 -9.36632e-06 -1.28818 0.398022 1.43452
0.0122737 -0.0316623 0.00318057 0.653631 0.0302623 -3.08363
0.0126693 -0.000905943 0.0241254 0.653631 0.0302623 -3.08363
0.0199821 0.0014761 -0.00878303 2.22437 0.0276274 1.63007
0.0013692 -0.0217296 0.00935018 -1.17233 0.589357 1.72765
0.012203 -0.0074909 0.0113451 -1.33317 -0.680522 -1.42532
0.000158948 -0.00140508 0.0017267 0.156628 -9.6567e-05 0.00128831
-6.78453e-07 -1.85175e-05 8.23996e-06 0.156652 -9.90994e-05 0.00128808
1.97007e-05 -1.92548e-05 6.65544e-06 -1.37012 -0.426087 -1.35454
-1.26144e-05 -1.5062e-05 1.21171e-05 -1.28227 0.399083 1.44973
0.0312816 -0.0545957 0.00238369 0.636594 0.0225889 -3.08453
0.005155 -0.0145266 0.0257298 0.636594 0.0225889 -3.08453
0.0208625 0.00371442 -0.00778381 2.20759 0.0324596 1.62289
0.00591303 -0.0376021 0.0218352 -1.14749 0.498446 1.81017
0.0148556 -0.012552 0.0184176 -1.31429 -0.697562 -1.46748
-0.000694462 0.000274367 0.00366267 0.174904 -0.000442935 0.00484866
1.22338e-06 -7.46492e-06 -7.35062e-06 0.174928 -0.00043054 0.00484799
-2.7501e-06 -1.45549e-05 -2.51067e-05 -1.38785 -0.458468 -1.31318
-1.32814e-05 -2.04134e-05 -2.95091e-05 -1.26934 0.415849 1.48225
0.0111182 0.0248216 -0.00608299 0.641225 -0.010461 -3.08548
0.0118269 -0.00341425 0.0256299 0.641225 -0.010461 -3.08548
0.0219648 0.00358991 0.000783855 2.21296 0.0512104 1.59601
0.00579611 0.0140679 -0.0100979 -1.13729 0.524283 1.83909
0.0121095 -0.0129653 0.011376 -1.31139 -0.752861 -1.46435
-0.00196879 0.00118592 -0.000705431 0.170171 -0.00140197 0.014838
3.31531e-06 4.17192e-05 2.19191e-05 0.170157 -0.00132458 0.0148357
-7.66698e-05 2.66827e-05 2.98093e-05 -1.40041 -0.467874 -1.28512
8.62667e-05 1.46046e-05 3.94312e-05 -1.26352 0.405514 1.49675
