-0.221896 -0.301099 0.125589 0.203435 0.0110027 3.12703
0.225354 -0.283837 0.142281 0.203435 0.0110027 3.12703
1.18474 -0.00135415 0.024556 1.77425 -0.0164859 1.57863
-0.210046 -0.0353728 0.0608691 -2.38927 0.238689 1.52623
0.229299 -0.0222379 0.0617359 2.81038 -0.298702 -1.58587
4.71796e-06 0.415206 1.56526e-05 9.27324e-06 -9.17616e-06 6.81358e-07
1.09075e-06 0.209348 3.88264e-06 2.60536e-06 -2.57809e-06 1.91439e-07
0.156102 0.209347 -4.69626e-06 2.73442 -0.248955 -1.26466
-0.156114 0.209347 -1.75668e-05 -2.43722 0.238363 1.35389
0 0 0 0.203435 0.0110027 3.12703
0 0 0 0.203435 0.0110027 3.12703
0 0 0 1.77425 -0.0164859 1.57863
0 0 0 -2.38927 0.238689 1.52623
0 0 0 2.81038 -0.298702 -1.58587
0 0 0 9.27324e-06 -9.17616e-06 6.81358e-07
0 0 0 2.60536e-06 -2.57809e-06 1.91439e-07
0 0 0 2.73442 -0.248955 -1.26466
0 0 0 -2.43722 0.238363 1.35389
0.000628752 0.00181656 0.00214798 0.20891 0.00218065 3.12735
-0.000988649 0.00128743 0.00327615 0.20891 0.00218065 3.12735
0.00885838 0.00256955 -0.00137627 1.77973 -0.0143832 1.56998
0.000929297 0.00149855 0.000880104 -2.38753 0.243452 1.52505
-0.00059489 0.000641996 0.00123335 2.81047 -0.306485 -1.58742
-2.61979e-06 -1.35288e-06 -1.45725e-06 6.66408e-06 -1.10918e-05 -3.57219e-07
-9.07479e-07 -5.72736e-07 -6.40114e-07 1.64826e-06 -2.74338e-06 -8.83458e-08
-2.44191e-06 -1.95749e-07 5.70686e-07 2.7321 -0.254501 -1.2662
9.66863e-06 6.54307e-07 8.98839e-06 -2.43514 0.243223 1.35621
-0.0011078 0.000930102 -0.00507737 0.212432 0.0108675 3.1264
-0.00618649 -0.00102075 0.00556061 0.212432 0.0108675 3.1264
0.00985522 -0.000562233 -0.00172229 1.78325 -0.0171383 1.57822
0.000501622 0.00137189 -0.00290638 -2.40432 0.235294 1.51908
-0.00259921 -0.00144734 0.00445925 2.83273 -0.310694 -1.60121
-4.56707e-06 2.4935e-06 -7.26723e-07 4.21116e-06 9.96146e-06 1.12006e-06
-1.06343e-06 1.31561e-06 7.7755e-08 1.07778e-06 2.54948e-06 2.86658e-07
3.30752e-07 1.27048e-06 3.74948e-07 2.75151 -0.271011 -1.27821
4.42462e-06 1.66722e-06 -1.67109e-06 -2.44831 0.2335 1.35698
-0.000669124 -0.000657766 0.000830945 0.216904 0.0153335 3.12695
-0.000234292 0.000625681 0.000124235 0.216904 0.0153335 3.12695
0.0101039 0.000330976 -0.00231813 1.78771 -0.0175988 1.58262
-0.00029856 -0.000827693 0.000171226 -2.40441 0.237774 1.51766
-0.00382538 0.000967897 0.00102672 2.82982 -0.307274 -1.58741
1.86166e-06 -3.35421e-07 7.88539e-06 7.82335e-06 7.5848e-06 -8.41039e-07
3.67418e-07 -3.89299e-08 1.71484e-06 1.96743e-06 1.90744e-06 -2.11512e-07
3.1582e-06 4.17679e-07 -6.04636e-06 2.75529 -0.277141 -1.29228
-5.35701e-06 4.24896e-07 -2.72578e-05 -2.4484 0.233449 1.35653
-0.000849707 0.00181934 0.00307758 0.222397 0.00575127 3.12612
0.00270939 0.00132156 -0.00514753 0.222397 0.00575127 3.12612
0.0101424 0.000786508 -0.00328258 1.79322 -0.0163614 1.573
-0.00117512 0.00186542 0.00319654 -2.40258 0.237331 1.51889
-0.00106332 0.00237545 -0.00169884 2.82315 -0.294176 -1.57292
-9.86477e-08 -3.45975e-06 -6.67741e-07 8.51943e-06 -1.53936e-05 1.41732e-06
9.68517e-08 -1.40554e-06 -1.44852e-07 2.17965e-06 -3.93837e-06 3.62626e-07
-3.73409e-06 -8.84897e-07 3.88598e-06 2.75567 -0.27337 -1.29381
2.59548e-06 3.22926e-06 -9.14514e-07 -2.44981 0.247093 1.35026
-0.000878964 0.00209485 0.000119598 0.223505 0.00820382 3.1245
5.86286e-05 -0.00235221 -0.00150018 0.223505 0.00820382 3.1245
0.0115676 -0.00255937 -0.00442979 1.79434 -0.0184881 1.57501
0.00111834 0.00189895 -0.000238003 -2.40503 0.238664 1.51135
0.00246398 -0.00189882 -5.84897e-05 2.82274 -0.288589 -1.58211
-5.46993e-06 3.75066e-06 -1.8218e-06 1.68321e-06 3.57105e-06 2.38935e-06
-2.16787e-06 1.67321e-06 3.25932e-06 7.41964e-07 1.57413e-06 1.05323e-06
5.57083e-06 2.41136e-06 2.19239e-06 2.75358 -0.27042 -1.28615
2.73751e-06 1.53038e-06 1.67327e-05 -2.44914 0.248138 1.35302
0.000546706 -0.00308386 -0.000376713 0.220887 0.00706197 3.12555
-0.00120917 -0.00334636 -0.00349353 0.220887 0.00706197 3.12555
0.0133302 -0.00104666 -0.00187797 1.79171 -0.0172044 1.57417
-0.00167774 -0.00275971 0.000465645 -2.40234 0.235505 1.51977
0.000189369 -0.00273885 -0.0013779 2.8215 -0.280606 -1.58742
3.96419e-06 6.28705e-06 -1.07018e-06 -3.75419e-06 -1.56383e-06 -1.5204e-06
1.6588e-06 2.59771e-06 -3.74563e-06 -8.74343e-07 -3.64211e-07 -3.54098e-07
2.28013e-06 5.24639e-07 -1.03293e-06 2.75419 -0.262307 -1.28857
-5.14935e-06 -6.48438e-06 -1.8118e-05 -2.45013 0.247044 1.34882
0.00138007 0.00255295 -0.001234 0.222609 0.0105989 3.12409
-0.000539859 0.000902429 -0.000865497 0.222609 0.0105989 3.12409
0.0127155 -0.00308695 -0.00413122 1.79344 -0.0194124 1.57727
0.000677302 0.0027501 -0.000552541 -2.40165 0.232973 1.52244
0.000259986 0.000828813 -0.00117718 2.82212 -0.281685 -1.59044
-3.75483e-06 -1.86943e-06 -3.4606e-07 2.18261e-06 4.29859e-06 1.80459e-06
-7.09057e-07 -1.27242e-07 -3.73167e-07 5.06235e-07 9.97019e-07 4.18557e-07
1.16302e-06 1.11236e-06 4.97583e-07 2.75365 -0.258519 -1.2866
3.41495e-06 7.38356e-06 1.36267e-05 -2.45005 0.247604 1.34904
-0.000392798 -0.000276984 -0.0017273 0.223084 0.0178191 3.12319
-0.000464719 -0.00193798 -0.00371244 0.223084 0.0178191 3.12319
0.0132598 -0.00361768 -0.00391457 1.7939 -0.0218842 1.58411
0.00120837 -0.00010131 -0.000640875 -2.40446 0.228867 1.51647
-0.00189551 -0.000802243 0.000370591 2.81742 -0.266223 -1.58494
-0.0107643 0.0559737 0.0796122 0.294955 -0.00583231 0.0393175
-3.66612e-08 5.74156e-07 -3.31558e-07 0.294954 -0.00583825 0.0393167
-2.86506e-06 3.47975e-07 2.38804e-07 2.75578 -0.259691 -1.29501
-1.46386e-07 -1.33056e-06 1.33873e-05 -2.44882 0.245302 1.35394
-0.0172673 -0.0319345 0.0938715 0.43597 0.0412555 3.09815
-0.010717 -0.0459512 0.0925204 0.43597 0.0412555 3.09815
0.0141031 -0.00620784 0.0777288 2.00713 -0.0567967 1.58984
-0.00280373 -0.0537725 0.0362079 -2.41629 0.452945 1.45292
-0.00182205 -0.0664679 0.0401767 2.88775 -0.471579 -1.62261
0.00572844 -0.0295713 -0.0361381 0.181298 -0.00186327 0.0208602
-5.00437e-06 -0.0047953 1.29008e-05 0.181057 -0.0018772 0.0208253
-9.35567e-05 -0.00486899 -1.83889e-06 2.77359 -0.333517 -1.35605
9.87592e-05 -0.00491539 -1.05636e-05 -2.44151 0.32104 1.38011
-0.00609603 0.0337492 0.0195255 0.528515 0.0534131 3.08166
-0.0298635 0.0225479 -0.00483547 0.528515 0.0534131 3.08166
0.0173156 -0.00337714 0.0363047 2.10029 -0.0786758 1.58667
0.00390568 0.0239435 0.00391449 -2.43571 0.517572 1.40628
-0.0188099 0.0224276 0.000305287 2.89751 -0.45355 -1.66781
0.00242397 -0.0121936 -0.011323 0.142894 -0.0008079 0.0115496
2.2629e-06 0.00146191 -5.29087e-06 0.142761 -0.000816825 0.0115201
1.31584e-05 0.00148553 -1.44221e-06 2.79063 -0.361078 -1.40619
-1.05963e-05 0.00147197 -9.63309e-06 -2.44197 0.358781 1.37861
0.006225 0.0162338 0.0100434 0.594296 0.0676205 3.06821
-0.0148772 0.0168119 0.012882 0.594296 0.0676205 3.06821
0.0113681 -0.00314332 0.0210553 2.16685 -0.098636 1.58565
0.000601318 0.014776 0.00719267 -2.42157 0.530796 1.42885
-0.0110721 0.0133032 0.00526113 2.91095 -0.483651 -1.68491
0.00250709 -0.00620653 -0.00770265 0.11271 -6.70917e-06 0.000467026
1.86215e-06 0.00117978 -7.23585e-06 0.112619 -2.01142e-05 0.000443114
1.18814e-05 0.00120936 2.51388e-06 2.80309 -0.394994 -1.44002
-3.89097e-06 0.00119165 -1.49441e-05 -2.44485 0.399919 1.37082
0.0159184 0.00319665 -0.000149087 0.627269 0.0714127 3.06129
-0.00129485 0.0111206 0.00731683 0.627269 0.0714127 3.06129
0.0131034 -0.00340463 0.00935583 2.20037 -0.106896 1.58136
0.00133963 0.00673253 0.00431908 -2.38848 0.513107 1.49181
-0.00557938 0.00770289 -0.000689063 2.91114 -0.516258 -1.66863
0.000486004 -0.00255892 -0.0034077 0.0986884 9.27571e-05 -0.00180191
-3.67497e-08 0.00096097 7.1836e-07 0.0986403 9.08445e-05 -0.00181531
3.11227e-05 0.000966716 -1.17084e-06 2.81014 -0.402869 -1.45824
-3.27093e-05 0.000993254 2.70602e-06 -2.44445 0.422712 1.37163
0.00783862 0.00187567 0.000226998 0.646147 0.080192 3.05564
-0.00303782 0.00521878 0.00531669 0.646147 0.080192 3.05564
0.0146792 -0.0053814 0.00511777 2.21969 -0.116864 1.58291
0.000984244 0.0034709 0.00150077 -2.37306 0.506995 1.52098
-0.00294042 0.0027042 0.000521895 2.91556 -0.535929 -1.67007
0.000195394 -0.000851822 -0.00196042 0.0901143 0.000141962 -0.00276406
-1.89451e-06 0.000558585 2.13314e-06 0.0900824 0.000130107 -0.00277566
2.04194e-05 0.000544135 -1.05115e-05 2.8143 -0.408131 -1.46884
-1.09936e-05 0.00057604 4.85502e-06 -2.44376 0.432272 1.37325
0.00289345 0.00315641 -0.000433733 0.651136 0.0836613 3.05374
0.000145647 0.00587715 -0.000454647 0.651136 0.0836613 3.05374
0.0130421 -0.0051504 -0.000587679 2.22482 -0.120532 1.58393
9.92097e-05 0.00458096 0.00110313 -2.36596 0.499751 1.53288
-0.00116596 0.0052908 -0.0019227 2.91437 -0.54186 -1.66475
0.000544775 -0.00123031 -0.000617412 0.087879 0.000241582 -0.00535732
1.31318e-06 0.000314413 -2.37062e-06 0.0878719 0.000237439 -0.00536045
7.85025e-06 0.000335508 1.0051e-05 2.81533 -0.409016 -1.47152
-1.505e-05 0.000333623 3.6373e-06 -2.44496 0.442455 1.3703
0.00100099 0.00156034 -0.000524037 0.652186 0.0875297 3.05476
0.00216504 0.00151591 0.0011723 0.652186 0.0875297 3.05476
0.0136816 -0.0049576 -0.00240903 2.22577 -0.122083 1.5875
0.000100683 0.00242656 0.000506556 -2.36361 0.494991 1.53675
0.000762551 0.000702906 -0.000507324 2.91327 -0.548879 -1.65909
0.000237163 7.823e-05 -0.00115945 0.0824337 0.000272526 -0.0064748
2.06627e-07 0.000161945 4.82469e-07 0.0824324 0.000269036 -0.00647393
1.21944e-05 0.000155988 -1.23135e-05 2.81402 -0.407974 -1.46828
-1.23589e-05 0.000169251 5.55617e-06 -2.44554 0.447717 1.36889
-0.000737729 0.00191193 -0.00217427 0.647111 0.0965098 3.05807
-0.000914971 0.00157749 -0.00195958 0.647111 0.0965098 3.05807
0.0121117 -0.00524626 -0.0048846 2.22029 -0.124778 1.59732
-0.00125582 0.0032381 1.04345e-05 -2.36189 0.485887 1.53899
0.000551904 0.00296477 0.000468894 2.91357 -0.53843 -1.6648
0.000558561 -0.000639249 -0.00025342 0.0815034 0.000388675 -0.00916911
1.19182e-07 7.66559e-05 -8.70325e-07 0.0815084 0.000377951 -0.00916478
-4.98513e-06 8.42028e-05 5.22529e-06 2.81263 -0.413701 -1.46483
4.83145e-06 8.38532e-05 -1.8965e-06 -2.44892 0.452377 1.36107
-0.00389824 -0.00036398 0.006331 0.657292 0.103799 3.05855
-0.00371137 -0.00170722 0.00429945 0.657292 0.103799 3.05855
0.0132229 -0.00398366 0.000327512 2.23038 -0.129114 1.60213
-0.00314392 -0.00116196 0.00475013 -2.36095 0.492117 1.53585
-0.00470881 -0.00285749 0.00221644 2.91224 -0.547285 -1.66102
-0.00016051 -0.000954656 3.48484e-05 0.0820395 0.000358493 -0.00844086
1.42573e-07 3.30448e-05 1.01517e-06 0.0820253 0.000349858 -0.00844158
-1.67663e-07 2.7923e-05 3.44215e-06 2.82071 -0.417634 -1.48494
3.09443e-06 3.08732e-06 -2.60294e-05 -2.45412 0.46539 1.34928
0.000918865 -0.000569092 -0.00405649 0.654555 0.112705 3.05957
-0.00294688 0.000895025 -0.00118198 0.654555 0.112705 3.05957
0.0126613 -0.00313667 -0.00230995 2.22735 -0.133636 1.6102
-0.00157422 0.00170313 0.00016583 -2.35578 0.474726 1.54642
-0.0012398 0.00117549 -0.000493451 2.91481 -0.544289 -1.66816
-0.000714439 -0.000208479 0.000129092 0.0827846 0.00021964 -0.00500354
8.01621e-07 2.45551e-05 -1.88758e-06 0.0827866 0.000210829 -0.00500226
-9.54532e-07 2.64158e-05 -1.88102e-06 2.82252 -0.417775 -1.48947
-1.07541e-05 5.21293e-05 3.34465e-05 -2.45762 0.467942 1.3414
