-0.192834 -0.325671 0.0156038 0.394488 0.207028 -3.0602
0.191571 -0.18419 -0.462018 0.394488 0.207028 -3.0602
1.76572 -0.0357573 0.19819 1.95642 -0.00368477 1.79301
-0.173859 -0.0595995 0.0356146 1.41661 -0.0748787 1.4996
0.145995 -0.0456259 -0.240778 -0.305896 0.987896 -1.25301
-0.00021901 0.395629 0.009481 0.0466264 -9.98279e-06 0.0010771
-2.96323e-08 0.192491 8.15841e-07 0.046627 -2.06828e-05 0.00107515
0.128524 0.192489 1.06057e-07 -0.510155 0.789616 -1.49754
-0.128524 0.192487 -6.13632e-06 1.41188 0.138187 1.39286
0 0 0 0.394488 0.207028 -3.0602
0 0 0 0.394488 0.207028 -3.0602
0 0 0 1.95642 -0.00368477 1.79301
0 0 0 1.41661 -0.0748787 1.4996
0 0 0 -0.305896 0.987896 -1.25301
0 0 0 0.0466264 -9.98279e-06 0.0010771
0 0 0 0.046627 -2.06828e-05 0.00107515
0 0 0 -0.510155 0.789616 -1.49754
0 0 0 1.41188 0.138187 1.39286
0 0 0 0.394488 0.207028 -3.0602
0 0 0 0.394488 0.207028 -3.0602
0 0 0 1.95642 -0.00368477 1.79301
0 0 0 1.41661 -0.0748787 1.4996
0 0 0 -0.305896 0.987896 -1.25301
0 0 0 0.0466264 -9.98279e-06 0.0010771
0 0 0 0.046627 -2.06828e-05 0.00107515
0 0 0 -0.510155 0.789616 -1.49754
0 0 0 1.41188 0.138187 1.39286
-0.000825969 0.00149882 0.00147468 0.396038 0.202814 -3.06228
-0.00169621 0.000354019 0.00119135 0.396038 0.202814 -3.06228
-0.000395269 -9.26643e-05 -0.00151761 1.95829 -0.0043633 1.78833
-0.000175852 0.00148394 0.00108842 1.41681 -0.0734281 1.49717
0.00111974 0.00148441 0.00115285 -0.323061 0.987108 -1.27375
0.000220472 6.72233e-05 -0.000682987 0.0432665 -2.28242e-06 -1.46191e-05
-2.90291e-07 5.78278e-08 -5.70258e-07 0.0432655 -1.95132e-07 -1.57347e-05
3.45833e-06 1.81112e-06 -3.59549e-09 -0.506516 0.790143 -1.49241
-1.26954e-06 5.03358e-06 6.93558e-06 1.41161 0.143112 1.39115
-0.0023357 0.00470017 0.000553598 0.388443 0.190075 -3.06361
-0.00882125 0.00767817 -0.00391856 0.388443 0.190075 -3.06361
-0.00211453 0.00221557 -0.00521319 1.95188 0.000763223 1.77607
-0.00219535 0.00458004 0.00200068 1.41663 -0.0788534 1.49661
-0.00636933 0.00609026 -0.0022427 -0.330681 0.997584 -1.28682
0.000617193 -0.00125616 0.000790462 0.0474476 3.63626e-05 -0.00302668
2.88914e-06 -8.63178e-06 -7.67113e-07 0.0474584 5.8815e-05 -0.00302642
-1.40002e-05 2.3466e-06 -8.74806e-07 -0.524728 0.808658 -1.51779
3.11311e-06 7.269e-06 5.00212e-06 1.40986 0.153201 1.37926
-0.00124496 -0.0050258 -0.00374504 0.390821 0.209972 -3.06685
0.00825981 -0.00364125 0.00372769 0.390821 0.209972 -3.06685
0.00124671 0.000367909 0.00232522 1.95261 -0.0101364 1.79327
-0.000863103 -0.00512523 -0.00288163 1.41506 -0.0820921 1.49515
0.00426872 -0.0042838 0.00292605 -0.30941 0.994177 -1.25904
-0.00100027 0.000793261 0.000101175 0.0477507 -1.83755e-05 0.00187727
-2.76087e-06 6.59587e-06 9.68691e-07 0.0477498 -3.93241e-05 0.00187339
-1.69595e-05 -5.99286e-06 1.53613e-06 -0.512355 0.79286 -1.50057
2.67049e-05 -1.51947e-05 -1.10644e-05 1.40985 0.139154 1.37965
-0.00196369 0.00253879 -0.000369068 0.381851 0.19789 -3.07104
-0.00813366 0.00364653 -0.00515468 0.381851 0.19789 -3.07104
0.000270132 0.00143115 -0.00106693 1.94484 -0.00766479 1.7806
-0.00100543 0.00234913 0.0010032 1.41483 -0.0872396 1.49151
-0.0055052 0.00163589 -0.0035151 -0.316541 1.00612 -1.27234
0.000730931 -1.03771e-05 -0.00038369 0.0458693 2.54405e-05 -0.00171709
3.79789e-07 -5.67956e-06 -3.16068e-07 0.0458763 3.6617e-05 -0.00171918
5.1734e-06 -3.97757e-06 -7.82947e-07 -0.528885 0.804338 -1.52364
-8.98729e-06 2.26288e-06 1.18985e-05 1.40909 0.144125 1.37404
-0.00141699 0.00126679 0.00287549 0.388571 0.197091 -3.0716
-0.00238305 -0.00165237 0.000245987 0.388571 0.197091 -3.0716
-0.00105311 0.000551825 -0.00141812 1.95148 -0.00928211 1.7796
-0.00134628 0.00138858 0.00136565 1.41499 -0.0815758 1.49129
-0.00325251 0.000519103 -0.00105065 -0.316888 0.996074 -1.27101
0.0002891 -0.0010507 0.00122596 0.0521576 8.18499e-05 -0.00315752
-9.39383e-08 -5.67008e-07 4.85817e-07 0.0521468 8.23634e-05 -0.00316059
1.30231e-05 9.11266e-07 -5.86297e-07 -0.538917 0.807891 -1.53754
-1.15456e-05 4.17196e-07 -8.06137e-06 1.4081 0.150062 1.36778
0.00143022 -0.0020736 -0.00350003 0.383718 0.208455 -3.06937
0.00726434 0.00402519 0.00261399 0.383718 0.208455 -3.06937
-0.000235717 -0.000870988 -0.000542174 1.94581 -0.0103594 1.791
0.000339204 -0.00217237 -0.00145368 1.41457 -0.0892495 1.49534
0.00356914 0.00205047 0.00285347 -0.294144 0.998897 -1.2423
-0.000681671 -0.000368658 -0.000542455 0.0495867 1.26527e-05 0.000213873
-1.86422e-07 6.16583e-07 -9.11293e-07 0.0495934 -6.54029e-07 0.000217752
-8.39093e-07 3.73801e-07 3.90956e-06 -0.527536 0.806104 -1.52179
2.58973e-06 -2.79348e-06 1.35793e-06 1.40854 0.143275 1.37079
0.00142045 -0.00116099 -0.00356505 0.376964 0.216126 -3.06786
0.00508626 0.0034887 -0.00114932 0.376964 0.216126 -3.06786
0.000887939 -0.000459344 -0.00048154 1.93859 -0.010235 1.79874
0.000389045 -0.00121903 -0.00203255 1.41396 -0.0950061 1.49918
0.00269113 0.00174364 -0.000367996 -0.278189 1.00319 -1.22243
6.85118e-05 -5.91339e-05 -4.55501e-05 0.0493678 1.21631e-05 -0.000125663
4.52764e-08 -1.3616e-06 3.77141e-07 0.0493743 5.60547e-06 -0.000122986
3.62833e-06 -2.03235e-06 -1.12931e-06 -0.518805 0.810329 -1.50971
-3.95674e-06 -2.59785e-06 -6.09446e-07 1.40889 0.134866 1.37324
0.00102899 -0.00145269 -0.000408318 0.384145 0.226707 -3.06551
0.00583594 -0.00346207 -0.00168752 0.384145 0.226707 -3.06551
0.000928715 5.8666e-06 0.0011268 1.94466 -0.0135264 1.80935
0.000255849 -0.00119881 -0.00259924 1.41328 -0.0867832 1.50215
0.00431441 -0.0023949 -0.00247452 -0.274841 0.996747 -1.21503
-0.000444306 0.000987077 5.82869e-05 0.0494033 -3.87002e-05 0.00206954
-1.78785e-09 1.5808e-06 6.3455e-07 0.0493978 -4.84211e-05 0.00207022
-2.33842e-06 1.40348e-07 -1.92462e-06 -0.505809 0.809607 -1.49176
2.09064e-06 -8.71277e-07 -4.04769e-06 1.40913 0.124348 1.37513
0.00150395 0.00225075 0.0034663 0.379474 0.212113 -3.06687
-0.00422618 0.0031481 -0.000886376 0.379474 0.212113 -3.06687
-0.000300413 -0.00162453 -0.00116785 1.94137 -0.00843098 1.79535
0.00200583 0.0023096 0.00230336 1.4149 -0.0824199 1.50028
-0.000286402 0.00228695 9.57738e-05 -0.292511 1.00554 -1.23895
-8.77704e-05 -0.000831492 -0.000568078 0.0468075 -7.96317e-05 0.00250111
-5.13448e-07 2.32458e-06 -6.85272e-07 0.0468113 -6.35372e-05 0.00250073
-6.75996e-06 3.76132e-06 -3.07493e-07 -0.506129 0.814371 -1.49219
9.07484e-06 7.24854e-06 8.43839e-06 1.40996 0.134501 1.38107
-0.000341709 0.00193846 7.37833e-05 0.373919 0.20568 -3.06837
-0.00304469 0.00621074 -0.000344898 0.373919 0.20568 -3.06837
-0.00141542 0.000967394 -0.00236077 1.93647 -0.00630226 1.78886
-0.000722281 0.00185993 0.00133095 1.41519 -0.0871377 1.50169
-0.00121349 0.00569257 0.000743243 -0.300743 1.01117 -1.25005
0.000572423 -0.000939999 -6.11868e-05 0.0467268 -4.72695e-06 -0.000317188
1.11208e-06 -4.17672e-07 -3.23438e-07 0.0467332 4.0961e-06 -0.000317638
5.63509e-06 3.11863e-06 7.35609e-07 -0.508641 0.825531 -1.49562
-1.23433e-05 5.47037e-06 1.82084e-06 1.40937 0.140551 1.37693
0 0 0 0.373919 0.20568 -3.06837
0 0 0 0.373919 0.20568 -3.06837
-0.000553714 0.000167223 -0.000723448 1.94682 -0.00940688 1.79097
0 0 0 1.41519 -0.0871377 1.50169
0 0 0 -0.300743 1.01117 -1.25005
0.000142905 0.0014579 0.00103211 0.0514635 3.12312e-05 -0.00103212
0 0 0 0.0467332 4.0961e-06 -0.000317638
1.53349e-06 -2.50882e-06 -1.7573e-06 -0.50863 0.825527 -1.49562
-2.54612e-06 -1.19886e-05 -1.04566e-05 1.40893 0.14584 1.37429
-0.00278306 -0.00335912 -0.00200415 0.381579 0.208279 -3.06993
0.000110516 -0.000479921 0.000234459 0.381579 0.208279 -3.06993
0.000642085 0.00123571 2.24433e-05 1.94374 -0.0103549 1.79065
-0.0021548 -0.00369655 0.000980375 1.41436 -0.0983506 1.49925
-0.000582085 0.00199698 -0.00128331 -0.30393 0.999927 -1.25091
0.000472064 6.76247e-05 -0.000304672 0.049955 8.40254e-05 -0.00335878
-3.26049e-07 -9.59533e-07 6.44215e-07 0.0499586 8.39775e-05 -0.00335997
9.16182e-06 -3.03882e-06 1.19245e-06 -0.510112 0.832718 -1.49761
-5.00534e-06 2.72935e-06 5.06006e-06 1.40847 0.142136 1.37149
0.000353209 0.000204316 -2.50975e-05 0.377929 0.204122 -3.0697
-0.00343557 0.00170485 -0.000946473 0.377929 0.204122 -3.0697
-0.00032508 0.00176479 -4.51496e-05 1.94051 -0.0078475 1.78691
-0.00101267 0.000289813 0.000129361 1.41436 -0.0989266 1.50439
-0.00288424 0.000759994 -0.000329028 -0.30371 1.00458 -1.2525
0.000191928 -0.00143412 0.000305161 0.0518343 0.000107844 -0.0043346
2.08258e-07 2.35437e-06 -2.48873e-07 0.0518369 0.000111398 -0.00433381
5.13566e-07 2.65343e-06 2.10417e-07 -0.519575 0.835519 -1.51038
-4.74643e-06 2.47608e-06 3.0388e-06 1.40779 0.142661 1.36741
0.00153265 -0.000186178 0.00111276 0.375218 0.204389 -3.07233
0.00128594 -0.000107283 -0.000738736 0.375218 0.204389 -3.07233
0.000323497 -0.00154149 0.00130853 1.93785 -0.00981556 1.78623
0.0018411 -6.96354e-05 -0.000327578 1.41488 -0.0935159 1.50326
0.00168083 -0.000370578 -0.000651506 -0.305538 1.00594 -1.25457
0.000714348 -0.000330333 -0.000233027 0.0507632 0.000201528 -0.00792973
-9.93665e-07 1.84127e-06 -7.3287e-08 0.0507665 0.000201457 -0.00793231
2.14632e-06 1.09174e-06 1.50088e-07 -0.514036 0.835776 -1.50291
9.97226e-06 -1.39383e-06 3.60048e-07 1.40884 0.141569 1.37446
0.00160609 -0.00379627 -0.0110641 0.35576 0.219049 -3.07598
0.00755673 0.00443505 -0.00226904 0.35576 0.219049 -3.07598
0.00353212 4.14349e-05 0.00335942 1.91773 -0.0140653 1.79889
0.000248098 -0.00430509 -0.00531233 1.41252 -0.115136 1.50823
0.00400454 8.00135e-05 -0.00037848 -0.276197 1.01917 -1.22051
-0.000328045 0.00153757 -0.00260665 0.0374874 0.000142453 -0.00623862
2.73436e-07 -3.58047e-05 -5.12262e-07 0.0375172 0.00012277 -0.00623796
-1.0631e-05 -3.86728e-05 1.03233e-06 -0.500596 0.836111 -1.4848
5.75139e-06 -4.59705e-05 -3.10004e-06 1.40935 0.119301 1.37857
0.000883548 0.00731872 -0.000832538 0.344242 0.214378 -3.07719
-0.00293126 0.00805284 -0.00273533 0.344242 0.214378 -3.07719
-0.00107912 0.000830063 -0.00294845 1.90687 -0.0110652 1.79423
-0.000923953 0.00729102 0.000302073 1.41256 -0.119402 1.51502
-0.0008637 0.00576263 -0.000775307 -0.281186 1.03221 -1.22901
-0.000509989 -8.88889e-05 -0.00131075 0.0310148 4.70184e-05 -0.003699
9.0463e-07 5.10984e-06 -2.3744e-07 0.0310302 5.46817e-05 -0.00369721
3.42011e-06 1.15591e-05 -7.8401e-07 -0.50188 0.850856 -1.48651
-9.84289e-06 2.96445e-05 8.44386e-06 1.40827 0.12368 1.36955
0 0 0 0.344242 0.214378 -3.07719
0 0 0 0.344242 0.214378 -3.07719
0 0 0 1.90687 -0.0110652 1.79423
0 0 0 1.41256 -0.119402 1.51502
0 0 0 -0.281186 1.03221 -1.22901
0 0 0 0.0310148 4.70184e-05 -0.003699
0 0 0 0.0310302 5.46817e-05 -0.00369721
0 0 0 -0.50188 0.850856 -1.48651
0 0 0 1.40827 0.12368 1.36955
