-0.167083 -0.352036 -0.0309266 0.273338 0.160876 -3.07246
0.156183 0.0332801 -0.478906 0.273338 0.160876 -3.07246
1.83413 -0.0189736 -0.00198526 1.8406 0.0233804 1.74423
-0.19049 -0.0764498 0.0261735 -0.602877 -0.203592 1.65553
0.119896 0.132318 -0.228193 -0.763708 1.17257 -1.21959
0.0046656 0.42079 -0.00146502 -0.00695376 -6.33757e-05 -0.0221751
1.39624e-07 0.210463 -8.73705e-07 -0.00695281 -7.31419e-05 -0.0221781
0.1524 0.210463 3.72272e-07 -1.44722 1.21563 -1.96498
-0.152402 0.210465 -1.60873e-06 -0.605524 0.0901901 1.43882
0 0 0 0.273338 0.160876 -3.07246
0 0 0 0.273338 0.160876 -3.07246
0 0 0 1.8406 0.0233804 1.74423
0 0 0 -0.602877 -0.203592 1.65553
0 0 0 -0.763708 1.17257 -1.21959
0 0 0 -0.00695376 -6.33757e-05 -0.0221751
0 0 0 -0.00695281 -7.31419e-05 -0.0221781
0 0 0 -1.44722 1.21563 -1.96498
0 0 0 -0.605524 0.0901901 1.43882
-0.00399206 0.000593734 0.000234613 0.273349 0.1601 -3.07817
-0.00237706 -0.000351448 -0.00250284 0.273349 0.1601 -3.07817
3.52724e-05 0.0012754 -0.000336452 1.84061 0.0180788 1.74196
-0.00208181 0.000735313 0.0003193 -0.603729 -0.203894 1.6486
-0.00141276 -9.41488e-05 -0.00251207 -0.772028 1.17285 -1.22903
0.000425958 0.000701608 -0.000177561 -0.00777782 -9.50652e-05 -0.0241227
-2.68391e-07 -1.03945e-06 4.29464e-07 -0.00777791 -9.42564e-05 -0.0241286
5.67906e-06 -2.15764e-06 -2.12765e-06 -1.46131 1.21674 -1.97992
-4.18178e-06 -5.76988e-08 1.00688e-06 -0.606132 0.0914225 1.43136
0 0 0 0.273349 0.1601 -3.07817
0 0 0 0.273349 0.1601 -3.07817
0 0 0 1.84061 0.0180788 1.74196
0 0 0 -0.603729 -0.203894 1.6486
0 0 0 -0.772028 1.17285 -1.22903
0 0 0 -0.00777782 -9.50652e-05 -0.0241227
0 0 0 -0.00777791 -9.42564e-05 -0.0241286
0 0 0 -1.46131 1.21674 -1.97992
0 0 0 -0.606132 0.0914225 1.43136
0.00384557 -0.000384246 -0.00175919 0.273536 0.166356 -3.07606
0.00408081 0.000215098 1.07133e-05 0.273536 0.166356 -3.07606
0.000152228 -0.00124747 0.000516577 1.84051 0.0184175 1.74855
0.00135376 -0.000870953 -0.000448375 -0.603968 -0.208652 1.65775
0.00241731 -0.000225131 -0.000275676 -0.756001 1.17191 -1.21278
-5.16695e-05 0.000384629 0.000157535 -0.00701458 -7.03541e-05 -0.0238439
-9.50622e-07 1.8983e-06 -3.59927e-07 -0.00701421 -7.67584e-05 -0.0238418
2.24167e-06 2.15114e-06 1.12921e-06 -1.4357 1.21988 -1.95264
1.47235e-06 -4.50267e-06 -2.06294e-06 -0.605807 0.0896831 1.4364
0.0020907 -0.00272126 -0.000506109 0.271285 0.16668 -3.07121
0.00112039 0.000324388 -0.000709236 0.271285 0.16668 -3.07121
0.00109522 -0.000733537 0.00145872 1.83831 0.023407 1.7501
0.00169493 -0.00262018 -0.00115173 -0.603374 -0.2063 1.65912
0.000391497 -0.000531204 -0.000315686 -0.747904 1.1743 -1.20342
-0.000878759 -0.000408035 8.01722e-05 -0.00665232 -6.52946e-05 -0.0197177
1.00806e-06 -4.33276e-07 3.14227e-07 -0.00664864 -6.55054e-05 -0.0197092
1.37993e-06 -2.57502e-06 -5.53516e-07 -1.42948 1.219 -1.94605
-5.76056e-06 -7.20033e-06 2.37522e-06 -0.605264 0.0850266 1.44337
-0.00483299 0.00131285 -0.000457996 0.268757 0.166453 -3.07858
-0.00204902 -0.000635799 1.8009e-05 0.268757 0.166453 -3.07858
-0.000167853 0.00123446 -0.000549898 1.83579 0.0168033 1.74789
-0.000971426 0.00173589 -0.00100202 -0.603518 -0.204332 1.64506
-0.00127851 -0.00238664 0.00079893 -0.751629 1.18189 -1.2043
0.000857098 -2.4179e-05 0.000410574 -0.00470251 -5.69964e-05 -0.0237834
-1.92953e-07 -3.94519e-06 -3.2148e-07 -0.00469868 -5.62936e-05 -0.0237942
5.00497e-07 -1.82926e-06 3.64381e-07 -1.43286 1.20764 -1.94966
1.39356e-06 1.1642e-05 1.58607e-06 -0.605613 0.0820657 1.43929
0.000121594 0.00076861 -0.00311812 0.26606 0.168287 -3.08165
0.000260567 0.0010139 -0.000461266 0.26606 0.168287 -3.08165
0.000604246 0.000495539 1.70637e-05 1.83304 0.0138422 1.74882
-0.00160087 1.69875e-05 -0.000272376 -0.606861 -0.214664 1.65152
0.00028037 0.000360195 -0.000433893 -0.747458 1.18404 -1.20219
-0.000102761 5.69089e-05 -0.000144971 -0.00539242 -5.90008e-05 -0.0232904
4.62258e-08 2.48147e-06 3.11007e-07 -0.00538705 -6.20687e-05 -0.0232954
1.98423e-06 2.03375e-06 -7.62284e-08 -1.43153 1.20992 -1.94822
-1.49345e-06 -1.58882e-06 -3.44257e-06 -0.606038 0.0811019 1.43382
0.00548378 -0.00389832 0.00528921 0.280298 0.167201 -3.07241
0.00245517 -0.00864847 -0.0013014 0.280298 0.167201 -3.07241
0.000445575 -0.00183483 0.00320014 1.84715 0.0204962 1.75047
0.00230754 -0.00355461 0.00243035 -0.604551 -0.204296 1.66286
0.00314738 -0.0050917 -0.00261934 -0.766381 1.17168 -1.22044
-0.00130703 -0.000556144 -5.00298e-05 -0.00566188 -4.87098e-05 -0.0171462
-1.98834e-07 -1.79403e-05 1.04492e-06 -0.00567944 -4.87888e-05 -0.0171377
-1.52237e-06 -1.93422e-05 -1.262e-06 -1.3822 1.19987 -1.89538
1.05934e-06 -2.78821e-05 -1.55754e-06 -0.605244 0.0884346 1.44324
-0.0025849 0.00282403 -0.00104113 0.272717 0.169265 -3.0734
0.000459665 0.00405355 -0.00070639 0.272717 0.169265 -3.0734
0.000442136 0.000436613 -0.000409225 1.83958 0.0203583 1.75204
-0.000558195 0.00307259 -0.00142397 -0.605906 -0.202916 1.65547
0.0131542 0.00162347 -0.000152186 -0.859932 1.19303 -1.33208
0.000164789 -0.00086566 -9.59191e-05 -0.00611437 -5.20253e-05 -0.0179943
5.94673e-07 4.36429e-06 -1.89452e-06 -0.00610459 -5.38342e-05 -0.017994
9.43735e-07 7.38687e-06 2.73675e-06 -1.25165 1.2184 -1.75582
-3.71628e-06 1.37667e-05 5.77461e-06 -0.605561 0.0844514 1.44001
-0.00398442 0.000562608 0.0030129 0.280357 0.161086 -3.08033
-0.00552884 -0.0062693 -0.00197668 0.280357 0.161086 -3.08033
0.000572995 0.00169862 0.000883475 1.84746 0.0145401 1.74244
-0.00243641 0.000747849 0.0027561 -0.604983 -0.201989 1.64985
-0.00656223 -0.00333569 -0.00227999 -0.861092 1.182 -1.32906
5.60316e-05 0.000317424 -0.000199433 -0.00711905 -0.000103329 -0.0182415
-9.03154e-07 1.79478e-07 9.08038e-06 -0.00713028 -9.30087e-05 -0.0182527
-6.95209e-06 -7.85465e-06 -6.65692e-06 -1.31203 1.20418 -1.82029
9.332e-06 -4.25093e-06 -5.01741e-06 -0.606276 0.0940037 1.43132
0.00560049 -0.00323811 0.00251563 0.282372 0.150879 -3.07451
-0.00191847 -0.00309903 0.00353878 0.282372 0.150879 -3.07451
0.000900891 -0.00163513 0.00172207 1.84995 0.0225903 1.73428
0.00271349 -0.00339162 0.00209521 -0.602116 -0.200464 1.66029
-0.00358086 -0.000525477 0.00339008 -0.855854 1.1719 -1.3196
2.66171e-05 -0.00121672 0.000312746 -0.00561351 -6.82598e-05 -0.0184775
2.88888e-07 3.64174e-06 -7.99361e-06 -0.00561693 -5.61479e-05 -0.0184708
-3.52277e-06 9.31855e-06 2.66008e-06 -1.34581 1.19387 -1.85651
4.54128e-06 2.19275e-06 4.36235e-06 -0.605254 0.100104 1.44208
-0.0063229 0.00328343 5.46881e-05 0.284543 0.157054 -3.08185
0.00199759 -0.00159286 0.0033083 0.284543 0.157054 -3.08185
-0.000560434 0.00195105 -0.000655845 1.85177 0.0134777 1.73821
-0.00275337 0.00397558 -0.00191777 -0.604695 -0.193341 1.64723
-0.00138312 -0.000158697 0.0025043 -0.834166 1.16307 -1.29253
0.000558325 0.00104781 0.000511718 -0.00314341 -2.2512e-05 -0.0210371
4.5262e-07 1.5711e-07 -2.12517e-07 -0.00314558 -3.10033e-05 -0.0210474
-6.52719e-07 1.34446e-06 3.36903e-06 -1.35868 1.18809 -1.87034
-2.77274e-06 1.0481e-05 -4.96006e-06 -0.606373 0.0947896 1.43091
0.00244306 0.00251474 -0.00519396 0.276568 0.163059 -3.08109
0.00353905 0.00760348 0.00266724 0.276568 0.163059 -3.08109
-0.00113478 -0.000724045 -0.00335053 1.84363 0.0139213 1.74408
0.000629334 0.00166974 -0.00172847 -0.606964 -0.205861 1.65401
0.000662178 0.00601124 0.00327279 -0.803616 1.16629 -1.26262
-0.000147247 0.00038702 -0.00059061 -0.00593051 -5.24122e-05 -0.020301
-1.6576e-07 -1.26877e-06 -8.18267e-07 -0.00592143 -5.82438e-05 -0.0202988
5.02554e-06 5.04039e-06 2.18392e-06 -1.37101 1.2057 -1.88354
-3.11548e-06 1.77896e-06 6.04822e-06 -0.606345 0.0893909 1.43228
-0.00188713 -0.00298723 -0.00157098 0.271762 0.161157 -3.08316
-0.00104393 0.00296075 -0.000463812 0.271762 0.161157 -3.08316
-0.000225712 0.000150558 -0.00107033 1.83898 0.0132608 1.74163
0.000767832 -0.00291194 -0.000954982 -0.604935 -0.20809 1.64441
-0.000880313 0.00193059 -8.70801e-05 -0.800679 1.17032 -1.26114
0.000200158 0.000111659 -0.000157811 -0.00668398 -7.54622e-05 -0.0212427
-3.84786e-08 5.27904e-06 7.02199e-08 -0.00667861 -7.27913e-05 -0.0212442
4.26098e-06 1.53421e-06 -2.53466e-06 -1.38682 1.2118 -1.90039
-4.12321e-06 8.75009e-07 3.91931e-07 -0.606084 0.0852807 1.43629
0.003149 0.00134256 -0.00318013 0.267461 0.161603 -3.08121
8.95014e-05 0.00403896 -0.000330997 0.267461 0.161603 -3.08121
0.000240719 -0.000894897 -0.00194013 1.83473 0.0157507 1.74251
0.0012174 0.000789402 -0.00127699 -0.606022 -0.21498 1.65154
0.0153293 0.00366407 -0.000462918 -0.920938 1.18368 -1.40266
1.07246e-05 9.59423e-05 1.747e-05 -0.00660331 -7.00906e-05 -0.0212867
-1.20305e-07 2.04203e-06 5.38664e-07 -0.00659694 -7.02432e-05 -0.0212827
2.90565e-06 6.58858e-06 4.90974e-08 -1.22487 1.24083 -1.72838
-8.79453e-07 5.50696e-06 -1.58654e-06 -0.605883 0.0811892 1.44009
1.78172e-05 0.000134117 0.00161328 0.267829 0.150873 -3.08105
-0.0061048 0.000537898 0.000467137 0.267829 0.150873 -3.08105
-0.000719728 -0.000339934 -0.00085344 1.83556 0.0186427 1.73222
0.000140043 -0.000221628 0.00327974 -0.601014 -0.221019 1.6512
-0.0144443 0.000723369 0.00123537 -0.854336 1.17827 -1.32382
-0.000441314 -0.000207094 -0.000498865 -0.00898678 -9.36908e-05 -0.0192071
9.99708e-08 4.45381e-06 1.52282e-07 -0.00898904 -8.79347e-05 -0.0192056
-2.13311e-06 -1.82959e-06 -9.43938e-07 -1.39425 1.22794 -1.90766
2.12136e-07 -2.59178e-06 5.7457e-08 -0.605837 0.0923519 1.44066
0 0 0 0.267829 0.150873 -3.08105
0 0 0 0.267829 0.150873 -3.08105
0 0 0 1.83556 0.0186427 1.73222
0 0 0 -0.601014 -0.221019 1.6512
0 0 0 -0.854336 1.17827 -1.32382
0 0 0 -0.00898678 -9.36908e-05 -0.0192071
0 0 0 -0.00898904 -8.79347e-05 -0.0192056
0 0 0 -1.39425 1.22794 -1.90766
0 0 0 -0.605837 0.0923519 1.44066
-0.000358624 -0.00186955 0.00451643 0.278924 0.150408 -3.08137
0.000682924 -0.00813778 0.000341265 0.278924 0.150408 -3.08137
-3.90547e-05 0.000434002 0.00255713 1.84653 0.0166836 1.73188
-0.000912498 -0.00136428 0.00202755 -0.600593 -0.211995 1.65306
0.00977697 -0.005498 -0.00220563 -0.935738 1.17204 -1.41426
7.40223e-05 0.000277497 0.00099455 -0.00425809 -4.13439e-05 -0.0195322
5.07133e-08 -8.93337e-06 7.95457e-07 -0.00426512 -4.16081e-05 -0.0195334
1.58348e-06 -1.09248e-05 -1.22211e-07 -1.26929 1.22061 -1.77482
-1.9679e-06 -1.20079e-05 -2.605e-06 -0.606004 0.0987905 1.43817
0.0035595 -0.00473958 -0.00451445 0.282388 0.178398 -3.0782
0.015388 -0.00495157 0.00348278 0.282388 0.178398 -3.0782
0.000797866 -0.00053131 0.00333212 1.85452 0.00751686 1.75497
0.000879292 -0.000518104 -0.00345306 -0.602748 -0.193259 1.65057
0.0146674 -0.00507708 0.00201198 -0.953343 1.16329 -1.43472
0.000109686 -0.000282013 -0.000326884 -0.00581179 -6.22106e-05 -0.0200793
-2.54774e-07 4.83048e-06 -6.55753e-07 -0.00215741 -1.46904e-05 -0.0195959
-2.97029e-05 3.71171e-06 -6.20785e-08 -1.10228 1.20467 -1.59608
2.98034e-05 8.19153e-06 1.33596e-06 -0.605679 0.0869262 1.44129
