-0.186974 -0.2875 0.182728 0.404657 0.407523 -3.04387
0.247332 0.0419577 -0.456183 0.404657 0.407523 -3.04387
2.99919 0.20736 -0.361716 1.94147 -0.0656555 1.98435
-0.170387 -0.0524148 0.0913666 -0.439054 0.369826 1.50035
0.182698 0.109337 -0.224777 -0.201166 1.1873 -0.806193
0.00242918 0.381598 -0.00435026 -0.0218625 -0.000143269 -0.0122224
-8.10054e-07 0.182673 3.13189e-08 -0.0218574 -0.000136127 -0.0122216
0.153812 0.182672 -6.53299e-07 -0.56074 1.23353 -1.19557
-0.153806 0.182671 3.12461e-06 -0.439046 0.369836 1.50038
0 0 0 0.404657 0.407523 -3.04387
0 0 0 0.404657 0.407523 -3.04387
0 0 0 1.94147 -0.0656555 1.98435
0 0 0 -0.439054 0.369826 1.50035
0 0 0 -0.201166 1.1873 -0.806193
0 0 0 -0.0218625 -0.000143269 -0.0122224
0 0 0 -0.0218574 -0.000136127 -0.0122216
0 0 0 -0.56074 1.23353 -1.19557
0 0 0 -0.439046 0.369836 1.50038
-0.00178143 -0.000342774 -0.00122126 0.401939 0.408275 -3.04845
-0.000815505 0.00187084 0.0044578 0.401939 0.408275 -3.04845
7.81629e-06 0.000279343 0.00131155 1.93897 -0.0691084 1.98356
-0.000910025 -0.000169872 -0.000611381 -0.439403 0.367241 1.49672
0.00591716 0.00166171 0.0056412 -0.247149 1.20653 -0.859369
-0.000695131 -0.000328611 0.000607611 -0.0188376 -8.15766e-05 -0.00873237
6.56808e-07 2.8497e-06 -2.1549e-07 -0.0188348 -8.21089e-05 -0.00873619
3.32313e-05 1.37433e-06 1.98366e-06 -0.488712 1.22212 -1.11911
-3.86168e-05 3.06556e-06 -1.51787e-06 -0.439394 0.367251 1.49675
0.00252935 -0.000996353 -0.0021075 0.396261 0.404154 -3.04705
-0.00226643 0.000302838 -0.000631688 0.396261 0.404154 -3.04705
0.00140601 -0.000854884 0.00144268 1.93436 -0.0640643 1.98057
0.00125715 -0.000500705 -0.00105283 -0.434133 0.362773 1.50225
0.00345125 -0.000649092 0.000636607 -0.286591 1.22479 -0.903389
1.18668e-05 0.000154161 0.000411429 -0.0167556 -8.09307e-05 -0.0087881
-1.195e-07 -9.99653e-08 1.24343e-07 -0.0167497 -7.5245e-05 -0.00878363
1.63889e-05 2.54813e-07 -1.37745e-06 -0.456533 1.21259 -1.0848
-1.53317e-05 -3.96452e-06 1.29714e-06 -0.434125 0.362783 1.50227
0.00384996 -0.000929125 -0.00180511 0.389278 0.388061 -3.04791
-0.00434675 -0.00760868 -0.000921954 0.389278 0.388061 -3.04791
0.00234889 -0.000820792 0.00152416 1.93036 -0.0564592 1.96565
0.00193099 -0.000463567 -0.00090204 -0.416061 0.358952 1.51047
-0.00660988 -0.00253258 -0.00239752 -0.303094 1.20238 -0.918604
-0.000911538 -0.000763516 -0.000244656 -0.0180613 -5.73939e-05 -0.0042206
-1.60106e-07 7.44543e-07 1.97684e-07 -0.0180574 -4.3821e-05 -0.0042191
-1.05517e-05 5.00326e-07 -2.47039e-06 -0.537644 1.21831 -1.17131
1.20532e-05 1.26915e-06 1.32859e-06 -0.416053 0.358962 1.51049
0.00641735 0.000159727 0.00129334 0.386916 0.35475 -3.04791
-0.0100383 -0.00322337 -0.0112119 0.386916 0.35475 -3.04791
-0.000742682 -0.000430789 -0.00209033 1.93284 -0.0438799 1.93469
0.00324235 8.62934e-05 0.000650433 -0.380505 0.361665 1.52386
-0.00703044 -0.00204515 -0.0110582 -0.336236 1.20573 -0.953539
-0.000964378 -0.000675456 0.000164271 -0.0172909 -4.87286e-05 0.000658775
3.54073e-07 9.72883e-07 7.26383e-08 -0.017292 -7.67664e-06 0.000659824
-7.08486e-05 6.95554e-06 -2.9802e-06 -0.621808 1.23574 -1.26069
6.74827e-05 1.18793e-05 6.91813e-06 -0.380496 0.361673 1.52388
-0.0108049 0.000195334 -0.00118482 0.389343 0.386445 -3.05799
0.0130635 -0.00631163 0.0100624 0.389343 0.386445 -3.05799
-0.00143115 0.00166944 0.00117484 1.93087 -0.0653549 1.96058
-0.00538503 9.33172e-05 -0.000610131 -0.414365 0.359259 1.50096
0.0042174 -0.00459208 0.00854574 -0.279557 1.17844 -0.888465
0.00173937 0.000775758 0.000284046 -0.0157729 2.28942e-05 -0.00812296
1.36723e-07 -7.97553e-06 -8.6612e-07 -0.0157713 -4.12895e-05 -0.0081451
-3.64778e-05 -1.87824e-05 2.26739e-05 -0.592922 1.20158 -1.22999
3.50538e-05 -9.20548e-06 -2.99601e-05 -0.414357 0.359268 1.50098
0 0 0 0.389343 0.386445 -3.05799
0 0 0 0.389343 0.386445 -3.05799
0 0 0 1.93087 -0.0653549 1.96058
0 0 0 -0.414365 0.359259 1.50096
0 0 0 -0.279557 1.17844 -0.888465
0 0 0 -0.0157729 2.28942e-05 -0.00812296
0 0 0 -0.0157713 -4.12895e-05 -0.0081451
0 0 0 -0.592922 1.20158 -1.22999
0 0 0 -0.414357 0.359268 1.50098
0.00758904 -0.00128345 -0.0020344 0.384739 0.38737 -3.04341
0.00848981 0.00330459 -0.00135718 0.384739 0.38737 -3.04341
0.00458596 -0.00631445 0.000619917 1.92618 -0.0502545 1.9668
0.00377405 -0.000657547 -0.001006 -0.414648 0.354904 1.51718
0.00562913 0.00223837 -0.00172748 -0.251043 1.17411 -0.858505
0.000730379 -0.000534198 -0.000448058 -0.018099 -0.000106448 -0.0118765
-1.92552e-06 -1.9863e-05 9.3708e-07 -0.0180939 -0.000107016 -0.0118572
5.34478e-05 -1.22598e-05 -1.75527e-05 -0.52804 1.20433 -1.16039
-3.82269e-05 -3.3137e-05 1.75633e-05 -0.41464 0.354914 1.5172
0.00566225 -0.000905972 -0.0017364 0.38626 0.419185 -3.01909
0.0185191 0.00424079 0.00690437 0.38626 0.419185 -3.01909
0.00372194 -0.00440746 -0.000289931 1.92237 -0.0390001 2.00486
0.00282563 -0.000456223 -0.000875327 -0.448368 0.351282 1.52924
0.00513498 0.00354014 0.00329628 -0.161548 1.13629 -0.757851
-0.00229705 -4.50319e-06 0.000141782 -0.0173865 4.98528e-05 -0.000203291
2.79267e-06 -2.97721e-06 2.38455e-07 -0.0173772 1.55512e-05 -0.000201675
-7.02602e-06 -8.81013e-06 6.08674e-06 -0.460947 1.20324 -1.08858
-1.33943e-05 -3.36737e-06 -1.27944e-05 -0.44836 0.351292 1.52926
0 0 0 0.38626 0.419185 -3.01909
0 0 0 0.38626 0.419185 -3.01909
0.00135424 0.00335056 7.77701e-06 1.91857 -0.0387041 2.00167
0 0 0 -0.448368 0.351282 1.52924
0 0 0 -0.161548 1.13629 -0.757851
-0.000197517 0.000511684 -0.000852429 -0.0216539 3.06928e-06 0.000802628
0 0 0 -0.0173772 1.55512e-05 -0.000201675
0 0 0 -0.460947 1.20324 -1.08858
0 0 0 -0.44836 0.351292 1.52926
-0.00127176 0.00529828 0.013865 0.414902 0.398419 -3.01696
-0.0126227 -0.0149732 -0.0102508 0.414902 0.398419 -3.01696
-0.000692384 0.0031513 0.00271323 1.9518 -0.0414229 1.98532
-0.000659694 0.00261278 0.00693401 -0.43111 0.380645 1.52616
-0.00652827 -0.0146443 -0.00771324 -0.204071 1.15538 -0.801595
1.72068e-05 0.000247423 0.00197753 -0.0116845 -1.98837e-05 0.00070794
-3.13145e-07 -7.69451e-05 1.83477e-06 -0.0117263 -1.50554e-06 0.000697207
4.73105e-05 -7.37802e-05 -8.17788e-06 -0.583105 1.17424 -1.21989
-4.82594e-05 -7.35698e-05 1.36938e-06 -0.431101 0.380655 1.52618
0.00342264 -0.00277039 -0.0067974 0.398828 0.397598 -3.01689
-0.00489336 0.00846852 -0.00062433 0.398828 0.397598 -3.01689
0.000328591 0.00355039 -0.00256546 1.9372 -0.0345906 1.98514
0.00169774 -0.00136468 -0.00339169 -0.427618 0.366166 1.53373
-0.00793439 0.00843102 -0.00179094 -0.185533 1.14579 -0.780209
0.00022121 -4.35029e-05 -0.00131927 -0.0182898 -8.79487e-06 -0.000378376
1.64907e-06 3.10921e-05 -2.33038e-06 -0.0182678 -4.79567e-06 -0.000368917
1.0787e-05 4.004e-05 2.00864e-06 -0.632864 1.21633 -1.27336
-2.67566e-05 4.11578e-05 1.44738e-05 -0.42761 0.366175 1.53375
-0.00353976 -0.000330269 -0.00136187 0.405625 0.449527 -3.00208
0.0209036 0.0125651 0.0116249 0.405625 0.449527 -3.00208
-0.00117726 0.000433528 -0.0046116 1.93447 -0.0420371 2.03832
-0.00166022 -0.000151139 -0.000688817 -0.483516 0.363323 1.5258
0.0330158 0.00432308 0.0160217 -0.202241 1.20562 -0.810109
0.000609762 -0.000325004 0.00111625 -0.0126906 3.4881e-05 -0.00348668
-1.60529e-06 2.64605e-05 1.97962e-07 -0.0126898 -1.01016e-05 -0.00347635
-0.000201173 2.22379e-05 1.98342e-06 -0.310743 1.14732 -0.925952
0.000219347 2.78683e-05 -1.57648e-05 -0.483508 0.363334 1.52583
0.000942204 5.03714e-05 0.000219888 0.404573 0.442057 -3.00317
-0.00603624 0.00166905 -0.00243966 0.404573 0.442057 -3.00317
-0.000266608 0.00200714 0.000155213 1.93486 -0.0399496 2.03105
0.000415088 3.59327e-05 0.000117689 -0.475472 0.363748 1.52803
0.00833152 -0.00205828 0.0020832 -0.296994 1.25782 -0.912335
-0.000151811 -0.000935763 -0.000626399 -0.0159318 -3.30031e-05 -0.0027345
6.89215e-08 2.77118e-05 1.0463e-07 -0.0159319 -2.48584e-05 -0.00273519
0.00011123 2.47343e-05 -3.50298e-06 -0.264439 1.11785 -0.874822
-0.000112034 2.15811e-05 1.52679e-05 -0.475464 0.363759 1.52805
-0.00447321 0.0042519 0.010372 0.432901 0.457522 -2.99283
0.00508077 -0.0169719 0.00362026 0.432901 0.457522 -2.99283
0.00286451 0.00341401 0.00616097 1.95715 -0.0487431 2.04797
-0.00225288 0.00210058 0.00517579 -0.496998 0.385854 1.51816
0.0127253 -0.00843881 0.00192323 -0.431858 1.24473 -1.05424
-0.000782327 0.000591413 0.00129289 -0.00937997 3.3451e-05 0.00122973
-1.49506e-07 -3.33218e-05 1.95823e-06 -0.00940503 1.2884e-05 0.00122757
3.30888e-05 -4.41744e-05 -1.11312e-06 -0.231798 1.05993 -0.83801
-3.2523e-05 -5.05578e-05 -2.01997e-05 -0.49699 0.385866 1.51819
0 0 0 0.432901 0.457522 -2.99283
0 0 0 0.432901 0.457522 -2.99283
0 0 0 1.95715 -0.0487431 2.04797
0 0 0 -0.496998 0.385854 1.51816
0 0 0 -0.431858 1.24473 -1.05424
0 0 0 -0.00937997 3.3451e-05 0.00122973
0 0 0 -0.00940503 1.2884e-05 0.00122757
0 0 0 -0.231798 1.05993 -0.83801
0 0 0 -0.49699 0.385866 1.51819
0.00189627 -0.00214838 -0.00526979 0.422794 0.469607 -2.98891
0.00427225 0.00826139 0.00602094 0.422794 0.469607 -2.98891
-0.00241433 0.00236962 -0.00430132 1.94579 -0.0448426 2.06096
0.000911991 -0.00104331 -0.00262706 -0.507805 0.374581 1.52259
0.000255971 0.00781923 0.00238295 -0.39315 1.23349 -1.00861
-0.000308013 -0.000688888 -0.000232061 -0.010538 3.19898e-05 0.00282287
1.81061e-06 9.25652e-06 -2.85364e-06 -0.0105265 2.05321e-05 0.00283198
3.404e-06 5.88344e-05 2.1275e-05 -0.190087 1.07516 -0.790398
-7.17963e-05 6.11682e-05 1.53383e-05 -0.507796 0.374593 1.52261
0.000490234 -0.00175827 -0.00449215 0.413946 0.478641 -2.98909
0.00245865 0.00196136 -0.00171349 0.413946 0.478641 -2.98909
-0.00115383 0.00468521 -0.000934413 1.93625 -0.0440408 2.06957
0.000287289 -0.000878046 -0.00224965 -0.51562 0.36507 1.52363
-0.0034995 0.000967044 -0.00391187 -0.329508 1.2208 -0.942139
0.00111362 0.00100425 -0.000917518 -0.0151386 3.89328e-05 -0.0028196
-7.27758e-07 3.4021e-05 1.03859e-06 -0.0151348 -6.60322e-06 -0.00282167
-1.86174e-05 -3.38259e-06 -1.62561e-05 -0.204423 1.09439 -0.806717
8.39375e-05 2.50605e-06 -7.1011e-06 -0.515613 0.365082 1.52365
0 0 0 0.413946 0.478641 -2.98909
0 0 0 0.413946 0.478641 -2.98909
0 0 0 1.93625 -0.0440408 2.06957
0 0 0 -0.51562 0.36507 1.52363
0 0 0 -0.329508 1.2208 -0.942139
0 0 0 -0.0151386 3.89328e-05 -0.0028196
0 0 0 -0.0151348 -6.60322e-06 -0.00282167
0 0 0 -0.204423 1.09439 -0.806717
0 0 0 -0.515613 0.365082 1.52365
