-0.171706 -0.35141 -0.0230313 0.454536 0.39097 -3.03492
0.234436 -0.0361894 -0.439345 0.454536 0.39097 -3.03492
2.95949 0.23969 -0.35437 1.98989 -0.0707654 1.96944
-0.206444 -0.0873453 0.00203144 -0.181985 -0.0938227 1.70159
0.182692 0.0512976 -0.21393 -0.372689 1.14718 -1.0367
0.00286543 0.382031 -0.00576829 -0.0289034 -0.000238612 -0.0143626
-9.51498e-10 0.18264 -7.07762e-07 -0.0288849 -0.000215482 -0.0143612
0.153837 0.182637 -1.09184e-06 -0.659308 1.00963 -1.35453
-0.153837 0.182635 1.14739e-05 -0.141119 0.0071907 1.37809
0 0 0 0.454536 0.39097 -3.03492
0 0 0 0.454536 0.39097 -3.03492
0 0 0 1.98989 -0.0707654 1.96944
0 0 0 -0.181985 -0.0938227 1.70159
0 0 0 -0.372689 1.14718 -1.0367
0 0 0 -0.0289034 -0.000238612 -0.0143626
0 0 0 -0.0288849 -0.000215482 -0.0143612
0 0 0 -0.659308 1.00963 -1.35453
0 0 0 -0.141119 0.0071907 1.37809
0 0 0 0.454536 0.39097 -3.03492
0 0 0 0.454536 0.39097 -3.03492
0 0 0 1.98989 -0.0707654 1.96944
0 0 0 -0.181985 -0.0938227 1.70159
0 0 0 -0.372689 1.14718 -1.0367
0 0 0 -0.0289034 -0.000238612 -0.0143626
0 0 0 -0.0288849 -0.000215482 -0.0143612
0 0 0 -0.659308 1.00963 -1.35453
0 0 0 -0.141119 0.0071907 1.37809
0.00015984 0.00345634 -0.00215647 0.455675 0.400656 -3.03055
0.0046012 0.00124938 0.00207136 0.455675 0.400656 -3.03055
-0.000763183 -0.000961886 -0.000753537 1.98914 -0.0711331 1.97996
0.0100355 0.00422852 0.00213864 -0.175712 -0.110118 1.66418
0.00228887 0.00137598 0.00164081 -0.357587 1.14166 -1.01799
-0.000671037 -0.000219599 -0.000464895 -0.0312779 -0.000150824 -0.011012
9.62063e-08 1.82628e-05 2.10053e-07 -0.0312777 -0.000165906 -0.0110059
1.40759e-05 2.40929e-05 4.68378e-06 -0.643377 1.00888 -1.33574
-1.44956e-05 2.6635e-05 -1.61541e-05 -0.14083 0.0157151 1.4125
0.00805711 -0.00443663 -0.00622709 0.445564 0.402578 -3.02812
0.00264238 0.00320741 -0.00206763 0.445564 0.402578 -3.02812
0.00182228 -0.00197723 0.000798333 1.97945 -0.0656409 1.98333
0.00505195 -0.00570923 0.000255728 -0.17955 -0.134373 1.67613
-0.00235665 0.00132724 -0.00185634 -0.314689 1.13777 -0.967615
-0.000461928 0.000393788 0.000768656 -0.0273738 -0.000126373 -0.00870057
-1.00091e-06 1.21668e-05 2.57698e-07 -0.027357 -0.000120387 -0.00868545
2.22002e-05 4.89859e-06 -3.50586e-06 -0.656486 1.01895 -1.351
-6.56938e-06 -2.58691e-05 1.14014e-05 -0.140378 0.0161346 1.43372
0 0 0 0.445564 0.402578 -3.02812
0 0 0 0.445564 0.402578 -3.02812
0 0 0 1.97945 -0.0656409 1.98333
0 0 0 -0.17955 -0.134373 1.67613
0 0 0 -0.314689 1.13777 -0.967615
0 0 0 -0.0273738 -0.000126373 -0.00870057
0 0 0 -0.027357 -0.000120387 -0.00868545
0 0 0 -0.656486 1.01895 -1.351
0 0 0 -0.140378 0.0161346 1.43372
-0.00973355 0.00602803 0.00305016 0.445685 0.403131 -3.04133
-0.00451553 -0.00204718 0.0018142 0.445685 0.403131 -3.04133
-0.00327247 0.00366574 0.000101666 1.97984 -0.078029 1.97856
-0.000861647 0.00738487 0.000826438 -0.173281 -0.125898 1.64238
-0.0104917 -0.0026751 0.00138339 -0.275193 1.1261 -0.918316
0.000529152 0.000355949 0.000735692 -0.0236349 -0.000132423 -0.0112844
2.45858e-06 -1.18248e-05 -6.64437e-07 -0.023635 -0.000133316 -0.0113054
-1.40941e-05 -9.68292e-06 2.65918e-06 -0.725797 1.01349 -1.43256
-1.20208e-05 3.20531e-05 -3.14395e-06 -0.140546 0.0196644 1.42661
-0.0098423 -0.00329316 0.00386449 0.453412 0.41728 -3.0462
0.00487865 -0.00347607 0.00365066 0.453412 0.41728 -3.0462
-0.00228102 0.00222536 -0.001479 1.98463 -0.0912212 1.98896
-0.00653754 -0.00228964 -0.0044551 -0.16871 -0.094681 1.62973
0.0134142 0.000699168 0.0011943 -0.350853 1.12713 -1.00662
0.000337165 0.00108904 -0.000978545 -0.0283852 -0.00013551 -0.0129169
-1.05394e-06 1.34849e-05 8.11546e-07 -0.0283918 -0.00017043 -0.0129206
-2.59165e-05 1.51187e-05 3.55633e-06 -0.641069 1.00473 -1.33263
3.25408e-05 6.37622e-06 -1.37857e-05 -0.141418 0.00298274 1.40378
0 0 0 0.453412 0.41728 -3.0462
0 0 0 0.453412 0.41728 -3.0462
0 0 0 1.98463 -0.0912212 1.98896
0 0 0 -0.16871 -0.094681 1.62973
0 0 0 -0.350853 1.12713 -1.00662
0 0 0 -0.0283852 -0.00013551 -0.0129169
0 0 0 -0.0283918 -0.00017043 -0.0129206
0 0 0 -0.641069 1.00473 -1.33263
0 0 0 -0.141418 0.00298274 1.40378
0.00627059 -0.000142982 0.00148181 0.458265 0.429306 -3.04209
0.00520271 0.0202886 0.00175809 0.425553 0.422463 -3.04471
9.1298e-05 0.000192719 -0.00268207 1.95817 -0.0804491 1.9965
-0.00314219 0.00540036 -0.00704445 -0.177359 -0.103336 1.65969
0.00113354 0.0121478 0.00381716 -0.280523 1.14688 -0.929551
0.000149234 -0.00310274 -0.00158061 -0.0367579 -0.000274716 -0.0138457
1.02198e-06 -8.30939e-05 -2.16247e-06 -0.0367164 -0.000260131 -0.01383
1.10295e-05 -7.39531e-05 -2.90158e-06 -0.61377 1.03663 -1.3003
-1.83275e-05 -7.95058e-05 2.74085e-05 -0.141562 -0.0236008 1.38874
-0.00150506 0.00673672 -0.0107914 0.425553 0.422463 -3.04471
0 0 0 0.425553 0.422463 -3.04471
0 0 0 1.95817 -0.0804491 1.9965
0 0 0 -0.177359 -0.103336 1.65969
0 0 0 -0.280523 1.14688 -0.929551
-1.48567e-05 7.91408e-06 3.0884e-05 -0.036651 -0.000221364 -0.0138078
0 0 0 -0.0367164 -0.000260131 -0.01383
0 0 0 -0.61377 1.03663 -1.3003
0 0 0 -0.141562 -0.0236008 1.38874
-0.00274232 -0.00330283 0.003267 0.448565 0.43655 -3.04022
0.00625348 -0.0124854 0.00372146 0.448565 0.43655 -3.04022
-0.00167162 -0.00111872 0.00125574 1.97648 -0.0913631 2.00942
0.00746423 -0.00201133 0.000136395 -0.165821 -0.0914895 1.62108
0.00996924 -0.00940897 0.00394845 -0.321228 1.14594 -0.977028
-0.000545262 0.00031393 0.000942381 -0.0318902 -3.54687e-05 -0.0110825
-2.0496e-06 1.06998e-05 2.84805e-06 -0.0320486 -0.000169653 -0.0111244
-1.5089e-07 4.18881e-07 -2.11913e-06 -0.569106 0.986391 -1.24767
1.70681e-05 6.02529e-06 -3.08975e-05 -0.142358 -0.0229129 1.41764
0.00338021 -0.00367592 0.000147319 0.459314 0.451333 -3.0343
0.0060493 -0.00482348 0.00647773 0.459314 0.451333 -3.0343
-0.000489983 -0.000806673 0.00121482 1.98319 -0.0964134 2.02442
-0.0122006 -0.0044042 -0.00960026 -0.165544 -0.0549679 1.67958
0.00231942 2.5773e-05 0.00255831 -0.323799 1.1167 -0.973515
-0.000772696 0.00088887 0.00015008 -0.0309505 -8.94395e-05 -0.00710523
4.9638e-07 3.50413e-05 -4.94786e-07 -0.0309586 -0.000105397 -0.00710391
-6.05468e-07 3.58241e-05 -5.09654e-07 -0.555635 0.977965 -1.23148
-4.33453e-06 3.18398e-05 8.62929e-06 -0.140634 -0.0575718 1.37585
0.0106448 0.00352361 0.00312071 0.461624 0.439351 -3.01986
0.00231036 0.00434612 -0.0011776 0.461624 0.439351 -3.01986
0.0034197 -0.00689565 -0.000842725 1.9871 -0.0794103 2.01914
0.015172 0.00383133 0.00881755 -0.166374 -0.0762644 1.66257
0.0035325 0.00319171 -0.00112257 -0.327211 1.12282 -0.976914
0.000774693 -0.000886055 0.000956058 -0.0262773 -0.000170988 -0.0111007
-2.89149e-06 5.91105e-06 4.40445e-07 -0.0262832 -0.000151898 -0.0110787
4.06134e-06 1.02843e-05 -5.07304e-06 -0.528397 0.986524 -1.1987
2.21837e-05 1.91527e-06 8.43878e-06 -0.142781 -0.0258879 1.42894
0.00157837 8.34776e-05 0.000766442 0.462119 0.44134 -3.01928
-0.000573799 0.000116491 0.00141982 0.462119 0.44134 -3.01928
8.49609e-05 0.000977265 0.000960998 1.98714 -0.0798926 2.02115
0.0048588 0.000622371 0.00107826 -0.163646 -0.077348 1.65017
-0.0115093 -0.00174875 0.00226712 -0.249834 1.106 -0.885825
-0.000550683 0.000998476 -5.87582e-05 -0.0264378 -9.98704e-05 -0.00820486
4.66384e-06 2.23659e-05 -2.08362e-07 -0.0264383 -0.000104818 -0.00820396
1.17927e-05 1.59942e-05 4.73121e-06 -0.600564 0.988464 -1.28518
-4.21653e-05 2.33706e-05 -4.8754e-06 -0.143257 -0.0219253 1.44697
-0.000197619 0.00223988 -0.0105461 0.443713 0.450087 -3.04025
-0.00247788 0.00855276 5.04293e-06 0.443713 0.450087 -3.04025
-0.00268582 0.00477662 -0.00373894 1.96956 -0.0945739 2.02226
-0.0201543 -0.00136633 -0.00610764 -0.185802 -0.0942949 1.72618
-0.00441855 0.00409115 0.00106218 -0.21342 1.11563 -0.846115
0.0013111 9.71267e-05 0.000632163 -0.0232599 -0.000187366 -0.0147876
-1.42831e-06 -7.18809e-05 6.0788e-07 -0.0232728 -0.000176665 -0.0148105
-3.23278e-05 -7.81603e-05 -5.57473e-06 -0.620807 1.00438 -1.30907
3.38166e-05 -6.5878e-05 -7.03329e-07 -0.140197 -0.0442094 1.3731
0 0 0 0.443713 0.450087 -3.04025
0 0 0 0.443713 0.450087 -3.04025
0 0 0 1.96956 -0.0945739 2.02226
0 0 0 -0.185802 -0.0942949 1.72618
0 0 0 -0.21342 1.11563 -0.846115
0 0 0 -0.0232599 -0.000187366 -0.0147876
0 0 0 -0.0232728 -0.000176665 -0.0148105
0 0 0 -0.620807 1.00438 -1.30907
0 0 0 -0.140197 -0.0442094 1.3731
0.0105284 -0.0034744 0.00462733 0.459678 0.462947 -3.02477
0.00982196 -0.00718302 0.00341083 0.459678 0.462947 -3.02477
-0.000451884 -0.0035403 0.00202405 1.98086 -0.0924605 2.03884
0.0148578 -0.00194807 0.000248434 -0.172285 -0.0776829 1.70925
0.0101545 -0.00412072 0.000841343 -0.233924 1.10341 -0.866647
-0.000844274 -0.00086239 0.000880829 -0.0189068 -6.36618e-05 -0.0106243
-1.12225e-06 2.37526e-05 -1.20164e-06 -0.0189303 -9.0564e-05 -0.0106086
7.39778e-06 3.15752e-05 6.83627e-06 -0.566023 0.978059 -1.2436
6.95805e-07 1.14244e-05 -5.15095e-06 -0.14272 -0.0433587 1.42877
-0.00260879 0.00435121 -0.0141737 0.434345 0.467531 -3.03187
-0.0023392 0.0122658 -0.00373471 0.434345 0.467531 -3.03187
-0.00126248 0.00388742 -0.00304266 1.95753 -0.0892988 2.04235
0.000459816 0.00340836 0.000270372 -0.186118 -0.131921 1.69827
-0.00197832 0.00977062 -0.00186003 -0.222026 1.11451 -0.85435
0.000419543 7.53171e-05 -0.00169668 -0.0273878 -0.000164275 -0.0126117
1.15008e-05 -2.3585e-05 -5.16323e-06 -0.0273407 -0.000167761 -0.0126029
1.85273e-05 -1.32441e-05 4.97927e-07 -0.557544 1.01742 -1.23351
-5.19546e-05 6.70233e-06 1.80746e-05 -0.142708 -0.042957 1.42885
-0.00405039 -0.00489651 0.00472059 0.453155 0.48454 -3.03359
0.00769342 -0.0137874 0.00603701 0.453155 0.48454 -3.03359
0.000677019 0.000110537 0.00467776 1.97099 -0.106032 2.05574
-0.0163675 -0.00635318 0.000178827 -0.197293 -0.114827 1.74493
0.0112234 -0.0117299 0.00568597 -0.251956 1.1164 -0.89142
-0.000432286 0.000511933 0.000409007 -0.0253587 -4.27442e-05 -0.0105537
-1.57116e-05 3.31146e-05 1.00705e-05 -0.0253843 -7.58992e-05 -0.0105719
-1.79512e-05 5.8539e-06 -1.21846e-06 -0.517058 0.951523 -1.18495
4.96958e-05 -5.74507e-06 -1.92795e-05 -0.140416 -0.0408339 1.37285
