-0.242994 -0.303657 0.0276197 0.1156 -0.219786 3.08531
-0.0311184 0.118927 -0.494493 0.1156 -0.219786 3.08531
1.67794 0.00407366 0.058506 1.68366 -0.0307776 1.3461
-0.150719 -0.0113905 0.129155 0.162065 -0.319904 1.26497
0.0630181 0.149297 -0.180243 -1.43636 1.26585 -2.82952
0.0867082 0.530319 0.161062 0.43855 0.0516154 -0.230639
-1.03786e-07 0.197458 -4.07254e-07 0.438552 0.051617 -0.230639
0.117085 0.197458 1.4023e-06 -1.04617 1.18882 -2.41391
-0.117084 0.197459 3.19109e-06 0.180446 0.548133 1.41112
0 0 0 0.1156 -0.219786 3.08531
0 0 0 0.1156 -0.219786 3.08531
0 0 0 1.68366 -0.0307776 1.3461
0 0 0 0.162065 -0.319904 1.26497
0 0 0 -1.43636 1.26585 -2.82952
0 0 0 0.43855 0.0516154 -0.230639
0 0 0 0.438552 0.051617 -0.230639
0 0 0 -1.04617 1.18882 -2.41391
0 0 0 0.180446 0.548133 1.41112
0.0006738 -0.00111347 -0.0116383 0.109082 -0.211994 3.08044
0.00769531 -0.00641916 0.00297922 0.109082 -0.211994 3.08044
-0.00139647 -0.0015093 0.00312866 1.67751 -0.0378996 1.35352
8.79994e-05 0.00311435 0.000726095 0.137418 -0.351753 1.27088
0.00401426 -0.00871477 0.00291159 -1.45043 1.278 -2.84063
0.00419971 -0.00458374 0.0051348 0.45811 0.0572473 -0.244333
-9.89978e-07 0.00300006 -4.95655e-07 0.458118 0.0572407 -0.244339
-0.00286288 0.00299057 2.8521e-06 -0.883944 1.16481 -2.23832
0.00286866 0.00298697 3.95093e-08 0.151407 0.549924 1.39806
0 0 0 0.109082 -0.211994 3.08044
0 0 0 0.109082 -0.211994 3.08044
-0.000118901 0.000264881 -0.00100191 1.67566 -0.0330435 1.34706
0 0 0 0.137418 -0.351753 1.27088
0 0 0 -1.45043 1.278 -2.84063
-0.000962908 0.00138927 0.000877238 0.457712 0.0561977 -0.240201
1.49032e-06 -1.94465e-06 7.87697e-07 0.45812 0.0572352 -0.244341
0 0 0 -0.883944 1.16481 -2.23832
-2.16679e-06 1.21385e-05 -6.56824e-07 0.151381 0.549941 1.39808
-0.000387397 -0.00139569 0.00196159 0.103001 -0.212116 3.08773
0.000892879 0.00817325 0.00283931 0.103001 -0.212116 3.08773
-0.000279911 0.000425938 -0.00056335 1.67154 -0.0319419 1.35436
-0.00130931 -0.00283488 0.000693402 0.141707 -0.349878 1.27237
-0.00143382 0.00394964 0.000573702 -1.48217 1.28605 -2.87731
-0.00281383 0.00054363 0.00342594 0.465457 0.0550967 -0.231415
8.95518e-08 -0.00154897 -5.09752e-07 0.465466 0.0550874 -0.231412
0.00222268 -0.0015388 -2.83897e-07 -0.961523 1.17217 -2.32265
-0.00223043 -0.00154682 -1.56896e-06 0.156252 0.549935 1.40339
0.00228752 -0.00174325 -0.000596629 0.101062 -0.211552 3.09086
-0.00423468 -0.00199702 -0.00341907 0.101062 -0.211552 3.09086
-0.000262328 3.37901e-05 0.000382001 1.66964 -0.0292936 1.35529
-0.000144514 -0.00136257 0.000338182 0.137961 -0.352877 1.28026
-0.000336773 0.000665605 -0.000353403 -1.46582 1.27563 -2.86107
-0.0013326 -0.000568328 0.000955439 0.468326 0.0545683 -0.227833
5.72444e-07 -0.000373084 -7.37609e-07 0.468336 0.054567 -0.227818
0.000974388 -0.000376604 -3.44622e-06 -0.982151 1.17215 -2.34503
-0.000971151 -0.000378642 5.19752e-07 0.151895 0.549348 1.40796
0.000281629 0.00807177 0.00815082 0.0992297 -0.211853 3.09114
0.00109984 0.00142421 0.0020953 0.0992297 -0.211853 3.09114
-0.000505857 5.11368e-05 0.000800951 1.66785 -0.0293795 1.35507
-0.000225155 -0.000403202 0.000878861 0.146102 -0.340403 1.27378
-0.000258591 0.000185475 -0.000460782 -1.47368 1.27817 -2.86973
0.000343576 -0.00121986 0.000571178 0.470265 0.055061 -0.228894
-1.0668e-06 -0.000612779 1.19259e-06 0.470266 0.0550615 -0.228894
0.000366051 -0.000612452 -3.07332e-07 -0.994582 1.17368 -2.35852
-0.000365884 -0.000611508 -8.22345e-07 0.161972 0.552816 1.40845
-0.000703091 -0.0141716 -0.0030561 0.100352 -0.213779 3.08901
-0.000518651 -0.00140167 -0.00106333 0.100352 -0.213779 3.08901
-0.000282712 -0.000105867 0.000584226 1.66891 -0.0310761 1.35291
0.000339508 0.000117782 0.000845735 0.135543 -0.33743 1.28393
-0.000144804 -0.000230922 -0.000465113 -1.46363 1.27671 -2.85889
0.00115289 -0.000545862 -0.0012378 0.467348 0.0555413 -0.232362
-1.47606e-07 -0.000254534 1.58677e-07 0.467346 0.0555431 -0.232364
-0.000136504 -0.00025469 -1.33008e-07 -0.994864 1.17467 -2.35882
0.00013691 -0.000254578 -3.46219e-07 0.150724 0.556518 1.40911
-0.00268381 0.00239605 -0.00287989 0.100229 -0.219314 3.08762
0.000242711 0.0024846 0.00833982 0.100229 -0.219314 3.08762
-0.000177491 6.37758e-05 -0.000156158 1.66867 -0.0319437 1.34728
0.000844531 -0.000228038 0.00100203 0.151305 -0.349934 1.27072
-0.000695125 0.000754028 -0.000893952 -1.47769 1.27242 -2.87388
0.00182656 -0.00035327 -0.00102213 0.464605 0.0564191 -0.23745
1.10791e-07 -0.00017216 2.89067e-08 0.464604 0.0564238 -0.237451
-6.94358e-05 -0.000171748 2.5588e-08 -1.00851 1.17741 -2.3736
6.90066e-05 -0.000171454 2.77836e-07 0.167914 0.560039 1.41275
0.000104601 0.00997418 0.00964158 0.0979527 -0.228389 3.08684
-0.00436413 0.00242703 -0.00373898 0.0979527 -0.228389 3.08684
-0.000135254 -0.000210496 -0.000190311 1.66625 -0.032364 1.33825
0.00129976 2.97856e-05 0.00314518 0.172979 -0.340672 1.25727
-0.000747929 0.000484313 -0.00137777 -1.50478 1.26561 -2.90323
0.00320464 -0.000349511 0.000297237 0.465201 0.0585474 -0.246024
-2.10915e-07 0.000392065 -2.58283e-07 0.465202 0.0585545 -0.246025
0.000480853 0.000392004 -2.98732e-08 -1.01982 1.17621 -2.38585
-0.000480337 0.00039169 5.98183e-07 0.193991 0.570395 1.42126
0.000201645 -0.0102658 -0.00599546 0.0974199 -0.234574 3.08533
-0.000132393 -0.00250595 0.00512766 0.0974199 -0.234574 3.08533
0.000146487 -0.00040087 0.000228179 1.6656 -0.0333957 1.33197
0.00112543 -0.000654895 0.0014489 0.171295 -0.352271 1.26394
0.000404027 -0.00552768 0.00224215 -1.53311 1.26331 -2.93502
0.00230394 -0.00134329 -0.000244329 0.465811 0.0603049 -0.252979
6.65713e-08 0.000315251 3.33674e-07 0.46581 0.0603117 -0.252981
0.000288148 0.000314919 -1.15892e-07 -0.969492 1.15263 -2.33107
-0.000287567 0.000314612 -3.92208e-07 0.19163 0.573571 1.42846
-0.000142741 0.00199982 0.000635535 0.0989785 -0.238246 3.082
-0.00636041 0.00124946 -0.00736776 0.0989785 -0.238246 3.082
-0.000407469 -0.000130926 0.000369489 1.66704 -0.0359941 1.32795
0.000302612 7.7353e-05 0.00134188 0.173666 -0.35603 1.26071
0.000186016 -0.000464856 -0.000800683 -1.5616 1.25158 -2.96454
0.00226261 -0.000765043 -0.000449232 0.464803 0.0617013 -0.259334
-1.43273e-07 -8.73868e-05 -1.0139e-07 0.464801 0.0617047 -0.259337
-0.000131989 -8.74181e-05 1.04713e-07 -0.963842 1.15404 -2.32489
0.000132778 -8.67074e-05 7.0442e-07 0.194644 0.578378 1.42914
0.00248276 0.00859049 0.00442734 0.0984854 -0.243226 3.07993
0.0014504 -0.00275188 0.00840216 0.0984854 -0.243226 3.07993
-0.00129749 0.000178532 -0.00103994 1.66645 -0.0376961 1.32282
0.00100289 0.00372967 0.00191444 0.176231 -0.354239 1.26047
1.39888e-05 -0.00157279 0.000108086 -1.54716 1.24697 -2.95055
0.00243275 0.00112187 0.00100569 0.464186 0.0627484 -0.264057
1.49174e-07 -0.00082378 -3.42213e-07 0.464185 0.0627542 -0.26406
0.000935829 -0.000822543 3.57826e-07 -0.965633 1.14831 -2.32685
-0.000936171 -0.000820874 7.42138e-07 0.199894 0.595071 1.43525
0.000933089 -0.00517872 -0.00143337 0.101951 -0.243714 3.08144
-0.000911537 -0.00340885 -0.000597488 0.101951 -0.243714 3.08144
1.46277e-06 0.000595882 3.0056e-05 1.66979 -0.035298 1.32236
-0.000201189 0.00465727 -0.000624645 0.150218 -0.347141 1.27343
-0.000623184 -0.00456083 -0.000415569 -1.55877 1.24694 -2.96227
-0.00179943 0.00140957 -0.00159548 0.459153 0.0608407 -0.25897
6.28957e-07 -0.000216792 5.99215e-07 0.459148 0.0608404 -0.258967
-0.00168008 -0.000217499 -5.5506e-07 -0.924389 1.1375 -2.28152
0.00166849 -0.000220017 -3.90293e-06 0.171728 0.603308 1.42296
-0.00365389 0.0116349 0.0127651 0.107101 -0.244971 3.08495
-0.000310289 -0.00202798 -0.00035228 0.107101 -0.244971 3.08495
0.00102027 0.000454099 0.00123705 1.67474 -0.030407 1.3213
-8.32091e-05 -0.00118666 -0.000548028 0.179305 -0.319861 1.24983
-0.00146808 -0.00184379 -0.00194989 -1.55365 1.24865 -2.95841
-0.0037397 -0.000751563 -0.00384104 0.452726 0.0581782 -0.251359
1.28226e-07 0.000634762 4.03586e-07 0.452721 0.0581785 -0.251354
1.09016e-05 0.000633721 -2.54883e-07 -0.919235 1.12874 -2.27583
-4.77647e-06 0.000629735 -1.36788e-06 0.206233 0.597387 1.42389
0.000975491 -0.00625084 -0.00529205 0.110575 -0.241005 3.09081
-0.00616422 -0.00398028 -0.00681548 0.110575 -0.241005 3.09081
0.00062756 0.00127708 0.000222211 1.6782 -0.0241485 1.32577
-0.00124252 -0.000899346 -0.000663904 0.151461 -0.329104 1.26214
-0.00167798 0.00012794 -0.000277121 -1.52563 1.23979 -2.92782
-0.00551362 0.000158969 -0.00138264 0.451094 0.0547428 -0.237505
2.59479e-08 0.00020656 -4.42441e-07 0.451092 0.0547388 -0.237499
-0.00216069 0.000207453 2.16985e-07 -0.914805 1.13047 -2.27093
0.00215595 0.000209681 5.48241e-07 0.17287 0.591557 1.40849
0.000964142 -0.0135266 0.00886287 0.0898122 -0.284999 3.0834
-0.0110211 0.015125 0.0122261 0.0898122 -0.284999 3.0834
-0.00536863 -0.00170704 0.00389811 1.65703 -0.0327576 1.28188
0.00744714 -0.0128854 0.0139359 0.242541 -0.341056 1.24291
-0.0015212 0.00968561 0.00110661 -1.57654 1.20358 -2.99299
0.0167121 -0.00864615 0.012874 0.490345 0.0714703 -0.284057
-1.91554e-06 0.0033496 -2.4361e-06 0.490354 0.0715186 -0.284069
0.0076905 0.00334697 1.11718e-06 -1.03027 1.12002 -2.39886
-0.00750044 0.00327552 0.00019597 0.278672 0.604423 1.48668
0.0009439 0.0024756 -0.0102318 0.102925 -0.254288 3.09299
0.00670875 -0.00697324 -0.0120281 0.102925 -0.254288 3.09299
0.00282103 0.0017439 -0.00227502 1.67043 -0.0225121 1.31297
-0.00583464 0.00683315 -0.00932435 0.168379 -0.34159 1.26788
0.000170895 2.60083e-05 -0.00135866 -1.51468 1.22994 -2.91957
-0.0142254 0.00638951 -0.00658223 0.469275 0.058651 -0.244047
3.11359e-06 -0.00223785 4.16459e-06 0.469268 0.0586181 -0.244035
-0.00525408 -0.00222873 -2.52824e-06 -1.00795 1.14778 -2.37423
0.00505221 -0.00215553 -0.000212022 0.191489 0.592428 1.43259
0.00169247 0.00711351 -6.68412e-05 0.10494 -0.235563 3.10009
0.00746709 -0.00135468 0.00303185 0.10494 -0.235563 3.10009
0.000577747 0.00122701 -0.00195769 1.67285 -0.0168321 1.33226
-0.0033831 0.00271597 -0.00403978 0.142402 -0.33594 1.27938
0.000213737 0.00413249 0.00071494 -1.45153 1.24407 -2.85203
-0.00819593 0.00315816 -0.000448817 0.465323 0.0524639 -0.220459
-6.92963e-07 -0.00138506 -1.44749e-06 0.465325 0.0524438 -0.220451
0.00058129 -0.00138448 3.50499e-06 -1.05735 1.16227 -2.42822
-0.00057232 -0.00138365 9.41317e-06 0.161648 0.587203 1.4167
-0.000921162 -0.00276602 -0.000725284 0.106817 -0.228079 3.09915
0.00278506 -0.00269595 -0.00383338 0.106817 -0.228079 3.09915
9.42377e-05 -0.000345377 -0.000491497 1.67486 -0.0181083 1.33957
3.39585e-06 0.00116721 -0.00147243 0.138913 -0.32976 1.28016
0.00138669 0.00143057 -0.000174613 -1.41347 1.2479 -2.80971
-0.000980497 0.00119987 -0.000595707 0.462664 0.0514136 -0.217421
-1.18262e-06 -0.000111135 -2.34925e-07 0.462663 0.0514066 -0.217421
-0.000573238 -0.000118038 -1.71825e-06 -1.056 1.17428 -2.42676
0.000584496 -0.000117401 6.37889e-06 0.157781 0.584903 1.41302
