-0.194454 -0.325819 0.035251 0.415184 0.141304 -3.05744
0.177565 -0.185773 -0.465768 0.415184 0.141304 -3.05744
1.75812 -0.0375816 0.189885 1.98168 0.0203048 1.73387
-0.172441 -0.0599705 0.054942 1.43063 -0.0736863 1.48818
0.148646 -0.0398205 -0.245704 -0.39424 0.976275 -1.37518
0.00221773 0.393782 0.0102894 0.0510789 0.00026477 -0.0109921
6.56626e-07 0.192485 -5.66424e-07 0.0510867 0.000276182 -0.0109924
0.128508 0.192487 9.03447e-07 -0.487637 0.811549 -1.48433
-0.128513 0.192488 7.86207e-06 1.4202 0.211179 1.39852
0 0 0 0.415184 0.141304 -3.05744
0 0 0 0.415184 0.141304 -3.05744
0 0 0 1.98168 0.0203048 1.73387
0 0 0 1.43063 -0.0736863 1.48818
0 0 0 -0.39424 0.976275 -1.37518
0 0 0 0.0510789 0.00026477 -0.0109921
0 0 0 0.0510867 0.000276182 -0.0109924
0 0 0 -0.487637 0.811549 -1.48433
0 0 0 1.4202 0.211179 1.39852
-0.000296517 0.00220048 -0.000434242 0.417368 0.144878 -3.05757
0.00148837 0.000542523 0.00279364 0.417368 0.144878 -3.05757
-0.00137451 7.81127e-06 -0.000765712 1.9836 0.0184007 1.73712
-0.00131851 0.00227137 -0.000164714 1.43085 -0.0746929 1.49202
0.000482901 0.000721718 0.00217404 -0.389431 0.973799 -1.36881
-0.000426072 6.72143e-05 0.000186768 0.0519796 0.000237894 -0.00888339
-5.70182e-07 2.81134e-06 6.17169e-07 0.0519772 0.000232865 -0.00888398
1.01005e-05 4.31788e-06 2.27603e-06 -0.485962 0.808559 -1.48203
-6.04154e-06 5.51681e-06 -7.11036e-06 1.4187 0.212199 1.3919
-0.00117516 -0.000831092 -0.00284078 0.417989 0.157674 -3.05706
0.00516373 0.000931827 0.00311115 0.417989 0.157674 -3.05706
-0.000654423 0.000930856 -0.000277524 1.98333 0.0136508 1.74902
-0.00154747 -0.000889975 -0.00165721 1.43006 -0.0791278 1.4934
0.00191758 0.000802049 0.00299532 -0.372987 0.971815 -1.34739
-0.0011581 -4.35736e-05 0.000499783 0.0544659 9.98673e-05 -0.00313536
1.85001e-07 2.1201e-06 1.66568e-07 0.0544663 8.84666e-05 -0.00313498
-5.25755e-06 -1.4427e-06 -2.42485e-06 -0.479787 0.803708 -1.47347
4.13709e-06 -3.47488e-06 -2.66483e-06 1.41755 0.20507 1.38655
0.00132789 0.000800147 0.00104368 0.413495 0.14926 -3.05708
-0.00260356 0.00431244 -0.000953852 0.413495 0.14926 -3.05708
-0.00155664 -0.00148211 -0.00185723 1.97949 0.017756 1.74126
0.00226381 0.00066883 0.00176702 1.43043 -0.0818401 1.48986
-0.000998422 0.00306251 3.38217e-05 -0.379189 0.978793 -1.35609
0.000235541 -0.0013225 -0.000218126 0.0537451 0.000105288 -0.00434659
-6.23564e-07 -1.18064e-06 -4.70922e-07 0.0537487 0.000113768 -0.00434595
3.70815e-06 2.2689e-07 -3.52984e-07 -0.482002 0.810457 -1.47653
9.83793e-07 3.6022e-06 7.77422e-06 1.41934 0.212518 1.39481
0.000993817 0.000553636 -0.000589839 0.412919 0.148994 -3.05481
0.00199361 0.00403622 0.000883652 0.412919 0.148994 -3.05481
-0.00144618 -0.000142042 -0.00291815 1.97896 0.0200459 1.7419
0.000326092 0.000563496 -4.44466e-05 1.43106 -0.0838857 1.49236
0.00183266 0.00337335 0.00132637 -0.378184 0.981639 -1.35406
0.000329017 0.000335712 0.00040145 0.0556439 0.000165518 -0.00596687
5.34032e-07 7.18821e-07 5.18398e-07 0.0556445 0.000165876 -0.00596421
5.55011e-06 9.63188e-07 3.73185e-08 -0.475117 0.814671 -1.46704
-9.44101e-06 2.35717e-06 -4.86776e-06 1.41971 0.212865 1.39573
0.00205622 -0.00320213 -0.00321165 0.407671 0.158219 -3.05368
0.00632528 0.00355595 0.0014625 0.407671 0.158219 -3.05368
-0.000599361 -0.0014485 -0.000372434 1.97316 0.0183806 1.7507
0.00122017 -0.00327286 -0.0016952 1.43113 -0.0895761 1.49547
0.00443211 0.0012143 0.00232387 -0.365624 0.989277 -1.33791
-0.000121351 0.000460667 1.78148e-05 0.0556212 0.000166897 -0.00536269
-7.79784e-07 -2.83062e-06 -1.12526e-06 0.0556296 0.000154749 -0.00535999
-1.13881e-06 -3.71072e-06 1.50871e-06 -0.460467 0.811366 -1.44688
6.75011e-06 -7.86744e-06 1.7786e-06 1.42113 0.204112 1.4026
0.00061094 -0.00244374 -0.00405112 0.403966 0.165924 -3.05165
0.00496965 0.00105926 0.00160442 0.403966 0.165924 -3.05165
0.000213383 -0.000128478 0.000917022 1.96897 0.0179324 1.75849
0.000248137 -0.00259933 -0.00206732 1.43062 -0.097027 1.49678
0.00289417 -0.000314381 0.00220892 -0.352786 0.993169 -1.32178
-0.000654311 0.000385015 -6.90499e-05 0.0551666 7.28088e-05 -0.00209258
7.45861e-07 6.32323e-07 7.20245e-07 0.0551737 6.09319e-05 -0.00208834
-4.32056e-07 -1.0113e-06 -7.74702e-07 -0.451384 0.805159 -1.43431
-4.95161e-06 -6.18746e-06 -2.24633e-06 1.42166 0.194531 1.40523
0.00242567 0.000342014 -0.00395759 0.402691 0.175818 -3.05022
0.00685511 -0.000328122 0.0023727 0.402691 0.175818 -3.05022
0.000970834 -0.00131433 0.00119903 1.96698 0.0156806 1.76811
0.00117212 0.000330212 -0.0029169 1.43071 -0.100935 1.50148
0.00465698 -0.000771103 0.0023623 -0.341668 0.992739 -1.30633
0.000108659 0.000190473 -0.000292217 0.0536601 8.62292e-05 -0.00264212
-6.93256e-07 1.92186e-06 3.1953e-07 0.0536625 7.54007e-05 -0.0026403
-6.55215e-07 5.7579e-07 7.52883e-07 -0.437117 0.796924 -1.41445
6.05291e-06 2.26301e-06 -2.58407e-06 1.42247 0.184044 1.40947
0.000640555 0.00173474 0.00658942 0.418009 0.171714 -3.0439
-0.00102267 -0.00600045 0.00340411 0.418009 0.171714 -3.0439
-0.00160376 0.00043738 -8.43222e-06 1.98237 0.020106 1.76711
-0.00021735 0.00218975 0.00234583 1.43231 -0.0850002 1.5048
-0.0011139 -0.00290342 0.00103016 -0.346293 0.978317 -1.31121
0.000594456 -0.00168343 0.00186332 0.0633909 0.000175038 -0.00561686
8.80734e-07 -2.29775e-05 5.27727e-07 0.0633773 0.00017731 -0.00561362
2.06156e-06 -2.06008e-05 -2.01378e-06 -0.441939 0.788832 -1.4212
-9.20386e-06 -1.83415e-05 1.02971e-07 1.42208 0.194364 1.40729
0.00268091 -0.00145096 0.00121032 0.416354 0.16632 -3.04063
-0.00015775 0.00115667 -0.00147116 0.416354 0.16632 -3.04063
0.000188114 -0.00127576 -0.000206925 1.9812 0.0255678 1.76345
0.0021804 -0.00134956 0.000361113 1.43327 -0.0818142 1.5067
0.000689045 0.000846495 -0.00110647 -0.35066 0.980698 -1.31622
0.000339258 -0.000744034 -0.000568378 0.0607945 0.000215151 -0.00735412
-5.71776e-07 1.1408e-05 -4.07993e-07 0.0607957 0.000221369 -0.00735014
1.335e-06 1.15511e-05 1.08375e-07 -0.439445 0.792792 -1.41769
2.98294e-06 1.07972e-05 3.76092e-06 1.42392 0.194964 1.41649
0.00111151 -0.00382257 -0.00543384 0.416079 0.17931 -3.0396
0.00686677 -0.00274185 0.00133809 0.416079 0.17931 -3.0396
0.00261232 -0.000145948 0.00303267 1.9799 0.0214225 1.77572
5.247e-05 -0.00391333 -0.00362113 1.4324 -0.0886204 1.51065
0.00392251 -0.00313196 0.00131061 -0.335498 0.979409 -1.29628
-0.00060482 0.00228479 -0.000628494 0.0569861 0.000161724 -0.00427306
-1.36966e-07 9.33973e-06 6.03362e-07 0.0569901 0.000130449 -0.00427044
-7.68587e-06 4.20431e-06 7.82214e-07 -0.429066 0.781898 -1.40305
1.38845e-05 -4.64509e-05 -3.51999e-05 1.4242 0.178932 1.4189
0.00104251 -0.000243709 -0.00440617 0.413505 0.191025 -3.03898
0.0064637 -0.00240219 0.000283908 0.413505 0.191025 -3.03898
0.00221461 0.000186913 0.00311249 1.97641 0.0179129 1.78662
3.96029e-05 -0.00022079 -0.00397619 1.43207 -0.0902307 1.51441
0.00428012 -0.00291637 0.000454475 -0.324418 0.97941 -1.28113
-0.000884087 0.000659949 -6.70989e-05 0.0564813 2.30765e-05 0.000118986
2.87593e-07 2.05143e-06 -5.92518e-07 0.0564876 3.85476e-06 0.000120832
-1.67506e-06 -1.61042e-06 1.60043e-06 -0.417969 0.773204 -1.38724
-5.17526e-06 4.24202e-05 2.84052e-05 1.42438 0.163909 1.41923
0.000523154 0.000826849 -0.00184624 0.412706 0.195941 -3.03877
0.00249357 -0.00205527 0.000135009 0.412706 0.195941 -3.03877
0.00174415 -4.08261e-05 0.00243418 1.9752 0.016352 1.79118
0.00049176 0.000893762 -0.00259911 1.43159 -0.0874048 1.51454
0.00112909 -0.0021103 -6.4046e-05 -0.317468 0.97792 -1.27222
0.000278253 0.000588591 -0.000929165 0.0517398 3.8723e-05 -0.00125587
-3.41796e-08 8.5647e-07 8.06755e-08 0.051741 3.39093e-05 -0.00125551
6.07458e-06 7.15027e-06 -2.09734e-06 -0.415889 0.768523 -1.38424
-5.86084e-06 9.97332e-06 3.44778e-06 1.42463 0.154765 1.4206
-0.000578908 0.00141765 0.00018377 0.415803 0.201585 -3.03922
0.00321839 -0.0031559 0.00170153 0.415803 0.201585 -3.03922
0.00057569 -0.000220197 0.00144879 1.97772 0.0130387 1.79621
0.000317482 0.00152507 -0.00173741 1.43099 -0.0801977 1.51121
0.00253016 -0.00260257 0.00110311 -0.315636 0.974372 -1.26889
-0.000589152 0.000169997 -0.000427849 0.0495894 -3.21642e-05 0.00164727
-9.25561e-08 4.33329e-07 2.72344e-08 0.0495867 -3.86407e-05 0.00164611
2.51413e-06 1.65063e-07 3.38719e-07 -0.410155 0.759813 -1.37595
-1.70636e-06 3.64516e-06 -4.41899e-07 1.42467 0.149129 1.42094
-0.0004812 0.00432557 0.00409474 0.422331 0.191561 -3.03664
-0.00527987 -0.0001667 -0.000257864 0.422331 0.191561 -3.03664
-0.00200612 0.0010989 -0.00268009 1.985 0.017949 1.78819
-0.000860708 0.00452255 0.00183751 1.43175 -0.0717349 1.51267
-0.00320186 0.00193498 -0.00100793 -0.329509 0.968388 -1.28623
0.000197717 -0.00155713 0.000902995 0.0544455 -3.03555e-05 0.000691873
5.70989e-07 -5.51904e-06 1.09312e-07 0.0544379 -2.0811e-05 0.000693209
-2.86659e-06 -2.0241e-06 -7.15621e-07 -0.418154 0.767204 -1.38751
-1.69224e-06 2.52129e-06 2.71684e-06 1.42376 0.158657 1.41496
0.00189469 -0.00278647 -0.0026603 0.418613 0.192005 -3.0343
0.00242799 0.00149895 -0.00120856 0.418613 0.192005 -3.0343
0.000667727 -0.00121533 -0.000670123 1.98135 0.0207138 1.78946
0.00150182 -0.00294531 -0.000323256 1.4319 -0.0804978 1.51411
0.00234338 1.10867e-06 -0.000526339 -0.327196 0.974233 -1.28287
0.000278275 0.000918661 -0.000177797 0.053328 1.87225e-05 -0.00070317
-9.3455e-07 1.55429e-06 -2.66085e-07 0.0533312 1.86764e-05 -0.000700491
4.34526e-06 8.50836e-07 3.32874e-07 -0.41149 0.76743 -1.37791
-8.39037e-08 -2.56014e-06 -2.28363e-07 1.42498 0.155809 1.4225
0.0020767 -0.000417814 -0.00252993 0.41687 0.205154 -3.03326
0.00710809 -8.13841e-05 0.00261509 0.41687 0.205154 -3.03326
0.000876229 -0.000780003 0.00151051 1.97846 0.0168598 1.80184
-0.00113983 -0.000264514 -0.00253969 1.432 -0.0804628 1.52619
0.00430117 -0.00138732 0.00271858 -0.311641 0.975774 -1.26226
-0.000700447 0.000458337 -0.000321441 0.0516283 -5.44837e-05 0.00275557
3.10814e-07 2.29107e-06 -1.49758e-07 0.0516312 -6.67533e-05 0.00275689
-7.64665e-06 -4.97958e-07 2.43774e-06 -0.400163 0.756919 -1.36152
8.48075e-06 -2.63157e-06 -2.38875e-06 1.42429 0.145938 1.41824
-0.00454461 0.00581432 -0.00269192 0.405059 0.206254 -3.04076
-0.00356405 0.00313192 -0.00269213 0.405059 0.206254 -3.04076
-0.000272474 0.00272156 -0.000819869 1.96682 0.0122187 1.79975
-0.00289955 0.00566413 -0.00182613 1.43021 -0.0837105 1.51999
-0.00281363 0.000138911 -7.80119e-05 -0.307163 0.99089 -1.26093
0.000619729 -0.000310394 -3.76197e-05 0.0515234 7.45507e-06 -0.000288271
6.64001e-07 -1.41131e-05 -1.88334e-07 0.0515337 7.55813e-06 -0.000292784
3.8036e-06 -1.1786e-05 -2.16191e-06 -0.407942 0.758561 -1.37282
-9.68137e-06 -7.24902e-06 5.31797e-06 1.42218 0.141769 1.40353
-0.000406446 0.000181408 0.00587262 0.413216 0.202566 -3.04117
-0.00252957 -0.00194086 0.00126997 0.413216 0.202566 -3.04117
-0.000631596 1.54625e-05 -0.00115724 1.9751 0.0114363 1.7963
0.00123604 0.000425093 0.00142761 1.4309 -0.0670418 1.5139
-0.00194548 -0.000126585 3.96568e-05 -0.313278 0.983459 -1.26848
0.000822019 0.000425564 0.000571206 0.0542063 0.000113695 -0.00435077
-4.79773e-07 1.5355e-06 8.60133e-07 0.0541964 0.000117058 -0.00435322
3.73144e-06 2.22813e-06 -9.07049e-07 -0.413479 0.758997 -1.38086
5.21751e-07 3.38815e-06 -5.93054e-06 1.42289 0.147678 1.40809
