-0.202784 -0.273523 0.0419635 0.180779 1.02817 -3.09372
0.430374 0.151674 -0.366714 0.187058 1.03408 -3.08408
2.93333 0.637672 -0.348552 1.66654 -0.103264 2.60268
-0.178667 -0.0498035 0.0209846 -1.03541 0.0929578 1.46339
0.313466 0.156184 -0.17666 -0.0632631 1.01899 -0.0385687
0.00392595 0.358897 -0.00625283 -0.0337659 -0.000345162 -0.0212349
-1.10186e-06 0.173914 -5.9826e-07 -0.0337707 -0.000355583 -0.0212277
0.154655 0.173915 8.57265e-07 -0.1266 0.835411 -0.111181
-0.154643 0.173915 2.1759e-06 -1.04178 0.0952359 1.46707
0.00155303 -7.88798e-05 0.00101462 0.187058 1.03408 -3.08408
0 0 0 0.187058 1.03408 -3.08408
0 0 0 1.66654 -0.103264 2.60268
0.000731299 -3.9851e-05 0.000507798 -1.04178 0.0952147 1.46705
0 0 0 -0.0632631 1.01899 -0.0385687
0 0 0 -0.0337659 -0.000345162 -0.0212349
0 0 0 -0.0337707 -0.000355583 -0.0212277
0 0 0 -0.1266 0.835411 -0.111181
0 0 0 -1.04178 0.0952359 1.46707
0 0 0 0.187058 1.03408 -3.08408
0 0 0 0.187058 1.03408 -3.08408
0 0 0 1.66654 -0.103264 2.60268
0 0 0 -1.04178 0.0952147 1.46705
0 0 0 -0.0632631 1.01899 -0.0385687
0 0 0 -0.0337659 -0.000345162 -0.0212349
0 0 0 -0.0337707 -0.000355583 -0.0212277
0 0 0 -0.1266 0.835411 -0.111181
0 0 0 -1.04178 0.0952359 1.46707
0.002541 -0.000595292 -0.00364138 0.169489 1.02861 -3.09384
-0.000866557 0.0104215 -0.00412226 0.169489 1.02861 -3.09384
0.000514633 -0.00055261 -0.0047085 1.65836 -0.0974287 2.59723
0.00123042 -0.000295933 -0.00182194 -1.03497 0.0871318 1.47299
0.00313629 0.0135347 -0.00413057 -0.0980464 1.03373 -0.0674206
-0.000565676 0.00154767 0.000514163 -0.0307485 -0.000272508 -0.0180071
9.65969e-07 -1.08365e-06 5.54346e-07 -0.0307431 -0.000275995 -0.018006
6.9689e-05 -6.02883e-07 -9.35104e-07 -0.0630794 0.84037 -0.0258976
-8.02643e-05 3.33619e-06 -2.47621e-06 -1.03497 0.087153 1.473
-0.00155526 0.000178645 0.000312396 0.181605 1.06322 -3.08394
0.0146603 -0.00502119 0.0153533 0.181605 1.06322 -3.08394
0.00189064 -0.000756463 0.00207418 1.65915 -0.101078 2.6321
-0.000735656 8.35877e-05 0.000146824 -1.07023 0.0878817 1.46932
0.00849178 -0.00691356 0.0121561 -0.0754456 1.00289 -0.0481001
0.000615584 -0.000664347 -0.00125962 -0.0376314 -0.000363079 -0.0213864
-3.83803e-07 2.03628e-06 2.57563e-07 -0.0376346 -0.00039487 -0.021387
-7.88227e-05 -5.56363e-07 8.2228e-07 -0.0915023 0.778972 -0.0651309
8.44033e-05 -1.17334e-05 -1.97559e-05 -1.07023 0.0879033 1.46933
-1.44831e-05 -0.000123343 -0.00131533 0.184103 1.08884 -3.0795
0.00791301 -0.0031395 0.0122821 0.184103 1.08884 -3.0795
-0.000259751 0.0001864 0.00404025 1.65619 -0.101075 2.65797
-1.38948e-05 -6.52259e-05 -0.000654415 -1.09581 0.084937 1.46935
0.00210376 0.000164312 0.0101359 -0.0957548 0.975059 -0.072225
-0.000175214 -0.00077654 0.000447438 -0.0353701 -0.000332972 -0.0205136
7.01291e-07 1.8018e-06 -2.15864e-07 -0.0353692 -0.000357516 -0.0205115
2.85124e-06 1.26581e-06 -3.68506e-08 -0.0902435 0.74198 -0.0633059
-1.28513e-05 -4.25536e-06 9.46718e-06 -1.09581 0.0849589 1.46936
0.000104939 -0.000116722 -0.0014334 0.177802 1.09095 -3.08458
-0.00351705 0.00185364 0.00563717 0.177802 1.09095 -3.08458
-0.000875982 0.000862179 -0.000654965 1.65296 -0.100727 2.65995
2.66742e-05 -4.96515e-05 -0.000710388 -1.09743 0.0817212 1.46972
-0.00200811 0.00338986 0.0045153 -0.109883 0.977387 -0.0854797
-0.0003428 0.000144811 -0.000274293 -0.0368224 -0.000340819 -0.0186446
5.90603e-08 -5.75419e-07 1.18498e-08 -0.0368192 -0.000342796 -0.018644
5.27173e-05 1.2614e-06 -8.90943e-07 -0.0774396 0.734072 -0.0442777
-5.21654e-05 1.49102e-05 1.05105e-05 -1.09743 0.0817431 1.46974
0 0 0 0.177802 1.09095 -3.08458
0 0 0 0.177802 1.09095 -3.08458
0 0 0 1.65296 -0.100727 2.65995
0 0 0 -1.09743 0.0817212 1.46972
0 0 0 -0.109883 0.977387 -0.0854797
0 0 0 -0.0368224 -0.000340819 -0.0186446
0 0 0 -0.0368192 -0.000342796 -0.018644
0 0 0 -0.0774396 0.734072 -0.0442777
0 0 0 -1.09743 0.0817431 1.46974
0.000720876 -9.60475e-05 -0.000302052 0.172812 1.08073 -3.08821
-0.00316459 0.0024569 -0.00363182 0.172812 1.08073 -3.08821
0.000470703 -0.000662169 -0.000733827 1.65222 -0.0991045 2.64966
0.000355375 -4.62218e-05 -0.000142196 -1.08693 0.0810062 1.47136
-0.00181786 0.00193332 -0.0045992 -0.10933 0.980152 -0.0821534
0.000527921 -0.000103181 0.000928701 -0.0318273 -0.000359731 -0.0215212
-5.1287e-07 5.44577e-07 -2.74367e-07 -0.0318254 -0.000347183 -0.0215203
1.94875e-05 1.62199e-06 -1.30478e-06 -0.0700262 0.754365 -0.0333348
-1.32551e-05 1.10036e-06 7.90898e-06 -1.08693 0.081028 1.47137
0.0016266 2.93409e-05 0.00236765 0.182616 1.07602 -3.07628
-0.000518524 -0.000133144 -0.00360085 0.182616 1.07602 -3.07628
0.00195776 0.000139106 5.79152e-05 1.65753 -0.0954538 2.64551
0.000805501 9.43675e-06 0.00117243 -1.08299 0.0863204 1.47498
-0.00209705 -0.00374287 -0.00694786 -0.0814702 0.966513 -0.0520299
0.000205208 0.00115438 -0.000596663 -0.0348189 -0.0004515 -0.0224794
1.62107e-07 -5.41936e-06 -1.01314e-06 -0.0348252 -0.000423371 -0.0224768
1.45933e-05 -3.38604e-06 3.84202e-07 -0.0858985 0.781572 -0.0561768
-1.26265e-05 -7.92446e-06 -1.29541e-05 -1.08299 0.0863421 1.47499
0.00128575 0.000399003 0.00477171 0.195374 1.0513 -3.06457
-0.0108315 0.00118375 -0.0086545 0.194995 1.05092 -3.06514
-0.00245241 -0.000404672 -0.00396914 1.66371 -0.0997174 2.60699
0.000584972 0.000266047 0.00233286 -1.05902 0.0963545 1.47742
-0.00485661 0.00487783 -0.0129027 -0.111313 1.00946 -0.0827231
-0.000348318 -0.000504886 -0.000290388 -0.0364893 -0.000392027 -0.0206643
1.14193e-07 -5.5662e-06 1.40429e-06 -0.0364848 -0.0003801 -0.0206716
-2.80594e-05 -8.55081e-06 5.061e-07 -0.0653105 0.834317 -0.0276395
2.04988e-05 9.28792e-05 6.26857e-05 -1.0591 0.0964018 1.47748
-0.00318428 5.64526e-05 -0.00200038 0.182807 1.03815 -3.0838
-0.00136696 0.000492117 -0.0105117 0.182807 1.03815 -3.0838
0 0 0 1.66371 -0.0997174 2.60699
-0.00152387 -3.06636e-05 -0.000938202 -1.04547 0.0924302 1.47064
0 0 0 -0.111313 1.00946 -0.0827231
0 0 0 -0.0364893 -0.000392027 -0.0206643
0 0 0 -0.0364848 -0.0003801 -0.0206716
0 0 0 -0.0653105 0.834317 -0.0276395
1.47181e-07 -7.78726e-05 -4.48371e-05 -1.04547 0.0924515 1.47065
-0.00275201 0.000256694 -0.000219659 0.183685 1.04377 -3.0886
0.00218359 -0.00278573 0.00219895 0.183685 1.04377 -3.0886
-0.00263331 0.000751455 -0.000402792 1.66331 -0.105771 2.61212
-0.00138508 0.000120628 -0.000116261 -1.05112 0.0919801 1.46457
0.00170507 -0.0019653 0.00267926 -0.115398 1.00852 -0.0893696
-0.000694031 0.000335694 0.000566402 -0.0333811 -0.000273117 -0.0168921
6.3001e-07 3.53503e-06 -3.7089e-07 -0.0333811 -0.000280028 -0.0168989
1.84836e-05 3.30031e-06 8.0692e-07 -0.0740061 0.821405 -0.039446
-2.34663e-05 -9.92168e-06 -1.36151e-05 -1.05112 0.0920015 1.46458
-0.00039062 -7.29293e-05 -0.00110781 0.176282 1.03584 -3.0966
-0.00401606 0.000221224 -0.00222538 0.176282 1.03584 -3.0966
5.22435e-05 0.00140717 0.000704895 1.66084 -0.106646 2.60385
-0.000200062 -3.64768e-05 -0.000552524 -1.04266 0.0895063 1.46371
0.000144617 -0.000109456 -0.0018383 -0.115928 1.02566 -0.0897339
0.000310009 0.000153884 -0.000288406 -0.0349128 -0.000343728 -0.0185477
-2.58544e-07 4.01408e-06 6.54761e-07 -0.0349073 -0.000329886 -0.0185504
8.98691e-06 1.69525e-06 -3.36946e-06 -0.0744647 0.826171 -0.0400754
-4.21999e-06 -5.22468e-06 3.67774e-06 -1.04266 0.0895275 1.46373
-0.00205625 6.03251e-05 -0.00189217 0.173736 1.05522 -3.10174
-8.63858e-05 -0.00534938 0.00813204 0.173736 1.05522 -3.10174
-0.000379882 0.00397894 0.00419556 1.65666 -0.11126 2.62294
-0.00101873 3.03853e-05 -0.000947667 -1.0617 0.0853139 1.45912
-0.00281339 -0.00714277 0.00608608 -0.0944335 1.01068 -0.0721768
-0.000743583 -0.000517752 0.000206445 -0.0339083 -0.000259323 -0.0145927
2.79723e-07 1.35164e-06 2.30287e-07 -0.0339063 -0.000250448 -0.0145991
-2.03175e-05 1.6485e-06 2.06739e-06 -0.106852 0.81599 -0.0850332
1.82501e-05 -4.82642e-08 -3.33056e-06 -1.0617 0.0853354 1.45913
-0.00600705 0.000756374 0.000513229 0.175698 1.05402 -3.11357
0.00120147 -0.00576851 -0.000862364 0.175698 1.05402 -3.11357
-0.00103858 0.000882565 -0.000247005 1.65795 -0.12465 2.6206
-0.0030037 0.00037486 0.000256657 -1.06066 0.0864526 1.44567
0.00153537 -0.00252442 -0.00304326 -0.116588 1.00551 -0.100385
0.000996844 0.000361108 -0.000437534 -0.0361741 -0.000362866 -0.0199356
-1.13593e-06 -1.48075e-05 -4.19288e-07 -0.0361752 -0.000361577 -0.0199509
7.20299e-06 -1.44754e-05 2.83779e-07 -0.117453 0.819365 -0.0995747
2.50041e-07 -6.19101e-06 2.33724e-07 -1.06066 0.0864741 1.44568
-0.000157614 -0.000275595 -0.00360996 0.162129 1.06378 -3.12493
0.00454502 0.00653255 0.0023647 0.162129 1.06378 -3.12493
0.000671858 0.000457827 -0.00422852 1.64988 -0.124977 2.63029
-8.41444e-05 -0.000134455 -0.00180577 -1.06937 0.0784426 1.44543
0.00199856 0.00699882 0.00420363 -0.123511 1.00005 -0.102152
0.00127758 -0.000331095 0.000905429 -0.0313626 -0.000410951 -0.0268401
3.51013e-07 4.40615e-06 -2.55209e-07 -0.0313566 -0.000418907 -0.0268397
9.1044e-06 7.47271e-06 8.87321e-07 -0.0859126 0.802802 -0.0560668
-1.06246e-05 6.7073e-06 -1.59309e-06 -1.06937 0.0784642 1.44544
0.00135172 -0.000227001 -0.00065513 0.159307 1.06452 -3.12428
0.000297351 0.000432355 -0.00122217 0.159307 1.06452 -3.12428
-0.0012146 0.000866512 0.000691441 1.64838 -0.121922 2.63126
0.000667416 -0.000114898 -0.000326482 -1.06991 0.0769828 1.4485
-0.00194234 0.00346689 0.000738131 -0.145681 0.995075 -0.125272
-0.000793806 7.91584e-05 9.17326e-05 -0.0308617 -0.000346941 -0.0225448
6.89632e-07 6.63327e-06 3.49698e-08 -0.0308602 -0.000347674 -0.0225415
1.04772e-05 4.88877e-06 -1.88329e-07 -0.0710498 0.80708 -0.0354458
-1.68228e-05 -2.70494e-06 2.15063e-06 -1.06991 0.0770044 1.44852
0 0 0 0.159307 1.06452 -3.12428
0 0 0 0.159307 1.06452 -3.12428
0 0 0 1.64838 -0.121922 2.63126
0 0 0 -1.06991 0.0769828 1.4485
0 0 0 -0.145681 0.995075 -0.125272
0 0 0 -0.0308617 -0.000346941 -0.0225448
0 0 0 -0.0308602 -0.000347674 -0.0225415
0 0 0 -0.0710498 0.80708 -0.0354458
0 0 0 -1.06991 0.0770044 1.44852
0.00121198 -0.000112611 0.000465539 0.161686 1.06533 -3.11942
-0.000122479 -0.000318255 0.000652508 0.161686 1.06533 -3.11942
0.000535409 -0.00110351 0.00122922 1.64939 -0.119224 2.63231
0.000605834 -5.65485e-05 0.000233566 -1.07087 0.0780112 1.4512
0.00374612 0.000214166 -0.00126141 -0.153564 1.00479 -0.133921
0.000234595 -0.000291962 9.2124e-05 -0.0304041 -0.000359895 -0.0238657
-1.36163e-06 5.34852e-06 -1.0706e-06 -0.0304058 -0.000361132 -0.0238617
6.47427e-06 2.51124e-06 4.8016e-07 -0.0695717 0.799436 -0.0333909
-3.85103e-07 -3.69467e-07 1.5516e-06 -1.07087 0.0780328 1.45121
