-0.175397 -0.374064 -0.0359226 0.290549 0.143482 -3.09739
0.126891 0.03294 -0.490118 0.290549 0.143482 -3.09739
1.78621 -0.0227753 0.0161728 1.85828 0.00141455 1.72089
-0.191344 -0.0767983 0.0191309 -0.752656 -0.182867 1.62439
0.131753 0.127907 -0.240604 -1.26288 1.20668 -1.62195
0.0030557 0.419952 0.000872623 0.00418052 6.07745e-05 -0.014589
-2.15091e-07 0.210454 -8.47129e-07 0.00419138 3.53677e-05 -0.0145858
0.152361 0.210456 2.12769e-06 -1.43738 1.23091 -1.81546
-0.15236 0.210456 -1.96691e-06 -0.787863 0.0659035 1.43591
0 0 0 0.290549 0.143482 -3.09739
0 0 0 0.290549 0.143482 -3.09739
0 0 0 1.85828 0.00141455 1.72089
0 0 0 -0.752656 -0.182867 1.62439
0 0 0 -1.26288 1.20668 -1.62195
0 0 0 0.00418052 6.07745e-05 -0.014589
0 0 0 0.00419138 3.53677e-05 -0.0145858
0 0 0 -1.43738 1.23091 -1.81546
0 0 0 -0.787863 0.0659035 1.43591
-0.001815 -0.00162108 -0.000550987 0.288229 0.139217 -3.0976
-0.00314586 0.00279584 -0.00574337 0.288229 0.139217 -3.0976
2.9049e-05 0.00100928 -1.12935e-05 1.85616 0.00275736 1.71673
-0.000268906 -0.00174285 0.000518786 -0.749827 -0.186463 1.61922
-0.000401692 0.000545109 -0.00390291 -1.29023 1.21632 -1.65265
-2.41872e-07 0.00015826 0.000272846 0.0054741 1.82722e-05 -0.0145497
3.50772e-06 5.21498e-06 -5.38583e-07 0.00547735 2.52553e-05 -0.0145496
1.78311e-05 3.24953e-06 -5.8964e-06 -1.44357 1.23747 -1.82178
-3.56397e-05 2.61198e-06 1.05579e-05 -0.78735 0.0672431 1.43592
0.000284807 -0.00231103 0.00503212 0.297428 0.133845 -3.09614
-0.00111487 -0.00739501 0.00262089 0.297428 0.133845 -3.09614
9.53446e-05 -0.000321859 0.00177422 1.86549 0.00437471 1.71204
0.000917377 -0.00176302 0.00223732 -0.747515 -0.177074 1.61701
0.000782145 -0.00163893 0.00114129 -1.30344 1.19381 -1.667
-0.000329052 0.000610144 0.000578715 0.00819382 4.56985e-05 -0.0129683
-3.44914e-06 -4.29871e-06 1.21502e-06 0.00818208 5.17364e-05 -0.012968
1.86976e-05 -4.73873e-06 2.35945e-06 -1.43075 1.2309 -1.80849
-1.53517e-06 -6.40222e-06 -9.71996e-06 -0.787039 0.0744972 1.43983
0.00197218 0.00210831 -0.00287761 0.290778 0.139519 -3.09628
0.00518055 0.00324659 0.00256005 0.290778 0.139519 -3.09628
-0.000133539 -0.00179105 -5.80592e-05 1.85867 0.00356363 1.7174
0.000985382 0.00178243 -0.00131169 -0.748542 -0.182328 1.62037
0.00585321 0.00303624 0.00259646 -1.30702 1.19435 -1.67398
0.000834898 -0.000468203 -0.000390888 0.00636837 5.98573e-05 -0.016982
-3.28191e-07 5.13248e-07 -7.92295e-07 0.00637426 5.53855e-05 -0.0169814
6.67504e-06 1.37178e-06 9.84482e-07 -1.37328 1.24297 -1.74779
-5.43902e-06 3.45065e-06 1.96391e-06 -0.787284 0.0704945 1.4424
0.000764779 0.00177237 -0.00144718 0.286785 0.141868 -3.09396
0.00181745 0.00182584 0.000336806 0.286785 0.141868 -3.09396
-9.58239e-05 -0.000454857 -9.71409e-05 1.85463 0.00571639 1.72029
-0.00107271 0.00165479 -0.00134771 -0.75162 -0.182663 1.62655
-0.00420054 0.00210886 0.000104823 -1.25376 1.19457 -1.61295
-0.000504984 3.16257e-06 -5.50087e-05 0.00610395 4.75033e-05 -0.0145662
4.51779e-07 2.87773e-06 1.24507e-07 0.00610847 4.51774e-05 -0.014563
2.87502e-06 5.67877e-06 5.95769e-06 -1.42662 1.24733 -1.80382
-7.40702e-06 -5.60904e-07 6.57184e-06 -0.787607 0.0662038 1.43801
-0.00644637 0.00161198 0.00446065 0.287653 0.122202 -3.10058
-0.0115057 -0.00151834 -0.00140216 0.287653 0.122202 -3.10058
-0.000269052 0.00247026 -3.16038e-05 1.85625 0.00475856 1.69958
-0.00365508 0.00189925 0.00365598 -0.748949 -0.179962 1.61715
-0.00346886 -0.003613 -0.00176763 -1.33132 1.19899 -1.69656
-0.000124508 -8.63443e-05 -0.00110001 0.00085255 -1.84276e-05 -0.0139736
2.21413e-07 -1.1048e-06 4.69767e-07 0.00085058 8.10464e-07 -0.0139803
-2.71007e-05 -4.32554e-06 -7.54323e-06 -1.45457 1.23348 -1.83326
2.77026e-05 3.99382e-06 -3.07661e-06 -0.78841 0.0791363 1.42451
-0.00198985 -0.00112105 0.00324735 0.2882 0.107978 -3.10393
-0.00869202 -0.00163685 -0.00117086 0.2882 0.107978 -3.10393
-0.000348882 0.00185187 0.000552284 1.85728 0.00549368 1.685
-0.000886674 -0.0011386 0.00360925 -0.744629 -0.181178 1.61345
-0.00665646 0.000945205 -0.000393056 -1.35002 1.19024 -1.71351
0.000166095 -0.000228748 0.000220229 0.00190763 -1.15298e-05 -0.0147782
2.39119e-07 2.61346e-06 -2.28745e-07 0.00190583 7.86821e-06 -0.0147829
1.19129e-06 2.2988e-06 1.5593e-07 -1.52799 1.23005 -1.91093
-2.46581e-06 6.43321e-07 1.20562e-06 -0.788461 0.0911565 1.42206
0.00361945 0.000243603 0.000745189 0.287348 0.110715 -3.0999
0.000448155 0.00476318 -0.00731854 0.287348 0.110715 -3.0999
-0.000954349 2.07256e-05 -0.000938216 1.85635 0.00868078 1.68876
0.000962304 0.000197386 0.000303483 -0.743626 -0.179694 1.62237
0.00288511 -0.00179215 -0.00521309 -1.37986 1.21414 -1.74912
-0.000995016 -0.000170155 0.000649708 0.00501812 2.89955e-05 -0.0100402
-2.45178e-07 9.81388e-07 -1.62648e-07 0.00501926 2.58754e-05 -0.0100354
1.52776e-05 2.34175e-06 1.19495e-06 -1.49176 1.23382 -1.87278
-1.49833e-05 3.10253e-06 -4.36912e-06 -0.788442 0.0923162 1.4253
-0.000817281 0.000268846 -0.00363178 0.283789 0.112726 -3.09993
0.0021701 0.00124394 0.00254299 0.283789 0.112726 -3.09993
0.000603763 -0.0010349 -0.000174343 1.85275 0.00851545 1.69065
0.000667215 3.57395e-06 -0.00182171 -0.74488 -0.185781 1.61743
-0.00311341 0.00393206 0.00175686 -1.3278 1.20658 -1.68985
3.58931e-05 0.000633444 0.000341218 0.00662391 3.56973e-05 -0.010193
-4.7999e-07 1.60397e-06 1.53032e-07 0.00662707 3.41106e-05 -0.0101927
8.46151e-06 9.07347e-07 -1.76941e-07 -1.53876 1.24146 -1.92228
-2.84351e-06 -3.4418e-07 -1.41104e-06 -0.78856 0.0861054 1.42759
2.31942e-05 0.000968067 0.00138061 0.287099 0.108511 -3.10008
-0.00261885 0.000876109 -0.00629735 0.287099 0.108511 -3.10008
-0.000213749 1.3158e-05 -0.00102716 1.85617 0.00916559 1.68659
-0.000360308 0.00115254 0.000309902 -0.744868 -0.182179 1.61869
0.00497729 -0.00119237 -0.00557298 -1.39959 1.21042 -1.77191
0.000849319 -0.000542201 -0.000452387 0.00447486 2.72018e-05 -0.0142699
1.82015e-07 5.44275e-07 3.4408e-07 0.0044717 3.08121e-05 -0.0142704
3.68651e-06 1.09384e-06 -3.67605e-07 -1.4809 1.24982 -1.86139
-6.00699e-06 3.04586e-06 -2.88981e-07 -0.788122 0.0874967 1.4258
0.00934375 -0.000503104 -0.0096223 0.280475 0.147757 -3.08978
0.0240676 0.00725016 0.00898081 0.280475 0.147757 -3.08978
-0.000572378 -0.00415379 -0.00161056 1.84815 0.00906898 1.72705
0.0042745 -0.00107167 -0.00810461 -0.752523 -0.187278 1.63581
0.00597296 0.00809593 0.00876281 -1.22138 1.21384 -1.58022
-0.000191726 -0.000125977 -0.000811756 0.000616272 4.67352e-05 -0.0133697
-3.73233e-07 -2.07833e-05 -8.45324e-07 0.000623975 1.32199e-05 -0.0133601
-0.000120122 -2.02462e-05 1.80551e-06 -1.43597 1.27417 -1.81427
0.000122905 -2.23647e-05 -5.04493e-06 -0.7872 0.0594538 1.44056
0.00498342 -0.00114144 -0.000827862 0.285504 0.161274 -3.0851
0.0119157 -0.00349922 0.00353054 0.285504 0.161274 -3.0851
0.000575206 -0.0027226 0.000161226 1.85251 0.00902663 1.74137
-0.00115234 -0.00122978 -0.00299606 -0.759313 -0.18001 1.65639
0.00744408 -0.00212648 0.00319005 -1.17521 1.20839 -1.53317
-0.000361716 0.00114536 0.000539478 0.00315605 4.2553e-05 -0.0115866
-2.50571e-07 7.85342e-06 8.63033e-07 0.00315019 2.26683e-05 -0.0115809
4.80963e-05 6.73788e-06 -1.43968e-06 -1.33752 1.26784 -1.71135
-4.17538e-05 3.66901e-06 -7.54079e-06 -0.787495 0.0489011 1.43731
0.000291335 -0.00178413 0.00311441 0.290783 0.162851 -3.08466
0.000970601 -0.00577125 0.00233751 0.290783 0.162851 -3.08466
-0.000381096 -0.000171707 0.00181438 1.85764 0.00810782 1.74305
-0.00174597 -0.00148517 0.000453697 -0.761188 -0.171077 1.66311
-0.00282552 -0.00399479 0.000549728 -1.14301 1.19909 -1.49491
-3.00429e-05 -0.00045178 -0.000422521 0.00115622 1.22549e-05 -0.0114556
5.04588e-07 6.66341e-06 -1.31154e-07 0.00114407 7.65113e-06 -0.0114566
3.80175e-05 2.93629e-06 -4.3907e-08 -1.36497 1.25058 -1.74012
-4.42754e-05 -8.77958e-06 8.00337e-06 -0.78739 0.050141 1.4322
0.000814622 0.00396266 -0.00522864 0.283579 0.17686 -3.08256
0.00687465 0.00547041 0.00343546 0.283579 0.17686 -3.08256
-0.000496342 -0.000469494 -0.00157512 1.84984 0.00749837 1.757
0.000298133 0.00350183 -0.00284105 -0.764326 -0.179084 1.66497
0.00119173 0.00433071 0.00400624 -1.0876 1.20172 -1.43546
-0.000197405 -0.000336249 -0.000942998 -0.0033214 8.35387e-06 -0.010526
3.14616e-07 -3.66841e-06 -1.09958e-06 -0.00331043 -1.00422e-05 -0.0105215
3.75294e-06 4.01966e-06 5.30056e-06 -1.35938 1.26264 -1.73421
-8.30421e-06 1.95888e-05 4.35642e-06 -0.787608 0.0409002 1.43159
-0.000374571 5.65614e-05 -0.0019965 0.276223 0.175162 -3.08326
-0.000783861 0.00303941 0.000743296 0.276223 0.175162 -3.08326
5.93241e-05 -0.000144035 -0.000713152 1.8427 0.00864021 1.75512
1.8105e-05 -0.000197449 -0.00039368 -0.765609 -0.184462 1.66374
0.00386066 0.00186368 -2.52716e-05 -1.12728 1.20658 -1.48218
1.49283e-05 -0.000243845 0.00036809 -0.00155766 -1.74814e-05 -0.0106131
-1.93835e-07 1.94283e-06 -1.57997e-07 -0.00153339 -9.98735e-06 -0.0106111
1.7417e-05 -1.3047e-06 -5.30102e-06 -1.3133 1.27188 -1.68606
-1.58411e-05 -1.32029e-06 2.51254e-06 -0.788101 0.0395014 1.4318
0.00122005 -0.00316147 0.0034912 0.284498 0.173001 -3.08332
-0.00210797 -0.00432798 -0.000604552 0.284498 0.173001 -3.08332
0.000598395 -0.000201055 0.00142769 1.85094 0.00766113 1.7531
-0.0003427 -0.00261443 -0.00040459 -0.769148 -0.171391 1.66879
0.00302266 -0.00360994 -0.000238751 -1.17561 1.20567 -1.53636
-7.50273e-05 0.000912183 0.000449637 0.00054861 3.91022e-07 -0.0102144
-2.20962e-07 2.16513e-07 1.80251e-06 0.000539769 2.0976e-06 -0.010216
8.9521e-06 -2.80615e-06 -2.32204e-06 -1.27025 1.25937 -1.6411
-7.148e-06 -4.09451e-06 -4.83608e-06 -0.788564 0.0377725 1.4319
-0.00060659 0.00186472 -0.00315405 0.276454 0.169985 -3.08424
-0.00196893 0.00316619 0.000190881 0.276454 0.169985 -3.08424
0.000285521 -7.47899e-05 -0.000581494 1.84318 0.00905075 1.74989
-0.000505021 0.00127506 0.000285166 -0.768216 -0.182945 1.66862
-0.0063147 0.00224583 0.000174199 -1.13647 1.20798 -1.49023
0.000891119 -5.43544e-05 -6.90379e-05 0.000246813 -6.75725e-06 -0.0144505
2.10054e-07 -7.21974e-07 -1.50259e-06 0.000259964 -6.30446e-07 -0.0144497
3.1035e-06 2.8083e-06 3.2979e-06 -1.35338 1.26498 -1.72818
-4.68204e-06 6.22831e-06 1.79742e-05 -0.78814 0.0388509 1.42959
0.000885487 -0.000793588 -0.000948365 0.272961 0.165321 -3.08245
-0.00306901 0.0031941 -0.00556179 0.272961 0.165321 -3.08245
0.000138062 -0.000283794 -0.000102376 1.83997 0.0126318 1.74584
0.000603395 -0.000902559 -0.000562339 -0.768858 -0.184225 1.66962
0.0030329 -0.00295314 -0.00361152 -1.19186 1.23314 -1.55345
-0.000613894 -0.000763337 -0.000147495 -0.000464711 -1.30449e-05 -0.0115714
1.11541e-07 3.84332e-06 5.28287e-07 -0.000459884 -5.4528e-06 -0.0115677
8.65708e-07 3.12185e-06 -1.37591e-06 -1.3102 1.25973 -1.6831
-1.87475e-06 -6.30248e-07 -1.16662e-05 -0.788554 0.0368469 1.43209
0.00223459 0.00017203 -0.00231417 0.274059 0.177414 -3.07951
0.00559288 0.00194608 -0.0013979 0.274059 0.177414 -3.07951
2.49042e-05 -0.000710203 -0.000197341 1.84047 0.0120554 1.75827
0.000724202 2.7878e-06 -0.0022165 -0.772018 -0.184551 1.67473
0.0018354 -0.000703007 -0.000828623 -1.1497 1.24269 -1.50919
0.000332386 -0.000128794 9.39875e-05 -2.22795e-05 1.42256e-05 -0.0131688
-1.40158e-07 2.04438e-06 3.39372e-07 -2.24592e-05 2.55052e-06 -0.0131661
-7.30431e-06 1.64146e-06 5.71429e-07 -1.28635 1.25878 -1.65847
8.35711e-06 2.23366e-06 -8.07355e-06 -0.788776 0.029271 1.43453
