-0.37125 0.307225 2.83067 1.0
-0.016255 0.331683 2.749395 1.0
-0.222107 0.366009 2.680193 0.0
-0.162567 0.18475 2.885709 0.0
-0.382625 -0.038778 2.807897 0.048077
0.019599 -0.03978 2.709862 0.596154
-0.14785 -0.048449 2.897086 0.0
-0.434979 0.030662 2.812475 1.0
0.071238 0.062136 2.725536 1.0
-0.407779 -0.257163 2.744852 1.0
0.049329 -0.23377 2.714791 1.0
-0.403052 -0.324571 2.762254 0.509615
0.022577 -0.297638 2.72341 0.459135
-0.300101 -0.571766 2.80365 1.0
-0.066427 -0.570093 2.785934 1.0
-0.297463 -0.991674 2.900765 1.0
-0.074722 -0.989717 2.883954 1.0
-0.338885 -1.027124 2.748613 0.0
-0.108488 -1.025037 2.729892 0.0
-0.20399 0.6172 2.765801 0.447115
-0.369412 0.31027 2.812422 1.0
-0.010166 0.331628 2.751501 1.0
-0.211474 0.362827 2.668771 0.0
-0.164573 0.190408 2.884892 0.0
-0.392407 -0.033572 2.798543 0.105769
0.014649 -0.038293 2.723182 0.423077
-0.163098 -0.045554 2.900723 0.0
-0.441712 0.035282 2.816824 1.0
0.071907 0.061358 2.784413 1.0
-0.420742 -0.252279 2.74605 1.0
0.052346 -0.23486 2.787915 1.0
-0.410556 -0.319863 2.760113 0.475962
0.029008 -0.300614 2.788854 0.762019
-0.305831 -0.567571 2.805322 1.0
-0.073548 -0.567706 2.790251 1.0
-0.29742 -0.987382 2.902532 1.0
-0.074958 -0.990362 2.874639 1.0
-0.330358 -1.023703 2.748524 0.0
-0.101562 -1.021491 2.718287 0.0
-0.213523 0.614335 2.754707 0.384615
-0.368891 0.314328 2.808544 1.0
-0.008007 0.329588 2.756058 1.0
-0.206775 0.363209 2.66829 0.0
-0.167744 0.191917 2.886858 0.0
-0.396579 -0.033737 2.792588 0.192308
0.012321 -0.037177 2.727894 0.355769
-0.17 -0.045905 2.900667 0.0
-0.441403 0.039183 2.8117 1.0
0.070034 0.059406 2.799458 1.0
-0.427878 -0.252301 2.755924 1.0
0.048696 -0.236866 2.794472 1.0
-0.419477 -0.320562 2.767715 0.290865
0.018997 -0.298183 2.7794 0.644231
-0.30273 -0.567325 2.806818 1.0
-0.073384 -0.567167 2.786976 1.0
-0.295539 -0.98806 2.900048 1.0
-0.073653 -0.988296 2.87869 1.0
-0.323302 -1.022958 2.744697 0.0
-0.095069 -1.022372 2.722156 0.0
-0.205872 0.606221 2.740899 0.389423
-0.36974 0.316079 2.804412 1.0
-0.007738 0.330999 2.760178 1.0
-0.20442 0.364228 2.667689 0.0
-0.170491 0.194013 2.887943 0.0
-0.396369 -0.031856 2.797389 0.153846
0.011641 -0.039224 2.727607 0.442308
-0.168578 -0.045839 2.902664 0.0
-0.445642 0.042454 2.806506 1.0
0.073077 0.061425 2.798054 1.0
-0.423785 -0.246308 2.743033 1.0
0.043306 -0.23341 2.789348 1.0
-0.415172 -0.315546 2.744053 0.526442
0.032687 -0.298394 2.766251 0.475962
-0.301436 -0.566983 2.80795 1.0
-0.070953 -0.567786 2.787326 1.0
-0.301279 -0.989748 2.8918 1.0
-0.075199 -0.988316 2.88165 1.0
-0.330271 -1.020692 2.735837 0.0
-0.097695 -1.023129 2.72543 0.0
-0.201091 0.614862 2.74746 0.389423
-0.375342 0.317194 2.802289 1.0
-0.01283 0.321782 2.760001 1.0
-0.207995 0.360257 2.666339 0.0
-0.180066 0.189819 2.887262 0.0
-0.398515 -0.03896 2.800026 0.182692
0.009555 -0.039973 2.730213 0.423077
-0.170547 -0.050817 2.905179 0.0
-0.448748 0.041226 2.804015 1.0
0.067014 0.049462 2.791883 1.0
-0.423073 -0.246722 2.731125 1.0
0.03872 -0.241916 2.735451 1.0
-0.421065 -0.314359 2.748164 0.341346
0.027825 -0.310723 2.731447 0.711538
-0.304145 -0.572415 2.804798 1.0
-0.065587 -0.570325 2.78319 1.0
-0.291745 -0.992962 2.89833 1.0
-0.072808 -0.989141 2.88469 1.0
-0.321881 -1.028281 2.743517 0.0
-0.092711 -1.026595 2.728729 0.0
-0.204321 0.614143 2.741835 0.423077
-0.374674 0.315618 2.793358 1.0
-0.010713 0.31786 2.765929 1.0
-0.201667 0.355847 2.663772 0.0
-0.183727 0.18861 2.888153 0.0
-0.397295 -0.042246 2.790885 0.173077
0.01336 -0.038719 2.738485 0.394231
-0.173885 -0.049817 2.905767 0.0
-0.443595 0.037827 2.802764 1.0
0.058384 0.040475 2.782949 1.0
-0.418848 -0.24901 2.722168 1.0
0.039771 -0.243569 2.691538 1.0
-0.405245 -0.31518 2.704686 0.459135
0.029061 -0.309983 2.673002 0.59375
-0.299525 -0.573887 2.809235 1.0
-0.059578 -0.57078 2.782771 1.0
-0.292229 -0.994177 2.904441 1.0
-0.076559 -0.988855 2.886143 1.0
-0.315022 -1.029903 2.748471 0.0
-0.087599 -1.027137 2.729506 0.0
-0.196816 0.614905 2.738305 0.620192
-0.376251 0.313217 2.808347 1.0
-0.013699 0.321319 2.766924 1.0
-0.208964 0.360021 2.673563 0.0
-0.180182 0.185792 2.891398 0.0
-0.389836 -0.038804 2.798117 0.221154
0.019103 -0.042647 2.733694 0.490385
-0.163302 -0.049218 2.906473 0.0
-0.442241 0.033717 2.800398 1.0
0.0628 0.044405 2.764679 1.0
-0.410059 -0.252302 2.716008 1.0
0.054958 -0.225187 2.633445 1.0
-0.39102 -0.317508 2.700046 0.492788
0.035489 -0.2691 2.582831 0.492788
-0.295936 -0.573243 2.806184 1.0
-0.065723 -0.573133 2.788177 1.0
-0.299209 -0.992975 2.904041 1.0
-0.073888 -0.992759 2.886201 1.0
-0.326454 -1.028945 2.748843 0.0
-0.093482 -1.028892 2.72989 0.0
-0.195928 0.610549 2.74622 0.346154
-0.381223 0.314995 2.812328 1.0
-0.018589 0.322821 2.771581 1.0
-0.213639 0.362196 2.678052 0.0
-0.185464 0.186944 2.895145 0.0
-0.382829 -0.036444 2.785197 0.192308
0.029183 -0.039897 2.744815 0.586538
-0.163006 -0.046097 2.906656 0.0
-0.438302 0.03402 2.801545 1.0
0.081104 0.057416 2.727502 1.0
-0.395101 -0.24663 2.706168 1.0
0.053912 -0.105798 2.477805 1.0
-0.390519 -0.316244 2.707552 0.442308
0.030697 -0.15291 2.431862 0.509615
-0.295887 -0.569551 2.808229 1.0
-0.062641 -0.57144 2.788329 1.0
-0.296043 -0.988233 2.910537 1.0
-0.074388 -0.991008 2.886237 1.0
-0.31546 -1.026313 2.754667 0.0
-0.085043 -1.027374 2.729118 0.0
-0.205394 0.614048 2.749371 0.432692
-0.384168 0.313729 2.819027 1.0
-0.022092 0.331337 2.776415 1.0
-0.218619 0.368564 2.685127 0.0
-0.184892 0.188192 2.897177 0.0
-0.383652 -0.037301 2.787267 0.211538
0.02856 -0.034221 2.748956 0.932692
-0.164313 -0.046218 2.909653 0.0
-0.437319 0.033861 2.797862 1.0
0.095856 0.082429 2.7007 1.0
-0.39724 -0.249605 2.714307 1.0
0.043098 0.031409 2.411642 0.115385
-0.379051 -0.315757 2.701573 0.829327
0.025952 0.03375 2.344043 0.8125
-0.294596 -0.568528 2.807404 1.0
-0.061707 -0.567811 2.787384 1.0
-0.294866 -0.98613 2.914033 1.0
-0.072733 -0.986639 2.888489 1.0
-0.313447 -1.025839 2.758468 0.0
-0.082016 -1.024273 2.731581 0.0
-0.215177 0.610834 2.752249 0.519231
-0.374945 0.316834 2.814682 1.0
-0.012224 0.330427 2.776292 0.9182690000000001
-0.207263 0.366772 2.681523 0.0
-0.177723 0.191842 2.898694 0.0
-0.385843 -0.039202 2.787258 0.182692
0.026446 -0.031843 2.750395 1.0
-0.166856 -0.045767 2.910419 0.0
-0.439003 0.041208 2.803189 1.0
0.112106 0.113651 2.643042 0.446154
-0.400874 -0.240561 2.722114 1.0
0.030544 0.181304 2.367014 1.0
-0.390684 -0.309549 2.719704 0.795673
0.011325 0.2319 2.322971 0.576923
-0.294004 -0.569325 2.807303 1.0
-0.063971 -0.566778 2.788815 1.0
-0.294058 -0.990354 2.899474 1.0
-0.072848 -0.986981 2.884272 1.0
-0.311229 -1.02472 2.742481 0.0
-0.08225 -1.022536 2.726887 0.0
-0.209501 0.617317 2.751004 0.504808
-0.371764 0.324691 2.808004 1.0
-0.006985 0.334266 2.799686 0.8365380000000001
-0.193289 0.382693 2.693441 0.0
-0.183585 0.188873 2.895866 0.0
-0.382735 -0.031951 2.782099 0.230769
0.030293 -0.029448 2.753858 1.0
-0.166461 -0.040719 2.909833 0.0
-0.429621 0.049687 2.802588 1.0
0.110078 0.177817 2.597636 1.0
-0.406022 -0.232277 2.7248 1.0
0.017842 0.400295 2.429982 1.0
-0.390323 -0.298864 2.711057 0.728365
-0.016289 0.458601 2.412532 0.778846
-0.295394 -0.562881 2.809038 1.0
-0.064066 -0.563609 2.783491 1.0
-0.292862 -0.981887 2.909978 1.0
-0.071662 -0.98235 2.885271 1.0
-0.307764 -1.019663 2.753538 0.0
-0.077616 -1.020396 2.728301 0.0
-0.210409 0.61735 2.736905 0.557692
-0.365804 0.322876 2.81351 1.0
-0.001305 0.33589 2.799493 0.807692
-0.189781 0.387924 2.698937 0.0
-0.175117 0.184477 2.89137 0.0
-0.378876 -0.023289 2.774443 0.278846
0.03434 -0.034366 2.751503 0.740385
-0.16459 -0.036738 2.905088 0.0
-0.425374 0.048807 2.808708 1.0
0.104209 0.219552 2.567076 1.0
-0.408155 -0.231103 2.724339 1.0
0.010097 0.479723 2.471063 1.0
-0.394412 -0.299496 2.722701 0.661058
-0.027157 0.534978 2.491752 1.0
-0.29453 -0.557908 2.80908 1.0
-0.063821 -0.56443 2.782896 1.0
-0.29458 -0.977167 2.908995 1.0
-0.072763 -0.983384 2.883687 1.0
-0.307505 -1.014514 2.752276 0.0
-0.077217 -1.021084 2.726584 0.0
-0.207795 0.612569 2.729033 0.653846
-0.359574 0.325865 2.805717 1.0
0.00534 0.331671 2.80027 0.711538
-0.179681 0.390599 2.697133 0.0
-0.173566 0.181259 2.883615 0.0
-0.380499 -0.022559 2.76427 0.269231
0.033348 -0.033376 2.761187 1.0
-0.172641 -0.032802 2.905186 0.0
-0.425244 0.053337 2.811157 1.0
0.101509 0.281602 2.5417 1.0
-0.409993 -0.228451 2.733379 1.0
-0.022654 0.546279 2.526997 1.0
-0.398846 -0.296446 2.722355 0.543269
-0.034365 0.592463 2.577977 0.509615
-0.2985 -0.556353 2.812023 1.0
-0.063419 -0.563909 2.782266 1.0
-0.29228 -0.976668 2.907197 1.0
-0.07575 -0.982953 2.882321 1.0
-0.297996 -1.012419 2.74968 0.0
-0.071872 -1.020586 2.725186 0.0
-0.193666 0.613449 2.718838 0.557692
-0.357691 0.328321 2.807849 1.0
0.006369 0.325933 2.781776 0.278846
-0.182901 0.387286 2.688208 0.0
-0.170687 0.180893 2.877653 0.0
-0.382209 -0.027548 2.783999 0.192308
0.029945 -0.033296 2.745376 1.0
-0.16294 -0.037127 2.90646 0.0
-0.42526 0.056 2.808688 1.0
0.078087 0.303246 2.511467 1.0
-0.412553 -0.230764 2.750274 1.0
-0.035516 0.562178 2.587994 1.0
-0.400384 -0.296014 2.728747 0.576923
-0.044277 0.591338 2.650779 0.375
-0.295492 -0.560573 2.816458 1.0
-0.062879 -0.564704 2.78306 1.0
-0.289911 -0.982623 2.903661 1.0
-0.074606 -0.984376 2.880522 1.0
-0.308183 -1.015349 2.746442 0.0
-0.084304 -1.020615 2.72331 0.0
-0.208064 0.613754 2.691582 0.596154
-0.359165 0.325033 2.806829 1.0
0.004766 0.322345 2.779041 0.278846
-0.18483 0.385077 2.68706 0.0
-0.172092 0.176508 2.874072 0.0
-0.380886 -0.024914 2.77877 0.201923
0.032017 -0.039317 2.752313 0.846154
-0.165531 -0.037982 2.907685 0.0
-0.426071 0.052259 2.812309 1.0
0.05643 0.293418 2.504439 1.0
-0.413052 -0.235086 2.755085 1.0
-0.048614 0.559809 2.567788 1.0
-0.396477 -0.300767 2.738341 0.526442
-0.046973 0.595036 2.627999 0.307692
-0.296282 -0.560652 2.814013 1.0
-0.061079 -0.568199 2.783129 1.0
-0.288493 -0.981571 2.906358 1.0
-0.069994 -0.986453 2.886788 1.0
-0.302979 -1.016322 2.749179 0.0
-0.074533 -1.025227 2.729949 0.0
-0.221613 0.605896 2.710808 0.716346
-0.348666 0.340586 2.811692 1.0
0.014801 0.320975 2.784643 0.07692299999999992
-0.171724 0.389955 2.690876 0.0
-0.168481 0.185456 2.882725 0.0
-0.379411 -0.018262 2.789619 0.230769
0.031335 -0.0384 2.74189 0.836538
-0.157867 -0.033905 2.907267 0.0
-0.423074 0.069427 2.807504 1.0
0.037603 0.248065 2.514004 1.0
-0.41572 -0.221597 2.769469 1.0
-0.061173 0.511148 2.428994 1.0
-0.400608 -0.28335 2.740706 0.627404
-0.05112 0.577483 2.448169 0.728365
-0.29252 -0.556758 2.811643 1.0
-0.056026 -0.564468 2.786216 1.0
-0.290958 -0.977288 2.90605 1.0
-0.076621 -0.983245 2.886029 1.0
-0.313002 -1.012438 2.749841 0.0
-0.087982 -1.020096 2.729072 0.0
-0.217328 0.607596 2.711505 0.6875
-0.347224 0.332904 2.809645 1.0
0.01607 0.327559 2.774805 0.4903845000000002
-0.175627 0.378619 2.680003 0.0
-0.158198 0.193719 2.89011 0.0
-0.375717 -0.018971 2.800428 0.230769
0.033013 -0.036356 2.736914 1.0
-0.14982 -0.035446 2.909363 0.0
-0.422117 0.059301 2.812061 1.0
0.033414 0.19285 2.525754 0.376923
-0.412306 -0.232964 2.765178 1.0
-0.046774 0.252275 2.246915 0.980769
-0.395482 -0.292449 2.732811 0.526442
-0.073566 0.222742 2.189651 0.778846
-0.289085 -0.557565 2.803707 1.0
-0.055034 -0.563039 2.788587 1.0
-0.292811 -0.976299 2.905733 1.0
-0.071858 -0.98335 2.882483 1.0
-0.320623 -1.013756 2.750988 0.0
-0.090845 -1.01762 2.725678 0.0
-0.216286 0.619217 2.716543 0.701923
-0.355835 0.323827 2.816811 1.0
0.005426 0.329591 2.765023 0.903846
-0.191709 0.379986 2.681714 0.0
-0.15994 0.186029 2.881734 0.0
-0.374718 -0.027656 2.809536 0.076923
0.031662 -0.037498 2.731088 1.0
-0.144741 -0.04062 2.910084 0.0
-0.424871 0.048282 2.816576 1.0
0.01157 0.191663 2.516771 0.815385
-0.402029 -0.240221 2.751814 1.0
-0.049715 0.097672 2.242253 0.653846
-0.383202 -0.305109 2.734371 0.8125
-0.084893 0.059537 2.195591 1.0
-0.287885 -0.564327 2.801661 1.0
-0.054518 -0.566219 2.790492 1.0
-0.293507 -0.981041 2.911567 1.0
-0.071986 -0.987318 2.880671 1.0
-0.326692 -1.020962 2.758506 0.0
-0.097124 -1.019753 2.724342 0.0
-0.225727 0.615255 2.724498 0.706731
-0.375288 0.31115 2.835135 1.0
-0.020842 0.335857 2.751572 1.0
-0.227028 0.374002 2.685432 0.0
-0.167049 0.185376 2.884075 0.0
-0.379574 -0.032601 2.817888 0.009615
0.024452 -0.031573 2.727566 0.923077
-0.146507 -0.041507 2.911526 0.0
-0.43202 0.033657 2.816512 1.0
0.011368 0.155876 2.53446 1.0
-0.399668 -0.253073 2.749017 1.0
-0.059011 0.053259 2.265513 0.788462
-0.38374 -0.320315 2.739327 0.560096
-0.087315 0.015399 2.214184 1.0
-0.288892 -0.566142 2.805052 1.0
-0.053258 -0.563175 2.787136 1.0
-0.294127 -0.984349 2.909151 1.0
-0.072181 -0.983049 2.882574 1.0
-0.331207 -1.02191 2.756387 0.0
-0.099814 -1.01716 2.727025 0.0
-0.219519 0.61257 2.73982 0.350962
-0.377598 0.312816 2.842735 1.0
-0.023752 0.340885 2.757708 0.778846
-0.230393 0.381703 2.694656 0.0
-0.169058 0.185143 2.88502 0.0
-0.380133 -0.033044 2.817459 0.009615
0.022713 -0.027765 2.722154 0.875
-0.145846 -0.039196 2.90823 0.0
-0.430332 0.036526 2.812623 1.0
0.019869 0.162757 2.542322 1.0
-0.403591 -0.252636 2.758836 1.0
-0.05682 0.078004 2.270001 0.653846
-0.392362 -0.321116 2.751523 0.425481
-0.083849 0.05152 2.211374 1.0
-0.288729 -0.565393 2.801895 1.0
-0.057053 -0.560766 2.786041 1.0
-0.290649 -0.982955 2.908663 1.0
-0.070491 -0.980087 2.884786 1.0
-0.329738 -1.021636 2.756681 0.0
-0.100873 -1.015551 2.730055 0.0
-0.218762 0.615176 2.734069 0.490385
-0.372388 0.312801 2.83811 1.0
-0.016259 0.3384 2.762333 0.6923080000000004
-0.220922 0.379996 2.693592 0.0
-0.165773 0.184219 2.886638 0.0
-0.379297 -0.03257 2.816586 0.038462
0.023238 -0.030376 2.719859 0.884615
-0.144744 -0.040353 2.90654 0.0
-0.429824 0.038023 2.807032 1.0
0.020652 0.186982 2.526795 0.753846
-0.404237 -0.24936 2.7462 1.0
-0.053589 0.130285 2.24712 0.519231
-0.386077 -0.316576 2.741572 0.59375
-0.082036 0.124255 2.18369 0.8125
-0.287485 -0.565938 2.800637 1.0
-0.05483 -0.562111 2.785395 1.0
-0.296023 -0.984608 2.902636 1.0
-0.071757 -0.981931 2.881445 1.0
-0.335025 -1.020984 2.750064 0.0
-0.102491 -1.016141 2.726501 0.0
-0.220925 0.613454 2.737195 0.509615
-0.362427 0.317023 2.825443 1.0
-0.003734 0.331522 2.759455 0.6000713333333334
-0.205187 0.376604 2.683781 0.0
-0.160747 0.184448 2.883123 0.0
-0.378923 -0.032918 2.800679 0.076923
0.028605 -0.033728 2.727765 1.0
-0.150122 -0.042387 2.904256 0.0
-0.427238 0.043087 2.813415 1.0
0.047568 0.18863 2.522103 0.469231
-0.406197 -0.244067 2.753186 1.0
-0.063465 0.210664 2.250599 0.942308
-0.386809 -0.305618 2.72664 0.560096
-0.080221 0.227681 2.185034 0.745192
-0.287647 -0.566585 2.800866 1.0
-0.057279 -0.565301 2.784185 1.0
-0.295153 -0.985018 2.903913 1.0
-0.071259 -0.984563 2.883104 1.0
-0.325689 -1.022454 2.749677 0.0
-0.093628 -1.020613 2.727147 0.0
-0.220172 0.618578 2.736436 0.552885
-0.341144 0.339576 2.817518 1.0
0.020815 0.322336 2.773775 0.42877466666666686
-0.170321 0.389661 2.68847 0.0
-0.156788 0.18597 2.880729 0.0
-0.382657 -0.025211 2.782609 0.259615
0.028827 -0.033729 2.737842 1.0
-0.161668 -0.036779 2.901762 0.0
-0.427599 0.070431 2.804417 1.0
0.041952 0.236668 2.504889 0.861538
-0.414753 -0.221355 2.759851 1.0
-0.086207 0.435971 2.328413 1.0
-0.397377 -0.278022 2.723027 0.862981
-0.110211 0.485514 2.285537 0.526442
-0.287802 -0.561112 2.797841 1.0
-0.05602 -0.562983 2.784068 1.0
-0.295185 -0.978311 2.905782 1.0
-0.075409 -0.98293 2.879093 1.0
-0.314959 -1.018163 2.750401 0.0
-0.08624 -1.018045 2.721701 0.0
-0.222842 0.618476 2.728224 0.677885
-0.33209 0.359021 2.815037 1.0
0.027822 0.310548 2.778454 0.3365380000000001
-0.154075 0.399132 2.692383 0.0
-0.164215 0.186277 2.874664 0.0
-0.379037 -0.010401 2.778513 0.221154
0.032763 -0.033538 2.742712 0.951923
-0.161161 -0.028368 2.902507 0.0
-0.422478 0.088532 2.803362 1.0
0.045528 0.277389 2.495509 0.953846
-0.415436 -0.206468 2.761809 1.0
-0.091199 0.532191 2.423523 1.0
-0.402897 -0.263967 2.724317 0.762019
-0.100919 0.590223 2.461032 0.913462
-0.289391 -0.550281 2.799638 1.0
-0.058534 -0.559265 2.777809 1.0
-0.293706 -0.967233 2.908696 1.0
-0.074064 -0.976174 2.886006 1.0
-0.311033 -1.007728 2.753189 0.0
-0.080792 -1.016504 2.729639 0.0
-0.205069 0.617132 2.714003 0.807692
-0.343807 0.344967 2.806603 1.0
0.017953 0.317861 2.766351 0.182692
-0.170083 0.393005 2.680687 0.0
-0.164879 0.184352 2.867966 0.0
-0.379077 -0.015456 2.784552 0.211538
0.031407 -0.03407 2.734031 0.923077
-0.15667 -0.030017 2.900699 0.0
-0.426056 0.070687 2.804026 1.0
0.041901 0.322942 2.481041 0.907692
-0.415174 -0.223613 2.752574 1.0
-0.082588 0.588431 2.539324 1.0
-0.404957 -0.292333 2.746071 0.492788
-0.092504 0.608279 2.605482 0.576923
-0.289185 -0.55418 2.800345 1.0
-0.057277 -0.560963 2.777066 1.0
-0.292547 -0.97138 2.908482 1.0
-0.074474 -0.977294 2.887218 1.0
-0.315316 -1.011356 2.753543 0.0
-0.086299 -1.018067 2.731268 0.0
-0.203122 0.620146 2.695896 0.745192
-0.358492 0.321099 2.808044 1.0
0.002621 0.317883 2.75501 0.240385
-0.193272 0.375804 2.673686 0.0
-0.166376 0.176308 2.868916 0.0
-0.381333 -0.032824 2.78934 0.259615
0.028727 -0.040173 2.732838 1.0
-0.156929 -0.040738 2.902245 0.0
-0.43308 0.04499 2.804981 1.0
0.039754 0.312953 2.471451 0.784615
-0.403664 -0.243827 2.735067 1.0
-0.06683 0.569402 2.581188 1.0
-0.38743 -0.31081 2.724171 0.711538
-0.060106 0.617879 2.630926 0.189904
-0.29119 -0.568173 2.802865 1.0
-0.05502 -0.570052 2.782308 1.0
-0.292971 -0.984205 2.91545 1.0
-0.073123 -0.987631 2.887477 1.0
-0.318221 -1.025805 2.761325 0.0
-0.087311 -1.026374 2.731207 0.0
-0.207465 0.614965 2.683872 0.774038
-0.349244 0.338406 2.809061 1.0
0.012634 0.316047 2.766996 0.437322222222222
-0.177276 0.384907 2.680192 0.0
-0.167138 0.183127 2.874662 0.0
-0.37935 -0.029501 2.793788 0.221154
0.029165 -0.037451 2.727091 1.0
-0.152206 -0.037377 2.901079 0.0
-0.429553 0.064152 2.803484 1.0
0.025932 0.281114 2.483625 0.907692
-0.408866 -0.227229 2.742532 1.0
-0.069997 0.561402 2.519427 1.0
-0.38978 -0.291574 2.72344 0.862981
-0.068419 0.613589 2.565721 0.795673
-0.2899 -0.565038 2.804445 1.0
-0.053793 -0.566623 2.785457 1.0
-0.292981 -0.983668 2.906916 1.0
-0.0753 -0.986143 2.881904 1.0
-0.321752 -1.021282 2.752384 0.0
-0.094336 -1.021176 2.725274 0.0
-0.210902 0.614045 2.694657 0.783654
-0.333559 0.35142 2.813756 1.0
0.027719 0.316984 2.774805 0.8030627777777778
-0.159091 0.39174 2.686173 0.0
-0.157225 0.190469 2.881423 0.0
-0.378393 -0.01997 2.788388 0.288462
0.032101 -0.033232 2.736282 1.0
-0.155392 -0.032303 2.903652 0.0
-0.424174 0.079321 2.80096 1.0
0.017376 0.242447 2.497767 1.0
-0.412271 -0.21593 2.750843 1.0
-0.083777 0.486433 2.356115 1.0
-0.395091 -0.277508 2.722878 0.829327
-0.101094 0.553709 2.349552 0.492788
-0.285834 -0.55752 2.799101 1.0
-0.052812 -0.561049 2.785546 1.0
-0.29238 -0.973991 2.909873 1.0
-0.072563 -0.980506 2.882639 1.0
-0.315224 -1.014782 2.755157 0.0
-0.08599 -1.016227 2.725584 0.0
-0.208626 0.618353 2.705988 0.918269
-0.359721 0.31935 2.811134 1.0
0.002954 0.328669 2.771069 1.0
-0.191993 0.371921 2.679051 0.0
-0.164092 0.187933 2.888828 0.0
-0.372561 -0.029958 2.794047 0.144231
0.037921 -0.039249 2.740998 0.894231
-0.149245 -0.042207 2.90871 0.0
-0.423246 0.040356 2.808729 1.0
0.027997 0.220669 2.507274 0.538462
-0.397242 -0.247738 2.734092 1.0
-0.052791 0.170184 2.224132 0.673077
-0.373867 -0.312031 2.72034 0.610577
-0.083108 0.141896 2.16801 0.610577
-0.285274 -0.565931 2.802005 1.0
-0.052097 -0.568586 2.791148 1.0
-0.295934 -0.983594 2.907861 1.0
-0.073573 -0.989649 2.880619 1.0
-0.319537 -1.02231 2.752726 0.0
-0.088781 -1.022351 2.723069 0.0
-0.229487 0.618554 2.720495 0.668269
-0.371684 0.311479 2.823964 1.0
-0.013164 0.33924 2.761368 0.855769
-0.215417 0.377689 2.684181 0.0
-0.165924 0.185739 2.882529 0.0
-0.375624 -0.032047 2.805309 0.06730800000000003
0.032002 -0.034907 2.733 0.942308
-0.146985 -0.040064 2.909363 0.0
-0.427345 0.03178 2.815753 1.0
0.014156 0.179778 2.526372 0.984615
-0.397049 -0.254921 2.740886 1.0
-0.039827 0.077091 2.252033 0.807692
-0.380618 -0.322264 2.732881 0.526442
-0.07464 0.047053 2.199547 1.0
-0.289076 -0.566438 2.801132 1.0
-0.053419 -0.566151 2.788208 1.0
-0.292941 -0.983405 2.91015 1.0
-0.072415 -0.987247 2.878091 1.0
-0.324364 -1.023235 2.756694 0.0
-0.094605 -1.019708 2.721322 0.0
-0.239552 0.614877 2.733644 0.456731
-0.377239 0.313208 2.834856 1.0
-0.021079 0.338973 2.759279 0.884615
-0.225679 0.381709 2.691052 0.0
-0.170855 0.183711 2.881912 0.0
-0.378146 -0.033424 2.818447 0.038461500000000017
0.02351 -0.029624 2.718181 0.884615
-0.142771 -0.037486 2.906478 0.0
-0.42899 0.035331 2.807993 1.0
0.020342 0.168625 2.535939 0.907692
-0.397969 -0.253387 2.748436 1.0
-0.0489 0.077988 2.262337 0.673077
-0.38083 -0.319723 2.735213 0.526442
-0.070179 0.040128 2.207722 1.0
-0.289407 -0.566141 2.803529 1.0
-0.056352 -0.562359 2.785335 1.0
-0.2942 -0.984174 2.908348 1.0
-0.070399 -0.983327 2.876712 1.0
-0.335277 -1.02175 2.756614 0.0
-0.103483 -1.015831 2.721884 0.0
-0.217838 0.612527 2.724506 0.461538
-0.375834 0.309277 2.84316 1.0
-0.022635 0.340436 2.756532 1.0
-0.229953 0.378153 2.693771 0.0
-0.165688 0.1845 2.886138 0.0
-0.381685 -0.033959 2.816561 0.009615000000000005
0.021243 -0.027979 2.721642 0.875
-0.147476 -0.038549 2.907625 0.0
-0.43382 0.034039 2.812085 1.0
0.036055 0.150135 2.555472 1.0
-0.402657 -0.255076 2.75983 1.0
-0.02943 0.069221 2.278969 0.384615
-0.389355 -0.321687 2.743859 0.408654
-0.061189 0.050414 2.219752 1.0
-0.290777 -0.566155 2.800045 1.0
-0.058815 -0.561093 2.788278 1.0
-0.294799 -0.98247 2.911524 1.0
-0.072888 -0.981752 2.881063 1.0
-0.333672 -1.022698 2.759888 0.0
-0.103871 -1.01493 2.725944 0.0
-0.219219 0.614221 2.717106 0.615385
-0.373427 0.310769 2.847627 1.0
-0.021051 0.338845 2.7567 1.0
-0.228683 0.38033 2.697452 0.0
-0.164384 0.182551 2.885563 0.0
-0.380646 -0.034084 2.826886 0.028846
0.01677 -0.028415 2.711023 1.0
-0.142 -0.039323 2.905549 0.0
-0.430459 0.035468 2.813128 1.0
0.039635 0.138809 2.565556 1.0
-0.403304 -0.253255 2.755223 1.0
-0.019248 0.039118 2.293441 0.692308
-0.399726 -0.321124 2.771037 0.425481
-0.050576 0.024155 2.232912 0.846154
-0.291929 -0.566495 2.799564 1.0
-0.058163 -0.560979 2.78413 1.0
-0.298482 -0.98652 2.895988 1.0
-0.072746 -0.980183 2.883207 1.0
-0.344992 -1.020463 2.744967 0.0
-0.110694 -1.015067 2.730022 0.0
-0.229412 0.606092 2.732453 0.668269
-0.374827 0.310983 2.841835 1.0
-0.020836 0.34093 2.758059 1.0
-0.227466 0.380682 2.694291 0.0
-0.16577 0.184393 2.884818 0.0
-0.381878 -0.030668 2.812909 0.067308
0.020588 -0.031474 2.715872 0.846154
-0.147296 -0.03862 2.902771 0.0
-0.434717 0.034571 2.817496 1.0
0.049848 0.117732 2.597531 1.0
-0.406471 -0.252241 2.748405 1.0
0.001449 -0.016526 2.337791 0.846154
-0.396349 -0.316546 2.773535 0.358173
-0.029008 -0.04818 2.283575 1.0
-0.293519 -0.564594 2.801949 1.0
-0.058439 -0.562304 2.783647 1.0
-0.294892 -0.985974 2.892491 1.0
-0.072616 -0.981021 2.884824 1.0
-0.334962 -1.018743 2.739379 0.0
-0.103524 -1.017293 2.730384 0.0
-0.216231 0.614725 2.727742 0.706731
-0.373993 0.309335 2.832025 1.0
-0.019775 0.333723 2.74741 1.0
-0.2262 0.370002 2.680965 0.0
-0.165252 0.185142 2.882828 0.0
-0.378823 -0.034443 2.812262 0.028846
0.022916 -0.035978 2.712266 0.509615
-0.143602 -0.042883 2.900392 0.0
-0.429624 0.029398 2.817477 1.0
0.052507 0.077891 2.642546 1.0
-0.406853 -0.261074 2.753244 1.0
0.033097 -0.163728 2.468585 1.0
-0.395579 -0.324563 2.779911 0.307692
0.00973 -0.22271 2.439532 1.0
-0.296952 -0.56785 2.804744 1.0
-0.060088 -0.566366 2.786458 1.0
-0.294385 -0.985988 2.909219 1.0
-0.074097 -0.986073 2.883469 1.0
-0.336763 -1.024041 2.757962 0.0
-0.107641 -1.020615 2.729183 0.0
-0.211208 0.616969 2.726719 0.634615
-0.369505 0.311271 2.83068 1.0
-0.014884 0.329331 2.746168 1.0
-0.220618 0.369115 2.679587 0.0
-0.162987 0.183523 2.881753 0.0
-0.37702 -0.037518 2.809536 0.067308
0.024952 -0.037865 2.710469 0.548077
-0.141975 -0.044975 2.898224 0.0
-0.428302 0.030846 2.811146 1.0
0.051178 0.056888 2.683818 1.0
-0.404092 -0.261369 2.748523 1.0
0.0517 -0.231032 2.600156 1.0
-0.394168 -0.33035 2.75202 0.290865
0.033823 -0.29787 2.591093 0.862981
-0.296751 -0.569956 2.808802 1.0
-0.061237 -0.568968 2.784227 1.0
-0.294965 -0.989019 2.909519 1.0
-0.074774 -0.987792 2.885045 1.0
-0.337077 -1.025653 2.757838 0.0
-0.107999 -1.023794 2.731024 0.0
-0.203245 0.61212 2.736862 0.572115
-0.370431 0.31608 2.813966 1.0
-0.01241 0.32963 2.744233 1.0
-0.214923 0.366338 2.666881 0.0
-0.166738 0.190755 2.880154 0.0
-0.384362 -0.0374 2.798449 0.153846
0.022706 -0.034926 2.723042 0.567308
-0.154859 -0.044345 2.900664 0.0
-0.434178 0.037126 2.816562 1.0
0.06229 0.054418 2.720478 1.0
-0.408043 -0.252634 2.748672 1.0
0.062017 -0.2443 2.71601 1.0
-0.398566 -0.321488 2.754858 0.459135
0.02948 -0.306028 2.715703 0.694712
-0.296728 -0.569439 2.803304 1.0
-0.059115 -0.56696 2.783567 1.0
-0.297267 -0.990164 2.896854 1.0
-0.077032 -0.985884 2.883278 1.0
-0.329489 -1.024501 2.74224 0.0
-0.099539 -1.022032 2.727363 0.0
-0.205805 0.606974 2.745426 0.350962
-0.366963 0.315367 2.796916 1.0
-0.005431 0.33143 2.74936 1.0
-0.203058 0.363787 2.658593 0.0
-0.166544 0.194164 2.878891 0.0
-0.396565 -0.037759 2.790053 0.144231
0.014363 -0.033177 2.739921 0.346154
-0.17377 -0.04625 2.906061 0.0
-0.442207 0.042312 2.811255 1.0
0.064019 0.058555 2.783155 1.0
-0.421954 -0.247713 2.755245 1.0
0.046812 -0.237017 2.784905 1.0
-0.407614 -0.311637 2.77927 0.358173
0.054245 -0.306203 2.790118 0.15625
-0.298686 -0.568979 2.808275 1.0
-0.06742 -0.565618 2.791419 1.0
-0.290792 -0.98861 2.906299 1.0
-0.073745 -0.987836 2.877751 1.0
-0.31282 -1.025425 2.750472 0.0
-0.088669 -1.01986 2.720035 0.0
-0.208521 0.615439 2.727905 0.384615
