-0.363509 0.375165 2.626314 1.0
0.072679 0.386793 2.765486 1.0
-0.118789 0.461648 2.60571 -6.138256569698796e-18
-0.165638 0.231794 2.771749 0.0
-0.343753 0.024391 2.578272 0.673077
0.05027 0.002814 2.6981 0.105769
-0.189635 0.015794 2.779626 0.0
-0.42214 0.110725 2.678952 1.0
0.11491 0.114486 2.751263 1.0
-0.410917 -0.185064 2.606592 1.0
0.079443 -0.170087 2.648242 1.0
-0.342655 -0.241626 2.592608 0.829327
0.088591 -0.25908 2.641095 0.274038
-0.262893 -0.601919 2.680578 1.0
-0.023422 -0.611331 2.689683 1.0
-0.271975 -1.094531 2.745845 1.0
0.000246 -1.104328 2.748018 0.931731
-0.20751 -1.124029 2.532174 0.0
0.068373 -1.126313 2.534578 0.0
-0.088646 0.688847 2.586317 1.0
-0.364944 0.371314 2.62499 1.0
0.070532 0.38114 2.76651 1.0
-0.119915 0.457323 2.606143 0.0007008309037900932
-0.168181 0.226679 2.770675 0.0
-0.338872 0.028963 2.571466 0.653846
0.054432 0.003243 2.692827 0.115385
-0.185696 0.017858 2.773415 0.0
-0.420795 0.105593 2.674778 1.0
0.113722 0.108746 2.754586 1.0
-0.405114 -0.189992 2.601831 1.0
0.086077 -0.178165 2.655311 1.0
-0.336094 -0.247233 2.605599 0.728365
0.108333 -0.264659 2.646494 0.10576899999999996
-0.261018 -0.597359 2.681855 1.0
-0.021274 -0.609488 2.687571 1.0
-0.268664 -1.089363 2.751727 1.0
-0.009787 -1.102563 2.748842 1.0
-0.20284 -1.120636 2.538723 0.0
0.05973 -1.127372 2.536161 0.0
-0.092006 0.681555 2.573708 1.0
-0.368318 0.362431 2.617125 1.0
0.071013 0.366968 2.746474 1.0
-0.121381 0.439113 2.586564 0.00266315743440232
-0.172122 0.220883 2.766558 0.0
-0.35036 0.009565 2.579946 0.644231
0.048257 -0.004535 2.684751 0.278846
-0.188692 0.00081 2.775283 0.0
-0.425667 0.100028 2.678078 1.0
0.121569 0.096222 2.747366 1.0
-0.40337 -0.189899 2.588855 1.0
0.07155 -0.167779 2.604828 1.0
-0.334874 -0.247687 2.584034 0.795673
0.056065 -0.245156 2.562079 0.17401899999999995
-0.262967 -0.613464 2.685697 1.0
-0.019486 -0.620224 2.688232 1.0
-0.272897 -1.107136 2.742245 1.0
-0.013886 -1.114264 2.742094 1.0
-0.21706 -1.133063 2.525701 0.0
0.047197 -1.137064 2.526617 0.0
-0.107695 0.66492 2.533788 1.0
-0.362797 0.368569 2.616611 1.0
0.074866 0.367928 2.751576 1.0
-0.114976 0.444017 2.590447 0.00567673032069971
-0.169489 0.223233 2.766173 0.0
-0.351861 0.01531 2.579294 0.586538
0.048257 0.001091 2.678201 0.394231
-0.18724 0.009192 2.772251 0.0
-0.423893 0.10629 2.672902 1.0
0.123052 0.097084 2.755251 1.0
-0.406305 -0.182984 2.581676 1.0
0.068305 -0.151098 2.588758 1.0
-0.34447 -0.246561 2.59542 0.711538
0.051413 -0.223901 2.539072 0.33676900000000026
-0.260318 -0.608604 2.680316 1.0
-0.021765 -0.61446 2.687997 1.0
-0.279391 -1.101383 2.742073 1.0
-0.010369 -1.107122 2.75252 1.0
-0.226351 -1.13061 2.525247 0.0
0.047143 -1.134078 2.536541 0.0
-0.098389 0.667624 2.527766 1.0
-0.365106 0.364046 2.610038 1.0
0.072391 0.364781 2.745535 1.0
-0.11711 0.438586 2.58295 0.0095313002915452
-0.172258 0.220808 2.762194 0.0
-0.343474 0.01024 2.569684 0.586538
0.050508 -0.003257 2.690826 0.278846
-0.189869 0.005229 2.771551 0.0
-0.424844 0.102241 2.667751 1.0
0.129182 0.096105 2.74014 1.0
-0.394267 -0.186001 2.578385 1.0
0.058161 -0.126314 2.546514 1.0
-0.342688 -0.255004 2.603538 0.459135
0.037775 -0.191094 2.487843 0.5310190000000005
-0.263136 -0.612836 2.678229 1.0
-0.016789 -0.619213 2.688744 1.0
-0.264965 -1.106351 2.736945 1.0
-0.017356 -1.11151 2.756944 1.0
-0.200833 -1.132081 2.522687 0.0
0.054024 -1.14089 2.545466 0.0
-0.106975 0.655735 2.509382 1.0
-0.369937 0.372858 2.612827 1.0
0.070025 0.364097 2.739793 1.0
-0.121417 0.444405 2.582654 0.01401661807580174
-0.176386 0.223337 2.75788 0.0
-0.347567 0.010118 2.570606 0.596154
0.049716 0.003799 2.681082 0.307692
-0.188474 0.009992 2.768239 0.0
-0.422318 0.109923 2.661505 1.0
0.120692 0.096516 2.730787 1.0
-0.407538 -0.179252 2.579597 1.0
0.060856 -0.080308 2.494772 1.0
-0.338 -0.23333 2.562434 0.661058
0.044277 -0.13185 2.423198 0.6937690000000004
-0.26033 -0.611036 2.677463 1.0
-0.021137 -0.614814 2.684783 1.0
-0.268198 -1.103508 2.743932 1.0
-0.009299 -1.107241 2.750992 1.0
-0.209264 -1.133495 2.528737 0.0
0.054496 -1.134503 2.536824 0.0
-0.106014 0.673237 2.534506 1.0
-0.371492 0.368098 2.607512 1.0
0.069264 0.351979 2.730958 1.0
-0.121983 0.43504 2.575018 0.01892243440233236
-0.179475 0.215745 2.751656 0.0
-0.344796 0.000402 2.576612 0.576923
0.059333 -0.004265 2.658691 0.298077
-0.172132 -0.000292 2.762506 0.0
-0.411892 0.105252 2.662543 1.0
0.123896 0.086225 2.742743 1.0
-0.410197 -0.178606 2.565782 1.0
0.050661 0.03015 2.457379 0.923077
-0.343068 -0.236031 2.549959 0.694712
0.058103 -0.045848 2.410228 0.7620190000000002
-0.262141 -0.619759 2.674181 1.0
-0.01757 -0.62283 2.685943 1.0
-0.273363 -1.111015 2.748685 1.0
-0.013206 -1.115395 2.752044 1.0
-0.230208 -1.145109 2.530381 0.0
0.034332 -1.144249 2.533896 0.0
-0.106556 0.654123 2.507988 1.0
-0.370269 0.373144 2.607668 1.0
0.073313 0.352009 2.719707 1.0
-0.120716 0.435643 2.567555 0.024038500000000015
-0.176845 0.22004 2.74911 0.0
-0.340913 0.006944 2.571892 0.567308
0.062424 -0.007661 2.656655 0.326923
-0.169505 0.003391 2.758912 0.0
-0.409874 0.112143 2.666424 1.0
0.106082 0.084463 2.741786 0.9846150000000002
-0.408004 -0.165258 2.55576 1.0
0.103935 0.097969 2.443433 0.423077
-0.349708 -0.233493 2.555536 0.879808
0.068624 0.042237 2.382593 0.997596
-0.26316 -0.615549 2.674436 1.0
-0.018357 -0.623162 2.683206 1.0
-0.272255 -1.107674 2.743279 1.0
-0.01117 -1.115388 2.751551 1.0
-0.228251 -1.139058 2.524738 0.0
0.037347 -1.144926 2.53371 0.0
-0.100877 0.654398 2.492977 1.0
-0.370892 0.372655 2.608343 1.0
0.075789 0.348963 2.706722 1.0
-0.122418 0.434519 2.561169 0.029154565597667652
-0.173893 0.217718 2.742675 0.0
-0.340641 0.004226 2.562201 0.653846
0.061497 -0.009205 2.652663 0.394231
-0.171806 0.003276 2.751577 0.0
-0.41102 0.112379 2.663939 1.0
0.116553 0.08558 2.744309 0.7076920000000002
-0.402377 -0.167634 2.564596 1.0
0.086045 0.119092 2.450546 0.326923
-0.344154 -0.235926 2.565392 0.610577
0.067093 0.155783 2.370865 0.7788460000000003
-0.26379 -0.617838 2.667541 1.0
-0.018918 -0.624537 2.683281 1.0
-0.263054 -1.108163 2.748719 1.0
-0.010227 -1.11694 2.750154 1.0
-0.217046 -1.144091 2.531294 0.0
0.041015 -1.145553 2.532814 0.0
-0.096877 0.648463 2.478171 1.0
-0.346236 0.368072 2.586497 1.0
0.088119 0.349413 2.73055 1.0000000000000002
-0.09519 0.434056 2.566157 0.03406038192419827
-0.161893 0.214191 2.738804 0.0
-0.328907 0.008232 2.539155 0.778846
0.062789 -0.011168 2.666733 0.817308
-0.178562 0.003984 2.743478 0.0
-0.409121 0.117925 2.664861 1.0
0.10832 0.098142 2.63503 0.430769
-0.408411 -0.158546 2.554463 1.0
0.057418 0.252844 2.38583 1.0
-0.351711 -0.228001 2.558405 0.947115
0.042419 0.303618 2.313363 0.8361822222222224
-0.262549 -0.612589 2.671095 1.0
-0.019512 -0.625699 2.675197 1.0
-0.273859 -1.10466 2.739994 1.0
-0.008606 -1.116785 2.750855 0.975481
-0.206931 -1.135973 2.52734 0.0
0.063186 -1.147716 2.539737 0.0
-0.114186 0.654426 2.50641 1.0
-0.334419 0.385119 2.578971 1.0
0.089648 0.364281 2.750718 1.0000000000000002
-0.083054 0.452974 2.577225 0.038545699708454804
-0.159399 0.227596 2.738388 0.0
-0.316351 0.014536 2.516901 1.0
0.057577 -0.000776 2.690171 0.894231
-0.191324 0.011998 2.737653 0.0
-0.411008 0.137343 2.659595 1.0
0.119484 0.133051 2.611429 0.630769
-0.407147 -0.151472 2.578822 1.0
0.047052 0.328289 2.395585 1.0
-0.357377 -0.216096 2.541391 1.0
0.025046 0.390369 2.334624 0.9426637777777782
-0.263003 -0.603162 2.6684 1.0
-0.017758 -0.617142 2.674884 1.0
-0.269382 -1.09546 2.736302 1.0
-0.017023 -1.108016 2.752665 1.0
-0.177821 -1.124725 2.532731 0.0
0.080669 -1.139616 2.552317 0.0
-0.132566 0.670956 2.532348 1.0
-0.323314 0.38977 2.577628 1.0
0.098815 0.370975 2.754313 1.0
-0.073322 0.462427 2.581694 0.04240026967930032
-0.147332 0.230085 2.733801 0.0
-0.32263 0.019222 2.519329 1.0
0.05639 0.025698 2.681751 0.980769
-0.191324 0.021241 2.73641 0.0
-0.418194 0.145399 2.661634 1.0
0.130241 0.158747 2.581837 0.984615
-0.412029 -0.14578 2.57451 1.0
0.063656 0.391406 2.397854 1.0
-0.365565 -0.21729 2.546551 1.0
-0.003695 0.448416 2.414227 1.0000000000000002
-0.261139 -0.592579 2.662345 1.0
-0.019714 -0.598682 2.66273 1.0
-0.268389 -1.083975 2.736414 1.0
-0.049874 -1.07531 2.800298 0.841106
-0.181117 -1.116164 2.531404 0.0
0.042382 -1.137624 2.604627 0.0
-0.136808 0.68045 2.537965 1.0
-0.315017 0.397826 2.584274 1.0
0.112322 0.356595 2.743789 1.0
-0.061663 0.457577 2.578491 0.045413842565597676
-0.141354 0.228584 2.732791 0.0
-0.320348 0.01629 2.526799 1.0
0.063676 0.016818 2.677147 1.0
-0.182225 0.016331 2.739617 0.0
-0.423427 0.154506 2.664239 1.0
0.132735 0.201037 2.514144 1.0
-0.389091 -0.136975 2.573716 1.0
0.033473 0.456614 2.375717 1.0
-0.387972 -0.223597 2.550267 1.0
-0.009996 0.519487 2.422748 0.980769
-0.263925 -0.596745 2.666316 1.0
-0.023428 -0.606219 2.663085 1.0
-0.274172 -1.088139 2.740046 1.0
-0.017042 -1.094734 2.754306 1.0
-0.194067 -1.12099 2.532236 0.0
0.06623 -1.132075 2.548509 0.0
-0.145228 0.675278 2.545156 1.0
-0.299048 0.411407 2.594398 1.0
0.137476 0.339099 2.712645 1.0
-0.043749 0.452581 2.56408 0.047376169096209925
-0.124693 0.229883 2.726717 0.0
-0.324995 0.015926 2.538789 0.961538
0.070638 0.010237 2.655069 1.0
-0.168807 0.016332 2.738726 0.0
-0.414767 0.163915 2.660383 1.0
0.133813 0.231012 2.45322 1.0
-0.385113 -0.138233 2.595809 1.0
0.034263 0.498051 2.330248 1.0
-0.385229 -0.206769 2.537868 1.0
-0.02673 0.550304 2.370296 1.0
-0.263821 -0.600218 2.664706 1.0
-0.02324 -0.609843 2.667873 1.0
-0.271329 -1.091566 2.739067 1.0
-0.00979 -1.100118 2.748239 1.0
-0.210441 -1.124906 2.524912 0.0
0.054594 -1.133292 2.535083 0.0
-0.14348 0.677019 2.559392 1.0
-0.294493 0.434117 2.610013 1.0
0.138524 0.291555 2.654016 1.0000000000000002
-0.044788 0.434112 2.536263 0.048077000000000016
-0.131488 0.225664 2.714109 0.0
-0.336689 0.013519 2.563835 0.644231
0.071316 -0.015159 2.616637 0.798077
-0.150988 0.008337 2.73663 0.0
-0.401563 0.179721 2.672893 1.0
0.113627 0.261632 2.373624 1.0
-0.391795 -0.126207 2.609319 1.0
0.042131 0.524487 2.220247 1.0
-0.382768 -0.200042 2.559105 1.0
0.003511 0.596439 2.183018 1.0
-0.262308 -0.611724 2.666965 1.0
-0.016112 -0.624141 2.673233 1.0
-0.270911 -1.102574 2.744431 1.0
-0.011457 -1.115601 2.747087 1.0
-0.245518 -1.137879 2.523546 0.0
0.018055 -1.148494 2.526342 0.0
-0.074226 0.690407 2.501702 1.0
-0.303772 0.411427 2.635208 1.0
0.132403 0.274092 2.618844 1.0000000000000002
-0.064211 0.421377 2.533703 0.09134599999999997
-0.127853 0.198935 2.704192 0.0
-0.345258 0.005943 2.593677 0.4230770000000001
0.065583 -0.02991 2.595485 1.0
-0.139772 -0.003785 2.742171 0.0
-0.395469 0.14611 2.679974 1.0
0.068443 0.353873 2.353609 1.0
-0.397368 -0.161757 2.618647 1.0
0.046607 0.555129 2.11368 1.0
-0.37438 -0.207098 2.544686 0.745192
0.023525 0.612561 2.048695 1.0
-0.256707 -0.624585 2.664749 1.0
-0.006523 -0.632615 2.683125 1.0
-0.263427 -1.116967 2.732002 1.0
-0.020274 -1.124962 2.749563 1.0
-0.261042 -1.147464 2.508965 0.0
-0.017103 -1.155152 2.526494 0.0
-0.132502 0.66415 2.474818 1.0
-0.313455 0.439967 2.779116 1.0
0.009869 0.303968 2.508647 1.0
-0.192323 0.440483 2.548642 0.11556251851851851
-0.12375 0.232772 2.735058 0.0
-0.321269 0.015159 2.728439 0.40099722222222234
0.00138 -0.010088 2.472824 1.0
-0.068144 0.002719 2.716487 0.0
-0.390577 0.187498 2.67157 1.0
0.039336 0.47607 2.283332 1.0
-0.390784 -0.125672 2.639644 1.0
0.033809 0.597155 1.99281 1.0
-0.370048 -0.193601 2.58478 1.0
0.026396 0.597215 1.903371 1.0
-0.257777 -0.615731 2.650801 1.0
-0.002643 -0.600845 2.685946 1.0
-0.274119 -1.105683 2.732587 1.0
-0.022146 -1.094239 2.74243 1.0
-0.409467 -1.130901 2.554469 0.0
-0.159753 -1.109126 2.56488 0.0
-0.150026 0.661379 2.48875 1.0
-0.299265 0.434478 2.792588 1.0
0.010286 0.327463 2.4905 1.0
-0.200719 0.445641 2.551847 0.17610381481481474
-0.09641 0.2454 2.729668 0.0
-0.306433 0.022879 2.740034 0.34579777777777787
-0.011 -0.018896 2.455336 1.0
-0.05655 -0.002789 2.704406 0.0
-0.382678 0.177258 2.697917 1.0
0.05066 0.452895 2.236101 1.0
-0.385682 -0.136555 2.657717 1.0
0.005383 0.616147 1.968889 1.0
-0.376176 -0.208052 2.604311 1.0
-0.004079 0.567549 1.894035 1.0
-0.259416 -0.612619 2.654752 1.0
-0.003936 -0.601824 2.680475 1.0
-0.275478 -1.099667 2.752401 1.0
-0.017642 -1.095295 2.737979 1.0
-0.416861 -1.129611 2.579787 0.0
-0.17425 -1.109716 2.576898 0.0
-0.154451 0.676831 2.549697 1.0
-0.281926 0.425657 2.787467 0.798077
0.041392 0.345627 2.485578 0.961538
-0.178887 0.452088 2.549819 0.25480750000000013
-0.069371 0.248853 2.720987 0.0
-0.310273 0.02802 2.740324 0.2740385000000001
-0.008544 -0.00425 2.461045 1.0
-0.059366 0.006631 2.709376 0.0
-0.382102 0.17064 2.700865 1.0
0.052197 0.423715 2.209255 1.0
-0.378003 -0.143472 2.655984 1.0
-0.016698 0.54766 1.925374 1.0
-0.375498 -0.232772 2.6474 0.980769
-0.027441 0.593581 1.849018 0.038462
-0.259169 -0.604765 2.649132 1.0
-0.003188 -0.592173 2.676447 1.0
-0.272988 -1.092818 2.741987 1.0
-0.017375 -1.08465 2.741826 1.0
-0.414519 -1.121665 2.569308 0.0
-0.168858 -1.10227 2.576225 0.0
-0.165309 0.678331 2.516606 1.0
-0.298272 0.453047 2.775952 1.0
0.011312 0.250012 2.530579 1.0
-0.173642 0.414427 2.550635 0.33351118518518524
-0.135386 0.220559 2.759318 0.0
-0.334052 0.019427 2.70382 0.20227922222222228
-0.00439 -0.029771 2.460958 1.0
-0.080935 0.002336 2.700707 0.0
-0.396476 0.189615 2.699168 1.0
0.090258 0.363341 2.273947 1.0
-0.389726 -0.130472 2.66625 1.0
0.02711 0.489232 1.984553 1.0
-0.384987 -0.21584 2.638969 1.0
-0.038392 0.499268 1.924029 1.0000000000000002
-0.25517 -0.618502 2.651579 1.0
-0.006324 -0.61044 2.680375 1.0
-0.270682 -1.107845 2.737087 1.0
-0.017618 -1.103519 2.741648 1.0
-0.387311 -1.137397 2.546809 0.0
-0.15301 -1.122642 2.562805 0.0
-0.169873 0.68138 2.527443 1.0
-0.321715 0.417364 2.742811 1.0
0.040228 0.259768 2.527344 1.0
-0.168599 0.402733 2.532732 0.3940524814814816
-0.131411 0.206108 2.739015 0.0
-0.341062 -0.005844 2.702556 0.14707977777777778
0.016069 -0.037838 2.49881 1.0
-0.088978 -0.017338 2.728842 0.0
-0.412364 0.132769 2.723076 1.0
0.107761 0.309096 2.23993 1.0
-0.385671 -0.185245 2.636891 1.0
-0.041714 0.402828 1.960385 1.0
-0.375373 -0.269235 2.66679 0.610577
-0.077692 0.428497 1.882276 0.9737679241982513
-0.255501 -0.639161 2.658723 1.0
-0.006458 -0.632014 2.681291 1.0
-0.273138 -1.126828 2.752947 0.853606
-0.021686 -1.124125 2.749141 1.0
-0.37652 -1.161155 2.555931 0.0
-0.131814 -1.147595 2.554199 0.0
-0.16053 0.699512 2.554034 1.0
-0.312771 0.391443 2.681829 1.0
0.121601 0.294608 2.573626 1.0
-0.107121 0.408265 2.52303 0.41826900000000017
-0.099837 0.209323 2.730312 0.0
-0.340051 -0.00594 2.650588 0.12500000000000003
0.059264 -0.038277 2.552708 1.0
-0.1049 -0.017969 2.745081 0.0
-0.390754 0.104892 2.723722 1.0
0.120121 0.253974 2.276482 1.0
-0.394059 -0.210158 2.621595 1.0
-0.048527 0.310768 1.997144 1.0
-0.427377 -0.29348 2.622891 0.072115
-0.093607 0.32597 1.921045 0.9061167813411081
-0.256643 -0.637428 2.669662 1.0
-0.007245 -0.639958 2.685293 1.0
-0.281361 -1.130163 2.729751 1.0
-0.018229 -1.132927 2.7475 1.0
-0.336481 -1.153859 2.512768 0.0
-0.072036 -1.159114 2.530474 0.0
-0.150711 0.695729 2.561364 1.0
-0.322353 0.381393 2.679091 1.0
0.120975 0.332928 2.574805 1.0
-0.118932 0.418532 2.520874 0.40655746800000003
-0.090263 0.225937 2.732256 0.0
-0.338142 -0.001685 2.632788 0.15384600000000004
0.06777 -0.028576 2.565027 1.0
-0.110459 -0.008757 2.744503 0.0
-0.390371 0.094047 2.722235 1.0
0.152197 0.181786 2.319391 1.0
-0.388727 -0.21685 2.612926 1.0
-0.043544 0.198312 2.054777 1.0
-0.400989 -0.300579 2.583037 0.15625
-0.094306 0.200022 1.980786 0.8136141982507292
-0.258808 -0.63037 2.669314 1.0
-0.012469 -0.634589 2.682678 1.0
-0.279888 -1.120189 2.750808 1.0
-0.019064 -1.128193 2.740298 1.0
-0.319591 -1.154894 2.531946 0.0
-0.056808 -1.153428 2.519799 0.0
-0.174245 0.706303 2.575494 0.317308
-0.354945 0.358954 2.719838 1.0
0.080413 0.335223 2.579609 1.0
-0.16451 0.419431 2.552898 0.3747690240000001
-0.116443 0.205226 2.738378 0.0
-0.333244 0.010074 2.675034 0.14903850000000002
0.057715 -0.022312 2.547829 1.0
-0.092411 -0.010886 2.752038 0.0
-0.39876 0.072787 2.691383 1.0
0.213033 0.120136 2.435487 1.0
-0.373595 -0.231607 2.591825 1.0
0.012976 0.031741 2.200191 1.0
-0.393041 -0.315708 2.567262 0.072115
-0.041753 0.005305 2.134158 0.7128278017492714
-0.258892 -0.622315 2.663935 1.0
-0.015494 -0.624893 2.684513 1.0
-0.27473 -1.113668 2.736939 1.0
-0.021581 -1.118513 2.742058 1.0
-0.346238 -1.142783 2.525467 0.0
-0.092587 -1.142386 2.529762 0.0
-0.105653 0.616902 2.454971 1.0
-0.358908 0.36003 2.703518 1.0
0.084289 0.341531 2.589506 1.0
-0.160525 0.418368 2.5453 0.327922896
-0.118444 0.213256 2.742164 0.0
-0.339619 0.000796 2.664989 0.14423100000000005
0.057818 -0.008852 2.555309 1.0
-0.10161 -0.005378 2.752643 0.0
-0.401714 0.076964 2.690207 1.0
0.179647 0.080816 2.518298 1.0
-0.377452 -0.222685 2.591253 1.0
0.047607 -0.069121 2.27283 1.0
-0.396027 -0.306343 2.564594 0.038462
0.010465 -0.11256 2.203636 0.6203252186588925
-0.260518 -0.624286 2.665465 1.0
-0.01144 -0.62013 2.680046 1.0
-0.273035 -1.115799 2.73804 1.0
-0.063887 -1.0992 2.801497 0.781731
-0.335299 -1.145848 2.523794 0.0
-0.111526 -1.148355 2.587031 0.0
-0.086306 0.62112 2.452831 1.0
-0.361961 0.372502 2.702127 1.0
0.083484 0.337811 2.601433 1.0
-0.156519 0.425343 2.551152 0.271038312
-0.128951 0.215374 2.745445 0.0
-0.338837 -0.000872 2.66307 0.153846
0.057439 -0.016414 2.549922 1.0
-0.100064 -0.007181 2.748611 0.0
-0.398989 0.091534 2.684501 1.0
0.156846 0.064496 2.578164 1.0
-0.381969 -0.209911 2.599841 1.0
0.081085 -0.162163 2.375156 1.0
-0.341333 -0.286989 2.578345 0.930288
0.058872 -0.227165 2.317401 0.5526740758017494
-0.260936 -0.62737 2.669024 1.0
-0.012246 -0.624211 2.686592 1.0
-0.272169 -1.119369 2.738447 1.0
-0.023723 -1.117543 2.745758 1.0
-0.336359 -1.14808 2.524586 0.0
-0.084531 -1.141959 2.53038 0.0
-0.083266 0.636223 2.471722 1.0
-0.362946 0.389958 2.700997 1.0
0.085678 0.346947 2.619448 1.0
-0.149504 0.442413 2.561416 0.20913450000000006
-0.136152 0.225378 2.749339 0.0
-0.344027 0.013665 2.650756 0.163462
0.059587 -0.007125 2.568646 1.0
-0.112642 0.005578 2.75451 0.0
-0.399232 0.11095 2.673118 1.0
0.134386 0.071049 2.65749 1.0
-0.392629 -0.191917 2.597495 1.0
0.117565 -0.199986 2.503385 1.0
-0.351434 -0.267599 2.622589 0.391827
0.075043 -0.272464 2.534899 0.526442
-0.25656 -0.61493 2.66803 1.0
-0.011583 -0.614957 2.68521 1.0
-0.277061 -1.106468 2.738592 1.0
-0.014036 -1.108682 2.742115 1.0
-0.323517 -1.13587 2.520283 0.0
-0.058923 -1.13372 2.522936 0.0
-0.057487 0.662168 2.540263 0.471154
-0.36019 0.40201 2.717579 1.0
0.087274 0.360985 2.628941 1.0
-0.147356 0.462958 2.580544 0.1472306879999999
-0.134755 0.231962 2.751069 0.0
-0.350434 0.023571 2.651612 0.163462
0.054637 0.007101 2.575945 0.855769
-0.120755 0.015353 2.759082 0.0
-0.398969 0.126121 2.671547 1.0
0.13208 0.086669 2.678746 1.0
-0.401518 -0.182255 2.625258 1.0
0.104712 -0.211613 2.592006 1.0
-0.355309 -0.233384 2.567769 0.778846
0.060111 -0.278007 2.632713 1.0
-0.255535 -0.604815 2.6581 1.0
-0.013093 -0.602296 2.685593 1.0
-0.264032 -1.095288 2.73793 0.972356
-0.016096 -1.096253 2.740418 1.0
-0.306982 -1.130065 2.519693 0.0
-0.05671 -1.120436 2.520311 0.0
-0.072502 0.690305 2.566003 1.0
-0.359615 0.4059 2.719266 1.0
0.089232 0.36281 2.638998 1.0
-0.143361 0.468309 2.588381 0.09034610399999986
-0.136528 0.232831 2.753002 0.0
-0.350047 0.029463 2.651964 0.201923
0.05473 0.006375 2.576453 0.692308
-0.120576 0.017466 2.759523 0.0
-0.401422 0.133568 2.662773 1.0
0.120484 0.095072 2.719273 1.0
-0.39928 -0.173709 2.617509 1.0
0.104363 -0.1997 2.622721 1.0
-0.34978 -0.238305 2.579676 0.980769
0.04869 -0.266939 2.643547 1.0
-0.255583 -0.60076 2.662258 1.0
-0.012273 -0.600373 2.687283 1.0
-0.269323 -1.090968 2.742982 1.0
-0.012672 -1.093726 2.747377 1.0
-0.311959 -1.125721 2.52468 0.0
-0.053819 -1.120455 2.527664 0.0
-0.084679 0.70074 2.557509 1.0
-0.363538 0.398427 2.71702 1.0
0.087364 0.362344 2.64526 1.0
-0.14566 0.465039 2.590988 0.04349997599999994
-0.138729 0.228193 2.753631 0.0
-0.352139 0.033435 2.657839 0.192308
0.054133 0.004795 2.59302 0.557692
-0.125974 0.015433 2.771395 0.0
-0.410187 0.128471 2.655079 1.0
0.127609 0.104686 2.749578 1.0
-0.396671 -0.174474 2.589868 1.0
0.10705 -0.180028 2.628228 1.0
-0.348548 -0.250226 2.589471 0.576923
0.059418 -0.250943 2.655734 0.963942
-0.252615 -0.598879 2.66604 1.0
-0.012839 -0.601192 2.689585 1.0
-0.263818 -1.089179 2.746598 1.0
-0.018785 -1.09422 2.75201 1.0
-0.297485 -1.124518 2.526828 0.0
-0.05307 -1.121762 2.531222 0.0
-0.073112 0.693931 2.558814 1.0
-0.364895 0.407417 2.718259 1.0
0.087549 0.3735 2.655744 1.0
-0.144643 0.475874 2.59745 0.01171153200000002
-0.1403 0.237634 2.758135 0.0
-0.350302 0.033441 2.64605 0.230769
0.059122 0.009411 2.602767 0.509615
-0.130145 0.019798 2.771407 0.0
-0.402591 0.136619 2.656292 1.0
0.126615 0.110498 2.744601 1.0
-0.39949 -0.168121 2.601784 1.0
0.106539 -0.177494 2.632776 1.0
-0.343255 -0.234144 2.578696 0.711538
0.055957 -0.250181 2.647351 0.896635
-0.252422 -0.597056 2.667647 1.0
-0.013708 -0.599213 2.691265 1.0
-0.274322 -1.087068 2.747752 1.0
-0.013164 -1.092564 2.75137 1.0
-0.29867 -1.122115 2.526709 0.0
-0.036325 -1.119671 2.529086 0.0
-0.094384 0.698364 2.552536 1.0
-0.366545 0.408941 2.714002 1.0
0.086922 0.372779 2.660859 1.0
-0.143506 0.476292 2.597772 -5.09741693299759e-17
-0.143666 0.238055 2.75852 0.0
-0.349791 0.033955 2.641459 0.221154
0.061253 0.014553 2.614165 0.567308
-0.134566 0.022342 2.775298 0.0
-0.403082 0.137707 2.652939 1.0
0.124048 0.109028 2.748544 1.0
-0.395116 -0.166755 2.596945 1.0
0.104215 -0.171608 2.619139 1.0
-0.366079 -0.239416 2.552994 0.358173
0.060317 -0.244627 2.647345 0.896635
-0.254503 -0.595063 2.666604 1.0
-0.015674 -0.596657 2.693334 1.0
-0.261976 -1.087098 2.736276 1.0
-0.012948 -1.090068 2.752886 1.0
-0.278894 -1.118319 2.513969 0.0
-0.027286 -1.117067 2.529846 0.0
-0.093951 0.702253 2.561188 1.0
