-0.448926 0.308744 2.707387 1.0
-0.074455 0.320428 2.691271 1.0
-0.266404 0.370231 2.630158 0.0
-0.253909 0.17055 2.775705 -2.4819868382763846e-17
-0.454012 -0.044776 2.691044 0.298077
-0.061527 -0.04161 2.689667 0.528846
-0.257301 -0.049399 2.809813 0.0
-0.510992 0.031695 2.701454 1.0
-0.013712 0.043473 2.675485 1.0
-0.459308 -0.252655 2.622254 1.0
-0.049152 -0.250071 2.626752 1.0
-0.451496 -0.320024 2.598301 0.930288
-0.064254 -0.313209 2.595787 0.459135
-0.378671 -0.598147 2.708627 1.0
-0.135785 -0.593365 2.748747 1.0
-0.355335 -1.025282 2.752343 1.0
-0.240098 -1.007206 2.801236 1.0
-0.361926 -1.043584 2.577044 0.115385
-0.216836 -1.034963 2.628619 -1.3610890192694569e-17
-0.258222 0.587566 2.615001 0.793269
-0.449645 0.31173 2.710298 1.0
-0.075307 0.319549 2.689443 1.0
-0.267486 0.371487 2.630884 0.0
-0.25523 0.171357 2.775834 0.0017100221358384942
-0.456157 -0.048429 2.696376 0.346154
-0.063884 -0.050841 2.683246 0.625
-0.25606 -0.055512 2.80922 0.0
-0.509989 0.035454 2.698754 1.0
-0.012367 0.043935 2.676085 1.0
-0.464231 -0.250385 2.625272 1.0
-0.048218 -0.248849 2.629293 1.0
-0.461929 -0.319928 2.607057 0.627404
-0.059871 -0.316189 2.60687 0.610577
-0.377214 -0.604008 2.711608 1.0
-0.140082 -0.599553 2.755453 1.0
-0.354785 -1.031339 2.753856 1.0
-0.181073 -1.027201 2.773803 1.0
-0.365654 -1.049224 2.578727 0.153846
-0.180834 -1.034785 2.597591 0.018780000000000012
-0.263795 0.588531 2.611106 0.759615
-0.447018 0.312116 2.709003 1.0
-0.072576 0.321708 2.690933 1.0
-0.264555 0.37294 2.631111 0.0
-0.252448 0.17244 2.77556 0.006615823345210991
-0.453643 -0.044734 2.69026 0.259615
-0.061239 -0.052992 2.687532 0.605769
-0.256743 -0.055125 2.808349 0.0
-0.511625 0.036699 2.702581 1.0
-0.01176 0.045752 2.676113 1.0
-0.465727 -0.247354 2.622781 1.0
-0.04997 -0.246813 2.630225 1.0
-0.455468 -0.31447 2.599044 0.829327
-0.063209 -0.316185 2.616603 0.728365
-0.37882 -0.601619 2.713012 1.0
-0.141978 -0.60031 2.755203 1.0
-0.357607 -1.029054 2.754837 1.0
-0.211002 -1.024523 2.768607 1.0
-0.363841 -1.046526 2.57944 0.057692
-0.200572 -1.031779 2.592691 0.06009600000000001
-0.255395 0.589198 2.61541 0.798077
-0.446063 0.312183 2.705812 1.0
-0.071404 0.319093 2.691409 1.0
-0.262428 0.370745 2.628949 0.0
-0.253103 0.172173 2.776241 0.014381005830903706
-0.454646 -0.047108 2.690361 0.298077
-0.062302 -0.052365 2.680614 0.548077
-0.255571 -0.054565 2.804974 0.0
-0.509255 0.037205 2.698235 1.0
-0.012979 0.043405 2.675743 1.0
-0.46964 -0.249636 2.628521 1.0
-0.046911 -0.248622 2.628034 1.0
-0.45559 -0.315707 2.603812 0.762019
-0.060371 -0.317697 2.613174 0.694712
-0.376774 -0.603294 2.712295 1.0
-0.139376 -0.599367 2.75785 1.0
-0.36061 -1.031135 2.752188 1.0
-0.222065 -1.021021 2.774297 1.0
-0.36896 -1.047804 2.576802 0.057692
-0.210168 -1.030209 2.598563 0.10141199999999997
-0.263975 0.586438 2.605092 0.951923
-0.44559 0.30788 2.698542 1.0
-0.070798 0.318303 2.691683 1.0
-0.260993 0.367499 2.624862 0.0
-0.252779 0.170427 2.774221 0.024669171795702428
-0.457941 -0.047747 2.692388 0.394231
-0.065512 -0.050851 2.685581 0.586538
-0.259702 -0.055316 2.808435 0.0
-0.508963 0.032929 2.693129 1.0
-0.011539 0.042842 2.675784 1.0
-0.471143 -0.254855 2.62653 1.0
-0.053387 -0.248 2.627357 1.0
-0.459697 -0.319911 2.598068 0.846154
-0.053259 -0.318893 2.615211 0.610577
-0.377057 -0.603767 2.708486 1.0
-0.136789 -0.598541 2.757143 1.0
-0.359674 -1.030604 2.757559 1.0
-0.231678 -1.016959 2.785824 1.0
-0.36727 -1.051035 2.582536 0.134615
-0.213001 -1.033166 2.611191 0.12019200000000003
-0.262867 0.58597 2.61206 0.932692
-0.446998 0.307747 2.696118 1.0
-0.072222 0.319142 2.689954 1.0
-0.262405 0.367014 2.622143 0.0
-0.253973 0.171738 2.77383 0.03714392344239284
-0.455993 -0.042051 2.689862 0.336538
-0.063683 -0.053507 2.6856 0.548077
-0.258722 -0.053997 2.807184 0.0
-0.507139 0.031524 2.693526 1.0
-0.00958 0.044058 2.67186 1.0
-0.471306 -0.255722 2.621402 1.0
-0.052814 -0.248241 2.630767 1.0
-0.456238 -0.320774 2.59467 1.0
-0.063586 -0.315617 2.608012 0.661058
-0.375304 -0.6007 2.708461 1.0
-0.14213 -0.599531 2.753531 1.0
-0.356728 -1.026556 2.765039 1.0
-0.222758 -1.019982 2.793791 1.0
-0.363466 -1.050057 2.590367 0.153846
-0.209598 -1.039245 2.618965 0.08173099999999998
-0.255239 0.591072 2.606941 0.817308
-0.449183 0.31085 2.697937 1.0
-0.074364 0.319142 2.689771 1.0
-0.264502 0.368286 2.622749 0.0
-0.256872 0.17359 2.775222 0.05146886297376098
-0.457392 -0.044113 2.687047 0.326923
-0.064957 -0.046826 2.693655 0.596154
-0.263239 -0.053401 2.809689 0.0
-0.512282 0.034462 2.695726 1.0
-0.014385 0.042237 2.679644 1.0
-0.467214 -0.251047 2.618554 1.0
-0.05091 -0.250901 2.632336 1.0
-0.456796 -0.317225 2.592376 0.896635
-0.066593 -0.312819 2.599267 0.560096
-0.372555 -0.600217 2.707531 1.0
-0.134317 -0.595991 2.748644 1.0
-0.354017 -1.026943 2.757143 1.0
-0.228107 -1.014416 2.780647 1.0
-0.355114 -1.047359 2.581957 0.096154
-0.203085 -1.0333 2.60708 0.08564833333333334
-0.256982 0.588143 2.608239 0.774038
-0.449222 0.313454 2.699388 1.0
-0.074387 0.31993 2.690346 1.0
-0.264439 0.37151 2.624929 0.0
-0.257443 0.173548 2.773169 0.06730759259259253
-0.454936 -0.044173 2.686189 0.307692
-0.06253 -0.051071 2.691273 0.461538
-0.260401 -0.05449 2.808141 0.0
-0.506619 0.034599 2.693332 1.0
-0.011508 0.042698 2.673605 1.0
-0.472304 -0.255562 2.623139 1.0
-0.054384 -0.251284 2.628504 1.0
-0.456121 -0.319874 2.595293 0.930288
-0.059465 -0.317278 2.600357 0.677885
-0.375663 -0.601062 2.709979 1.0
-0.133215 -0.598428 2.751488 1.0
-0.359104 -1.02812 2.757381 1.0
-0.264922 -1.005306 2.796247 1.0
-0.36105 -1.047651 2.582102 0.057692
-0.225024 -1.0368 2.627355 0.09544166666666665
-0.265715 0.587949 2.612844 0.8125
-0.451301 0.311633 2.693529 1.0
-0.076422 0.320785 2.690981 1.0
-0.265654 0.369899 2.621422 0.0
-0.25985 0.174351 2.772881 0.08432371450167367
-0.458144 -0.04431 2.690707 0.307692
-0.065674 -0.047569 2.687108 0.557692
-0.260878 -0.05363 2.808275 0.0
-0.511824 0.031481 2.695659 1.0
-0.015515 0.042041 2.663689 1.0
-0.47104 -0.259408 2.623548 1.0
-0.057126 -0.254645 2.622145 1.0
-0.457186 -0.323856 2.594774 0.694712
-0.06629 -0.317518 2.588436 0.543269
-0.375371 -0.600533 2.706076 1.0
-0.131681 -0.595802 2.747741 1.0
-0.36204 -1.027578 2.7546 1.0
-0.274954 -0.997028 2.805974 1.0
-0.367491 -1.047649 2.579455 0.076923
-0.231103 -1.0368 2.639831 0.10817300000000003
-0.272462 0.590419 2.606057 0.778846
-0.453205 0.310358 2.684278 1.0
-0.078518 0.32046 2.695817 1.0
-0.2651 0.368561 2.618791 0.0
-0.264572 0.174171 2.771842 0.10218083090379003
-0.464171 -0.042824 2.684308 0.413462
-0.071882 -0.043445 2.697155 0.451923
-0.271945 -0.05225 2.809939 0.0
-0.51684 0.031267 2.686333 1.0
-0.021768 0.040683 2.67462 1.0
-0.474835 -0.259263 2.615083 1.0
-0.060089 -0.255354 2.628336 1.0
-0.452816 -0.324044 2.592902 1.0
-0.070715 -0.320232 2.599159 0.59375
-0.377257 -0.598185 2.70919 1.0
-0.131286 -0.592804 2.743049 1.0
-0.370649 -1.024882 2.761972 1.0
-0.295532 -0.977218 2.843791 1.0
-0.36764 -1.046485 2.586951 0.076923
-0.231112 -1.044046 2.693817 0.12090433333333336
-0.277096 0.588296 2.599087 0.942308
-0.454214 0.309421 2.68284 1.0
-0.079675 0.325552 2.692114 1.0
-0.267426 0.369929 2.615695 0.0
-0.262958 0.177112 2.770659 0.12054254400172766
-0.467471 -0.041554 2.694364 0.384615
-0.07519 -0.037385 2.68194 0.528846
-0.267475 -0.046514 2.807501 0.0
-0.514623 0.030256 2.67937 1.0
-0.021751 0.047105 2.665539 1.0
-0.472183 -0.262085 2.619426 1.0
-0.057457 -0.249315 2.62409 1.0
-0.459001 -0.331241 2.604693 1.0
-0.070087 -0.315475 2.598857 0.661058
-0.377654 -0.595896 2.707361 1.0
-0.136749 -0.588268 2.741245 1.0
-0.368164 -1.023137 2.755065 1.0
-0.275008 -0.981089 2.848372 1.0
-0.376502 -1.04287 2.579996 0.096154
-0.234219 -1.039451 2.687008 0.1306976666666667
-0.277075 0.586891 2.595926 1.0
-0.461394 0.306339 2.674161 1.0
-0.087125 0.327975 2.683084 1.0
-0.275297 0.365791 2.604213 0.0
-0.268564 0.181356 2.768988 0.1390724559982723
-0.467015 -0.046054 2.685426 0.432692
-0.074522 -0.047764 2.686924 0.634615
-0.271263 -0.055916 2.805453 0.0
-0.517586 0.025041 2.660956 1.0
-0.019409 0.050581 2.652628 1.0
-0.470626 -0.269211 2.605886 1.0
-0.060901 -0.248368 2.625604 1.0
-0.457048 -0.337597 2.588213 0.879808
-0.073362 -0.309611 2.590005 1.0
-0.378126 -0.601445 2.714338 1.0
-0.140948 -0.594302 2.758639 1.0
-0.361127 -1.029317 2.753535 1.0
-0.204197 -1.018295 2.792254 1.0
-0.362917 -1.045477 2.577911 0.057692
-0.190317 -1.034248 2.617151 0.13461500000000004
-0.275794 0.585828 2.580708 1.0
-0.463842 0.306557 2.66757 1.0
-0.089351 0.324851 2.674415 1.0
-0.277383 0.360524 2.594222 0.0
-0.271966 0.184591 2.768093 0.15743416909620994
-0.460043 -0.047042 2.684834 0.673077
-0.067699 -0.039342 2.692824 0.576923
-0.266107 -0.052934 2.80803 0.0
-0.515868 0.022223 2.647371 1.0
-0.023202 0.044119 2.646586 1.0
-0.477582 -0.274814 2.585755 1.0
-0.058331 -0.254333 2.590145 1.0
-0.458923 -0.344277 2.585853 1.0
-0.073605 -0.318139 2.56067 0.947115
-0.375539 -0.598017 2.725654 1.0
-0.138017 -0.589199 2.763756 1.0
-0.353483 -1.026722 2.750668 1.0
-0.224825 -1.009421 2.791649 1.0
-0.352516 -1.036946 2.574592 0.0865385
-0.201735 -1.025746 2.617555 0.13311265625000007
-0.285258 0.579363 2.55289 0.990385
-0.466308 0.301352 2.654706 1.0
-0.09172 0.317788 2.660945 1.0
-0.279493 0.350445 2.578881 0.0
-0.275209 0.183523 2.76145 0.1752912854983263
-0.454823 -0.045492 2.688656 0.403846
-0.062437 -0.039209 2.695712 0.413462
-0.260718 -0.046237 2.811722 0.0
-0.518486 0.01379 2.633438 1.0
-0.023344 0.035013 2.625873 1.0
-0.481661 -0.28145 2.549218 1.0
-0.054775 -0.265042 2.558085 1.0
-0.462538 -0.350243 2.540549 0.947115
-0.078127 -0.330204 2.538544 0.879808
-0.38247 -0.59623 2.730208 1.0
-0.149275 -0.589766 2.775121 1.0
-0.349342 -1.023916 2.759994 1.0
-0.234506 -1.010129 2.805618 1.0
-0.352312 -1.036398 2.584086 0.11538500000000002
-0.216599 -1.026435 2.630914 0.12980750000000002
-0.282948 0.565764 2.517832 0.884615
-0.465616 0.281969 2.617559 1.0
-0.090955 0.296899 2.623106 1.0
-0.277982 0.313597 2.53478 0.0
-0.276074 0.186786 2.747213 0.19230740740740743
-0.453852 -0.059441 2.69976 0.548077
-0.062125 -0.052546 2.723382 0.5
-0.265211 -0.054698 2.830965 0.0
-0.503125 -0.010788 2.584755 1.0
-0.026478 0.00966 2.584039 1.0
-0.465893 -0.311347 2.504253 1.0
-0.070374 -0.294075 2.520628 1.0
-0.455961 -0.382557 2.502281 0.745192
-0.100673 -0.353145 2.492951 1.0
-0.382264 -0.609306 2.756468 1.0
-0.139544 -0.602626 2.80132 1.0
-0.35741 -1.038452 2.745697 1.0
-0.256809 -1.016312 2.804925 1.0
-0.350461 -1.033628 2.569525 0.019231
-0.21536 -1.029551 2.634001 0.12650234375000002
-0.285021 0.538909 2.464048 0.855769
-0.46472 0.261124 2.59844 1.0
-0.090017 0.275771 2.601264 1.0
-0.277255 0.282465 2.512064 0.0
-0.275002 0.181295 2.737834 0.208146137026239
-0.452548 -0.066829 2.718966 0.528846
-0.06019 -0.064444 2.729232 0.5
-0.259543 -0.056638 2.843337 0.0
-0.494522 -0.034027 2.556758 1.0
-0.034504 -0.016504 2.566143 1.0
-0.455484 -0.338796 2.482461 1.0
-0.081652 -0.320378 2.492893 1.0
-0.432682 -0.405838 2.469864 1.0
-0.110665 -0.384791 2.479383 1.0
-0.385563 -0.617683 2.77043 1.0
-0.146162 -0.613186 2.81819 1.0
-0.355792 -1.045861 2.744397 1.0
-0.239924 -1.031204 2.781185 1.0
-0.356526 -1.035208 2.568346 0.134615
-0.21234 -1.021992 2.607224 0.125
-0.284213 0.49054 2.41599 0.903846
-0.462314 0.209667 2.552058 1.0
-0.088036 0.22566 2.568938 1.0
-0.270892 0.210877 2.471961 0.0
-0.279889 0.165004 2.714916 0.22247107655760717
-0.457779 -0.101532 2.720218 0.480769
-0.067759 -0.08183 2.759624 0.403846
-0.27596 -0.059409 2.854347 0.0
-0.47713 -0.090849 2.520164 1.0
-0.049034 -0.072048 2.531578 1.0
-0.431357 -0.399047 2.450456 1.0
-0.094083 -0.383345 2.476762 1.0
-0.40692 -0.465071 2.43573 1.0
-0.123338 -0.44774 2.463692 1.0
-0.379748 -0.642809 2.799862 1.0
-0.153033 -0.633716 2.840932 1.0
-0.352026 -1.067063 2.735514 1.0
-0.248463 -1.050095 2.79172 1.0
-0.337444 -1.039773 2.561874 0.019231000000000005
-0.207069 -1.039358 2.620608 0.1262394765625
-0.286108 0.407292 2.334749 0.995192
-0.480268 0.157356 2.515122 1.0
-0.107248 0.191517 2.532823 1.0
-0.287796 0.154074 2.437642 0.0
-0.298819 0.146423 2.68469 0.23494582820429757
-0.465052 -0.120123 2.730437 0.163462
-0.073945 -0.103637 2.759066 0.259615
-0.279533 -0.061082 2.852583 0.0
-0.464529 -0.1461 2.503101 1.0
-0.055097 -0.107609 2.516069 1.0
-0.415855 -0.457416 2.442359 1.0
-0.097494 -0.423596 2.479584 1.0
-0.383927 -0.51999 2.426918 1.0
-0.119358 -0.490244 2.463665 1.0
-0.376617 -0.655513 2.81746 1.0
-0.143196 -0.645063 2.85802 1.0
-0.362717 -1.072826 2.714714 1.0
-0.320082 -1.031107 2.790332 1.0
-0.351283 -1.03039 2.543902 0.016827
-0.223208 -1.049862 2.644141 0.1295071875
-0.252243 0.336786 2.292644 1.0
-0.467134 0.097782 2.504349 1.0
-0.093384 0.125591 2.517115 1.0
-0.275059 0.079821 2.427902 0.0
-0.285372 0.105559 2.673756 0.24523399416909628
-0.477264 -0.147525 2.728498 0.153846
-0.087645 -0.141855 2.775633 0.18269200000000008
-0.295107 -0.074676 2.848226 0.0
-0.454582 -0.207073 2.492502 1.0
-0.062232 -0.178016 2.507778 1.0
-0.398124 -0.520403 2.442943 1.0
-0.110368 -0.494909 2.474892 1.0
-0.365926 -0.583085 2.428532 1.0
-0.143095 -0.555992 2.455628 1.0
-0.33615 -0.673324 2.838985 1.0
-0.113737 -0.652066 2.924375 0.16153799999999996
-0.367765 -1.084348 2.716674 1.0
-0.310393 -0.941809 2.674824 0.984856
-0.336643 -1.037036 2.549638 0.014423000000000009
-0.217284 -1.070718 2.751122 0.1341270546875
-0.242921 0.230378 2.231822 1.0
-0.443725 0.00424 2.483805 1.0
-0.071778 0.035062 2.520279 1.0
-0.246842 -0.017068 2.421818 0.0
-0.273971 0.023233 2.664413 0.2529991766547889
-0.49503 -0.204643 2.705425 0.125
-0.132089 -0.238617 2.850945 0.11538449999999999
-0.340177 -0.141808 2.863208 0.0
-0.438107 -0.302421 2.490153 1.0
-0.073478 -0.27092 2.498252 1.0
-0.378711 -0.619919 2.468574 1.0
-0.126981 -0.590164 2.493946 1.0
-0.353556 -0.685768 2.454276 1.0
-0.152546 -0.656608 2.4837 1.0
-0.310778 -0.71605 2.878928 1.0
-0.063712 -0.658396 3.030522 0.15949187199999998
-0.384258 -1.108922 2.720334 0.18485600000000002
-0.297805 -0.82172 2.708923 0.956731
-0.221001 -1.112552 2.653686 0.014360633818843874
-0.227598 -0.980775 2.738595 0.13942300000000002
-0.25127 0.111503 2.228511 1.0
-0.439134 -0.050014 2.467646 1.0
-0.06762 -0.023457 2.511203 1.0
-0.241287 -0.080628 2.413067 0.0
-0.273551 -0.018458 2.650357 0.25790497786416156
-0.487205 -0.24573 2.683803 0.6250000000000002
-0.128954 -0.273983 2.841645 0.04807700000000004
-0.336434 -0.175115 2.842246 0.0
-0.429617 -0.356613 2.48933 1.0
-0.077268 -0.330677 2.501912 1.0
-0.37091 -0.675758 2.488949 1.0
-0.128451 -0.651103 2.504626 1.0
-0.345619 -0.742666 2.481397 1.0
-0.155822 -0.717545 2.501521 1.0
-0.411368 -0.752945 2.931038 0.7000000000000002
-0.146869 -0.663957 3.138495 0.15393809599999994
-0.384498 -1.119664 2.708113 0.19745599999999996
-0.317492 -0.772718 2.759076 1.0
-0.249723 -1.171389 2.809447 0.014180100136549844
-0.292262 -0.943199 2.796598 0.1447189453125
-0.274658 0.022476 2.211362 1.0
-0.442203 -0.100808 2.471312 1.0
-0.070288 -0.06381 2.501898 1.0
-0.245027 -0.139799 2.419731 0.0
-0.273793 -0.033986 2.641516 0.25961500000000004
-0.485582 -0.30412 2.684676 0.34615399999999985
-0.11086 -0.288231 2.800378 0.06588329629629631
-0.324492 -0.204752 2.815055 0.0
-0.421813 -0.403943 2.498827 1.0
-0.081537 -0.368667 2.501773 1.0
-0.369016 -0.7215 2.498853 1.0
-0.124751 -0.687303 2.517042 1.0
-0.349132 -0.790411 2.504266 1.0
-0.146918 -0.755542 2.522076 1.0
-0.538895 -0.729397 3.018068 0.6831688804664723
-0.155581 -0.668422 3.156729 0.14575358399999994
-0.425368 -1.133891 2.926437 0.23165600000000003
-0.385916 -0.782558 2.812028 0.841106
-0.556049 -1.193726 3.028664 0.013891246244879385
-0.392892 -0.948419 2.871608 0.14933881250000006
-0.273027 -0.011613 2.214842 1.0
-0.436992 -0.165611 2.484939 1.0
-0.069469 -0.097604 2.51539 1.0
-0.236422 -0.196092 2.441323 0.0
-0.277655 -0.065542 2.647403 0.1875
-0.421898 -0.33662 2.739786 0.06730799999999999
-0.052819 -0.279053 2.860297 0.11039903703703705
-0.2742 -0.218065 2.869988 0.0
-0.41692 -0.465628 2.511192 1.0
-0.082263 -0.399096 2.508983 1.0
-0.371405 -0.779829 2.536721 1.0
-0.115608 -0.714943 2.532934 1.0
-0.358632 -0.850142 2.544852 1.0
-0.13976 -0.781994 2.54264 1.0
-0.476532 -0.649207 3.190682 0.6397623090379009
-0.135664 -0.697643 3.200684 0.135815248
-0.520017 -1.038841 3.367303 0.28205600000000003
-0.347558 -0.797931 2.840207 1.0
-0.453168 -1.112357 3.221582 0.013503919435593996
-0.365481 -0.96397 2.896936 0.15260652343749997
-0.272667 -0.093199 2.233081 0.975962
-0.432011 -0.201198 2.499929 1.0
-0.062432 -0.139865 2.516493 1.0
-0.234193 -0.232073 2.445394 0.0
-0.263734 -0.11193 2.659649 0.2596150000000001
-0.423366 -0.338526 2.791642 0.30911703703703697
-0.043008 -0.287166 2.873779 0.16826950000000007
-0.259809 -0.213584 2.893924 0.0
-0.417214 -0.499524 2.527218 1.0
-0.084084 -0.439009 2.514043 1.0
-0.372341 -0.811417 2.556958 1.0
-0.125525 -0.747154 2.573242 1.0
-0.352758 -0.880552 2.553768 1.0
-0.147969 -0.779855 2.633244 1.0
-0.47525 -0.602301 3.264762 0.5804104664723034
-0.151234 -0.734115 3.179149 0.12499999999999996
-0.528257 -0.983643 3.456253 0.34325600000000006
-0.363736 -0.748899 2.805619 1.0
-0.474488 -1.064933 3.309252 0.013027967000455174
-0.396463 -0.920339 2.831024 0.153846
-0.27436 -0.169354 2.251611 1.0
-0.416998 -0.273637 2.548784 1.0
-0.073612 -0.127145 2.513412 1.0
-0.236596 -0.239917 2.451946 0.0
-0.234916 -0.185576 2.693311 0.25285421875
-0.408226 -0.437245 2.811661 0.7581909629629631
-0.034226 -0.333917 2.870851 0.22613996296296296
-0.256987 -0.277992 2.879394 0.0
-0.41124 -0.571233 2.530264 1.0
-0.084705 -0.424694 2.530183 1.0
-0.372491 -0.877502 2.591374 1.0
-0.144088 -0.697034 2.676269 1.0
-0.367833 -0.941365 2.624133 1.0
-0.170195 -0.756596 2.706996 1.0
-0.442456 -0.645803 3.3037 0.515743533527697
-0.164901 -0.779259 3.182833 0.11418475199999994
-0.536277 -1.020103 3.493429 0.40985600000000005
-0.39519 -0.63089 2.851391 1.0
-0.441861 -1.105607 3.371433 0.012473236231224401
-0.484019 -0.783128 2.844961 0.15021880521262004
-0.269124 -0.211825 2.244805 1.0
-0.427275 -0.229924 2.513974 1.0
-0.076878 -0.09653 2.506705 1.0
-0.247771 -0.179295 2.42301 0.0
-0.236627 -0.195127 2.669663 0.2379805
-0.412499 -0.527679 2.755951 1.0000000000000002
-0.033508 -0.43421 2.797007 0.27065570370370373
-0.253707 -0.36881 2.80462 0.0
-0.417268 -0.52536 2.528646 1.0
-0.079859 -0.392411 2.513312 1.0
-0.376343 -0.828367 2.592325 1.0
-0.111333 -0.701493 2.545259 1.0
-0.366251 -0.891244 2.625761 1.0
-0.127512 -0.771351 2.550866 1.0
-0.40955 -0.775916 3.225661 0.4563916909620994
-0.160398 -0.800082 3.205143 0.10424641600000001
-0.545901 -1.053351 3.524557 0.47645600000000016
-0.378737 -0.718795 2.843729 1.0
-0.495527 -1.188078 3.422482 0.011849574419663176
-0.471864 -0.866808 2.866699 0.1404979231824417
-0.242315 -0.115864 2.214899 0.615385
-0.435978 -0.201836 2.509511 1.0
-0.092667 -0.05099 2.506771 1.0
-0.251971 -0.15603 2.425235 0.0
-0.260864 -0.131323 2.671249 0.22310678125000008
-0.404559 -0.440406 2.712734 0.8080483333333335
-0.034095 -0.33962 2.794316 0.28846200000000016
-0.258818 -0.299584 2.82114 0.0
-0.419982 -0.495984 2.515644 1.0
-0.08319 -0.345481 2.505604 1.0
-0.377121 -0.80162 2.553366 1.0
-0.109871 -0.653306 2.540323 1.0
-0.361239 -0.85964 2.592797 0.846154
-0.125508 -0.720022 2.562178 1.0
-0.399785 -0.794887 3.117486 0.4129851195335278
-0.157824 -0.762433 3.160866 0.096061904
-0.522085 -1.009524 3.469444 0.5376559999999999
-0.365368 -0.710046 2.78793 1.0
-0.48098 -1.161939 3.390779 0.011166828857533003
-0.444087 -0.86636 2.80978 0.1264244074074074
-0.239512 -0.094254 2.203446 1.0
-0.426481 -0.144023 2.496214 1.0
-0.053621 -0.120753 2.528763 1.0
-0.230592 -0.178259 2.436927 0.0
-0.255498 -0.109975 2.673421 0.2163460000000001
-0.45446 -0.397775 2.70741 0.45156666666666656
-0.069842 -0.393295 2.785547 0.009615
-0.28267 -0.32887 2.843657 0.0
-0.424525 -0.436829 2.515573 1.0
-0.08407 -0.411346 2.501508 1.0
-0.389427 -0.742773 2.548096 1.0
-0.118219 -0.716764 2.539522 1.0
-0.370888 -0.812265 2.548853 1.0
-0.138379 -0.785776 2.537475 1.0
-0.465576 -0.855991 3.015322 0.3961540000000001
-0.108541 -0.831191 3.090081 0.09050812800000002
-0.143073 -1.138895 3.044611 0.5880560000000001
-0.176754 -1.202557 3.295834 0.8565204687500001
-0.251304 -1.254188 3.122723 0.010434846836595362
-0.116643 -1.291228 3.155719 0.10973931138545948
-0.245236 0.078445 2.304696 0.850962
-0.436529 -0.072508 2.497773 1.0
-0.061968 -0.073786 2.515858 1.0
-0.245361 -0.105299 2.424025 0.0
-0.257135 -0.0789 2.669742 0.21418826460411164
-0.466099 -0.357949 2.69195 0.259615
-0.081719 -0.394218 2.762607 0.05769200000000001
-0.288087 -0.321167 2.832597 0.0
-0.430156 -0.364253 2.503778 1.0
-0.078503 -0.364645 2.497976 1.0
-0.39387 -0.669691 2.519744 1.0
-0.121338 -0.668232 2.527359 1.0
-0.378909 -0.739922 2.52388 1.0
-0.133858 -0.739057 2.526668 1.0
-0.538877 -0.806855 2.995242 0.3848622390670555
-0.175119 -0.844852 3.044536 0.088462
-0.133636 -0.949774 2.979296 0.6222559999999999
0.0127 -0.462556 2.9856 0.5408655000000002
-0.180871 -1.093774 3.069524 0.009663475648611749
0.131457 -0.501725 3.109981 0.09218368861454049
-0.224866 0.171433 2.310735 0.235577
-0.446763 -0.023675 2.500583 1.0
-0.072067 -0.013435 2.511693 1.0
-0.256432 -0.032511 2.418391 0.0
-0.263013 -0.058543 2.664341 0.20806734174638725
-0.464343 -0.314527 2.70146 0.3125
-0.075286 -0.339223 2.747076 0.0673075
-0.278337 -0.268709 2.828445 0.0
-0.437805 -0.317467 2.503879 1.0
-0.072804 -0.306822 2.493575 1.0
-0.401008 -0.62456 2.527424 1.0
-0.111554 -0.614151 2.509764 1.0
-0.386833 -0.69506 2.525936 1.0
-0.13719 -0.681268 2.506386 1.0
-0.503264 -0.780071 2.985588 0.35574138192419835
-0.234477 -0.852629 2.914387 1.0
-0.228874 -1.11091 2.973101 0.634856
-0.174383 -1.19016 3.173928 0.22521053125000035
-0.347422 -1.212335 3.055366 0.008862562585343651
-0.179009 -1.298152 3.034556 0.07549859259259262
-0.253293 0.231968 2.31129 0.182692
-0.449546 0.034019 2.505959 1.0
-0.074621 0.040561 2.509639 1.0
-0.260828 0.013532 2.422141 0.0
-0.263288 0.015369 2.669534 0.19851165642173838
-0.465064 -0.251784 2.707815 0.36538500000000007
-0.074243 -0.268432 2.740034 0.076923
-0.275158 -0.195175 2.824235 0.0
-0.449218 -0.262975 2.512015 1.0
-0.067288 -0.256272 2.500781 1.0
-0.409997 -0.573398 2.530969 1.0
-0.109411 -0.566748 2.510332 1.0
-0.392933 -0.643228 2.52853 1.0
-0.140889 -0.630953 2.502581 1.0
-0.508509 -0.703571 3.000208 0.3159230670553937
-0.283561 -0.78406 2.866647 1.0
-0.319378 -1.088697 2.97179 0.7692310000000004
-0.183913 -1.113727 3.124115 0.08173100000000005
-0.459273 -1.163113 3.049248 0.008041954938552575
-0.234833 -1.226958 2.998839 0.06142507681755831
-0.252765 0.213095 2.257903 0.894231
-0.456975 0.104393 2.524774 1.0
-0.082232 0.118255 2.525244 1.0
-0.26906 0.099616 2.436885 0.0
-0.268173 0.067326 2.682179 0.18604963362507645
-0.461587 -0.194245 2.73105 0.307692
-0.071776 -0.22043 2.768703 0.548077
-0.273364 -0.153509 2.856491 0.0
-0.469174 -0.195896 2.535764 1.0
-0.057175 -0.180967 2.508478 1.0
-0.421982 -0.50968 2.540585 1.0
-0.11018 -0.493835 2.504611 1.0
-0.399136 -0.572903 2.566162 0.879808
-0.125809 -0.563239 2.494021 1.0
-0.499461 -0.656398 3.019072 0.2725389329446065
-0.283296 -0.743489 2.855914 1.0
-0.406766 -1.076259 3.014086 0.7157587777777779
-0.331373 -1.137058 3.022323 1.0
-0.5727 -1.112327 2.96641 0.007211499999999998
-0.335705 -1.205276 2.859732 0.05170419478737999
-0.264237 0.246951 2.291179 1.0
-0.458684 0.152034 2.533568 1.0
-0.083813 0.161542 2.531055 1.0
-0.271727 0.152156 2.443534 0.0
-0.268791 0.100355 2.685444 0.17120969835131294
-0.463561 -0.151135 2.732275 0.298077
-0.072478 -0.17477 2.755763 0.538462
-0.271765 -0.115755 2.85387 0.0
-0.485508 -0.147332 2.555719 1.0
-0.052699 -0.13784 2.515821 1.0
-0.435679 -0.461367 2.549299 1.0
-0.104492 -0.451569 2.509993 1.0
-0.407766 -0.52748 2.554121 0.8125
-0.12067 -0.520953 2.50012 0.913462
-0.497562 -0.622679 2.999066 0.23272061807580194
-0.28677 -0.699275 2.858997 1.0
-0.41441 -1.044273 3.014698 0.5820782222222225
-0.360242 -1.10739 2.745222 1.0
-0.542592 -1.07391 2.897228 0.006381045061447423
-0.348896 -1.062022 2.575159 0.04807700000000003
-0.268123 0.328086 2.320867 1.0
-0.464556 0.191707 2.542208 1.0
-0.089654 0.200211 2.541224 1.0
-0.277365 0.197152 2.452825 0.0
-0.275209 0.129612 2.69083 0.15452027559535939
-0.476329 -0.117853 2.709648 0.278846
-0.085792 -0.147811 2.734938 0.682692
-0.28492 -0.089182 2.833597 0.0
-0.499621 -0.106245 2.571139 1.0
-0.04595 -0.098001 2.540055 1.0
-0.451799 -0.420486 2.560113 1.0
-0.105381 -0.409087 2.510909 1.0
-0.431762 -0.4889 2.569672 0.644231
-0.11914 -0.477228 2.492449 0.778846
-0.511283 -0.599562 2.962194 0.20359976093294463
-0.298923 -0.670072 2.850485 1.0
-0.419976 -1.016768 3.012219 0.4082935000000002
-0.391505 -1.05599 2.684967 1.0
-0.519171 -1.055341 2.871575 0.0055604374146563515
-0.363543 -0.993056 2.522592 0.047131040509259294
-0.270662 0.401245 2.361679 1.0
-0.46814 0.23703 2.563379 1.0
-0.093458 0.251448 2.568908 1.0
-0.280124 0.260221 2.478695 0.0
-0.279335 0.154014 2.70215 0.1365097903521271
-0.47251 -0.096258 2.687074 0.673077
-0.08087 -0.112657 2.707222 0.644231
-0.281113 -0.069604 2.811491 0.0
-0.514819 -0.057565 2.596853 1.0
-0.039281 -0.043765 2.568823 1.0
-0.453141 -0.367824 2.581076 1.0
-0.091296 -0.354668 2.538039 1.0
-0.397379 -0.383381 2.62376 1.0
-0.114973 -0.42258 2.538796 0.778846
-0.516617 -0.591599 2.887504 0.192308
-0.27374 -0.644814 2.821254 1.0
-0.426087 -0.994407 3.007711 0.23450877777777793
-0.380908 -1.053613 2.741894 1.0
-0.502603 -1.055396 2.860968 0.004759524351388259
-0.36853 -1.023217 2.5686 0.04451574074074078
-0.275606 0.474696 2.410896 1.0
-0.469437 0.266206 2.589849 1.0
-0.094549 0.273924 2.584848 1.0
-0.283648 0.295231 2.502101 0.0
-0.278173 0.165894 2.712944 0.1177066676165276
-0.475851 -0.076713 2.675223 0.413462
-0.083592 -0.089459 2.680401 0.567308
-0.280677 -0.064489 2.795973 0.0
-0.529624 -0.024469 2.621634 1.0
-0.035786 -0.018748 2.581046 1.0
-0.472838 -0.332111 2.584551 1.0
-0.08418 -0.32865 2.551684 1.0
-0.473559 -0.400382 2.607175 0.274038
-0.104213 -0.397244 2.559857 0.711538
-0.439956 -0.622139 2.770222 1.0
-0.213888 -0.625135 2.816489 1.0
-0.429231 -0.983411 3.003175 0.10082822222222233
-0.386891 -1.013422 2.751659 1.0
-0.455678 -1.078466 2.856979 0.003988153163404647
-0.318085 -1.01697 2.589298 0.04056496875000003
-0.278578 0.520978 2.443393 1.0
-0.472119 0.285971 2.59752 1.0
-0.097189 0.290318 2.603277 1.0
-0.283736 0.319268 2.51713 0.0
-0.285158 0.175353 2.718374 0.09863933238347246
-0.478262 -0.068825 2.666503 0.644231
-0.085778 -0.070948 2.663671 0.605769
-0.281099 -0.058405 2.784151 0.0
-0.529176 -0.001917 2.643965 1.0
-0.037421 -0.000632 2.595055 1.0
-0.476636 -0.308703 2.606041 1.0
-0.079562 -0.309802 2.564164 1.0
-0.452404 -0.375397 2.594292 0.846154
-0.098665 -0.377715 2.550156 0.711538
-0.379775 -0.623106 2.72115 1.0
-0.150247 -0.612306 2.775533 1.0
-0.425003 -0.959738 2.984841 0.04735600000000009
-0.370603 -0.981362 2.787428 1.0
-0.425127 -1.068491 2.845985 0.003256171142467001
-0.260646 -1.050854 2.668312 0.035612592592592626
-0.282346 0.542079 2.474425 1.0
-0.476127 0.302457 2.613609 1.0
-0.101355 0.308206 2.62534 1.0
-0.2867 0.33961 2.537474 0.0
-0.290498 0.188125 2.733052 0.07983620964787302
-0.465219 -0.049381 2.655558 0.307692
-0.072721 -0.050448 2.654943 0.673077
-0.268782 -0.049714 2.77487 0.0
-0.528932 0.0188 2.669187 1.0
-0.032231 0.022654 2.62988 1.0
-0.487809 -0.282981 2.611062 1.0
-0.073851 -0.280853 2.582002 1.0
-0.479849 -0.351588 2.590988 0.425481
-0.099661 -0.342294 2.554943 0.711538
-0.391988 -0.603522 2.685446 1.0
-0.156153 -0.596238 2.750625 1.0
-0.422558 -0.933395 2.959579 0.206731
-0.372055 -0.965912 2.790972 1.0
-0.435221 -1.045136 2.823705 0.0025734255803368175
-0.287485 -1.030648 2.650383 0.02999248032407411
-0.286062 0.57305 2.517303 0.990385
-0.47604 0.304076 2.622788 1.0
-0.101295 0.311362 2.634536 1.0
-0.286867 0.345109 2.548028 0.0
-0.289724 0.186259 2.737688 0.06182572440464082
-0.472518 -0.060582 2.664179 0.298077
-0.080368 -0.048046 2.65337 0.586538
-0.273086 -0.056226 2.778332 0.0
-0.531394 0.024753 2.678926 1.0
-0.033053 0.029563 2.647527 1.0
-0.484871 -0.270426 2.611803 1.0
-0.065788 -0.269968 2.592661 1.0
-0.486844 -0.340385 2.595212 0.644231
-0.08619 -0.332747 2.564096 0.947115
-0.388643 -0.610989 2.692898 1.0
-0.158963 -0.600519 2.736912 1.0
-0.424221 -0.942002 2.965045 0.128606
-0.364554 -0.97569 2.780261 1.0
-0.435529 -1.053057 2.828491 0.0019497637687756048
-0.29241 -1.032618 2.62972 0.02403850000000001
-0.282397 0.578529 2.530938 0.836538
-0.475792 0.306716 2.635605 1.0
-0.100909 0.314949 2.640088 1.0
-0.288328 0.352572 2.559355 0.0
-0.286778 0.183603 2.740074 0.04513630164868723
-0.474229 -0.055517 2.665737 0.432692
-0.081948 -0.047049 2.655733 0.519231
-0.274962 -0.054883 2.780259 0.0
-0.536221 0.028162 2.683398 1.0
-0.033941 0.033989 2.650325 1.0
-0.482856 -0.261968 2.606013 1.0
-0.064028 -0.265166 2.599212 1.0
-0.476167 -0.328567 2.579687 0.795673
-0.086124 -0.326321 2.568467 0.661058
-0.388149 -0.607711 2.690601 1.0
-0.155255 -0.599412 2.727251 1.0
-0.424294 -0.938951 2.962399 0.194231
-0.35819 -0.975145 2.777679 1.0
-0.433975 -1.05003 2.82574 0.0013950329995448354
-0.285503 -1.034449 2.62832 0.01808451967592592
-0.280804 0.587101 2.546261 0.932692
-0.476057 0.306914 2.637365 1.0
-0.101345 0.316401 2.648578 1.0
-0.287552 0.356783 2.566384 0.0
-0.288261 0.180094 2.73957 0.030296366374923705
-0.475346 -0.056238 2.656053 0.375
-0.082889 -0.051793 2.659837 0.490385
-0.28024 -0.056709 2.777529 0.0
-0.533572 0.030808 2.68638 1.0
-0.037887 0.037281 2.645348 1.0
-0.494951 -0.257665 2.605508 1.0
-0.071415 -0.259626 2.600961 1.0
-0.487969 -0.321852 2.573813 0.677885
-0.084768 -0.322273 2.568244 0.930288
-0.385595 -0.610446 2.678108 1.0
-0.151387 -0.60185 2.730622 1.0
-0.424855 -0.936131 2.956116 0.222356
-0.3612 -0.972374 2.790546 1.0
-0.428974 -1.050322 2.82176 0.0009190805644060077
-0.276613 -1.04258 2.652617 0.012464407407407414
-0.289122 0.588744 2.565514 0.778846
-0.478128 0.309076 2.643209 1.0
-0.103231 0.317257 2.646394 1.0
-0.291053 0.359738 2.569077 0.0
-0.288568 0.179788 2.738855 0.01783434357826181
-0.474894 -0.055152 2.634597 0.394231
-0.083312 -0.040378 2.656984 0.557692
-0.285848 -0.049937 2.7652 0.0
-0.528209 0.031463 2.675887 1.0
-0.035891 0.041379 2.645116 1.0
-0.503866 -0.26099 2.615235 1.0
-0.068661 -0.252232 2.594923 1.0
-0.491945 -0.318341 2.573496 0.677885
-0.081859 -0.314279 2.561022 0.677885
-0.387788 -0.605358 2.669819 1.0
-0.158902 -0.594428 2.72388 1.0
-0.424423 -0.930798 2.94847 0.269231
-0.359203 -0.970534 2.781533 1.0
-0.426821 -1.045344 2.814374 0.0005317537551206199
-0.280614 -1.034516 2.637179 0.0075120312500000265
-0.292411 0.592516 2.559204 0.634615
-0.479399 0.310439 2.647842 1.0
-0.104605 0.320204 2.640131 1.0
-0.294773 0.36199 2.568372 0.0
-0.286595 0.18183 2.737748 0.00827865825361285
-0.47287 -0.060024 2.648748 0.471154
-0.080677 -0.045661 2.642837 0.538462
-0.274861 -0.055877 2.765358 0.0
-0.53227 0.034237 2.669974 1.0
-0.033099 0.047331 2.63955 1.0
-0.495225 -0.254501 2.607801 1.0
-0.066611 -0.242673 2.5814 1.0
-0.488562 -0.321758 2.583196 0.795673
-0.089774 -0.307664 2.561078 0.980769
-0.386377 -0.609851 2.681197 1.0
-0.159569 -0.598544 2.725029 1.0
-0.425755 -0.939906 2.953985 0.241106
-0.363 -0.972967 2.78268 1.0
-0.434229 -1.051537 2.817696 0.00024289986345016128
-0.292943 -1.034107 2.632807 0.003561259259259264
-0.300955 0.592378 2.570945 0.711538
-0.484505 0.308666 2.646755 1.0
-0.109948 0.323755 2.636531 1.0
-0.301177 0.363208 2.566285 0.0
-0.289294 0.182349 2.734694 0.002157735395888505
-0.475376 -0.057107 2.646513 0.394231
-0.083262 -0.040056 2.649976 0.519231
-0.280295 -0.050432 2.767845 0.0
-0.534582 0.033448 2.66364 1.0
-0.039185 0.052593 2.63765 1.0
-0.486217 -0.249922 2.594238 1.0
-0.069592 -0.2371 2.586584 1.0
-0.472867 -0.315493 2.567865 1.0
-0.088402 -0.302101 2.562204 0.896635
-0.38703 -0.60647 2.678121 1.0
-0.160342 -0.595602 2.718733 1.0
-0.427119 -0.937577 2.949528 0.206731
-0.358967 -0.971346 2.784035 1.0
-0.432801 -1.048918 2.812856 6.23661811561229e-05
-0.290075 -1.03381 2.634168 0.0009459594907407473
-0.300386 0.5933 2.562093 0.615385
-0.482971 0.308817 2.64246 1.0
-0.108193 0.32153 2.64022 1.0
-0.297649 0.362909 2.566372 0.0
-0.29046 0.180384 2.733241 -8.540168572324095e-18
-0.476803 -0.055456 2.647016 0.413462
-0.084597 -0.040282 2.646726 0.576923
-0.280547 -0.049535 2.766479 0.0
-0.534095 0.034098 2.658023 1.0
-0.039074 0.050373 2.635468 1.0
-0.490392 -0.252195 2.600184 1.0
-0.070675 -0.238889 2.584995 1.0
-0.478109 -0.311732 2.561743 0.846154
-0.083678 -0.30544 2.561012 0.896635
-0.385691 -0.605979 2.671997 1.0
-0.157673 -0.594896 2.716455 1.0
-0.427217 -0.934997 2.945717 0.153606
-0.362443 -0.966806 2.784657 1.0
-0.432398 -1.047362 2.809866 -2.101679941191037e-18
-0.288477 -1.034169 2.639401 -8.740341783664008e-18
-0.301827 0.588218 2.553495 0.884615
