-0.328862 0.226187 2.616634 1.0
0.046765 0.2349 2.566945 1.0
-0.158189 0.305255 2.475314 -8.506945148312186e-19
-0.128619 0.091532 2.661375 0.0
-0.346476 -0.076021 2.58453 1.0
0.074163 -0.111479 2.520234 0.875
-0.117709 -0.108333 2.681115 0.0
-0.401577 -0.032051 2.602497 1.0
0.147921 -0.01398 2.566886 1.0
-0.34772 -0.292488 2.492385 1.0
0.068001 -0.284557 2.509846 1.0
-0.331646 -0.35536 2.525344 0.711538
0.039555 -0.334158 2.464811 0.8125
-0.237828 -0.630063 2.599439 1.0
-0.036751 -0.641927 2.590488 1.0
-0.192085 -1.064909 2.664095 1.0
-0.068249 -1.077932 2.655846 1.0
-0.220793 -1.09405 2.48842 -4.8705484090305624e-18
-0.094095 -1.102568 2.479041 -1.7013890296624371e-18
-0.145472 0.467982 2.42745 1.0
-0.326341 0.224582 2.61954 1.0
0.048514 0.236242 2.564876 1.0
-0.158101 0.306289 2.476811 0.0014245185185185157
-0.124672 0.090726 2.660074 0.0
-0.348844 -0.081695 2.584924 0.942308
0.071714 -0.107599 2.515723 0.788462
-0.118303 -0.108945 2.678816 0.0
-0.404562 -0.032392 2.601318 1.0
0.146252 -0.014615 2.566916 1.0
-0.344704 -0.294116 2.495827 1.0
0.066222 -0.28408 2.502149 1.0
-0.333182 -0.359613 2.525408 0.59375
0.047095 -0.34725 2.471467 0.526442
-0.232858 -0.632832 2.601576 1.0
-0.03575 -0.640757 2.589562 1.0
-0.196325 -1.069275 2.661134 1.0
-0.071428 -1.076177 2.656644 1.0
-0.22658 -1.095801 2.485304 0.00047500431918799993
-0.098266 -1.101187 2.480039 0.00038360227966619453
-0.144773 0.462796 2.423224 1.0
-0.325408 0.222887 2.613137 1.0
0.050019 0.239366 2.563907 1.0
-0.156276 0.304383 2.471346 0.00498581481481481
-0.122341 0.093059 2.659391 0.0
-0.349875 -0.087857 2.569804 0.461538
0.07414 -0.095495 2.519979 0.644231
-0.122769 -0.099804 2.674627 0.0
-0.403311 -0.035293 2.600903 1.0
0.133771 -0.017224 2.568641 1.0
-0.337085 -0.294199 2.49027 1.0
0.069072 -0.290558 2.499645 1.0
-0.330776 -0.356974 2.526562 0.543269
0.046298 -0.35822 2.485476 0.543269
-0.234385 -0.633443 2.598506 1.0
-0.034425 -0.635258 2.586938 1.0
-0.192366 -1.06884 2.661968 1.0
-0.069672 -1.070717 2.653992 1.0
-0.216384 -1.096892 2.485414 0.0018377216283338496
-0.087668 -1.096608 2.476394 0.0014717801750457923
-0.145365 0.466358 2.421361 1.0
-0.322159 0.222807 2.607076 1.0
0.054145 0.239147 2.565008 1.0
-0.150322 0.304376 2.468617 0.009615500000000004
-0.120072 0.092822 2.657032 0.0
-0.349022 -0.090461 2.558328 0.211538
0.076251 -0.09071 2.519966 0.528846
-0.124642 -0.096165 2.669363 0.0
-0.398941 -0.035413 2.597594 1.0
0.138189 -0.016893 2.571535 1.0
-0.338997 -0.301098 2.501509 1.0
0.073403 -0.28885 2.499036 1.0
-0.337642 -0.371551 2.483284 0.223558
0.052212 -0.358161 2.492367 0.442308
-0.232592 -0.632886 2.600643 1.0
-0.034366 -0.632697 2.586301 1.0
-0.191573 -1.068601 2.662558 1.0
-0.067839 -1.068657 2.650974 1.0
-0.210395 -1.095575 2.485207 0.0039947084548104745
-0.081324 -1.094038 2.472903 0.0031705902707103656
-0.137019 0.464835 2.417386 1.0
-0.321415 0.220599 2.603289 1.0
0.055008 0.233015 2.560953 1.0
-0.148918 0.298032 2.463285 0.014245185185185189
-0.120404 0.089954 2.655796 0.0
-0.348684 -0.099351 2.560121 0.240385
0.076241 -0.091033 2.518909 0.596154
-0.123501 -0.100176 2.669663 0.0
-0.409346 -0.03438 2.594827 1.0
0.121117 -0.028178 2.575978 1.0
-0.334904 -0.298832 2.504741 1.0
0.075533 -0.305421 2.507789 1.0
-0.326796 -0.370976 2.499532 0.206731
0.061248 -0.371179 2.480048 0.492788
-0.229456 -0.638898 2.60432 1.0
-0.033094 -0.635433 2.587684 1.0
-0.18584 -1.075328 2.659002 1.0
-0.062417 -1.071559 2.65325 1.0
-0.205504 -1.099553 2.481346 0.006852521325990713
-0.077132 -1.097317 2.475331 0.0053860891512314225
-0.138073 0.462149 2.414039 1.0
-0.31581 0.22303 2.595858 1.0
0.061268 0.234362 2.559454 1.0
-0.140982 0.29709 2.456924 0.01780648148148149
-0.115769 0.093623 2.654751 0.0
-0.343895 -0.096765 2.563752 0.817308
0.081063 -0.105309 2.522931 0.682692
-0.11902 -0.106398 2.673506 0.0
-0.405523 -0.030649 2.585405 1.0
0.139727 -0.022389 2.580277 1.0
-0.326941 -0.283073 2.469881 1.0
0.080191 -0.298647 2.522169 1.0
-0.318522 -0.352009 2.491666 0.290865
0.057469 -0.358699 2.487889 0.543269
-0.229008 -0.64205 2.602241 1.0
-0.032535 -0.64469 2.591479 1.0
-0.188134 -1.078822 2.656305 1.0
-0.064019 -1.081927 2.648022 1.0
-0.208238 -1.102694 2.478651 0.01031771676924739
-0.079506 -1.103877 2.469659 0.008024333401180547
-0.132281 0.463259 2.40729 1.0
-0.314191 0.227157 2.587216 1.0
0.062805 0.237307 2.549636 1.0
-0.13968 0.296475 2.445466 0.019231000000000005
-0.113993 0.099863 2.650049 0.0
-0.335305 -0.078188 2.571854 1.0
0.087728 -0.11255 2.525036 0.586538
-0.109839 -0.100769 2.678451 0.0
-0.382808 -0.032636 2.582373 1.0
0.155919 -0.010721 2.594761 1.0
-0.327083 -0.251058 2.403217 1.0
0.092971 -0.2838 2.528611 1.0
-0.320645 -0.323554 2.402456 0.105769
0.06927 -0.352596 2.530342 0.694712
-0.232985 -0.631913 2.596355 1.0
-0.035843 -0.644897 2.58802 1.0
-0.189751 -1.067701 2.656223 1.0
-0.066089 -1.082621 2.64138 1.0
-0.212587 -1.094274 2.479284 0.014296851311953362
-0.085622 -1.102989 2.463227 0.01099137960512924
-0.132948 0.45957 2.389016 1.0
-0.30047 0.219098 2.579533 1.0
0.076292 0.227325 2.539234 1.0
-0.126728 0.284624 2.435061 0.016827
-0.100192 0.092739 2.643978 0.0
-0.345658 -0.077177 2.582223 1.0
0.075912 -0.123648 2.532745 0.721154
-0.12001 -0.103957 2.687452 0.0
-0.393413 -0.031729 2.579164 1.0
0.148024 -0.015501 2.625506 1.0
-0.300825 -0.103249 2.317531 1.0000000000000002
0.085298 -0.288023 2.562764 1.0
-0.303875 -0.17105 2.291238 0.913462
0.078893 -0.356575 2.586369 0.913462
-0.225433 -0.635806 2.57779 1.0
-0.027376 -0.652961 2.566339 1.0
-0.194297 -1.073076 2.634269 1.0
-0.076931 -1.086189 2.638605 1.0
-0.193041 -1.096093 2.455373 0.018696481481481467
-0.0883 -1.114542 2.460835 0.014193284347649106
-0.122152 0.443435 2.37232 1.0
-0.290396 0.18864 2.591447 1.0
0.082003 0.198953 2.52178 1.0
-0.129082 0.251473 2.43213 0.014423000000000002
-0.084372 0.065924 2.643654 0.0
-0.334246 -0.096558 2.611286 1.0
0.080997 -0.153076 2.529383 1.0
-0.101416 -0.125689 2.698744 0.0
-0.420692 -0.038644 2.550797 0.723077
0.169548 -0.016141 2.649677 1.0
-0.305975 0.005753 2.294758 0.9423075000000001
0.100796 -0.286645 2.596874 1.0
-0.276643 0.015146 2.228811 1.0000000000000002
0.079617 -0.355699 2.587893 0.862981
-0.243801 -0.647817 2.505247 1.0
-0.014151 -0.676002 2.516712 1.0
-0.200011 -1.074699 2.611164 1.0
-0.08764 -1.095688 2.634298 1.0
-0.227604 -1.120285 2.438839 0.023423163805204622
-0.087486 -1.144376 2.460619 0.01753610421331163
-0.124061 0.401824 2.358613 1.0
-0.28565 0.191163 2.606754 1.0
0.080591 0.184977 2.509439 1.0
-0.133397 0.251627 2.437889 0.014423000000000002
-0.083263 0.05614 2.63899 0.0
-0.325253 -0.104098 2.618608 1.0
0.081066 -0.16962 2.504853 1.0
-0.086597 -0.135397 2.687679 0.0
-0.358298 -0.035978 2.494021 0.523077
0.187773 -0.006504 2.655816 1.0
-0.256104 0.043509 2.242799 0.884615
0.109608 -0.273042 2.603642 1.0
-0.228965 0.066391 2.179258 0.8497596875000003
0.074728 -0.327588 2.570388 0.879808
-0.255529 -0.650165 2.480683 1.0
-0.021368 -0.690578 2.509101 1.0
-0.175995 -1.062196 2.619494 1.0
-0.08288 -1.108482 2.63924 1.0
-0.222863 -1.125862 2.457368 0.02838345481049561
-0.09894 -1.15974 2.467049 0.020925895786688384
-0.124824 0.387932 2.356181 1.0
-0.295712 0.193858 2.569003 1.0
0.076679 0.214329 2.501574 1.0
-0.135364 0.254109 2.407726 0.014423000000000002
-0.085796 0.081852 2.629177 0.0
-0.336417 -0.108872 2.590632 0.875
0.08173 -0.151983 2.515642 1.0
-0.103731 -0.1251 2.681742 0.0
-0.377992 -0.053567 2.587253 0.8
0.196155 0.038772 2.65398 1.0
-0.26955 -0.049605 2.329075 0.5
0.113145 -0.226387 2.618888 1.0
-0.24113 -0.04585 2.262174 0.519231
0.08 -0.276316 2.577583 0.526442
-0.258071 -0.652548 2.480422 1.0
-0.023834 -0.682106 2.535143 1.0
-0.156999 -1.046989 2.652367 1.0
-0.079844 -1.10728 2.642164 1.0
-0.205241 -1.126682 2.49791 0.03348391102472734
-0.093278 -1.14952 2.46732 0.024268715652350913
-0.137609 0.430893 2.351385 1.0
-0.322205 0.266026 2.528672 1.0
0.053228 0.302986 2.49227 1.0
-0.151425 0.326738 2.37867 0.014423000000000004
-0.113176 0.168469 2.612461 0.0
-0.354749 -0.077606 2.552265 0.605769
0.069465 -0.056505 2.508374 0.740385
-0.129919 -0.053412 2.659847 0.0
-0.373677 0.062841 2.678681 0.584615
0.21071 0.186058 2.659494 1.0
-0.401138 -0.152681 2.508204 0.913462
0.102931 -0.060904 2.598997 1.0
-0.403345 -0.207934 2.460877 0.18870231250000025
0.075478 -0.124531 2.576736 0.846154
-0.232526 -0.613711 2.525742 1.0
-0.029883 -0.600143 2.611111 1.0
-0.181502 -1.028425 2.669872 0.797356
-0.053026 -1.041005 2.632757 1.0
-0.207632 -1.089874 2.502312 0.03863108897527265
-0.06924 -1.048966 2.453289 0.02747062039487075
-0.172347 0.530215 2.348552 1.0
-0.35083 0.311323 2.5628 1.0
0.018874 0.335024 2.48281 1.0
-0.196453 0.377433 2.398029 0.009615
-0.138741 0.19787 2.611563 0.0
-0.350552 -0.031158 2.556964 0.567308
0.066943 -0.021119 2.467934 1.0
-0.114839 -0.015688 2.640077 0.0
-0.380534 0.114695 2.726502 0.661539
0.205057 0.239027 2.632689 1.0
-0.38201 -0.146443 2.637263 1.0
0.069883 0.007468 2.567362 1.0
-0.363271 -0.216695 2.640607 0.03846199999999995
0.057874 -0.049713 2.610763 0.105769
-0.227675 -0.57226 2.549575 1.0
-0.021277 -0.562537 2.573748 1.0
-0.215661 -1.008907 2.617099 1.0
-0.022428 -0.991793 2.679114 1.0
-0.253697 -1.036875 2.443012 0.04373154518950438
-0.055882 -1.033961 2.506958 0.030437666598819458
-0.173179 0.546051 2.360462 1.0
-0.365724 0.278536 2.559057 1.0
0.008899 0.294222 2.503809 1.0
-0.199287 0.34432 2.406337 0.009615
-0.160195 0.158363 2.618615 0.0
-0.374444 -0.054446 2.549297 1.0
0.048877 -0.037814 2.495895 1.0
-0.146268 -0.049855 2.652359 0.0
-0.405868 0.081282 2.721532 0.923077
0.159626 0.104039 2.593424 1.0
-0.397876 -0.186164 2.649222 1.0
-0.004873 0.035237 2.38123 1.0
-0.443749 -0.222568 2.606 0.459135
-0.029077 0.041611 2.312884 0.610577
-0.229711 -0.594406 2.548003 1.0
0.013083 -0.578333 2.547883 1.0
-0.229155 -1.02864 2.630491 1.0
-0.012353 -0.983256 2.723253 0.294231
-0.248985 -1.062123 2.454363 0.04869183619479538
-0.001201 -1.055394 2.558308 0.03307591084876858
-0.182964 0.516122 2.366249 1.0
-0.370615 0.200611 2.584105 1.0
0.004014 0.206124 2.526978 1.0
-0.201701 0.282983 2.44256 0.009615000000000004
-0.171507 0.061484 2.619186 0.0
-0.374324 -0.094215 2.564871 1.0
0.047754 -0.116402 2.504149 1.0
-0.144836 -0.108786 2.66402 0.0
-0.423975 -0.046527 2.641841 1.0
0.066991 -0.039852 2.474183 1.0
-0.420102 -0.2603 2.464372 1.0
-0.09451 0.045394 2.264755 1.0
-0.43502 -0.330548 2.476217 0.711538
-0.13798 0.092303 2.230007 0.274038
-0.245738 -0.644311 2.513377 1.0
0.026485 -0.640865 2.540436 1.0
-0.226344 -1.066081 2.644136 1.0
-0.016432 -1.030329 2.744984 0.1973560000000001
-0.237557 -1.119861 2.472331 0.05341851851851852
0.015508 -1.11562 2.589291 0.035291409729289645
-0.187959 0.425995 2.37927 1.0
-0.370866 0.180815 2.568111 1.0
0.00418 0.201517 2.517579 1.0
-0.203348 0.255139 2.420578 0.009615000000000002
-0.165154 0.059079 2.623733 0.0
-0.381555 -0.129063 2.576163 0.75
0.041906 -0.130002 2.521307 1.0
-0.153018 -0.123541 2.678376 0.0
-0.421156 -0.072289 2.559568 1.0
0.08425 -0.043277 2.499453 1.0
-0.345073 -0.182208 2.317377 0.932692
-0.107311 -0.042086 2.299878 1.0
-0.366497 -0.243378 2.284258 0.627404
-0.126987 -0.02192 2.232768 0.509615
-0.253499 -0.67147 2.524168 1.0
0.027566 -0.656443 2.493561 1.0
-0.221224 -1.089901 2.662868 1.0
0.086618 -0.896345 2.860062 0.10048100000000004
-0.243331 -1.147761 2.493462 0.05781814868804663
0.123655 -1.041254 2.759241 0.03699021982495421
-0.190044 0.428674 2.37363 1.0
-0.364887 0.242607 2.519647 1.0
0.013093 0.265055 2.503269 1.0
-0.184447 0.302731 2.38116 0.009614999999999999
-0.164475 0.132445 2.608699 0.0
-0.356586 -0.085162 2.561096 1.0
0.06977 -0.101983 2.54478 1.0
-0.137991 -0.082674 2.683235 0.0
-0.428106 -0.004583 2.520979 1.0
0.138495 0.058119 2.58422 1.0
-0.295529 0.058585 2.290401 0.384615
0.017644 -0.117071 2.412648 1.0
-0.248769 0.061048 2.234678 0.644231
0.026263 -0.159801 2.35436 0.139423
-0.243603 -0.628349 2.643959 1.0
-0.013312 -0.636766 2.52815 1.0
-0.224791 -1.068821 2.675499 1.0
0.025968 -0.943467 2.843991 1.0
-0.233705 -1.082066 2.495832 0.061797283230752606
0.037819 -1.071851 2.717848 0.03807839772033379
-0.178948 0.514212 2.364504 1.0
-0.347768 0.283362 2.523788 1.0
0.029047 0.298915 2.486236 1.0
-0.174305 0.339732 2.375176 0.012019000000000004
-0.144691 0.169905 2.602006 0.0
-0.356817 -0.034007 2.559679 1.0
0.067328 -0.060939 2.518388 1.0
-0.131291 -0.034131 2.668518 0.0
-0.431604 0.044493 2.508863 1.0
0.14355 0.131692 2.638666 1.0
-0.26886 0.175692 2.335295 1.0
0.102557 -0.114666 2.531652 1.0
-0.221955 0.195709 2.283364 0.576923
0.084549 -0.17839 2.501444 0.40865399999999996
-0.243012 -0.580499 2.633247 1.0
-0.031572 -0.595242 2.555305 1.0
-0.225318 -1.014139 2.716954 1.0
-0.056906 -1.000232 2.730536 1.0
-0.242504 -1.048847 2.540787 0.06526247867400932
-0.057026 -1.071853 2.56499 0.03846200000000001
-0.16862 0.54894 2.368624 1.0
-0.331639 0.277665 2.54253 1.0
0.042694 0.28658 2.483914 1.0
-0.165794 0.331453 2.38456 0.014423000000000007
-0.126586 0.160291 2.608918 0.0
-0.351919 -0.031079 2.561398 1.0
0.069747 -0.051953 2.497437 1.0
-0.121389 -0.040009 2.658782 0.0
-0.415179 0.037148 2.540039 1.0
0.189283 0.157637 2.647374 1.0
-0.279047 0.199819 2.368479 1.0
0.101494 -0.096346 2.600337 1.0
-0.224755 0.215219 2.322514 0.5096150000000002
0.05781 -0.152534 2.615573 0.677885
-0.262248 -0.580883 2.563891 1.0
-0.035564 -0.589285 2.550288 1.0
-0.226157 -0.962779 2.783474 0.731731
-0.09659 -1.024054 2.601426 1.0
-0.262159 -1.053424 2.631742 0.0681202915451895
-0.116183 -1.042285 2.423047 0.039081738281250014
-0.162165 0.526715 2.374897 1.0
-0.299581 0.218253 2.608052 1.0
0.060596 0.226779 2.490405 1.0
-0.157883 0.295827 2.437008 0.014372733281397359
-0.094101 0.08435 2.616951 0.0
-0.33857 -0.065012 2.601925 0.673077
0.060554 -0.117185 2.459421 1.0
-0.094982 -0.0909 2.653908 0.0
-0.385993 -0.022128 2.599411 0.723077
0.196325 0.054981 2.622267 1.0
-0.277569 -0.02592 2.347975 0.5
0.10009 -0.150075 2.46838 1.0
-0.247751 -0.023401 2.281626 0.5359071875
0.103181 -0.222238 2.477351 0.139423
-0.284867 -0.61726 2.51069 1.0
-0.033693 -0.644057 2.53468 1.0
-0.229193 -0.940736 2.80671 0.053606
-0.063436 -1.07106 2.644899 1.0
-0.277811 -1.062481 2.682817 0.0702772783716661
-0.113667 -1.111069 2.476343 0.04071559375000001
-0.131982 0.445349 2.370546 1.0
-0.293313 0.225746 2.594358 1.0
0.07246 0.220553 2.495245 1.0
-0.140639 0.295518 2.42951 0.014226664110869662
-0.093058 0.085547 2.616108 0.0
-0.333535 -0.101548 2.574847 0.086538
0.07932 -0.119172 2.467286 1.0
-0.093769 -0.097994 2.647006 0.0
-0.381165 -0.003915 2.657817 0.753846
0.154074 -0.018156 2.524346 1.0
-0.35236 -0.185351 2.457111 1.0
-0.006602 -0.082195 2.314314 0.653846
-0.345961 -0.231078 2.400847 0.59375
-0.048126 -0.09583 2.256112 0.2572115
-0.282884 -0.634498 2.467197 1.0
-0.022163 -0.655141 2.560369 1.0
-0.244605 -0.902403 2.816662 0.644231
-0.063892 -1.080321 2.673706 1.0
-0.285038 -1.044021 2.712525 0.07163999568081199
-0.101453 -1.12231 2.502355 0.04302552734375002
-0.124844 0.450374 2.369077 1.0
-0.312689 0.25597 2.554186 1.0
0.061029 0.255194 2.491136 1.0
-0.146216 0.320635 2.401028 0.013991888966337292
-0.112534 0.122644 2.603106 0.0
-0.347924 -0.096492 2.572978 0.336538
0.070749 -0.073664 2.492224 1.0
-0.114205 -0.078112 2.660984 0.0
-0.372031 0.065472 2.709388 0.707692
0.131162 0.012355 2.494225 1.0
-0.383299 -0.165694 2.568716 1.0
-0.060518 0.059267 2.308722 1.0
-0.382401 -0.226019 2.528002 0.6515928125
-0.086853 0.052846 2.241173 0.37500000000000017
-0.243071 -0.631106 2.517738 1.0
-0.020968 -0.616831 2.6087 1.0
-0.237959 -0.977297 2.792492 1.0
-0.048589 -1.054093 2.667041 1.0
-0.264254 -1.088468 2.652905 0.07211500000000003
-0.079513 -1.075673 2.490652 0.045673500000000006
-0.129677 0.503063 2.364711 1.0
-0.337043 0.275832 2.541943 1.0
0.039896 0.280854 2.50279 1.0
-0.162363 0.338495 2.397332 0.013675504325720612
-0.137908 0.148722 2.608421 0.0
-0.358705 -0.069344 2.555372 1.0
0.065732 -0.039544 2.519398 1.0
-0.135272 -0.05679 2.667746 0.0
-0.408745 0.072568 2.672453 1.0
0.101289 0.036977 2.48714 1.0
-0.387313 -0.156785 2.531663 1.0
-0.090654 0.095105 2.306411 1.0
-0.332703 -0.187168 2.494351 0.6778849999999998
-0.127488 0.104721 2.244375 0.677885
-0.213912 -0.605301 2.55555 1.0
-0.021078 -0.592163 2.524137 1.0
-0.16932 -1.042886 2.599075 1.0
-0.039954 -1.007147 2.675119 1.0
-0.18542 -1.062292 2.420471 0.0760719615912209
-0.040271 -1.068805 2.50561 0.04832147265625
-0.139614 0.539483 2.401586 1.0
-0.346676 0.240352 2.566889 1.0
0.030877 0.245691 2.534234 1.0
-0.169158 0.316077 2.432332 0.013284606666940021
-0.14971 0.104998 2.622694 0.0
-0.347595 -0.070914 2.543042 1.0
0.078188 -0.075914 2.511211 1.0
-0.12496 -0.074475 2.657623 0.0
-0.417118 0.002845 2.621358 1.0
0.122591 0.009912 2.515914 1.0
-0.373252 -0.178214 2.423491 1.0
-0.069127 -0.018213 2.325359 1.0
-0.37088 -0.198425 2.353608 0.408654
-0.082353 0.00898 2.259153 0.375
-0.219435 -0.617623 2.536579 1.0
-0.015875 -0.610821 2.446759 1.0
-0.177828 -1.041244 2.655651 1.0
-0.080754 -0.981832 2.678071 0.634856
-0.191759 -1.091173 2.482885 0.08667661865569277
-0.057154 -1.079395 2.528206 0.050631406250000004
-0.148663 0.491346 2.407344 1.0
-0.352174 0.191843 2.589643 1.0
0.023715 0.205136 2.543037 1.0
-0.181241 0.274857 2.450925 0.012826292467915876
-0.150913 0.058528 2.633825 0.0
-0.355409 -0.126718 2.568837 0.884615
0.065676 -0.126793 2.498014 1.0
-0.123163 -0.128285 2.662467 0.0
-0.400329 -0.045787 2.515738 1.0
0.144811 -0.010206 2.599711 1.0
-0.381422 -0.130655 2.258455 0.326923
0.007348 -0.090603 2.379723 0.326923
-0.327229 -0.124213 2.210296 1.0
-0.004007 -0.130444 2.319878 0.711538
-0.229433 -0.670861 2.52227 1.0
-0.016694 -0.652433 2.402722 1.0
-0.232895 -1.086846 2.67163 0.575481
-0.155194 -0.965736 2.682048 1.0
-0.255526 -1.147151 2.503148 0.10202962962962968
-0.115009 -1.092318 2.559994 0.052265261718750004
-0.154353 0.441542 2.413105 1.0
-0.346745 0.223532 2.546917 1.0
0.030815 0.242787 2.520107 1.0
-0.169958 0.29535 2.409292 0.012307658206568541
-0.145338 0.102253 2.617325 0.0
-0.340532 -0.120419 2.544575 1.0
0.085053 -0.129672 2.511096 1.0
-0.117558 -0.128634 2.658253 0.0
-0.402857 -0.01908 2.500292 1.0
0.154518 0.111728 2.698164 1.0
-0.267055 0.100171 2.297766 0.826923
0.11346 -0.106147 2.541562 1.0
-0.230795 0.118258 2.237304 0.576923
0.145074 -0.151298 2.494028 0.18990400000000002
-0.233136 -0.665361 2.588867 1.0
-0.027437 -0.658247 2.417165 1.0
-0.218411 -1.10119 2.660978 0.712981
-0.166113 -0.922862 2.742914 0.959856
-0.234464 -1.131045 2.483817 0.12023165294924557
-0.139044 -1.066745 2.637557 0.052885000000000015
-0.150255 0.497563 2.397067 1.0
-0.326374 0.278893 2.517016 1.0
0.052308 0.293594 2.511986 1.0
-0.14081 0.339451 2.385672 0.011735800360818411
-0.130952 0.161597 2.608026 0.0
-0.332184 -0.091695 2.519732 1.0
0.094532 -0.103064 2.509079 1.0
-0.115642 -0.100402 2.645195 0.0
-0.416362 0.041626 2.521019 1.0
0.155285 0.126036 2.67239 1.0
-0.248228 0.170754 2.350735 1.0
0.11878 -0.088653 2.509555 1.0
-0.199608 0.172379 2.296597 0.8125
0.095265 -0.142195 2.46622 0.24661696296296295
-0.233716 -0.627529 2.624212 1.0
-0.038389 -0.644238 2.49278 1.0
-0.204311 -1.064613 2.683003 1.0
-0.085012 -1.006147 2.742204 1.0
-0.21266 -1.089185 2.504505 0.1393833470507545
-0.078708 -1.108993 2.594156 0.052567133734034585
-0.132938 0.561948 2.400594 1.0
-0.312212 0.290826 2.528132 1.0
0.065692 0.309953 2.506591 1.0
-0.133436 0.359879 2.391665 0.011117815408585842
-0.111781 0.171331 2.604152 0.0
-0.336965 -0.054801 2.52793 1.0
0.089173 -0.046771 2.502019 1.0
-0.115814 -0.059068 2.645326 0.0
-0.411717 0.05762 2.561999 1.0
0.168648 0.111164 2.630349 1.0
-0.240871 0.072654 2.348222 1.0
0.090965 -0.046137 2.419786 1.0
-0.216738 0.123805 2.30241 0.37500000000000017
0.065202 -0.087057 2.365386 0.3519410370370371
-0.242482 -0.594805 2.558643 1.0
-0.036489 -0.593942 2.535073 1.0
-0.224667 -1.000073 2.734155 0.897356
-0.071313 -1.022071 2.639271 1.0
-0.24503 -1.07205 2.570022 0.1575853703703704
-0.079394 -1.064062 2.464038 0.05165326821938392
-0.110577 0.565963 2.40912 1.0
-0.28825 0.243365 2.574327 1.0
0.086039 0.252096 2.5154 1.0
-0.120664 0.327974 2.432523 0.010460799827791224
-0.08793 0.105509 2.607474 0.0
-0.322013 -0.080189 2.534396 0.182692
0.099253 -0.061065 2.467329 1.0
-0.090896 -0.068621 2.630097 0.0
-0.37536 0.004019 2.602226 0.969231
0.167087 0.009673 2.497629 1.0
-0.327081 -0.162794 2.389599 1.0
-0.014722 -0.028052 2.295417 1.0
-0.316454 -0.204718 2.331058 0.231971
-0.02338 0.010738 2.234442 0.4086540000000001
-0.270755 -0.60954 2.477554 1.0
-0.034585 -0.610411 2.527364 1.0
-0.258147 -0.947781 2.761805 0.419231
-0.062752 -1.032489 2.655509 1.0
-0.305312 -1.060817 2.629391 0.1729383813443073
-0.102477 -1.08117 2.486431 0.05020300338091662
-0.084946 0.500037 2.409045 1.0
-0.281163 0.227895 2.568084 1.0
0.093336 0.228202 2.509851 1.0
-0.111675 0.306624 2.425159 0.009771850096354921
-0.083662 0.086746 2.604154 0.0
-0.323873 -0.088843 2.536665 0.836538
0.098908 -0.09919 2.477689 1.0
-0.094388 -0.093406 2.636782 0.0
-0.353483 0.000557 2.663113 1.0
0.122658 -0.015969 2.435931 1.0
-0.347042 -0.215374 2.492724 1.0
-0.060167 0.046592 2.240071 1.0
-0.377708 -0.27768 2.470925 0.088942
-0.073489 0.103298 2.196429 0.846154
-0.258832 -0.627493 2.458716 1.0
-0.027094 -0.640173 2.533687 1.0
-0.258833 -0.960808 2.749 0.731731
-0.039469 -1.063295 2.660884 1.0
-0.291681 -1.077289 2.615252 0.18354303840877922
-0.061338 -1.114253 2.489245 0.04827593914350113
-0.083552 0.481065 2.401022 1.0
-0.283674 0.247007 2.540162 1.0
0.092034 0.247121 2.49032 1.0
-0.111716 0.316853 2.39558 0.009058062692197305
-0.085743 0.111062 2.590889 0.0
-0.325207 -0.084543 2.537167 1.0
0.098621 -0.092304 2.485799 1.0
-0.097642 -0.093107 2.641323 0.0
-0.354956 0.037795 2.669674 1.0
0.136111 0.000298 2.437788 1.0
-0.352111 -0.190009 2.516603 1.0
-0.06238 0.090534 2.271076 1.0
-0.35797 -0.255174 2.484715 0.173077
-0.095325 0.130249 2.219745 0.980769
-0.240597 -0.627438 2.475626 1.0
-0.014461 -0.632223 2.555396 1.0
-0.223019 -1.012515 2.691892 1.0
-0.042367 -1.060288 2.661911 1.0
-0.253858 -1.100608 2.537542 0.18750000000000014
-0.06011 -1.102541 2.487455 0.04593167543200602
-0.079855 0.519874 2.406437 1.0
-0.297973 0.278823 2.51708 1.0
0.079758 0.273021 2.486639 1.0
-0.117638 0.347323 2.382397 0.008326534093238759
-0.105216 0.138921 2.576264 0.0
-0.336339 -0.065816 2.517979 1.0
0.089586 -0.053235 2.490443 1.0
-0.114851 -0.062398 2.634765 0.0
-0.384324 0.071985 2.640675 0.876923
0.160148 0.030088 2.492592 1.0
-0.33306 -0.042914 2.396999 0.75
-0.035817 0.005915 2.302273 1.0
-0.341069 -0.101511 2.354575 0.778846
-0.08843 0.054338 2.288686 0.375
-0.200838 -0.606957 2.532093 1.0
-0.009747 -0.60012 2.539596 1.0
-0.160751 -1.046555 2.554694 1.0
-0.030489 -1.026762 2.653223 1.0
-0.173319 -1.056937 2.375057 0.18562996132709148
-0.03552 -1.072936 2.478931 0.0432298121712998
-0.093421 0.545391 2.401173 1.0
-0.307539 0.255062 2.528912 1.0
0.070377 0.2571 2.500345 1.0
-0.127861 0.33066 2.397181 0.007584360777399651
-0.112499 0.117127 2.585165 0.0
-0.325464 -0.075424 2.506751 0.836538
0.100832 -0.080354 2.482748 1.0
-0.104982 -0.079779 2.625394 0.0
-0.405039 0.021468 2.552779 1.0
0.184001 0.032394 2.535542 1.0
-0.317092 -0.055605 2.306748 0.442308
0.056737 -0.116484 2.346211 0.307692
-0.271875 -0.021444 2.261074 0.879808
0.011103 -0.093661 2.294305 0.3076920000000001
-0.201795 -0.6214 2.531605 1.0
0.00437 -0.622661 2.479816 1.0
-0.146724 -1.05615 2.589257 1.0
-0.037341 -1.029553 2.647335 1.0
-0.160539 -1.081511 2.411208 0.18032515774475888
-0.027488 -1.098982 2.481149 0.040229949286250954
-0.098814 0.521217 2.399541 1.0
-0.304655 0.228604 2.546968 1.0
0.071714 0.234928 2.50284 1.0
-0.130956 0.313842 2.41312 0.006838639222600354
-0.106923 0.088517 2.585808 0.0
-0.336328 -0.086936 2.52613 1.0
0.087683 -0.092193 2.475969 1.0
-0.108968 -0.091088 2.631 0.0
-0.378195 -0.00102 2.47078 1.0
0.169732 0.015565 2.581657 1.0
-0.254352 0.019335 2.230678 0.769231
0.095258 -0.17162 2.400505 1.0
-0.216854 0.075437 2.203401 0.543269
0.071909 -0.218912 2.350347 0.4927885000000001
-0.200297 -0.633564 2.526989 1.0
0.017037 -0.631082 2.466738 1.0
-0.158432 -1.065939 2.608616 1.0
-0.014778 -1.041275 2.628272 1.0
-0.176761 -1.100939 2.432621 0.17204355790759218
-0.005228 -1.107915 2.460931 0.036991686701728047
-0.115625 0.486624 2.389212 1.0
-0.292242 0.232605 2.547715 1.0
0.083012 0.244555 2.495921 1.0
-0.122959 0.314769 2.40649 0.006096465906761249
-0.090833 0.098712 2.589403 0.0
-0.324356 -0.069698 2.535076 1.0
0.09505 -0.110522 2.466075 1.0
-0.09416 -0.097655 2.629604 0.0
-0.378436 0.006816 2.478986 1.0
0.179513 0.031725 2.588249 1.0
-0.231337 0.062559 2.260516 0.826923
0.113892 -0.192008 2.453668 1.0
-0.191031 0.104236 2.216516 1.0
0.10492 -0.263309 2.465208 0.6778850000000001
-0.200032 -0.626476 2.535578 1.0
0.015485 -0.639685 2.495059 1.0
-0.173419 -1.060753 2.613416 1.0
-0.007755 -1.068387 2.600122 1.0
-0.186727 -1.093279 2.436497 0.16124313047018124
-0.021423 -1.110499 2.425265 0.03357462434259957
-0.104442 0.4965 2.384054 1.0
-0.279103 0.233418 2.537811 1.0
0.098336 0.247151 2.506322 1.0
-0.102753 0.320854 2.40894 0.005364937307802701
-0.079964 0.097919 2.584869 0.0
-0.31398 -0.063181 2.519754 1.0
0.107577 -0.109094 2.469645 1.0
-0.088874 -0.096133 2.624392 0.0
-0.387481 0.010638 2.500819 1.0
0.18528 0.022745 2.575806 1.0
-0.225997 0.046347 2.28945 0.903846
0.114399 -0.206604 2.455791 1.0
-0.187769 0.035605 2.228452 0.8125
0.10023 -0.276963 2.467891 0.576923
-0.195847 -0.62078 2.535733 1.0
0.010413 -0.63695 2.520442 1.0
-0.170431 -1.054291 2.618115 1.0
-0.016901 -1.070549 2.601742 1.0
-0.180112 -1.088465 2.441272 0.14838184408711588
-0.032716 -1.102699 2.424962 0.03003836213373405
-0.079369 0.506792 2.405942 1.0
-0.260975 0.2287 2.544636 1.0
0.116238 0.243604 2.511032 1.0
-0.085586 0.318142 2.415829 0.004651149903645086
-0.061287 0.093014 2.588737 0.0
-0.295353 -0.064107 2.520034 1.0
0.124976 -0.115439 2.4651 1.0
-0.069557 -0.100355 2.622062 0.0
-0.35438 0.001771 2.497772 1.0
0.190576 0.01213 2.568578 1.0
-0.207083 -0.000951 2.274278 0.711538
0.152747 -0.215584 2.433048 1.0
-0.180895 -0.055537 2.233878 0.947115
0.096137 -0.257849 2.415535 0.778846
-0.191607 -0.623249 2.53174 1.0
0.0195 -0.641142 2.52795 1.0
-0.167579 -1.056114 2.617846 1.0
-0.011609 -1.073793 2.612858 1.0
-0.184006 -1.092035 2.441849 0.13391766741298605
-0.03142 -1.106947 2.436666 0.026442500000000015
-0.069224 0.500326 2.405531 1.0
-0.248853 0.231269 2.546472 1.0
0.129133 0.241053 2.520554 1.0
-0.069711 0.317086 2.420393 0.003962200172208785
-0.051874 0.093566 2.596151 0.0
-0.292688 -0.102809 2.493075 0.384615
0.133315 -0.092983 2.465624 1.0
-0.07115 -0.10349 2.609815 0.0
-0.333333 -0.003107 2.520361 1.0
0.187266 -0.000583 2.551914 1.0
-0.242365 -0.140257 2.308347 0.884615
0.151713 -0.233769 2.42387 1.0
-0.212665 -0.206024 2.298849 0.778846
0.113297 -0.256947 2.366558 0.947115
-0.186412 -0.64286 2.526828 1.0
0.029127 -0.637823 2.528157 1.0
-0.164369 -1.077034 2.606648 1.0
-0.005499 -1.070488 2.611619 1.0
-0.178976 -1.110258 2.429962 0.11830856910238148
-0.012469 -1.10409 2.434539 0.022846637866265958
-0.038496 0.492821 2.399428 1.0
-0.238749 0.231429 2.548201 1.0
0.139624 0.238248 2.527501 1.0
-0.057169 0.318071 2.426242 0.0033051845914141625
-0.043694 0.090966 2.597741 0.0
-0.26965 -0.086096 2.481537 0.653846
0.157232 -0.092262 2.473665 0.375
-0.053888 -0.09532 2.608299 0.0
-0.346065 0.002638 2.547059 1.0
0.209783 -0.003617 2.548532 1.0
-0.241881 -0.171465 2.367765 1.0
0.165035 -0.234252 2.41393 1.0
-0.249248 -0.242146 2.35203 1.0
0.123531 -0.265491 2.362948 1.0
-0.181012 -0.629677 2.524329 1.0
0.029618 -0.633256 2.526331 1.0
-0.160183 -1.062657 2.61069 1.0
-0.008769 -1.064096 2.617254 1.0
-0.169277 -1.098315 2.434108 0.10201251780989212
-0.009994 -1.101236 2.440749 0.019310375657400465
-0.036082 0.498331 2.413357 1.0
-0.233165 0.232375 2.55948 1.0
0.144732 0.232631 2.53059 1.0
-0.052511 0.320649 2.437315 0.002687199639181591
-0.040028 0.086072 2.598523 0.0
-0.271569 -0.087378 2.494244 0.586538
0.154384 -0.088837 2.464394 0.615385
-0.049495 -0.096918 2.609568 0.0
-0.331772 0.000359 2.52541 1.0
0.211943 -0.012669 2.535663 1.0
-0.254321 -0.222629 2.389146 1.0
0.157223 -0.252703 2.418701 1.0
-0.249578 -0.293683 2.404198 0.846154
0.117088 -0.280505 2.364721 1.0
-0.177811 -0.630322 2.524166 1.0
0.030118 -0.629744 2.534033 1.0
-0.163824 -1.063763 2.609588 1.0
-0.006568 -1.061797 2.619752 1.0
-0.180673 -1.099011 2.433495 0.08548748219010792
-0.017154 -1.095974 2.442961 0.015893313298271976
-0.032235 0.494165 2.420246 1.0
-0.225199 0.234888 2.566909 1.0
0.152334 0.230844 2.533842 1.0
-0.044903 0.321241 2.442858 0.002115341793431464
-0.033337 0.086326 2.603642 0.0
-0.2716 -0.086641 2.507564 0.807692
0.152643 -0.091135 2.459324 1.0
-0.044844 -0.099032 2.61309 0.0
-0.33764 0.005667 2.542811 1.0
0.215499 -0.016756 2.512157 1.0
-0.274506 -0.24471 2.448885 1.0
0.153586 -0.27439 2.43944 1.0
-0.261463 -0.304232 2.409078 0.661058
0.099462 -0.305397 2.401932 0.879808
-0.173247 -0.631409 2.52471 1.0
0.031254 -0.628082 2.552414 1.0
-0.163996 -1.064011 2.614902 1.0
-0.00994 -1.060814 2.632473 1.0
-0.187738 -1.100991 2.439962 0.06919143089761855
-0.028196 -1.091778 2.455716 0.012655050713749057
-0.034979 0.490082 2.419626 1.0
-0.223129 0.232209 2.568393 1.0
0.153857 0.226509 2.529792 1.0
-0.04444 0.316277 2.440505 0.0015967075320841393
-0.031185 0.083556 2.60432 0.0
-0.275227 -0.082649 2.508943 0.653846
0.148097 -0.094573 2.454323 0.788462
-0.047107 -0.097584 2.611147 0.0
-0.328934 -0.002173 2.548941 1.0
0.200965 -0.026783 2.518291 1.0
-0.276054 -0.247348 2.433 1.0
0.143824 -0.291009 2.461121 1.0
-0.233852 -0.305331 2.420574 0.610577
0.093322 -0.325955 2.422058 0.745192
-0.174403 -0.629352 2.531806 1.0
0.02877 -0.626788 2.562721 1.0
-0.164429 -1.063638 2.613415 1.0
-0.015879 -1.059361 2.641785 1.0
-0.190089 -1.09718 2.438053 0.05358233258701408
-0.036858 -1.089474 2.465183 0.009655187828700219
-0.035538 0.489849 2.421339 1.0
-0.224196 0.226102 2.559913 1.0
0.153551 0.229757 2.529333 1.0
-0.045144 0.31127 2.433268 0.0011383933330599916
-0.029098 0.083987 2.60431 0.0
-0.264259 -0.085717 2.499892 0.682692
0.160853 -0.10871 2.467028 0.605769
-0.042077 -0.105412 2.613711 0.0
-0.326472 -0.012162 2.553324 1.0
0.219769 -0.020873 2.520768 1.0
-0.262036 -0.252729 2.430024 1.0
0.155519 -0.284611 2.461252 1.0
-0.25127 -0.324207 2.421499 0.677885
0.106856 -0.319397 2.419787 0.728365
-0.176133 -0.634158 2.538007 1.0
0.032481 -0.638602 2.564637 1.0
-0.15803 -1.069055 2.614827 1.0
-0.014493 -1.071162 2.642409 1.0
-0.176621 -1.101014 2.438282 0.0391181559128842
-0.027589 -1.101618 2.465107 0.006953324567993993
-0.037219 0.491942 2.419478 1.0
-0.226697 0.233023 2.565409 1.0
0.15057 0.235783 2.529317 1.0
-0.049397 0.316401 2.435158 0.0007474956742793846
-0.031148 0.091186 2.608696 0.0
-0.271364 -0.087517 2.499646 0.480769
0.154093 -0.091208 2.463572 0.644231
-0.047646 -0.095613 2.61186 0.0
-0.322103 -0.008262 2.548372 1.0
0.215027 -0.016081 2.524774 1.0
-0.278327 -0.265384 2.450458 1.0
0.155936 -0.280464 2.459774 1.0
-0.221566 -0.302904 2.424612 0.576923
0.107231 -0.319858 2.422713 0.560096
-0.179092 -0.629532 2.544129 1.0
0.02744 -0.627761 2.559572 1.0
-0.162998 -1.065217 2.616813 1.0
-0.012745 -1.059462 2.645494 1.0
-0.181555 -1.095408 2.439953 0.026256869529818875
-0.026377 -1.09335 2.468856 0.004609060856498871
-0.042981 0.49354 2.415297 1.0
-0.227533 0.231932 2.56479 1.0
0.149832 0.231502 2.529629 1.0
-0.049207 0.31391 2.435053 0.00043111103366271685
-0.03331 0.08839 2.608426 0.0
-0.268983 -0.087139 2.492527 0.567308
0.157617 -0.091665 2.474614 0.788462
-0.050271 -0.09611 2.61415 0.0
-0.324844 -0.009321 2.547972 1.0
0.212388 -0.021228 2.516605 1.0
-0.268289 -0.26092 2.44069 1.0
0.156757 -0.290767 2.469028 1.0
-0.260951 -0.332984 2.447796 0.543269
0.113472 -0.32174 2.419383 0.627404
-0.179854 -0.628736 2.545406 1.0
0.026258 -0.628863 2.559928 1.0
-0.159933 -1.064024 2.619512 1.0
-0.014871 -1.060639 2.64503 1.0
-0.171623 -1.094753 2.442158 0.01545644209240793
-0.021238 -1.094914 2.468056 0.002681996619083399
-0.041904 0.490456 2.414457 1.0
-0.229098 0.232589 2.56101 1.0
0.148573 0.232294 2.529306 1.0
-0.049711 0.313158 2.431855 0.00019633588913034873
-0.035075 0.089929 2.608278 0.0
-0.270737 -0.088159 2.494645 0.519231
0.155803 -0.091869 2.475188 0.788462
-0.051585 -0.098056 2.6154 0.0
-0.326089 -0.010375 2.549281 1.0
0.210865 -0.021744 2.516624 1.0
-0.272985 -0.263053 2.439478 1.0
0.155767 -0.293032 2.470913 1.0
-0.261688 -0.331838 2.460422 0.475962
0.113436 -0.324732 2.420905 0.745192
-0.182316 -0.629455 2.546017 1.0
0.024402 -0.629707 2.557768 1.0
-0.161816 -1.065201 2.617215 1.0
-0.012559 -1.06175 2.643419 1.0
-0.174152 -1.094785 2.439711 0.007174842255241207
-0.019804 -1.096202 2.466513 0.00123173178061609
-0.044231 0.487841 2.406654 1.0
-0.232452 0.233074 2.560288 1.0
0.144981 0.229051 2.526088 1.0
-0.053284 0.309844 2.42854 5.026671860264984e-05
-0.039299 0.089648 2.608784 0.0
-0.277996 -0.085854 2.502647 0.519231
0.147788 -0.093939 2.47148 0.509615
-0.055673 -0.095846 2.617451 0.0
-0.333309 -0.011194 2.550243 1.0
0.208933 -0.027468 2.519173 1.0
-0.276697 -0.264731 2.437094 1.0
0.143959 -0.297036 2.460863 1.0
-0.274839 -0.337404 2.440653 0.307692
0.091154 -0.325426 2.419592 0.728365
-0.183291 -0.630186 2.542105 1.0
0.023606 -0.630506 2.558666 1.0
-0.157738 -1.064678 2.6191 1.0
-0.013737 -1.062653 2.643625 1.0
-0.175435 -1.097008 2.442531 0.0018700386729086577
-0.025487 -1.096396 2.466825 0.0003178662659654454
-0.040929 0.492884 2.411586 1.0
-0.233737 0.231317 2.566033 1.0
0.143059 0.230246 2.525239 1.0
-0.057232 0.312975 2.433632 -6.922171169598817e-19
-0.039125 0.087456 2.60679 0.0
-0.275189 -0.085666 2.502491 0.740385
0.150273 -0.097246 2.468184 0.567308
-0.052081 -0.096393 2.615696 0.0
-0.334624 -0.012798 2.547989 1.0
0.210922 -0.025599 2.519387 1.0
-0.271245 -0.266787 2.438718 1.0
0.145987 -0.295601 2.461511 1.0
-0.25884 -0.336776 2.454381 0.442308
0.094223 -0.326376 2.420633 0.745192
-0.184154 -0.630239 2.546895 1.0
0.022676 -0.632538 2.55838 1.0
-0.160008 -1.065922 2.617335 1.0
-0.013587 -1.064751 2.643472 1.0
-0.17893 -1.095573 2.440423 -2.42861286636753e-17
-0.027229 -1.098391 2.466788 -9.007239398783894e-18
-0.035156 0.479622 2.398622 1.0
