-0.353414 0.327661 2.542421 1.0
-0.024728 0.323347 2.589012 1.0
-0.174684 0.377785 2.46906 -8.506945148312186e-19
-0.201142 0.183693 2.637743 -2.5353663613003615e-17
-0.33151 -0.039693 2.476621 0.509615
-0.020977 -0.028032 2.536387 0.5
-0.197557 -0.023282 2.615177 1.4678258608569181e-18
-0.383082 0.039538 2.514863 1.0
0.02807 0.037557 2.575207 1.0
-0.373486 -0.257744 2.472638 1.0
0.029752 -0.260585 2.538328 1.0
-0.357708 -0.3166 2.487389 0.677885
0.018561 -0.319794 2.521022 0.913462
-0.276704 -0.574445 2.595567 1.0
-0.066832 -0.572199 2.604267 1.0
-0.322318 -1.006731 2.675644 1.0
-0.075325 -1.007697 2.679322 1.0
-0.293151 -1.036384 2.532176 2.935707232865067e-18
-0.044931 -1.033112 2.535297 -1.7013890296624371e-18
-0.174748 0.643854 2.487064 1.0
-0.344092 0.329694 2.545526 1.0
-0.014187 0.32611 2.582596 1.0
-0.167565 0.378032 2.465899 0.00017146982167352465
-0.18914 0.18772 2.639512 0.0008939210286755052
-0.327095 -0.04063 2.491065 0.375
-0.013014 -0.023238 2.525552 0.836538
-0.182724 -0.021292 2.618319 0.0011018097405553506
-0.377225 0.041517 2.519263 1.0
0.034837 0.039128 2.574162 1.0
-0.364599 -0.254821 2.469601 1.0
0.044789 -0.259239 2.537833 1.0
-0.352556 -0.316028 2.475857 0.846154
0.030526 -0.317817 2.520636 1.0
-0.274161 -0.574873 2.595827 1.0
-0.063984 -0.567475 2.610753 1.0
-0.320077 -1.007073 2.676193 1.0
-0.073189 -1.003635 2.681771 1.0
-0.302339 -1.036007 2.530725 0.03490018518518518
-0.05471 -1.027837 2.535532 0.00997162962962962
-0.164525 0.645381 2.48459 1.0
-0.343501 0.329177 2.5438 1.0
-0.013114 0.328978 2.57649 1.0
-0.168474 0.377728 2.461053 0.0006594993141289446
-0.186088 0.19004 2.637939 0.0034815871643149865
-0.324112 -0.040272 2.48723 0.365385
-0.010907 -0.023721 2.529273 0.759615
-0.182777 -0.02178 2.617972 0.0042912589895311125
-0.374397 0.040172 2.516806 1.0
0.037411 0.041579 2.568998 1.0
-0.372749 -0.257807 2.471565 1.0
0.047211 -0.257757 2.535191 1.0
-0.357419 -0.318566 2.469608 0.644231
0.037798 -0.318757 2.524198 0.879808
-0.278522 -0.573889 2.595311 1.0
-0.061813 -0.568465 2.608389 1.0
-0.320308 -1.006104 2.677822 1.0
-0.074167 -1.00392 2.683155 1.0
-0.299183 -1.035801 2.532961 0.09971481481481484
-0.051971 -1.029528 2.537675 0.028490370370370378
-0.1582 0.648092 2.479399 1.0
-0.339526 0.328739 2.544349 1.0
-0.009492 0.319213 2.579152 1.0
-0.162727 0.374642 2.463889 0.0014245185185185157
-0.186419 0.183419 2.63622 0.007621852981338211
-0.322455 -0.038575 2.487384 0.5
-0.00856 -0.030555 2.52668 0.673077
-0.179529 -0.024036 2.616889 0.00939437778789262
-0.372955 0.039975 2.513358 1.0
0.039439 0.031344 2.56502 1.0
-0.376947 -0.25955 2.47618 1.0
0.039647 -0.26748 2.522387 1.0
-0.356032 -0.318218 2.483331 0.745192
0.021268 -0.326793 2.51375 1.0
-0.275143 -0.575071 2.593927 1.0
-0.062049 -0.573237 2.605601 1.0
-0.320228 -1.006301 2.67979 1.0
-0.074506 -1.008128 2.683571 1.0
-0.301323 -1.037135 2.534859 0.13461500000000012
-0.054191 -1.034807 2.538009 0.03846200000000001
-0.155701 0.64128 2.478978 1.0
-0.332384 0.334502 2.541641 1.0
-0.002541 0.314111 2.573455 1.0
-0.154929 0.372808 2.458688 0.0024269574759945103
-0.183474 0.185576 2.634628 0.013173573054164764
-0.319846 -0.033369 2.489033 0.644231
-0.005534 -0.03467 2.525713 0.846154
-0.175494 -0.024169 2.617442 0.0162371961766045
-0.370584 0.045593 2.515149 1.0
0.042737 0.025346 2.559521 1.0
-0.375502 -0.254395 2.479456 1.0
0.042039 -0.271585 2.503646 1.0
-0.363072 -0.31493 2.490011 0.879808
0.014931 -0.327972 2.499618 1.0
-0.272123 -0.572342 2.595712 1.0
-0.058513 -0.57417 2.607359 1.0
-0.318425 -1.004122 2.678085 1.0
-0.071421 -1.009446 2.683071 1.0
-0.30141 -1.033691 2.532658 0.1353085236664163
-0.052898 -1.03538 2.537135 0.03846200000000001
-0.147035 0.641595 2.469775 1.0
-0.327377 0.326419 2.535723 1.0
0.002244 0.31456 2.57359 1.0
-0.149468 0.368771 2.455762 0.0036272462277091924
-0.176468 0.181807 2.632231 0.019995601957214334
-0.316172 -0.040963 2.48626 1.0
-0.003132 -0.036927 2.5324 1.0
-0.175932 -0.027581 2.618792 0.024645744196631694
-0.373967 0.038287 2.513217 1.0
0.054215 0.026646 2.563488 1.0
-0.388754 -0.260196 2.467913 1.0
0.075117 -0.26489 2.486462 1.0
-0.354027 -0.312335 2.470365 0.711538
0.099853 -0.322359 2.490454 0.492788
-0.27084 -0.578248 2.596261 1.0
-0.055906 -0.578448 2.60951 1.0
-0.320501 -1.009835 2.677686 1.0
-0.0712 -1.014076 2.682714 1.0
-0.298609 -1.039658 2.532965 0.137302404207363
-0.047706 -1.039323 2.537374 0.06250043750000005
-0.142306 0.637665 2.466994 1.0
-0.321378 0.335831 2.531045 1.0
0.007988 0.324207 2.571127 1.0
-0.142879 0.374071 2.450332 0.00498581481481481
-0.171596 0.194758 2.63431 0.02794679426490671
-0.307353 -0.038704 2.49732 1.0
0.006909 -0.033276 2.534052 1.0
-0.163269 -0.023307 2.625436 0.034446051888939504
-0.371929 0.049101 2.50326 1.0
0.075831 0.039712 2.570103 1.0
-0.388878 -0.240095 2.417965 1.0
0.147924 -0.229529 2.453876 1.0
-0.369085 -0.299356 2.423147 0.459135
0.152824 -0.291366 2.444784 0.627404
-0.272263 -0.576716 2.593153 1.0
-0.055759 -0.57638 2.610525 1.0
-0.317814 -1.008942 2.673588 1.0
-0.07004 -1.01285 2.678749 1.0
-0.300605 -1.03784 2.528049 0.14046660593538704
-0.051579 -1.036331 2.532391 0.115385
-0.136476 0.647419 2.463892 1.0
-0.309202 0.343484 2.516808 1.0
0.016077 0.338087 2.583053 1.0
-0.125703 0.386706 2.451245 0.006463093278463649
-0.165093 0.203942 2.62977 0.03688600455166139
-0.298689 -0.03381 2.494416 1.0
0.011459 -0.02083 2.555884 1.0
-0.165549 -0.017718 2.633791 0.04546414929449254
-0.366455 0.064693 2.453749 1.0
0.11054 0.064318 2.549789 1.0
-0.332717 -0.196189 2.307463 1.0
0.230701 -0.15975 2.388693 1.0
-0.301598 -0.238695 2.273473 0.560096
0.25816 -0.214261 2.374374 0.627404
-0.269996 -0.569334 2.593546 1.0
-0.054907 -0.568478 2.610036 1.0
-0.321495 -1.001102 2.672842 1.0
-0.071414 -1.004131 2.682826 1.0
-0.292168 -1.030936 2.529444 0.14467109316303545
-0.041004 -1.029352 2.538771 0.16826956249999997
-0.127473 0.653363 2.460389 1.0
-0.303951 0.34705 2.508637 1.0
0.018844 0.345235 2.586252 1.0
-0.1187 0.39178 2.449307 0.008019511659807957
-0.162525 0.209517 2.627311 0.04667208739189805
-0.278363 -0.018754 2.481641 0.519231
0.029336 -0.026813 2.555093 1.0
-0.149838 -0.009639 2.625894 0.05752606645425585
-0.339878 0.076361 2.408305 1.0
0.123992 0.079187 2.533408 1.0
-0.246608 -0.146526 2.229846 1.0
0.24973 -0.119117 2.346081 1.0
-0.2052 -0.16982 2.188941 0.677885
0.27427 -0.173662 2.327291 0.475962
-0.267114 -0.557265 2.591761 1.0
-0.057152 -0.567945 2.613511 1.0
-0.320085 -0.988871 2.670971 1.0
-0.063745 -1.001879 2.697305 1.0
-0.286933 -1.019089 2.52849 0.14978583020285507
-0.029917 -1.02996 2.554547 0.19230800000000006
-0.122673 0.655474 2.466329 0.985577
-0.297376 0.345759 2.493292 1.0
0.019296 0.353272 2.592722 1.0
-0.109207 0.391388 2.444826 0.009615500000000004
-0.162312 0.216051 2.627207 0.0571638973600364
-0.283891 -0.019254 2.49318 1.0
0.018725 -0.016561 2.585674 1.0
-0.165105 -0.012236 2.645664 0.07045783340919437
-0.296663 0.08844 2.359754 1.0
0.12378 0.093539 2.517436 1.0
-0.138734 -0.097328 2.186112 1.0
0.239142 -0.081694 2.303923 1.0
-0.087088 -0.116308 2.156064 1.0
0.265856 -0.124343 2.266535 0.661058
-0.262243 -0.558805 2.588897 1.0
-0.052918 -0.562859 2.620184 1.0
-0.318621 -0.989814 2.669005 1.0
-0.065535 -1.000347 2.681899 1.0
-0.276183 -1.021331 2.529297 0.155680781367393
-0.021572 -1.021531 2.540721 0.19051640495867775
-0.125049 0.655703 2.466136 1.0
-0.289781 0.344603 2.46105 1.0
0.013677 0.353871 2.595405 1.0
-0.095966 0.381589 2.43094 0.011211488340192048
-0.174981 0.224293 2.620255 0.0682202890304961
-0.281386 -0.028103 2.457201 1.0
0.014758 -0.014147 2.56785 0.884615
-0.172517 -0.009758 2.616015 0.08408548020027304
-0.213228 0.10622 2.315855 1.0
0.118206 0.104043 2.493288 1.0
0.011926 -0.031612 2.175801 1.0
0.217252 -0.034008 2.247444 1.0
0.069121 -0.035456 2.150415 1.0
0.238805 -0.066341 2.198246 0.375
-0.259754 -0.560728 2.583942 1.0
-0.044437 -0.559019 2.62779 1.0
-0.31774 -0.991335 2.665054 1.0
-0.066394 -0.997468 2.679216 1.0
-0.265288 -1.024014 2.529062 0.16222591096919622
-0.012255 -1.016357 2.541284 0.18560396694214884
-0.126021 0.659243 2.463107 0.956731
-0.279794 0.335637 2.438948 1.0
0.010889 0.34967 2.598732 1.0
-0.083452 0.368188 2.423816 0.012767906721536356
-0.181535 0.224322 2.614886 0.07970011697769684
-0.265431 -0.034181 2.432393 1.0
0.00951 -0.013051 2.587633 0.596154
-0.182996 -0.014911 2.606301 0.09823503686845697
-0.155194 0.112848 2.302841 1.0
0.119773 0.112349 2.474202 1.0
0.096356 -0.001239 2.189154 1.0
0.213613 0.012535 2.208779 1.0
0.154546 -0.003331 2.165915 1.0
0.231272 -0.030847 2.167105 0.290865
-0.256671 -0.562252 2.577337 1.0
-0.042619 -0.559412 2.637573 1.0
-0.319952 -0.992558 2.656054 1.0
-0.063445 -0.999364 2.674622 1.0
-0.246065 -1.026353 2.530709 0.16929118332081147
0.012414 -1.013724 2.546746 0.17826420661157028
-0.126313 0.659876 2.446899 0.908654
-0.27534 0.33607 2.415882 1.0
0.004335 0.357541 2.593491 1.0
-0.079266 0.373282 2.412931 0.014245185185185189
-0.185688 0.227657 2.598115 0.09146223577605823
-0.251829 -0.031687 2.423487 1.0
0.010419 -0.014596 2.599762 0.990385
-0.182961 -0.015641 2.603516 0.11273253345471093
-0.122821 0.121376 2.301256 1.0
0.12959 0.129867 2.471137 1.0
0.145297 0.026128 2.217647 1.0
0.214844 0.059664 2.195904 0.884615
0.194627 0.018035 2.179813 0.560096
0.241869 0.015268 2.160845 0.677885
-0.253984 -0.5603 2.571067 1.0
-0.040049 -0.560215 2.641721 1.0
-0.318294 -0.990432 2.649898 1.0
-0.066566 -1.000171 2.674887 1.0
-0.235361 -1.024716 2.530484 0.17674656273478598
0.019385 -1.014497 2.553561 0.16919064462809924
-0.127515 0.663594 2.427598 0.836538
-0.273659 0.330668 2.391617 1.0
-0.005383 0.360834 2.584857 1.0
-0.07962 0.376634 2.400255 0.015603753772290816
-0.189246 0.222542 2.576503 0.1033655
-0.240974 -0.028561 2.422237 1.0
0.010077 -0.018255 2.614607 1.0
-0.183159 -0.016318 2.606406 0.12740400000000004
-0.094861 0.128154 2.303417 1.0
0.147179 0.146256 2.477893 1.0
0.183221 0.05869 2.240608 1.0
0.251829 0.099053 2.207856 1.0
0.243104 0.050285 2.224057 0.408654
0.291913 0.063603 2.17519 0.879808
-0.248362 -0.560382 2.566082 1.0
-0.042924 -0.561441 2.655368 1.0
-0.315207 -0.989357 2.649005 1.0
-0.066275 -1.002481 2.67274 1.0
-0.226061 -1.025348 2.534679 0.18446201352366648
0.02723 -1.012005 2.556641 0.15907680165289265
-0.140077 0.654466 2.392717 0.942308
-0.272685 0.326258 2.379082 1.0
-0.007688 0.359762 2.576258 1.0
-0.079632 0.375586 2.390752 0.016804042524005493
-0.188929 0.218304 2.564368 0.11526876422394179
-0.242929 -0.02891 2.432325 1.0
0.005962 -0.017997 2.627449 1.0
-0.187187 -0.018606 2.617251 0.1420754665452891
-0.094954 0.124696 2.301154 1.0
0.154974 0.150622 2.486317 1.0
0.183215 0.066503 2.249197 1.0
0.254854 0.108792 2.218476 0.923077
0.24545 0.064795 2.241822 0.543269
0.30872 0.079696 2.204972 1.0
-0.24955 -0.561884 2.569021 1.0
-0.045401 -0.561906 2.66369 1.0
-0.321138 -0.9905 2.649812 1.0
-0.06935 -1.003226 2.668889 1.0
-0.230806 -1.026934 2.536561 0.1923075000000001
0.026088 -1.009757 2.554164 0.1486161983471075
-0.146959 0.640868 2.356025 1.0
-0.269897 0.315652 2.361986 1.0
-0.002537 0.363871 2.552819 1.0
-0.075111 0.358923 2.366951 0.01780648148148149
-0.188855 0.228799 2.559188 0.12703088302230311
-0.254956 -0.03406 2.441232 1.0
-0.004422 -0.007661 2.632739 0.711538
-0.197578 -0.013941 2.624845 0.156572963131543
-0.101574 0.103482 2.298909 1.0
0.150559 0.140643 2.489114 1.0
0.176845 0.046998 2.25728 1.0
0.26901 0.098775 2.230935 1.0
0.237132 0.05667 2.243053 1.0
0.318911 0.069088 2.207292 1.0
-0.254859 -0.56422 2.574815 1.0
-0.04823 -0.555261 2.673514 1.0
-0.322231 -0.994129 2.652297 1.0
-0.070515 -0.996629 2.665698 1.0
-0.231848 -1.028796 2.538534 0.20015298647633364
0.025102 -0.999425 2.550971 0.13850235537190084
-0.170296 0.619179 2.320691 1.0
-0.276578 0.291475 2.345188 1.0
-0.002661 0.350205 2.523356 1.0
-0.080675 0.329442 2.340814 0.018571500685871063
-0.192152 0.221751 2.547699 0.13851071096950382
-0.273056 -0.047476 2.456711 1.0
-0.014127 -0.00599 2.633837 0.288462
-0.207452 -0.011867 2.635146 0.17072251979972689
-0.122859 0.064915 2.30676 1.0
0.128916 0.111701 2.476033 1.0
0.143108 -0.031161 2.267766 1.0
0.259789 0.006542 2.245157 1.0
0.201273 -0.029981 2.2444 1.0
0.286097 -0.043172 2.217464 1.0
-0.26798 -0.573033 2.592898 1.0
-0.057824 -0.556872 2.683172 1.0
-0.319105 -1.00773 2.654451 1.0
-0.076284 -0.998256 2.668941 1.0
-0.232649 -1.034718 2.535666 0.20786843726521423
0.013525 -0.998164 2.549579 0.12942879338842977
-0.176476 0.577724 2.260508 1.0
-0.301883 0.273804 2.348779 1.0
-0.016915 0.340642 2.505464 1.0
-0.107761 0.316019 2.329454 0.019059530178326473
-0.201098 0.208345 2.54514 0.1495671026399636
-0.282188 -0.058068 2.47105 1.0
-0.01371 -0.012795 2.632323 0.509615
-0.206814 -0.012937 2.643366 0.1843501665908056
-0.170207 0.031853 2.323189 1.0
0.092555 0.092328 2.451697 1.0
0.0754 -0.107636 2.280595 1.0
0.202661 -0.103649 2.275448 1.0
0.13251 -0.122482 2.259417 1.0
0.227019 -0.14844 2.238966 1.0
-0.276491 -0.581395 2.607585 1.0
-0.059424 -0.563432 2.690277 1.0
-0.323807 -1.018552 2.652519 1.0
-0.073663 -1.005008 2.677156 1.0
-0.243547 -1.039999 2.528378 0.21532381667918868
0.008294 -1.00394 2.552277 0.12208903305785124
-0.210422 0.535658 2.237449 1.0
-0.333691 0.249323 2.361748 1.0
-0.026599 0.319108 2.466861 1.0
-0.14417 0.283797 2.309479 0.019231000000000012
-0.204854 0.19613 2.544973 0.16005891260810196
-0.294499 -0.046004 2.528283 1.0
-0.003566 -0.030802 2.651839 1.0
-0.19205 -0.005819 2.687344 0.19728193354574416
-0.22825 -0.009522 2.361316 1.0
0.051417 0.054471 2.422142 1.0
-0.011853 -0.186039 2.288529 1.0
0.096956 -0.205423 2.305247 1.0
0.044811 -0.2127 2.285552 0.980769
0.086695 -0.25188 2.264418 1.0
-0.284985 -0.581069 2.617854 1.0
-0.061184 -0.576178 2.688644 1.0
-0.322813 -1.020013 2.653373 1.0
-0.07407 -1.017907 2.680065 1.0
-0.264509 -1.03609 2.516789 0.222389089030804
-0.013607 -1.017018 2.543477 0.11717659504132236
-0.240438 0.50751 2.235094 1.0
-0.39529 0.220847 2.406024 1.0
-0.069241 0.282344 2.394441 1.0
-0.232066 0.23006 2.291518 0.019091575250000013
-0.215425 0.189825 2.546331 0.16984499544833867
-0.312144 -0.064833 2.554452 0.6490384999999997
0.003314 -0.05558 2.577672 1.0
-0.16313 -0.006281 2.662976 0.20934385070550754
-0.309163 -0.04682 2.397416 1.0
-0.045929 0.002466 2.378234 1.0
-0.187141 -0.303898 2.339183 1.0
-0.090715 -0.280894 2.332731 1.0
-0.158527 -0.357746 2.32462 1.0
-0.107869 -0.336184 2.308663 0.677885
-0.289634 -0.59249 2.63909 1.0
-0.041969 -0.587852 2.678802 1.0
-0.325022 -1.032276 2.665547 1.0
-0.075003 -1.028539 2.687037 1.0
-0.314209 -1.04209 2.516888 0.22893421863260713
-0.059638 -1.032467 2.538507 0.11538499999999999
-0.325017 0.494883 2.245281 1.0
-0.424659 0.232266 2.468158 1.0
-0.113544 0.274884 2.360386 1.0
-0.30274 0.23588 2.310166 0.01869253200000001
-0.213633 0.185852 2.547616 0.17878420573509327
-0.327456 -0.072461 2.609437 0.2980769999999999
-0.02338 -0.059333 2.522809 1.0
-0.151808 -0.007532 2.657841 0.2203619481110605
-0.385527 -0.044668 2.434835 1.0
-0.136587 -0.005828 2.362285 1.0
-0.369138 -0.314454 2.327477 1.0
-0.262414 -0.26637 2.332881 1.0
-0.334727 -0.365789 2.316935 1.0
-0.310767 -0.299526 2.310672 0.846154
-0.289412 -0.596955 2.642621 1.0
-0.043751 -0.588316 2.665607 1.0
-0.319119 -1.037263 2.667329 1.0
-0.073226 -1.029094 2.680105 1.0
-0.362297 -1.042369 2.524421 0.2348291697971451
-0.110551 -1.031354 2.535486 0.11445976672984398
-0.322447 0.519846 2.260388 1.0
-0.407514 0.258188 2.50539 1.0
-0.115521 0.282785 2.349316 1.0
-0.313622 0.268497 2.329559 0.018062716750000003
-0.193108 0.182502 2.541471 0.1867353980427856
-0.337255 -0.068167 2.603353 0.596154
-0.052155 -0.060129 2.466269 1.0
-0.153046 -0.013095 2.624445 0.23016225580336822
-0.487934 -0.008193 2.46152 1.0
-0.247831 0.035377 2.324134 1.0
-0.555789 -0.229173 2.284994 1.0
-0.443861 -0.179162 2.312162 1.0
-0.569931 -0.276382 2.24624 0.951210814814815
-0.501925 -0.156471 2.318806 0.913462
-0.289097 -0.598367 2.64276 1.0
-0.052769 -0.588961 2.623922 1.0
-0.320496 -1.038958 2.658821 1.0
-0.068044 -1.026048 2.687838 1.0
-0.385395 -1.039237 2.524281 0.23994390683696476
-0.129331 -1.043659 2.552757 0.1118186463041259
-0.315628 0.561059 2.289205 1.0
-0.38615 0.261901 2.537781 1.0
-0.117389 0.316369 2.356112 1.0
-0.315299 0.290473 2.356132 0.017230976000000005
-0.167556 0.197651 2.546872 0.1935574269458353
-0.348862 -0.063812 2.597448 0.259615
-0.076544 -0.056149 2.436441 1.0
-0.159819 -0.024309 2.608087 0.23857080382339554
-0.633574 0.183747 2.431126 1.0
-0.344596 0.157118 2.31466 1.0
-0.865483 0.124514 2.267982 1.0
-0.62864 0.101021 2.305832 1.0
-0.915437 0.111606 2.232368 0.829237851851852
-0.690215 0.106447 2.316305 1.0
-0.298373 -0.595204 2.664967 1.0
-0.111461 -0.596096 2.5727 1.0
-0.319609 -1.036375 2.648189 1.0
-0.073943 -1.0238 2.677702 1.0
-0.396107 -1.027824 2.520174 0.2441483940646131
-0.150302 -1.060687 2.554732 0.10766350779997083
-0.311988 0.594812 2.326721 1.0
-0.375359 0.282258 2.54399 1.0
-0.112838 0.333069 2.362745 1.0
-0.31212 0.322751 2.367064 0.01622615625000001
-0.167307 0.199711 2.542323 0.19910914701866173
-0.369891 -0.060549 2.591117 0.701923
-0.102847 -0.054841 2.421429 1.0
-0.179955 -0.02436 2.596174 0.24541362221210744
-0.647147 0.32081 2.489512 0.846154
-0.361073 0.211398 2.319174 1.0
-0.858031 0.324539 2.291988 1.0
-0.647497 0.248931 2.326528 1.0
-0.903139 0.325152 2.248452 0.6706730000000002
-0.696499 0.283723 2.344384 0.980769
-0.30066 -0.588421 2.682749 1.0
-0.145649 -0.591487 2.5798 1.0
-0.319004 -1.028998 2.652429 1.0
-0.089085 -1.023273 2.655463 1.0
-0.400508 -1.017029 2.527823 0.24731259579263715
-0.177278 -1.055199 2.539206 0.10219622029450358
-0.296568 0.618993 2.350972 1.0
-0.37485 0.297196 2.54627 0.673077
-0.108583 0.332186 2.370319 1.0
-0.308066 0.338503 2.372602 0.01507710400000001
-0.176063 0.197355 2.544293 0.20324941283568493
-0.389198 -0.050319 2.58783 1.0
-0.1128 -0.051694 2.413671 1.0
-0.193454 -0.023365 2.591858 0.2505167410104689
-0.63974 0.384281 2.561472 0.8
-0.363952 0.231942 2.318171 1.0
-0.819486 0.413406 2.337909 1.0
-0.640584 0.300833 2.361372 1.0
-0.859506 0.420113 2.290118 0.5121081481481483
-0.668445 0.356075 2.3715 1.0
-0.306761 -0.578219 2.688592 0.988462
-0.157767 -0.585208 2.583323 1.0
-0.312038 -1.019545 2.664759 1.0
-0.100479 -1.016164 2.663065 1.0
-0.39473 -1.011851 2.540599 0.2493064763335838
-0.18973 -1.049325 2.547967 0.09561865286484908
-0.280813 0.633979 2.37352 1.0
-0.390105 0.234699 2.426559 0.134615
-0.098149 0.324974 2.511632 1.0
-0.23022 0.314052 2.364457 0.01381266575000001
-0.239865 0.154089 2.567298 0.20583707897132453
-0.386228 -0.086919 2.458341 1.0
-0.076309 -0.043286 2.55202 0.701923
-0.264279 -0.058245 2.611197 0.2537061902594447
-0.643317 0.347652 2.452193 0.892308
-0.284758 0.265361 2.313755 1.0
-0.874588 0.507897 2.393085 1.0
-0.568936 0.308868 2.31089 1.0
-0.928644 0.539175 2.387596 0.3901351851851851
-0.607907 0.313446 2.359785 1.0
-0.317713 -0.572765 2.698065 1.0
-0.174484 -0.60108 2.568318 1.0
-0.332941 -1.011818 2.746687 1.0
-0.103188 -1.024502 2.673173 1.0
-0.279673 -1.029003 2.608195 0.25000000000000017
-0.100249 -1.059935 2.528091 0.08813267458813237
-0.25215 0.603592 2.402764 1.0
-0.118825 0.10498 2.450632 1.0
-0.401367 0.221285 2.36951 1.0
-0.245873 0.234613 2.49394 0.012461687999999999
-0.30167 0.013786 2.371678 0.20673100000000003
-0.088962 -0.139485 2.557846 0.884615
-0.412643 -0.151055 2.515117 0.25
-0.236255 -0.144937 2.42619 0.2548080000000001
-0.181706 0.350915 2.337357 1.0
-0.667598 0.300428 2.380746 1.0
-0.441513 0.239326 2.288102 1.0
-0.859472 0.502507 2.449497 1.0
-0.500143 0.217516 2.292269 0.341346
-0.904501 0.543598 2.464142 1.0000000000000002
-0.165434 -0.690237 2.57878 1.0
-0.315426 -0.655531 2.71228 1.0
-0.072048 -1.109844 2.681606 1.0
-0.377449 -1.079977 2.818875 1.0
-0.100839 -1.081034 2.825321 0.24578971324533463
-0.390279 -1.041967 2.962762 0.07994015454147835
-0.241022 0.483126 2.446432 1.0
-0.130058 0.200593 2.43873 1.0
-0.419793 0.173373 2.350456 1.0
-0.294627 0.265951 2.470524 0.011053017250000005
-0.243253 0.031645 2.374156 0.25
-0.104252 -0.11152 2.572099 1.0
-0.412787 -0.189596 2.498349 0.798077
-0.231714 -0.154569 2.427328 0.288462
-0.026673 0.445595 2.359245 1.0
-0.680298 0.265633 2.376099 1.0
-0.227422 0.247725 2.307544 1.0
-0.931378 0.403673 2.370708 0.7500000000000001
-0.274124 0.207139 2.297437 0.7451920000000004
-0.986266 0.433954 2.369743 1.0
-0.160927 -0.678264 2.58171 1.0
-0.325811 -0.669742 2.71893 1.0
-0.066555 -1.100866 2.6704 1.0
-0.329457 -1.109136 2.671135 1.0
-0.150266 -1.09364 2.793904 0.2340691852526172
-0.364201 -1.12456 2.815593 0.07124296180201196
-0.236255 0.506991 2.451425 1.0
-0.132187 0.223514 2.426603 1.0
-0.386661 0.079307 2.298548 1.0
-0.320871 0.233883 2.404168 0.0096155
-0.189692 0.011361 2.394074 0.15384600000000004
-0.120679 -0.086987 2.597136 0.288462
-0.383752 -0.205602 2.443995 1.0
-0.194244 -0.152545 2.425821 0.221154
0.004725 0.464017 2.415051 1.0
-0.662756 0.074839 2.32027 1.0
-0.174768 0.258426 2.329567 0.923077
-0.898703 0.206381 2.414176 0.8750000000000003
-0.214067 0.21318 2.311159 0.4591345
-0.950081 0.23557 2.435122 1.0000000000000002
-0.157935 -0.660655 2.560545 1.0
-0.339432 -0.653718 2.726237 1.0
-0.066875 -1.08018 2.665762 1.0
-0.323319 -1.084745 2.629698 1.0
-0.208985 -1.100695 2.706953 0.2162039144287665
-0.382573 -1.116819 2.763013 0.06224296544685817
-0.233781 0.457657 2.447295 1.0
-0.122119 0.174344 2.447895 1.0
-0.322704 0.011796 2.2664 1.0
-0.297791 0.169282 2.386468 0.008177982750000005
-0.145212 -0.03865 2.404066 0.18999270370370366
-0.140383 -0.134995 2.64357 0.923077
-0.348437 -0.267706 2.429491 0.490385
-0.163202 -0.206264 2.460654 0.014423000000000014
-0.030097 0.434873 2.433962 1.0
-0.562794 -0.125269 2.276741 1.0
-0.160451 0.205078 2.325335 1.0
-0.563134 0.023169 2.520798 1.0000000000000002
-0.213703 0.172122 2.322396 0.17307700000000015
-0.528439 0.057842 2.559844 1.0
-0.143352 -0.704504 2.547796 1.0
-0.344342 -0.708983 2.733197 1.0
-0.061784 -1.113558 2.694034 1.0
-0.324979 -1.136455 2.622487 1.0
-0.187753 -1.161656 2.629758 0.19355939918070098
-0.400749 -1.171936 2.746232 0.05314203455314188
-0.221978 0.402473 2.445569 1.0
-0.100053 0.043203 2.468239 1.0
-0.298966 -0.116446 2.287235 0.317308
-0.274128 0.039721 2.409029 0.006769311999999995
-0.120813 -0.167898 2.423668 0.2571222962962963
-0.129297 -0.252373 2.702323 1.0
-0.333409 -0.336559 2.461533 0.942308
-0.144954 -0.30645 2.512879 0.09375000000000004
-0.09054 0.303911 2.377059 1.0
-0.462384 -0.069054 2.505 1.0
-0.230956 0.067251 2.301575 1.0
-0.401515 0.195935 2.591592 1.0
-0.188172 0.035605 2.268432 0.10576899999999982
-0.43857 0.225764 2.632428 1.0
-0.121717 -0.800547 2.545171 1.0
-0.348601 -0.808349 2.743026 1.0
-0.057208 -1.200084 2.722858 0.769231
-0.321287 -1.221371 2.588007 1.0
-0.171983 -1.25379 2.643767 0.16750113791533913
-0.392482 -1.271616 2.709332 0.044142038197988044
-0.228106 0.267181 2.454259 1.0
-0.103313 0.065707 2.456293 1.0
-0.410201 0.089408 2.536971 1.0
-0.221513 0.129523 2.588216 0.005418334250000002
-0.278773 -0.064639 2.427444 0.29326900000000006
-0.081537 -0.308103 2.541163 1.0
-0.39364 -0.269146 2.629497 1.0
-0.269707 -0.308807 2.480749 0.1730770000000001
0.039744 0.240881 2.298166 1.0
-0.474922 -0.041419 2.771174 0.461538
-0.180883 0.301721 2.467909 1.0
-0.419692 0.189869 2.614183 0.346154
-0.229621 0.316086 2.504635 0.5528845
-0.408997 0.24542 2.587161 0.9999999999999998
-0.097236 -0.834616 2.635483 1.0
-0.330673 -0.817861 2.711976 1.0
-0.069858 -1.275591 2.647928 0.531731
-0.346154 -1.232007 2.558329 1.0
-0.02265 -1.268665 2.789479 0.1393946290395995
-0.318449 -1.283972 2.695606 0.035444845458521675
-0.279218 0.405936 2.514388 1.0
-0.052834 0.311859 2.441345 1.0
-0.369691 0.30143 2.539922 1.0
-0.182384 0.350739 2.588124 0.004153896
-0.232264 0.171336 2.408813 0.254808
-0.060161 -0.065431 2.467105 1.0
-0.371156 -0.04044 2.563988 0.634615
-0.249534 -0.067703 2.410615 0.322115
0.062889 0.058403 2.423448 1.0
-0.380987 0.03239 2.613694 0.446154
0.216315 -0.185091 2.406784 1.0
-0.460966 0.308979 2.628124 1.0
0.251856 -0.235044 2.419898 0.9999999999999999
-0.477586 0.369405 2.629815 0.5612979999999997
-0.115985 -0.601693 2.56441 1.0
-0.335842 -0.580344 2.656236 1.0
-0.107189 -1.030527 2.671123 1.0
-0.346433 -1.022205 2.659413 1.0
-0.061263 -0.995317 2.808833 0.11060537096040052
-0.309705 -1.022045 2.804202 0.027252325411867624
-0.234408 0.632618 2.430778 1.0
-0.054384 0.332241 2.457682 1.0
-0.37545 0.331949 2.542184 1.0
-0.189349 0.378579 2.597238 0.0030048437500000084
-0.23546 0.194781 2.421403 0.25
-0.050419 -0.033955 2.483003 1.0
-0.365397 -0.009852 2.566291 0.817308
-0.236558 -0.025004 2.417196 0.350962
0.12116 0.11463 2.498308 1.0
-0.391092 0.069915 2.646654 0.492308
0.329882 -0.08916 2.499837 1.0
-0.437624 0.353155 2.594617 0.326923
0.360817 -0.142484 2.511239 1.0
-0.441729 0.414649 2.583123 0.12259599999999986
-0.109418 -0.570679 2.569141 1.0
-0.3317 -0.553973 2.635036 1.0
-0.080025 -1.000054 2.669828 1.0
-0.329277 -0.994145 2.675118 1.0
-0.041351 -0.964609 2.809689 0.08249886208466096
-0.294184 -0.980787 2.819697 0.019766347135150894
-0.227278 0.651196 2.421488 1.0
-0.046676 0.328779 2.476556 1.0
-0.375169 0.324952 2.524535 1.0
-0.197022 0.37473 2.599533 0.0020000240000000026
-0.2208 0.188455 2.421876 0.259615
-0.040915 -0.041866 2.503953 1.0
-0.363523 -0.019422 2.550309 1.0
-0.218535 -0.03846 2.417363 0.346154
0.131115 0.11854 2.536198 1.0
-0.383776 0.058734 2.616303 0.430769
0.356493 -0.064077 2.557903 1.0
-0.418649 0.346521 2.592276 0.413462
0.39425 -0.11226 2.571439 0.980769
-0.438982 0.404207 2.578513 0.105769
-0.104615 -0.579973 2.577317 1.0
-0.328593 -0.56392 2.626931 1.0
-0.080889 -1.012969 2.662852 1.0
-0.336758 -1.003243 2.674811 1.0
-0.058987 -0.983179 2.807579 0.05644060081929908
-0.316925 -0.987567 2.822031 0.013188779705496407
-0.211481 0.654246 2.446935 1.0
-0.04458 0.320153 2.483764 1.0
-0.374985 0.323855 2.516056 1.0
-0.199622 0.372405 2.598089 0.0011682832499999994
-0.218706 0.181614 2.42471 0.230769
-0.036841 -0.042206 2.513633 1.0
-0.361177 -0.022206 2.54733 1.0
-0.211064 -0.042106 2.420332 0.326923
0.116954 0.107444 2.571089 1.0
-0.381283 0.054884 2.597164 0.553846
0.340573 -0.077309 2.57781 1.0
-0.428696 0.340568 2.579241 0.798077
0.378476 -0.124912 2.592902 1.0
-0.431126 0.403212 2.579776 0.038462
-0.097419 -0.581122 2.581478 1.0
-0.321596 -0.566613 2.627471 1.0
-0.075904 -1.014888 2.663626 1.0
-0.331199 -1.006167 2.672908 1.0
-0.059908 -0.986487 2.809402 0.03379608557123353
-0.316954 -0.991185 2.820846 0.007721492200029189
-0.206051 0.652665 2.459742 1.0
-0.044004 0.315742 2.50055 1.0
-0.375336 0.315958 2.521609 1.0
-0.203317 0.36434 2.610534 0.0005384680000000013
-0.214734 0.176939 2.432837 0.20192299999999996
-0.020831 -0.039621 2.520623 1.0
-0.346746 -0.034805 2.542651 0.884615
-0.191415 -0.048117 2.421188 0.336538
0.078291 0.078357 2.593554 1.0
-0.414822 0.053692 2.619663 1.0
0.246149 -0.159021 2.620373 1.0
-0.439747 -0.23713 2.626424 1.0
0.274834 -0.214296 2.62761 0.677885
-0.434125 -0.299415 2.630836 0.846154
-0.086768 -0.583316 2.586787 1.0
-0.312354 -0.573573 2.628651 1.0
-0.074068 -1.018012 2.665794 1.0
-0.330064 -1.012232 2.679918 1.0
-0.064021 -0.991077 2.812376 0.015930814747382765
-0.322438 -0.995219 2.828125 0.003566353695874026
-0.203689 0.648417 2.467431 1.0
-0.374471 0.324978 2.555778 1.0
-0.042487 0.327857 2.554262 1.0
-0.209315 0.368907 2.452664 0.00013942475000000394
-0.206922 0.192409 2.641525 0.10096149999999998
-0.351449 -0.040823 2.523733 1.0
-0.024938 -0.029955 2.522549 1.0
-0.188189 -0.023489 2.633751 0.16826899999999995
-0.424269 0.045452 2.590988 1.0
0.038864 0.056579 2.594813 1.0
-0.455583 -0.246078 2.554993 1.0
0.136915 -0.221846 2.606283 1.0
-0.460225 -0.305616 2.535908 0.879808
0.144679 -0.283804 2.611885 0.795673
-0.301487 -0.576432 2.617108 1.0
-0.073517 -0.575405 2.595964 1.0
-0.348395 -1.01236 2.673052 1.0
-0.053732 -1.007004 2.689215 1.0
-0.347099 -1.031511 2.524915 0.004210286754665532
-0.052146 -1.038478 2.543202 0.000925233270156041
-0.1962 0.639778 2.46847 1.0
-0.368188 0.336694 2.561871 1.0
-0.03636 0.331586 2.571241 1.0
-0.198715 0.382838 2.467065 1.9682311336310932e-18
-0.206617 0.195077 2.644572 -1.6413148617999693e-17
-0.35979 -0.042812 2.519797 1.0
-0.033988 -0.021036 2.530158 0.711538
-0.201081 -0.021877 2.635692 -1.5212164861111436e-17
-0.430947 0.056048 2.566725 1.0
0.004641 0.047111 2.582067 1.0
-0.479534 -0.223161 2.47798 1.0
0.027721 -0.248778 2.571524 1.0
-0.471563 -0.282511 2.45942 0.745192
0.01861 -0.308863 2.556123 0.610577
-0.293463 -0.57627 2.616416 1.0
-0.072092 -0.567882 2.605322 1.0
-0.325796 -1.012462 2.680098 1.0
-0.072539 -1.003068 2.682632 1.0
-0.31876 -1.034527 2.53253 -1.2143064331837654e-17
-0.064384 -1.029165 2.535781 1.401101457076949e-18
-0.178479 0.640009 2.460099 1.0
