0.0193824 0.00908769 -0.217772 0.199305 0.0334948 3.13558
-0.0392228 -0.0560674 -0.207284 0.199305 0.0334948 3.13558
1.78603 0.0168006 -0.00483749 1.77001 -0.012522 1.60244
-0.216644 -0.0298907 -0.0866459 -2.07566 -0.501392 -2.97793
0.206902 -0.0341913 -0.101558 -1.97465 0.404275 -3.05295
-0.0006301 0.420174 -0.00347301 -0.016551 2.58124e-05 0.0030044
3.32434e-08 0.21046 -5.3857e-07 -0.0165459 2.51159e-05 0.00300798
0.152411 0.21046 -1.50091e-07 -1.14871 0.384955 -1.35161
-0.152411 0.210459 1.37516e-06 -0.948834 -0.335145 1.30965
0 0 0 0.199305 0.0334948 3.13558
0 0 0 0.199305 0.0334948 3.13558
0 0 0 1.77001 -0.012522 1.60244
0 0 0 -2.07566 -0.501392 -2.97793
0 0 0 -1.97465 0.404275 -3.05295
0 0 0 -0.016551 2.58124e-05 0.0030044
0 0 0 -0.0165459 2.51159e-05 0.00300798
0 0 0 -1.14871 0.384955 -1.35161
0 0 0 -0.948834 -0.335145 1.30965
0 0 0 0.199305 0.0334948 3.13558
0 0 0 0.199305 0.0334948 3.13558
0 0 0 1.77001 -0.012522 1.60244
0 0 0 -2.07566 -0.501392 -2.97793
0 0 0 -1.97465 0.404275 -3.05295
0 0 0 -0.016551 2.58124e-05 0.0030044
0 0 0 -0.0165459 2.51159e-05 0.00300798
0 0 0 -1.14871 0.384955 -1.35161
0 0 0 -0.948834 -0.335145 1.30965
0.00366302 0.00816609 -0.00355649 0.19191 0.0462997 3.13493
0.0138175 0.00976683 0.00401871 0.19191 0.0462997 3.13493
-0.00177662 0.000344155 -0.00200852 1.76252 -0.0153659 1.61498
0.00419844 -0.000243123 -0.00184058 -2.09289 -0.505165 -2.94301
0.0145854 0.00333683 0.0144937 -1.96407 0.439155 -3.07911
-7.35556e-05 -0.000416939 -0.000709828 -0.0199652 4.63204e-05 0.00336017
-4.43449e-08 -4.61061e-06 -3.96401e-07 -0.0199553 3.63802e-05 0.00335883
-3.92528e-06 -4.1027e-06 6.98843e-07 -1.08622 0.333872 -1.29197
4.14905e-06 -1.81722e-06 -8.31618e-07 -0.93625 -0.342761 1.32626
0 0 0 0.19191 0.0462997 3.13493
0 0 0 0.19191 0.0462997 3.13493
0.00125709 0.000667344 0.00325318 1.76607 -0.0128535 1.60556
-0.0142888 -0.00666827 0.0113592 -2.10623 -0.584989 -2.92478
-0.0151195 -0.00678636 -0.0071274 -1.9701 0.521162 -3.11501
-6.85161e-06 0.000852789 0.000296024 -0.0185027 1.37933e-05 0.00338802
0 0 0 -0.0199553 3.63802e-05 0.00335883
-2.25945e-06 2.59138e-06 -1.86454e-06 -1.02017 0.355244 -1.35666
-1.20325e-06 -1.04911e-05 -2.31703e-07 -0.845547 -0.290291 1.27876
-0.0265475 -0.00488582 -0.00718313 0.19539 0.0365955 3.13573
-0.00263299 0.00241268 -0.02549 0.19539 0.0365955 3.13573
0 0 0 1.76607 -0.0128535 1.60556
0 0 0 -2.10623 -0.584989 -2.92478
0 0 0 -1.9701 0.521162 -3.11501
0 0 0 -0.0185027 1.37933e-05 0.00338802
3.82859e-07 5.99389e-06 1.25833e-06 -0.0185074 2.73093e-05 0.00338893
0 0 0 -1.02017 0.355244 -1.35666
0 0 0 -0.845547 -0.290291 1.27876
-0.0569929 -0.00364854 -0.0560818 0.19885 0.0206151 3.13302
0.051831 -0.00228347 -0.0717666 0.19885 0.0206151 3.13302
0.00123474 0.00227953 0.00143674 1.76962 -0.0124716 1.58932
-0.000658293 0.00705495 -0.00247439 -2.17046 -0.87486 -2.91507
-0.0140562 -0.00851494 -0.00639612 -1.92643 0.870536 -3.14151
0.000639771 0.000388192 0.000804774 -0.0146345 -7.78067e-06 0.000342467
8.05483e-09 -5.38157e-07 -6.62586e-07 -0.01463 -2.81448e-07 0.000339961
7.11588e-07 1.03997e-06 -1.08465e-07 -0.704631 0.369519 -1.41653
-5.60053e-07 1.35221e-05 2.2456e-06 -0.588402 -0.306391 1.26822
-0.0490447 -0.00544506 -0.0242222 0.194797 0.0275875 3.13112
0.0679734 -0.00835152 -0.0314309 0.194797 0.0275875 3.13112
0.0010459 -0.000140537 0.000522373 1.76555 -0.015616 1.59584
-0.00556324 0.00397584 0.000471335 -2.20096 -1.06649 -2.91045
0.00442474 0.00148009 0.000587737 -1.7986 1.14426 -3.04803
0.000511744 0.000757114 -0.000327047 -0.0161306 -8.13702e-06 -0.00208978
-5.0311e-07 1.00553e-06 3.62315e-08 -0.0161269 -1.46462e-05 -0.00209146
2.80457e-06 8.93265e-07 2.026e-06 -0.446674 0.368525 -1.39877
1.79485e-06 2.29303e-07 -4.9706e-06 -0.421893 -0.307012 1.24217
0 0 0 0.194797 0.0275875 3.13112
0 0 0 0.194797 0.0275875 3.13112
0 0 0 1.76555 -0.015616 1.59584
0 0 0 -2.20096 -1.06649 -2.91045
0 0 0 -1.7986 1.14426 -3.04803
0 0 0 -0.0161306 -8.13702e-06 -0.00208978
0 0 0 -0.0161269 -1.46462e-05 -0.00209146
0 0 0 -0.446674 0.368525 -1.39877
0 0 0 -0.421893 -0.307012 1.24217
-0.0500228 -0.00486388 -0.0050082 0.192677 0.0265478 3.12884
0.0633655 -0.00523167 -0.0172107 0.192677 0.0265478 3.12884
-0.00044519 0.000145272 0.000140027 1.76344 -0.0175965 1.59442
-0.0137473 0.00892568 0.0105754 -2.18844 -1.2247 -2.96828
0.0142916 0.00264315 -0.000224094 -1.5826 1.33953 -2.83445
0.000613711 0.00025841 0.000226647 -0.0150336 -3.88366e-05 -0.00498642
6.97748e-08 1.77525e-06 -3.55384e-07 -0.0150316 -3.78583e-05 -0.00498853
3.64356e-06 2.51103e-06 -1.09917e-07 -0.248202 0.368954 -1.34267
-4.07368e-06 3.43174e-06 4.4681e-06 -0.291134 -0.271687 1.17755
-0.0595474 -0.0124929 0.00600497 0.196011 0.0198417 3.12678
0.0571199 -0.0080037 -0.00480234 0.196011 0.0198417 3.12678
-0.000410155 0.001682 0.00213936 1.76681 -0.0183957 1.58738
-0.0183567 0.00454065 0.01641 -2.02641 -1.39369 3.1018
0.0204724 -0.00296906 0.00108021 -1.04217 1.4544 -2.27239
-0.000301587 0.000252659 -0.00079268 -0.0187625 -4.21703e-05 -0.00354658
5.23965e-07 6.16903e-07 3.24848e-07 -0.0187657 -3.54918e-05 -0.00354871
-3.61398e-06 -2.24601e-06 -1.8738e-06 -0.107114 0.355022 -1.27053
-1.64132e-06 -4.15368e-06 1.69563e-08 -0.162294 -0.205927 1.10258
-0.0479182 -0.00843015 0.0127268 0.19321 0.00877133 3.12463
0.0416668 -0.00122041 0.00171427 0.19321 0.00877133 3.12463
0.00103052 0.00147956 0.0014796 1.76404 -0.0183288 1.57615
-0.0116495 0.00317636 0.0191474 -1.14853 -1.50788 2.19596
0.0101956 -0.0054427 0.00549219 0.262421 1.48511 -0.987083
-0.000109769 -0.000423561 -0.000182479 -0.019666 -6.75838e-05 -0.00302469
9.9994e-07 1.2858e-06 2.07283e-07 -0.0196599 -4.45433e-05 -0.00302908
-5.80162e-06 1.56399e-06 2.49297e-07 0.0235114 0.327368 -1.24103
7.65654e-06 9.34079e-07 4.56318e-07 -0.0578292 -0.130015 1.05567
-0.0388731 -0.00637081 0.0143142 0.195818 -0.00024908 3.1224
0.0310818 0.000566295 0.00785365 0.195818 -0.00024908 3.1224
-0.00132032 0.00154599 -0.00144192 1.76665 -0.0187817 1.56682
-0.00906654 0.000548398 0.0159052 0.237408 -1.46274 0.789519
0.00693758 -0.00241288 0.00876741 0.856899 1.41946 -0.403934
0.000143876 -0.00032814 0.000685159 -0.0164447 -4.66805e-05 -0.00371992
-9.95095e-07 -2.49219e-06 -3.34905e-07 -0.0164481 -3.42418e-05 -0.00372301
-2.35331e-07 1.81797e-06 5.05072e-07 0.119668 0.293877 -1.22033
-2.9634e-06 1.27605e-05 6.49625e-06 0.0254647 -0.066563 1.02388
-0.0513005 -0.012474 0.0257462 0.195101 -0.0239002 3.12338
0.0287519 0.00179875 0.00753484 0.195101 -0.0239002 3.12338
-0.00166211 -0.000238394 0.000738808 1.76586 -0.0132382 1.54382
-0.00296723 -0.00454839 0.0204536 0.648802 -1.29167 0.391102
0.007439 -0.00233602 0.00730102 1.0677 1.34777 -0.195441
-0.000804194 0.000471305 -0.000472936 -0.0186511 -1.40525e-05 7.74626e-05
-6.33527e-07 9.78442e-07 4.27761e-07 -0.0186556 -3.45074e-06 8.11806e-05
-4.08495e-06 -2.89889e-06 -1.9766e-06 0.202213 0.265614 -1.1987
1.13825e-05 -1.67186e-05 -6.79047e-06 0.167388 0.0129031 1.02313
0 0 0 0.195101 -0.0239002 3.12338
0 0 0 0.195101 -0.0239002 3.12338
0 0 0 1.76586 -0.0132382 1.54382
0 0 0 0.648802 -1.29167 0.391102
0 0 0 1.0677 1.34777 -0.195441
0 0 0 -0.0186511 -1.40525e-05 7.74626e-05
0 0 0 -0.0186556 -3.45074e-06 8.11806e-05
0 0 0 0.202213 0.265614 -1.1987
0 0 0 0.167388 0.0129031 1.02313
-0.0084565 -0.00405648 0.00161119 0.19906 -0.0258273 3.12273
-0.00333083 0.00191648 -0.000271192 0.19906 -0.0258273 3.12273
-0.000444825 -0.000183969 -0.000521635 1.76981 -0.0133805 1.54175
0.00149938 -0.00359994 -8.11034e-05 0.706658 -1.2563 0.350697
0.00687135 0.00242428 0.00109682 0.976644 1.38515 -0.246129
0.00011693 -0.000459752 0.00049009 -0.0163738 -9.76537e-06 -0.000477456
-3.07515e-07 -1.30089e-06 5.43016e-07 -0.0163789 -7.13303e-06 -0.000478173
8.249e-06 2.5178e-06 2.12367e-06 0.158995 0.261753 -1.17322
-9.3601e-06 7.68482e-06 -2.97584e-06 0.20234 0.0124067 1.03521
0.00283897 0.000463166 -0.00306341 0.198855 -0.0322879 3.12167
-0.0131574 -0.00099261 -0.00451379 0.198855 -0.0322879 3.12167
0.00083765 0.00131296 0.00229439 1.76957 -0.0131491 1.53521
-0.00367555 -0.00188944 -0.000123356 0.694157 -1.28402 0.351066
-0.00346921 -0.00131434 -0.00104556 0.925914 1.42224 -0.298004
-0.00057968 0.00022743 -0.000620563 -0.0192879 1.02992e-05 0.0022805
8.66865e-07 2.87459e-06 -6.72411e-07 -0.0192874 2.00032e-05 0.0022789
2.75803e-07 -1.63009e-06 -8.69784e-07 0.122876 0.265262 -1.18622
-4.33193e-06 -4.24515e-06 1.74578e-06 0.181962 0.0117868 1.02697
0.0201244 0.00511252 -0.00676479 0.200674 -0.0271299 3.11867
-0.0154514 -0.000808926 -0.00494174 0.200674 -0.0271299 3.11867
0.000291871 9.22538e-05 0.000288697 1.77143 -0.0170579 1.53965
0.000594797 0.00172541 -0.00410578 0.623986 -1.35619 0.412957
-0.00582593 0.000427409 -0.0040759 0.804082 1.45463 -0.42823
1.64897e-05 -0.000152785 -0.000432235 -0.0213488 2.86978e-05 0.00219132
-4.56351e-07 -1.11402e-06 8.40297e-09 -0.0213503 2.44975e-05 0.0021889
3.31815e-06 2.01468e-06 1.18363e-06 0.0869773 0.280888 -1.20477
1.56825e-06 4.14593e-06 -5.09886e-06 0.124744 -0.00355524 1.02553
0.0216983 0.00568441 -0.0145762 0.199917 -0.0225572 3.11992
-0.0212448 0.0039927 -0.00816783 0.199917 -0.0225572 3.11992
-0.000983899 0.000117356 -0.00312413 1.77069 -0.0167599 1.54439
0.00190031 0.00968706 -0.0121437 0.327463 -1.41247 0.691258
-0.00705343 0.00584052 -0.00707597 0.419581 1.49491 -0.812584
0.0004643 6.92388e-05 0.000957929 -0.0168023 4.6175e-06 -3.23812e-06
1.7409e-07 7.94088e-08 -2.12793e-07 -0.0168018 9.36542e-07 -2.24698e-06
1.5449e-06 1.58638e-06 2.20232e-07 0.0324463 0.312051 -1.22113
-4.07631e-06 1.09238e-05 2.98729e-06 0.0507737 -0.0509791 1.01232
0.0323101 0.00651682 -0.0162152 0.200868 -0.0170827 3.12128
-0.0272485 0.00227789 -0.00797369 0.200868 -0.0170827 3.12128
-0.000900033 -0.000113176 -0.00258325 1.77167 -0.0164918 1.55001
0.00599477 0.0026377 -0.0164363 -0.28398 -1.48072 1.30691
-0.00854456 0.00601116 -0.00833373 -0.595075 1.49932 -1.82283
0.00015141 -0.000559081 0.000479478 -0.0145717 5.42775e-06 -0.00072239
-9.03235e-09 -3.58951e-07 -2.71004e-08 -0.0145733 -2.62947e-06 -0.00072035
-3.29167e-07 4.34827e-06 1.26666e-06 -0.0426547 0.349259 -1.24354
8.48953e-07 -2.90148e-06 -1.30222e-06 -0.0254109 -0.116994 1.02699
