0.0450845 -0.0567735 -0.147546 0.350042 0.0305714 3.1371
-0.0764569 -0.118238 -0.127598 0.350568 0.0416442 3.13653
2.89493 0.157838 -0.19288 1.92112 -0.0190571 1.60817
-0.212776 -0.0858711 -0.0518931 -1.84432 -0.30438 -3.01766
0.201955 -0.0853812 -0.0563375 -1.76858 0.248875 -3.02414
-0.000387077 0.408536 -0.0052141 -0.0252917 5.40314e-05 0.00188113
3.02583e-07 0.202424 6.0344e-08 -0.0252928 3.38886e-05 0.00188006
0.152288 0.202422 3.16582e-06 -1.31641 0.190533 -1.39984
-0.15229 0.202422 -6.97177e-06 -1.20192 -0.174335 1.36393
-0.00258682 0.00269799 0.0148303 0.350568 0.0416442 3.13653
0 0 0 0.350568 0.0416442 3.13653
0 0 0 1.92112 -0.0190571 1.60817
0 0 0 -1.84432 -0.30438 -3.01766
0 0 0 -1.76858 0.248875 -3.02414
0 0 0 -0.0252917 5.40314e-05 0.00188113
0 0 0 -0.0252928 3.38886e-05 0.00188006
0 0 0 -1.31641 0.190533 -1.39984
0 0 0 -1.20192 -0.174335 1.36393
-0.00644523 0.00852934 0.00595974 0.346356 0.0384661 3.13468
0.00550828 0.00803119 0.00604325 0.346356 0.0384661 3.13468
0.000379875 -1.41282e-05 -0.00215602 1.91696 -0.0195613 1.60464
-0.00667118 0.00473755 0.00727897 -1.83876 -0.308134 -3.00301
0.00974879 -3.26566e-05 -0.00576102 -1.79886 0.206534 -3.05412
-0.000492684 -0.000131506 0.000209654 -0.0242948 3.90029e-05 0.00426206
-1.13988e-06 -1.40997e-06 4.67281e-07 -0.0242864 4.52198e-05 0.00425873
5.87995e-06 5.63391e-06 -3.58091e-06 -1.34428 0.208227 -1.36723
-2.13335e-06 1.2401e-05 7.7714e-06 -1.19333 -0.151899 1.33824
0 0 0 0.346356 0.0384661 3.13468
0 0 0 0.346356 0.0384661 3.13468
0 0 0 1.91696 -0.0195613 1.60464
0 0 0 -1.83876 -0.308134 -3.00301
0 0 0 -1.79886 0.206534 -3.05412
0 0 0 -0.0242948 3.90029e-05 0.00426206
0 0 0 -0.0242864 4.52198e-05 0.00425873
0 0 0 -1.34428 0.208227 -1.36723
0 0 0 -1.19333 -0.151899 1.33824
-0.00430716 0.00627327 0.00370551 0.346732 0.0485135 3.13319
-0.0103062 -0.00101 -0.0219366 0.346732 0.0485135 3.13319
0.000585937 7.1749e-05 -0.000155871 1.91721 -0.0243857 1.61358
-0.00465287 0.00159308 0.00194418 -1.84346 -0.300926 -2.98547
-0.0138562 0.00262083 -0.00750753 -1.81382 0.257548 -3.0401
0.00103748 0.000229561 -0.000391031 -0.0261009 -2.14919e-05 -0.000759681
6.17872e-07 7.22816e-06 6.10714e-08 -0.0260104 -1.18367e-06 -0.000765285
-4.28702e-06 1.60833e-06 1.51087e-06 -1.30723 0.2365 -1.41244
3.78728e-06 -3.33956e-06 -7.79564e-06 -1.19335 -0.145561 1.32139
-0.00615841 0.0148668 -0.00701183 0.321122 0.0436092 3.13183
-0.00214234 0.0109106 -0.013092 0.321122 0.0436092 3.13183
-0.00115065 0.000446437 -0.00471395 1.89169 -0.0230223 1.6091
-0.00210285 0.00399033 -0.00049122 -1.87839 -0.326168 -2.94117
-0.00488508 0.00885102 -0.00902886 -1.84868 0.273769 -3.04649
-0.000543764 0.00133211 -0.00223159 -0.0366678 2.33566e-05 0.00186249
4.74417e-07 -6.80819e-05 -4.05423e-06 -0.0366273 3.06706e-05 0.00186221
3.23494e-06 -5.9178e-05 3.17629e-06 -1.29358 0.27451 -1.42469
-6.44398e-06 -4.03081e-05 3.4866e-05 -1.15041 -0.149053 1.31089
-0.0987261 -0.0419297 0.0192499 0.358148 0.0391938 3.12774
0.000526661 -0.00983987 -0.00018923 0.358148 0.0391938 3.12774
0.00268437 -0.000767629 0.0104721 1.92879 -0.0267128 1.60265
-0.000777009 -0.0120188 0.00559143 -1.86013 -0.441146 -3.00467
-0.000721457 -0.0126365 -0.00118388 -1.84193 0.271826 -3.05616
0.00059723 -0.00149019 0.00171949 -0.0287096 -2.56822e-05 -0.00104156
-1.25073e-06 -9.70365e-05 7.14898e-06 -0.0287689 -1.79631e-05 -0.00105058
5.83027e-07 -0.000117582 -7.77404e-06 -1.29504 0.267231 -1.43336
1.10027e-05 -0.000182682 -5.64927e-05 -1.06219 -0.124792 1.31852
-0.0666896 -0.043393 -0.0457646 0.346497 0.0355214 3.13432
0.109877 -0.0860942 -0.117661 0.346497 0.0355214 3.13432
0.00461474 0.000283708 -0.000960192 1.91713 -0.0189025 1.60174
0.0119844 0.0276965 0.0775468 -1.19142 -1.14058 2.55588
0.0041889 -0.0102021 -0.00292756 -1.49935 0.77334 -2.61039
-0.000420436 0.000902055 0.000981985 -0.0237559 -1.64242e-05 0.00103253
3.302e-06 5.05826e-05 -6.54406e-06 -0.0237083 -2.45933e-06 0.00103879
-9.84927e-07 7.70772e-05 3.67732e-06 -0.832942 0.267138 -1.4243
-1.25057e-05 0.000132271 3.55718e-05 -0.402322 0.147199 1.33608
0 0 0 0.346497 0.0355214 3.13432
0 0 0 0.346497 0.0355214 3.13432
0 0 0 1.91713 -0.0189025 1.60174
0 0 0 -1.19142 -1.14058 2.55588
0 0 0 -1.49935 0.77334 -2.61039
0 0 0 -0.0237559 -1.64242e-05 0.00103253
0 0 0 -0.0237083 -2.45933e-06 0.00103879
0 0 0 -0.832942 0.267138 -1.4243
0 0 0 -0.402322 0.147199 1.33608
0.0112289 -0.0306162 -0.0791574 0.332916 0.0530247 -3.12684
0.0671119 -0.0173287 -0.0305619 0.332916 0.0530247 -3.12684
0.00199733 -0.0074913 -0.0039166 1.90323 -0.0033739 1.62573
0.019515 -0.0158021 -0.0515964 -1.00704 -1.17734 2.37289
0.012887 0.00664167 -0.00307003 -1.22768 0.914467 -2.3216
-0.000718165 0.000333407 -2.64184e-05 -0.0238706 8.7121e-05 0.00444145
-4.7133e-06 -8.32935e-06 2.87888e-06 -0.0238554 6.74517e-05 0.00446687
-5.55076e-05 -1.47973e-05 1.99281e-06 -0.640937 0.280423 -1.37804
6.77568e-05 -3.07371e-05 -1.22355e-05 -0.330281 -0.0412916 1.41647
0.00598313 -0.00898768 -0.0704426 0.308079 0.0590616 -3.13925
0.0382991 -0.00776028 -0.0228761 0.308079 0.0590616 -3.13925
0.00219114 0.00311625 -0.00310055 1.87836 -0.0156688 1.6278
-0.0108704 -0.00557791 -0.0499364 -1.19449 -1.15533 2.45896
-0.000684313 0.00136597 0.00234709 -0.926074 1.01175 -2.09257
-0.000390794 -0.00155814 -0.00218122 -0.034551 0.000107802 0.00641128
3.11765e-06 -7.91037e-05 -3.60057e-06 -0.0344806 0.000109756 0.00640617
3.9743e-05 -6.40202e-05 6.92773e-06 -0.456024 0.274504 -1.37951
-5.35101e-05 -4.12525e-05 2.3266e-05 -0.393973 -0.210195 1.38232
0 0 0 0.308079 0.0590616 -3.13925
0 0 0 0.308079 0.0590616 -3.13925
0 0 0 1.87836 -0.0156688 1.6278
0 0 0 -1.19449 -1.15533 2.45896
0 0 0 -0.926074 1.01175 -2.09257
0 0 0 -0.034551 0.000107802 0.00641128
0 0 0 -0.0344806 0.000109756 0.00640617
0 0 0 -0.456024 0.274504 -1.37951
0 0 0 -0.393973 -0.210195 1.38232
0.0196351 0.0202927 -0.0243671 0.287497 0.0698299 -3.13945
-0.00743703 0.00676973 -0.0109971 0.287497 0.0698299 -3.13945
-0.000313982 0.000516707 -0.00410635 1.85762 -0.0177267 1.63838
-0.00201709 -0.000431181 -0.0261494 -1.4957 -1.12672 2.71932
-0.00132626 0.000873776 -0.00640672 -0.984264 1.02546 -2.14717
0.00102872 0.000926248 -0.00130847 -0.0407693 4.83166e-05 0.00140417
-3.81918e-07 6.15312e-05 1.98573e-06 -0.0407408 3.34106e-05 0.00140574
3.1286e-06 4.52417e-05 -3.33177e-06 -0.46854 0.295408 -1.38341
-2.39568e-07 3.25817e-05 -1.4184e-05 -0.464155 -0.294226 1.3758
0.0452147 0.0227513 0.0772438 0.316531 0.0447832 -3.13246
-0.075064 0.0399275 0.0336281 0.316531 0.0447832 -3.13246
-0.00550341 -0.00290439 -0.000203883 1.88701 -0.00525878 1.6162
-0.0110335 0.00922113 0.0377385 -1.70728 -0.88863 2.93536
-0.0117854 0.0119524 0.00962563 -1.39459 0.907239 -2.54601
-0.000964609 -0.0010733 0.00227209 -0.0299467 8.13761e-05 0.00608992
-4.64942e-07 -2.52043e-05 3.03158e-07 -0.0299306 8.90269e-05 0.00609573
-2.44761e-06 -2.7186e-05 -4.73154e-06 -0.682257 0.277662 -1.41661
5.61225e-06 -2.59935e-05 2.28705e-06 -0.687443 -0.17477 1.33109
0 0 0 0.316531 0.0447832 -3.13246
0 0 0 0.316531 0.0447832 -3.13246
0 0 0 1.88701 -0.00525878 1.6162
0 0 0 -1.70728 -0.88863 2.93536
0 0 0 -1.39459 0.907239 -2.54601
0 0 0 -0.0299467 8.13761e-05 0.00608992
0 0 0 -0.0299306 8.90269e-05 0.00609573
0 0 0 -0.682257 0.277662 -1.41661
0 0 0 -0.687443 -0.17477 1.33109
0.0436352 0.0166309 0.0468188 0.303345 0.0529657 -3.12931
-0.014135 0.0308238 0.0338176 0.303345 0.0529657 -3.12931
-0.00262062 -0.00120515 -0.00507366 1.87371 -0.00408743 1.62502
0.00174182 0.00429751 -0.00211833 -1.79746 -0.646236 3.03641
0.0139817 0.0153723 0.00886688 -1.58951 0.804131 -2.69497
0.000492836 0.00151708 -0.00170603 -0.0379569 8.47106e-05 0.00366804
-2.75606e-09 6.39516e-05 -6.33467e-07 -0.0379388 7.36297e-05 0.00367324
5.74465e-06 6.67971e-05 2.80397e-06 -0.800431 0.259326 -1.35647
-5.19663e-06 7.11308e-05 1.03616e-06 -0.913238 -0.185039 1.33366
0.0312335 0.013452 0.0511507 0.347391 0.0515399 -3.13883
-0.0822531 0.00131302 0.0645521 0.347391 0.0515399 -3.13883
-0.00107029 0.00397648 0.0101694 1.91775 -0.0149387 1.62021
-0.000626732 -0.0138308 0.00725822 -1.81887 -0.438779 -3.11698
-0.0268485 -0.0176253 0.000563465 -1.70786 0.519307 -2.86804
-0.000995596 -0.000304105 0.00207952 -0.0279927 0.000125204 0.00849608
5.45122e-07 -9.89487e-06 1.2434e-06 -0.0279964 0.000120312 0.0084916
6.20931e-06 -1.71155e-05 -2.87623e-06 -1.09019 0.245923 -1.46299
-1.04254e-05 -2.37882e-05 -5.01315e-06 -1.09267 -0.152408 1.34272
0 0 0 0.347391 0.0515399 -3.13883
0 0 0 0.347391 0.0515399 -3.13883
0 0 0 1.91775 -0.0149387 1.62021
0 0 0 -1.81887 -0.438779 -3.11698
0 0 0 -1.70786 0.519307 -2.86804
0 0 0 -0.0279927 0.000125204 0.00849608
0 0 0 -0.0279964 0.000120312 0.0084916
0 0 0 -1.09019 0.245923 -1.46299
0 0 0 -1.09267 -0.152408 1.34272
0.0173712 0.0238933 0.00891203 0.318071 0.0505987 -3.13607
-0.0400087 0.022474 0.0215492 0.318071 0.0505987 -3.13607
-0.00149392 0.00139337 -0.00467887 1.88847 -0.010572 1.62059
0.00982725 0.0133786 -0.00568094 -1.84229 -0.375219 -3.07455
-0.0151441 0.00321423 -0.00631264 -1.77892 0.397098 -2.96612
0.000358637 0.00036859 -0.000868259 -0.0320605 0.000106168 0.00677011
1.98514e-06 -3.55382e-05 -5.36627e-06 -0.0320137 0.000107551 0.00677692
1.02212e-06 -2.26731e-05 7.42054e-06 -1.21252 0.270969 -1.51602
-8.42933e-06 -2.06546e-05 1.64788e-05 -1.14615 -0.180637 1.36642
0.000417251 0.00936055 0.0338191 0.318181 0.0464917 3.13936
-0.00989164 0.0164723 0.0367271 0.318181 0.0464917 3.13936
0.00332302 0.000132077 0.00522589 1.88867 -0.0166652 1.61426
-0.00977725 -0.0072995 0.00105229 -1.83495 -0.24249 -3.01209
0.00846201 -0.00112214 0.00595793 -1.80714 0.275629 -3.04118
0.000256606 0.00208847 -0.000602583 -0.0347392 0.000114484 0.00544306
-2.98417e-06 0.000102539 8.31635e-06 -0.0347521 0.000101722 0.00543659
-9.26461e-06 7.99044e-05 -9.06328e-06 -1.30683 0.249354 -1.48592
2.1064e-05 6.69925e-05 -2.48497e-05 -1.2564 -0.171195 1.33806
