-0.0675923 -0.106863 -0.197713 0.235691 0.0918898 -3.10358
0.026296 -0.126706 -0.228504 0.235691 0.0918898 -3.10358
2.59059 0.0998264 -0.246743 1.80551 0.0155422 1.669
-0.248188 -0.0609307 -0.0285593 -1.72492 -0.737117 2.8925
0.201406 -0.0876194 -0.0554898 -1.67882 0.767262 -2.92196
0.00078341 0.392317 -0.0060038 -0.029519 -4.62472e-05 -0.00384329
3.55941e-07 0.188964 2.25036e-07 -0.0295114 -5.42029e-05 -0.0038422
0.15375 0.188964 5.32062e-08 -0.817499 0.195177 -1.40017
-0.153753 0.188962 -3.20307e-06 -0.826793 -0.106479 1.2095
0 0 0 0.235691 0.0918898 -3.10358
0 0 0 0.235691 0.0918898 -3.10358
0 0 0 1.80551 0.0155422 1.669
0 0 0 -1.72492 -0.737117 2.8925
0 0 0 -1.67882 0.767262 -2.92196
0 0 0 -0.029519 -4.62472e-05 -0.00384329
0 0 0 -0.0295114 -5.42029e-05 -0.0038422
0 0 0 -0.817499 0.195177 -1.40017
0 0 0 -0.826793 -0.106479 1.2095
0 0 0 0.235691 0.0918898 -3.10358
0 0 0 0.235691 0.0918898 -3.10358
0 0 0 1.80551 0.0155422 1.669
0 0 0 -1.72492 -0.737117 2.8925
0 0 0 -1.67882 0.767262 -2.92196
0 0 0 -0.029519 -4.62472e-05 -0.00384329
0 0 0 -0.0295114 -5.42029e-05 -0.0038422
0 0 0 -0.817499 0.195177 -1.40017
0 0 0 -0.826793 -0.106479 1.2095
-0.0320943 -0.0222559 -0.0270687 0.233149 0.089608 -3.10143
0.0575239 -0.0115938 -0.0241037 0.233149 0.089608 -3.10143
0.000464356 -0.00016197 -2.44615e-05 1.80304 0.0184091 1.66724
0.0129691 -0.00773352 0.00225999 -1.53825 -0.928817 2.72199
0.00669416 -0.00129098 0.00766872 -1.50796 0.992363 -2.76327
-0.00011756 -0.000230718 7.42945e-05 -0.0291833 -5.10078e-05 -0.00327531
-2.85932e-07 2.23189e-06 -2.95696e-07 -0.029181 -4.87262e-05 -0.00327303
3.85307e-06 2.72673e-06 -4.82475e-07 -0.586122 0.167278 -1.37763
-1.64368e-06 3.13955e-06 4.20506e-06 -0.64505 -0.0970161 1.26455
-0.0313429 -0.0151406 -0.012612 0.234043 0.095464 -3.09797
0.0558439 -0.00770469 -0.0109443 0.234043 0.095464 -3.09797
0.000860859 -0.00404052 0.00104336 1.80187 0.0227028 1.68433
0.00334168 -0.00499945 0.00364301 -1.32972 -1.05037 2.53072
0.0110759 -0.00291439 0.00855979 -1.28087 1.16566 -2.54324
0.00048883 -0.000426466 0.000611368 -0.0262274 -5.8415e-05 -0.00569753
-5.39305e-06 1.95699e-06 7.22719e-07 -0.0306226 -8.86263e-05 -0.0066614
1.01705e-06 9.30039e-07 4.89194e-07 -0.390933 0.135326 -1.34188
3.82591e-06 -1.13642e-05 -1.17824e-05 -0.504216 -0.0823189 1.28176
-0.016735 -0.00873723 -0.00582543 0.232323 0.1053 -3.09341
0.03667 0.000607982 -0.00903375 0.232323 0.1053 -3.09341
0 0 0 1.80187 0.0227028 1.68433
-0.00250499 -0.00381975 0.00186991 -1.22297 -1.09395 2.42455
0.00775677 0.00393652 0.00274561 -1.0371 1.25711 -2.29214
0 0 0 -0.0262274 -5.8415e-05 -0.00569753
5.18022e-06 -1.54445e-06 -8.55823e-07 -0.0262246 -7.0394e-05 -0.00569171
-7.59047e-06 -8.88252e-07 3.51412e-07 -0.270927 0.126829 -1.31232
4.27915e-06 8.39605e-06 7.62579e-06 -0.447462 -0.0745172 1.27692
-0.0344211 -0.000803942 -0.000131741 0.234357 0.0914969 -3.10857
0.0171931 -0.00779233 -0.0125104 0.234357 0.0914969 -3.10857
-0.000839864 0.00579772 0.00020322 1.80417 0.0109083 1.66745
-0.012911 0.000865756 0.00642765 -1.09605 -1.15551 2.27146
-0.00312892 -0.00887886 -0.00708263 -0.776931 1.31164 -2.06314
-0.000586468 -0.000147162 -0.000743097 -0.0299152 -7.73444e-05 -0.00276554
2.02635e-06 -2.06787e-05 2.93124e-07 -0.0299203 -5.08816e-05 -0.0027952
-2.75999e-05 -2.16132e-05 -1.5159e-06 -0.182601 0.147132 -1.33025
2.06774e-05 -1.28426e-05 6.43887e-06 -0.367495 -0.0509605 1.23204
-0.0200849 -0.00108137 -0.00516801 0.233623 0.0783424 -3.11548
0.0108053 0.00038316 -0.00630744 0.233623 0.0783424 -3.11548
-0.000880627 0.00226497 -0.000895856 1.8037 0.00729179 1.65305
-0.00541881 -0.000137524 0.000346487 -0.979777 -1.19331 2.14386
-0.00261258 -0.00424096 -0.00104527 -0.571479 1.35355 -1.88529
0.000148271 3.78719e-05 0.000826023 -0.0258272 -8.14119e-05 -0.00352066
-8.65625e-07 6.86991e-06 -6.07511e-07 -0.0258267 -5.88679e-05 -0.00353237
1.35127e-06 8.99421e-06 -2.15981e-06 -0.118105 0.148833 -1.34218
-1.68218e-06 1.28032e-05 7.24023e-06 -0.311409 -0.0494246 1.2142
-0.00857733 0.00205948 -0.00494222 0.232466 0.0756338 -3.11831
0.00439724 0.00232305 -0.00506012 0.232466 0.0756338 -3.11831
0.000636465 0.00134413 -0.00137445 1.80259 0.00524885 1.64976
-0.0010888 -0.00108958 -0.00423782 -0.928014 -1.21874 2.09101
0.00238817 0.00273399 -0.0037273 -0.544103 1.35541 -1.84787
0.000436866 0.000378094 -0.000372197 -0.0276269 -8.27197e-05 -0.00567444
-7.4176e-07 8.27379e-06 9.24826e-07 -0.0276257 -7.95245e-05 -0.00567764
1.82344e-05 8.63347e-06 1.81484e-06 -0.112339 0.162194 -1.33228
-1.4432e-05 2.85732e-06 -1.12271e-05 -0.280221 -0.0639606 1.21201
0.00043942 0.00223929 -0.0037368 0.234291 0.0753134 -3.12327
-0.00662997 -0.00148157 7.6654e-05 0.234291 0.0753134 -3.12327
-0.000395022 0.000279395 -0.000359648 1.80441 0.000360823 1.64831
1.70091e-05 0.00361738 -0.00214503 -0.932007 -1.21568 2.08741
-0.00536347 0.000986498 0.000246894 -0.538373 1.3451 -1.85747
0.000168942 -0.000216057 0.000643047 -0.0244802 -8.08232e-05 -0.0065285
-9.28228e-07 1.85367e-06 -4.11463e-07 -0.0244833 -8.03645e-05 -0.00653713
8.67824e-06 8.69956e-07 1.10586e-06 -0.11654 0.162562 -1.34928
-5.00238e-06 -9.22487e-08 8.3893e-07 -0.283661 -0.0723128 1.20757
0.0129763 0.00901626 -0.00215534 0.24001 0.0767611 -3.12126
-0.0163246 -0.00361756 -0.00023559 0.24001 0.0767611 -3.12126
-0.000481693 0.00168756 0.000699404 1.81009 0.00152192 1.65019
0.00188522 -0.000301324 -0.00150816 -1.0897 -1.22192 2.25324
-0.00352901 -0.00414073 -0.000148536 -0.738671 1.32846 -2.06125
-0.000276213 0.000127846 -0.000680597 -0.0278233 -6.79983e-05 -0.00513324
1.6342e-06 1.23702e-06 2.1453e-07 -0.0278327 -7.06194e-05 -0.00513064
3.51542e-06 3.4559e-07 -1.79184e-07 -0.16449 0.161279 -1.36397
-1.12142e-05 -3.15688e-06 -2.03162e-06 -0.308855 -0.0777391 1.21426
0.0543485 0.0215874 -0.0053618 0.235063 0.0805593 -3.12528
-0.05889 0.012427 0.00206999 0.235063 0.0805593 -3.12528
-0.000389419 -0.000689882 -0.00471324 1.80509 -0.00287497 1.65294
0.0152235 0.0121736 -0.0185834 -1.42777 -1.11503 2.58975
-0.0147734 0.00473056 -0.0128217 -1.25796 1.21573 -2.57513
0.000172831 0.00129696 -0.000397398 -0.0295888 -8.08413e-05 -0.00596974
-1.09436e-06 2.09205e-06 4.97846e-08 -0.0295844 -8.67409e-05 -0.00596977
1.98065e-06 2.44503e-06 5.32853e-07 -0.344901 0.208077 -1.41059
5.33999e-06 3.47756e-06 -6.02604e-07 -0.456425 -0.151814 1.2521
0 0 0 0.235063 0.0805593 -3.12528
0 0 0 0.235063 0.0805593 -3.12528
0 0 0 1.80509 -0.00287497 1.65294
0 0 0 -1.42777 -1.11503 2.58975
0 0 0 -1.25796 1.21573 -2.57513
0 0 0 -0.0295888 -8.08413e-05 -0.00596974
0 0 0 -0.0295844 -8.67409e-05 -0.00596977
0 0 0 -0.344901 0.208077 -1.41059
0 0 0 -0.456425 -0.151814 1.2521
0.0389556 0.0134781 0.00680688 0.235039 0.0879873 -3.12515
-0.0422865 0.00511968 0.0191157 0.235039 0.0879873 -3.12515
0.000416506 0.000139207 0.000705061 1.80492 -0.00446965 1.6602
0.00957111 0.00304415 -0.00737818 -1.60216 -1.01066 2.77522
-0.00246889 0.00369001 0.00372109 -1.47084 1.06241 -2.76202
0.000343144 0.000359442 -0.000286621 -0.0309353 -0.000107394 -0.00763324
1.38371e-07 2.44881e-06 -1.00798e-07 -0.0309351 -0.000115163 -0.0076331
-1.32992e-06 2.10427e-06 2.1074e-07 -0.516923 0.198418 -1.41708
3.02142e-07 1.47572e-06 -9.59423e-08 -0.570504 -0.182822 1.28353
0.0303662 0.013239 0.0312478 0.238758 0.0871451 -3.12215
-0.0380552 0.00714421 0.0171425 0.238758 0.0871451 -3.12215
-0.00107519 -0.00143483 -0.000375591 1.80863 -0.00168876 1.66007
-0.0151625 -0.00677098 -0.00265651 -1.82379 -0.801069 2.98174
-0.000820408 0.00465152 -0.00407476 -1.6111 0.900642 -2.86545
-0.000693787 -6.30774e-05 -0.000219993 -0.0320174 -6.88111e-05 -0.00424893
-2.68472e-07 -1.13192e-06 -1.27322e-07 -0.0320205 -6.81898e-05 -0.00424674
3.22786e-06 -1.62547e-07 -3.02214e-07 -0.688444 0.215576 -1.41743
-1.99264e-06 1.23343e-06 3.42042e-06 -0.755573 -0.185007 1.23667
0.0296814 0.00873543 0.0140298 0.237482 0.0761578 -3.12053
-0.0340321 0.00690321 0.014153 0.237482 0.0761578 -3.12053
-0.000450682 -0.000625826 -0.00023091 1.80758 0.00256968 1.64977
0.00493502 0.00117542 -0.00670893 -1.87039 -0.674707 3.04044
-0.00542371 0.0032626 -0.00810173 -1.69823 0.762185 -2.92731
-0.000643229 -3.99015e-05 0.000391558 -0.0301061 -3.38726e-05 -0.00110207
1.00491e-07 1.00997e-06 -3.97797e-07 -0.030105 -2.17018e-05 -0.00110017
-7.27235e-06 1.53932e-06 -1.6875e-06 -0.832818 0.246335 -1.43499
7.39746e-06 1.01883e-06 5.47684e-06 -0.868033 -0.210978 1.25274
0.018057 0.0126997 0.0264214 0.239859 0.067226 -3.12477
0.0002738 0.00980117 0.0432615 0.239859 0.067226 -3.12477
-0.00175733 0.000713548 -0.00042608 1.81011 0.000381373 1.64009
-0.00802077 -0.00321612 -0.00119645 -1.92081 -0.527418 3.12473
0.029612 -0.00321787 0.0161657 -1.78703 0.613118 -3.01786
0.00118096 0.000480714 0.00028877 -0.0286237 -0.000105537 -0.00685729
2.30253e-07 -2.59507e-06 -2.66388e-07 -0.0286283 -0.000101144 -0.00686428
4.24261e-06 -2.6904e-06 1.94024e-06 -0.948751 0.184872 -1.33336
-5.9674e-06 5.66732e-06 2.25742e-07 -0.979324 -0.210909 1.22852
0 0 0 0.239859 0.067226 -3.12477
0 0 0 0.239859 0.067226 -3.12477
0 0 0 1.81011 0.000381373 1.64009
0 0 0 -1.92081 -0.527418 3.12473
0 0 0 -1.78703 0.613118 -3.01786
0 0 0 -0.0286237 -0.000105537 -0.00685729
0 0 0 -0.0286283 -0.000101144 -0.00686428
0 0 0 -0.948751 0.184872 -1.33336
0 0 0 -0.979324 -0.210909 1.22852
-0.0122795 -0.016062 -0.0129652 0.238425 0.063873 -3.12497
0.00386676 -0.00598467 -0.0262576 0.238425 0.063873 -3.12497
0.000304689 -2.04457e-05 0.000453215 1.80873 0.00108012 1.63679
0.00532321 0.00592666 0.0110386 -1.83436 -0.641237 3.01487
-0.0176344 0.0016855 0.00259531 -1.70247 0.749436 -2.96365
0.000324606 -0.000590101 0.00083582 -0.0246273 -0.000104942 -0.00846875
-1.44131e-07 2.93948e-06 5.60447e-07 -0.0246292 -0.000104424 -0.00846728
4.96415e-06 -3.86148e-07 -6.26776e-07 -0.829455 0.179438 -1.39336
-3.38773e-06 -1.0824e-05 -6.15626e-06 -0.903935 -0.176566 1.24007
-0.0286863 -0.0162972 -0.0141034 0.238874 0.0689586 -3.13368
0.0239079 -0.00730675 -0.0137758 0.238874 0.0689586 -3.13368
0.00105982 0.0026575 0.00293368 1.8091 -0.00861789 1.63967
5.04738e-05 0.00581148 0.00956284 -1.7217 -0.774118 2.87195
-0.00224533 -0.00278251 0.00833682 -1.61682 0.877745 -2.90852
0.000998299 -0.000839687 5.00168e-05 -0.0244872 -0.00015455 -0.0133981
4.13691e-07 -5.08542e-06 3.76181e-07 -0.0244877 -0.000162222 -0.0134113
-7.82116e-06 -8.48885e-06 5.76303e-07 -0.701486 0.149233 -1.40289
4.03835e-06 -4.84614e-06 -2.92449e-06 -0.795573 -0.144389 1.23283
