-0.090098 0.00216475 -0.309814 0.198978 0.0189621 3.09605
0.124689 -0.0549648 -0.333641 0.198978 0.0189621 3.09605
1.71805 0.0164156 0.146385 1.76998 -0.0483951 1.58038
-0.217026 -0.0741149 -0.0876049 -2.34508 -0.983049 -2.60043
0.198885 -0.077774 -0.0915775 -2.0671 1.26056 2.84343
-0.00130224 0.428223 -0.016664 -0.0772306 0.000228731 0.00603116
1.5642e-07 0.212891 -1.79288e-07 -0.0772288 0.000231956 0.00603001
0.160354 0.212891 -5.07158e-07 -0.284874 0.302784 -1.43894
-0.160354 0.212892 1.41511e-06 -0.426587 -0.290969 1.37583
0 0 0 0.198978 0.0189621 3.09605
0 0 0 0.198978 0.0189621 3.09605
0 0 0 1.76998 -0.0483951 1.58038
0 0 0 -2.34508 -0.983049 -2.60043
0 0 0 -2.0671 1.26056 2.84343
0 0 0 -0.0772306 0.000228731 0.00603116
0 0 0 -0.0772288 0.000231956 0.00603001
0 0 0 -0.284874 0.302784 -1.43894
0 0 0 -0.426587 -0.290969 1.37583
-0.0548241 -0.0160726 -0.0163105 0.197718 0.0223763 3.0946
0.0611335 -0.0200266 -0.0283085 0.197718 0.0223763 3.0946
0.000512203 0.000504673 -0.000567797 1.76872 -0.0504712 1.5835
-0.014306 0.00856386 0.00473535 -2.39728 -1.17848 -2.6029
0.0253133 0.00535265 -0.0146196 -1.77513 1.42157 -3.07456
7.79399e-05 -0.000742606 0.000143913 -0.076836 0.000228351 0.00569136
9.64437e-08 4.94376e-07 2.90997e-07 -0.0768335 0.000220477 0.00568814
1.88975e-06 8.46325e-07 5.44548e-07 -0.155483 0.348426 -1.35064
-2.44443e-06 7.79123e-07 -3.06911e-06 -0.272914 -0.280773 1.32119
-0.0437926 -0.0164894 -0.0121336 0.193297 0.0374456 3.09303
0.0506512 -0.0157052 -0.00794745 0.193297 0.0374456 3.09303
0.00104151 0.000171152 0.000547329 1.76425 -0.054848 1.59822
-0.0168226 0.00785437 0.000220656 -2.35127 -1.32034 -2.71107
0.0194189 -0.00257397 0.000358494 -0.723048 1.50557 -1.99596
0.000797235 0.000220913 2.62478e-05 -0.0766329 0.000100228 0.00198105
-1.24418e-07 -8.05395e-07 -1.87178e-07 -0.0766283 8.12069e-05 0.00197926
-1.69988e-05 -1.83211e-06 4.64825e-07 -0.0457247 0.33949 -1.28919
1.77047e-05 -3.25666e-06 -2.39225e-06 -0.184319 -0.282717 1.25689
-0.0274061 -0.0097423 -0.00458929 0.191043 0.0437756 3.09313
0.0287517 -0.00680762 -0.00168929 0.191043 0.0437756 3.09313
0.000524906 -0.000139292 0.000939756 1.76196 -0.0558914 1.60458
-0.010973 0.00220441 0.00301759 -2.29493 -1.39905 -2.79872
0.0118339 -0.00183733 0.000242754 0.129207 1.48501 -1.1287
0.000174844 -0.00100965 0.000262791 -0.0757705 5.72356e-05 0.00117642
1.10446e-08 1.12155e-06 -1.86585e-08 -0.0757678 4.81373e-05 0.00117668
7.15133e-06 1.50083e-07 3.59402e-07 0.0116985 0.33337 -1.25361
-7.1429e-06 -1.5741e-06 1.31904e-06 -0.13326 -0.271557 1.2181
-0.00821784 -0.000749856 -7.49972e-05 0.190516 0.0522294 3.0924
0.0121568 0.00238021 -0.00103564 0.190516 0.0522294 3.0924
-2.01436e-05 0.000112709 -0.000443863 1.76138 -0.0581907 1.61277
-0.0029679 0.000890923 0.00211792 -2.30722 -1.4206 -2.79322
0.00437358 0.00248507 0.00215352 0.382845 1.47008 -0.869104
0.000360842 0.000597376 -0.000141446 -0.0762172 -9.33401e-06 -0.000504622
2.06588e-08 1.40895e-07 6.65151e-08 -0.076217 -1.72477e-05 -0.000505281
8.27064e-07 1.82093e-06 -7.10475e-07 0.0397059 0.328005 -1.23739
-9.45784e-07 4.88906e-06 3.86706e-07 -0.115099 -0.264486 1.20732
0.00907903 0.0058554 0.00338622 0.19435 0.0524733 3.09066
-0.00550159 0.00538852 -0.00361592 0.19435 0.0524733 3.09066
-0.000214963 -0.000137776 0.000562959 1.76523 -0.0601038 1.61245
0.00557177 -0.00158003 0.00339294 -2.41023 -1.39782 -2.66798
-0.00501376 0.000782069 -0.00370117 0.510718 1.48365 -0.758306
-0.000212069 -0.000112768 0.000189975 -0.0753804 1.80735e-05 0.000477644
-4.16549e-07 -3.2416e-07 3.6791e-07 -0.0753859 1.80014e-05 0.000474859
6.14323e-06 -1.32269e-06 -5.6317e-07 0.0451695 0.341335 -1.2523
-4.77391e-06 -2.3334e-06 1.1369e-06 -0.119039 -0.253793 1.22754
0.0252048 0.0127898 0.00282987 0.192873 0.0571291 3.08944
-0.0142512 0.00757172 -0.00312227 0.192873 0.0571291 3.08944
-0.000124024 0.000480381 0.000256928 1.76373 -0.0621336 1.61688
0.0119864 -0.00794775 -0.00395041 -2.54476 -1.31103 -2.48624
-0.00823268 0.00425434 -0.00319883 0.423842 1.5079 -0.860834
-8.4744e-05 5.20158e-05 -0.000285821 -0.0766784 4.42614e-05 0.000879023
6.08588e-07 3.29986e-07 -6.994e-07 -0.0766765 3.68191e-05 0.000877225
1.25123e-06 8.05455e-07 8.67057e-07 0.0275877 0.357853 -1.27428
-3.44089e-06 1.1308e-06 4.63026e-07 -0.150098 -0.263385 1.27581
0.0349672 0.0109455 0.0117956 0.197433 0.0473178 3.08886
-0.0318585 0.00415042 -0.00777324 0.197433 0.0473178 3.08886
-0.000121331 0.000210311 0.00208858 1.76838 -0.0609839 1.60685
0.00736068 -0.00915014 0.000347182 -2.50365 -1.17639 -2.49497
-0.0190119 -0.0016229 -0.0064502 -0.488741 1.54379 -1.82176
0.000465429 0.00178067 0.00122335 -0.0704277 -6.93849e-05 -0.0012743
-7.75717e-08 -3.40661e-07 4.35432e-07 -0.0704355 -5.02007e-05 -0.00127586
-4.9341e-06 -5.1873e-06 -4.38436e-06 -0.0136796 0.380875 -1.33829
4.54954e-06 -9.45224e-06 6.22992e-06 -0.238915 -0.256566 1.30853
0.0469258 0.0138215 0.0167984 0.193473 0.0478897 3.08863
-0.0447154 0.0122408 0.00954809 0.193473 0.0478897 3.08863
0.00064869 -0.000117628 0.00211329 1.76442 -0.0611762 1.60761
0.0104573 -0.0044666 -0.0032771 -2.41189 -1.00824 -2.54651
-0.014583 -0.0098804 0.00562004 -2.22303 1.43883 2.70163
-0.000192806 0.000245244 -0.00071014 -0.0736028 -1.21346e-05 -0.000387877
-1.02181e-07 3.51841e-07 -4.87635e-07 -0.0735946 -1.37507e-05 -0.000387963
5.06293e-06 3.30126e-06 4.11194e-06 -0.111879 0.356642 -1.39351
-3.89795e-06 2.16476e-06 -4.10191e-06 -0.377408 -0.265323 1.34631
0.0526689 0.0144912 0.015596 0.194532 0.0541832 3.08828
-0.052233 0.0152601 0.0160107 0.194532 0.0541832 3.08828
-0.00099817 -0.00177593 -0.00208754 1.76543 -0.0627729 1.61366
0.0199303 0.00457692 -0.00689089 -2.30061 -0.860006 -2.60417
-0.0138765 -0.00467008 0.00479654 -2.22447 1.27225 2.68001
-0.000204753 -0.000145141 -0.000204147 -0.0745924 3.10891e-05 0.000540225
-9.30756e-07 -1.30212e-06 1.06046e-07 -0.0745941 2.32751e-05 0.00053972
1.23731e-05 1.56402e-05 8.5597e-06 -0.250344 0.339857 -1.44173
1.61495e-05 2.51538e-05 -6.43096e-06 -0.533107 -0.29448 1.40986
0.00837014 -0.0126214 0.0449301 0.198904 0.0365152 3.08989
-0.0443765 -0.00480878 0.0464756 0.198904 0.0365152 3.08989
0.00125477 0.000531142 0.00259687 1.76991 -0.0579017 1.59637
-0.0221486 -0.0113074 0.0200519 -2.21576 -0.726187 -2.68701
0.0071855 -0.0196223 0.024035 -2.15264 1.05605 2.75375
0.00012616 0.000376888 -7.42525e-05 -0.074821 -3.00346e-05 -1.57893e-05
1.27713e-06 1.32737e-06 7.20145e-07 -0.0748255 -6.81352e-06 -1.39675e-05
-3.79751e-05 -2.32619e-05 -2.40814e-05 -0.438585 0.250789 -1.42726
1.41777e-06 -3.30792e-05 1.17225e-05 -0.65875 -0.218732 1.34407
0.0150897 -0.0163438 0.0224426 0.206335 0.0288323 3.09172
-0.0328917 -0.000183848 0.0290546 0.206335 0.0288323 3.09172
-0.000974368 0.000420071 -0.000284024 1.77736 -0.0547251 1.5888
-0.00649293 -0.00198865 0.00851044 -2.10932 -0.653173 -2.79061
0.000964831 -0.00325459 0.0110886 -2.07776 0.917363 2.81436
-0.000768752 0.000534386 0.000263869 -0.0734185 0.000116279 0.0035122
3.06579e-08 -5.41476e-06 -2.44781e-07 -0.0734262 0.000125223 0.00351395
1.09498e-05 5.55824e-06 1.30804e-05 -0.575382 0.21602 -1.42578
-5.79807e-06 1.08732e-05 -5.09694e-06 -0.767425 -0.189914 1.32503
0.0163228 -0.00307039 0.00495321 0.212599 0.0344367 3.09323
-0.0175 0.022906 0.0288925 0.212599 0.0344367 3.09323
-0.00259741 -0.00209939 -0.00251748 1.78359 -0.0545342 1.59425
0.0067049 0.00207194 -0.00076017 -2.06299 -0.620474 -2.82679
0.00291565 0.00653503 0.00985929 -2.09493 0.802249 2.76704
-0.000135548 -0.000697553 0.00121299 -0.0680639 0.000152047 0.00412323
-1.61496e-06 -3.09366e-06 -7.39246e-07 -0.0680738 0.000144045 0.00412523
1.44723e-05 8.42492e-06 7.37868e-06 -0.659736 0.190338 -1.41381
5.27543e-06 1.27791e-05 -2.55606e-06 -0.819752 -0.194528 1.34477
0.00170506 -0.00534416 -0.0109072 0.215988 0.0320109 3.09388
-0.00768992 0.0409408 0.027484 0.215988 0.0320109 3.09388
-0.00118164 -0.00021632 0.000585103 1.78699 -0.0534618 1.59184
0.00428452 0.00112463 -0.00270202 -2.05261 -0.653873 -2.85115
-0.00847345 -0.00628995 0.000502468 -2.20582 0.675752 2.5552
0.000157751 0.000823243 -0.000193653 -0.0686974 0.000110327 0.00340278
1.18892e-06 5.09806e-06 -1.64366e-07 -0.0687026 0.000114481 0.00340364
-9.94137e-07 -8.34997e-06 -4.8668e-06 -0.693428 0.185961 -1.44272
-1.56687e-05 -1.38095e-05 5.26508e-06 -0.801366 -0.204362 1.35769
-0.00501663 -0.00249955 -0.00835773 0.220514 0.0257589 3.09455
-0.0110397 0.0209324 0.0157292 0.220514 0.0257589 3.09455
0.000211186 0.000627121 0.00183476 1.79154 -0.051532 1.58564
0.00328459 -0.00490128 0.00161633 -2.06289 -0.698248 -2.8291
-0.00930397 -0.00568345 -0.00401999 -2.22767 0.579585 2.46197
0.00071318 -0.000681044 0.000182215 -0.0680892 -6.3417e-06 0.000135728
3.95834e-07 6.65958e-07 9.76048e-07 -0.0680947 2.01074e-06 0.00013643
-7.69606e-07 -1.83579e-07 -1.28106e-06 -0.741596 0.195238 -1.47307
-2.77028e-06 -4.22065e-06 -3.31769e-06 -0.759179 -0.196612 1.37153
-0.0102411 -0.00506728 -0.00016127 0.224276 0.0264136 3.09495
-0.00222562 0.026623 0.000260347 0.224276 0.0264136 3.09495
-0.00061536 -0.000279103 -0.00122976 1.7953 -0.0513449 1.58617
-0.000963457 0.0122231 0.0026533 -2.0282 -0.738991 -2.89761
-0.01435 0.00218785 -0.00864163 -2.28893 0.537492 2.34844
-0.000800531 0.000378585 0.000579303 -0.0653143 0.000126658 0.00380398
-1.15897e-06 -3.59712e-06 1.0519e-06 -0.0653209 0.000125842 0.00380451
3.80436e-06 3.14163e-06 5.77656e-07 -0.725095 0.222593 -1.51637
4.97382e-07 1.13708e-05 -2.79254e-06 -0.742367 -0.195592 1.36011
-0.00134389 0.0018489 -0.00880235 0.221891 0.0287282 3.09753
-0.000768167 0.00993462 -0.00932804 0.221891 0.0287282 3.09753
-5.59139e-05 -0.000353463 -0.00191698 1.79287 -0.049308 1.58912
0.00073226 0.00712019 -0.00225546 -2.02506 -0.764882 -2.92119
-0.00678539 0.00222126 -0.00755251 -2.32574 0.54032 2.30746
0.000151025 -0.00107831 0.000319243 -0.0641573 0.000104087 0.00313175
8.37283e-07 4.32631e-06 -1.47849e-06 -0.0641548 0.000101448 0.00313462
6.22257e-07 4.43061e-07 4.08188e-07 -0.699636 0.246489 -1.53707
-2.35243e-06 4.67684e-06 3.26585e-07 -0.724096 -0.207843 1.35744
0.0121572 -0.0014463 -0.0159166 0.21827 0.0306588 3.0987
0.00217278 0.000655194 -0.0132886 0.21827 0.0306588 3.0987
0.000920774 -0.000176144 -0.000836811 1.78923 -0.0485106 1.59144
0.014525 0.00275612 -0.009153 -2.00155 -0.790807 -2.93983
-0.00218908 7.03836e-05 -0.00705525 -2.35805 0.564206 2.29199
2.48321e-05 -0.000378885 0.000139699 -0.0636279 0.000100013 0.00302192
-2.5374e-08 5.50407e-07 1.79078e-07 -0.0636229 9.70376e-05 0.00302375
6.77798e-07 6.8102e-07 -7.21238e-08 -0.666582 0.266984 -1.54376
-1.69828e-07 -6.58528e-06 -1.37574e-07 -0.718517 -0.242411 1.40563
0.0209496 -0.00430636 -0.0164438 0.222775 0.025298 3.09837
0.00860871 -0.0190366 -0.0140334 0.222775 0.025298 3.09837
0.000919926 0.000149346 0.00140188 1.79376 -0.0477463 1.58592
0.0178274 0.00173712 -0.0165156 -1.97199 -0.785551 -2.97354
0.00831778 -0.00495251 0.0013711 -2.36379 0.631706 2.33264
-0.000527082 0.000780415 0.000555558 -0.060849 0.000156888 0.00544535
2.32051e-08 3.59344e-07 4.21821e-07 -0.0608543 0.000163816 0.00544478
-1.22958e-06 -3.27776e-06 -2.62653e-06 -0.625891 0.25896 -1.51877
1.01732e-06 -4.36229e-06 3.22226e-07 -0.749754 -0.300784 1.46773
