-0.256022 -0.32346 0.0485309 -0.0369377 -0.0853567 3.11419
-0.139668 0.178581 -0.257521 -0.0369377 -0.0853567 3.11419
1.44981 0.106689 -0.140126 1.53398 -0.030532 1.48651
-0.151333 -0.0152116 0.127168 0.237668 -0.237025 1.2434
0.123196 0.0239275 -0.184795 -2.51413 0.234005 2.60981
0.00160511 0.407485 0.112635 0.477432 0.00165634 -0.00651453
1.29506e-07 0.189798 3.54232e-06 0.477409 0.00160566 -0.00651058
0.12555 0.189775 -3.14857e-05 -1.02537 0.839266 -1.58501
-0.125561 0.189755 -0.000248425 0.272255 0.552633 1.44573
0 0 0 -0.0369377 -0.0853567 3.11419
0 0 0 -0.0369377 -0.0853567 3.11419
0 0 0 1.53398 -0.030532 1.48651
0 0 0 0.237668 -0.237025 1.2434
0 0 0 -2.51413 0.234005 2.60981
0 0 0 0.477432 0.00165634 -0.00651453
0 0 0 0.477409 0.00160566 -0.00651058
0 0 0 -1.02537 0.839266 -1.58501
0 0 0 0.272255 0.552633 1.44573
3.54096e-05 4.17096e-05 -0.00014831 -0.0368446 -0.0850614 3.11422
-0.000150736 -0.00132437 0.0382692 -0.0328177 -0.0723173 3.11555
0.00074243 -1.17983e-06 -0.000393741 1.53805 -0.0284023 1.49937
-0.00286034 -0.00207528 -0.00667769 0.213366 -0.214496 1.26179
0.00101778 -0.000187773 0.000813794 -2.49848 0.114927 2.61494
-0.00230725 0.00117682 -0.00281625 0.465641 -0.000659291 0.00288458
-1.4708e-08 0.00032501 -3.00165e-06 0.465634 -0.000680237 0.00288731
-0.000793656 0.000348622 3.1573e-05 -1.09335 0.835579 -1.57406
0.000802941 0.000368617 0.000241862 0.241005 0.521974 1.42982
0.00571678 -0.00336533 -0.00348596 -0.0257476 -0.0563682 3.11582
0.00186213 -0.00593729 0.0397849 -0.0257476 -0.0563682 3.11582
0.00135279 -0.000174823 0.000323756 1.54508 -0.0272099 1.51511
-0.00243795 -0.00167757 -0.00700708 0.191323 -0.210054 1.27553
0.00190788 -0.00113781 0.00169858 -2.46596 -0.0093408 2.62871
-0.00237401 0.000949631 -0.00492833 0.446599 -0.00285608 0.0126772
-1.13522e-07 0.000478842 4.85553e-07 0.446591 -0.00287292 0.012678
-0.00053059 0.00047746 -1.0726e-06 -1.17511 0.826118 -1.55951
0.000531688 0.000476755 -4.86494e-06 0.212534 0.491412 1.41738
0.00120994 -0.00295875 -0.0026511 -0.0179982 -0.0492036 3.11475
0.00940476 -0.0176364 0.0346415 -0.0179982 -0.0492036 3.11475
0.00134363 -7.05988e-06 0.000479655 1.55282 -0.0277211 1.52209
-0.00154616 -0.00108888 -0.00432164 0.173451 -0.204436 1.28535
0.0158466 -0.000107005 0.0235072 -2.39256 -0.0464071 2.69008
-0.000785423 0.000743596 -0.00470226 0.428285 -0.00347179 0.0160126
-4.24891e-08 0.000346979 5.71827e-08 0.428276 -0.00347937 0.0160119
-0.000582979 0.000347416 2.63275e-07 -1.20029 0.752727 -1.46225
0.000582309 0.000346685 -4.28969e-07 0.190898 0.4721 1.40857
-0.00335264 -0.00411914 -0.0140777 0.0122976 0.00376377 3.11375
0.0416437 -0.0233568 0.0157811 0.0122976 0.00376377 3.11375
0.00629541 0.000113121 0.00130286 1.5831 -0.0278881 1.57422
-0.0063689 -0.000941949 -0.0202529 0.134774 -0.184782 1.29701
0.014654 -0.0055601 0.0197696 -2.32287 -0.0370975 2.70583
-0.00508422 0.00138859 -0.0202073 0.348711 -0.00667727 0.0382552
3.7818e-08 0.00102333 2.13046e-06 0.348679 -0.00672547 0.0382552
-0.000993633 0.00102292 -5.22232e-07 -1.18193 0.662161 -1.37908
0.000994283 0.00102209 -1.28119e-05 0.143245 0.388848 1.37655
-0.00430272 -0.00894477 -0.0250154 0.0548077 0.0861588 3.10663
0.020583 -0.0173842 0.00976102 0.0548077 0.0861588 3.10663
0.0122931 -7.57224e-05 0.00191621 1.62545 -0.0396258 1.65492
-0.00712888 -0.00592363 -0.0341518 0.139314 -0.156467 1.30783
0.0188195 -0.00520004 0.0188777 -2.24363 -0.00328029 2.74516
-0.000924854 0.000205735 -0.0327691 0.214107 -0.00462928 0.0444826
-1.21185e-06 0.00325212 5.66542e-06 0.214036 -0.00474438 0.0444698
0.00356832 0.00324934 -2.54486e-06 -1.18185 0.563733 -1.30862
-0.00354704 0.00323943 -6.54648e-05 0.140665 0.237325 1.36887
-0.00174865 -0.00807397 -0.00735829 0.0734626 0.121814 3.1119
0.0572417 -0.0367139 -0.134812 0.0734626 0.121814 3.1119
0.00437195 0.000773255 0.000642074 1.64377 -0.0385311 1.69012
-0.00322872 -0.00323914 -0.0121195 0.136997 -0.140407 1.31593
0.0116338 -0.0032276 0.0125186 -2.35372 0.614948 2.80937
-0.00306371 -7.57593e-05 -0.0133996 0.154881 -0.00451393 0.0590968
1.74138e-06 0.000587095 -3.49908e-06 0.154848 -0.00456502 0.059102
-0.000224769 0.000589548 1.88209e-06 -0.718988 0.499778 -1.25544
0.000199048 0.000593219 3.04185e-05 0.138392 0.182616 1.35765
-0.00336827 0.00132323 -0.00391352 0.0874094 0.145973 3.11508
0.00430595 -0.00818078 -0.00520868 0.0874094 0.145973 3.11508
0.0030885 0.00166539 0.000155079 1.65734 -0.0391127 1.71393
-0.00277909 -0.000849481 -0.00876201 0.134296 -0.126775 1.31253
0.00364829 -0.00254385 0.0048964 -2.33731 0.652021 2.8341
-0.00278127 0.000951518 -0.00957452 0.110729 -0.00395115 0.0717447
-1.64775e-07 -0.000345809 -3.24899e-06 0.110715 -0.00397068 0.0717459
-0.00135048 -0.000344633 -6.1473e-07 -0.698653 0.473021 -1.23527
0.00135076 -0.000336056 4.4519e-05 0.13578 0.144682 1.34076
-0.00230703 -0.000959644 -0.00981315 0.121819 0.177239 3.11339
0.0205312 -0.0178924 -0.0154669 0.121819 0.177239 3.11339
0.00643408 0.000646119 -0.00099598 1.69085 -0.0494283 1.74337
-0.00213747 0.00367466 -0.0127831 0.133329 -0.116319 1.31559
0.00698178 -0.00835297 0.00671233 -2.31246 0.756633 2.86049
0.00231814 0.00149961 -0.0215592 0.0120569 -0.00032109 0.0608206
-1.29673e-06 -0.00108051 4.04056e-06 0.0120159 -0.000352666 0.0608125
0.000911517 -0.00108028 -1.06838e-06 -0.630699 0.4295 -1.21934
-0.000899001 -0.00107504 -2.60815e-05 0.134554 0.0923098 1.33073
-0.00457094 0.00491905 -0.00223162 0.129736 0.203894 3.11217
-0.0543334 0.0473351 0.15288 0.129736 0.203894 3.11217
0.00173583 0.00109893 -0.00116585 1.69803 -0.0553831 1.76929
-0.00250895 0.00207839 -0.00735294 0.133536 -0.101824 1.3074
0.00665851 -0.00287305 0.00987919 -2.17475 0.134479 2.74147
0.000149232 0.00128636 -0.00686267 -0.0188043 0.000605113 0.0594624
8.68965e-07 -0.00126712 -4.16056e-06 -0.0188178 0.000570674 0.0594588
0.00134156 -0.00126619 3.80862e-06 -1.0756 0.384264 -1.1985
-0.00134465 -0.001261 1.23136e-05 0.133878 0.0610271 1.32219
-0.000315832 0.00287245 -0.00528891 0.137278 0.217449 3.1161
0.000388133 -0.0149317 -0.0242281 0.137278 0.217449 3.1161
0.000772578 0.00120764 -0.00022568 1.70503 -0.0547947 1.78285
-0.00172447 2.7362e-05 -0.0038976 0.13254 -0.106981 1.30929
0.00192834 -0.00158224 0.00351387 -2.1898 0.239323 2.79103
-0.00227677 0.000492505 -0.00521261 -0.0419696 0.00147272 0.0693505
3.25598e-07 -0.00034111 -1.00916e-06 -0.0419785 0.00145957 0.0693529
8.86132e-05 -0.000342048 -1.99959e-07 -1.01163 0.36713 -1.19262
-9.67299e-05 -0.000351697 1.98352e-05 0.133574 0.0436833 1.31477
-0.00175142 -0.000378802 0.00079985 0.143638 0.222806 3.11612
0.00987463 0.00410349 -0.0276192 0.143638 0.222806 3.11612
0.000175287 0.00104576 -0.000702088 1.71109 -0.0568555 1.78782
-0.00141054 0.0011925 -0.00165035 0.131729 -0.0991183 1.30953
4.04012e-05 0.000210373 -0.000865486 -2.25929 0.343324 2.76315
-0.00120546 0.000551376 -0.00377005 -0.0584509 0.00217909 0.0742792
-1.9934e-07 -0.00056605 -1.33491e-07 -0.0584585 0.00217374 0.0742776
0.000383941 -0.000565197 -5.73213e-07 -0.895468 0.371985 -1.19278
-0.000381801 -0.000564324 6.34391e-06 0.133348 0.0365772 1.30834
0.0019918 0.00968416 0.038461 0.0865344 0.0848761 3.11042
-0.0192795 -0.00146784 -0.0299478 0.0865344 0.0848761 3.11042
-0.0119292 -0.000240423 -0.00133824 1.65709 -0.0383857 1.65267
0.00574599 0.00748058 0.0444686 0.124636 -0.117483 1.29678
-0.0156349 0.00387512 -0.0274449 -2.32995 0.350227 2.78804
-0.00272324 0.00192403 0.0383964 0.109484 -0.00485086 0.0842013
3.83837e-07 -0.00268729 -9.73052e-06 0.10958 -0.00467395 0.084205
-0.00453587 -0.002671 1.84199e-05 -0.887718 0.498248 -1.23154
0.0045265 -0.00266955 0.000205485 0.133165 0.240638 1.30162
0.00226447 0.000469763 0.0217385 0.0556135 0.0036805 3.10485
-0.0144971 0.00460586 -0.0313018 0.0556135 0.0036805 3.10485
-0.00787305 -0.000362898 -0.00137601 1.62645 -0.0368854 1.57243
0.00503586 0.00547174 0.0277994 0.124272 -0.13338 1.29285
-0.0103166 0.00193639 -0.0148585 -2.37212 0.399407 2.78395
0.00409576 0.00045288 0.0240117 0.209755 -0.00696794 0.0649213
-9.6522e-07 -0.00139595 3.29015e-06 0.209804 -0.00686918 0.0649156
0.000872057 -0.00140366 -3.82748e-06 -0.863512 0.567657 -1.27941
-0.000843843 -0.00139391 -5.42994e-05 0.13861 0.372469 1.32022
0.000240845 0.000825437 0.00621104 0.049875 -0.00608332 3.10293
-0.00025637 0.00263718 -0.0372973 0.049875 -0.00608332 3.10293
-0.0025105 -0.000201326 -0.000519614 1.62071 -0.038313 1.5628
0.000409941 0.00169845 0.00396138 0.122237 -0.126442 1.29308
-0.00158765 0.00156867 -0.000225312 -2.39427 0.515838 2.77824
0.000935794 0.000144721 0.00543903 0.231876 -0.00708295 0.0606303
9.82486e-08 -0.000112589 3.42022e-06 0.231886 -0.00706893 0.0606273
7.06813e-05 -0.000121187 -1.0906e-05 -0.780604 0.573254 -1.28504
-8.59492e-05 -0.000132011 -0.000137701 0.138161 0.392742 1.32034
-0.00115975 0.0109845 -0.00824145 0.0706578 0.0339557 3.10347
0.00545308 -0.0054698 -0.0413876 0.0706578 0.0339557 3.10347
0.00323791 4.74896e-05 -0.00157988 1.64147 -0.0404233 1.60198
-0.00396028 0.00467644 -0.0133929 0.114203 -0.11361 1.29601
0.00526755 0.00286138 0.000635503 -2.40809 0.636141 2.80853
-0.00238634 0.00192444 -0.0127758 0.17651 -0.00620104 0.0705132
3.56673e-07 -0.00120094 4.03526e-06 0.176489 -0.0062326 0.0705135
3.03985e-05 -0.00120118 -3.46645e-06 -0.697431 0.576416 -1.25304
-3.20851e-05 -0.00119905 -3.17198e-05 0.128564 0.342739 1.29391
-0.000432246 0.00325074 -0.00498039 0.0825382 0.0511887 3.09832
0.0064861 0.00526249 -0.0337722 0.0825382 0.0511887 3.09832
0.00181055 -0.00088704 -0.00099282 1.65332 -0.0473401 1.61825
-0.000789656 0.0025078 -0.00624825 0.116039 -0.1101 1.29646
-0.00138927 0.00891921 -0.0176979 -2.46178 0.692613 2.81209
0.00246132 0.00134839 -0.00675286 0.147392 -0.00439641 0.0599792
-1.03579e-06 -0.000630798 4.20904e-07 0.147372 -0.00441998 0.0599709
0.00182345 -0.000630115 -2.54068e-06 -0.661557 0.664126 -1.25342
-0.00181204 -0.000628683 2.86333e-06 0.128798 0.319567 1.29456
0.000524317 0.00413512 -0.00286272 0.0891328 0.0550934 3.0926
0.00918107 0.00715515 -0.02233 0.0891328 0.0550934 3.0926
0.00111817 -0.000983967 0.000177501 1.65993 -0.0537052 1.62132
0.000722855 -0.00257246 -0.0016244 0.123745 -0.116052 1.29021
-0.00218222 0.00202344 -0.0101312 -2.49523 0.739591 2.77614
0.00291153 9.3816e-05 -0.00278648 0.136391 -0.00327429 0.04805
-1.27743e-06 0.000854423 3.9942e-07 0.136384 -0.00327782 0.0480435
0.00155665 0.000851969 2.51532e-06 -0.623064 0.703671 -1.27108
-0.00156369 0.000846975 1.49391e-05 0.133719 0.308031 1.31035
-0.00141839 -0.00211683 -0.00639448 0.0885712 0.0614112 3.0863
0.00367272 0.0128847 -0.0133369 0.0885712 0.0614112 3.0863
0.000247318 -0.00108122 1.74551e-05 1.65937 -0.0605083 1.62708
0.000626361 -0.00256087 -0.00163932 0.131119 -0.13055 1.28371
-4.76694e-05 4.75305e-05 -0.0033798 -2.52861 0.758886 2.72036
0.00333115 -0.000140822 0.000108237 0.137567 -0.00235044 0.0342222
1.74721e-06 0.000946679 -2.36555e-06 0.137567 -0.00235587 0.0342168
0.00152125 0.000947264 7.06232e-07 -0.584784 0.713353 -1.28083
-0.00151933 0.000947111 1.95413e-06 0.138116 0.296495 1.32512
