-0.20857 -0.382109 -0.0044893 0.270644 0.341474 -3.11581
0.0294132 0.0100736 -0.228437 0.270644 0.341474 -3.11581
1.55982 0.0382731 -0.0376379 1.82601 -0.0647052 1.90727
-0.203934 -0.0782701 0.0475242 -0.457334 -0.169524 1.55554
0.262419 -0.0544756 -0.101357 -2.21295 0.483867 2.87133
-0.00256513 0.429751 0.00233057 0.0108299 -7.3938e-05 0.0119106
2.8908e-07 0.214321 -7.18405e-07 0.0108366 -6.68641e-05 0.0119123
0.15342 0.214323 4.91244e-07 -0.849457 0.336152 -1.18554
-0.153422 0.214324 5.75764e-06 -0.459405 0.158691 1.39984
0 0 0 0.270644 0.341474 -3.11581
0 0 0 0.270644 0.341474 -3.11581
0 0 0 1.82601 -0.0647052 1.90727
0 0 0 -0.457334 -0.169524 1.55554
0 0 0 -2.21295 0.483867 2.87133
0 0 0 0.0108299 -7.3938e-05 0.0119106
0 0 0 0.0108366 -6.68641e-05 0.0119123
0 0 0 -0.849457 0.336152 -1.18554
0 0 0 -0.459405 0.158691 1.39984
0.000792891 -0.00186328 0.000225551 0.267597 0.337725 -3.11585
-0.00194498 0.0104883 0.0340127 0.267597 0.337725 -3.11585
-0.000230831 -0.000516934 0.000662492 1.82345 -0.0628049 1.90381
0.00126798 -0.00190223 0.000413951 -0.455273 -0.170144 1.55397
0.00688973 0.00227425 0.0126026 -2.17867 0.396212 2.84932
0.000148003 0.000335662 -0.000663385 0.00773884 -5.1626e-05 0.0112007
-3.77875e-07 2.51981e-06 -2.80404e-07 0.00774266 -4.64854e-05 0.011202
2.14453e-06 -7.61495e-07 -4.68808e-08 -0.913779 0.29637 -1.16063
5.85477e-07 -3.27126e-06 -4.53273e-07 -0.458573 0.159174 1.40511
-0.0038748 0.000720105 0.00342159 0.271951 0.330856 -3.11992
-0.00535581 -0.00130321 0.0190145 0.271951 0.330856 -3.11992
-0.00110413 0.00165161 0.00163868 1.82824 -0.0664135 1.89586
-0.0017766 0.000847285 0.0024423 -0.454869 -0.166921 1.54708
1.58232e-05 -0.00258142 0.00751645 -2.13103 0.349882 2.85059
-0.000470383 0.000464144 0.00157046 0.0149712 -0.000108473 0.0133568
4.30378e-07 -3.34543e-06 9.28809e-07 0.0149674 -0.000102246 0.0133518
-5.05896e-06 -5.0415e-06 -1.83826e-06 -0.971686 0.270456 -1.16408
1.80262e-06 -2.16791e-06 -3.19761e-06 -0.459605 0.167447 1.39876
-0.00472159 0.00263493 0.000199422 0.270346 0.328642 -3.12727
-0.00201133 -0.00287703 0.0018268 0.270346 0.328642 -3.12727
-0.00190456 0.00238649 -0.00268266 1.82703 -0.0724525 1.89195
-0.00324068 0.00264973 -0.000130433 -0.457905 -0.165836 1.54221
-0.00187089 -0.000218237 0.00254892 -2.1153 0.353143 2.86065
0.000402996 -0.000160285 -0.000298499 0.013606 -8.16639e-05 0.0115058
1.52929e-07 -3.33667e-06 -2.95216e-07 0.0136078 -7.90057e-05 0.0114976
-1.69878e-06 4.64899e-06 1.58295e-06 -0.981155 0.262822 -1.17026
-2.06852e-06 1.23724e-05 1.00449e-06 -0.461661 0.168137 1.38645
0.00124819 -0.00389692 -0.00367488 0.266289 0.328015 -3.12669
-0.00103328 -0.0116947 -0.0104568 0.266289 0.328015 -3.12669
0.000591433 -0.000996656 -0.000310862 1.82321 -0.0704511 1.89176
0.000992616 -0.00448298 -0.000294457 -0.456481 -0.176971 1.543
-0.000804293 -0.00127318 -0.00358731 -2.11041 0.379751 2.90019
0.00026753 0.000316251 -0.000392095 0.0117739 -6.11824e-05 0.0102403
-6.57456e-07 3.44031e-06 9.23118e-08 0.0117778 -6.05258e-05 0.0102423
6.23285e-06 -1.65324e-06 -3.48451e-07 -0.974691 0.273491 -1.17452
3.49245e-06 -1.13708e-05 -4.113e-07 -0.460679 0.164865 1.39242
0.00189309 0.00143268 -0.000807724 0.264728 0.327252 -3.12629
-0.00298558 -0.014297 -0.0180504 0.264728 0.327252 -3.12629
0.000598876 -0.000672414 -0.000936785 1.82178 -0.0693842 1.89122
0.000257653 0.00137075 -0.000213921 -0.45689 -0.178924 1.54838
-0.00347276 -0.00212477 -0.00945846 -2.11315 0.413065 2.94677
-0.000214665 -1.78608e-05 -0.000282171 0.0104659 -6.00446e-05 0.0112327
-1.27557e-07 2.43786e-06 2.89079e-07 0.0104675 -5.918e-05 0.0112337
2.02601e-06 2.94758e-06 -2.22062e-07 -0.964504 0.302479 -1.1882
-2.88574e-06 5.35928e-06 -3.07453e-06 -0.460666 0.164932 1.39247
-0.000284891 0.000823958 0.00315787 0.271873 0.322655 -3.12614
0.00252893 -0.0157222 -0.0265028 0.271873 0.322655 -3.12614
-0.000746339 -0.000244159 -0.000613469 1.82897 -0.0703163 1.88633
0.000194677 0.00107732 0.0016845 -0.455639 -0.174076 1.54683
-0.00320235 -0.00315324 -0.0108055 -2.1227 0.476757 2.99265
-7.60418e-05 -0.00012877 0.00132632 0.0166006 -0.000102154 0.011592
2.11904e-07 -3.33492e-06 9.15002e-08 0.0165936 -9.74637e-05 0.0115898
-9.10231e-07 -3.66862e-06 -2.39011e-07 -0.928553 0.333766 -1.20221
-9.94122e-07 -4.46953e-06 1.8331e-07 -0.460663 0.171027 1.39247
0.000251543 5.25541e-05 0.00190222 0.275619 0.319016 -3.12638
0.00216244 -0.0198145 -0.0297248 0.275619 0.319016 -3.12638
0.000133791 -0.000527198 6.62564e-06 1.83285 -0.070764 1.88249
0.000824369 0.000129552 0.001399 -0.453635 -0.17241 1.54494
-0.00558246 -0.00338159 -0.0135876 -2.1162 0.545183 3.05712
0.000177698 -0.000266876 0.000115553 0.017156 -9.80768e-05 0.0107806
-1.84097e-07 2.12542e-06 8.7276e-08 0.0171517 -9.37225e-05 0.0107789
5.11839e-07 1.66559e-06 -6.48513e-08 -0.902457 0.372854 -1.22389
1.33197e-06 1.31952e-06 -1.50531e-07 -0.4602 0.175744 1.39512
0.00181713 -0.00331362 0.000475896 0.277251 0.318103 -3.12286
0.00731411 -0.022392 -0.0305856 0.277251 0.318103 -3.12286
0.000396002 -0.000255461 0.00132375 1.83442 -0.0676299 1.88241
7.05875e-05 -0.00327727 0.00049412 -0.453773 -0.17247 1.55069
-0.00402387 -0.00271976 -0.0129279 -2.09084 0.623574 3.14119
-0.000506199 -7.55425e-05 0.000103576 0.017645 -0.000117333 0.0131374
4.71426e-07 1.81647e-06 -2.36674e-07 0.0176432 -0.000116271 0.0131409
1.61415e-07 9.08854e-07 1.25022e-07 -0.875116 0.408495 -1.23966
-3.80166e-06 -4.13105e-06 1.59093e-08 -0.459835 0.175499 1.39726
6.06311e-06 -8.71218e-06 -4.43839e-06 0.277248 0.318105 -3.12285
1.86388e-05 -4.95971e-05 -7.34606e-05 0.277249 0.318104 -3.12286
0.000890141 -0.000363446 0.000673554 1.83315 -0.0650375 1.8838
3.91665e-07 -7.95134e-06 -1.46924e-06 -0.453778 -0.172478 1.55071
-4.20947e-06 -2.19769e-06 -1.50157e-05 -2.09081 0.623664 3.14129
-0.000129692 0.00016407 -0.000265117 0.0164045 -0.000111213 0.0137256
-1.18476e-07 8.81191e-07 5.31108e-08 0.0164062 -0.000112234 0.01373
4.93589e-07 6.62229e-07 -4.32506e-08 -0.832328 0.438339 -1.2492
9.09128e-07 2.12002e-06 -4.38601e-07 -0.459836 0.175491 1.39726
0.000990477 0.00265952 -0.00207327 0.27601 0.317388 -3.12146
0.0224744 -0.025265 -0.0508075 0.27601 0.317388 -3.12146
0.000585208 -2.72272e-05 0.000881925 1.83327 -0.0657107 1.88217
0.00260332 0.00248099 -0.00127938 -0.450979 -0.175096 1.54539
-0.00606511 -0.00197687 -0.0186341 -2.03022 0.777634 -3.02226
0.00029282 2.57742e-05 -0.000175978 0.0155872 -0.000100044 0.0123642
-2.99727e-07 1.48541e-06 8.64646e-08 0.0155872 -9.7303e-05 0.0123621
1.55007e-06 -5.65751e-07 -8.17791e-07 -0.79341 0.459987 -1.26107
6.51791e-07 1.48129e-06 4.42847e-07 -0.45858 0.172986 1.40444
-0.000417367 -0.000516281 -0.00187464 0.276619 0.322277 -3.12202
0.0101239 -0.00309447 -0.0160698 0.276619 0.322277 -3.12202
0.000446046 0.000496408 0.000798525 1.83345 -0.0677048 1.88671
-0.00221261 -0.000587312 -0.00127059 -0.455013 -0.177088 1.5513
-0.0018593 -0.000423438 -0.00434264 -2.00795 0.837621 -3.00007
2.60219e-05 -0.000289227 -0.000461427 0.01347 -7.35673e-05 0.0122674
3.93573e-07 4.12393e-07 7.17569e-08 0.0134694 -7.97526e-05 0.0122664
-2.44786e-06 1.65955e-06 1.57867e-06 -0.748648 0.471823 -1.26744
-1.02469e-06 1.72822e-06 -3.32793e-06 -0.459786 0.168326 1.39746
0 0 0 0.276619 0.322277 -3.12202
0 0 0 0.276619 0.322277 -3.12202
0 0 0 1.83345 -0.0677048 1.88671
0 0 0 -0.455013 -0.177088 1.5513
0 0 0 -2.00795 0.837621 -3.00007
0 0 0 0.01347 -7.35673e-05 0.0122674
0 0 0 0.0134694 -7.97526e-05 0.0122664
0 0 0 -0.748648 0.471823 -1.26744
0 0 0 -0.459786 0.168326 1.39746
0.00498233 -0.000521544 -0.00304393 0.275966 0.327767 -3.11641
0.000500734 0.021203 -0.00341377 0.275966 0.327767 -3.11641
0.00164991 -0.00213605 -0.000270419 1.83226 -0.0635048 1.89352
0.00241152 -0.000794807 -0.00130183 -0.454254 -0.182829 1.55976
0.00180974 0.0045098 -0.00169066 -2.08254 0.842557 -3.09143
0.000310821 0.00035901 -0.000467904 0.0112825 -5.46775e-05 0.010802
-4.8405e-07 -2.34895e-06 5.7263e-08 0.0112812 -5.91708e-05 0.0108085
-1.78574e-07 2.42629e-08 -4.41691e-07 -0.713828 0.481494 -1.25699
4.79624e-06 -3.91319e-06 -1.68442e-06 -0.458411 0.163892 1.40584
-1.56639e-05 0.000519521 -0.00211166 0.273327 0.331495 -3.1169
-0.0118861 0.0221201 0.0150027 0.273327 0.331495 -3.1169
0.000871335 0.00050875 -0.00024052 1.82944 -0.0640984 1.89717
-0.000658824 0.000459867 -0.00173294 -0.456388 -0.184069 1.56188
0.000314565 0.00598704 0.00385512 -2.15147 0.78257 3.10568
-0.000455772 0.000275142 -1.79062e-05 0.0111809 -5.65352e-05 0.0129045
8.28445e-07 6.06286e-07 5.97736e-07 0.0111869 -6.52921e-05 0.0129053
5.95189e-09 2.89385e-07 1.00202e-07 -0.731587 0.478931 -1.24954
-6.51914e-06 4.44315e-06 -5.1606e-06 -0.45881 0.158444 1.40344
0 0 0 0.273327 0.331495 -3.1169
0 0 0 0.273327 0.331495 -3.1169
0 0 0 1.82944 -0.0640984 1.89717
0 0 0 -0.456388 -0.184069 1.56188
0 0 0 -2.15147 0.78257 3.10568
0 0 0 0.0111809 -5.65352e-05 0.0129045
0 0 0 0.0111869 -6.52921e-05 0.0129053
0 0 0 -0.731587 0.478931 -1.24954
0 0 0 -0.45881 0.158444 1.40344
0.00328882 0.00134611 -0.00529334 0.266862 0.344133 -3.11203
-0.0133899 0.0272755 0.0255899 0.266862 0.344133 -3.11203
0.00033373 -0.000418914 -0.00328791 1.82214 -0.0604525 1.91103
0.000344584 0.000985265 -0.00333249 -0.459703 -0.190548 1.57159
0.00178406 0.0112643 0.00816775 -2.20922 0.696254 3.03292
-3.24206e-06 -0.000410567 -0.00136179 0.00491522 1.67384e-05 0.0129528
9.49701e-07 -1.43077e-05 -1.62466e-06 0.00492838 -9.57724e-06 0.0129675
-1.51128e-05 -4.96921e-06 2.07588e-06 -0.763279 0.470595 -1.23064
1.50214e-05 -2.32514e-06 6.2188e-06 -0.458729 0.148032 1.40398
-0.00427329 0.00125605 -0.00316052 0.257781 0.344924 -3.12033
-0.0274393 0.0421256 0.071697 0.257781 0.344924 -3.12033
-0.00115554 0.00196522 -0.00357836 1.81362 -0.0656724 1.9103
-0.00163572 0.00104377 -0.00219734 -0.461019 -0.193723 1.56288
0.00113206 0.00888956 0.0204389 -2.23403 0.473107 2.91068
0.000397396 0.00034706 -0.000599906 0.00213674 -1.9754e-05 0.0111061
3.39139e-07 -4.09625e-06 6.99719e-08 0.00213996 -1.44464e-05 0.0110875
-2.44097e-06 -1.57422e-05 -1.67461e-06 -0.876824 0.421324 -1.2157
-7.82009e-06 -6.29368e-06 9.46248e-06 -0.459474 0.141125 1.39799
-0.00200053 -0.00129399 0.00307771 0.258434 0.338643 -3.12329
-0.0038589 0.00973734 0.0337823 0.258434 0.338643 -3.12329
-0.00106384 0.000489105 0.0003046 1.81481 -0.0672474 1.90344
-0.000876865 -0.00102799 0.00171134 -0.460253 -0.189218 1.55917
0.00336008 -0.00106778 0.0117545 -2.205 0.385889 2.87594
0.000347232 0.000541836 0.000290996 0.00346914 -2.5567e-05 0.00945452
-1.71617e-06 9.23953e-06 3.77842e-07 0.00346839 -1.87212e-05 0.00945105
8.36135e-06 1.07447e-05 -8.37804e-07 -0.934376 0.38178 -1.20556
4.30766e-06 1.2971e-06 -5.62594e-07 -0.459807 0.146206 1.39567
