-0.222277 -0.296043 0.068522 -0.00351691 -0.060255 3.10072
-0.153724 0.201653 -0.20474 -0.00351691 -0.060255 3.10072
1.4948 0.111855 -0.138223 1.56729 -0.0410864 1.51069
-0.138799 -0.00556355 0.113081 0.286941 -0.146381 1.29096
0.0947162 0.0415255 -0.199171 -2.51796 0.018797 2.56907
-0.0147418 0.406862 0.0960249 0.422161 -0.0134728 0.062952
-2.24569e-07 0.193575 1.46628e-06 0.42215 -0.013487 0.0629506
0.124673 0.193572 -1.94525e-06 -1.25585 0.909562 -1.76533
-0.124671 0.19357 -1.19522e-05 0.327634 0.515421 1.49997
0 0 0 -0.00351691 -0.060255 3.10072
0 0 0 -0.00351691 -0.060255 3.10072
0 0 0 1.56729 -0.0410864 1.51069
0 0 0 0.286941 -0.146381 1.29096
0 0 0 -2.51796 0.018797 2.56907
0 0 0 0.422161 -0.0134728 0.062952
0 0 0 0.42215 -0.013487 0.0629506
0 0 0 -1.25585 0.909562 -1.76533
0 0 0 0.327634 0.515421 1.49997
4.5139e-05 0.00152696 0.00412703 0.00620522 -0.0551461 3.09902
0.00434717 -0.00245396 0.0358706 0.00620522 -0.0551461 3.09902
0.00168116 -0.000218233 0.00078428 1.577 -0.0422268 1.51539
0.000341437 0.000563691 -0.00390391 0.307017 -0.120605 1.28913
0.00185487 -0.00143665 0.00210608 -2.49287 -0.0960592 2.56738
-0.000646248 8.48834e-05 -0.00654655 0.396853 -0.0133704 0.066528
-2.13489e-08 0.000418505 1.34574e-06 0.396836 -0.0133772 0.0665263
-0.000271167 0.00041804 -3.30313e-06 -1.31466 0.899933 -1.74969
0.000270445 0.000418155 -2.80304e-06 0.349083 0.50082 1.50027
-0.00189254 -0.00151391 -0.00209142 0.0142156 -0.0488092 3.09996
0.026838 -0.00840832 0.0334323 0.0142156 -0.0488092 3.09996
0.0017876 -6.32583e-06 0.000330102 1.58501 -0.0409355 1.5214
-0.000696836 0.000500695 -0.00376789 0.314598 -0.114273 1.28719
0.00976874 0.000357767 0.0109352 -2.45935 -0.183102 2.56039
-0.00207784 7.74319e-05 -0.00631422 0.371505 -0.0143413 0.076324
3.77019e-07 0.000272593 -1.50848e-06 0.371496 -0.0143472 0.0763256
-0.000146346 0.000275094 2.94787e-06 -1.32264 0.876834 -1.68672
0.000144001 0.000275338 6.67634e-06 0.35519 0.486485 1.49598
0.00679676 0.00177836 -0.000707375 0.0415982 -0.0545456 3.09617
0.0306841 -0.0156742 0.0124361 0.0415982 -0.0545456 3.09617
0.00506886 -0.00124276 0.00101605 1.61237 -0.0431134 1.51441
0.00075748 0.00163695 -0.00302097 0.288645 -0.107372 1.30627
0.012764 -0.00628134 0.00425815 -2.43092 -0.228034 2.55256
0.00192195 0.000288228 -0.0175295 0.299032 -0.0105314 0.0698272
-4.84831e-07 0.000730692 1.35256e-06 0.299009 -0.0105238 0.0698254
-0.00169503 0.000730281 -6.32233e-07 -1.28376 0.846566 -1.59219
0.00169635 0.000728773 -9.60605e-06 0.324099 0.476312 1.49092
-0.00849571 -0.00501649 -0.00354543 0.0537604 -0.0128521 3.10085
0.0165768 -0.0202202 0.0108638 0.0537604 -0.0128521 3.10085
0.00236621 0.000764375 0.00131397 1.6246 -0.039993 1.55578
-0.00789815 0.000950616 -0.00947478 0.246977 -0.0862299 1.30946
0.0136769 -0.00198204 0.0110179 -2.3876 -0.238476 2.60872
-0.00586362 -0.000624624 -0.0102206 0.255631 -0.0125434 0.0978702
7.7381e-07 0.000747918 -1.43169e-06 0.255615 -0.0125785 0.0978749
-0.000535616 0.000748253 3.06371e-06 -1.29004 0.806107 -1.50509
0.000532041 0.000747214 3.56858e-06 0.272126 0.436616 1.44863
-0.00128992 0.00460457 -0.00259273 0.0719933 -0.0117067 3.09849
-0.00361451 -0.0356715 -0.11 0.0719933 -0.0117067 3.09849
0.00334742 -0.000150081 0.00152011 1.64285 -0.0421531 1.55602
-0.00634222 -0.0042619 -0.00145833 0.230091 -0.0928615 1.31815
0.00641076 -0.0053039 0.00487252 -2.45567 0.232901 2.74111
0.000764907 -0.000755351 -0.0112448 0.206459 -0.00994972 0.0959659
-5.30482e-07 0.000335523 2.92724e-07 0.206444 -0.00994857 0.0959643
-0.00269409 0.000335277 -1.43139e-06 -1.03544 0.772319 -1.45388
0.00269218 0.000334482 -4.13253e-06 0.255093 0.419753 1.40759
0.00849644 -0.00142593 -0.0117907 0.0781345 0.00365616 3.09719
0.00477943 0.000740952 -0.000533817 0.0781345 0.00365616 3.09719
0.00134827 0.000483464 0.00158998 1.64901 -0.0445563 1.57098
-0.0060941 -0.0190588 -0.015094 0.231767 -0.0878841 1.35322
0.00470133 -0.00329294 0.00219556 -2.45705 0.24219 2.72532
-0.00053525 -0.00129055 -0.00500054 0.185063 -0.00923381 0.0996721
2.19559e-07 0.000419306 -5.53543e-07 0.185053 -0.00925061 0.0996707
-0.00059177 0.000418717 1.08725e-06 -0.999826 0.75306 -1.4263
0.000594181 0.000417334 3.21384e-06 0.249483 0.326832 1.39236
-0.0140741 0.0163019 -0.00775877 0.116932 0.058295 3.09215
0.0208364 0.013833 0.12226 0.116932 0.058295 3.09215
0.00742882 -0.000198116 -0.00481598 1.68772 -0.0558998 1.62293
-0.00666928 0.00864749 -0.0220629 0.23126 -0.0373039 1.32029
0.0142003 -0.0133133 0.00862355 -2.30443 -0.220351 2.61285
0.00173333 0.00496965 -0.0260619 0.0596923 -0.00256272 0.0887985
-1.11366e-06 -0.00486123 6.7575e-06 0.0596338 -0.00262513 0.0887907
0.00196231 -0.00485359 -5.00026e-06 -1.23907 0.697164 -1.36742
-0.00193294 -0.00479724 -0.000117905 0.239793 0.250089 1.35927
-0.00133295 0.00728919 -0.00390557 0.13369 0.073288 3.08956
-0.00275856 -0.00311763 -0.0088512 0.13369 0.073288 3.08956
0.00257018 0.000165071 -0.00140051 1.70438 -0.0613331 1.63651
-0.00938689 -0.00356991 -0.00740584 0.225441 -0.0255986 1.34023
0.00780372 -0.0065573 0.00898141 -2.30424 -0.143395 2.62195
0.0012 0.000591802 -0.0100532 0.0137853 -0.000555148 0.0826389
8.11206e-07 -0.00167312 -6.25932e-06 0.0137691 -0.000566206 0.0826356
0.00120382 -0.00167862 4.46268e-06 -1.18144 0.652224 -1.33881
-0.00122468 -0.00172085 0.000111237 0.232035 0.213205 1.32419
-0.00183837 -0.000492976 -0.00546791 0.139164 0.0933253 3.09362
-0.00123764 -0.00305661 -0.0267665 0.139164 0.0933253 3.09362
0.00147216 0.000856649 -7.96563e-05 1.70961 -0.0604386 1.65659
-0.00248191 0.000320607 -0.0078855 0.225189 -0.016233 1.34335
0.000546451 -0.00112643 0.00208275 -2.3496 -0.0314479 2.63195
-0.00263435 -0.000949744 -0.00460946 -0.00708334 0.000358511 0.0950071
5.21136e-07 0.000179297 -7.80505e-07 -0.00709064 0.000341739 0.0950103
-0.000449066 0.000178631 7.33389e-07 -1.09294 0.641644 -1.33539
0.00043982 0.00016896 1.18788e-05 0.22948 0.177681 1.31101
-6.27638e-05 0.00140083 -0.00241976 0.14508 0.104529 3.09682
-0.00512008 -0.00715879 -0.0255835 0.14508 0.104529 3.09682
0.00181421 0.000116813 -8.84161e-05 1.71534 -0.0593949 1.66779
2.54538e-05 0.0019932 -0.0046803 0.226156 -0.00751524 1.34353
0.00382002 -0.00201595 0.00103995 -2.37582 0.070797 2.66578
-0.00148884 -0.001319 -0.00484116 -0.0292149 0.00150779 0.102257
-2.25923e-07 -9.592e-05 1.50875e-07 -0.0292219 0.0014982 0.10226
-2.97178e-05 -9.59259e-05 -2.92416e-07 -1.02818 0.631293 -1.31851
3.17512e-05 -9.59374e-05 -4.68712e-06 0.229056 0.158204 1.30849
-0.000473058 0.000274362 -0.00672589 0.14648 0.129775 3.10269
0.00159787 -0.00884677 -0.0308637 0.14648 0.129775 3.10269
-0.000684448 -6.12131e-05 0.000101931 1.71628 -0.0573859 1.69356
0.000290241 0.00679654 -0.000625251 0.223448 -0.0301759 1.34625
0.00572148 -0.00102985 0.00565566 -2.39782 0.207242 2.69951
-0.00245331 -0.000816579 -0.000689945 -0.0322647 0.00185758 0.113231
2.52554e-07 -0.00109265 -8.7446e-07 -0.032269 0.00183727 0.113236
0.000875612 -0.00109118 3.11688e-06 -0.940726 0.609336 -1.29462
-0.000876006 -0.00109058 9.7154e-06 0.22835 0.161169 1.30405
0.00342106 0.0034212 0.00211434 0.145084 0.127162 3.10852
0.00452142 -0.0072977 -0.0333154 0.145084 0.127162 3.10852
-0.000397831 -0.000899744 -0.00182637 1.71489 -0.0510627 1.69189
0.00172829 0.00752697 0.00270911 0.222247 -0.0319626 1.35573
0.00369631 -0.00078085 0.00316805 -2.4175 0.340442 2.72094
-0.00212346 0.00161531 0.00155107 -0.0249944 0.00152312 0.121956
-2.91118e-07 7.05671e-06 -1.02411e-07 -0.0249929 0.00152519 0.121961
0.000155113 8.88586e-06 -2.60152e-06 -0.853585 0.594304 -1.27855
-0.000153581 9.19563e-06 6.54282e-06 0.228255 0.180446 1.30322
0.002674 0.00862484 0.0123929 0.127319 0.0811234 3.11361
-0.011392 -0.00669895 -0.0307033 0.127319 0.0811234 3.11361
-0.00335377 -0.000511151 -0.00393013 1.69779 -0.0380451 1.64773
0.00092663 0.0121707 0.0177527 0.207562 -0.0511444 1.36473
-0.00551604 -0.000715832 -0.00928917 -2.4353 0.407831 2.75103
-0.00309506 0.0044165 0.0123018 0.0296087 -0.00210402 0.131392
1.49046e-06 -0.00302702 -1.10501e-05 0.0296524 -0.00202903 0.131404
-0.00185966 -0.00301704 5.4794e-07 -0.831905 0.63354 -1.29308
0.00185246 -0.00300148 3.73841e-05 0.222296 0.284288 1.27674
0.00703243 -0.00404309 0.0229004 0.0804158 -0.0128528 3.12054
-0.0244788 0.0121375 -0.0213823 0.0804158 -0.0128528 3.12054
-0.00894898 0.000460386 9.84673e-05 1.65123 -0.0199475 1.5563
0.00846202 0.0071825 0.0416648 -0.106759 -0.114486 1.3678
-0.0132432 0.00881262 -0.0139214 -2.4671 0.415378 2.7554
-0.00260656 -0.000425074 0.0326229 0.170769 -0.0122517 0.141202
-2.33584e-07 0.000537363 -1.20933e-06 0.170826 -0.0121723 0.141209
-0.00311975 0.000531008 3.82975e-05 -0.849115 0.705776 -1.33348
0.00309601 0.000496255 0.000229885 -0.121899 0.494482 1.29533
0.00114081 -0.00457539 0.00356189 0.0725467 -0.0249791 3.11989
-0.00536804 0.00757814 -0.0294107 0.0725467 -0.0249791 3.11989
-0.00136645 0.000547953 0.000878698 1.64334 -0.0198358 1.54431
0.00172391 0.00220199 0.0107149 -0.0942447 -0.136013 1.37061
-0.00353919 0.000389273 -0.00344971 -2.48484 0.485237 2.73389
-0.000129487 -0.000704023 0.00523688 0.193041 -0.0137288 0.141355
-1.13135e-06 -0.000428843 1.10622e-05 0.193054 -0.0137151 0.141354
9.08447e-05 -0.000436719 -3.68989e-05 -0.802093 0.720746 -1.35169
-6.07008e-05 -0.000417082 -0.000258039 -0.109484 0.548545 1.30054
-0.000305124 -0.00148711 0.000501201 0.066669 -0.0357851 3.12192
-0.00724183 0.0096876 -0.0180002 0.066669 -0.0357851 3.12192
-0.00151806 6.18383e-05 0.00170399 1.63744 -0.0172471 1.53378
0.00379689 -0.000111685 0.00588771 -0.0421955 -0.152967 1.35786
-0.00272919 -0.00203833 -0.00135076 -2.49276 0.51726 2.70256
-0.000880976 -0.00164996 0.00473573 0.214457 -0.0157178 0.145607
-1.37797e-08 0.000158248 4.66277e-08 0.214465 -0.0157065 0.145609
0.000424575 0.000156985 -7.34818e-07 -0.774161 0.720864 -1.37094
-0.000423929 0.000154531 -2.91064e-06 -0.04968 0.57492 1.32439
0.00197351 -0.00594978 -0.0161673 0.0335394 -0.00997181 3.12345
0.00896915 0.020891 0.0001489 0.0335394 -0.00997181 3.12345
-0.00594079 0.000409501 0.000761237 1.60434 -0.017801 1.56023
3.40321e-05 -0.0043394 -0.00168863 -0.0402346 -0.199918 1.36544
-0.0134955 0.005747 -0.0112724 -2.53767 0.505918 2.61747
-0.00232712 -0.00223481 0.0187595 0.295072 -0.0228951 0.154188
3.12317e-07 0.000564653 -1.03902e-05 0.295107 -0.0229342 0.154188
0.00030037 0.000564577 2.07856e-05 -0.768585 0.774733 -1.44149
-0.000301646 0.000565975 1.22124e-05 -0.0464096 0.555963 1.33295
-0.00268201 -0.00683464 -0.00558274 0.00810304 0.00391495 3.12136
0.00256654 0.0237333 0.00557432 0.00810304 0.00391495 3.12136
-0.00436438 -0.000504723 -0.00122958 1.5789 -0.0202668 1.57455
0.00197922 -0.00657487 -0.00105415 -0.00547187 -0.213733 1.35021
-0.00531649 0.0076381 -0.000371064 -2.57997 0.48641 2.55253
0.000891263 -0.000653042 0.0144852 0.352257 -0.0261721 0.147059
-9.59481e-07 -0.00140583 7.03539e-06 0.352309 -0.0262125 0.147053
-0.000799296 -0.00140042 -1.06109e-05 -0.745127 0.803331 -1.46123
0.000803183 -0.00139661 -7.09329e-06 -0.00622247 0.539996 1.34585
