-0.224379 -0.346077 -0.0177925 0.251446 -0.112781 3.12063
-0.0201604 -0.0767262 -0.382718 0.251446 -0.112781 3.12063
1.70464 0.0154749 -0.105954 1.82062 0.00769361 1.45635
-0.171003 -0.0248009 0.0131005 0.167911 -0.0945746 1.40617
0.167572 -0.0230457 -0.0903243 -1.70825 0.982017 -2.8631
-0.00037862 0.480564 -0.00126718 -0.0047236 1.73466e-05 0.00140299
-5.30858e-07 0.211625 1.32222e-06 -0.0047268 9.13299e-06 0.00140013
0.122008 0.211625 -1.6466e-07 -0.628667 0.36126 -1.37902
-0.122007 0.211625 -2.77997e-06 0.173311 0.0542169 1.36646
0 0 0 0.251446 -0.112781 3.12063
0 0 0 0.251446 -0.112781 3.12063
0 0 0 1.82062 0.00769361 1.45635
0 0 0 0.167911 -0.0945746 1.40617
0 0 0 -1.70825 0.982017 -2.8631
0 0 0 -0.0047236 1.73466e-05 0.00140299
0 0 0 -0.0047268 9.13299e-06 0.00140013
0 0 0 -0.628667 0.36126 -1.37902
0 0 0 0.173311 0.0542169 1.36646
0 0 0 0.251446 -0.112781 3.12063
0 0 0 0.251446 -0.112781 3.12063
0 0 0 1.82062 0.00769361 1.45635
0 0 0 0.167911 -0.0945746 1.40617
0 0 0 -1.70825 0.982017 -2.8631
0 0 0 -0.0047236 1.73466e-05 0.00140299
0 0 0 -0.0047268 9.13299e-06 0.00140013
0 0 0 -0.628667 0.36126 -1.37902
0 0 0 0.173311 0.0542169 1.36646
-0.000958341 0.00289442 0.00063736 0.248782 -0.118724 3.12382
-0.00856433 0.017604 0.0133114 0.248782 -0.118724 3.12382
-5.35963e-05 0.00100251 -0.00101357 1.81781 0.011936 1.45135
0.000229872 0.00168744 0.00166449 0.168216 -0.0979956 1.40194
0.00196928 0.00138074 -0.000678589 -1.7998 0.943644 -2.95489
-0.00246937 0.0012757 0.00112836 -0.000513483 -4.43563e-06 0.0105812
1.02254e-06 0.000882918 -1.39194e-06 -0.000510886 9.5498e-07 0.0105838
0.000446924 0.000883238 -1.34939e-07 -0.65808 0.364007 -1.37236
-0.000452153 0.000883168 5.25993e-06 0.173452 0.0613012 1.36855
0.000953377 -0.00458415 0.00202402 0.244566 -0.127491 3.12677
-0.0146563 0.0351774 0.0290463 0.244566 -0.127491 3.12677
-6.69002e-05 0.00141188 -0.000122619 1.81337 0.0164063 1.4435
-0.000615891 -0.00106062 0.00159838 0.16724 -0.0957196 1.40852
0.00914858 -0.00384427 -0.00728182 -2.00102 0.828425 3.13447
-0.00337194 0.00107062 0.00242068 0.00847682 -0.000118682 0.023098
3.12273e-07 0.000978626 -3.73419e-07 0.00848579 -0.000101649 0.0231028
-0.000480776 0.000976892 5.12526e-07 -0.723214 0.38062 -1.33778
0.000475193 0.000975308 4.43141e-06 0.173294 0.0672812 1.36583
-0.0024326 0.00267108 0.00323582 0.245686 -0.132685 3.12384
-0.0129946 0.0328647 0.0348694 0.245686 -0.132685 3.12384
8.67661e-05 0.0019069 -0.00514851 1.81431 0.0149591 1.43777
-0.00141805 0.00205084 0.00156283 0.167964 -0.090815 1.40511
0.0104819 0.0050668 -0.00873016 -2.13206 0.676262 3.02252
-0.00140928 0.00557258 -0.00169583 0.00212142 -3.7671e-05 0.0277263
-1.97076e-07 -0.000166474 1.03213e-06 0.00212041 -3.16753e-05 0.0277231
0.00241843 -0.000157344 -2.51146e-06 -0.80621 0.41547 -1.30045
-0.00241023 -0.000146645 -8.64647e-06 0.173432 0.0744448 1.36801
0.00646664 -0.00381212 -0.0106609 0.222995 -0.107023 3.13933
0.000804504 0.0329344 0.03663 0.222995 -0.107023 3.13933
0.00394069 -0.00200966 0.00182845 1.79255 0.021415 1.46591
0.00254337 -0.00720527 -0.000969705 0.168912 -0.121541 1.41534
0.0100189 0.00427832 -0.00764843 -2.23526 0.533097 2.91764
-0.00557378 -0.00285333 0.00594712 0.023703 -0.000532765 0.047912
-2.60165e-07 -0.00300678 -8.59791e-07 0.0237245 -0.000560254 0.047925
0.00212954 -0.00301363 7.5394e-06 -0.85215 0.449235 -1.2603
-0.00212932 -0.00302663 -2.74671e-06 0.174974 0.069524 1.39026
-0.00138583 0.00082622 0.00992622 0.231787 -0.131947 3.13505
-0.0148418 0.0165643 0.0529669 0.231787 -0.131947 3.13505
-0.00176417 0.00196527 -8.75256e-05 1.8006 0.0238596 1.44085
-0.0012894 -0.000867287 0.00669209 0.169461 -0.112256 1.41423
-0.00115739 0.000979094 -0.00220814 -2.22339 0.341707 2.87396
-0.00081855 0.000749266 -0.0030747 0.0125415 -0.000355758 0.0508702
8.58536e-08 0.000664625 1.92806e-07 0.0125338 -0.000329342 0.0508668
0.00191884 0.000662689 -9.35286e-06 -0.987978 0.458745 -1.27227
-0.00191874 0.000669011 1.31918e-05 0.175384 0.0961923 1.39391
-0.00132085 -0.00431354 0.0205893 0.250413 -0.178817 -3.14076
0.00483683 0.0176549 0.0326702 0.250413 -0.178817 -3.14076
0.00275683 0.00269882 0.000199064 1.81739 0.0449023 1.39765
-0.00178682 -0.000668884 0.010201 0.171833 -0.0793884 1.41738
0.00662909 -0.00312113 0.00799059 -2.20146 0.254087 2.80557
-0.00861165 -0.00119315 -0.0107933 -0.0267732 0.0010595 0.08265
7.25311e-07 0.00101721 1.42318e-06 -0.0267845 0.00109737 0.082658
0.00451982 0.00101749 1.94864e-06 -1.03068 0.423999 -1.26896
-0.00452051 0.00101371 -8.57131e-06 0.176763 0.136639 1.40604
0.002312 -0.0104522 0.0169339 0.263328 -0.223319 -3.12111
0.0035965 0.00682041 0.0192189 0.263328 -0.223319 -3.12111
0.00456616 0.00520393 0.00434662 1.82823 0.0774891 1.36016
-0.00357576 -0.00914388 0.0100668 0.167907 -0.058319 1.43586
-1.57177e-05 0.000795057 -0.0058029 -2.19707 0.171404 2.78142
-0.0177118 -0.00651092 -0.00800934 -0.0576 0.0043327 0.151942
1.28708e-06 0.00355023 -2.11389e-07 -0.057606 0.00437619 0.151963
-0.00253966 0.00354348 -7.72483e-06 -1.07953 0.438416 -1.26245
0.0025143 0.00353261 1.65936e-06 0.1745 0.167502 1.39092
-0.00145424 0.00646223 0.00381381 0.27238 -0.216383 -3.12655
0.0172164 0.00118744 0.00929947 0.27238 -0.216383 -3.12655
0.000758661 8.68482e-05 -0.00148725 1.83739 0.0723068 1.36613
-0.0015048 0.00411028 -0.000871065 0.168614 -0.044295 1.43504
0.00911754 -0.000502059 0.00477553 -2.19644 0.15978 2.76547
0.000518471 0.000651306 -0.00683641 -0.0823053 0.00612003 0.148124
-2.58233e-06 -0.00219801 1.12552e-07 -0.0823164 0.00611343 0.14812
0.00244159 -0.00218712 7.75177e-06 -1.06965 0.421523 -1.2344
-0.00240949 -0.00216839 -1.07642e-05 0.174267 0.168311 1.39
0.000862355 -0.00497436 0.00650561 0.282103 -0.223869 -3.12944
-0.000785947 -0.00349606 0.00887337 0.282103 -0.223869 -3.12944
0.00152673 -0.00026096 -0.000678152 1.84644 0.0735337 1.35882
0.00018711 0.00199122 0.00274655 0.169383 -0.0320175 1.43992
0.0119398 0.000791533 -0.00127514 -2.18348 0.119542 2.79554
-0.000479487 2.2186e-05 -0.00670392 -0.106709 0.00796314 0.149137
1.16141e-07 -0.000705205 1.29929e-07 -0.106723 0.00797728 0.149135
0.00067647 -0.000708647 3.91743e-07 -1.09815 0.421969 -1.18945
-0.000679354 -0.000712071 2.50937e-06 0.174552 0.180785 1.39146
-0.00368674 0.00440887 -0.000941912 0.279861 -0.218333 -3.1324
-0.00579423 -0.0248425 -0.00888822 0.279861 -0.218333 -3.1324
-0.00132789 0.000410523 -0.00140481 1.84451 0.0687206 1.3632
-0.00072408 0.00152107 0.00182522 0.166972 -0.0406909 1.4298
0.0010759 0.00303521 0.000731975 -2.15843 0.153205 2.89538
0.00125283 0.00132236 0.00121402 -0.102 0.00738219 0.144216
-1.72415e-07 0.000540986 -1.94343e-06 -0.101998 0.0073759 0.144213
-0.00102388 0.000542504 5.55467e-06 -1.12364 0.421877 -1.17773
0.00101902 0.000558225 1.46599e-05 0.173103 0.188245 1.38391
0.00319754 -0.00375515 0.000400478 0.281978 -0.225426 -3.13096
-0.00080189 0.00139574 -0.00544712 0.281978 -0.225426 -3.13096
0.00119714 -0.00059801 -0.000421429 1.8462 0.0724703 1.35689
0.000812681 0.00151592 0.000576131 0.166915 -0.0406192 1.43913
0.000691107 0.000863603 -0.00246171 -2.174 0.162435 2.89474
-0.00119072 0.00042762 -0.00232984 -0.11032 0.00818922 0.14822
2.43558e-07 5.3825e-05 1.21949e-06 -0.110321 0.00819688 0.148222
-0.00025815 5.20145e-05 -4.4198e-06 -1.10695 0.430685 -1.17294
0.000260962 3.36874e-05 -9.77111e-06 0.173367 0.191654 1.38498
-0.00209623 0.00639664 0.000825591 0.280028 -0.218404 -3.13175
-0.00398369 -0.0211661 -0.0236089 0.280028 -0.218404 -3.13175
0.00044568 0.000147417 0.000502585 1.84468 0.069397 1.36332
1.16419e-05 0.00181302 -0.00125717 0.16682 -0.0348095 1.43094
-0.000993475 0.000237186 0.000130679 -2.16995 0.24273 2.96981
0.000247256 -0.000217104 -0.000139508 -0.110972 0.00821776 0.147496
-7.22533e-08 0.000127826 -7.3192e-07 -0.110971 0.00821 0.147495
-0.000769268 0.000127178 9.51881e-07 -1.08032 0.430543 -1.17362
0.000768578 0.000126689 -9.87525e-08 0.172536 0.187892 1.38071
0.00107817 -0.00887512 -0.00857946 0.260853 -0.204869 -3.1289
-0.00972493 -0.0149011 -0.020412 0.260853 -0.204869 -3.1289
-0.000766475 5.48811e-05 0.00119017 1.82662 0.0647757 1.3759
-0.000658135 -0.00324809 -0.00239481 0.163639 -0.0527479 1.43844
-0.00319464 0.00287164 0.000398469 -2.16078 0.305793 3.03383
0.000813201 -0.000302012 0.00895916 -0.0784614 0.00575035 0.145572
-2.04937e-07 0.000793159 -2.82035e-06 -0.078441 0.00573096 0.145571
-0.00220941 0.00079067 8.50345e-06 -1.06109 0.432809 -1.17405
0.00220937 0.00078993 1.03745e-05 0.171051 0.175316 1.37254
-0.00103898 0.00169759 -0.00510374 0.253317 -0.202053 -3.13178
-0.00610281 -0.00761046 -0.0260018 0.253317 -0.202053 -3.13178
-0.000987912 -0.000720796 -1.37751e-05 1.81931 0.0598232 1.37744
0.0010832 0.00126872 -0.00180552 0.163809 -0.0626254 1.43196
-0.0108016 0.00011577 -0.00556932 -2.16716 0.374797 3.05902
0.00302429 0.000567205 0.00335918 -0.0659907 0.00444161 0.134215
-5.26555e-07 -0.000191211 1.89644e-06 -0.0659824 0.00443724 0.13421
-8.2287e-05 -0.000188049 -7.77632e-06 -1.03249 0.458401 -1.21494
8.94509e-05 -0.000183337 -2.75341e-06 0.171546 0.169438 1.3753
-0.0013591 0.00654503 -0.00631088 0.240023 -0.186806 -3.13357
-0.0022195 -0.0213342 -0.0289539 0.240023 -0.186806 -3.13357
-0.000348254 -0.000782142 0.00251308 1.80689 0.0519651 1.39111
0.0006436 0.000375296 -0.0039658 0.165026 -0.0708517 1.42331
-0.00916358 -0.00533202 -0.00234746 -2.13235 0.463797 3.11439
0.00338332 -0.0023607 0.0058371 -0.044957 0.0027963 0.12326
1.66324e-07 0.000549969 -8.28875e-08 -0.0449453 0.00277886 0.123256
0.000437488 0.000545355 4.96627e-06 -1.00801 0.46225 -1.2607
-0.000437275 0.000541571 -2.71662e-06 0.17223 0.15401 1.37967
-0.00450879 0.00785565 -0.0157092 0.254131 -0.148988 3.1292
0.0138698 -0.0311027 -0.0264411 0.254131 -0.148988 3.1292
0.00170007 -0.00358225 -0.00311615 1.82214 0.0253197 1.42344
0.000729893 0.0132504 -0.0137254 0.169739 -0.075625 1.41015
0.0050034 -0.00734481 0.00992641 -2.05194 0.577139 -3.08132
0.0123 0.00215015 -0.0110672 -0.0852263 0.00328477 0.0756042
-2.48336e-06 -0.00273743 3.74577e-06 -0.0852463 0.00324104 0.0755826
0.00571567 -0.00272719 -7.48198e-06 -0.951724 0.422272 -1.26919
-0.00568224 -0.00270933 -3.41703e-05 0.173975 0.107256 1.3937
-0.00157647 -0.00176724 -0.00120813 0.240973 -0.172686 3.11673
-0.00259915 -0.0186057 -0.026529 0.240973 -0.172686 3.11673
0.000263702 -0.00295006 0.00521699 1.80815 0.0168576 1.39716
0.00224276 -0.00341922 0.00309053 0.168084 -0.0885139 1.39805
-0.00262802 -0.0045976 -0.00242251 -2.01849 0.635411 -3.02958
0.00960372 -0.0050431 0.00735233 -0.059973 0.00122162 0.0415067
1.85736e-06 0.00292958 -3.31727e-06 -0.0599615 0.00123987 0.0414951
-0.00575752 0.00292095 1.53476e-06 -0.917223 0.418269 -1.26622
0.00572106 0.00289158 4.55507e-05 0.173063 0.116783 1.38404
