-0.229859 -0.33655 -0.0428028 0.229248 -0.0399157 3.0849
0.0234533 -0.0449042 -0.366752 0.229248 -0.0399157 3.0849
1.71775 0.0154464 -0.122053 1.80011 -0.0461452 1.51905
-0.179272 -0.0250015 -0.00614431 0.148821 -0.115628 1.40983
0.201135 -0.0467466 -0.0839 -1.95307 1.00989 3.13123
0.0153343 0.486663 -0.0018793 -0.00669569 -0.000190663 -0.0547012
-2.12881e-07 0.206601 -2.10051e-07 -0.00669605 -0.000184778 -0.0547019
0.136497 0.206602 1.99576e-07 -0.54491 0.310508 -1.32099
-0.136492 0.206604 3.70228e-06 0.151651 -0.0260975 1.38815
0 0 0 0.229248 -0.0399157 3.0849
0 0 0 0.229248 -0.0399157 3.0849
0 0 0 1.80011 -0.0461452 1.51905
0 0 0 0.148821 -0.115628 1.40983
0 0 0 -1.95307 1.00989 3.13123
0 0 0 -0.00669569 -0.000190663 -0.0547012
0 0 0 -0.00669605 -0.000184778 -0.0547019
0 0 0 -0.54491 0.310508 -1.32099
0 0 0 0.151651 -0.0260975 1.38815
-0.00380585 0.0235443 0.00997235 0.230149 -0.047609 3.07141
-0.000677885 -0.00108429 -0.00237278 0.230149 -0.047609 3.07141
-0.00142823 -0.00185585 -0.0047246 1.80107 -0.0574769 1.50844
0.000356048 0.0104418 0.000486518 0.152459 -0.0893045 1.38936
6.67948e-05 -0.002011 0.00559354 -1.93041 1.02043 3.12609
0.00899776 0.00389095 -0.000367062 -0.007783 -0.000341496 -0.0844387
-1.72151e-06 -0.00360228 1.42752e-07 -0.00778431 -0.000332068 -0.0844552
0.00601364 -0.0035988 -5.41952e-07 -0.536933 0.294116 -1.34177
-0.00600301 -0.00358885 -1.98653e-06 0.151219 -0.0256517 1.40494
0.00177703 -0.00554886 -0.00163359 0.233833 -0.0482614 3.07788
-0.00549346 0.00368473 -0.000404472 0.233833 -0.0482614 3.07788
0.00101526 0.000989074 0.00185159 1.80466 -0.0507986 1.50909
-0.000670212 -0.00677878 -0.000299889 0.151224 -0.0941833 1.39661
-0.000750204 0.00146611 -0.00362623 -1.95374 1.00351 3.11433
-0.00399138 -0.00175359 -0.00292989 -0.018215 -0.000653445 -0.0715889
3.14594e-06 0.00226171 6.83822e-07 -0.0182195 -0.000652666 -0.0715807
-0.00278851 0.00225526 -3.50027e-08 -0.549944 0.305556 -1.33481
0.00276128 0.00223253 -4.22548e-06 0.151424 -0.0258785 1.3967
0.00116883 -0.00494676 0.000589484 0.232105 -0.0505389 3.08282
-0.00703394 0.0120778 0.0107249 0.232105 -0.0505389 3.08282
0.000882207 0.00036943 0.00157456 1.80285 -0.0455783 1.5081
-0.000661466 -0.00451902 -0.00153163 0.150604 -0.087177 1.40282
-0.00248082 0.000761182 0.00117866 -1.99859 0.975198 3.05494
-0.00287782 -0.00128647 -0.000729923 -0.0209048 -0.000648851 -0.0618359
-7.8806e-07 0.000296163 -5.33825e-07 -0.0209033 -0.000646949 -0.0618318
-0.000935789 0.000297503 3.91913e-07 -0.564159 0.302299 -1.3402
0.000943098 0.000303607 2.85183e-06 0.15152 -0.0318484 1.39353
0.00194958 -0.0113502 -0.00613053 0.234177 -0.0480638 3.08489
-0.0184572 0.0139231 0.0292877 0.234177 -0.0480638 3.08489
0.00062781 0.00051746 0.00126787 1.80493 -0.0440054 1.5109
-8.66726e-05 -0.00281268 -0.000471333 0.149361 -0.103009 1.41391
0.00116059 -0.000424657 -0.00282535 -2.05886 0.864984 2.9948
-0.00169061 -0.000171581 -0.00161648 -0.0266372 -0.00074057 -0.0558557
-9.5923e-08 -0.000166434 1.95113e-07 -0.0266398 -0.000743586 -0.0558531
-0.000129581 -0.000166854 -2.92427e-07 -0.645901 0.311602 -1.33558
0.000130906 -0.000164326 -2.07694e-06 0.151477 -0.0334648 1.39459
0.000480234 -0.0124779 0.00273623 0.197589 -0.081066 3.09954
-0.0324145 0.0405275 0.046198 0.197589 -0.081066 3.09954
-0.00188402 0.00364925 0.00666295 1.7678 -0.0253458 1.48307
-0.00176417 -0.0123656 0.012675 0.144491 -0.134709 1.42112
-0.00602344 0.00566848 -0.0110056 -2.16845 0.660818 2.86828
-0.0101446 -0.00532195 0.0208418 0.0482806 0.000449157 -0.0203429
1.91036e-06 0.000720249 -4.27787e-06 0.0483167 0.000479972 -0.020331
-0.00554822 0.000712086 1.01885e-05 -0.770179 0.355799 -1.33286
0.00552337 0.000700667 3.81156e-05 0.151717 0.0185631 1.37521
0.000118387 -0.00778616 0.00805688 0.196168 -0.106508 3.10753
-0.0202462 0.0257474 0.0593828 0.196168 -0.106508 3.10753
-0.00127259 0.00244284 0.00115052 1.76586 -0.0126936 1.45972
-0.000777638 -0.00509462 0.00598725 0.144479 -0.127117 1.42524
0.0109401 0.0154823 -0.00130388 -2.17435 0.434921 2.86295
-0.00540588 0.000221335 0.00192343 0.0560943 -3.21441e-05 -0.000787556
6.98624e-07 0.00460237 2.45279e-06 0.0560975 3.10103e-06 -0.000776637
-0.000344002 0.00460542 -1.11959e-05 -0.92892 0.370271 -1.27803
0.000354536 0.00460511 -1.98456e-05 0.151794 0.0408099 1.37817
0.000981412 -0.0060022 0.0308044 0.230761 -0.171879 3.11571
-0.00712188 -0.00610933 0.0326433 0.230761 -0.171879 3.11571
0.00642505 0.00206411 0.00202154 1.79812 0.0139171 1.39756
0.00371175 0.00487735 0.0164719 0.149061 -0.0789082 1.42177
0.00550768 0.00325012 -0.0158869 -2.15996 0.271679 2.90669
-0.00893154 -0.00238567 -0.0216344 -0.0241645 0.000280678 0.0328608
-3.67731e-07 0.00392534 6.88373e-06 -0.0242041 0.000369372 0.0328779
0.000587641 0.00391337 -5.86182e-05 -1.07115 0.421554 -1.25988
-0.000612971 0.00390466 -3.07057e-05 0.153107 0.104255 1.39379
0.00319309 -0.0021248 0.00558273 0.230107 -0.188396 3.12481
0.00561208 0.00586304 0.0275612 0.230107 -0.188396 3.12481
-0.000202518 0.00187756 0.000984452 1.79684 0.0263777 1.38349
0.00103816 0.00307882 0.00727725 0.149215 -0.0828921 1.43061
0.00391666 0.00749048 0.00322467 -2.13564 0.192273 2.91089
-0.00678418 -0.000240671 0.000561571 -0.0220578 0.000614213 0.0586948
-5.72017e-07 0.0012365 -5.74901e-06 -0.0220548 0.000638971 0.0587083
0.00207498 0.00125349 5.93024e-05 -1.13766 0.418893 -1.24478
-0.00204582 0.00125917 3.05199e-05 0.154182 0.132899 1.40432
0 0 0 0.230107 -0.188396 3.12481
0 0 0 0.230107 -0.188396 3.12481
-0.00260157 0.000214516 -0.00080892 1.79127 0.0165035 1.40348
0 0 0 0.149215 -0.0828921 1.43061
0 0 0 -2.13564 0.192273 2.91089
0.00250044 0.00173736 0.0039124 -0.00715308 0.000223388 0.0486729
-2.57317e-06 -1.6036e-06 -1.0829e-06 -0.0220493 0.000657104 0.0587108
0 0 0 -1.13766 0.418893 -1.24478
1.43801e-05 2.62756e-05 -1.34789e-05 0.154013 0.132996 1.40429
-0.010087 0.0135594 0.00796091 0.232907 -0.182144 3.1202
0.0476274 -0.0840837 -0.119552 0.232907 -0.182144 3.1202
0.00247547 -0.000816596 0.000134619 1.79984 0.0209854 1.38861
-0.00288687 0.000411499 -0.00158559 0.148842 -0.0559545 1.40225
0.00827406 -0.00235665 0.0082202 -2.04658 0.657377 -3.06987
-5.6686e-07 -0.000478699 -0.00744276 -0.0352623 0.000833074 0.0489151
5.48148e-07 -0.000268891 3.65802e-06 -0.0352737 0.000855511 0.0489166
-0.00199228 -0.000270244 -1.89294e-06 -0.860974 0.382749 -1.20854
0.00199173 -0.000285755 -1.13905e-05 0.151764 0.126842 1.38516
-0.000423743 0.00221975 0.00497514 0.240045 -0.188178 3.11885
-0.0361224 0.0746455 0.131615 0.240045 -0.188178 3.11885
0.00105274 8.08201e-05 0.000385639 1.80659 0.0223799 1.38258
-0.000750613 0.00106707 0.00184264 0.148307 -0.0462732 1.40268
-0.00105094 -0.00178957 -0.00131299 -2.10187 0.177616 2.92575
-0.000462342 0.000103731 -0.00473542 -0.0531114 0.00133346 0.0506839
1.69113e-07 0.00046382 -1.07953e-06 -0.0531219 0.00134392 0.0506838
-0.000173242 0.000462627 -2.83281e-06 -1.15707 0.384757 -1.21499
0.000171131 0.000466749 3.20631e-06 0.151219 0.134068 1.38122
0 0 0 0.240045 -0.188178 3.11885
0 0 0 0.240045 -0.188178 3.11885
0 0 0 1.80659 0.0223799 1.38258
0 0 0 0.148307 -0.0462732 1.40268
0 0 0 -2.10187 0.177616 2.92575
0 0 0 -0.0531114 0.00133346 0.0506839
0 0 0 -0.0531219 0.00134392 0.0506838
0 0 0 -1.15707 0.384757 -1.21499
0 0 0 0.151219 0.134068 1.38122
-0.00285851 -0.00120457 -0.00573573 0.247333 -0.161928 3.11047
-0.00169069 -0.019471 -0.0292893 0.247333 -0.161928 3.11047
-0.0030636 0.000608566 0.000367885 1.81484 0.00928515 1.40619
-0.00084027 0.00833483 0.00106392 0.14563 -0.0657504 1.40147
-0.000867685 -0.000128965 0.00811718 -2.08804 0.3075 2.99523
0.00259781 0.00173641 -0.00228204 -0.0612331 0.00128485 0.040576
-7.35667e-07 -0.000224322 -1.63571e-06 -0.0612378 0.00125149 0.0405664
0.000681664 -0.000221744 7.24985e-06 -1.08504 0.357505 -1.22066
-0.000673508 -0.000214282 5.61633e-07 0.150116 0.142699 1.37409
-0.00577802 0.0110813 0.0135171 0.263177 -0.158899 3.0975
-0.00179947 -0.0109378 -0.0172132 0.263177 -0.158899 3.0975
-0.00173547 0.000788621 0.002303 1.83059 -0.00143602 1.40595
-0.000624629 0.00187663 0.000704123 0.147999 -0.0270788 1.38053
-0.00170024 -0.00331481 0.00454877 -2.07313 0.378703 3.02277
0.00416604 -0.00115279 -0.00596429 -0.0831283 0.00103661 0.0248643
1.14314e-07 -0.00236931 8.47273e-07 -0.0831449 0.00103445 0.0248532
0.00141079 -0.00237043 -1.91683e-06 -1.04378 0.34166 -1.23364
-0.00141381 -0.00237403 3.07278e-06 0.150147 0.147978 1.37386
0.000355286 -0.00929163 -0.0156805 0.253665 -0.12508 3.08786
0.0157876 0.0148926 -0.0247102 0.253665 -0.12508 3.08786
-0.00361977 -0.00171062 -0.00674441 1.8225 -0.0207304 1.4363
0.00139854 -0.00156084 -0.00498086 0.143638 -0.0593352 1.38189
0.00422278 0.0171261 0.0082163 -2.12984 0.496088 3.02595
0.00795541 0.00844375 0.0052575 -0.0606799 -8.66124e-05 -0.00451065
-1.15913e-06 -0.00459373 -1.50089e-06 -0.0606711 -0.000124709 -0.00452289
-0.00555863 -0.00458554 3.7528e-06 -0.908971 0.332965 -1.16329
0.00555684 -0.00454689 -3.15853e-06 0.147397 0.129108 1.35464
-0.00688538 0.000121241 -0.00733811 0.252611 -0.0888647 3.081
0.00907975 -0.0170226 -0.0259839 0.252611 -0.0888647 3.081
-0.00384706 0.00134673 -0.0029401 1.82256 -0.0365002 1.46965
-0.00248903 0.00178193 -0.00421788 0.14218 -0.0683872 1.36963
0.00120025 0.0021354 0.00871088 -2.08456 0.609439 3.09761
0.00274902 0.00421827 0.00371299 -0.0471315 -0.000281097 -0.0141451
1.34301e-06 0.00195472 -4.79157e-07 -0.0471319 -0.000311429 -0.014151
-0.000604275 0.00194989 -1.99956e-06 -0.843799 0.298598 -1.15591
0.00060293 0.0019109 3.32058e-06 0.145997 0.111591 1.34235
0.00551478 0.00656685 0.0016615 0.259331 -0.10124 3.08691
0.000932715 -0.0219776 -0.0317608 0.259331 -0.10124 3.08691
0.00255335 0.000604639 0.000886854 1.82887 -0.0269491 1.45897
0.000338904 0.00341678 -0.000166816 0.143417 -0.0636668 1.38345
-0.00473834 -0.0134205 -0.0106145 -2.05659 0.674936 3.13122
-0.00457992 -0.00135985 -0.00483233 -0.0648155 3.19966e-05 0.00204511
1.6657e-06 0.00140866 3.67915e-06 -0.0648285 5.97776e-05 0.00205938
0.00246559 0.00139435 -2.86634e-05 -0.816237 0.325224 -1.20721
-0.00249001 0.00137364 -1.26494e-05 0.147172 0.112166 1.35187
0 0 0 0.259331 -0.10124 3.08691
0 0 0 0.259331 -0.10124 3.08691
0 0 0 1.82887 -0.0269491 1.45897
0 0 0 0.143417 -0.0636668 1.38345
0 0 0 -2.05659 0.674936 3.13122
0 0 0 -0.0648155 3.19966e-05 0.00204511
0 0 0 -0.0648285 5.97776e-05 0.00205938
0 0 0 -0.816237 0.325224 -1.20721
0 0 0 0.147172 0.112166 1.35187
