-0.204055 -0.375466 -0.0422166 0.250797 0.102967 3.13278
0.588211 0.413096 -0.0149095 0.250797 0.102967 3.13278
1.84993 -0.0815405 0.00436841 1.82039 -0.0340542 1.66839
-0.218005 -0.0840692 0.0163583 -0.630553 -0.198147 1.61863
0.423499 0.164592 0.0118951 1.48244 0.0896493 0.985479
-0.00350662 0.417004 -0.00516041 -0.0246592 0.000202245 0.01675
-1.30221e-07 0.207773 1.36208e-07 -0.024661 0.000205458 0.0167504
0.156315 0.207773 -9.12059e-07 1.4529 -0.0439263 -0.160232
-0.156313 0.207774 -2.65939e-07 -0.556749 0.0547866 1.36248
0 0 0 0.250797 0.102967 3.13278
0 0 0 0.250797 0.102967 3.13278
0 0 0 1.82039 -0.0340542 1.66839
0 0 0 -0.630553 -0.198147 1.61863
0 0 0 1.48244 0.0896493 0.985479
0 0 0 -0.0246592 0.000202245 0.01675
0 0 0 -0.024661 0.000205458 0.0167504
0 0 0 1.4529 -0.0439263 -0.160232
0 0 0 -0.556749 0.0547866 1.36248
-0.00152329 0.00258148 0.00389413 0.246475 0.0876938 3.13064
-0.0165586 0.0127775 -0.00802842 0.246475 0.0876938 3.13064
-0.000900162 0.00205702 -0.00225842 1.81644 -0.0319954 1.65319
-0.00291959 0.00346901 0.00276606 -0.635012 -0.193806 1.62326
-0.00319232 0.0041949 -0.00743113 1.51576 0.0915968 1.03876
0.000370571 -0.000549411 -0.000184614 -0.0255907 0.000154642 0.0150429
1.8548e-06 -3.00674e-06 -1.23141e-06 -0.0255837 0.000177275 0.0150403
-2.02295e-05 2.42629e-06 -1.32944e-06 1.46529 -0.0167297 -0.146613
1.14555e-05 7.18128e-06 1.08958e-05 -0.557575 0.0645854 1.35035
-0.000886876 0.00112501 0.00459863 0.248354 0.0815137 3.13151
-0.0246419 0.0107051 -0.0048887 0.248354 0.0815137 3.13151
-0.00184559 0.00197958 -0.00131353 1.81842 -0.0297951 1.64735
-0.00130994 0.00127147 0.00188412 -0.635595 -0.184759 1.62467
-0.0080223 0.00372781 -0.00136837 1.52212 0.103937 1.09906
0.000236492 0.000535251 -0.000422873 -0.0275487 0.00017757 0.0138767
-6.96105e-08 2.06581e-06 3.72547e-07 -0.0275513 0.000186709 0.0138777
6.41115e-06 4.32033e-07 1.92065e-06 1.45668 -0.0119813 -0.136884
-8.61201e-06 -2.37262e-06 -4.87779e-06 -0.558213 0.0711754 1.34509
-0.00290276 -0.00258409 -0.000259773 0.249563 0.0803628 3.13463
-0.031261 0.0095754 -0.00722668 0.249563 0.0803628 3.13463
-0.000146118 0.001812 0.00181666 1.81963 -0.0265786 1.64697
-0.0014887 -0.00277096 0.000517274 -0.636774 -0.187487 1.61987
-0.00502422 0.000730932 0.000319813 1.52506 0.130283 1.19258
0.000404373 -0.000700752 -0.000205825 -0.0286378 0.000170214 0.0119751
-1.07588e-06 2.25927e-06 6.13411e-07 -0.0286389 0.000171308 0.0119779
8.64508e-06 -2.28918e-06 -4.73693e-08 1.43341 -0.013484 -0.13673
-5.35983e-06 -9.39971e-06 -4.61632e-06 -0.558807 0.0722003 1.34231
-0.00495629 0.0017909 -0.000201734 0.247629 0.072815 3.1338
-0.0435534 0.00706434 -0.00896511 0.247629 0.072815 3.1338
-0.000732183 0.00234395 0.000989384 1.81784 -0.025393 1.63949
-0.00212411 0.00105075 0.00251455 -0.637723 -0.196999 1.6103
-0.0115513 -0.00229783 -0.000793514 1.54234 0.158154 1.30621
0.000501943 -0.000263793 -9.23492e-05 -0.0291125 0.000131661 0.00957884
8.82056e-10 1.95695e-07 -2.44952e-07 -0.0291109 0.000137634 0.0095783
-1.33646e-06 3.96047e-07 1.17192e-07 1.41046 -0.0108305 -0.152642
3.17202e-06 4.44145e-06 3.0787e-06 -0.559591 0.0807335 1.33454
0.000361205 -0.000529555 0.00122445 0.252145 0.0661302 3.13792
-0.0497144 0.00446429 -0.0114915 0.252145 0.0661302 3.13792
0.00115577 -0.00014278 0.00124162 1.82243 -0.0200426 1.63393
0.000933973 -0.000748246 -0.000398529 -0.634052 -0.191802 1.60837
-0.00454036 -0.00224571 -0.00362576 1.58545 0.185369 1.46289
0.000615958 0.000324898 0.000859757 -0.0249639 7.50308e-05 0.00660466
-4.08159e-07 -3.03183e-06 6.69173e-07 -0.0249677 8.08876e-05 0.00660798
-5.97823e-07 -3.16839e-06 -6.36547e-07 1.3849 0.0042122 -0.164842
4.5391e-06 -3.75123e-06 -4.65401e-06 -0.559 0.0792798 1.33816
-0.000504292 -0.00401363 0.00432979 0.259607 0.0612113 -3.13843
-0.051666 -0.000433909 -0.00783044 0.259607 0.0612113 -3.13843
-0.000615842 0.000368246 0.00107843 1.82993 -0.012651 1.63077
-0.000130665 -0.00296345 0.00172908 -0.630351 -0.18255 1.60696
-0.00471093 0.00119544 0.00078031 1.61905 0.215909 1.62521
-0.000544508 0.000140179 8.33827e-05 -0.0245406 0.000108084 0.00921287
2.21984e-07 -8.06489e-06 -2.41295e-07 -0.0245465 0.000112079 0.00921796
-1.17851e-06 -7.70309e-06 3.98024e-07 1.34963 0.000951676 -0.163066
-2.00503e-07 -7.95068e-06 5.5905e-07 -0.559075 0.0842265 1.34001
0.00287068 0.000656068 0.000222383 0.263338 0.064176 -3.13442
-0.0464179 -0.0121277 -0.00362762 0.263338 0.064176 -3.13442
-9.55763e-05 -0.000583161 0.00072018 1.8336 -0.00976703 1.63463
0.00121057 0.000610138 -0.000929697 -0.629754 -0.178729 1.61264
-0.00277189 -0.00388402 0.00502123 1.64941 0.246407 1.78016
-0.000203126 -0.000257986 -3.05338e-05 -0.0247177 0.000130939 0.0101913
-3.04952e-07 3.4442e-06 -2.74318e-08 -0.0247225 0.000127166 0.0101961
3.75979e-06 3.32791e-06 2.25941e-07 1.3132 -0.0207574 -0.181614
-2.15772e-06 3.51336e-06 -1.30146e-06 -0.558466 0.0813931 1.34348
-0.00282486 0.00632166 -0.00933961 0.242451 0.0589477 -3.13508
-0.0350102 -0.002807 0.00721029 0.242451 0.0589477 -3.13508
0.000285385 0.00130977 -0.00301046 1.81283 -0.0078198 1.62959
-4.02308e-05 0.00329424 -0.00173772 -0.633375 -0.205918 1.60346
-0.00817538 -0.0022741 0.000632769 1.66219 0.219947 1.87068
0.000740728 0.00017858 -0.00144464 -0.0315685 9.24937e-05 0.00664543
1.13692e-06 -4.10958e-05 -2.96147e-06 -0.0315378 0.000100183 0.00664635
-9.90238e-07 -3.43086e-05 3.32593e-06 1.33412 -0.0242725 -0.198079
-4.39496e-06 -2.91078e-05 1.2598e-05 -0.558502 0.0764114 1.34084
0.00475989 -0.00651442 -0.00292312 0.241441 0.0618594 -3.12488
-0.0205806 -0.00647716 0.00296831 0.241441 0.0618594 -3.12488
0.000711442 -0.00261628 0.00179711 1.81177 0.0014506 1.63486
0.00375346 -0.00720561 -0.00303355 -0.628975 -0.206004 1.60702
0.00155752 0.000515797 0.00228983 1.66985 0.217167 1.95014
-0.000353246 1.46353e-05 0.000745072 -0.0280375 0.000121515 0.00831792
-1.47193e-06 1.6263e-05 2.74701e-06 -0.0280364 0.000118142 0.00832982
-3.15175e-06 8.41385e-06 -2.53407e-06 1.33486 -0.0342974 -0.194491
1.09112e-05 -3.01866e-06 -1.21396e-05 -0.557228 0.0649115 1.35831
-0.00128743 0.000725113 8.2412e-05 0.246182 0.0525305 -3.12865
0.00278931 -0.00134415 -0.00524843 0.246182 0.0525305 -3.12865
0.0014021 0.000348707 0.000435844 1.81664 -0.000240602 1.6249
-0.000932708 0.000654092 4.35397e-05 -0.631106 -0.205936 1.6058
0.00119354 -0.00312821 -0.00581155 1.69942 0.214566 1.94282
-0.000275235 -8.82246e-05 0.00153794 -0.0207099 7.71646e-05 0.00964066
-1.60089e-07 1.30228e-05 1.63518e-06 -0.0207182 9.33083e-05 0.00963364
-9.33778e-07 1.02889e-05 -9.96473e-06 1.32128 -0.008457 -0.20705
2.31468e-06 2.11662e-05 -2.34943e-06 -0.557683 0.0651531 1.35484
0.000914231 -2.76693e-06 -0.00155485 0.248494 0.0502037 -3.13158
0.0229237 0.00980052 -0.000159008 0.248494 0.0502037 -3.13158
0.00101538 0.000392345 0.00099657 1.81898 -0.00263202 1.62192
3.37632e-05 -0.000852438 -0.000403643 -0.632292 -0.210343 1.60898
0.00144337 0.00238211 -0.00425979 1.68826 0.201174 1.86516
2.62142e-05 -0.000768786 0.000234835 -0.0196457 8.80803e-05 0.00955382
1.90297e-07 9.82834e-06 -6.92973e-07 -0.0196497 9.20913e-05 0.00954856
4.89317e-06 9.94702e-06 6.32354e-06 1.33848 0.0103171 -0.19554
-6.14247e-06 5.75491e-06 -1.9527e-06 -0.557117 0.0636559 1.35558
0.000661943 -9.9194e-05 -0.00128732 0.249899 0.0422936 -3.13363
0.0280859 0.00816751 -0.00350917 0.249899 0.0422936 -3.13363
0.000735595 0.000113536 2.05747e-05 1.82047 -0.00273864 1.61375
-0.000662021 -0.000272642 0.000962499 -0.635688 -0.21788 1.61359
0.00206081 0.0015168 -0.00626614 1.68867 0.192137 1.77376
-0.000622766 -7.55058e-06 0.000561539 -0.0169365 9.65255e-05 0.0125524
7.96192e-08 3.88282e-06 -4.50529e-07 -0.0169377 0.000103344 0.0125505
-2.04153e-06 7.6577e-06 2.56953e-06 1.34887 0.0375343 -0.187355
8.20176e-07 9.23895e-06 5.5483e-06 -0.557669 0.0667096 1.35364
-1.85559e-05 0.000804278 0.000812712 0.254769 0.0395909 -3.1372
0.0388837 0.00619637 -0.00014913 0.254769 0.0395909 -3.1372
-0.000939694 -0.000418171 0.000446241 1.82537 -0.00572118 1.61022
0.00127491 -0.00018125 0.00179691 -0.631976 -0.221917 1.60923
0.0088283 0.0030194 -0.0025029 1.66869 0.185253 1.67053
-4.51138e-05 -0.000611105 0.000122315 -0.0163895 9.74597e-05 0.0127942
-1.12022e-06 -2.0875e-07 -4.47969e-07 -0.0163974 0.000101888 0.0127881
4.4973e-06 -1.53617e-06 -2.25433e-07 1.36676 0.0467633 -0.167935
7.60197e-07 7.7159e-07 9.97685e-07 -0.557507 0.0726215 1.35788
0.00041131 -0.000204885 -0.00200272 0.247049 0.0544547 3.14134
0.0482929 0.00277152 0.0106561 0.247049 0.0544547 3.14134
-0.00123511 -0.000186177 -0.000869187 1.8175 -0.0135537 1.62354
-0.00140799 0.000185833 -0.0023923 -0.636984 -0.220265 1.6155
0.00612131 0.00340411 0.00520238 1.61254 0.168172 1.5257
9.39993e-05 0.000394227 -0.00153094 -0.0237108 0.000168541 0.0123221
8.79865e-07 -4.84362e-06 -1.0152e-06 -0.0237023 0.00015175 0.0123173
-1.51964e-05 -2.32348e-06 6.39527e-06 1.39928 0.0243615 -0.14991
1.26345e-05 -1.30845e-06 -8.10691e-07 -0.557788 0.0647504 1.35317
0.00409079 0.000662032 -0.00351731 0.243461 0.0689924 3.13945
0.0485907 -0.00124157 0.0111451 0.243461 0.0689924 3.13945
-0.000805425 -0.000878215 -0.00224174 1.81371 -0.0187029 1.63725
0.000924426 0.00107911 -0.00166172 -0.641026 -0.225977 1.62643
0.00827261 0.00363173 0.00558973 1.56399 0.149614 1.38559
-0.000476406 0.000304438 -0.000751105 -0.0272957 0.000227157 0.0145895
-2.51329e-07 3.14525e-06 5.18739e-07 -0.027291 0.000206864 0.0145871
-5.25107e-06 6.28971e-06 -1.33259e-06 1.42104 0.00132761 -0.13069
6.70295e-06 6.99021e-06 -3.99437e-06 -0.557357 0.0595532 1.35537
0.00421098 -0.000422908 -0.00111426 0.243219 0.0851314 3.13969
0.0512299 -0.0127358 0.0126085 0.243219 0.0851314 3.13969
-0.000322017 -0.00212979 -0.000789723 1.81318 -0.022326 1.65298
0.000770142 0.00108069 -0.00439943 -0.643931 -0.213869 1.63801
0.0048732 0.000441662 0.0087723 1.50609 0.136852 1.21914
0.000209666 0.000227952 -0.000573068 -0.0300241 0.000235195 0.0135577
-5.79828e-07 4.24304e-06 3.22568e-07 -0.0300241 0.00021328 0.013558
-5.11641e-06 2.06484e-06 8.68921e-08 1.42312 -0.0330094 -0.126504
1.05533e-05 -1.12999e-06 -4.04261e-06 -0.557167 0.0452269 1.35706
0.00225244 -0.00214175 -0.000793492 0.247081 0.0953398 3.13784
0.0390099 -0.0184337 0.00432175 0.247081 0.0953398 3.13784
0.00138356 -0.00159819 0.00134676 1.81683 -0.0269286 1.66235
0.00133003 -0.00109745 -0.00372779 -0.642294 -0.203417 1.64094
0.00483755 -0.00482011 0.00377559 1.47518 0.134401 1.09248
-3.71402e-06 0.000608387 0.000916273 -0.0255681 0.000191116 0.0135396
1.14787e-07 1.18324e-06 1.08956e-06 -0.025573 0.000178491 0.0135369
7.70026e-06 -4.25025e-06 -4.81452e-06 1.41273 -0.0467811 -0.142476
-9.26556e-06 -6.66861e-06 -1.71648e-06 -0.556805 0.0327827 1.36217
-0.00017029 0.000827208 0.000217979 0.240056 0.101399 3.13645
0.0251474 -0.0101484 0.0031018 0.240056 0.101399 3.13645
9.13073e-05 -0.000343399 -0.000708527 1.8097 -0.0290618 1.66809
0.00173593 0.000276534 -0.00249387 -0.637155 -0.194885 1.63451
0.0016608 0.000462623 0.00101907 1.45915 0.126289 1.00468
-0.000857895 7.19748e-05 -0.000512485 -0.0279844 0.000258268 0.0176537
8.75339e-07 -3.80344e-06 -1.55377e-06 -0.0279754 0.000250088 0.0176528
7.28952e-06 6.79457e-07 2.6173e-06 1.41006 -0.0503553 -0.139835
-1.41444e-05 3.24859e-06 1.00004e-05 -0.556439 0.0245438 1.36767
