-0.25686 -0.440902 -0.02243 0.312847 0.0612378 3.10092
0.415911 0.40293 -0.135241 0.312847 0.0612378 3.10092
2.6353 -0.0368436 -0.196243 1.88358 -0.0575369 1.61656
-0.24392 -0.130544 0.0415008 -1.00263 -0.202982 1.52913
0.411592 0.113765 -0.063347 1.87096 0.24371 1.55566
-0.00222702 0.418523 -0.00118001 -0.00555313 4.89695e-05 0.0104286
-7.69816e-09 0.204998 1.21857e-06 -0.00559085 3.43637e-05 0.0104126
0.146376 0.204993 -1.65954e-06 1.25458 0.222179 -0.331205
-0.146375 0.204979 -2.43829e-05 -1.02207 0.118295 1.28786
0 0 0 0.312847 0.0612378 3.10092
0 0 0 0.312847 0.0612378 3.10092
0 0 0 1.88358 -0.0575369 1.61656
0 0 0 -1.00263 -0.202982 1.52913
0 0 0 1.87096 0.24371 1.55566
0 0 0 -0.00555313 4.89695e-05 0.0104286
0 0 0 -0.00559085 3.43637e-05 0.0104126
0 0 0 1.25458 0.222179 -0.331205
0 0 0 -1.02207 0.118295 1.28786
-0.0019938 -0.00673379 0.00646394 0.326793 0.055841 3.09768
0.0634887 -0.0134212 -0.0247435 0.326793 0.055841 3.09768
0.00166531 -0.000635965 0.00776588 1.89766 -0.0595057 1.60959
0.000115146 -0.00639845 0.00402191 -0.999097 -0.195173 1.52239
0.0162101 -0.00398472 -0.00598728 1.83319 0.308542 1.38826
-0.000752241 0.000789518 -0.000296451 -0.00690108 3.59902e-05 0.0138934
-4.29712e-07 2.18061e-05 -8.06122e-07 -0.00692115 4.51e-05 0.0138874
5.31443e-06 1.97082e-05 -1.8781e-07 1.23724 0.229262 -0.326222
-1.83458e-06 8.25784e-06 2.01537e-05 -1.02133 0.127357 1.29322
0 0 0 0.326793 0.055841 3.09768
0 0 0 0.326793 0.055841 3.09768
0 0 0 1.89766 -0.0595057 1.60959
0 0 0 -0.999097 -0.195173 1.52239
0 0 0 1.83319 0.308542 1.38826
0 0 0 -0.00690108 3.59902e-05 0.0138934
0 0 0 -0.00692115 4.51e-05 0.0138874
0 0 0 1.23724 0.229262 -0.326222
0 0 0 -1.02133 0.127357 1.29322
0.00492307 0.0186793 -0.0336785 0.261383 0.0659519 3.09768
0.0703746 0.0296155 0.0219468 0.261383 0.0659519 3.09768
-0.00498006 0.00186627 -0.0210964 1.83207 -0.0594536 1.62318
0.000367061 0.0150912 -0.0155403 -1.01004 -0.253553 1.53665
0.0148283 0.0345512 0.00300354 1.74475 0.238497 1.199
0.000547943 -0.00181844 -0.00381407 -0.0248345 0.000154437 0.0114431
1.05479e-06 -0.000132643 -2.62051e-06 -0.0247998 0.000144603 0.0114441
8.47681e-07 -0.000119779 3.02914e-06 1.36945 0.215963 -0.201634
-9.98465e-06 -7.67755e-05 1.37988e-05 -1.02239 0.0877 1.28208
-0.0035851 0.00605221 -0.0122964 0.23967 0.065036 3.09119
0.0100612 0.00646031 0.00891515 0.23967 0.065036 3.09119
0.000368395 0.00057295 -0.00291217 1.81046 -0.064398 1.62202
-0.00214656 0.00115906 -0.0031754 -1.01076 -0.285424 1.53133
0.00174401 0.00663073 0.000691728 1.73999 0.209956 1.17279
-0.000642893 -5.91997e-05 -0.00110487 -0.0300455 0.000217607 0.0144533
-8.14919e-07 4.48761e-05 1.46245e-07 -0.0300106 0.00021693 0.0144451
4.09618e-06 4.17813e-05 -5.68481e-07 1.40607 0.213449 -0.179173
2.61612e-06 3.22925e-05 -6.03468e-07 -1.02296 0.0785615 1.27509
-3.52372e-05 -0.00123942 0.018531 0.276297 0.0639113 3.09619
-0.0221677 0.00452537 -0.00243307 0.276297 0.0639113 3.09619
-0.00257373 -0.000554243 0.00087092 1.84705 -0.0611049 1.61991
0.00277526 0.00185337 0.00909534 -1.00234 -0.253881 1.52255
-0.00175026 -0.00303963 -0.00430995 1.76977 0.204002 1.24596
0.000341902 -0.000213003 0.00295208 -0.016239 0.000100115 0.0128666
3.53419e-07 -6.32222e-05 3.13974e-06 -0.0162791 0.000103796 0.0128695
2.18747e-06 -6.52199e-05 -2.7321e-06 1.39977 0.227847 -0.189919
-4.84565e-06 -7.54598e-05 -1.94148e-05 -1.02243 0.105929 1.2813
-0.00536377 -0.004356 0.00709368 0.291968 0.0654201 3.09865
-0.0433863 -0.00239795 -0.0034801 0.291968 0.0654201 3.09865
0.00111866 -0.000130607 0.00311908 1.86266 -0.0599465 1.6211
0.000607664 -0.00272075 0.00223935 -0.999956 -0.237464 1.50341
-0.0122669 -0.00844512 -0.00010836 1.80311 0.216635 1.35259
0.00145528 -0.00017882 0.00123339 -0.0104361 3.25309e-05 0.00602361
4.8652e-08 8.03433e-05 -4.75296e-07 -0.0104523 3.17835e-05 0.0060251
2.19823e-06 7.83746e-05 5.88964e-07 1.3581 0.235921 -0.226602
-2.08382e-06 7.70891e-05 6.56525e-06 -1.02198 0.11164 1.28537
-0.00162533 -0.0085623 0.0111246 0.317965 0.0685051 3.09616
-0.0516849 -0.0140897 -0.00220963 0.317965 0.0685051 3.09616
0.00123611 0.00136801 0.00972607 1.88868 -0.0645675 1.62168
-0.000543973 -0.00626436 0.00193006 -1.00137 -0.207496 1.50044
-0.00902449 -0.0159206 0.00326416 1.84662 0.23765 1.4977
-0.00080874 0.000721654 0.00182685 -0.00182952 1.27636e-05 0.00981243
4.67523e-07 -2.53072e-06 7.96918e-07 -0.00186973 1.01713e-05 0.00980589
-7.17608e-07 -1.03178e-05 -6.65332e-07 1.28767 0.228852 -0.287781
-2.59328e-06 -3.0179e-05 -8.13366e-06 -1.0216 0.115198 1.28894
0 0 0 0.317965 0.0685051 3.09616
0 0 0 0.317965 0.0685051 3.09616
0 0 0 1.88868 -0.0645675 1.62168
0 0 0 -1.00137 -0.207496 1.50044
0 0 0 1.84662 0.23765 1.4977
8.38591e-06 -3.58063e-05 -3.87854e-05 -0.00194104 2.73607e-08 0.00978861
0 0 0 -0.00186973 1.01713e-05 0.00980589
0 0 0 1.28767 0.228852 -0.287781
0 0 0 -1.0216 0.115198 1.28894
-0.00806502 0.00961787 0.00081665 0.305954 0.0607167 3.0907
-0.116278 -0.0137033 0.0313946 0.305954 0.0607167 3.0907
-0.00384624 0.00491108 -0.00795952 1.87688 -0.0668149 1.61337
-0.00601544 0.00917604 -0.00329591 -1.00811 -0.194928 1.49374
-0.0277445 -0.0096802 0.0128711 1.91349 0.174792 1.80225
0.00101039 -0.000556941 -0.00132367 -0.00822979 1.61624e-05 0.00503665
-1.99019e-07 5.57795e-05 -1.50553e-06 -0.00824447 1.95745e-05 0.00502184
-5.74581e-06 6.52211e-05 8.73382e-07 1.24289 0.201852 -0.353204
5.96937e-06 9.64666e-05 9.52571e-06 -1.02428 0.107911 1.26445
0.00834884 0.00228341 -0.0113689 0.286498 0.0648787 3.09687
-0.038034 -0.00315964 0.0213915 0.286498 0.0648787 3.09687
0.000908201 -0.0027813 -0.00331589 1.85723 -0.0612246 1.62041
0.00175737 -0.000303164 -0.00450287 -1.01117 -0.218243 1.51452
-0.0064398 0.00202173 0.00621378 1.89986 0.122772 1.90935
6.43178e-06 -7.25397e-05 -0.000699379 -0.0114926 4.23914e-05 0.00498166
-1.52379e-06 -7.30048e-06 -2.07961e-06 -0.0114564 3.25907e-05 0.00499566
1.63916e-06 2.34232e-06 6.50719e-06 1.27071 0.183751 -0.35449
1.09136e-05 -6.39954e-06 8.7706e-06 -1.02376 0.0948353 1.26962
0 0 0 0.286498 0.0648787 3.09687
0 0 0 0.286498 0.0648787 3.09687
0 0 0 1.85723 -0.0612246 1.62041
0 0 0 -1.01117 -0.218243 1.51452
0 0 0 1.89986 0.122772 1.90935
0 0 0 -0.0114926 4.23914e-05 0.00498166
0 0 0 -0.0114564 3.25907e-05 0.00499566
0 0 0 1.27071 0.183751 -0.35449
0 0 0 -1.02376 0.0948353 1.26962
0.0167537 -0.00905315 -0.000356819 0.291146 0.069856 3.11627
0.000188014 0.0025602 0.000847654 0.291146 0.069856 3.11627
0.00181645 -0.00708586 0.00439224 1.86151 -0.0443003 1.63047
0.00817627 -0.00889763 0.00332331 -1.00496 -0.229794 1.54249
0.00460856 0.00261035 0.00451995 1.88441 0.134295 1.92323
0.000143486 0.000754625 0.00064733 -0.00846044 2.7083e-05 0.00429691
4.38832e-07 1.16713e-05 2.72234e-06 -0.00847946 2.06186e-05 0.00430712
-6.29043e-06 -7.3734e-07 -7.52231e-06 1.27155 0.164487 -0.338894
1.69873e-06 -8.08313e-06 -1.36828e-05 -1.02086 0.102705 1.29986
0.00288423 0.010273 -0.00669177 0.265904 0.0610791 3.11896
0.0367824 0.0255119 -0.00814922 0.265904 0.0610791 3.11896
-0.00354741 0.00189768 -0.00978264 1.83639 -0.0378848 1.6238
0.00191089 0.0103862 0.0014538 -1.00117 -0.254772 1.54568
0.00412148 0.0169705 -0.00455829 1.85408 0.146741 1.81013
-0.000394556 -0.000955513 -0.00241358 -0.0197802 3.84418e-05 0.00622319
3.29317e-06 -4.34868e-05 -6.98621e-06 -0.0197328 5.33751e-05 0.00623128
-4.54873e-06 -1.09691e-05 1.00291e-05 1.30865 0.182336 -0.271706
-1.32867e-05 1.08265e-05 3.13474e-05 -1.02109 0.110114 1.29712
0 0 0 0.265904 0.0610791 3.11896
0 0 0 0.265904 0.0610791 3.11896
-0.000193351 0.00607364 0.00826642 1.8644 -0.054482 1.61732
0 0 0 -1.00117 -0.254772 1.54568
0 0 0 1.85408 0.146741 1.81013
-1.52394e-05 5.30149e-05 5.98594e-05 -0.0196244 5.67066e-05 0.00629317
0 0 0 -0.0197328 5.33751e-05 0.00623128
0 0 0 1.30865 0.182336 -0.271706
0 0 0 -1.02109 0.110114 1.29712
-0.0179883 -0.0139657 0.022819 0.316417 0.0665821 3.09759
0.125221 -0.0259583 -0.0536746 0.316417 0.0665821 3.09759
0.00391948 -0.00132754 0.0102617 1.88713 -0.0625325 1.6204
-0.00611725 -0.0111382 0.00494968 -1.00165 -0.19736 1.5076
0.0187519 -0.0198124 -0.0149026 1.83634 0.282294 1.44468
-0.00261577 0.0020178 0.00292377 -0.00580066 6.85357e-05 0.018391
-4.42894e-06 -1.64176e-05 1.0145e-05 -0.00584975 5.80222e-05 0.0183766
-4.70918e-07 -6.39625e-05 -1.16609e-05 1.2508 0.218063 -0.321208
2.14694e-05 -9.56716e-05 -3.97607e-05 -1.02208 0.120412 1.28869
0.00675929 -0.00259126 -0.0071345 0.314001 0.0839891 3.10423
0.0592136 0.000131091 -0.00444858 0.314001 0.0839891 3.10423
0.00139504 -0.00527465 -0.000314458 1.88427 -0.0614618 1.63918
0.00272643 -0.00201954 -0.00444121 -1.00415 -0.205482 1.52069
0.0188328 0.00844568 0.00469702 1.75487 0.311766 1.30026
0.00116338 -0.000437674 -0.000623512 -0.00866533 7.51618e-05 0.0129956
9.20145e-07 5.60445e-05 -4.10506e-06 -0.00866409 6.04916e-05 0.0130013
-1.66646e-05 7.41626e-05 3.61796e-06 1.26369 0.191894 -0.27462
1.32153e-05 9.02891e-05 1.27397e-05 -1.02103 0.107359 1.29784
0.00332382 -6.92551e-05 -0.00187147 0.30335 0.0785777 3.10971
0.0393204 0.000692294 -0.00814286 0.30335 0.0785777 3.10971
0.00142017 -0.00398566 -0.0015631 1.87364 -0.0538835 1.63629
0.00327435 -0.000490725 -0.00141212 -1.00351 -0.207171 1.52077
0.0123909 0.00897818 -0.00568497 1.7254 0.318922 1.20158
-1.51956e-05 0.000264615 0.000397318 -0.00678989 3.69294e-05 0.0130519
2.30642e-07 2.13228e-05 -3.32359e-07 -0.00677619 4.31098e-05 0.0130599
1.3088e-05 2.18417e-05 -4.60739e-07 1.28017 0.203749 -0.235709
-1.20901e-05 2.27859e-05 5.10136e-06 -1.02001 0.103448 1.30733
-0.00278555 -0.00556465 -0.00333177 0.299779 0.0857354 3.10382
0.0174118 -0.00768843 0.00590101 0.299779 0.0857354 3.10382
0.00207497 0.000646675 0.00630889 1.87003 -0.0613887 1.64159
-0.00267778 -0.00637493 -0.00441466 -1.0082 -0.204341 1.5203
0.00204082 -0.00473878 0.00212408 1.70905 0.303758 1.14831
-1.80954e-05 0.00066046 -0.00148478 -0.0136957 9.91998e-05 0.0131155
6.38127e-07 2.41457e-05 9.76243e-08 -0.0136923 9.14838e-05 0.0131096
4.83743e-06 2.0568e-05 3.44005e-07 1.29946 0.195199 -0.249065
-9.6619e-06 1.4882e-05 -3.02646e-06 -1.02029 0.0891464 1.30476
