-0.196082 -0.348213 0.026747 0.319775 -0.133996 -3.10598
0.272858 0.375202 0.0115886 0.317437 -0.125075 -3.11001
2.71628 -0.42666 -0.327774 1.88645 0.0689781 1.46173
-0.20688 -0.0622284 0.0563277 -0.883368 -0.112766 1.59429
0.35769 0.105388 0.0519497 1.40853 0.141733 1.87552
-0.000844193 0.396909 -0.00037891 -0.00186083 2.54963e-05 0.00417028
2.7946e-07 0.194194 -3.68507e-07 -0.00185605 9.08405e-06 0.00416226
0.136967 0.194194 1.09303e-06 1.56556 -0.214978 -0.382575
-0.136969 0.194198 -1.367e-06 -0.907026 0.208848 1.30464
-0.004018 -0.00257988 -0.0031068 0.317437 -0.125075 -3.11001
0 0 0 0.317437 -0.125075 -3.11001
0 0 0 1.88645 0.0689781 1.46173
0 0 0 -0.883368 -0.112766 1.59429
0 0 0 1.40853 0.141733 1.87552
0 0 0 -0.00186083 2.54963e-05 0.00417028
0 0 0 -0.00185605 9.08405e-06 0.00416226
0 0 0 1.56556 -0.214978 -0.382575
0 0 0 -0.907026 0.208848 1.30464
0 0 0 0.317437 -0.125075 -3.11001
0 0 0 0.317437 -0.125075 -3.11001
0 0 0 1.88645 0.0689781 1.46173
0 0 0 -0.883368 -0.112766 1.59429
0 0 0 1.40853 0.141733 1.87552
0 0 0 -0.00186083 2.54963e-05 0.00417028
0 0 0 -0.00185605 9.08405e-06 0.00416226
0 0 0 1.56556 -0.214978 -0.382575
0 0 0 -0.907026 0.208848 1.30464
-0.00566049 -0.00412609 0.00173073 0.317646 -0.118705 -3.11699
-0.0335575 -0.03035 -0.0014887 0.317646 -0.118705 -3.11699
0.00144751 0.00316773 0.0030216 1.88673 0.0603839 1.46563
-0.00228583 -0.00356532 -0.00297429 -0.888614 -0.096469 1.58258
-0.00396676 -0.0182025 0.00634142 1.40328 0.169303 1.98878
-0.0003001 -0.000695022 -0.00125163 -0.0080718 3.46647e-05 0.00568016
6.78826e-07 8.39207e-07 3.74957e-07 -0.00807188 2.63709e-05 0.0056711
-9.37511e-07 -6.68999e-06 -1.04482e-07 1.59266 -0.236627 -0.458578
-4.41892e-06 -1.17678e-05 -1.3003e-06 -0.907962 0.195224 1.29994
0.00110313 0.0069499 -0.00694752 0.311398 -0.114255 -3.11472
-0.0347584 -0.00270504 0.0144487 0.311398 -0.114255 -3.11472
0.00143187 2.29408e-06 -0.00293201 1.88069 0.0605293 1.47019
-0.000407646 0.00673026 -0.00442377 -0.894495 -0.10519 1.58781
-0.0110654 0.00213343 -0.0102887 1.32714 0.0812274 2.07078
0.000549458 0.000505591 0.00148493 -0.000713584 1.28863e-05 0.00292972
-1.30277e-06 -8.15151e-07 -2.76018e-07 -0.000711607 3.83224e-06 0.00292595
9.15398e-06 1.34843e-05 6.00938e-07 1.72624 -0.204972 -0.471551
8.41081e-07 2.16822e-05 2.09268e-06 -0.909449 0.183624 1.29163
0 0 0 0.311398 -0.114255 -3.11472
0 0 0 0.311398 -0.114255 -3.11472
0 0 0 1.88069 0.0605293 1.47019
0 0 0 -0.894495 -0.10519 1.58781
0 0 0 1.32714 0.0812274 2.07078
0 0 0 -0.000713584 1.28863e-05 0.00292972
0 0 0 -0.000711607 3.83224e-06 0.00292595
0 0 0 1.72624 -0.204972 -0.471551
0 0 0 -0.909449 0.183624 1.29163
0.00350709 -0.00409081 0.00408545 0.312014 -0.123161 -3.11337
0.0325891 0.0384889 -0.00408381 0.312014 -0.123161 -3.11337
-7.90959e-05 -0.00404761 -0.00249408 1.88104 0.0645979 1.46215
0.00610649 -0.00384381 0.00118868 -0.886571 -0.0951891 1.57881
0.0136938 0.0268729 -0.00275195 1.3862 0.0852389 1.99424
0.000999989 0.001464 -0.0014572 -0.00786144 -2.15948e-05 -0.00201507
-1.01452e-06 2.1436e-06 4.64575e-07 -0.00786048 -1.10027e-05 -0.0020075
1.23754e-06 -2.44284e-06 -2.36749e-06 1.63759 -0.191958 -0.341619
6.08088e-06 -7.05662e-06 2.02147e-06 -0.904504 0.186518 1.3177
0 0 0 0.312014 -0.123161 -3.11337
0 0 0 0.312014 -0.123161 -3.11337
0 0 0 1.88104 0.0645979 1.46215
0 0 0 -0.886571 -0.0951891 1.57881
0 0 0 1.3862 0.0852389 1.99424
0 0 0 -0.00786144 -2.15948e-05 -0.00201507
0 0 0 -0.00786048 -1.10027e-05 -0.0020075
0 0 0 1.63759 -0.191958 -0.341619
0 0 0 -0.904504 0.186518 1.3177
0.00343271 0.000548923 0.00108794 0.314605 -0.121837 -3.11322
0.0387581 0.0132709 -0.00870298 0.314605 -0.121837 -3.11322
-0.000859858 -0.00217176 -0.000615109 1.88367 0.0646104 1.46362
-0.000812427 0.000416713 0.00200755 -0.885977 -0.0983654 1.5935
0.00846267 0.00378096 -0.00170584 1.42819 0.109917 1.88463
0.00020002 2.6178e-05 -0.000313835 -0.00939551 -1.13772e-05 -0.00298587
4.00069e-07 1.79817e-06 -1.60103e-07 -0.00939914 -1.33959e-05 -0.0029852
4.05264e-06 1.10809e-06 8.62716e-07 1.56654 -0.179757 -0.314942
-6.28761e-06 -9.5884e-08 -2.30862e-06 -0.90517 0.193964 1.31436
0.00280416 -0.00887684 0.0096027 0.337417 -0.133977 -3.11413
0.0631853 0.0107129 -0.00844362 0.337417 -0.133977 -3.11413
0.00140897 -0.000776423 0.00792645 1.90593 0.0701718 1.45333
0.0010213 -0.00831938 0.00317418 -0.882236 -0.0761426 1.59961
0.00805347 0.00432494 -0.00545779 1.45667 0.122514 1.69069
0.000442788 0.00112635 0.000887662 -0.00506246 -4.63182e-05 -0.00511851
5.81077e-07 -4.68478e-05 1.7425e-06 -0.00511789 -1.88951e-05 -0.00511368
-9.39259e-06 -5.94855e-05 -4.33842e-06 1.50443 -0.153611 -0.287832
3.7324e-06 -6.88973e-05 -2.33599e-06 -0.902954 0.199793 1.32563
-0.00100779 0.0102348 0.000834919 0.333186 -0.125535 -3.11383
0.0712051 0.00506495 0.0103414 0.333186 -0.125535 -3.11383
-0.00239088 -0.000509164 -0.00232348 1.90204 0.0672213 1.46114
-0.00145367 0.0104306 -0.00198456 -0.886191 -0.0663986 1.60112
0.00811961 0.00829822 0.00515142 1.4146 0.105747 1.46525
-0.00145126 -0.000346393 -0.00113492 -0.0105306 3.57647e-05 0.00195856
-2.74028e-07 1.81958e-05 -3.92029e-06 -0.0105213 1.82993e-05 0.00195805
6.54113e-07 3.45967e-05 7.26024e-06 1.48939 -0.170126 -0.247124
1.00174e-06 5.52922e-05 8.78161e-06 -0.905967 0.199676 1.3107
-0.00613109 0.0024969 0.000573621 0.324793 -0.13327 -3.12025
0.071024 -0.0116281 -0.00616849 0.324793 -0.13327 -3.12025
3.24579e-05 0.00106284 -0.0024129 1.89326 0.0626569 1.45119
-0.00113127 0.00247902 0.00241386 -0.883601 -0.0727549 1.58388
0.00874606 0.00348678 -0.00477813 1.41156 0.111138 1.23442
0.000219373 -0.000450216 -0.000195192 -0.0115346 -8.1659e-06 0.000897834
5.2468e-07 4.59069e-06 1.70814e-06 -0.0115243 1.8348e-06 0.000888362
-3.24561e-06 1.57952e-06 -3.14e-06 1.4441 -0.147211 -0.225891
4.64034e-07 -2.92118e-06 -1.10026e-07 -0.907259 0.210093 1.30408
0.000631254 -0.0030694 -0.00429231 0.316846 -0.15489 -3.11933
0.0567114 -0.0315963 -0.0135961 0.316846 -0.15489 -3.11933
0.00246117 0.00126841 -0.000650308 1.8829 0.0585735 1.41736
-0.000208731 -0.00371109 0.00297798 -0.879634 -0.0979093 1.5867
0.00599706 -0.0138988 -0.000148475 1.32125 0.224976 0.870746
-0.00122239 -0.000380787 -0.000248933 -0.0127786 2.59514e-05 0.00688598
-8.12976e-08 9.82118e-06 1.1302e-06 -0.0152601 4.26875e-05 0.00703797
-2.54631e-05 -3.95052e-06 -2.18947e-07 1.26669 -0.141715 -0.271336
2.72178e-05 -1.6663e-07 -5.68096e-07 -0.914332 0.231094 1.2725
-0.00489851 0.0108629 0.00448 0.315925 -0.16395 -3.13335
0.0351531 -0.03361 -0.0186083 0.315925 -0.16395 -3.13335
0 0 0 1.8829 0.0585735 1.41736
-0.00613351 0.0110589 0.00154309 -0.884873 -0.0877361 1.59107
0 0 0 1.32125 0.224976 0.870746
0 0 0 -0.0127786 2.59514e-05 0.00688598
-1.53584e-07 -1.24604e-05 -9.86684e-07 -0.0127773 3.96155e-05 0.00686463
0 0 0 1.26669 -0.141715 -0.271336
0 0 0 -0.914332 0.231094 1.2725
-0.00425593 -0.00227153 0.00517504 0.335797 -0.169922 3.13846
0.019941 -0.0231858 -0.0135493 0.335797 -0.169922 3.13846
0.00128467 0.0011457 0.00137042 1.90205 0.052788 1.40918
-0.000895077 -0.00234444 0.00617262 -0.877355 -0.0912023 1.57946
0.00365033 -0.00632925 0.000135568 1.27995 0.272949 0.785576
0.000728165 9.04808e-05 0.00266995 0.000261299 -1.19373e-05 0.00331975
2.32316e-07 -2.75594e-05 2.34785e-06 0.000232186 -3.04125e-06 0.00330776
1.2375e-05 -3.29059e-05 -5.97345e-06 1.19874 -0.139511 -0.289909
-1.39174e-05 -4.24329e-05 -1.4014e-05 -0.914518 0.251555 1.27188
0.00454075 -0.000250227 -0.00527195 0.322206 -0.164648 -3.13861
0.00864852 -0.0011327 0.000171824 0.322206 -0.164648 -3.13861
-0.000765623 -0.00207447 -0.00142767 1.88899 0.0547571 1.41542
0.00340711 -0.000567249 -0.00123581 -0.874545 -0.105127 1.58339
-0.00181392 0.00549683 0.00494193 1.22822 0.286083 0.741962
-3.62554e-05 -0.00107719 -0.00209275 -0.0100018 3.05425e-05 0.00351001
-2.76902e-07 2.02509e-05 -2.05515e-06 -0.0100032 2.06138e-05 0.00352556
9.10938e-06 2.87333e-05 7.07115e-06 1.15586 -0.158998 -0.272458
-7.15833e-06 2.914e-05 6.99091e-06 -0.911306 0.247413 1.2852
0 0 0 0.322206 -0.164648 -3.13861
0 0 0 0.322206 -0.164648 -3.13861
0 0 0 1.88899 0.0547571 1.41542
0 0 0 -0.874545 -0.105127 1.58339
0 0 0 1.22822 0.286083 0.741962
0 0 0 -0.0100018 3.05425e-05 0.00351001
0 0 0 -0.0100032 2.06138e-05 0.00352556
0 0 0 1.15586 -0.158998 -0.272458
0 0 0 -0.911306 0.247413 1.2852
-0.00393861 -0.0025026 -0.00433322 0.314527 -0.157604 3.13824
-0.0105113 0.0123984 0.0161489 0.314527 -0.157604 3.13824
0.00128711 0.0014339 0.00185739 1.88163 0.0453856 1.41978
-0.00305112 -0.00294685 -0.000209462 -0.877508 -0.119406 1.58034
-0.00129515 -0.00299917 0.00369254 1.26509 0.240684 0.804618
0.000795694 0.000809735 -0.000728264 -0.0135181 2.3484e-05 -0.000398091
5.24004e-07 1.23021e-05 -1.83755e-06 -0.0135037 1.00671e-05 -0.000412498
9.85821e-07 2.144e-06 8.43453e-07 1.22296 -0.172534 -0.284455
-4.26448e-06 -1.5337e-06 2.33104e-06 -0.913239 0.243304 1.2772
0.00617184 -0.00253555 -0.00383943 0.311028 -0.147882 -3.13099
-0.0300017 0.0250342 0.0160302 0.311028 -0.147882 -3.13099
0.000260748 -0.00169693 -0.00014325 1.87881 0.0552082 1.43313
0.00149411 -0.00275908 -0.00255796 -0.879975 -0.123843 1.59656
-0.00870165 0.00383723 0.00384721 1.29339 0.197938 0.911146
0.000611129 7.95306e-05 -0.000462138 -0.0157961 -7.73278e-06 -0.00338668
3.68529e-07 -8.32373e-06 1.81055e-06 -0.0157911 -2.16644e-05 -0.00336741
-1.11264e-05 -1.36601e-06 -6.96063e-07 1.28995 -0.192892 -0.279691
6.14344e-06 -9.64795e-06 -6.19217e-06 -0.911306 0.232204 1.28561
0.00254596 0.00204388 0.00108966 0.311518 -0.142713 -3.12518
-0.0390411 0.0290195 0.00974552 0.311518 -0.142713 -3.12518
-0.00107593 -0.000746983 -0.000603298 1.87961 0.0592488 1.43986
0.000743457 0.00227115 -0.00120736 -0.882019 -0.115876 1.60279
-0.00610037 0.0059565 0.000769969 1.32473 0.16688 1.05269
-1.75266e-05 -0.000173166 -0.000155176 -0.0165619 -1.00653e-05 -0.00330807
-8.9375e-08 1.18055e-05 -9.18252e-07 -0.0165627 -2.01123e-05 -0.00329663
8.85101e-06 1.61255e-05 2.23909e-06 1.35189 -0.201347 -0.263793
-5.66774e-06 2.21075e-05 5.65297e-06 -0.911192 0.229838 1.28594
