-0.219134 -0.367814 -0.0123044 0.250057 0.0676696 -3.13693
0.423369 0.468103 -0.0680307 0.250057 0.0676696 -3.13693
1.8536 -0.105002 -0.00161079 1.82029 -0.0122111 1.63752
-0.227493 -0.0703889 0.0210264 -0.74183 -0.11156 1.59889
0.392847 0.180189 -0.00409654 1.58986 0.217338 1.46522
-0.0015307 0.416655 -0.00249086 -0.0119147 2.84991e-05 0.0073385
4.84704e-07 0.207773 -5.893e-07 -0.0119121 4.05914e-05 0.00733868
0.156303 0.207774 -7.25356e-07 1.35328 0.0171871 -0.116113
-0.156309 0.207778 8.35391e-06 -0.71115 0.073071 1.32027
0 0 0 0.250057 0.0676696 -3.13693
0 0 0 0.250057 0.0676696 -3.13693
0 0 0 1.82029 -0.0122111 1.63752
0 0 0 -0.74183 -0.11156 1.59889
0 0 0 1.58986 0.217338 1.46522
0 0 0 -0.0119147 2.84991e-05 0.0073385
0 0 0 -0.0119121 4.05914e-05 0.00733868
0 0 0 1.35328 0.0171871 -0.116113
0 0 0 -0.71115 0.073071 1.32027
0 0 0 0.250057 0.0676696 -3.13693
0 0 0 0.250057 0.0676696 -3.13693
0 0 0 1.82029 -0.0122111 1.63752
0 0 0 -0.74183 -0.11156 1.59889
0 0 0 1.58986 0.217338 1.46522
0 0 0 -0.0119147 2.84991e-05 0.0073385
0 0 0 -0.0119121 4.05914e-05 0.00733868
0 0 0 1.35328 0.0171871 -0.116113
0 0 0 -0.71115 0.073071 1.32027
0.00295367 -0.0118966 0.000103491 0.250008 0.056595 -3.13568
-0.0468842 -0.00543338 -0.00967819 0.250008 0.056595 -3.13568
0.00287514 -7.37809e-05 0.00433243 1.82041 -0.00826305 1.6271
0.000569808 -0.011147 -9.87142e-05 -0.740761 -0.11058 1.60681
-0.00188711 -0.00360513 -0.00530548 1.65273 0.234096 1.62144
-0.000499523 0.000160777 4.61235e-05 -0.0117097 3.27198e-05 0.00971259
-4.26397e-07 5.95073e-06 1.83115e-06 -0.0117096 4.73772e-05 0.00971425
-1.21053e-06 -6.24771e-06 -4.49413e-06 1.32612 0.0396715 -0.132116
6.72211e-06 -4.46223e-05 -8.38873e-06 -0.710302 0.0701649 1.33135
-0.000762964 -0.00519588 -0.000837586 0.24319 0.0445401 -3.13769
-0.0733239 -0.00341048 -0.00511429 0.24319 0.0445401 -3.13769
-0.00150881 0.00218833 -0.00324768 1.81375 -0.00693569 1.61497
-0.00128479 -0.00235313 8.63222e-05 -0.742011 -0.112567 1.6082
-0.0087357 0.00330102 -0.00155408 1.72154 0.242646 1.84662
-0.000944871 0.000532473 -0.00056553 -0.0143489 8.77648e-05 0.0142052
1.78572e-06 -9.92492e-06 -2.93455e-06 -0.0143447 9.14966e-05 0.0142028
8.56472e-06 5.92149e-06 4.86169e-06 1.28989 0.048091 -0.122832
-9.26791e-06 4.26006e-05 1.48424e-06 -0.710574 0.0698311 1.32911
0 0 0 0.24319 0.0445401 -3.13769
0 0 0 0.24319 0.0445401 -3.13769
0 0 0 1.81375 -0.00693569 1.61497
0 0 0 -0.742011 -0.112567 1.6082
0 0 0 1.72154 0.242646 1.84662
1.04774e-06 1.95739e-05 1.73455e-05 -0.0143086 7.9103e-05 0.0141907
0 0 0 -0.0143447 9.14966e-05 0.0142028
0 0 0 1.28989 0.048091 -0.122832
0 0 0 -0.710574 0.0698311 1.32911
9.97435e-05 -0.00511502 -0.000211171 0.245118 0.0380728 -3.138
-0.0265349 -0.0106902 -0.00940748 0.246703 0.0319319 -3.1404
0.00318421 0.000467037 0.00323856 1.81738 -0.00663642 1.60206
-0.00228245 -0.00732572 -0.00302592 -0.744857 -0.101745 1.6136
-0.00171569 -0.00465443 -0.00712067 1.79222 0.248358 1.93399
0.000332799 -3.23152e-05 0.00186649 -0.00538002 2.40823e-05 0.0126001
-2.00126e-06 5.68102e-06 1.82095e-06 -0.00538181 3.13158e-05 0.0125972
2.18549e-06 -6.56363e-07 -2.89917e-06 1.24896 0.0796118 -0.144144
5.66134e-07 -2.10145e-06 -1.99244e-06 -0.710703 0.0583274 1.3276
-0.00616217 0.00167499 0.0034592 0.25006 0.0246235 3.13581
0.00927782 0.000217131 -0.00308364 0.25006 0.0246235 3.13581
-0.000871476 0.00272313 -0.00159995 1.8208 -0.0116927 1.59323
-0.00258692 0.00334375 0.00266108 -0.744152 -0.100919 1.60431
0.00107722 -0.00131995 -0.00306949 1.79827 0.249517 1.90576
0.000147983 -0.00024435 0.000624896 -0.00239548 2.60711e-06 0.01192
7.21341e-07 -6.42268e-06 -2.95529e-07 -0.00239922 1.10711e-05 0.0119119
-6.37925e-06 -3.43403e-06 1.52852e-06 1.24729 0.0925512 -0.149184
9.77435e-07 1.09509e-06 1.99227e-06 -0.71141 0.0674953 1.31675
0 0 0 0.25006 0.0246235 3.13581
0 0 0 0.25006 0.0246235 3.13581
0 0 0 1.8208 -0.0116927 1.59323
0 0 0 -0.744152 -0.100919 1.60431
0 0 0 1.79827 0.249517 1.90576
0 0 0 -0.00239548 2.60711e-06 0.01192
0 0 0 -0.00239922 1.10711e-05 0.0119119
0 0 0 1.24729 0.0925512 -0.149184
0 0 0 -0.71141 0.0674953 1.31675
-0.00775073 0.0201983 -0.00318526 0.244737 0.0192336 3.12576
0.064033 0.00857955 0.00901595 0.244737 0.0192336 3.12576
0.000156731 0.00139452 -0.00069797 1.81554 -0.0200165 1.58563
0.000699714 0.0170408 0.00385396 -0.740502 -0.125396 1.57625
0.00425646 -0.00571629 -0.00271969 1.73739 0.211056 1.69427
0.000105091 0.000359734 -0.000389133 -0.00425908 1.13099e-05 0.0113777
-1.35441e-06 1.19589e-06 8.93869e-07 -0.00425693 1.99434e-05 0.0113782
4.91417e-06 -2.28245e-06 5.65874e-07 1.32252 0.102112 -0.170733
2.5811e-06 -1.23958e-05 -3.01186e-06 -0.712331 0.0846509 1.30424
-0.000940061 -0.00593218 0.00243031 0.245413 0.0175552 3.12167
0.0423526 0.00182225 0.00399658 0.245413 0.0175552 3.12167
0.000812624 0.000204356 0.00060184 1.81624 -0.0235911 1.58299
-0.00113065 -0.00432608 0.000651383 -0.739259 -0.118861 1.57686
0.00678585 0.000744729 -0.00275809 1.7117 0.189521 1.57193
-3.32421e-05 -0.000313244 0.00067392 -0.00104075 2.25591e-06 0.0115583
2.98619e-07 1.86853e-06 -3.60024e-07 -0.00104164 4.68735e-06 0.0115524
3.28901e-06 1.44932e-06 -4.80637e-07 1.36235 0.110713 -0.162859
-4.79334e-06 7.65083e-06 3.42207e-07 -0.712391 0.0855676 1.30443
0 0 0 0.245413 0.0175552 3.12167
0 0 0 0.245413 0.0175552 3.12167
0 0 0 1.81624 -0.0235911 1.58299
0 0 0 -0.739259 -0.118861 1.57686
0 0 0 1.7117 0.189521 1.57193
0 0 0 -0.00104075 2.25591e-06 0.0115583
0 0 0 -0.00104164 4.68735e-06 0.0115524
0 0 0 1.36235 0.110713 -0.162859
0 0 0 -0.712391 0.0855676 1.30443
-0.00757162 0.00204904 0.00461377 0.251788 0.0128428 3.10672
0.0950834 -0.0265538 -0.0113475 0.251788 0.0128428 3.10672
-0.000213744 0.00128947 0.00170871 1.82274 -0.0369703 1.57455
-0.00205423 0.00165837 0.00265371 -0.736303 -0.112528 1.55839
0.00787713 -0.00482752 -0.00281967 1.65703 0.223701 1.25783
7.9462e-05 -0.000544453 -0.000748338 -0.00461329 3.04877e-05 0.0112055
7.40295e-08 -5.55727e-06 -9.10016e-07 -0.00461625 2.69824e-05 0.0111969
-2.41948e-06 -6.74893e-06 3.85968e-06 1.36199 0.118148 -0.176888
6.93308e-06 -2.75165e-06 1.56502e-06 -0.713184 0.0948732 1.29613
-0.00124752 0.00838483 0.000704954 0.248089 0.0210831 3.10622
0.0345399 -0.0126509 0.00527276 0.248089 0.0210831 3.10622
-0.00234485 -0.000570985 -0.000860573 1.81903 -0.0394694 1.58255
0.000360142 0.00754257 0.000950651 -0.735991 -0.113652 1.55295
0.00412013 -0.000948952 0.00708675 1.60157 0.229711 1.14235
-0.000153199 -0.000243281 -0.00175746 -0.0130286 9.00389e-05 0.0119564
2.35271e-07 3.55217e-06 -7.0444e-07 -0.0130249 8.06358e-05 0.0119559
-2.74524e-06 8.05684e-06 -1.48211e-06 1.3563 0.0883806 -0.177755
-2.07641e-06 5.44762e-06 2.79012e-06 -0.713805 0.100606 1.29017
0 0 0 0.248089 0.0210831 3.10622
0 0 0 0.248089 0.0210831 3.10622
0 0 0 1.81903 -0.0394694 1.58255
0 0 0 -0.735991 -0.113652 1.55295
0 0 0 1.60157 0.229711 1.14235
0 0 0 -0.0130286 9.00389e-05 0.0119564
0 0 0 -0.0130249 8.06358e-05 0.0119559
0 0 0 1.3563 0.0883806 -0.177755
0 0 0 -0.713805 0.100606 1.29017
-0.000376601 -0.00698149 -0.00121567 0.249657 0.0251549 3.10346
0.0310188 -0.0272729 -0.00160978 0.251205 0.0275765 3.10192
0.00192994 -0.000415268 0.00191136 1.82217 -0.0452821 1.58765
-0.00255658 -0.00230976 -0.00310816 -0.740878 -0.109075 1.55595
0.00231344 -0.013879 0.00722378 1.54857 0.257839 1.03056
0.000228576 0.000335517 0.000637167 -0.00998794 5.94975e-05 0.0108369
-2.79096e-07 5.23797e-06 1.33692e-06 -0.00999098 5.52183e-05 0.010834
7.12251e-06 1.4558e-06 -1.49813e-06 1.31863 0.0587299 -0.229275
-5.64592e-06 -2.73448e-06 -5.76689e-06 -0.714412 0.0889017 1.28388
-0.00150523 0.00758277 0.00311632 0.252788 0.0216174 3.10343
-0.00459812 -0.00467327 -0.00558275 0.252788 0.0216174 3.10343
0.000692997 -0.000116613 0.00094102 1.82376 -0.0423591 1.58218
0.00159687 0.00257295 0.00223433 -0.736899 -0.104554 1.54983
-0.0026202 -0.00587078 -0.00133506 1.55852 0.271763 1.03871
-0.000188545 0.000195323 -0.000487392 -0.0123058 6.11904e-05 0.0117422
6.14676e-07 5.3286e-07 -3.96244e-08 -0.0123075 6.93567e-05 0.0117442
-1.84898e-06 1.73626e-06 -1.97443e-06 1.30625 0.0641722 -0.253926
-2.33311e-06 3.30871e-07 3.00471e-06 -0.714149 0.0975734 1.28671
0 0 0 0.252788 0.0216174 3.10343
0 0 0 0.252788 0.0216174 3.10343
-0.00196143 -7.42717e-05 -0.0015566 1.81793 -0.0400464 1.57857
0 0 0 -0.736899 -0.104554 1.54983
-0.00374394 0.00159855 -0.000463121 1.57266 0.26351 1.07492
0.000593805 -0.000553567 -0.000652638 -0.015446 6.4398e-05 0.00892466
0 0 0 -0.0123075 6.93567e-05 0.0117442
1.02936e-06 5.84166e-07 4.36797e-06 1.31576 0.0670439 -0.251514
-4.85672e-07 4.25122e-06 5.28167e-06 -0.713859 0.0979647 1.2895
0.00358004 -0.0196125 0.00374954 0.248137 0.0167803 3.10825
-0.033123 0.0165771 7.36105e-05 0.248137 0.0167803 3.10825
0.00112695 8.83068e-05 0.000450312 1.81907 -0.0364407 1.57887
-0.00264967 -0.0170988 -0.00017736 -0.738071 -0.0907359 1.57078
-0.00234657 -0.000372535 -0.00179618 1.60016 0.263044 1.14801
0.000324223 0.000639952 0.000782515 -0.0116839 4.20061e-05 0.00735425
2.90459e-07 -1.68455e-06 2.40141e-07 -0.0116853 4.27355e-05 0.00735861
-4.72877e-07 -1.11891e-06 -4.42252e-06 1.3167 0.0747562 -0.25529
-3.92819e-06 -6.8476e-06 -1.03306e-05 -0.713413 0.0914921 1.29417
0.0073356 -0.00425578 -0.00251897 0.250772 0.0217903 3.1187
-0.0279925 0.0130214 0.00141614 0.250772 0.0217903 3.1187
0.000555678 -0.00240541 0.00128699 1.82161 -0.0275817 1.58623
0.00280315 -0.00437688 -0.00141702 -0.738747 -0.094411 1.5859
-0.00347918 0.00210621 0.000577495 1.62211 0.259294 1.24188
-0.000223859 -0.000858878 -0.000203935 -0.0127056 6.04811e-05 0.00844997
-5.00297e-07 -1.04358e-05 -2.46657e-07 -0.0127083 5.56672e-05 0.00846017
-7.32511e-06 -1.01489e-05 2.55462e-06 1.31682 0.0736109 -0.250531
1.2846e-05 -1.23128e-05 1.19574e-06 -0.712299 0.0858562 1.30686
