-0.209741 -0.351515 0.0247818 0.28761 -0.191217 3.1025
0.593328 0.277318 -0.0869757 0.28761 -0.191217 3.1025
2.82463 -0.128575 -0.356292 1.85306 0.0163913 1.37636
-0.211347 -0.0631448 0.0600096 -0.661203 -0.121562 1.57636
0.390152 0.100376 0.0177977 1.30921 0.370893 0.716488
-0.0020286 0.399849 -0.00247303 -0.0120235 5.03714e-05 0.00986471
8.51172e-08 0.194195 5.1789e-08 -0.0120252 5.71893e-05 0.00986696
0.136977 0.194196 1.06112e-07 1.12496 -0.0658167 -0.35488
-0.136977 0.194199 2.19212e-06 -0.669192 0.220377 1.28947
0 0 0 0.28761 -0.191217 3.1025
0 0 0 0.28761 -0.191217 3.1025
0 0 0 1.85306 0.0163913 1.37636
0 0 0 -0.661203 -0.121562 1.57636
0 0 0 1.30921 0.370893 0.716488
0 0 0 -0.0120235 5.03714e-05 0.00986471
0 0 0 -0.0120252 5.71893e-05 0.00986696
0 0 0 1.12496 -0.0658167 -0.35488
0 0 0 -0.669192 0.220377 1.28947
0 0 0 0.28761 -0.191217 3.1025
0 0 0 0.28761 -0.191217 3.1025
0 0 0 1.85306 0.0163913 1.37636
0 0 0 -0.661203 -0.121562 1.57636
0 0 0 1.30921 0.370893 0.716488
0 0 0 -0.0120235 5.03714e-05 0.00986471
0 0 0 -0.0120252 5.71893e-05 0.00986696
0 0 0 1.12496 -0.0658167 -0.35488
0 0 0 -0.669192 0.220377 1.28947
-0.0013243 -0.0017699 0.00561898 0.293814 -0.20468 3.10057
-0.0131566 0.0242921 0.000727268 0.293814 -0.20468 3.10057
-0.000987548 0.00146896 0.00175592 1.85836 0.0195617 1.36301
0.00204727 -0.00174802 0.00512469 -0.651612 -0.11984 1.56467
-0.00156175 0.00633101 -0.00540525 1.36465 0.346361 0.794046
-0.00016143 0.000579254 0.000309062 -0.0104932 4.58684e-05 0.0106362
1.1309e-06 -7.92357e-07 8.33757e-08 -0.0105032 5.26255e-05 0.0106388
-2.2501e-06 -8.78541e-07 -5.58983e-07 1.17253 -0.0464886 -0.334624
-6.05771e-06 -2.15413e-06 4.41108e-07 -0.667059 0.237552 1.29862
-0.00301798 0.00870603 -0.0128117 0.271889 -0.186504 3.09976
-0.021726 0.0298395 0.0373132 0.271889 -0.186504 3.09976
-0.00346218 0.00062926 -0.00595244 1.83787 0.00947238 1.37995
-0.000479621 0.00753617 -0.00411979 -0.656135 -0.150042 1.55581
-0.0041684 0.00618734 0.00997134 1.3923 0.249861 0.898378
0.00116759 -0.000770854 -0.00157775 -0.0181626 7.38841e-05 0.00496663
-1.82981e-06 -4.43601e-05 -3.80703e-06 -0.0181449 5.7465e-05 0.00496229
-2.16813e-05 -3.99773e-05 2.80238e-06 1.2767 -0.0856396 -0.317275
3.16253e-05 -3.66003e-05 4.50866e-07 -0.669314 0.228917 1.28895
-0.00300652 -0.00870182 0.0101306 0.284275 -0.217979 3.09585
-0.0337916 0.0220777 0.00611256 0.284275 -0.217979 3.09585
0.00010083 0.0033119 0.0034093 1.84821 0.0167012 1.34877
-0.0029658 -0.00831738 0.007669 -0.651448 -0.141466 1.55569
-0.00454083 -0.000914678 -0.0120681 1.49037 0.186417 1.03088
-0.000777759 0.000416625 0.00107103 -0.0129737 1.92212e-05 0.00875915
1.27401e-06 1.70929e-05 3.93105e-06 -0.0129836 4.96672e-05 0.0087578
-5.64812e-05 9.8977e-06 -3.05577e-06 1.37193 -0.0401192 -0.326154
5.26247e-05 2.93703e-06 -1.37449e-07 -0.669799 0.248487 1.28679
-0.000112895 -0.00349661 0.0101896 0.288796 -0.225254 3.09389
-0.0435376 0.0162607 0.0117058 0.288796 -0.225254 3.09389
0.0014419 0.00171351 0.00370922 1.85214 0.017832 1.34131
-3.84614e-05 -0.00245542 0.00138628 -0.649389 -0.110927 1.55549
-0.0083827 -0.00467345 0.00183341 1.51672 0.150864 1.17523
0.000699804 -0.000174107 -0.000534569 -0.0155854 3.12559e-05 0.00536041
-1.60602e-07 1.60331e-05 1.19814e-07 -0.0155899 3.96931e-05 0.00535932
3.87231e-05 1.52642e-05 2.91361e-07 1.41806 -0.0484591 -0.354705
-3.80101e-05 1.44434e-05 -2.76963e-06 -0.669192 0.251195 1.28932
0.00506235 0.00233506 -0.0017891 0.290018 -0.213588 3.10587
-0.0476369 0.0198575 0.0085395 0.290018 -0.213588 3.10587
-0.000489252 -0.00128871 0.000317995 1.85414 0.0263564 1.35588
0.00240045 0.00244582 -0.00198944 -0.649441 -0.110232 1.56471
-0.00497622 0.00684042 0.0111687 1.49149 0.160404 1.33247
0.000994556 -0.000306911 0.00193123 -0.00620364 3.4742e-05 0.000528868
5.3497e-07 -6.27279e-06 -1.99793e-07 -0.0062067 1.36254e-05 0.000551143
4.09882e-06 -3.66373e-06 1.39338e-06 1.41944 -0.0955746 -0.335413
-5.59671e-06 -7.84322e-06 -5.26966e-06 -0.667754 0.246992 1.29536
0 0 0 0.290018 -0.213588 3.10587
0 0 0 0.290018 -0.213588 3.10587
0 0 0 1.85414 0.0263564 1.35588
0 0 0 -0.649441 -0.110232 1.56471
0 0 0 1.49149 0.160404 1.33247
0 0 0 -0.00620364 3.4742e-05 0.000528868
0 0 0 -0.0062067 1.36254e-05 0.000551143
0 0 0 1.41944 -0.0955746 -0.335413
0 0 0 -0.667754 0.246992 1.29536
-0.00199584 0.00298538 -0.00668394 0.272131 -0.206468 3.11132
-0.109358 0.0134466 0.0545337 0.272131 -0.206468 3.11132
-0.00213845 0.00375321 -0.00288909 1.8371 0.0259289 1.36375
-0.00218564 0.00289395 -0.00557048 -0.658145 -0.114071 1.56537
-0.0204874 3.6776e-05 0.0123162 1.40236 0.0124773 1.64685
-0.000977867 -0.000220389 -0.00241648 -0.0179316 7.07972e-05 0.00529282
-1.42753e-07 -3.567e-05 -3.40382e-06 -0.0178939 5.48602e-05 0.00529597
2.47973e-05 -3.3869e-05 2.19895e-06 1.63138 -0.157778 -0.365306
-2.60875e-05 -2.3544e-05 1.47323e-05 -0.670362 0.229254 1.28464
-0.0017519 0.000886437 -0.0215466 0.255765 -0.16536 3.11303
-0.0283305 -0.0483244 0.0202518 0.255765 -0.16536 3.11303
0.000476315 0.00135765 0.00040515 1.82303 0.013994 1.40359
-0.00437686 -8.79204e-05 -0.0139705 -0.678816 -0.140371 1.57447
-0.00261057 -0.0444594 0.0196033 1.2863 0.0104093 1.7365
-0.00162308 0.000469828 -0.000443242 -0.0200761 0.000183969 0.0131618
-5.74932e-07 9.23869e-06 2.59216e-06 -0.0200621 0.000143388 0.0131605
-0.000109243 6.64613e-06 -1.02188e-06 1.74663 -0.225086 -0.542173
0.000111641 2.58728e-06 -1.47665e-05 -0.673635 0.178397 1.26874
0 0 0 0.255765 -0.16536 3.11303
0 0 0 0.255765 -0.16536 3.11303
0 0 0 1.82303 0.013994 1.40359
0 0 0 -0.678816 -0.140371 1.57447
0 0 0 1.2863 0.0104093 1.7365
0 0 0 -0.0200761 0.000183969 0.0131618
0 0 0 -0.0200621 0.000143388 0.0131605
0 0 0 1.74663 -0.225086 -0.542173
0 0 0 -0.673635 0.178397 1.26874
0.00547152 -0.00480885 0.000881798 0.259236 -0.145142 3.12172
-0.0567773 -0.0319347 0.00438741 0.259236 -0.145142 3.12172
-0.00267869 -0.00238892 0.0038144 1.82729 0.0178575 1.4254
0.00784532 -0.00402021 -0.00542958 -0.671939 -0.118478 1.56623
-0.00717474 -0.015062 0.00865758 1.17287 0.0255119 1.91868
0.000801275 -0.00231543 -0.000883289 -0.0246643 0.000107692 0.00936536
-4.59705e-07 2.71857e-05 5.28758e-07 -0.0246703 0.000113467 0.00937362
6.55102e-05 2.74968e-05 -2.63013e-06 1.87929 -0.256742 -0.610686
-6.21745e-05 2.39058e-05 7.29857e-06 -0.668509 0.157824 1.30106
0.00165533 0.00352317 0.0147401 0.288763 -0.146948 3.12081
-0.00837655 0.0163313 -0.00715929 0.288763 -0.146948 3.12081
-0.00361231 -0.000424963 -0.00129442 1.85643 0.021764 1.42399
-0.00133409 0.00482013 0.000699136 -0.672636 -0.0699266 1.57657
-0.00538008 0.0169557 0.00196636 1.19142 0.0573549 1.92926
0.000826722 -9.67704e-05 0.00185837 -0.0155664 3.52238e-05 0.00530171
-7.82372e-08 -7.39476e-05 2.26253e-06 -0.0156153 3.95052e-05 0.00530738
2.98223e-05 -6.77154e-05 -4.44742e-06 1.83678 -0.279576 -0.563351
-2.92491e-05 -6.11837e-05 -1.13701e-05 -0.670079 0.162922 1.29144
0.000661596 -0.00121265 -0.00113256 0.27642 -0.168468 3.12171
0.0189655 0.0189507 -0.00252698 0.27642 -0.168468 3.12171
-0.000726076 -0.00115038 -0.00160357 1.84331 0.0266286 1.40326
0.00112177 -0.00161087 0.00438088 -0.668353 -0.0889598 1.57498
0.00574466 0.0128693 -0.0108099 1.26061 0.0282804 1.87866
0.000230958 0.000129985 -0.0013433 -0.0221114 1.82931e-05 0.00415812
-1.8135e-07 3.36625e-05 -2.85411e-06 -0.0220983 4.03108e-05 0.00415705
-1.50883e-05 2.82098e-05 4.87046e-06 1.77472 -0.237028 -0.502165
1.51789e-05 2.68597e-05 1.39336e-05 -0.669074 0.178028 1.29711
-3.85273e-05 -0.00106585 -0.0079073 0.269861 -0.179531 3.11782
0.0519607 0.0199425 0.00149981 0.269861 -0.179531 3.11782
0.000353765 -0.00124623 0.000135008 1.8363 0.0246829 1.39139
0.000169848 -0.00215078 0.00162007 -0.666977 -0.121977 1.57428
0.0108043 0.0104377 -0.00702592 1.3247 -0.00142731 1.73128
0.000140295 0.00126433 0.00030165 -0.0205101 4.68061e-06 0.00342775
-2.29748e-06 2.55569e-05 -3.26345e-07 -0.0204998 2.13778e-05 0.00342004
1.98818e-05 2.14682e-05 -2.18901e-06 1.71011 -0.203454 -0.440524
-4.21611e-06 2.52209e-05 6.53213e-06 -0.668533 0.182492 1.29991
0.00367781 -0.00155027 -0.000350103 0.268388 -0.189158 3.12437
0.0527914 0.0160039 -0.0129059 0.268388 -0.189158 3.12437
-0.00103808 -0.00220325 -1.26915e-05 1.83443 0.0332552 1.38377
0.00157808 -0.0014445 -0.000805138 -0.666514 -0.120366 1.58156
0.0117023 0.0127488 -0.00962131 1.40259 0.0100661 1.58739
-0.000970985 0.00170914 -0.00104098 -0.0253868 8.90073e-05 0.00812326
2.27307e-06 1.48745e-05 6.60578e-07 -0.0253849 9.9872e-05 0.00813038
1.64684e-06 1.86016e-05 2.2164e-06 1.62494 -0.159621 -0.371293
-1.68187e-05 1.22495e-05 -8.09044e-06 -0.667309 0.178972 1.30702
0 0 0 0.268388 -0.189158 3.12437
0 0 0 0.268388 -0.189158 3.12437
-0.00220678 0.00110328 0.00212064 1.86433 0.0380118 1.37326
0 0 0 -0.666514 -0.120366 1.58156
0 0 0 1.40259 0.0100661 1.58739
2.41955e-06 1.85693e-06 1.44825e-05 -0.0253419 8.82901e-05 0.00812504
6.67863e-07 4.73611e-07 1.22281e-06 -0.0253743 9.97038e-05 0.0081308
0 0 0 1.62494 -0.159621 -0.371293
0 0 0 -0.667309 0.178972 1.30702
0.00184381 4.38305e-05 0.0111333 0.299455 -0.199973 3.12005
0.0658099 -0.00695365 -0.0210699 0.299455 -0.199973 3.12005
0.00144751 0.00254052 0.0030357 1.87459 0.0273761 1.37819
0.00139408 0.000170817 0.00955326 -0.65654 -0.114912 1.58311
0.00839112 0.0031862 -0.00567488 1.44692 0.0649251 1.38223
0.000599849 -0.00136352 0.000963232 -0.0208194 7.65972e-05 0.00526126
8.63191e-08 -7.7109e-05 3.39747e-07 -0.0224584 3.98254e-05 0.00391973
4.37723e-06 -4.66916e-05 -2.6995e-07 1.45203 -0.118431 -0.356319
-1.02213e-05 -4.99519e-05 -1.30804e-05 -0.66908 0.199533 1.29884
-0.0122674 0.00185104 0.0108519 0.316097 -0.223372 3.10089
0.112147 -0.0604177 -0.0549184 0.316097 -0.223372 3.10089
0.00116357 0.00141929 0.00155154 1.87893 0.0301336 1.34579
-0.00444971 0.00268283 0.0032918 -0.655679 -0.0887276 1.55605
0.0130648 -0.0118327 -0.012082 1.44477 0.219887 0.982566
-0.000137346 0.000658447 0.000610789 -0.0177734 -1.82811e-05 0.0059032
-2.23689e-07 5.96364e-05 -4.09393e-07 -0.0177817 3.40912e-05 0.00589144
-6.16507e-05 2.62071e-05 -3.67112e-06 1.33013 -0.0787111 -0.372198
6.44679e-05 3.00089e-05 2.02777e-05 -0.670169 0.226052 1.29307
