-0.215193 -0.346021 0.0200481 0.290058 -0.213123 3.13136
0.213994 0.349415 0.0347697 0.290058 -0.213123 3.13136
2.62802 -0.228947 -0.310206 1.85449 0.0507103 1.36346
-0.207237 -0.0584222 0.0607801 -0.679456 -0.140641 1.54314
0.333362 0.0866996 0.059209 1.25504 0.0844877 1.99727
-3.81223e-06 0.397406 -0.00438979 -0.0216225 1.50366e-05 4.05724e-06
-1.01073e-06 0.194197 1.80796e-06 -0.0216335 5.27498e-06 -1.88196e-06
0.136969 0.194194 -1.19726e-06 1.77245 -0.258547 -0.500791
-0.136964 0.194196 -6.53481e-06 -0.699325 0.227802 1.29947
0 0 0 0.290058 -0.213123 3.13136
0 0 0 0.290058 -0.213123 3.13136
0 0 0 1.85449 0.0507103 1.36346
0 0 0 -0.679456 -0.140641 1.54314
0 0 0 1.25504 0.0844877 1.99727
0 0 0 -0.0216225 1.50366e-05 4.05724e-06
0 0 0 -0.0216335 5.27498e-06 -1.88196e-06
0 0 0 1.77245 -0.258547 -0.500791
0 0 0 -0.699325 0.227802 1.29947
0 0 0 0.290058 -0.213123 3.13136
0 0 0 0.290058 -0.213123 3.13136
0 0 0 1.85449 0.0507103 1.36346
0 0 0 -0.679456 -0.140641 1.54314
0 0 0 1.25504 0.0844877 1.99727
0 0 0 -0.0216225 1.50366e-05 4.05724e-06
0 0 0 -0.0216335 5.27498e-06 -1.88196e-06
0 0 0 1.77245 -0.258547 -0.500791
0 0 0 -0.699325 0.227802 1.29947
-0.000493878 0.000445953 0.0018449 0.290686 -0.232485 3.13192
0.0612097 0.0351519 -0.000844863 0.290686 -0.232485 3.13192
-0.00061256 0.000957243 -0.00217129 1.85392 0.0567913 1.34503
0.000277445 0.000223241 0.00319904 -0.67524 -0.145349 1.54044
0.00419769 0.0160177 -0.00867358 1.33219 0.0574735 1.78849
7.35703e-05 0.000455101 -0.000122524 -0.0221509 -1.74084e-05 -0.000332731
1.44147e-06 1.02313e-06 -1.70758e-06 -0.0221536 -6.53018e-06 -0.000330559
-1.5265e-06 3.91486e-06 1.08434e-06 1.66853 -0.225322 -0.427818
-6.00177e-06 3.4863e-06 9.77835e-06 -0.699163 0.239565 1.30029
-0.00220291 -0.000323897 -0.00156283 0.287281 -0.230938 3.12575
0.0482759 0.0134165 -0.000952617 0.287281 -0.230938 3.12575
0.000759771 -0.00023599 0.00129596 1.8506 0.0496763 1.34463
-0.00127624 -8.25786e-05 -0.0035188 -0.680443 -0.138553 1.53725
0.0164215 0.00887209 -0.00139637 1.36521 0.0560674 1.67682
-0.000240079 0.000299408 0.000146859 -0.0213988 1.19966e-05 0.000819724
-1.12273e-06 -3.17472e-06 -4.75612e-09 -0.0213935 9.40294e-06 0.000808404
9.25753e-06 -1.26754e-05 1.93705e-06 1.61427 -0.208543 -0.36365
5.62617e-06 -7.9529e-06 -3.02364e-06 -0.700245 0.226496 1.29565
-0.00242507 0.00122484 0.00262367 0.287869 -0.243583 3.11762
0.0604771 0.00362269 -0.013563 0.287869 -0.243583 3.11762
0.000648437 -0.000161222 -0.000376437 1.85024 0.0454853 1.33024
-0.000290358 0.0014606 0.000331326 -0.680195 -0.13059 1.52987
0.0110497 0.0053527 -0.00822971 1.41669 0.0752217 1.50435
-0.000614267 0.000564376 2.44741e-05 -0.0212276 2.18012e-05 0.00382464
2.29476e-07 -3.77814e-06 2.56547e-07 -0.021228 3.65643e-05 0.00381531
-1.35802e-05 4.16227e-06 -4.38357e-06 1.53849 -0.168293 -0.326563
5.91797e-06 1.96264e-06 1.64529e-06 -0.70082 0.228815 1.29305
0.000867504 -0.00326121 -0.00156973 0.288226 -0.236257 3.11785
0.0638414 -0.0138667 -0.00509475 0.288226 -0.236257 3.11785
0.000453128 -0.000275725 0.000506499 1.85108 0.0437641 1.33737
-0.00310633 -0.00297622 -0.00297529 -0.688269 -0.125715 1.5437
0.00759432 -0.0029968 0.00304315 1.40273 0.104012 1.30279
0.000408186 -0.000331188 0.000381635 -0.0193942 3.3993e-05 0.00184175
4.51683e-07 5.19197e-06 1.1665e-07 -0.0193951 2.1632e-05 0.00184228
5.52454e-06 4.88546e-06 3.66313e-06 1.47851 -0.174747 -0.328217
-9.44421e-06 5.45477e-07 -5.66373e-06 -0.702666 0.215027 1.28488
0.00361799 0.000106317 -0.00391994 0.286793 -0.236872 3.12227
0.0648227 -0.0214354 -0.00549531 0.286793 -0.236872 3.12227
0.000562507 -0.00271655 -0.000780611 1.8497 0.0478597 1.33794
0.00388869 1.89329e-05 -0.00305511 -0.686393 -0.128729 1.54273
0.0138933 0.000299529 -0.000188122 1.38609 0.123363 1.10681
-0.000145005 -0.000106294 0.000159989 -0.0186271 2.2506e-05 0.00253787
-7.39375e-07 3.32203e-07 3.11101e-07 -0.0186249 2.34244e-05 0.00254435
6.55147e-06 2.38381e-06 -1.48874e-06 1.4225 -0.165485 -0.31005
-1.77506e-06 2.69168e-06 1.35696e-06 -0.699701 0.204796 1.29903
0 0 0 0.286793 -0.236872 3.12227
0 0 0 0.286793 -0.236872 3.12227
0 0 0 1.8497 0.0478597 1.33794
0 0 0 -0.686393 -0.128729 1.54273
0 0 0 1.38609 0.123363 1.10681
0 0 0 -0.0186271 2.2506e-05 0.00253787
0 0 0 -0.0186249 2.34244e-05 0.00254435
0 0 0 1.4225 -0.165485 -0.31005
0 0 0 -0.699701 0.204796 1.29903
0.00495319 -0.00352471 -0.00509492 0.287323 -0.215867 3.12766
0.0731028 -0.0523415 -0.00621608 0.287323 -0.215867 3.12766
-0.000389878 -0.00279718 0.00126807 1.8516 0.0473534 1.35966
0.000363945 -0.00331797 -0.00594084 -0.692968 -0.125783 1.55867
0.00836067 -0.00482128 0.0158149 1.25272 0.200948 0.819969
-0.000426079 0.00059209 -0.00142238 -0.0255104 8.57499e-05 0.00461719
2.71472e-07 1.41673e-06 -5.25605e-07 -0.0255072 6.54435e-05 0.00461815
-7.11554e-06 -2.07037e-07 2.8383e-06 1.26253 -0.216029 -0.317583
6.08782e-06 -6.14828e-07 -4.07728e-06 -0.698738 0.181034 1.30365
-0.00100757 0.0045804 -0.00370754 0.287834 -0.204571 3.12433
0.0161345 -0.0150754 -0.000883097 0.287834 -0.204571 3.12433
-0.00135645 -0.000595952 -0.00179013 1.85271 0.0411171 1.36961
0.00155531 0.00402172 -2.26978e-05 -0.689837 -0.138584 1.54974
-0.000243244 -0.00264816 0.00269713 1.21828 0.211117 0.747564
0.000525602 -3.1608e-05 0.000482652 -0.0231477 4.87259e-05 0.00204513
-2.89687e-07 -9.73582e-07 -4.31461e-07 -0.0231488 2.98576e-05 0.00203973
-9.89697e-07 3.4644e-06 8.07512e-07 1.22671 -0.224982 -0.327113
2.63527e-06 8.95465e-06 3.7856e-06 -0.698431 0.183828 1.30532
-0.00137241 -0.00693076 0.00168641 0.287362 -0.205704 3.12231
0.00787022 -0.00574907 -0.00134853 0.287362 -0.205704 3.12231
-0.000379142 0.000160674 0.00234125 1.85216 0.0394002 1.36795
0.00136943 -0.0067404 -0.000195448 -0.686482 -0.132042 1.54024
0.00381764 -0.00174984 0.00363 1.19493 0.227654 0.727454
-0.00043861 6.63328e-05 0.000361829 -0.0213698 4.27395e-05 0.00419878
5.88717e-07 3.12745e-06 -2.36507e-07 -0.0213691 4.43314e-05 0.00419578
6.52547e-06 -2.80863e-06 -2.61033e-06 1.19881 -0.23419 -0.328648
-1.11842e-05 -1.09377e-05 6.29162e-06 -0.69632 0.17898 1.31686
0.00351236 0.0008585 0.00411893 0.289759 -0.204008 3.12535
-0.00892502 0.0155223 0.00114805 0.289759 -0.204008 3.12535
0.000305177 -0.000103118 0.000248961 1.85464 0.042331 1.37052
-0.00225759 0.00144235 0.000135432 -0.691649 -0.118223 1.5603
0.00173999 0.00289351 0.000215363 1.21368 0.223819 0.785751
0.000431616 -0.000229109 -0.000132214 -0.0220567 2.65835e-05 0.00210303
4.9652e-07 -1.2101e-06 8.35107e-07 -0.0220603 2.40992e-05 0.00210835
2.44696e-06 1.17297e-06 -1.26686e-06 1.22033 -0.234325 -0.316747
-6.64239e-06 2.23709e-06 -6.18662e-06 -0.698031 0.180029 1.30736
-0.00124853 0.00294289 0.00358375 0.291672 -0.217025 3.12612
-0.00936846 0.0174806 0.000553801 0.291672 -0.217025 3.12612
-0.00102833 0.00102075 -0.00114212 1.85576 0.0471082 1.35832
0.000937741 0.00280592 0.00466319 -0.685731 -0.121975 1.5527
0.000975119 0.00513865 -0.00205337 1.23696 0.213692 0.841933
0.000114449 -0.000288969 -1.25685e-06 -0.022082 -1.38952e-05 0.0015529
2.96447e-07 -3.53114e-07 -5.17009e-07 -0.022085 1.00822e-05 0.00155504
-9.7299e-06 2.87779e-06 -1.19324e-06 1.24624 -0.227797 -0.297976
7.65675e-06 6.66804e-06 9.78228e-06 -0.697869 0.198927 1.30801
0 0 0 0.291672 -0.217025 3.12612
0 0 0 0.291672 -0.217025 3.12612
0 0 0 1.85576 0.0471082 1.35832
0 0 0 -0.685731 -0.121975 1.5527
0 0 0 1.23696 0.213692 0.841933
0 0 0 -0.022082 -1.38952e-05 0.0015529
0 0 0 -0.022085 1.00822e-05 0.00155504
0 0 0 1.24624 -0.227797 -0.297976
0 0 0 -0.697869 0.198927 1.30801
-0.00139273 -0.00154719 0.00128629 0.2868 -0.219858 3.12837
-0.0294835 0.0182167 0.00199853 0.2868 -0.219858 3.12837
0.00202002 0.0012524 0.000785088 1.85085 0.0490233 1.35599
-0.000834304 -0.00137239 -0.000194853 -0.687435 -0.116829 1.55078
-0.00511913 0.000214451 -0.000820577 1.2722 0.205093 0.948189
-0.000179317 0.000312839 0.000420002 -0.020005 1.98936e-05 0.00242856
1.75258e-07 -1.81266e-07 4.47512e-07 -0.0199993 2.31648e-05 0.00242997
5.57075e-06 -5.63898e-06 8.3079e-07 1.28986 -0.228945 -0.30275
-7.90362e-06 -8.96982e-06 -7.2823e-06 -0.698226 0.197135 1.30634
0.0054584 0.00248669 -0.00697237 0.284127 -0.220937 3.13987
-0.0876232 0.0478349 0.00840711 0.284127 -0.220937 3.13987
6.10321e-05 -0.00140297 -0.00223819 1.84834 0.05981 1.35798
-0.00130909 0.00150676 0.00040355 -0.69164 -0.14249 1.57425
-0.0129896 0.0120194 -0.00861943 1.35415 0.148323 1.24135
0.000192847 0.000107458 -0.000191976 -0.0209329 3.65208e-07 0.00147686
-5.16671e-07 -2.87706e-06 -6.05419e-09 -0.0209326 1.25702e-05 0.0014824
-5.49397e-06 -3.96138e-07 7.29778e-07 1.41395 -0.210591 -0.272994
1.16767e-05 1.13243e-06 8.90203e-07 -0.699434 0.199392 1.30005
0 0 0 0.284127 -0.220937 3.13987
0 0 0 0.284127 -0.220937 3.13987
0 0 0 1.84834 0.05981 1.35798
0 0 0 -0.69164 -0.14249 1.57425
0 0 0 1.35415 0.148323 1.24135
0 0 0 -0.0209329 3.65208e-07 0.00147686
0 0 0 -0.0209326 1.25702e-05 0.0014824
0 0 0 1.41395 -0.210591 -0.272994
0 0 0 -0.699434 0.199392 1.30005
0.00118007 -0.000935095 0.000573993 0.27858 -0.213689 -3.1352
-0.110214 0.0187715 0.022972 0.27858 -0.213689 -3.1352
0.00020166 0.000381211 0.000357879 1.84346 0.0645077 1.36684
0.00350595 -0.00088413 0.000713093 -0.684988 -0.142916 1.56616
-0.0264304 0.00327699 -0.00477379 1.36264 0.0509348 1.54437
-0.000115943 -0.000574219 0.000432963 -0.0188519 2.97459e-05 0.00205129
2.73268e-07 1.00218e-06 -1.20252e-06 -0.0188504 2.25611e-05 0.0020558
7.95996e-06 2.20087e-06 3.69931e-06 1.57664 -0.214118 -0.29035
-1.06855e-05 1.38625e-06 1.19125e-06 -0.69677 0.202016 1.31372
-0.00455701 -0.000178951 -0.0010614 0.275259 -0.22537 -3.13781
-0.0498562 8.54387e-05 0.00268426 0.275259 -0.22537 -3.13781
0.00170165 0.00249715 -0.000314734 1.8395 0.0644216 1.35465
0.000493154 -0.000871731 0.00294163 -0.678484 -0.156869 1.54855
-0.00801693 0.000148975 -0.00434021 1.36048 0.0259171 1.69201
-0.000390188 -0.000697111 4.07552e-05 -0.0187386 1.2192e-06 0.00400203
1.9081e-06 4.57458e-07 1.65988e-06 -0.0187322 2.4399e-05 0.00399541
-8.72097e-06 -2.37511e-06 -6.89496e-06 1.63312 -0.202643 -0.300033
-4.90289e-08 1.34298e-06 2.85188e-06 -0.69616 0.212089 1.31639
