-0.218243 -0.348031 0.0166376 0.289629 -0.157934 3.11818
0.473813 0.380771 0.030567 0.289629 -0.157934 3.11818
2.79322 -0.100216 -0.357631 1.8568 0.0224741 1.41273
-0.217158 -0.0592433 0.0476725 -0.678951 -0.10706 1.56704
0.38153 0.122284 0.0478845 1.38155 0.0630269 1.22772
-0.000250253 0.398708 -0.00554933 -0.0271554 -1.06196e-05 0.00122929
2.87266e-07 0.194105 2.00532e-06 -0.0271922 1.02418e-05 0.00122488
0.13696 0.19411 -1.60651e-05 1.49814 -0.18575 -0.285617
-0.136966 0.194119 -1.23342e-05 -0.674369 0.177553 1.26426
0 0 0 0.289629 -0.157934 3.11818
0 0 0 0.289629 -0.157934 3.11818
0 0 0 1.8568 0.0224741 1.41273
0 0 0 -0.678951 -0.10706 1.56704
0 0 0 1.38155 0.0630269 1.22772
0 0 0 -0.0271554 -1.06196e-05 0.00122929
0 0 0 -0.0271922 1.02418e-05 0.00122488
0 0 0 1.49814 -0.18575 -0.285617
0 0 0 -0.674369 0.177553 1.26426
-0.000511588 -0.00587121 0.00791945 0.296742 -0.166522 3.11234
0.0612861 -0.0276396 -0.0179142 0.296742 -0.166522 3.11234
0.00145363 -0.00115647 0.00347338 1.86338 0.0204762 1.40298
0.000887783 -0.00518853 0.000885496 -0.673985 -0.0827144 1.56221
0.0110989 -0.00472829 -0.00440317 1.37721 0.111527 1.02678
-0.00244731 0.00104642 0.000557795 -0.0242901 0.000141024 0.0130975
-1.23249e-06 4.33288e-05 -1.09069e-06 -0.0243005 0.000154727 0.0130902
7.08889e-06 3.13677e-05 1.23297e-05 1.41626 -0.161515 -0.291047
5.5895e-06 1.96943e-05 1.044e-05 -0.67281 0.177651 1.27318
-0.00423687 0.00957499 -0.0151173 0.27947 -0.147757 3.10253
0.0541687 -0.0382319 0.00448449 0.27947 -0.147757 3.10253
-0.000312763 0.000212729 -0.00491696 1.84715 0.00303906 1.41803
-0.00118978 0.00856927 -0.00532009 -0.682068 -0.116631 1.55163
0.00757235 -0.00791123 0.00140612 1.35058 0.0991313 0.826339
0.000693519 -3.87807e-05 -0.00132621 -0.0306951 0.000192481 0.00971656
-4.01958e-07 -1.87938e-05 -2.15092e-06 -0.0306682 0.000160044 0.00969575
-2.2413e-05 2.41991e-06 2.11487e-05 1.39034 -0.160866 -0.3106
3.50018e-05 2.88806e-05 -4.85613e-07 -0.675263 0.163154 1.25919
-0.00510847 -0.00390749 -0.0032587 0.268454 -0.14146 3.09638
0.0217142 -0.0311244 -0.0155024 0.268454 -0.14146 3.09638
-0.000627936 0.000507604 -0.00109878 1.83651 -0.00621859 1.42247
-0.00271075 -0.0041662 -0.00122096 -0.684588 -0.123656 1.54329
0.000202793 -0.00928056 0.00524772 1.28037 0.172003 0.71651
-9.45651e-05 -0.000845163 -0.000351307 -0.0325413 0.000179118 0.0102346
8.48733e-07 1.9656e-05 2.30328e-07 -0.0325261 0.000169268 0.0102235
8.01621e-06 6.56466e-06 -1.43489e-05 1.28339 -0.177388 -0.342039
-2.32949e-05 -1.01531e-05 7.25804e-06 -0.675972 0.155802 1.25439
0.00106578 0.000257234 -0.0100556 0.25762 -0.128678 3.09121
0.0127826 -0.0119106 0.00943319 0.25762 -0.128678 3.09121
0.00167041 0.000160407 0.000355371 1.82628 -0.0160453 1.43359
-0.00147719 -0.000896591 -0.001692 -0.690762 -0.152752 1.55204
0.000796335 -0.00468098 0.00599164 1.25681 0.157422 0.669564
4.17437e-05 -0.000518853 -0.000689061 -0.0360132 0.000209215 0.0100559
3.40945e-08 1.19402e-05 7.16592e-07 -0.0359968 0.000187274 0.010045
-8.83685e-07 1.01354e-05 -2.08554e-06 1.27913 -0.196464 -0.356729
-7.37181e-07 4.16112e-06 -8.69746e-06 -0.676624 0.148935 1.25021
0.00225108 0.000911562 -0.0029334 0.253172 -0.134696 3.08928
-0.0130113 0.00757904 -0.0161088 0.253172 -0.134696 3.08928
0.000892825 -0.000130559 0.00071008 1.82167 -0.0170313 1.42736
0.00220497 0.000695452 -0.00122513 -0.689498 -0.15868 1.55219
-9.29432e-05 -0.00528332 -0.00265426 1.27256 0.204407 0.733798
0.000222655 0.00082922 0.000149402 -0.0351456 0.000144227 0.00893662
1.83135e-07 1.70723e-05 8.98593e-08 -0.0351376 0.000153926 0.00893238
1.21303e-05 1.70784e-05 -1.10533e-06 1.26107 -0.186234 -0.374373
-1.33259e-05 1.49774e-05 6.74877e-06 -0.67554 0.145157 1.25729
0.00194281 -0.00137527 -0.00112863 0.251464 -0.122564 3.08787
-0.0125515 0.0102868 0.00863966 0.251464 -0.122564 3.08787
0.00135132 -0.000182559 0.000150569 1.8204 -0.021635 1.43878
-0.00144193 -0.000847783 -0.00437423 -0.696841 -0.147372 1.564
-0.00893999 0.00059755 0.00597305 1.26349 0.192667 0.767386
-0.000629103 -0.000547978 -0.000487981 -0.0376375 0.000250166 0.0120357
1.09795e-07 1.0563e-05 6.78618e-07 -0.0376361 0.000232109 0.0120333
-1.2259e-06 1.04804e-05 8.01983e-07 1.27676 -0.212687 -0.384251
8.0039e-07 1.17293e-05 -1.02086e-05 -0.676152 0.128545 1.25316
0.00355945 -0.00163199 0.00181244 0.25056 -0.128856 3.08949
-0.0290937 0.0155346 -0.00482886 0.25056 -0.128856 3.08949
0.000137695 0.00171893 0.00150232 1.81928 -0.0186323 1.43311
-0.00229778 -0.00195654 0.00365134 -0.700071 -0.153796 1.5844
-0.00932798 -0.00150598 -0.000805859 1.28744 0.20703 0.858739
0.000812163 3.63887e-05 -0.000288328 -0.039025 0.000144826 0.00809041
1.15783e-06 5.95222e-06 -6.63372e-07 -0.039023 0.000154942 0.00809287
-2.00155e-07 2.56345e-06 -9.94199e-07 1.29416 -0.216013 -0.402578
-1.89498e-05 -2.75541e-06 1.59959e-05 -0.676866 0.140507 1.24743
0.00147816 -0.00206264 0.00297702 0.249201 -0.140246 3.0944
-0.0332826 0.0331861 0.00878072 0.249201 -0.140246 3.0944
0.00184228 0.000867095 0.000522881 1.81752 -0.0112777 1.4233
-0.00215747 -0.00208647 0.00288233 -0.702003 -0.153446 1.59705
-0.00301399 0.0117784 -0.00301987 1.32335 0.16772 0.989046
0.000332406 -0.000277926 0.000456877 -0.0368566 0.000105997 0.00646588
-4.69276e-07 1.28933e-07 5.66799e-07 -0.0368548 0.000116399 0.00647024
1.93669e-06 4.4084e-06 -1.04175e-07 1.35861 -0.210735 -0.365413
1.25368e-05 7.21572e-06 -8.08801e-06 -0.677627 0.14948 1.24235
0.00859906 0.00151677 -0.0002014 0.248102 -0.137431 3.11021
-0.0343785 0.0386189 0.0169725 0.248102 -0.137431 3.11021
-0.000248044 -0.00290331 -0.00204761 1.81652 0.00320797 1.42989
0.00534622 0.00126538 0.000924957 -0.697225 -0.157355 1.60841
-0.00234277 0.0185722 -0.00172953 1.34406 0.102445 1.12182
0.000229061 0.00111462 0.000343426 -0.034983 0.000102996 0.00530517
-3.79394e-07 -2.33371e-05 1.81338e-07 -0.034981 9.69067e-05 0.00533848
-8.86973e-06 -1.40281e-05 2.93641e-07 1.43851 -0.210873 -0.299727
1.15526e-05 -1.93278e-05 -3.95488e-06 -0.675073 0.154423 1.25945
0.00362715 -0.00493697 0.010958 0.271698 -0.118778 3.12074
-0.0560279 0.0233169 0.00608284 0.271698 -0.118778 3.12074
-0.00136571 -0.00241725 0.00124256 1.84055 0.0117042 1.45078
0.00298073 -0.00303045 -0.00501965 -0.693652 -0.101941 1.61039
-0.0059341 0.00888732 0.00447805 1.33724 0.0982895 1.30537
-0.000595915 0.000475878 0.00094944 -0.0303257 0.00017822 0.00818281
-9.98856e-08 -5.6743e-05 2.60771e-06 -0.0303747 0.000141784 0.00821046
-2.18914e-05 -6.42833e-05 -1.67978e-06 1.47669 -0.235223 -0.271802
2.26197e-05 -6.89633e-05 -1.72192e-05 -0.673179 0.135371 1.27309
-0.00177992 0.00116805 0.00789425 0.283887 -0.101253 3.12608
-0.0664137 0.0088485 0.0116711 0.283887 -0.101253 3.12608
-0.000776847 -0.00140605 0.000868655 1.85322 0.0134163 1.46925
0.000749542 0.00204763 -0.00123768 -0.690144 -0.0703676 1.60153
-0.017793 -0.000552247 0.00184198 1.31864 0.0634373 1.48139
0.000524699 0.000119119 0.000850975 -0.0261557 0.000117413 0.00563081
-2.17882e-07 2.35012e-05 -1.78632e-06 -0.0261767 8.84781e-05 0.00564203
7.6941e-07 2.19379e-05 3.38745e-06 1.56179 -0.259674 -0.29536
7.1556e-07 2.64333e-05 2.77472e-06 -0.673118 0.131987 1.27348
-0.00685888 0.00173405 0.00218327 0.290079 -0.111085 3.12011
-0.0621864 0.00185275 0.00684303 0.290079 -0.111085 3.12011
0.000150866 0.00242357 -0.000980622 1.85906 0.0111148 1.45821
-0.00193186 0.00174469 0.00418152 -0.686897 -0.0772734 1.58454
-0.0119784 -0.000296261 -0.00705716 1.31435 0.0141364 1.65889
0.000115429 -0.000782075 0.000114939 -0.0256917 4.51416e-05 0.0051085
8.62306e-07 2.39349e-05 -7.46814e-07 -0.0257008 6.04995e-05 0.00510032
1.15078e-05 2.48892e-05 -7.3824e-06 1.6574 -0.242079 -0.312977
-2.18789e-05 3.91041e-05 1.78751e-05 -0.674187 0.147592 1.26492
0.00169143 -0.00104522 -0.00159615 0.292233 -0.115553 3.1176
-0.0370777 -0.0383348 0.00298473 0.292233 -0.115553 3.1176
0.000368886 0.00234401 -0.000640748 1.86104 0.0102291 1.45323
-0.00395709 -0.00116996 -0.00177612 -0.695683 -0.0766556 1.60406
0.0098901 -0.029272 0.00199121 1.28654 0.0106822 1.8277
-0.000213121 -0.00173479 0.000565651 -0.0231311 5.76104e-05 0.00621595
1.82288e-06 1.76755e-05 3.31836e-07 -0.0231348 6.59497e-05 0.00621178
1.63942e-05 1.76413e-05 5.09548e-06 1.73903 -0.230476 -0.418845
-1.66118e-05 1.46466e-05 -9.60015e-08 -0.676001 0.139932 1.25242
0.00363763 -0.00133583 0.00114724 0.290615 -0.132268 3.11585
-0.0240825 -0.0328746 -0.00992364 0.290615 -0.132268 3.11585
0.00196875 0.00127831 0.000751641 1.85883 0.0131218 1.4367
-0.00197088 -0.001884 0.00464233 -0.698157 -0.0887318 1.6235
-0.000215954 -0.0276727 -0.000943711 1.2906 0.0420932 1.91308
0.000204981 0.000194335 -0.000176922 -0.0239828 1.89456e-05 0.00518915
-1.84703e-06 1.04274e-05 -2.95135e-07 -0.0239786 5.22855e-05 0.00518527
-1.0139e-05 8.04408e-06 -1.04581e-06 1.75586 -0.215698 -0.521588
1.45367e-05 1.76273e-06 4.3558e-06 -0.676657 0.155263 1.2477
0.00841453 -0.000235061 0.00139689 0.288886 -0.149799 3.11869
-0.00981655 -0.00180295 -0.00443867 0.288886 -0.149799 3.11869
0.00201539 -0.000911431 0.00118465 1.85642 0.0205576 1.42066
0.00153272 -0.000953366 0.00427175 -0.697568 -0.0986741 1.64742
-0.0107645 -0.0028901 -0.00588693 1.3022 0.0369124 1.90863
-0.000391784 0.00125794 -0.00014853 -0.0245603 5.06283e-05 0.0070536
-7.31037e-07 4.40202e-06 1.05874e-07 -0.0245568 7.74085e-05 0.00705758
-6.66745e-06 4.38264e-06 1.64593e-07 1.75611 -0.198966 -0.554412
1.18974e-05 1.17122e-06 -7.93612e-07 -0.675641 0.170155 1.25405
0.006146 0.00140456 -0.000990099 0.288762 -0.154247 3.11824
0.0131344 0.0141535 0.00605762 0.288762 -0.154247 3.11824
-0.000568843 -0.000727755 0.000675051 1.8561 0.0213571 1.41627
0.0012003 0.00084856 0.000602001 -0.698965 -0.104176 1.66463
-0.00702727 0.00779669 -0.00131892 1.29417 0.0111506 1.83469
-9.02488e-05 3.78564e-05 0.000458469 -0.0223015 7.65329e-05 0.00748665
-2.3601e-07 2.4397e-06 -8.66086e-07 -0.0223012 8.19535e-05 0.00748607
1.69866e-05 3.5308e-06 1.76737e-06 1.7615 -0.20193 -0.541674
-1.56757e-05 9.20885e-06 -1.6161e-06 -0.675134 0.173005 1.25732
-0.005495 0.00651724 -0.0108996 0.265777 -0.145834 3.11007
0.0377652 0.0208787 0.00897081 0.265777 -0.145834 3.11007
-0.000211926 -0.000913026 -0.00417993 1.8337 0.0077441 1.42182
-0.00034896 0.00618887 -0.00387772 -0.704232 -0.128489 1.64694
0.00527994 0.0157167 0.00671548 1.28977 0.00329851 1.7195
-0.000649485 0.000998871 -0.0024461 -0.0340246 0.000197189 0.0105733
-1.19173e-06 -6.24918e-05 -1.55253e-06 -0.0339917 0.000183581 0.0105563
-4.17139e-06 -5.91613e-05 1.58419e-06 1.72969 -0.232796 -0.46989
1.22289e-05 -4.42133e-05 3.85627e-06 -0.676554 0.162612 1.24886
0.00304019 -0.00750244 -0.00224109 0.274388 -0.134702 3.10774
0.046015 0.0138601 -0.00431258 0.274388 -0.134702 3.10774
0.00209181 -0.00161753 0.00269976 1.84264 0.0037902 1.43199
0.00167135 -0.00732108 -0.00429785 -0.704767 -0.121344 1.65163
0.0105197 0.0118661 0.00249297 1.32134 0.0272979 1.59435
-0.0004827 0.000713928 0.000180187 -0.0331099 0.000238359 0.0128857
6.62271e-07 2.78653e-05 3.47336e-06 -0.033126 0.000219204 0.0128837
5.27337e-06 1.82624e-05 -4.0894e-06 1.64903 -0.238627 -0.40351
-7.26535e-06 -2.41506e-06 -2.25824e-05 -0.674428 0.143632 1.26311
