-0.235124 -0.401696 -0.0368237 0.337321 0.24959 -3.1327
0.294392 0.403154 -0.0874535 0.337321 0.24959 -3.1327
2.86277 0.449012 -0.287174 1.89819 -0.0734213 1.80972
-0.234578 -0.081439 0.0273826 -0.473742 -0.197861 1.56909
0.390115 0.130705 0.0200245 1.76796 0.3563 1.90869
-0.00110538 0.445183 -0.00225751 -0.0102526 1.84739e-05 0.00502557
2.72419e-07 0.225019 -7.09117e-08 -0.0102508 2.39565e-05 0.00503238
0.135915 0.225019 -1.12573e-06 1.17202 -0.0737248 -0.355281
-0.135917 0.225015 1.53791e-06 -0.425102 0.0848482 1.25933
0 0 0 0.337321 0.24959 -3.1327
0 0 0 0.337321 0.24959 -3.1327
0 0 0 1.89819 -0.0734213 1.80972
0 0 0 -0.473742 -0.197861 1.56909
0 0 0 1.76796 0.3563 1.90869
0 0 0 -0.0102526 1.84739e-05 0.00502557
0 0 0 -0.0102508 2.39565e-05 0.00503238
0 0 0 1.17202 -0.0737248 -0.355281
0 0 0 -0.425102 0.0848482 1.25933
-0.000656616 0.000741599 -0.00123094 0.335351 0.254685 -3.13581
0.0154756 0.0036081 -0.00360272 0.335351 0.254685 -3.13581
0.000491946 -0.000479735 0.000207121 1.89594 -0.0775344 1.81371
0.00226754 -0.00121608 0.000866709 -0.468915 -0.205357 1.55989
-0.000218386 0.000681295 -0.0023394 1.75457 0.362448 1.8536
-0.000638018 4.59166e-05 -0.000258436 -0.0114227 5.31201e-05 0.00790776
-7.66887e-07 2.56387e-06 -9.49246e-08 -0.0114205 4.72661e-05 0.00790475
3.43484e-06 2.5191e-06 1.15678e-06 1.17127 -0.0652141 -0.353203
2.76542e-06 6.29235e-06 -2.89496e-06 -0.424451 0.0873995 1.26718
0 0 0 0.335351 0.254685 -3.13581
0 0 0 0.335351 0.254685 -3.13581
0 0 0 1.89594 -0.0775344 1.81371
0 0 0 -0.468915 -0.205357 1.55989
0 0 0 1.75457 0.362448 1.8536
0 0 0 -0.0114227 5.31201e-05 0.00790776
0 0 0 -0.0114205 4.72661e-05 0.00790475
0 0 0 1.17127 -0.0652141 -0.353203
0 0 0 -0.424451 0.0873995 1.26718
-0.00425774 0.00249212 0.00139761 0.337783 0.26091 3.13887
0.0306122 0.0079677 1.49309e-05 0.337783 0.26091 3.13887
-0.000887454 0.000814328 6.25936e-06 1.89804 -0.0881745 1.81669
0.000780748 0.00274534 0.00396731 -0.463507 -0.212856 1.54409
0.00924288 0.00456662 0.00123808 1.70883 0.368379 1.77806
0.000267606 3.70216e-05 -4.70962e-05 -0.0116353 5.10892e-05 0.00668992
1.72596e-07 -7.57957e-06 6.35766e-08 -0.0116393 4.0665e-05 0.00667461
-5.26261e-06 -7.2924e-06 -4.00492e-08 1.18415 -0.0679905 -0.326246
3.91711e-06 -4.38255e-06 -8.51603e-08 -0.424476 0.100482 1.26693
0.00770679 -0.00103738 -0.00175904 0.334303 0.264461 -3.13438
0.102572 0.0169024 0.000777565 0.334303 0.264461 -3.13438
0.00217091 -0.00313421 -0.00118464 1.8941 -0.0790311 1.82354
0.00457147 -0.00316933 -0.00249339 -0.461205 -0.212069 1.55381
0.0186393 0.0146341 -0.00116617 1.57388 0.365596 1.48105
-0.000986694 0.000183764 0.000607913 -0.00887191 5.43977e-05 0.0111648
-9.86044e-09 2.84479e-06 2.68999e-07 -0.00887564 5.07725e-05 0.01117
5.94873e-06 2.19023e-07 -1.93238e-07 1.21006 -0.0608361 -0.258152
-6.08769e-06 -7.08778e-06 3.04344e-08 -0.422849 0.0922598 1.28347
0 0 0 0.334303 0.264461 -3.13438
0 0 0 0.334303 0.264461 -3.13438
0 0 0 1.8941 -0.0790311 1.82354
0 0 0 -0.461205 -0.212069 1.55381
0 0 0 1.57388 0.365596 1.48105
0 0 0 -0.00887191 5.43977e-05 0.0111648
0 0 0 -0.00887564 5.07725e-05 0.01117
0 0 0 1.21006 -0.0608361 -0.258152
0 0 0 -0.422849 0.0922598 1.28347
-0.0153536 -0.0112315 0.00685879 0.350836 0.256778 3.13906
0.100535 -0.0164616 -0.00499934 0.350836 0.256778 3.13906
0.00158349 0.00665772 0.00459692 1.91109 -0.0897828 1.81171
-0.0132049 -0.00704671 -0.00397374 -0.468652 -0.176826 1.54733
0.0129824 -0.0022105 -0.0132485 1.50882 0.331666 1.17055
-0.000118854 -0.000544357 0.00193974 -9.66419e-05 2.89738e-06 0.0117436
5.78267e-07 -3.6103e-05 9.02336e-07 -0.000114805 1.11975e-06 0.0117395
-4.23749e-06 -3.5834e-05 -9.09151e-07 1.23392 -0.0147986 -0.254185
-4.72063e-07 -3.92628e-05 -7.62105e-06 -0.425844 0.077453 1.25129
-0.00126959 0.00787603 -0.0126454 0.337508 0.265796 3.12783
0.0204117 -0.00591521 0.0128297 0.337508 0.265796 3.12783
-0.000613297 0.00100949 -0.00338196 1.89771 -0.100124 1.81781
-0.00228955 0.0058761 -0.00824208 -0.479142 -0.191284 1.55039
0.00033028 -0.00416798 0.00985785 1.46353 0.315559 1.10597
0.000328162 0.000743816 -0.0012121 -0.00554839 4.12221e-05 0.0102032
-5.43456e-07 -3.81418e-06 -1.64603e-06 -0.00553376 3.05753e-05 0.0101942
-4.64936e-06 1.60765e-07 1.75688e-06 1.24128 -0.0469238 -0.267105
9.18447e-06 1.55867e-05 1.08685e-05 -0.426646 0.0534664 1.23899
0 0 0 0.337508 0.265796 3.12783
0 0 0 0.337508 0.265796 3.12783
0 0 0 1.89771 -0.100124 1.81781
0 0 0 -0.479142 -0.191284 1.55039
0 0 0 1.46353 0.315559 1.10597
0 0 0 -0.00554839 4.12221e-05 0.0102032
0 0 0 -0.00553376 3.05753e-05 0.0101942
0 0 0 1.24128 -0.0469238 -0.267105
0 0 0 -0.426646 0.0534664 1.23899
-0.00673678 -0.00316675 0.00889849 0.334723 0.266329 3.12306
0.000985198 0.00955884 0.00774942 0.334723 0.266329 3.12306
-0.00218555 0.0004934 -0.000536186 1.89511 -0.104137 1.81706
-0.00303041 -0.00116508 0.00794546 -0.474309 -0.18702 1.53889
0.00106073 0.00253313 0.00160028 1.46341 0.290905 1.11662
0.000477628 0.000223159 -0.00114638 -0.0107365 4.3691e-05 0.008038
2.8534e-07 2.25066e-05 6.28419e-08 -0.0107345 4.32344e-05 0.00803491
5.85626e-06 2.13505e-05 -5.66084e-07 1.26554 -0.052059 -0.258257
-7.95055e-06 1.80324e-05 4.16325e-06 -0.427128 0.0771545 1.23148
0.00724168 0.000421844 -0.00305342 0.329486 0.277556 3.13048
-0.0291036 0.0168582 0.0035502 0.329486 0.277556 3.13048
0.00189503 -0.00174453 0.00230798 1.88885 -0.0993259 1.83064
0.00739831 -0.000103544 -0.000598532 -0.468355 -0.194877 1.53843
-0.000609795 0.00341302 0.00553887 1.47336 0.295811 1.22047
1.66158e-06 0.000111191 -0.000482214 -0.0129135 9.79757e-05 0.00802677
2.21173e-08 5.89434e-06 -1.9753e-07 -0.0129003 6.68451e-05 0.00805102
-9.7139e-06 4.55714e-07 1.52786e-06 1.26762 -0.0703974 -0.247957
9.35587e-06 -2.59472e-05 -1.14028e-05 -0.425551 0.0759111 1.25288
-0.00335538 0.00638675 0.000405941 0.330798 0.278216 3.12377
-0.0405273 -0.00769549 -0.00868884 0.330798 0.278216 3.12377
-0.00110352 0.00156836 -0.000171993 1.89029 -0.106246 1.82902
0.00196219 0.00583327 0.00107411 -0.463373 -0.197091 1.52176
-0.00569384 -0.013235 0.00286941 1.51472 0.335099 1.33646
0.000825624 -0.000705794 4.88173e-06 -0.0129414 2.89074e-05 0.00430562
2.84037e-08 2.71869e-06 5.92761e-07 -0.0129431 2.80477e-05 0.00429606
5.6171e-06 7.90534e-06 -1.73065e-06 1.2404 -0.0802888 -0.295069
-6.04292e-06 3.65252e-05 6.24785e-06 -0.425482 0.0806598 1.25307
0.0019719 -0.0011306 0.00143889 0.333982 0.270182 3.12886
-0.0614487 -0.000353584 -0.00365562 0.333982 0.270182 3.12886
-0.000181633 -0.000232392 0.00172388 1.89388 -0.0996851 1.82265
-0.00189931 -0.000776733 0.00138753 -0.467536 -0.196829 1.53389
-0.0163404 -0.0076773 -0.00738784 1.59637 0.323779 1.48931
0.000209145 -0.000865689 0.000747374 -0.00958703 9.06757e-07 0.00337682
3.75306e-07 6.97231e-06 -3.70876e-08 -0.00959123 1.25777e-05 0.00338291
-1.15663e-06 4.07567e-06 -2.27377e-06 1.25118 -0.058535 -0.336741
-3.23134e-06 -8.1685e-06 3.59233e-06 -0.425858 0.0845921 1.24821
0.00496159 -0.000425008 0.00158705 0.336444 0.261734 3.13475
-0.0502407 -0.00226305 0.000715234 0.336444 0.261734 3.13475
0.000756843 -0.00269549 -0.000647036 1.89679 -0.0920109 1.81627
0.00210852 0.0006075 -0.000104431 -0.466877 -0.191189 1.54289
-0.0110565 -0.00355796 -0.00129484 1.64856 0.317065 1.62017
-0.00054435 0.000355999 0.000101095 -0.00911958 8.50137e-06 0.00582379
-1.32651e-06 1.54232e-06 5.19063e-07 -0.00912322 2.22486e-05 0.00583229
1.84701e-06 4.9986e-06 1.33504e-06 1.24933 -0.0559485 -0.362027
2.04047e-05 6.33491e-06 8.51879e-08 -0.425346 0.0845892 1.25379
0.00989396 0.0027186 -0.00248516 0.336422 0.273563 -3.13495
-0.0434383 -0.00442318 -0.00299107 0.336422 0.273563 -3.13495
-0.00173731 -0.00410477 -0.00570916 1.89541 -0.0830101 1.83185
0.00600292 0.00108691 0.00120893 -0.465009 -0.203312 1.55493
-0.0039573 0.00740346 0.00957104 1.67749 0.362296 1.75724
-0.000692741 -0.000316582 0.00153458 -0.00209987 0.000103964 0.00896824
1.42849e-08 -2.11107e-05 -1.27983e-06 -0.00210048 2.05475e-05 0.00906336
-1.54918e-05 -1.04873e-05 2.63695e-06 1.20454 -0.0918099 -0.341555
2.47924e-06 2.05016e-06 -7.03431e-06 -0.423993 0.0891503 1.27066
-0.0156608 0.0056404 0.00153363 0.339211 0.245964 3.12961
-0.0128807 -0.0162291 -0.00964354 0.339211 0.245964 3.12961
-0.00377762 0.00852129 -0.000355668 1.90087 -0.0924479 1.79936
-0.0112023 0.00214959 0.00456104 -0.473081 -0.214598 1.54064
-0.00898226 -0.0125486 -0.00675129 1.74119 0.374209 1.77269
0.000336738 0.000145213 -0.000359902 -0.00376999 -6.74049e-06 0.00747343
1.20808e-06 1.17428e-06 9.51201e-07 -0.0037742 9.89312e-06 0.00746013
-1.42388e-05 -8.53734e-06 -2.05732e-06 1.16671 -0.0683048 -0.396315
8.51577e-06 -1.24711e-05 4.69652e-06 -0.427513 0.102857 1.23511
-0.000211833 0.00251068 4.53283e-06 0.342082 0.245076 3.13011
0.0202966 0.0118133 -0.00665065 0.342082 0.245076 3.13011
-0.000903088 0.000607449 -0.00263192 1.90373 -0.0923357 1.79843
0.00181663 0.00229808 0.00163471 -0.469468 -0.219614 1.5342
0.00924253 0.0131158 -0.00363122 1.72072 0.387175 1.73582
0.000133081 -0.00123808 0.000456632 -0.00170575 4.72968e-06 0.0069012
-2.4584e-07 1.38833e-05 1.44016e-07 -0.0017086 5.69663e-06 0.006901
2.07259e-05 1.35291e-05 2.56428e-07 1.16033 -0.0541499 -0.339249
-1.97982e-05 1.22695e-05 -3.06895e-06 -0.427198 0.108878 1.23822
0 0 0 0.342082 0.245076 3.13011
0 0 0 0.342082 0.245076 3.13011
0 0 0 1.90373 -0.0923357 1.79843
0 0 0 -0.469468 -0.219614 1.5342
0 0 0 1.72072 0.387175 1.73582
0 0 0 -0.00170575 4.72968e-06 0.0069012
0 0 0 -0.0017086 5.69663e-06 0.006901
0 0 0 1.16033 -0.0541499 -0.339249
0 0 0 -0.427198 0.108878 1.23822
-0.00572808 -0.00634026 0.00702512 0.356957 0.236898 3.12392
0.101482 -0.00543417 -0.0263225 0.356957 0.236898 3.12392
0.00277273 0.00167579 0.00799602 1.91913 -0.0987113 1.78722
-0.00079263 -0.00665467 -0.000134042 -0.461849 -0.197977 1.51854
0.0199187 0.00350979 -0.0130194 1.64245 0.44077 1.44565
-0.00142974 0.00199518 0.000641809 0.00120586 -5.73204e-06 0.0133143
-7.09861e-07 -1.65702e-05 1.19545e-06 0.00119419 -7.26063e-06 0.0133052
4.91505e-06 -2.34388e-05 -8.7484e-07 1.12463 -0.00637247 -0.305167
-1.22032e-06 -3.44826e-05 -5.15034e-06 -0.426711 0.106303 1.24259
