-0.222715 -0.359834 -0.0300337 0.232484 0.104877 3.11366
0.55345 0.437535 -0.065528 0.232484 0.104877 3.11366
1.85078 -0.105244 0.00351708 1.80229 -0.0513082 1.66647
-0.226642 -0.0652408 0.020207 -0.728099 -0.168902 1.58413
0.417454 0.187957 0.0171018 1.37868 0.282933 1.07176
-0.00450575 0.416892 -0.00295079 -0.0140836 0.00018986 0.0215405
3.32426e-08 0.207773 -1.23662e-06 -0.0140803 0.000161468 0.021542
0.156275 0.207776 3.64415e-06 1.2363 -0.0651899 -0.0757432
-0.156275 0.207782 -2.71615e-06 -0.698752 0.0715602 1.31855
0 0 0 0.232484 0.104877 3.11366
0 0 0 0.232484 0.104877 3.11366
0 0 0 1.80229 -0.0513082 1.66647
0 0 0 -0.728099 -0.168902 1.58413
0 0 0 1.37868 0.282933 1.07176
0 0 0 -0.0140836 0.00018986 0.0215405
0 0 0 -0.0140803 0.000161468 0.021542
0 0 0 1.2363 -0.0651899 -0.0757432
0 0 0 -0.698752 0.0715602 1.31855
0 0 0 0.232484 0.104877 3.11366
0 0 0 0.232484 0.104877 3.11366
0 0 0 1.80229 -0.0513082 1.66647
0 0 0 -0.728099 -0.168902 1.58413
0 0 0 1.37868 0.282933 1.07176
0 0 0 -0.0140836 0.00018986 0.0215405
0 0 0 -0.0140803 0.000161468 0.021542
0 0 0 1.2363 -0.0651899 -0.0757432
0 0 0 -0.698752 0.0715602 1.31855
0.00199105 -0.00469823 0.000239674 0.23524 0.117759 3.1159
0.0103353 -0.0018956 0.00748531 0.23524 0.117759 3.1159
0.00187782 -0.000892548 0.00181172 1.80471 -0.0523848 1.67939
0.000750723 -0.00395742 -0.00446526 -0.72942 -0.152953 1.58829
0.000423699 -0.000921669 0.00341639 1.36246 0.266067 1.04007
0.000690213 0.000191644 0.00145571 -0.00715519 5.27516e-05 0.0182286
1.35486e-07 3.41777e-06 2.71278e-06 -0.00715746 5.86683e-05 0.0182295
2.06634e-05 -1.59887e-06 -6.07014e-06 1.24326 -0.0780401 -0.0791157
-2.07881e-05 -9.00157e-06 1.49106e-06 -0.698333 0.0550713 1.32462
-0.00182003 0.00200139 0.00342416 0.237414 0.105786 3.11633
-0.00661052 0.0119185 -0.00565773 0.237414 0.105786 3.11633
-0.000548593 0.000922209 -0.00162068 1.80716 -0.0493994 1.66772
5.22246e-05 0.00223757 0.00205113 -0.726636 -0.148309 1.58194
0.00103728 0.0055696 -0.00830566 1.40377 0.255995 1.07391
-0.000348891 -0.00012486 0.000431978 -0.00508295 2.45246e-05 0.0199147
3.90904e-07 -2.04636e-06 -1.41905e-06 -0.0050855 4.36296e-05 0.019915
-1.2899e-06 5.21224e-06 -2.95033e-06 1.2696 -0.0464044 -0.0577104
-4.36807e-06 9.6355e-06 7.44728e-06 -0.698411 0.0626599 1.32291
-2.12686e-05 1.63338e-05 2.89371e-05 0.237419 0.105735 3.11635
-2.64756e-05 4.38548e-05 2.08445e-06 0.237416 0.10577 3.11633
-0.00217384 0.00178493 -0.00113613 1.80773 -0.0464124 1.66292
-7.74611e-06 1.68198e-05 1.68418e-05 -0.726686 -0.148275 1.5819
-3.81737e-07 1.71972e-05 -1.05606e-05 1.40388 0.255948 1.07401
0.000449367 -0.000386741 -0.000999105 -0.00986378 8.09995e-05 0.017804
1.32747e-07 6.38256e-07 -6.67055e-07 -0.00986402 8.62617e-05 0.0178058
-2.40542e-06 -2.28857e-07 6.71495e-06 1.26967 -0.0463475 -0.0576563
-4.27265e-06 -2.11192e-06 2.10487e-06 -0.69844 0.0626774 1.32291
-0.00188064 -0.000492639 0.0017418 0.237887 0.100431 3.11816
-0.0189227 0.0131527 0.00169368 0.237887 0.100431 3.11816
0 0 0 1.80773 -0.0464124 1.66292
-0.00134226 -0.000447707 0.00150643 -0.726419 -0.147471 1.58008
-0.00220635 0.00344377 -0.00357176 1.44119 0.237927 1.14042
0 0 0 -0.00986378 8.09995e-05 0.017804
0 0 0 -0.00986402 8.62617e-05 0.0178058
1.32928e-05 -3.29444e-06 -1.28193e-06 1.30248 -0.0330796 -0.0449343
-6.36473e-06 -1.61635e-06 -3.00057e-06 -0.698737 0.0678535 1.3187
-0.000608266 -0.00633777 0.0104532 0.250232 0.0720857 3.12548
-0.0691533 0.00511617 -0.020003 0.250232 0.0720857 3.12548
0.00256203 0.000814813 0.00649867 1.82051 -0.0334541 1.63666
0.00127346 -0.00563171 0.00543601 -0.718133 -0.130522 1.5737
-0.012088 -0.00922254 -0.0157995 1.5625 0.255625 1.34392
-0.000559424 -0.00136125 0.00199848 -0.000341616 -3.12572e-05 0.0206217
7.33472e-07 -9.44159e-06 3.23808e-06 -0.000362231 -9.27889e-06 0.0206283
-1.44761e-05 -2.25822e-05 -7.47668e-06 1.31663 0.0287398 -0.0840183
7.56002e-06 -6.13691e-05 -1.12171e-05 -0.697998 0.0853899 1.32774
0 0 0 0.250232 0.0720857 3.12548
0 0 0 0.250232 0.0720857 3.12548
0 0 0 1.82051 -0.0334541 1.63666
0 0 0 -0.718133 -0.130522 1.5737
0 0 0 1.5625 0.255625 1.34392
0 0 0 -0.000341616 -3.12572e-05 0.0206217
0 0 0 -0.000362231 -9.27889e-06 0.0206283
0 0 0 1.31663 0.0287398 -0.0840183
0 0 0 -0.697998 0.0853899 1.32774
0.00036783 0.0049411 0.0052816 0.255404 0.0605517 3.13406
-0.0924301 0.00982471 -0.0118577 0.255404 0.0605517 3.13406
-0.00146973 0.00144389 0.000649319 1.82579 -0.0225808 1.62749
0.00181609 0.00502131 0.00480061 -0.713045 -0.128916 1.56882
-0.0122495 0.00588664 -0.00779531 1.66403 0.271532 1.62639
-9.3585e-05 -0.00112227 -0.000925101 -0.0047818 3.70558e-05 0.0211808
-8.33718e-07 2.1095e-06 -3.16349e-06 -0.00478085 4.76953e-05 0.0211831
1.19519e-05 1.55135e-05 7.17698e-06 1.29092 0.0631906 -0.0636061
-5.22806e-06 5.45676e-05 1.33033e-05 -0.697903 0.103667 1.32976
0.000792492 -0.00224573 -0.00186766 0.257392 0.0634236 3.13674
-0.0462355 -0.00573023 -0.0013454 0.257392 0.0634236 3.13674
0.00124024 0.000540089 0.00112556 1.82772 -0.0208326 1.63091
-0.000430229 -0.00239835 -0.000810141 -0.714664 -0.132469 1.57294
-0.00444933 -0.000356577 -0.000522178 1.71165 0.274145 1.77515
-0.000130643 0.000400453 0.000464417 -0.00254469 3.18228e-05 0.0217665
-2.03018e-07 4.05206e-06 9.63913e-07 -0.00254689 2.88208e-05 0.0217692
6.73584e-06 1.0771e-06 -9.49055e-07 1.27047 0.0666153 -0.0663797
-4.24169e-06 -4.60959e-06 -1.14731e-05 -0.697864 0.100035 1.33031
0 0 0 0.257392 0.0634236 3.13674
0 0 0 0.257392 0.0634236 3.13674
0 0 0 1.82772 -0.0208326 1.63091
0 0 0 -0.714664 -0.132469 1.57294
0 0 0 1.71165 0.274145 1.77515
0 0 0 -0.00254469 3.18228e-05 0.0217665
0 0 0 -0.00254689 2.88208e-05 0.0217692
0 0 0 1.27047 0.0666153 -0.0663797
0 0 0 -0.697864 0.100035 1.33031
-0.00487662 0.00719503 -0.00194141 0.242301 0.0534768 3.13155
-0.0608554 -0.0216315 0.00859538 0.242301 0.0534768 3.13155
-0.0026182 0.00314982 -0.00586297 1.81281 -0.022579 1.62031
-0.00228666 0.00670572 0.00156407 -0.715853 -0.144306 1.56419
-0.00666903 -0.0089835 0.00658896 1.75696 0.263985 1.96982
0.000725778 0.000577378 -0.00167668 -0.0105981 9.37173e-05 0.0182039
-1.97425e-08 -1.33653e-05 -1.35225e-06 -0.0105875 9.57212e-05 0.0181997
3.79865e-06 -9.49577e-06 1.64263e-06 1.25136 0.0393048 -0.107935
-6.93978e-06 1.67293e-05 1.86149e-05 -0.69929 0.107583 1.31673
-0.000794111 -0.00343639 -0.00044461 0.241305 0.0465023 3.12892
-0.0112525 -0.00687394 -0.00313124 0.241305 0.0465023 3.12892
0.00166773 0.000834097 0.00132035 1.81191 -0.0234143 1.61293
-0.00151398 -0.00355354 0.000355727 -0.717464 -0.147016 1.56662
-0.00192544 -0.005307 -0.00280739 1.79069 0.263008 2.00157
0.000300212 0.000227065 0.000549245 -0.00796606 5.55041e-05 0.0167341
-2.70403e-07 9.4116e-06 1.18273e-06 -0.0079646 6.40601e-05 0.0167309
-8.32276e-07 5.48057e-06 -1.84139e-06 1.23342 0.0519693 -0.13234
6.50099e-06 -2.05119e-05 -1.47694e-05 -0.699537 0.107443 1.31468
0 0 0 0.241305 0.0465023 3.12892
0 0 0 0.241305 0.0465023 3.12892
-0.000453139 0.00279948 -0.000899575 1.81237 -0.0313792 1.60475
0 0 0 -0.717464 -0.147016 1.56662
0 0 0 1.79069 0.263008 2.00157
0.000623192 -0.000199067 0.000741508 -0.00438904 2.1792e-05 0.0137479
0 0 0 -0.0079646 6.40601e-05 0.0167309
-8.76465e-06 -5.38943e-06 -1.49961e-06 1.22915 0.0655284 -0.142371
3.7651e-06 1.02031e-05 4.63658e-06 -0.700555 0.114022 1.30547
0.0015168 0.00122157 -0.00108708 0.243174 0.0519336 3.1284
0.0228482 0.00595118 0.00133854 0.243174 0.0519336 3.1284
-0.000464102 -0.00344316 -0.000927809 1.81372 -0.0253066 1.61803
0.00127056 0.00127602 -0.00142886 -0.717716 -0.145858 1.56746
0.00369518 -0.00105388 0.0022763 1.7562 0.266826 1.93111
-0.000602951 0.000380437 -1.99838e-05 -0.00447655 5.53249e-05 0.0166076
-6.70413e-07 -7.67413e-06 -4.09523e-07 -0.00447888 4.14668e-05 0.0166186
-6.16538e-06 1.1795e-06 3.80993e-06 1.24973 0.041184 -0.134753
1.75028e-05 -1.45182e-05 -9.72747e-06 -0.699281 0.103048 1.31781
0.00228651 -0.00297537 -0.000612051 0.243529 0.0573466 3.12993
0.0356979 0.00990853 0.00355243 0.243529 0.0573466 3.12993
-0.000437372 -0.00157152 -6.62873e-05 1.814 -0.0251418 1.62365
0.00117582 -0.00287861 -0.00125183 -0.717512 -0.143694 1.57121
0.00219184 0.000973268 0.00197799 1.70399 0.262933 1.81066
-0.000109186 0.000924511 0.000154085 -0.00371576 4.0735e-05 0.01706
7.43649e-08 7.94972e-06 -1.30332e-07 -0.00371641 3.39278e-05 0.0170619
8.90899e-06 6.45484e-06 -5.6929e-07 1.27848 0.0322695 -0.12931
-1.06614e-05 8.76619e-06 4.02326e-06 -0.69859 0.0977908 1.32437
0.000311088 -0.00340878 0.00129934 0.250228 0.0597411 3.12701
0.0448272 0.00193856 -0.0032583 0.250228 0.0597411 3.12701
0.00185292 -9.08288e-05 0.00284067 1.82068 -0.028913 1.62508
-0.00172736 -0.00315313 -0.000648964 -0.720283 -0.137115 1.5781
0.00908316 -0.00172891 -0.000300818 1.67073 0.274965 1.6855
7.02079e-05 -0.000847681 0.000674559 -0.000501588 6.78676e-06 0.0167976
3.22017e-07 -7.88524e-07 7.0162e-07 -0.000507701 4.80222e-06 0.0167946
5.47292e-06 -2.55393e-06 -1.01421e-06 1.28042 0.0322668 -0.131536
-6.28436e-06 -1.04529e-05 -8.3994e-06 -0.698886 0.0944264 1.32124
-0.0022231 0.000876053 0.00289992 0.25496 0.0610274 3.12276
0.0519862 0.000591031 0.00109874 0.25496 0.0610274 3.12276
0.000626714 0.000235781 0.00153897 1.82542 -0.0336109 1.62511
-0.00081223 0.00127387 9.04733e-07 -0.720138 -0.127326 1.57333
0.00683146 -0.000306972 -0.00090521 1.62729 0.26906 1.5266
-0.000501157 -8.42504e-05 0.000407071 0.00146455 -1.27406e-05 0.0192171
1.07619e-08 1.9484e-07 -2.10898e-07 0.00146035 -1.37243e-05 0.019213
2.40235e-06 8.51983e-07 3.66844e-07 1.29826 0.0350527 -0.129127
-2.33397e-06 5.85697e-06 3.91125e-06 -0.699262 0.0947505 1.31742
-0.00286347 0.000246883 0.001933 0.259219 0.0612232 3.11708
0.0512149 -0.00456944 0.000383683 0.259219 0.0612232 3.11708
-0.000286379 0.00112434 0.000612406 1.82973 -0.0393836 1.62371
-0.00142782 0.000310529 0.00146051 -0.719606 -0.125732 1.56849
0.00667729 0.00134196 -0.00154152 1.58826 0.26305 1.36764
0.000131849 -0.000271083 -0.000477159 -0.000830875 7.8475e-06 0.0186098
1.41589e-07 -1.11505e-06 -1.2039e-07 -0.000836081 7.81764e-06 0.0186025
5.419e-08 -8.97359e-07 -3.76354e-08 1.3102 0.0402365 -0.120513
-2.56962e-06 5.24706e-06 2.79016e-06 -0.699765 0.0997497 1.31237
