-0.204662 -0.350066 -0.0259372 0.220337 0.0226761 -3.06764
0.235823 -0.366714 -0.0813988 0.220337 0.0226761 -3.06764
2.95935 0.0435093 -0.235131 1.79159 0.0672111 1.60911
-0.20389 -0.081806 0.0301487 -0.563936 -0.206126 1.56792
0.20934 -0.0847571 -0.00658082 -0.854463 0.25832 -1.47714
0.000886535 0.403612 -0.000868193 -0.00406355 7.66431e-05 -0.0042741
-4.18643e-07 0.195867 -6.52818e-06 -0.00405337 1.45204e-05 -0.00424539
0.15186 0.195874 3.72285e-05 -0.852686 0.0231238 -1.36877
-0.151858 0.195859 1.81164e-05 -0.555194 0.106242 1.38556
0 0 0 0.220337 0.0226761 -3.06764
0 0 0 0.220337 0.0226761 -3.06764
0 0 0 1.79159 0.0672111 1.60911
0 0 0 -0.563936 -0.206126 1.56792
0 0 0 -0.854463 0.25832 -1.47714
0 0 0 -0.00406355 7.66431e-05 -0.0042741
0 0 0 -0.00405337 1.45204e-05 -0.00424539
0 0 0 -0.852686 0.0231238 -1.36877
0 0 0 -0.555194 0.106242 1.38556
0 0 0 0.220337 0.0226761 -3.06764
0 0 0 0.220337 0.0226761 -3.06764
0 0 0 1.79159 0.0672111 1.60911
0 0 0 -0.563936 -0.206126 1.56792
0 0 0 -0.854463 0.25832 -1.47714
0 0 0 -0.00406355 7.66431e-05 -0.0042741
0 0 0 -0.00405337 1.45204e-05 -0.00424539
0 0 0 -0.852686 0.0231238 -1.36877
0 0 0 -0.555194 0.106242 1.38556
-0.0115644 0.00923555 0.00723798 0.23661 0.0352277 -3.08393
0.00177058 -0.0148341 -0.0154012 0.23661 0.0352277 -3.08393
-0.0320981 0.0102706 0.0115236 1.80754 0.0477986 1.61856
-0.00525727 0.00993652 0.00391885 -0.563608 -0.19368 1.54448
-0.00748838 -0.0182112 -0.0176229 -0.852823 0.252978 -1.44318
-0.00085797 -0.00170553 0.00189745 0.00514085 -1.53245e-05 -9.15503e-05
3.57263e-06 2.74188e-05 -3.22187e-06 0.00514224 -4.8122e-06 -0.000112808
0.000228616 1.86969e-05 -2.94843e-05 -0.854643 0.0798304 -1.40579
-0.000245548 4.01133e-05 2.00056e-05 -0.557957 0.123644 1.36091
-0.00179097 -0.00120616 -0.00721978 0.215775 0.0303339 -3.08649
-0.00720005 0.00425902 -0.0313279 0.215775 0.0303339 -3.08649
-0.0125872 0.00322593 0.00204961 1.78672 0.0473277 1.61223
-0.000893255 -0.0013312 -0.00695701 -0.568403 -0.194916 1.54118
0.0101946 0.00421221 -0.0114328 -0.872153 0.319996 -1.50502
-0.00107313 -0.000785536 -1.8729e-05 0.00511709 -2.75292e-05 0.00512667
-1.74068e-06 -7.85081e-06 2.18392e-06 0.00515694 -1.59806e-05 0.00512302
5.4994e-05 -5.06428e-06 5.944e-05 -0.851154 0.118225 -1.3702
-7.20785e-05 -8.29904e-06 5.65599e-05 -0.558154 0.097821 1.35899
0 0 0 0.215775 0.0303339 -3.08649
0 0 0 0.215775 0.0303339 -3.08649
0 0 0 1.78672 0.0473277 1.61223
0 0 0 -0.568403 -0.194916 1.54118
0 0 0 -0.872153 0.319996 -1.50502
0 0 0 0.00511709 -2.75292e-05 0.00512667
0 0 0 0.00515694 -1.59806e-05 0.00512302
0 0 0 -0.851154 0.118225 -1.3702
0 0 0 -0.558154 0.097821 1.35899
-0.0176671 0.00870267 0.0108501 0.205794 -0.0224491 -3.11225
-0.033202 0.00097409 -0.0360555 0.205794 -0.0224491 -3.11225
-0.0167991 0.0113668 0.00016446 1.77666 0.033314 1.55482
-0.0101851 0.00802862 0.0128544 -0.566866 -0.202113 1.51321
-0.00806041 -0.00127824 -0.0172701 -0.904458 0.382823 -1.59539
-0.000609938 0.00210162 -0.00153645 -0.00229714 0.00019621 0.00788766
-6.95407e-06 -3.90622e-05 -7.10014e-06 -0.00227263 6.54348e-05 0.00792537
-0.000260236 -4.25899e-05 8.96234e-06 -0.855371 0.174612 -1.39648
0.000191451 2.31332e-05 0.000144146 -0.56306 0.146155 1.31515
0.0271024 -0.0128342 -0.0148542 0.205842 0.0602652 -3.08764
0.0283655 0.0116547 -0.00780673 0.205842 0.0602652 -3.08764
-0.0349665 -0.0128307 0.00470374 1.77643 0.0405059 1.64081
0.0131584 -0.0118496 -0.0179225 -0.573165 -0.190756 1.56517
0.0234486 0.00588731 -0.000561669 -0.91458 0.413017 -1.57774
-0.000320617 -0.000553849 0.0024156 0.00935433 -2.01821e-05 0.00954695
5.21993e-06 4.87641e-05 2.54715e-06 0.00933543 -3.79264e-05 0.00955347
4.26495e-05 4.255e-05 -3.46083e-05 -0.841835 0.176767 -1.3161
6.05098e-05 -3.81044e-05 -0.000164707 -0.557205 0.0786974 1.37141
0.00373901 -0.00304336 -0.00140221 0.204197 0.0729492 -3.08571
0.000886543 -0.00074019 -0.012422 0.204197 0.0729492 -3.08571
-0.0167207 -0.00374387 0.00532742 1.77461 0.0399437 1.65354
0.00437912 -0.00317725 -0.000536286 -0.567875 -0.194156 1.56278
0.00164805 -0.0030737 -0.00144675 -0.917666 0.449882 -1.58064
0.000223743 -0.000608657 0.000156237 0.0101531 -1.02037e-05 0.00846775
-1.41412e-06 3.08981e-05 -1.40807e-06 0.0101573 -3.35466e-05 0.00847152
0.000143022 3.65e-05 -1.56215e-05 -0.841467 0.179358 -1.31389
-0.000136696 4.42985e-05 -2.67113e-05 -0.555806 0.07626 1.38946
3.73563e-06 7.87013e-06 2.5549e-05 0.204205 0.0730437 -3.08574
-0.00167018 -0.00187972 -0.00313795 0.20515 0.0841749 -3.08845
-0.0194741 -0.00252848 0.00279801 1.77534 0.034907 1.66401
8.8487e-06 3.47057e-06 1.20348e-05 -0.567854 -0.194159 1.56276
-0.00217491 -0.0006246 0.00574978 -0.908665 0.474511 -1.57872
0.000919248 0.000251559 -0.000898608 0.00585699 2.34693e-05 0.00401078
-6.90906e-07 1.25906e-05 -2.03735e-05 0.00585645 7.6792e-06 0.00400684
7.48061e-05 2.13545e-05 6.28273e-05 -0.84277 0.161101 -1.32162
-1.79392e-06 1.11018e-05 8.9754e-06 -0.555802 0.0762614 1.3895
-0.0116214 0.00196491 0.00808126 0.196887 0.0434632 -3.11088
-0.0250494 -0.00707927 -0.0114949 0.196887 0.0434632 -3.11088
-0.0197651 0.00362779 0.00392752 1.76755 0.0216165 1.61943
-0.00132688 0.00150107 0.00930675 -0.555827 -0.198437 1.52445
-0.0118777 -0.00977534 -0.00788357 -0.923079 0.488539 -1.62813
-0.000715967 0.000364301 -0.000103102 0.00528898 -0.000115463 0.00748776
2.51941e-06 -3.99232e-05 1.85311e-05 0.00530002 -4.93679e-05 0.00745243
-0.000121462 -5.2703e-05 -5.81987e-05 -0.850511 0.182133 -1.36612
3.82115e-05 -1.81193e-05 5.95469e-05 -0.556315 0.109383 1.38372
-0.00294733 0.00352946 0.00277034 0.19195 0.0490018 -3.12259
-0.00663491 0.00124148 0.000507418 0.19195 0.0490018 -3.12259
-0.0220879 -0.00125048 0.000314366 1.76253 0.00931201 1.62252
-0.000674882 0.0037841 0.000863552 -0.555575 -0.191319 1.51606
-0.00227411 -0.000826822 0.00201445 -0.924954 0.495701 -1.64497
0.00121668 2.0998e-05 0.00111104 0.0105526 -1.87782e-06 0.00158874
-6.70008e-07 1.43801e-05 1.0236e-05 0.0105575 -7.07998e-06 0.00157774
9.30854e-05 2.30127e-05 -2.6068e-05 -0.851892 0.175602 -1.37414
-8.62397e-05 1.4064e-05 -6.80851e-05 -0.557049 0.114163 1.37908
-0.00251215 0.00453733 0.00676471 0.191122 0.0366272 -3.13463
-0.0086594 0.00140564 0.00207648 0.191122 0.0366272 -3.13463
-0.0221387 -0.00158619 -0.000688121 1.76179 -0.000117313 1.60808
-0.00114226 0.00493062 0.00423458 -0.554131 -0.18193 1.51107
-0.00224185 0.000274393 -0.000662554 -0.934051 0.48866 -1.66947
0.00036658 -0.00119913 0.000478869 0.0129714 -1.72922e-05 -0.000194291
-1.56365e-07 7.79048e-06 1.31643e-07 0.0129722 -1.45973e-06 -0.000209636
3.60077e-05 8.26236e-06 -6.29787e-07 -0.853162 0.177996 -1.38118
-3.18215e-05 1.53956e-05 2.16596e-05 -0.557942 0.13138 1.37161
-0.00755269 0.000132738 0.00200811 0.172744 0.000974614 3.13222
-0.0194598 -0.00589241 -0.00669182 0.172744 0.000974614 3.13222
-0.0202949 0.00218611 0.00154411 1.74355 -0.00940131 1.57015
-0.0092339 -0.000367889 0.00462293 -0.56193 -0.191713 1.51719
-0.0169784 -0.00386477 -0.00911268 -0.932678 0.47791 -1.67795
0.000669972 -0.000170595 -0.00403819 -0.00668026 -5.89438e-05 -0.00343781
5.18186e-07 -3.96084e-05 -4.45525e-07 -0.00666021 -1.98287e-05 -0.00345534
-7.67947e-05 -4.08933e-05 -8.95177e-08 -0.863837 0.205718 -1.43699
6.89195e-05 -5.25328e-05 -1.94579e-05 -0.562532 0.146925 1.33849
0.00290263 0.000943978 -0.010198 0.163164 0.0107093 3.12702
0.0114315 -0.0052923 0.00973246 0.163164 0.0107093 3.12702
-0.0222463 -0.00483753 0.00230007 1.73398 -0.0161233 1.579
-0.000210833 -0.000820622 -0.00131528 -0.565116 -0.224888 1.52848
-0.00505885 -0.000739528 0.00638766 -0.901037 0.463076 -1.61546
3.18014e-05 -0.000367297 -8.82648e-06 -0.00667711 5.62902e-06 -0.0036435
-4.03418e-06 2.69362e-05 -1.27994e-05 -0.00666709 -4.7235e-06 -0.00364893
7.58366e-05 2.81079e-05 2.7612e-05 -0.867088 0.185913 -1.45367
-5.69433e-05 2.50219e-05 6.5019e-06 -0.562606 0.14175 1.33866
0.0123649 -0.00238348 -0.00279337 0.185757 0.0238259 3.13473
0.0185388 -0.00681906 0.0328193 0.185757 0.0238259 3.13473
-0.0234052 -0.0100876 0.00385372 1.75652 -0.0111473 1.59295
-0.00053746 -0.00364661 0.0020616 -0.572959 -0.243391 1.57682
0.0100444 0.000653685 0.0108132 -0.893491 0.386535 -1.58369
0.000479261 -1.54006e-05 0.0014386 0.000258071 1.89763e-05 -0.00598617
1.38651e-06 -2.90811e-05 1.14521e-05 0.000234225 5.28189e-06 -0.00597846
2.89784e-05 -2.87517e-05 -7.93364e-06 -0.861704 0.151768 -1.42146
-2.41867e-05 -3.62744e-05 -2.00809e-05 -0.562487 0.14726 1.33984
0.00223632 -0.00325846 0.00565481 0.198136 0.00476077 3.13459
-0.000976507 -0.00839453 0.017821 0.198136 0.00476077 3.13459
-0.0215813 -0.00607185 0.00693248 1.76894 -0.00779891 1.57409
0.00203925 -0.00293246 0.00517024 -0.565131 -0.241793 1.57749
0.00286981 -0.00434939 0.00316155 -0.898281 0.33582 -1.59717
-0.00227394 -4.89055e-05 8.36831e-05 0.00075683 -4.57064e-05 0.0050931
-2.03731e-06 2.71745e-05 -9.50587e-06 0.000739015 -1.75321e-05 0.00509264
3.32599e-06 1.88359e-05 4.32902e-06 -0.860764 0.139756 -1.41456
3.46341e-06 1.65395e-05 5.16078e-05 -0.560946 0.163763 1.34931
0 0 0 0.198136 0.00476077 3.13459
0 0 0 0.198136 0.00476077 3.13459
0 0 0 1.76894 -0.00779891 1.57409
0 0 0 -0.565131 -0.241793 1.57749
0 0 0 -0.898281 0.33582 -1.59717
0 0 0 0.00075683 -4.57064e-05 0.0050931
0 0 0 0.000739015 -1.75321e-05 0.00509264
0 0 0 -0.860764 0.139756 -1.41456
0 0 0 -0.560946 0.163763 1.34931
0.00702922 -0.0019432 0.00916854 0.207193 0.0145275 -3.13274
0.022356 0.0220754 0.0472176 0.207193 0.0145275 -3.13274
-0.0412447 -0.0209872 0.0161797 1.77797 0.00567641 1.58684
0.0116684 0.000948848 -0.00360621 -0.550978 -0.193583 1.5602
0.00703088 0.0239363 0.0261671 -0.876989 0.26607 -1.54297
0.000672523 0.000527851 -0.00185966 -0.00824312 3.83209e-05 0.00176249
-4.97556e-06 3.02539e-05 -7.85284e-06 -0.00824971 2.06337e-05 0.00176927
2.23428e-05 3.34862e-05 -1.61723e-05 -0.857333 0.0621745 -1.37834
-2.4422e-05 3.11746e-05 -2.88841e-05 -0.554625 0.153101 1.38973
-0.00141911 -0.00311224 0.00433851 0.232295 0.0171416 -3.13744
-0.00107776 -0.00377026 0.0236018 0.232295 0.0171416 -3.13744
-0.0209406 -0.00601175 0.00913704 1.80306 9.0606e-05 1.58844
-0.00622624 -0.00321753 0.00464518 -0.557951 -0.194741 1.5781
0.00053094 -0.00183732 0.0138362 -0.870075 0.232229 -1.54877
-0.000411119 0.000585308 0.00246166 0.00366343 -9.47825e-08 0.00378285
3.74393e-06 -5.02887e-05 8.14368e-06 0.00362388 -4.32254e-06 0.00377481
1.08702e-05 -5.29608e-05 -3.75398e-06 -0.857342 0.0151916 -1.37781
-8.70812e-06 -5.76446e-05 1.81436e-05 -0.557774 0.166859 1.37004
