-0.243365 -0.398538 -0.0418056 0.191468 -0.0155373 3.0918
0.239373 -0.347079 -0.0422142 0.191468 -0.0155373 3.0918
2.59422 0.120039 -0.18083 1.76245 -0.045923 1.54607
-0.227897 -0.0805006 0.0196485 -0.071288 -0.190803 1.52221
0.21791 -0.0596052 0.0193634 -0.427179 0.210465 -1.49628
0.000491801 0.444235 0.0121749 0.055752 5.19142e-05 -0.00229021
-1.98041e-06 0.225697 -4.40289e-06 0.0557388 6.14267e-05 -0.00229486
0.163089 0.225688 3.59126e-06 -0.420068 -0.066525 -1.38096
-0.163081 0.225678 1.68772e-05 -0.0414988 0.0626209 1.36217
0 0 0 0.191468 -0.0155373 3.0918
0 0 0 0.191468 -0.0155373 3.0918
0 0 0 1.76245 -0.045923 1.54607
0 0 0 -0.071288 -0.190803 1.52221
0 0 0 -0.427179 0.210465 -1.49628
0 0 0 0.055752 5.19142e-05 -0.00229021
0 0 0 0.0557388 6.14267e-05 -0.00229486
0 0 0 -0.420068 -0.066525 -1.38096
0 0 0 -0.0414988 0.0626209 1.36217
0.00563377 0.0223716 -0.0293542 0.165329 -0.0220152 3.0896
-0.00839664 0.018198 -0.0191678 0.165329 -0.0220152 3.0896
-0.019375 -0.00557484 0.00295133 1.73628 -0.0476585 1.54052
0.000439766 0.0193964 -0.0143666 -0.0861508 -0.237941 1.5382
-0.00121971 0.0140313 -0.000803778 -0.433847 0.274725 -1.52043
-0.00012494 -0.000195923 -0.00261932 0.0438707 3.11848e-05 -0.00171677
2.26827e-07 -6.61645e-05 -2.28013e-06 0.0438973 3.63907e-05 -0.00171947
9.57694e-06 -5.79988e-05 2.73393e-06 -0.420415 -0.0669391 -1.37572
-2.54696e-06 -4.6943e-05 3.8661e-05 -0.0419746 0.0177467 1.34994
0 0 0 0.165329 -0.0220152 3.0896
0 0 0 0.165329 -0.0220152 3.0896
0 0 0 1.73628 -0.0476585 1.54052
0 0 0 -0.0861508 -0.237941 1.5382
0 0 0 -0.433847 0.274725 -1.52043
0 0 0 0.0438707 3.11848e-05 -0.00171677
0 0 0 0.0438973 3.63907e-05 -0.00171947
0 0 0 -0.420415 -0.0669391 -1.37572
0 0 0 -0.0419746 0.0177467 1.34994
0.000254606 -0.0115396 -0.0311634 0.165905 -0.0357367 3.08499
-0.00872421 -0.00793407 -0.0130294 0.165905 -0.0357367 3.08499
-0.0175375 -0.00384578 0.0121317 1.73681 -0.0499215 1.52621
-0.00623956 -0.0180061 -0.0142379 -0.104575 -0.293824 1.55855
0.000849528 -0.0104161 -0.00371121 -0.444415 0.307738 -1.55403
0.000338842 0.000763413 0.000319134 0.045188 5.01907e-05 -0.00325814
-1.23617e-06 5.1621e-05 -4.81911e-06 0.0451882 6.56829e-05 -0.00326332
-3.6294e-06 3.09336e-05 1.93999e-05 -0.420191 -0.0515751 -1.37986
9.8459e-06 2.09444e-05 4.73743e-06 -0.0419216 -0.0288372 1.34308
-0.00537875 0.00422906 -0.0417618 0.181715 -0.0669484 3.08138
-0.0122535 0.0087018 -0.00475406 0.181715 -0.0669484 3.08138
-0.0437021 -0.00343649 0.00735259 1.75231 -0.0471382 1.49409
-0.0106404 -0.0022606 -0.0192486 -0.135568 -0.366425 1.57568
-0.00724942 0.00921811 -0.00521332 -0.44586 0.305767 -1.57184
0.00062838 -0.000695326 0.00161852 0.0527052 0.000135965 -0.00611735
2.24691e-06 1.33949e-05 5.50243e-06 0.0526915 0.000156048 -0.00611735
-2.11963e-05 4.25828e-05 -1.60334e-06 -0.419429 -0.0347163 -1.39922
8.9563e-06 5.71756e-05 -2.73137e-06 -0.039639 -0.0887952 1.31205
-0.00566724 0.00615699 -0.0180739 0.193982 -0.0829903 3.08028
-0.00661522 -0.00148157 -0.000967177 0.193982 -0.0829903 3.08028
-0.0225298 0.00104221 0.00284461 1.7643 -0.0441878 1.47758
-0.005666 0.00544546 -0.0036621 -0.152872 -0.408063 1.5757
-0.00296818 -0.000973785 -0.00246132 -0.447329 0.300381 -1.58478
0.000213432 -0.000297727 0.000694733 0.0559109 0.000181873 -0.00708917
5.31172e-07 2.11778e-06 1.74008e-06 0.0559021 0.000194731 -0.00708931
-5.30698e-06 -5.59992e-06 -2.03693e-05 -0.419069 -0.0258125 -1.41036
-2.72876e-06 -9.15649e-06 -2.28235e-05 -0.0375773 -0.101305 1.29017
-0.000675034 0.00197734 -0.0186374 0.196671 -0.0908179 3.08101
-0.00327513 -0.00599857 -0.00114079 0.196671 -0.0908179 3.08101
-0.020134 9.43017e-05 0.00734346 1.76682 -0.0416984 1.46993
-0.00176735 -0.000906603 -0.00936938 -0.163852 -0.437364 1.57941
-0.00312475 -0.00662022 0.000938555 -0.44234 0.307734 -1.58534
0.000408869 0.000657888 0.000459876 0.0578771 0.00024814 -0.00893742
-2.9805e-07 1.57108e-05 -3.21301e-06 0.0578749 0.000255784 -0.00893649
1.78372e-05 1.05995e-05 1.59065e-05 -0.418674 -0.0285575 -1.42506
-1.52272e-05 4.70384e-06 9.32335e-06 -0.0370593 -0.130236 1.28563
-0.000325329 -0.00303968 -0.0156484 0.199864 -0.101327 3.08101
-0.00187372 -0.00552834 -0.00081421 0.199864 -0.101327 3.08101
-0.0193771 -0.00156169 0.0121529 1.76978 -0.0392997 1.45951
-0.00347378 -0.00550041 -0.00797942 -0.177377 -0.461466 1.59012
-0.000423604 -0.00474259 -0.00332893 -0.444275 0.298844 -1.59045
0.000222891 0.000594377 0.000371135 0.0594344 0.000278575 -0.00994206
-8.76112e-07 9.28971e-06 -1.58012e-06 0.0594314 0.000290841 -0.0099417
4.02783e-06 7.0828e-06 -1.27126e-05 -0.418582 -0.0165716 -1.42892
2.53576e-07 -5.4095e-06 8.00879e-06 -0.0362687 -0.152086 1.28007
0 0 0 0.199864 -0.101327 3.08101
0 0 0 0.199864 -0.101327 3.08101
0 0 0 1.76978 -0.0392997 1.45951
0 0 0 -0.177377 -0.461466 1.59012
0 0 0 -0.444275 0.298844 -1.59045
0 0 0 0.0594344 0.000278575 -0.00994206
0 0 0 0.0594314 0.000290841 -0.0099417
0 0 0 -0.418582 -0.0165716 -1.42892
0 0 0 -0.0362687 -0.152086 1.28007
0.00330326 0.0212846 -0.0228999 0.178848 -0.101223 3.08318
0.000930463 0.0231253 -0.00104254 0.178848 -0.101223 3.08318
-0.0247217 0.000530465 -0.00832959 1.74886 -0.0395132 1.46084
-0.000504827 0.015291 -0.00957611 -0.202379 -0.505346 1.60364
-0.00112582 0.0220142 0.0026117 -0.44299 0.31175 -1.5832
8.36447e-05 -0.0011385 -0.00051742 0.0575345 0.000301886 -0.0103791
-1.48436e-06 -6.27236e-05 -2.24537e-05 0.0575649 0.000300235 -0.0103791
1.20398e-05 -3.22223e-05 1.42164e-05 -0.418741 -0.0277253 -1.42143
-1.48247e-05 -6.23424e-06 -1.02031e-05 -0.0335979 -0.189347 1.26426
0.0075452 -0.000617788 -0.0123227 0.177583 -0.0976025 3.08502
0.000617161 -0.0109799 -0.00104246 0.177583 -0.0976025 3.08502
-0.0233027 2.69913e-06 0.00480544 1.74766 -0.0384734 1.46477
0.00334599 -0.00562959 -0.00244425 -0.21449 -0.538449 1.61893
0.000580733 -0.0118463 0.00157519 -0.440867 0.321132 -1.58311
-0.00028009 0.000163752 -0.00106117 0.052934 0.000201604 -0.00908136
-2.94657e-06 4.27924e-05 -4.2109e-05 0.0528947 0.000251168 -0.00907148
4.32225e-06 1.62149e-05 2.22667e-06 -0.418611 -0.0321509 -1.42574
-1.92291e-06 3.57095e-06 3.64638e-05 -0.036613 -0.194452 1.27998
0.000350741 -0.00216807 0.00262626 0.183221 -0.104334 3.0853
-0.00402444 -0.00276891 0.00408014 0.183221 -0.104334 3.0853
-0.0242656 0.00169455 0.00516406 1.75314 -0.0363833 1.458
-0.000823516 -0.00436206 0.00438736 -0.218389 -0.546453 1.62344
-0.00448825 -0.000638771 -0.00267544 -0.436528 0.297133 -1.58138
0.000428092 0.00132093 0.000331598 0.0541559 0.000256313 -0.0109774
4.17101e-06 9.82029e-06 1.49707e-05 0.0541382 0.000279702 -0.0109746
-1.77783e-06 1.03496e-05 -4.41874e-06 -0.418174 -0.0225318 -1.44208
6.16138e-06 -1.4877e-06 0.000367693 -0.0367753 -0.179583 1.28141
-0.000514762 0.00498021 -0.00326832 0.181808 -0.0958409 3.08722
-0.00128607 0.00560345 0.00564731 0.181808 -0.0958409 3.08722
-0.0265447 0.00347434 -0.00254038 1.75188 -0.0361858 1.46674
-0.000994122 0.0037919 -0.00223318 -0.223481 -0.550752 1.62535
-0.00438781 0.00587505 0.00490965 -0.426699 0.294455 -1.57038
0.000206643 -0.000706243 0.000902188 0.0580319 0.000362249 -0.0119222
2.12462e-06 2.64259e-06 4.60018e-05 0.0580334 0.000350071 -0.0119196
-4.30842e-06 1.85946e-05 1.76635e-05 -0.417735 -0.0411143 -1.45533
-1.19789e-05 3.9948e-05 -0.00038779 -0.0357163 -0.187039 1.27498
0.00130928 0.000710294 0.00476587 0.1782 -0.0865855 3.09128
-0.00349552 -0.00984266 -0.00300121 0.1782 -0.0865855 3.09128
-0.0260252 0.00357424 0.00245269 1.74843 -0.0341909 1.47669
0.00105418 -0.00143556 0.00330383 -0.222143 -0.550341 1.62668
-0.000372162 -0.0103891 -0.00136351 -0.428789 0.300296 -1.58146
-0.000598919 -0.000481652 -0.000725112 0.0548075 0.000265877 -0.0092103
2.39575e-07 4.47632e-06 2.98902e-06 0.054811 0.000255675 -0.00920624
-4.0814e-06 -5.54333e-06 -7.86118e-06 -0.417526 -0.0348059 -1.46087
1.69428e-06 -1.16342e-05 -7.97197e-06 -0.0365326 -0.176193 1.27951
0.00343176 -0.00467364 0.0065369 0.172507 -0.0707166 3.09475
-0.0010224 -0.00145976 0.00203335 0.172507 -0.0707166 3.09475
-0.0262441 0.00207644 0.00428006 1.74297 -0.0340245 1.49311
0.00358492 -0.0051956 0.00339961 -0.213353 -0.542989 1.62624
0.001273 -0.00179729 0.00300757 -0.430798 0.303754 -1.58962
0.00013417 0.00066201 -0.000912887 0.0505214 0.000274325 -0.00980221
-3.98342e-07 5.28679e-07 -5.63693e-07 0.050528 0.000253498 -0.00979829
-1.34473e-05 -2.80179e-06 -1.90812e-05 -0.417684 -0.0451663 -1.45705
1.75592e-05 -3.83531e-06 -1.81063e-07 -0.0391582 -0.16362 1.29497
-0.00196837 -0.0157494 0.021203 0.186021 -0.0637535 3.09532
0.00247545 -0.00696438 0.00795207 0.186021 -0.0637535 3.09532
-0.0274512 0.00479514 0.00875701 1.75654 -0.0336938 1.4996
-0.00178566 -0.00868719 0.00511045 -0.196605 -0.489298 1.62423
-0.00270876 -0.00525941 0.00247607 -0.421537 0.284381 -1.5712
0.000351762 0.000278159 0.00135745 0.056562 0.000329903 -0.0113735
7.25443e-07 -1.70264e-05 2.42191e-06 0.0565486 0.00032355 -0.011372
3.66161e-06 -2.52202e-05 4.83004e-05 -0.41712 -0.052816 -1.46846
-2.25326e-05 -3.19471e-05 4.6074e-05 -0.0394791 -0.144135 1.29699
0.00186577 -0.00270023 0.0106211 0.172844 -0.0471288 3.10087
0.00241553 0.00695866 0.00174308 0.172844 -0.0471288 3.10087
-0.0280229 0.00367653 0.00362259 1.74354 -0.032016 1.51737
0.00600684 -0.00111201 0.00730488 -0.178823 -0.478246 1.60957
0.00119652 0.00740299 0.000150952 -0.422497 0.278761 -1.56691
-0.000139797 0.000659445 -0.00131149 0.0504586 0.000289454 -0.0107105
-3.29358e-07 -8.6369e-06 1.24966e-06 0.0504701 0.000273808 -0.0107061
-1.02366e-05 -1.42911e-07 -5.16987e-05 -0.417502 -0.0548607 -1.46148
2.46931e-05 7.82227e-06 -4.77546e-05 -0.0419333 -0.122167 1.3156
0.000232926 -0.017577 0.024389 0.183942 -0.027766 3.10735
0.00583195 -0.0067107 0.0103882 0.183942 -0.027766 3.10735
-0.0286731 0.00358495 0.0107559 1.75475 -0.0285838 1.53724
0.00977529 -0.0107745 0.00998405 -0.138622 -0.429366 1.57629
0.00343996 -0.00473295 0.00310643 -0.423032 0.253171 -1.55856
-0.000659307 -0.000919187 -0.000131131 0.0500748 0.000217726 -0.00774338
5.21611e-07 -3.13603e-06 -1.23454e-06 0.0500633 0.000198911 -0.00773656
-1.61183e-05 -6.25918e-06 1.07801e-06 -0.418111 -0.0647232 -1.45128
1.50396e-05 -1.50319e-05 -1.33113e-05 -0.0457892 -0.0896077 1.352
-0.00702473 -0.0164498 0.0366928 0.201804 -0.0184679 3.11053
0.000592282 -0.00433809 0.0123455 0.201804 -0.0184679 3.11053
-0.029447 0.0061197 0.0111664 1.77264 -0.0267329 1.54648
0.00155666 -0.00656566 0.015271 -0.11077 -0.356569 1.5479
-0.00158117 -0.00204398 0.00267195 -0.419486 0.219492 -1.5511
-0.0012346 0.00257723 0.00166885 0.0571388 7.97814e-05 -0.00204593
3.68087e-06 -1.77343e-05 -1.26637e-05 0.0571077 6.47767e-05 -0.00203977
8.56458e-06 -2.58887e-05 3.89817e-05 -0.417668 -0.0734221 -1.4576
-3.5419e-05 -3.09292e-05 5.93278e-05 -0.0463872 -0.0435247 1.36075
