-0.181767 -0.414338 -0.135881 0.209645 0.222511 3.12733
0.229692 -0.397211 -0.0507303 0.217446 0.215068 3.12803
2.31765 0.351937 -0.117357 1.78354 -0.0593197 1.77809
-0.216966 -0.115595 -0.0328865 -0.600572 -0.354018 1.69846
0.228997 -0.0966264 0.0529059 -0.40239 0.332055 -1.56848
-0.00152792 0.437064 0.00383855 0.0179471 -8.49412e-05 0.00701586
-2.12245e-06 0.220182 -1.94366e-05 0.0179332 -7.07604e-05 0.00701399
0.163024 0.220186 2.66435e-05 -0.384535 -0.16196 -1.36548
-0.163013 0.220191 6.98764e-05 -0.518242 -0.0966653 1.41148
0.00302358 0.000964284 -0.00794459 0.217446 0.215068 3.12803
0 0 0 0.217446 0.215068 3.12803
0 0 0 1.78354 -0.0593197 1.77809
0 0 0 -0.600572 -0.354018 1.69846
0 0 0 -0.40239 0.332055 -1.56848
0 0 0 0.0179471 -8.49412e-05 0.00701586
0 0 0 0.0179332 -7.07604e-05 0.00701399
0 0 0 -0.384535 -0.16196 -1.36548
0 0 0 -0.518242 -0.0966653 1.41148
-0.00412163 0.00596759 -0.00137074 0.229901 0.206478 3.12832
-0.000329348 0.00960393 0.00911067 0.229901 0.206478 3.12832
-0.0207444 -0.00242561 0.00179813 1.79614 -0.0596748 1.76902
-0.00345205 0.00521786 0.0015538 -0.603997 -0.363463 1.69656
-0.0048251 0.0108702 0.00306626 -0.391184 0.312686 -1.5536
-0.000220542 -0.000965648 0.00136631 0.0253644 -0.000237366 0.00818164
1.9198e-05 -4.6514e-05 -0.000216425 0.0253387 -0.000218423 0.0081767
-1.5293e-06 -8.43637e-06 -6.7477e-06 -0.383141 -0.177398 -1.37352
-2.13781e-05 1.28544e-05 9.58632e-05 -0.517016 -0.0936558 1.39892
-0.000931059 0.00562712 -0.00378383 0.221711 0.194756 3.12964
0.00143233 0.00574302 -0.00834427 0.221711 0.194756 3.12964
-0.020146 -0.00212187 -0.00237779 1.78858 -0.0542417 1.75832
-0.000244933 0.00512267 -0.00101535 -0.605923 -0.372159 1.69449
-0.00190032 0.00385045 -0.00381386 -0.387552 0.328044 -1.54239
0.00114824 -0.000830263 0.000282889 0.025654 -5.35017e-05 0.00280428
-1.63718e-05 4.08699e-05 0.000229014 0.0256637 -3.98022e-05 0.00280777
-3.84435e-06 7.30151e-06 -2.53068e-06 -0.382522 -0.167758 -1.37711
1.84398e-06 1.16558e-05 -3.19716e-05 -0.516674 -0.097996 1.39555
-0.00414707 0.00486906 -0.00880487 0.209955 0.191099 3.1294
-0.000297228 0.00243844 -0.00426832 0.209955 0.191099 3.1294
-0.0192981 -0.00336405 0.000518542 1.77716 -0.0515298 1.7553
0.00184818 0.00132394 -0.0019494 -0.599444 -0.396938 1.67578
0.00193126 0.00154688 -0.00191926 -0.357414 0.336021 -1.54975
0.000543964 -0.00110528 -0.000476344 0.0235708 -8.59966e-06 0.000267805
-4.45103e-07 -4.02701e-06 -9.24139e-07 0.0235845 -4.44934e-06 0.000270186
1.00458e-05 -8.36098e-06 5.28059e-07 -0.341242 -0.162236 -1.36998
2.25872e-06 -3.32919e-05 -7.50882e-05 -0.517223 -0.1041 1.40036
0.000835594 -0.00340394 -0.00178715 0.206225 0.187092 3.13313
0.000395963 -0.0043802 -0.00224928 0.206225 0.187092 3.13313
-0.0181328 -0.00332737 0.00721423 1.7736 -0.0463845 1.75231
0.00112751 -0.0049887 0.000784114 -0.596965 -0.406322 1.67536
0.000377599 -0.0045748 -0.00191031 -0.3579 0.337336 -1.54968
-0.000863375 0.00256551 -0.00123141 0.0175729 -4.24479e-05 0.00425365
4.51241e-08 1.11004e-05 2.85212e-06 0.0175768 -3.83945e-05 0.00425819
3.1317e-06 5.19317e-06 -1.38221e-05 -0.340931 -0.15401 -1.37174
-5.07427e-06 -1.19293e-05 6.654e-06 -0.517824 -0.100364 1.40623
-0.00614525 -0.00558035 0.00542095 0.211065 0.173991 3.13478
-0.00270261 -0.00136179 0.00634373 0.211065 0.173991 3.13478
-0.0200351 -0.00216533 0.0089972 1.77883 -0.0429402 1.7396
0.000123066 -0.00433548 0.00599561 -0.583372 -0.407166 1.65368
-0.000344836 0.000303746 0.00148708 -0.359128 0.321065 -1.55764
0.00117558 -0.000519712 0.00020057 0.01857 -9.06278e-06 -0.00117249
4.50349e-07 6.80628e-06 -3.91237e-06 0.0185649 5.28435e-06 -0.00117164
-1.2716e-05 -1.56611e-06 2.77256e-05 -0.340824 -0.158763 -1.37259
8.94838e-06 5.18428e-06 -2.23011e-06 -0.518028 -0.0814753 1.40867
0.00157507 -0.00570897 0.0068762 0.213154 0.1764 3.13894
0.00418917 0.00481072 0.00894915 0.213154 0.1764 3.13894
-0.0217519 -0.00302831 0.00411331 1.78076 -0.0397255 1.74273
0.000682528 0.000113543 0.00129066 -0.581808 -0.384102 1.65504
-0.00108353 0.00649184 0.00313927 -0.351758 0.301906 -1.54026
0.000284738 -0.000647297 0.000238004 0.0197409 2.82837e-05 -0.00249759
-4.61365e-08 1.16504e-06 -3.64085e-07 0.0197386 2.56099e-05 -0.00249337
8.78693e-06 1.25164e-05 -6.78021e-06 -0.340911 -0.172177 -1.37192
-8.73486e-06 1.63815e-05 1.23844e-05 -0.518229 -0.0780665 1.41066
-0.00539401 -0.00198023 0.0162816 0.223147 0.173498 -3.14158
-0.00119817 0.00567955 0.0091311 0.223147 0.173498 -3.14158
-0.0251499 0.00171399 -0.00234444 1.7907 -0.0382024 1.74008
-0.0021251 0.0023148 0.00792277 -0.574176 -0.355475 1.64312
-0.00820486 0.00639477 0.00567489 -0.331584 0.290493 -1.51725
-0.00142676 0.0014934 0.00154287 0.0266946 -5.9116e-05 0.00412261
1.02951e-06 -9.07169e-06 3.05893e-06 0.0266838 -5.58663e-05 0.00412363
5.03663e-06 -6.36922e-06 -1.98898e-05 -0.336736 -0.195137 -1.39481
-9.51675e-06 7.11689e-06 -3.59194e-05 -0.517734 -0.0545992 1.40333
-0.00321717 -0.00672021 0.00808783 0.227228 0.182749 3.14038
-0.000935493 -0.00719373 0.00792171 0.227228 0.182749 3.14038
-0.022665 -0.001329 0.00633327 1.79438 -0.0421358 1.74868
0.00021697 -0.0066354 0.00337686 -0.566445 -0.341919 1.63181
0.000706593 -0.0057905 0.00351164 -0.331918 0.275958 -1.52288
0.000211023 -0.00114228 0.00010854 0.027317 -3.28184e-05 0.00314096
-9.99133e-07 7.52211e-06 -6.03066e-07 0.0273138 -4.00838e-05 0.00313943
-5.53557e-06 1.31247e-06 2.24549e-05 -0.336526 -0.202605 -1.39583
9.9984e-06 -1.06106e-05 2.82431e-06 -0.517945 -0.0437336 1.40715
-0.0056072 -0.00814365 0.0161751 0.235692 0.184441 -3.14133
-0.00240917 -0.00737451 0.0104066 0.235692 0.184441 -3.14133
-0.0228454 0.00140351 0.00909306 1.80264 -0.0425825 1.75031
-0.00340152 -0.00487744 0.00542177 -0.562034 -0.307141 1.62398
0.000698862 -0.00478752 0.00098961 -0.334427 0.245224 -1.53339
0.000180243 0.00245018 0.00033072 0.0286296 -2.96469e-05 0.0023247
2.8441e-06 -1.05873e-06 -6.74721e-06 0.0286168 -3.22204e-05 0.0023246
4.57034e-06 -3.31102e-06 -1.5258e-05 -0.336448 -0.202524 -1.39629
-1.77466e-05 -1.21971e-05 2.42268e-05 -0.517674 -0.0275542 1.39983
-0.00454319 -0.0135591 0.0170616 0.239036 0.189989 -3.14054
-0.00197584 -0.00737572 0.00667534 0.239036 0.189989 -3.14054
-0.0232502 0.00296097 0.0117799 1.80568 -0.0437 1.75576
-0.00458712 -0.00843237 0.00492971 -0.560026 -0.266541 1.62325
-0.00500323 -0.00632544 0.00196384 -0.324357 0.229896 -1.5237
-0.00124008 -0.00187924 -0.000151529 0.0281777 -0.000102965 0.00808929
-2.86199e-07 5.33615e-06 3.39101e-06 0.0281725 -0.00011158 0.00808956
-3.41261e-06 1.69354e-06 9.49373e-06 -0.332542 -0.205146 -1.41558
-4.6977e-06 -1.66265e-06 -3.81904e-07 -0.517508 -0.0130427 1.39119
-0.00603168 -0.00236745 0.0171876 0.242743 0.190179 -3.13799
-0.00237577 0.00386598 0.00934743 0.242743 0.190179 -3.13799
-0.0246982 0.00219379 0.00852915 1.80929 -0.0419521 1.75638
0.00154669 0.000235864 0.00970615 -0.546472 -0.242355 1.5987
-0.00268478 0.00592985 -0.000564278 -0.322701 0.197905 -1.52303
0.00149384 -0.000919103 -0.000275038 0.0269329 -1.54003e-05 0.00115811
-1.55927e-06 -1.59073e-07 4.33204e-06 0.0269296 -1.55747e-05 0.00115977
7.36254e-06 6.57515e-06 -1.60862e-05 -0.331388 -0.207422 -1.42124
-4.29219e-06 1.05144e-05 1.3503e-05 -0.517491 0.0141575 1.39537
-0.00839327 0.00199297 0.0251804 0.259698 0.184848 -3.13514
0.000611411 0.00202399 0.00999233 0.259698 0.184848 -3.13514
-0.0269248 0.00336776 0.00516942 1.82619 -0.0409757 1.75121
0.0034269 0.0057998 0.0160684 -0.527984 -0.212391 1.56117
0.00118812 0.00363794 0.00191251 -0.3248 0.171897 -1.52512
0.000321627 -2.96355e-05 0.0015698 0.0342016 -9.88062e-08 -0.000331826
7.95046e-08 -2.91899e-05 6.89116e-07 0.0341869 4.53071e-06 -0.000332105
-6.75483e-07 -2.73247e-05 -1.53103e-06 -0.332584 -0.215849 -1.41557
1.08297e-05 -1.61357e-05 -3.88744e-05 -0.517236 0.0603911 1.40208
0.000290879 -0.00393347 0.014637 0.257305 0.189596 -3.13162
0.00422666 -0.00267761 -0.000250944 0.257305 0.189596 -3.13162
-0.0246774 0.00164053 0.00561631 1.82358 -0.0383186 1.75679
0.00120975 -0.00266374 0.00739365 -0.523112 -0.189757 1.55833
-7.78151e-05 -0.00269508 -0.00135331 -0.322871 0.168474 -1.5113
0.000591583 0.00185544 -0.000725771 0.0305969 5.22681e-05 -0.00305327
-2.78044e-08 1.47923e-05 -1.15605e-06 0.0305991 4.78232e-05 -0.00304953
-1.18082e-06 1.44973e-05 1.58053e-06 -0.332237 -0.209838 -1.41721
-7.57103e-06 1.15843e-05 3.68221e-05 -0.516925 0.0807439 1.40676
-0.00151635 -0.0032145 0.0184604 0.267485 0.194174 -3.13094
-0.00194767 -0.00301078 0.00409287 0.267485 0.194174 -3.13094
-0.0234144 0.00239701 0.00985341 1.83336 -0.0407386 1.761
-0.00156404 -0.00142091 0.00997205 -0.519974 -0.163071 1.55855
-0.000957001 -0.00256512 0.00204335 -0.321396 0.161792 -1.51459
-0.000749309 -0.00215583 9.32045e-06 0.0309563 4.9904e-07 0.00040475
4.25149e-07 -1.20195e-07 -9.22547e-07 0.0309452 -4.72131e-06 0.000403333
2.20563e-07 -2.74334e-06 5.5328e-07 -0.331338 -0.214385 -1.42149
-7.08142e-06 -1.55803e-05 1.44727e-05 -0.517287 0.108254 1.40306
-0.00215899 -0.000557509 0.00515274 0.267306 0.205805 -3.12697
0.00415523 0.00314957 -0.00303267 0.267306 0.205805 -3.12697
-0.0211874 0.00144566 0.0075203 1.83254 -0.039879 1.77328
0.0014184 0.000844693 0.00344894 -0.515808 -0.157197 1.54749
0.00222493 0.00248427 0.00023713 -0.322805 0.172266 -1.50828
-0.00102462 0.000121231 8.34316e-05 0.0314587 -4.98515e-05 0.00520706
4.12052e-06 8.97612e-06 -1.29481e-05 0.0314592 -7.13225e-05 0.00521446
-1.71165e-05 8.04855e-06 2.42795e-05 -0.333121 -0.216696 -1.4131
2.05633e-05 1.54258e-05 -3.61284e-05 -0.516896 0.118313 1.40658
-0.00383228 0.00755162 0.00388989 0.273125 0.220017 -3.12661
0.000297643 -0.0143309 -0.0101759 0.273125 0.220017 -3.12661
-0.0242009 0.00121964 0.00104915 1.83745 -0.0444498 1.78686
-0.00190972 0.00815642 0.00372653 -0.515414 -0.156438 1.54159
0.00480248 -0.0129933 -0.00108465 -0.329393 0.199732 -1.52291
-0.000716033 -0.00121855 0.000975362 0.0361076 -0.000126007 0.00854892
-2.85034e-06 -2.06535e-06 7.91616e-06 0.0360996 -0.000146234 0.00854768
-8.56402e-06 1.08251e-05 -1.67202e-07 -0.334897 -0.204459 -1.40461
1.13509e-05 2.51002e-05 -1.79384e-06 -0.518063 0.131382 1.39729
-0.00289098 0.0229782 -0.0017014 0.269942 0.238727 -3.12561
0.000155933 -0.018334 -0.0125487 0.269942 0.238727 -3.12561
-0.0200201 0.000315783 0.00379791 1.83321 -0.0476656 1.80534
0.00289194 0.0168545 0.00250986 -0.509794 -0.172189 1.52278
0.00223029 -0.0185767 -0.00207932 -0.331449 0.231863 -1.52951
0.000283411 0.00182036 -0.000994838 0.0311694 -7.85083e-05 0.00715385
-7.17142e-07 5.4159e-06 1.81511e-06 0.0311735 -0.000102135 0.00715603
-1.72587e-05 -7.03045e-07 5.73486e-06 -0.334393 -0.187503 -1.40715
1.73508e-05 -8.45798e-06 -1.14055e-06 -0.518117 0.145839 1.39699
-0.00508656 0.00730557 -0.00269745 0.268989 0.24767 -3.1258
-0.00136491 -0.0193274 -0.0163313 0.268989 0.24767 -3.1258
-0.0175229 0.000328549 0.00989748 1.83172 -0.0499369 1.81399
0.00393547 0.00298061 0.00284778 -0.499452 -0.191319 1.49334
0.00367638 -0.0169555 -0.00737344 -0.340059 0.257065 -1.54581
-0.000151951 -0.000491614 0.00054708 0.0337855 -0.000115698 0.00787527
1.04823e-07 6.6879e-06 -5.76009e-07 0.0337869 -0.000127951 0.00787532
1.48628e-05 -7.38941e-06 -5.32825e-06 -0.334825 -0.158398 -1.40475
-1.14602e-05 -1.52334e-05 -2.44128e-06 -0.516526 0.156023 1.40738
