-0.312871 -0.342367 -0.141458 0.287473 -0.112129 3.02228
0.126814 -0.391572 -0.108373 0.287473 -0.112129 3.02228
2.73898 0.0760134 -0.10343 1.85743 -0.0827362 1.42956
-0.278178 -0.0579166 -0.013156 -0.414104 -0.421007 1.44943
0.177957 -0.0934785 -0.00249597 -0.779543 0.336746 -1.74071
0.00257563 0.456035 0.00781496 0.0351507 0.000209187 -0.0115561
-1.42893e-06 0.232592 -1.03934e-05 0.0351714 0.000204413 -0.0115546
0.170918 0.232592 9.3141e-06 -0.759665 0.00787348 -1.5493
-0.170892 0.232584 8.86054e-05 -0.342227 -0.0427631 1.21701
0 0 0 0.287473 -0.112129 3.02228
0 0 0 0.287473 -0.112129 3.02228
0 0 0 1.85743 -0.0827362 1.42956
0 0 0 -0.414104 -0.421007 1.44943
0 0 0 -0.779543 0.336746 -1.74071
0 0 0 0.0351507 0.000209187 -0.0115561
0 0 0 0.0351714 0.000204413 -0.0115546
0 0 0 -0.759665 0.00787348 -1.5493
0 0 0 -0.342227 -0.0427631 1.21701
0.0126157 -0.00899582 0.00216616 0.30727 -0.113999 3.03652
0.0093747 -0.0106302 0.0137569 0.30727 -0.113999 3.03652
-0.0253938 -0.00371366 0.00223281 1.87669 -0.0658029 1.43049
-0.000669495 -0.00594224 0.00391574 -0.431418 -0.423791 1.49647
0.00195632 -0.0116931 -0.00167124 -0.778143 0.292624 -1.71695
-0.000441093 -0.000210948 0.00363785 0.0513991 0.00023805 -0.00956402
1.12895e-06 -4.53657e-05 2.74959e-06 0.0513734 0.000243174 -0.00954226
-1.69404e-05 -3.10831e-05 2.0336e-05 -0.75965 0.0124436 -1.54412
4.75822e-06 -3.26503e-05 -4.23994e-05 -0.342427 -0.029449 1.2215
0.0141374 0.0139941 -0.0183793 0.275108 -0.104405 3.04582
0.00107661 -0.00328687 -0.0148321 0.275108 -0.104405 3.04582
-0.0224783 -0.0029538 -0.00821835 1.84494 -0.0638946 1.44439
0.00286193 0.0111782 -0.00684979 -0.459245 -0.461265 1.53523
0.00748417 -0.00723979 -0.00287421 -0.790053 0.331708 -1.74022
-0.000355456 -0.000609058 -0.00239878 0.0407887 0.000180232 -0.00800271
-3.61172e-07 -6.49757e-05 -6.58604e-07 0.0408222 0.000166714 -0.00799643
-5.59922e-06 -6.99065e-05 -2.04224e-05 -0.759321 0.0204894 -1.52299
5.4181e-06 -3.97329e-05 5.44967e-06 -0.342291 -0.0531014 1.21769
0.00938407 -0.00791459 0.00398941 0.275163 -0.0992735 3.05806
0.000823153 -0.0146841 0.000459355 0.275163 -0.0992735 3.05806
-0.0203686 -0.000581427 0.00838718 1.84498 -0.0534832 1.45264
0.00364637 -0.00510843 0.00116278 -0.459441 -0.449625 1.55551
0.00203502 -0.00922598 0.00153731 -0.790484 0.329208 -1.74112
-0.000993612 0.00073703 1.25649e-05 0.0406744 7.65324e-05 -0.00350456
1.50456e-06 7.04892e-05 2.73054e-06 0.040674 7.20038e-05 -0.00349369
-7.03015e-07 6.02038e-05 1.77401e-05 -0.759274 0.0156115 -1.51851
-1.27702e-05 2.85742e-05 -1.12741e-05 -0.343182 -0.0486438 1.23464
0.00118039 -0.0081644 0.00820273 0.284293 -0.0912355 3.0673
0.00349445 0.0158406 0.0208905 0.284293 -0.0912355 3.0673
-0.0257163 0.00344686 0.00581084 1.85418 -0.0457785 1.46245
0.00402441 -0.00438905 0.00206378 -0.443688 -0.42716 1.54595
-0.00152316 0.0233784 0.00885358 -0.780271 0.287275 -1.72102
0.000813993 0.000788958 0.00103886 0.0453042 0.000176869 -0.00708697
2.68691e-06 2.53044e-05 -1.59018e-05 0.0452901 0.000166083 -0.00707218
-3.92308e-06 3.43668e-05 1.87918e-05 -0.759302 -0.00994541 -1.5194
-1.15177e-05 3.70868e-05 3.31437e-05 -0.343995 -0.0416754 1.25163
-0.00143868 -0.00339389 0.0165721 0.296804 -0.0933857 3.07061
-0.000296244 0.00957141 0.0142985 0.296804 -0.0933857 3.07061
-0.0260481 0.00401269 0.00409255 1.86652 -0.0406273 1.4608
0.00225626 -0.00144451 0.00952866 -0.427517 -0.404387 1.53352
-0.000396047 0.0130953 0.00753554 -0.775317 0.264229 -1.71902
0.000924492 -0.000267326 0.00232145 0.0555647 0.000308614 -0.0112388
-2.34429e-06 1.75262e-05 1.57727e-05 0.055554 0.000311137 -0.0112349
1.67234e-05 1.17153e-05 -4.10462e-05 -0.759365 -0.0341127 -1.51858
-5.73129e-06 2.33443e-05 -2.5124e-05 -0.344211 -0.0109023 1.26001
0.000925435 -0.00894682 0.00869241 0.285706 -0.0890791 3.07511
0.00099684 0.00170508 0.00110184 0.285706 -0.0890791 3.07511
-0.0246892 0.00139019 0.00490932 1.85556 -0.0387361 1.46664
0.00255811 -0.00725795 0.0031583 -0.415902 -0.386244 1.52821
-0.00148287 0.00317429 -0.00020949 -0.772496 0.259447 -1.71052
-3.27728e-05 0.000313336 -0.00184019 0.0473271 0.000267833 -0.0110945
-5.6707e-07 1.47117e-05 -7.36689e-07 0.0473368 0.000263397 -0.0110913
5.5669e-06 1.3978e-05 1.40936e-06 -0.759244 -0.0337406 -1.52279
1.23633e-07 1.1706e-05 1.05226e-05 -0.344321 -0.000759313 1.27469
0.00495172 -0.0197617 0.0226449 0.303268 -0.0757631 3.08848
0.00561426 -0.00942436 0.0170301 0.303268 -0.0757631 3.08848
-0.0258051 0.00192731 0.0155474 1.87329 -0.0280923 1.48266
0.00201582 -0.0156239 0.00726282 -0.404775 -0.336492 1.5386
-0.00284792 -0.00522531 0.00578606 -0.762673 0.223613 -1.68226
-0.000669622 0.000279361 0.00103251 0.0519058 0.000229592 -0.00807054
1.66832e-06 -3.92426e-05 -6.31086e-06 0.0518837 0.00021454 -0.00805254
-3.46518e-05 -5.49788e-05 5.92582e-05 -0.758843 -0.0511005 -1.53235
8.25403e-06 -9.46031e-05 5.36801e-05 -0.344228 0.0209858 1.29414
0.00644804 -0.0109368 0.0184253 0.300756 -0.0648222 3.09646
0.0105454 -0.00357184 0.00387498 0.300756 -0.0648222 3.09646
-0.0255732 0.000976842 0.0101372 1.87099 -0.0239252 1.49554
0.00997385 -0.00842681 0.0067986 -0.382177 -0.298984 1.52721
0.00268633 -0.00179972 0.000229834 -0.760841 0.211992 -1.65708
-0.000796055 -0.000624538 -0.000322556 0.050589 0.000129235 -0.00456407
-1.48483e-06 3.19539e-05 4.96703e-06 0.0505911 0.000117942 -0.0045561
1.17802e-05 4.56649e-05 -5.86781e-05 -0.759319 -0.0517547 -1.52426
1.26338e-05 7.97815e-05 -8.9865e-05 -0.34308 0.0410592 1.32945
0.00576437 -4.77473e-05 0.0206145 0.288551 -0.0503866 3.10723
0.00831511 0.00550549 -0.00244669 0.288551 -0.0503866 3.10723
-0.0264971 0.00235775 0.0028059 1.85903 -0.0186171 1.51272
0.0122236 0.00279026 0.00782717 -0.360013 -0.257235 1.50644
0.00193446 0.00599606 -0.00186401 -0.760019 0.213762 -1.63697
0.000267877 0.000317317 -0.000800802 0.0470186 0.000160642 -0.00573263
8.91938e-07 -4.84746e-06 -3.59788e-06 0.0470348 0.000139975 -0.00571861
-1.1858e-05 -1.26761e-07 3.66177e-06 -0.759695 -0.0467746 -1.51722
2.80842e-06 9.82963e-06 5.18758e-05 -0.341335 0.0650879 1.36322
0.00273199 -0.00315534 0.0201005 0.288383 -0.0322486 3.1135
0.000440472 -0.00474064 -0.00343223 0.288383 -0.0322486 3.1135
-0.025584 0.00301753 0.0074116 1.85908 -0.0177587 1.5319
0.00759501 -0.000895394 0.00723779 -0.346346 -0.215631 1.49115
-3.2429e-05 -0.00676044 0.00524819 -0.754778 0.241132 -1.63591
-0.00107582 -0.00076793 0.00017423 0.0478926 4.6339e-05 -0.000946712
-4.24548e-07 2.28539e-05 4.83299e-06 0.0478922 2.65917e-05 -0.000939882
-8.68159e-06 1.9033e-05 -4.78123e-06 -0.759664 -0.0620716 -1.51842
1.52809e-05 1.1467e-05 -5.65347e-05 -0.33959 0.0871013 1.38617
-0.00319073 0.0118247 0.010352 0.273157 -0.019487 3.12036
-0.00208512 0.014398 -0.00735131 0.273157 -0.019487 3.12036
-0.0253435 0.0030041 -0.00321915 1.84394 -0.0151862 1.54631
0.0035798 0.0124428 0.00325486 -0.339816 -0.192759 1.46944
0.00319407 0.013712 -0.00624069 -0.763914 0.244664 -1.65273
2.08971e-05 -0.000340186 0.000571012 0.0505734 4.94473e-05 -0.00103201
8.05442e-07 -1.90917e-05 -5.60404e-06 0.0505938 3.14688e-05 -0.00102315
-5.41643e-06 2.58273e-05 0.000102502 -0.760318 -0.0442631 -1.50576
-2.57774e-05 3.29821e-05 0.00011273 -0.33928 0.100377 1.39014
-0.00367808 -0.00391253 0.00932089 0.271029 -0.00137221 3.12354
-0.00561848 -0.00819312 -0.00879661 0.271029 -0.00137221 3.12354
-0.0224897 0.00299595 0.00945169 1.84187 -0.0170286 1.56464
-0.00457825 -0.00230058 0.0017901 -0.343828 -0.168366 1.47285
0.00365126 -0.0127269 -0.00649852 -0.77638 0.254367 -1.68352
-9.02502e-06 0.000316822 -0.000963042 0.0462328 6.25144e-05 -0.000984142
4.00413e-07 2.71263e-05 -1.81852e-06 0.0462357 3.26744e-05 -0.000978959
-1.64947e-06 -2.64622e-05 -3.59676e-05 -0.760646 -0.0224665 -1.49701
8.93696e-06 -4.27126e-05 -3.02402e-05 -0.340637 0.105016 1.37736
-0.00312561 0.00210239 0.0120542 0.275202 0.0144339 3.12455
-0.00954538 -0.00753337 -0.00715782 0.275202 0.0144339 3.12455
-0.0225871 0.000823518 0.00872832 1.84603 -0.0203217 1.58006
0.00107364 0.00301184 0.00391983 -0.340351 -0.142204 1.45972
0.00339723 -0.0130261 0.00128137 -0.787194 0.282977 -1.72731
4.38178e-05 -0.00014394 0.000178286 0.0470573 6.44344e-05 -0.00120319
-1.17913e-06 9.56713e-06 -1.06349e-06 0.04705 3.82964e-05 -0.00120156
1.38793e-05 1.54907e-05 -6.13361e-05 -0.760895 -0.025611 -1.48983
5.18731e-06 1.34474e-05 9.89701e-06 -0.340495 0.118156 1.37885
-0.000168571 0.00173253 0.0109636 0.280298 0.0323661 3.12586
-0.00157361 -0.00386032 -0.0037786 0.280298 0.0323661 3.12586
-0.0231589 -0.000953004 0.00474669 1.85103 -0.02407 1.59755
0.00298074 0.00226687 0.00492758 -0.335957 -0.122806 1.44991
-0.000142178 -0.00520758 -0.0062069 -0.792851 0.276296 -1.73249
-4.33502e-05 -0.000488134 0.00178366 0.0550858 5.95673e-05 -0.00102536
-9.07121e-07 1.55306e-06 5.20214e-06 0.0550787 3.5737e-05 -0.00102378
-3.40294e-06 5.47263e-06 -1.58146e-06 -0.760899 -0.00689005 -1.49148
1.15386e-05 2.14198e-05 -5.74207e-05 -0.339482 0.134745 1.38673
-0.00299874 -0.00364281 -0.00323249 0.271292 0.0559933 3.12646
8.41369e-05 -0.000550263 -0.0115997 0.271292 0.0559933 3.12646
-0.0224785 0.000460336 0.00294956 1.84178 -0.0295786 1.6207
-0.00272237 -0.00256703 0.00219176 -0.336933 -0.139382 1.44945
-0.00117129 -0.00277984 -0.00407798 -0.793549 0.30102 -1.7296
-0.000468903 0.000314223 -1.41326e-05 0.0549119 1.45618e-06 0.00108629
5.16952e-07 -3.28679e-06 2.72977e-06 0.0549209 -2.3301e-05 0.00108732
-2.39241e-05 -2.79945e-06 1.5702e-08 -0.760923 0.00519833 -1.49545
1.40682e-05 7.31025e-06 4.67377e-05 -0.340509 0.140079 1.37976
0.000593861 -0.000280226 -0.00689777 0.266962 0.0776377 3.1277
0.00179102 -0.00489603 -0.00905052 0.266962 0.0776377 3.1277
-0.0195329 -0.00334826 0.0106488 1.8371 -0.0338643 1.64204
0.00282564 -0.000783437 0.000284045 -0.332528 -0.161882 1.44219
0.00099614 -0.00674447 -0.00453631 -0.79636 0.316739 -1.72801
0.000532843 0.000864423 6.00138e-05 0.0550067 7.42048e-05 -0.00131496
-1.08408e-06 8.02835e-06 -3.12365e-06 0.0550121 4.55139e-05 -0.00131294
-2.2128e-06 1.6055e-06 1.13586e-06 -0.760936 0.0177889 -1.49406
2.09288e-05 -4.54127e-05 2.53912e-05 -0.339281 0.140788 1.38884
0.00486553 -0.00788977 -0.00139132 0.27045 0.0927822 3.12902
0.00404084 0.00339453 -0.00690721 0.27045 0.0927822 3.12902
-0.0216333 -0.00252037 0.00623308 1.84025 -0.0368754 1.65688
0.00125895 -0.00485812 0.00552759 -0.329852 -0.181839 1.45475
0.00480111 0.0010608 -0.00323367 -0.803445 0.329451 -1.73168
-0.000939888 -3.54611e-05 0.00105839 0.0596994 -6.27246e-05 0.00288443
4.566e-07 7.6697e-07 1.50311e-06 0.0596951 -8.03379e-05 0.00288562
1.91675e-05 4.84744e-06 2.49122e-05 -0.760643 0.027122 -1.48018
-2.71327e-05 3.72948e-05 -7.4886e-05 -0.338218 0.155763 1.39549
0.00461045 -0.00302149 -0.00302733 0.262139 0.0974321 3.13014
0.00150636 0.00535055 -0.0193773 0.262139 0.0974321 3.13014
-0.0204563 -0.00103625 0.00799452 1.83184 -0.0362807 1.66197
0.000150154 -0.00167825 0.00260791 -0.330262 -0.198559 1.46923
-8.01317e-05 -0.00265381 -0.00412431 -0.804446 0.383595 -1.73071
-0.000394291 0.000519942 -0.00128084 0.0539626 -0.000114772 0.00465002
1.21277e-06 -2.51037e-06 -8.8036e-06 0.0539754 -0.000122277 0.00465301
2.32879e-05 -8.36953e-06 1.45837e-05 -0.760715 0.0386806 -1.48116
-3.3898e-05 -1.46916e-05 4.70578e-05 -0.337973 0.162211 1.39697
