-0.223651 -0.317757 0.00508747 0.193585 0.0281427 -3.13978
0.210127 -0.363281 -0.0537432 0.193585 0.0281427 -3.13978
2.70308 0.0337301 -0.185904 1.76431 -0.00363881 1.59877
-0.210768 -0.0558161 0.0504266 -0.472235 -0.171532 1.5215
0.209937 -0.0775434 0.0092314 -0.410061 0.216952 -1.57013
-0.000899954 0.40198 -0.00192487 -0.00913819 2.54377e-05 0.00429926
-4.96659e-06 0.19595 -1.47296e-05 -0.00913307 2.16551e-05 0.00429613
0.152203 0.195947 3.30492e-05 -0.37718 -0.0328658 -1.36276
-0.152171 0.195947 6.22128e-05 -0.473312 0.192387 1.34211
0 0 0 0.193585 0.0281427 -3.13978
0 0 0 0.193585 0.0281427 -3.13978
0 0 0 1.76431 -0.00363881 1.59877
0 0 0 -0.472235 -0.171532 1.5215
0 0 0 -0.410061 0.216952 -1.57013
0 0 0 -0.00913819 2.54377e-05 0.00429926
0 0 0 -0.00913307 2.16551e-05 0.00429613
0 0 0 -0.37718 -0.0328658 -1.36276
0 0 0 -0.473312 0.192387 1.34211
-0.00032207 0.000191704 0.00375396 0.190444 0.000145156 -3.13945
-0.00077565 0.0030547 -0.0119109 0.190444 0.000145156 -3.13945
-0.0184033 -0.00474737 0.0074835 1.76124 0.00207351 1.57135
-0.00120258 0.000389461 0.00298911 -0.472491 -0.168299 1.52503
-0.000207862 0.000144777 -0.000281183 -0.413723 0.257946 -1.57214
3.04775e-05 0.00100862 -0.00118115 -0.0147318 -4.75117e-05 0.00413762
-2.12313e-06 1.00477e-05 -1.56894e-05 -0.0147277 -1.19469e-05 0.0041381
-4.67295e-05 5.07654e-06 -2.46511e-05 -0.377199 -0.0319752 -1.36322
2.70535e-05 -1.43147e-06 -9.51565e-06 -0.474235 0.203553 1.3371
0 0 0 0.190444 0.000145156 -3.13945
0 0 0 0.190444 0.000145156 -3.13945
0 0 0 1.76124 0.00207351 1.57135
0 0 0 -0.472491 -0.168299 1.52503
0 0 0 -0.413723 0.257946 -1.57214
0 0 0 -0.0147318 -4.75117e-05 0.00413762
0 0 0 -0.0147277 -1.19469e-05 0.0041381
0 0 0 -0.377199 -0.0319752 -1.36322
0 0 0 -0.474235 0.203553 1.3371
-0.00546095 -0.0121601 -0.0173977 0.190146 -0.0316363 3.14108
0.00114805 -0.000558685 -0.00443129 0.190146 -0.0316363 3.14108
-0.0359047 -0.00755505 0.00888662 1.76085 0.00547451 1.53964
-0.00304185 -0.0138381 0.00114463 -0.470399 -0.237448 1.51547
-0.00716253 -0.00205256 0.00117176 -0.397085 0.277649 -1.54261
2.88513e-07 -0.000688007 0.000240234 -0.0137077 -5.49638e-06 0.00417217
4.86462e-06 -3.31789e-05 2.04684e-05 -0.0136889 1.92451e-05 0.00416915
3.26244e-05 -2.19465e-05 2.90785e-05 -0.376209 -0.0359841 -1.38987
-1.96474e-05 -1.16753e-05 2.82537e-05 -0.474 0.197251 1.33809
0.00245163 -0.00471024 -0.00372549 0.182628 -0.0408108 -3.13426
0.00581432 0.00132649 -0.00595471 0.182628 -0.0408108 -3.13426
-0.0188369 -0.00612926 0.00353649 1.75329 0.0146226 1.532
-0.00343679 -0.003558 -0.00136449 -0.480887 -0.245144 1.53818
0.00348583 -0.000781756 0.00100787 -0.398334 0.302451 -1.53407
0.000540189 -0.000392087 -0.000622873 -0.0166454 -1.41308e-05 0.00152028
-7.22569e-07 6.63828e-06 -1.11216e-06 -0.0166275 7.8298e-06 0.00153838
1.72795e-05 5.46019e-06 -1.70253e-06 -0.376628 -0.0393771 -1.37825
-1.44048e-05 -4.56351e-06 -7.73793e-06 -0.47579 0.189586 1.32902
0 0 0 0.182628 -0.0408108 -3.13426
0 0 0 0.182628 -0.0408108 -3.13426
0 0 0 1.75329 0.0146226 1.532
0 0 0 -0.480887 -0.245144 1.53818
0 0 0 -0.398334 0.302451 -1.53407
0 0 0 -0.0166454 -1.41308e-05 0.00152028
0 0 0 -0.0166275 7.8298e-06 0.00153838
0 0 0 -0.376628 -0.0393771 -1.37825
0 0 0 -0.47579 0.189586 1.32902
0.00286888 0.00170912 -0.00184578 0.196448 -0.054228 -3.12933
0.0059959 -0.00417066 0.00981302 0.196448 -0.054228 -3.12933
-0.0384509 -0.00789444 0.0089695 1.76701 0.0226031 1.52
-0.000655695 0.00155692 0.00324199 -0.482873 -0.263589 1.55164
0.000276826 -0.00192228 0.00146352 -0.391703 0.272657 -1.51409
0.000106958 -0.000604022 0.00175625 -0.00816337 7.61593e-06 0.00100737
-4.77625e-06 -8.80414e-06 -1.73922e-05 -0.00819238 5.95306e-06 0.00101671
1.12123e-05 -1.67414e-05 -2.51526e-05 -0.376593 -0.0443494 -1.37862
-7.58141e-06 -3.26296e-05 3.30413e-05 -0.476545 0.201718 1.32536
-0.0039156 0.00612549 -0.0156415 0.179454 -0.0566346 -3.12679
0.000907974 0.00421124 -0.00586831 0.179454 -0.0566346 -3.12679
-0.0165803 -0.00349918 0.00468852 1.75002 0.0246647 1.51771
0.0003 0.00294582 -0.00477618 -0.416172 -0.305256 1.53509
0.00294372 0.00323458 -0.0019469 -0.39872 0.286563 -1.52114
-4.29195e-05 0.000324613 -0.0013861 -0.014967 4.27202e-06 0.00124854
5.79526e-06 -1.15748e-05 1.90612e-05 -0.0149419 8.13855e-06 0.0012509
8.02422e-06 -7.06e-06 -2.62802e-06 -0.377106 -0.0377592 -1.36614
-2.3336e-05 8.77233e-06 -3.15692e-05 -0.403251 0.187085 1.32389
-0.0072936 -0.0202911 -0.0187713 0.171138 -0.0612001 -3.12546
0.00125718 0.000797044 -0.00804727 0.171138 -0.0612001 -3.12546
-0.0186025 -0.00186162 0.00290392 1.74167 0.0263184 1.51324
-0.00223622 -0.021968 -0.00753943 -0.361609 -0.346081 1.51519
-0.00132889 -0.00126535 -0.00184587 -0.395047 0.308719 -1.5115
-0.000544474 0.000394429 4.30274e-05 -0.0147955 2.29808e-05 0.00390959
1.07988e-06 1.68599e-05 3.23007e-06 -0.0147875 2.75301e-05 0.00391042
1.07535e-05 1.96667e-05 5.26777e-05 -0.376928 -0.0309795 -1.37172
-3.53398e-06 2.55009e-05 3.77867e-05 -0.343178 0.148374 1.3348
-0.0046975 -0.0141756 -0.00970056 0.17501 -0.0664502 -3.12635
-0.00314367 -0.00390126 -0.00149472 0.17501 -0.0664502 -3.12635
-0.0196889 -0.00128822 0.00480261 1.74548 0.0265696 1.50801
-0.00720389 -0.012972 -0.00185247 -0.395804 -0.371411 1.52515
-0.00105169 -0.00395319 -0.000879101 -0.395528 0.310882 -1.51898
-2.54044e-05 0.000488478 0.000188197 -0.0137895 1.72807e-05 0.00401439
-5.12202e-07 1.47731e-05 -3.33617e-06 -0.0137954 2.51385e-05 0.00401341
-2.49982e-06 1.02028e-05 -2.85543e-05 -0.376748 -0.027619 -1.37807
-9.6031e-06 9.96827e-06 -6.06367e-05 -0.37107 0.135894 1.32197
0.00235614 -0.00730154 -0.000321306 0.177219 -0.0672728 -3.12263
-0.00111066 0.00154906 0.000956527 0.177219 -0.0672728 -3.12263
-0.0207832 -0.00095366 0.00238354 1.7477 0.0305157 1.50791
-0.00151065 -0.00334193 -0.00157897 -0.437634 -0.362639 1.54057
-0.00127988 0.00183854 8.93235e-05 -0.393839 0.307762 -1.51843
0.000827227 0.000975101 0.00013588 -0.0130238 -1.68426e-06 1.87024e-05
-2.82129e-08 4.90077e-06 -8.49005e-06 -0.0130271 -5.13262e-07 2.44749e-05
-2.41373e-06 1.00618e-05 -2.26462e-05 -0.376653 -0.0281141 -1.38128
-3.84287e-06 1.21364e-05 1.25955e-05 -0.411074 0.129304 1.31994
0.00646824 -0.00397771 0.00116367 0.186568 -0.0504881 -3.11805
0.00344742 -0.00230744 0.00773678 0.186568 -0.0504881 -3.11805
-0.022156 -0.00247142 0.00302804 1.75723 0.0324997 1.52555
0.0025725 -0.00108416 1.65735e-05 -0.454481 -0.354999 1.55564
0.00236463 -0.000817037 0.00264675 -0.394108 0.289686 -1.51487
-0.000417576 -0.000929361 0.000969009 -0.00843243 4.18914e-05 0.00203322
1.95622e-07 -4.72538e-06 8.47525e-06 -0.00844588 1.65615e-05 0.00204089
-2.15797e-05 -5.45332e-06 4.78623e-09 -0.376898 -0.037348 -1.37356
2.54198e-05 -6.38734e-06 -5.74201e-06 -0.428034 0.12922 1.32869
0.00192518 -0.00392826 0.009225 0.19384 -0.0644795 -3.11207
-0.00156152 -0.000733502 0.00233696 0.19384 -0.0644795 -3.11207
-0.02256 0.00124671 0.00504772 1.7644 0.0413823 1.5132
0.00221237 -0.00179116 0.00548057 -0.435695 -0.339924 1.55468
-0.000424933 0.000782918 -0.00268035 -0.396166 0.271737 -1.51918
-0.000834589 0.000578704 0.000515428 -0.00597357 -3.52867e-07 0.00608656
1.44454e-06 -1.13608e-06 3.90956e-06 -0.00598178 1.47072e-05 0.00609351
-6.0262e-06 -2.61285e-06 -5.41739e-06 -0.376883 -0.0280761 -1.37446
-4.59596e-06 -4.56029e-06 -3.85525e-05 -0.413878 0.145932 1.33691
0.00276495 -0.00291572 0.0134774 0.215397 -0.0505861 -3.10872
-0.000348553 0.00280806 0.0138769 0.215397 -0.0505861 -3.10872
-0.0250486 0.000943298 0.00166144 1.78612 0.0429197 1.5284
-0.000131985 0.00211674 0.000195377 -0.439522 -0.289908 1.56564
-0.00135655 0.00438188 0.00784561 -0.390949 0.250429 -1.51592
2.9463e-05 -0.00041578 -0.000217346 -0.00698046 4.9197e-05 0.005955
1.05143e-07 -3.88672e-05 -4.73363e-06 -0.00701135 2.81346e-05 0.0059617
-2.37495e-06 -3.53105e-05 4.16317e-06 -0.376807 -0.0565601 -1.37614
3.08867e-08 -2.1189e-05 6.81026e-05 -0.414264 0.147287 1.33491
0 0 0 0.215397 -0.0505861 -3.10872
0 0 0 0.215397 -0.0505861 -3.10872
0 0 0 1.78612 0.0429197 1.5284
0 0 0 -0.439522 -0.289908 1.56564
0 0 0 -0.390949 0.250429 -1.51592
0 0 0 -0.00698046 4.9197e-05 0.005955
0 0 0 -0.00701135 2.81346e-05 0.0059617
0 0 0 -0.376807 -0.0565601 -1.37614
0 0 0 -0.414264 0.147287 1.33491
0.00543229 -0.0161853 -0.00102263 0.204909 -0.0441341 -3.09997
0.00168275 -0.00326804 -0.00310749 0.204909 -0.0441341 -3.09997
-0.0453516 0.00293107 0.00610373 1.77576 0.0497268 1.53606
0.00819293 -0.0119539 0.0054936 -0.419656 -0.307241 1.55572
-0.00373304 -0.00298072 -0.00586589 -0.384419 0.240741 -1.49695
0.00125534 -0.000973111 -0.000367867 -0.00884409 2.59137e-05 -0.000114263
1.22084e-07 -2.92908e-05 5.54947e-07 -0.0088617 7.68353e-06 -0.000104377
-1.01831e-05 -3.48031e-05 -2.02883e-06 -0.376187 -0.0353303 -1.39114
1.21598e-05 -5.26588e-05 -6.73027e-05 -0.409102 0.15967 1.36831
0.000310861 0.000284511 0.00291753 0.201323 -0.0288784 -3.09792
0.000789267 0.00593885 0.00186008 0.201323 -0.0288784 -3.09792
-0.0246924 0.00291514 -5.7229e-06 1.77228 0.048563 1.55124
-0.00355142 0.00502606 -0.00491977 -0.432022 -0.276799 1.56973
0.00150691 0.00636787 0.000399332 -0.387463 0.235588 -1.49957
-5.29121e-05 0.000613286 0.000207737 -0.00781618 1.90556e-05 0.000151603
2.07328e-07 3.88789e-05 3.65839e-06 -0.00781203 4.24442e-06 0.000153489
3.77194e-06 4.31335e-05 -6.21301e-07 -0.376534 -0.0375471 -1.38166
-5.21453e-06 5.09786e-05 -1.90602e-06 -0.411244 0.146697 1.35419
0 0 0 0.201323 -0.0288784 -3.09792
0 0 0 0.201323 -0.0288784 -3.09792
0 0 0 1.77228 0.048563 1.55124
0 0 0 -0.432022 -0.276799 1.56973
0 0 0 -0.387463 0.235588 -1.49957
-1.07667e-07 1.04937e-05 8.53758e-06 -0.0077976 1.41527e-05 0.000148328
0 0 0 -0.00781203 4.24442e-06 0.000153489
0 0 0 -0.376534 -0.0375471 -1.38166
0 0 0 -0.411244 0.146697 1.35419
0.00493867 0.00914595 0.0284728 0.211726 -0.0312623 -3.08829
-0.00234302 -0.00756439 -0.00142991 0.211726 -0.0312623 -3.08829
-0.0496342 0.0058286 0.0175967 1.78279 0.0586814 1.55145
0.00603821 0.0142593 0.0157469 -0.415706 -0.230305 1.5659
0.00497518 -0.0063292 -0.00522924 -0.398762 0.222354 -1.52546
-0.000738087 -0.000438652 0.000513329 -0.00527281 -9.97388e-06 0.00374233
4.27202e-07 2.46283e-05 -2.23047e-06 -0.00527721 5.32712e-06 0.00375194
6.48827e-07 2.08148e-05 4.43969e-06 -0.376886 -0.0178309 -1.36855
-1.25874e-05 1.67327e-06 9.26144e-05 -0.409658 0.20408 1.3636
