-0.221624 -0.285586 -0.0454675 -2.87857 -0.0834073 -0.00915327
0.232991 -0.320486 -0.0673908 -2.87857 -0.0834073 -0.00915327
1.18626 -0.065863 0.0702275 1.30869 0.0128218 -1.48787
-0.225067 -0.0437223 0.0198481 -0.769562 -0.263752 1.58505
0.214317 -0.0570026 0.00899822 -0.879759 0.281538 -1.50003
-0.00115537 0.379459 -0.000871325 -0.00442713 2.93015e-05 0.00606159
3.79675e-06 0.186743 -5.23618e-06 -0.00442971 1.8164e-05 0.00606906
0.140475 0.186748 1.86939e-05 -0.862296 -0.035215 -1.27663
-0.14051 0.186746 3.05664e-05 -0.723717 0.0805322 1.21917
0 0 0 -2.87857 -0.0834073 -0.00915327
0 0 0 -2.87857 -0.0834073 -0.00915327
0 0 0 1.30869 0.0128218 -1.48787
0 0 0 -0.769562 -0.263752 1.58505
0 0 0 -0.879759 0.281538 -1.50003
0 0 0 -0.00442713 2.93015e-05 0.00606159
0 0 0 -0.00442971 1.8164e-05 0.00606906
0 0 0 -0.862296 -0.035215 -1.27663
0 0 0 -0.723717 0.0805322 1.21917
0.000445017 -0.000774376 0.00682724 -2.88873 -0.0885437 -0.00237362
0.000135231 -0.00208034 0.00297955 -2.88873 -0.0885437 -0.00237362
0.0138127 -0.00544386 -0.0041847 1.31889 0.019826 -1.48446
0.000638132 0.000208985 0.00303654 -0.764407 -0.248124 1.58419
0.000347445 -0.0014643 0.000864081 -0.881598 0.273539 -1.501
0.000280728 -1.01195e-05 -0.000285098 -0.00588113 2.36936e-05 0.00461837
3.78297e-07 -5.2327e-06 -8.84227e-07 -0.0058959 1.63871e-05 0.00462694
1.6563e-06 -6.25419e-06 7.75794e-06 -0.864864 -0.0383491 -1.27699
-9.32925e-06 -8.30874e-06 8.1799e-06 -0.72481 0.0929373 1.22134
0.000971467 0.000489322 0.00969617 -2.89393 -0.0946595 0.0132572
-0.00424839 0.00422891 -0.00790105 -2.89393 -0.0946595 0.0132572
0.0122965 -0.00343309 -0.00766569 1.32409 0.0360288 -1.48224
0.000373481 0.00190199 0.0039433 -0.739635 -0.224461 1.58655
-0.00047509 0.00469834 -0.0087527 -0.90482 0.270332 -1.51534
0.00962214 0.0472161 -0.0618273 -0.256481 -0.00453035 -0.0352116
-1.90168e-06 -1.52144e-05 2.78327e-06 -0.256485 -0.00453656 -0.0351967
-3.6501e-06 -9.75793e-06 -1.10528e-05 -0.875674 -0.00432039 -1.27337
2.20127e-05 -8.97766e-06 -1.4445e-05 -0.707516 0.109781 1.22
0.0147358 -0.0517778 -0.0554509 -2.76925 -0.160381 0.0407312
0.01932 -0.0304914 -0.0388288 -2.76925 -0.160381 0.0407312
0.0233638 -0.00612821 0.0440127 1.20168 0.0961261 -1.43595
0.00489223 -0.0613986 -0.0244512 -0.757009 -0.353679 1.62909
0.00529227 -0.0426755 -0.00698369 -0.883264 0.392905 -1.45749
-0.00415668 -0.0271296 0.0238516 -0.180372 -0.00182705 -0.0210101
1.01737e-06 -0.00160357 -3.64387e-06 -0.180261 -0.00187936 -0.0209723
-0.000386722 -0.00163413 -7.84239e-06 -0.875822 0.0202471 -1.29588
0.000321785 -0.00196972 9.36238e-05 -0.702733 0.00751365 1.30288
0.00685999 0.0161355 -0.0170191 -2.69493 -0.197121 0.0547134
0.00909167 0.0179281 -0.0159452 -2.69493 -0.197121 0.0547134
0.0190848 -0.00483217 0.025376 1.12913 0.134196 -1.41604
0.011791 0.0100166 -0.00231891 -0.738839 -0.417646 1.60911
0.000943996 0.00954972 0.000109248 -0.869245 0.456972 -1.42084
-0.00195664 -0.0137842 0.00954012 -0.146405 -0.000857522 -0.0129021
3.84876e-06 0.000250128 -7.61026e-06 -0.14627 -0.000915655 -0.0128531
6.43221e-05 0.000189102 4.09533e-05 -0.875569 0.0204962 -1.28397
-3.38895e-05 0.00043671 -5.86051e-05 -0.702533 2.63007e-05 1.3339
-0.00335627 0.0294706 0.0198802 -2.69409 -0.171891 0.0659796
-0.00111178 0.0277645 -0.0070887 -2.69409 -0.171891 0.0659796
0.00926525 -0.00227527 -0.00336898 1.1261 0.133691 -1.44399
0.00721242 0.0309871 0.0167016 -0.703458 -0.403824 1.56293
-0.00160077 0.0260115 -0.00379259 -0.877708 0.470385 -1.4178
-0.00130716 -0.00750489 0.00219579 -0.141486 -0.000524982 -0.00676869
-3.59859e-06 0.000667213 9.1415e-06 -0.141487 -0.000491765 -0.00675365
0.000129509 0.000748666 -3.7107e-05 -0.875139 0.0369358 -1.2628
-0.000105317 0.000826849 -1.11758e-05 -0.702379 0.0654388 1.33404
-0.00474391 -0.00109708 0.00810061 -2.69595 -0.159495 0.0668599
-0.000641368 0.00383286 -0.01539 -2.69595 -0.159495 0.0668599
0.0119514 -0.00355101 -0.00302736 1.12726 0.128947 -1.45539
0.0006985 6.55853e-05 0.005523 -0.688908 -0.392352 1.53945
-0.000726332 2.0007e-05 -0.00851834 -0.88162 0.498858 -1.41505
0.000478505 -0.00305278 0.00025358 -0.142699 -0.000690329 -0.00942128
-1.40452e-06 0.000360199 1.25417e-06 -0.142702 -0.000677334 -0.00942067
9.91849e-05 0.000353538 9.29396e-06 -0.875273 0.0697292 -1.26624
-9.46455e-05 0.000362459 -5.66419e-06 -0.70217 0.086884 1.33735
-0.00419766 -0.00758596 -0.00291637 -2.68578 -0.171707 0.0632804
0.000167858 0.000815478 -0.0110884 -2.68578 -0.171707 0.0632804
0.0151021 -0.0057248 0.00452649 1.11793 0.13223 -1.44408
-0.000924017 -0.00830457 -0.00120884 -0.685212 -0.399551 1.52517
-0.00183931 -0.00455647 -0.00240467 -0.870798 0.535269 -1.40314
0.000595409 -0.00176865 0.00096755 -0.139096 -0.000871146 -0.0126862
-3.37359e-07 0.000172507 8.50903e-07 -0.139086 -0.000880915 -0.0126878
5.94461e-05 0.00017354 -1.61347e-05 -0.876054 0.0777425 -1.2785
-4.25458e-05 0.000162818 -2.41458e-05 -0.701935 0.0796708 1.34151
-0.00586183 0.00759835 -0.00190911 -2.67476 -0.19342 0.0528596
-0.00411463 0.00997971 -0.00427133 -2.67476 -0.19342 0.0528596
0.0120888 -0.00596961 -0.000140715 1.10888 0.133971 -1.42127
-0.0010886 0.00711959 -0.00133367 -0.685454 -0.402 1.50439
-0.00332751 0.00554451 0.00308972 -0.858922 0.566678 -1.40329
0.000862896 -0.00109925 0.000183279 -0.138968 -0.0011795 -0.0173628
7.60007e-07 7.54209e-05 -1.61249e-06 -0.138955 -0.00120092 -0.0173715
-6.59809e-06 7.25185e-05 1.08805e-05 -0.876506 0.0676529 -1.28475
3.98079e-07 8.48153e-05 4.56693e-07 -0.702756 0.0765479 1.33117
0.00277533 -0.00705492 -0.0205545 -2.64494 -0.246977 0.05059
0.00632328 0.00326465 -0.00640128 -2.64494 -0.246977 0.05059
0.0137826 -0.00549372 0.00973232 1.08363 0.1615 -1.37649
-0.0019756 -0.00967189 -0.0138827 -0.704411 -0.43101 1.52445
-3.86788e-06 -0.00475743 0.00368531 -0.151503 0.610791 -1.36965
-0.00095892 -0.000764529 0.00211914 -0.128277 -0.000723359 -0.0123162
1.46024e-07 -3.61554e-05 3.38514e-07 -0.128246 -0.000772725 -0.0123122
-0.000156535 -4.57844e-05 1.83422e-06 -0.12411 0.0524351 -1.28926
0.000155374 -5.99759e-05 -1.03122e-05 -0.702775 0.0218965 1.33196
-0.000264455 0.00601164 -0.00867909 -2.62185 -0.278356 0.0439377
0.000428828 0.00861105 -0.0058797 -2.62185 -0.278356 0.0439377
0.0120663 -0.00527567 0.00546834 1.06446 0.175358 -1.34917
-0.00133291 0.00492092 -0.00621725 -0.715599 -0.441827 1.52894
-0.00448528 0.00119105 0.00264656 -0.0630653 0.64914 -1.34087
-4.09326e-05 -0.000686676 0.00180147 -0.119144 -0.00068582 -0.0121567
-5.45808e-07 2.27141e-05 1.01485e-06 -0.11912 -0.000716146 -0.0121574
5.41981e-05 3.68571e-05 -1.53342e-05 -0.0502637 0.0426578 -1.30487
-4.00883e-05 4.62151e-05 -3.40206e-06 -0.702817 -0.00140782 1.32279
-0.00418089 0.014524 0.0170177 -2.63299 -0.253437 0.0419946
-0.00646535 0.0128084 -0.00339897 -2.63299 -0.253437 0.0419946
0.00911728 -0.000178571 -0.00945505 1.07304 0.159331 -1.36851
-0.000287134 0.0170662 0.0110752 -0.705499 -0.415725 1.51243
-0.000778655 0.0123854 -0.00120036 -0.123328 0.659157 -1.36589
-0.000868896 -0.00104023 -0.000550773 -0.122803 -0.00049678 -0.00753354
-8.6678e-07 4.55928e-05 -1.0148e-06 -0.122815 -0.000473331 -0.00753823
4.65377e-05 5.35951e-05 -6.04766e-07 -0.0975301 0.0496028 -1.29496
-4.60171e-05 6.87363e-05 2.3315e-05 -0.703129 0.0433834 1.30488
-0.00694978 0.00173392 0.0141904 -2.65455 -0.220294 0.0396011
-0.00445432 0.00327433 -0.0078981 -2.65455 -0.220294 0.0396011
0.00963106 0.000548528 -0.0112755 1.0916 0.137611 -1.39378
-0.0007153 0.00360004 0.00871734 -0.691323 -0.392275 1.48604
0.000116453 0.00378538 -0.00742798 -0.174716 0.661333 -1.38701
0.000430098 0.000117652 -0.00112423 -0.12874 -0.000688785 -0.00985445
-4.33503e-07 -1.24529e-05 -5.6375e-07 -0.128766 -0.000651944 -0.009863
-1.20613e-05 -6.6967e-06 4.18617e-06 -0.138069 0.0807409 -1.29022
1.27929e-05 -2.77171e-06 1.01174e-05 -0.703519 0.0796563 1.29809
-0.0017052 -0.00927898 -0.0081062 -2.64566 -0.233578 0.0301605
0.00467513 -0.00366829 -0.00759361 -2.64566 -0.233578 0.0301605
0.0119331 -0.000951159 -0.000529013 1.08454 0.137044 -1.37869
-0.00298928 -0.00952075 -0.00714119 -0.702832 -0.396113 1.49147
0.000653978 -0.00760646 -0.00368385 -0.123394 0.679452 -1.36515
0.000566112 0.000742881 0.000951998 -0.123146 -0.000774429 -0.0128828
2.3551e-08 3.80645e-05 2.03111e-07 -0.123134 -0.000789948 -0.0128917
5.68536e-05 2.46612e-05 2.69202e-07 -0.0962796 0.0929538 -1.29634
-5.7157e-05 4.10649e-06 -1.1559e-05 -0.703693 0.0484422 1.29707
0.000501557 -0.00725077 -0.0103945 -2.61475 -0.222038 0.0226556
0.00222642 0.000704949 -0.0149869 -2.61475 -0.222038 0.0226556
0.0116475 0.000612775 0.00950143 1.05332 0.130653 -1.38934
0.000732835 -0.00973666 -0.00467503 -0.700777 -0.42095 1.48959
-0.00361842 -0.00693651 -0.00774245 -0.0225443 0.714126 -1.33002
2.58926e-05 0.00118441 0.00163469 -0.113647 -0.000756392 -0.0129607
-6.38127e-07 -5.06855e-05 5.02023e-07 -0.113612 -0.000741384 -0.0129613
3.37164e-05 -5.52803e-05 -3.73746e-06 -0.0171309 0.120658 -1.31733
-2.82492e-05 -9.39793e-05 1.92541e-05 -0.703116 0.0288629 1.30981
-0.000702951 0.00565886 0.0102479 -2.6123 -0.19559 0.0200236
-0.00983465 0.00042833 9.51543e-05 -2.6123 -0.19559 0.0200236
0.0136693 0.00364795 0.000201717 1.04878 0.11565 -1.41145
0.00376019 0.00547592 0.0097698 -0.680167 -0.41885 1.47009
-0.000903808 0.00250674 7.06955e-05 -0.0993663 0.713747 -1.37425
4.74744e-05 -0.000850723 -0.000250066 -0.115481 -0.000824956 -0.0132951
-1.17742e-06 5.38895e-05 -3.693e-06 -0.115479 -0.000784599 -0.0132983
-1.85622e-05 4.64352e-05 1.22971e-05 -0.0756313 0.121654 -1.31827
2.73146e-05 8.73391e-05 -9.25357e-07 -0.702701 0.0676842 1.31848
-0.00254366 0.0102944 0.00368727 -2.61711 -0.199133 0.0128482
-0.0064273 0.00141777 0.00588447 -2.61711 -0.199133 0.0128482
0.0103086 0.00292514 -0.00642345 1.05425 0.110399 -1.40423
-0.000275127 0.0105071 0.00267774 -0.678071 -0.414439 1.46035
0.00045153 0.00408194 0.00425582 -0.168946 0.705941 -1.409
0.000502696 -0.000468029 -0.000712359 -0.119656 -0.000956512 -0.0160368
3.62431e-07 1.66371e-05 3.28821e-06 -0.11966 -0.00095984 -0.0160441
3.20364e-05 3.30894e-05 -1.22944e-06 -0.129062 0.1067 -1.3126
-3.41845e-05 4.31944e-05 -2.29873e-05 -0.703638 0.0813696 1.30689
-0.00317984 -0.00143494 -0.00600904 -2.62079 -0.22352 0.00536244
0.000841844 -0.00872526 0.0122761 -2.62079 -0.22352 0.00536244
0.0129522 0.00263759 -0.00323669 1.0605 0.115199 -1.37874
-0.00358118 -0.0017375 -0.00523266 -0.689977 -0.417826 1.46194
-0.00066314 -0.00377083 0.00604912 -0.15388 0.676595 -1.4058
-0.000393405 1.68891e-05 -0.000279438 -0.121117 -0.000800733 -0.013914
1.3811e-07 1.13149e-05 -1.26568e-06 -0.121121 -0.000833741 -0.0139251
-2.63367e-05 6.49986e-06 -1.1063e-06 -0.120203 0.0816171 -1.31883
2.50855e-05 -1.28907e-06 5.71448e-06 -0.704571 0.0595175 1.2947
0.00555407 -0.00283101 -0.0178331 -2.60228 -0.268432 0.00139819
0.00487805 -0.00609133 0.00869687 -2.60228 -0.268432 0.00139819
0.0123826 0.0039901 0.000650833 1.04731 0.137839 -1.33971
-0.00141962 -0.00431539 -0.0131924 -0.713425 -0.438315 1.49179
-0.00234231 -0.00682188 0.0080464 -0.0655382 0.673393 -1.37208
5.73533e-05 -0.000260442 0.000378891 -0.119244 -0.000781539 -0.0142447
2.09838e-07 -1.65098e-05 -1.26199e-07 -0.119223 -0.000832836 -0.0142441
-0.000107766 -2.04427e-05 7.28944e-06 -0.051272 0.0489027 -1.33369
0.000105579 -2.37219e-05 -1.21508e-05 -0.70462 0.00640232 1.29353
