-0.157227 -0.379347 -0.0376877 0.318592 0.254076 -3.06777
0.21305 -0.00385595 -0.451342 0.320021 0.262784 -3.06897
1.77613 -0.0473576 0.0178854 1.87949 -0.012631 1.84293
-0.182515 -0.0821791 0.0143353 -0.405993 -0.172693 1.65569
0.17725 0.101178 -0.207113 -1.03117 1.14431 -1.24231
0.00254296 0.420491 0.00153272 0.00730853 6.31598e-05 -0.012096
6.15813e-07 0.210462 -1.02261e-06 0.00730755 4.94494e-05 -0.0120985
0.152392 0.21046 -7.67702e-07 -1.1222 1.07477 -1.34705
-0.152385 0.210457 -2.87835e-06 -0.684358 0.0487088 1.46821
0 0 0 0.318592 0.254076 -3.06777
0 0 0 0.320021 0.262784 -3.06897
0 0 0 1.87949 -0.012631 1.84293
0 0 0 -0.405993 -0.172693 1.65569
0 0 0 -1.03117 1.14431 -1.24231
0 0 0 0.00730853 6.31598e-05 -0.012096
0 0 0 0.00730755 4.94494e-05 -0.0120985
0 0 0 -1.1222 1.07477 -1.34705
0 0 0 -0.684358 0.0487088 1.46821
-0.00517547 0.000301564 0.00120944 0.31723 0.248549 -3.07297
-0.00881442 0.00037052 -0.00336776 0.31723 0.248549 -3.07297
-1.25771e-05 0.00142482 0.00036215 1.87798 -0.0114074 1.82821
-0.00302693 0.000607216 0.00041913 -0.404428 -0.170054 1.64843
-0.00722652 -6.59236e-05 -0.00172337 -1.04979 1.14995 -1.25468
-5.19472e-05 0.000404927 0.000326892 0.0088449 2.75703e-05 -0.011831
-2.97724e-07 -2.05757e-07 1.38037e-07 0.0088468 4.56141e-05 -0.0118352
-3.78199e-06 -2.3056e-07 -2.93386e-06 -1.1789 1.08314 -1.41091
-5.02053e-06 4.36872e-06 8.08477e-06 -0.682559 0.0501406 1.45776
-0.00542308 0.000350278 0.00411294 0.317641 0.22611 -3.07903
-0.0132879 -0.00156518 -0.00515432 0.317641 0.22611 -3.07903
-0.00110072 0.00279126 0.000160748 1.8801 -0.0104898 1.80503
-0.00209529 0.000569412 0.00426462 -0.38829 -0.170556 1.63725
-0.00454607 -0.00131544 -0.00517624 -1.11555 1.15724 -1.33249
0.000116539 2.43265e-05 0.000330268 0.0104122 3.55292e-05 -0.0123783
1.06041e-07 -3.15112e-06 2.29536e-08 0.0104099 5.86956e-05 -0.0123847
-2.71833e-05 -2.21537e-06 1.31134e-06 -1.21655 1.09073 -1.45279
2.5489e-05 -1.14557e-06 1.90882e-06 -0.681655 0.0646663 1.45037
-0.00160482 -0.000232653 0.00341362 0.31938 0.220994 -3.08481
-0.00337197 -0.00252348 -0.00192289 0.31938 0.220994 -3.08481
-0.000730591 0.000667077 0.000669089 1.88218 -0.0148354 1.79838
-0.000789866 4.03138e-05 0.00211311 -0.382136 -0.166197 1.63447
-0.000431325 -0.00160529 -0.00223801 -1.13988 1.15594 -1.36092
0.00167155 0.000153421 -0.000545805 0.00781302 7.46581e-05 -0.0203157
-5.05421e-07 -4.5806e-07 -1.91311e-08 0.00781149 7.82755e-05 -0.0203202
2.26614e-05 -5.28664e-07 7.30637e-07 -1.22297 1.08936 -1.45847
-1.75143e-05 -1.39356e-06 -4.65754e-06 -0.679452 0.0718339 1.44774
0.00734032 -0.00115979 -0.00344427 0.317217 0.236177 -3.07461
0.0101349 0.0047758 0.00394974 0.317217 0.236177 -3.07461
-0.00150512 -0.00264391 -0.000671103 1.87893 -0.00922734 1.81595
0.00370304 -0.00163165 -0.00215653 -0.386723 -0.170514 1.64673
0.0059745 -5.12163e-05 0.00486996 -1.09061 1.17008 -1.31229
-0.000266028 -0.000704447 -0.000229565 0.00675968 8.43549e-05 -0.019114
7.47697e-08 -8.67828e-06 -7.72679e-07 0.00676292 6.97857e-05 -0.0191036
-8.32202e-06 -5.0445e-06 4.86537e-06 -1.17643 1.07675 -1.40628
6.86573e-06 -1.00898e-05 -2.09442e-06 -0.679955 0.0642713 1.46086
0.00601131 0.00169438 -0.00447708 0.315698 0.25994 -3.06621
0.0132198 0.0051785 0.00433592 0.315698 0.25994 -3.06621
-0.000524775 -0.00254053 -0.00104705 1.87555 -0.00798951 1.8411
0.00232958 0.0012679 -0.00375108 -0.397912 -0.172945 1.65915
0.00710087 0.00262356 0.00343228 -1.03134 1.17117 -1.24891
-0.000146015 -0.000346977 -0.00023996 0.00562051 8.4409e-05 -0.0184526
-1.97688e-07 -1.48428e-06 2.8416e-07 0.00562411 6.08393e-05 -0.0184438
-2.73179e-05 -1.60665e-06 3.78548e-07 -1.11775 1.07425 -1.34001
2.89584e-05 -5.41577e-07 -4.82252e-06 -0.681039 0.0518735 1.46817
-0.00252042 0.00199427 -0.00149695 0.311665 0.257143 -3.06848
-0.00230612 0.00332596 -0.00117537 0.311665 0.257143 -3.06848
-0.000866096 0.000697491 -0.00121376 1.8719 -0.0082529 1.83779
-0.000825561 0.00192786 -0.000313667 -0.39614 -0.176915 1.6535
-0.000583092 0.000968652 -0.00109305 -1.03854 1.18093 -1.25772
-6.06797e-05 -5.98829e-05 0.000367123 0.00737222 6.21598e-05 -0.0181612
3.84634e-07 7.60129e-06 2.46558e-07 0.00737651 6.58815e-05 -0.0181627
3.20601e-05 5.0843e-06 -5.08036e-06 -1.12168 1.08044 -1.3434
-3.50627e-05 1.0945e-05 7.8883e-06 -0.679342 0.0510961 1.4648
0.000272079 -0.00270185 0.000546567 0.312604 0.249763 -3.06629
-0.00358331 -0.000942097 -0.00173412 0.312604 0.249763 -3.06629
-0.000248779 0.000265697 0.000448733 1.87339 -0.00421298 1.83141
0.0013221 -0.00263462 0.000630095 -0.39499 -0.177199 1.64997
-8.57428e-06 0.00299177 -0.00220881 -1.07748 1.17071 -1.30222
1.49889e-05 -6.51341e-05 0.000327121 0.00892838 7.08051e-05 -0.0182385
3.16128e-08 4.52055e-06 3.59897e-07 0.00892665 7.87249e-05 -0.0182364
1.27894e-05 3.5773e-06 -5.8418e-07 -1.11652 1.09567 -1.33734
-1.41363e-05 -1.83253e-06 5.0491e-07 -0.680207 0.0528007 1.47027
0.00327479 -0.00116732 0.00102688 0.315873 0.260528 -3.06281
0.00545421 -0.00130459 0.00265071 0.315873 0.260528 -3.06281
-0.00102783 -0.000718773 0.000934692 1.87567 -0.00496438 1.84268
0.00103369 -0.00109594 -0.000413859 -0.402144 -0.172362 1.65745
0.000223892 0.00167667 0.00065684 -1.04975 1.15275 -1.26286
-0.000184302 -0.000189547 -0.000369136 0.00718222 8.53441e-05 -0.0173783
-1.79764e-07 1.38419e-06 -4.87617e-07 0.00717887 6.80766e-05 -0.0173741
2.8469e-06 9.4528e-07 5.97912e-06 -1.11153 1.10033 -1.33179
-8.61183e-07 1.11617e-07 -6.54437e-06 -0.683436 0.0512488 1.47414
0.00314689 0.0016048 0.00106115 0.316743 0.256543 -3.0615
-0.00110845 -0.00132527 -0.000645684 0.316743 0.256543 -3.0615
-0.000452877 -0.000234354 0.000716099 1.87683 -0.00275676 1.83928
0.000335187 0.00146094 0.000346195 -0.396271 -0.169972 1.66688
0.00180591 0.00136916 -0.00100755 -1.07453 1.14622 -1.2956
0.00028754 0.000337448 0.000318104 0.00868283 7.41785e-05 -0.0187224
-4.41999e-08 1.469e-06 3.34335e-07 0.00868102 7.98991e-05 -0.0187208
8.84266e-06 1.75155e-06 -5.59962e-06 -1.09355 1.10557 -1.31223
-8.49065e-06 2.57048e-06 6.4709e-06 -0.680989 0.052661 1.47482
1.9877e-05 0.000594359 0.00350664 0.322609 0.252026 -3.0573
-0.000844396 -0.00192536 -7.11101e-05 0.322609 0.252026 -3.0573
-0.00166894 -0.000996924 -7.07775e-05 1.88287 0.00107016 1.83626
0.000809209 0.000873407 0.00232893 -0.389776 -0.166026 1.66415
-0.00201124 -0.000603427 -0.00175544 -1.07426 1.13814 -1.28874
-0.000139382 -0.00045221 -0.000155651 0.00795785 6.56812e-05 -0.018097
-2.66131e-08 -3.60473e-06 -1.02742e-07 0.00795075 7.025e-05 -0.0180938
1.97136e-06 -1.89235e-06 -1.17742e-07 -1.11235 1.10853 -1.33205
-1.70527e-06 -1.59068e-07 -1.41615e-06 -0.679521 0.0607716 1.47729
-0.00578114 0.00125779 0.000150104 0.318247 0.235967 -3.06557
-0.0104312 -0.00174057 -0.0047981 0.318247 0.235967 -3.06557
-0.000358654 0.00304612 -0.000125334 1.87993 -0.000801096 1.81849
-0.0032787 0.00123229 0.00163534 -0.378061 -0.171007 1.65582
-0.00663088 -0.00172528 -0.00396116 -1.10846 1.14282 -1.32186
0.000423689 0.000414981 0.000605721 0.0108293 7.29432e-05 -0.0200665
1.01375e-06 -2.41341e-06 1.121e-07 0.0108331 9.7455e-05 -0.0200773
-2.50296e-05 -6.12299e-06 -4.61743e-06 -1.17017 1.11461 -1.39609
1.69644e-05 4.44814e-07 6.48012e-06 -0.67873 0.0665214 1.46565
0 0 0 0.318247 0.235967 -3.06557
0 0 0 0.318247 0.235967 -3.06557
0 0 0 1.87993 -0.000801096 1.81849
0 0 0 -0.378061 -0.171007 1.65582
0 0 0 -1.10846 1.14282 -1.32186
0 0 0 0.0108293 7.29432e-05 -0.0200665
0 0 0 0.0108331 9.7455e-05 -0.0200773
0 0 0 -1.17017 1.11461 -1.39609
0 0 0 -0.67873 0.0665214 1.46565
0.00097472 -0.00505211 0.00183592 0.31565 0.225481 -3.06602
-0.0048263 0.000207023 -0.00287666 0.31565 0.225481 -3.06602
-0.00140332 0.00060596 0.000860044 1.8782 0.00256508 1.80839
0.00192563 -0.00473819 0.000464887 -0.385247 -0.166405 1.65255
-0.00233362 -0.00125445 -0.00274448 -1.12665 1.14992 -1.34083
-0.000477721 0.000307361 -0.000444261 0.0086906 6.91808e-05 -0.0177793
-1.11477e-06 3.0996e-07 3.36891e-07 0.00868351 7.55187e-05 -0.0177793
2.12428e-05 2.17957e-06 4.50693e-06 -1.19256 1.11641 -1.41969
-1.27457e-05 -4.51625e-06 -8.67503e-06 -0.682746 0.067098 1.47384
-0.00129585 0.000697878 0.00252123 0.319297 0.220453 -3.0664
-0.00242909 -0.00386021 -0.000682793 0.319297 0.220453 -3.0664
-0.000163814 0.000564407 0.00174489 1.88211 0.00287902 1.80351
-0.00134905 0.00092045 0.00117491 -0.381915 -0.161895 1.65267
-0.00191739 -0.00402967 0.00101913 -1.13112 1.15349 -1.34508
-0.00034875 -4.03853e-06 -0.000329365 0.0071248 4.95116e-05 -0.0161147
1.94117e-07 2.96876e-06 -1.0888e-07 0.00711981 5.5347e-05 -0.0161162
3.59907e-06 1.33912e-06 -3.52471e-07 -1.21287 1.10096 -1.44223
-5.22075e-06 -1.27942e-06 1.19857e-06 -0.680196 0.0712348 1.469
0.000401182 -0.00166784 -0.000965308 0.324071 0.23595 -3.06441
0.00824385 -0.00435253 0.00220239 0.324071 0.23595 -3.06441
-0.000256823 -0.000743272 0.00270177 1.88558 -0.00112799 1.81883
0.000497149 -0.00143053 -0.00238819 -0.398166 -0.157137 1.65228
-0.00799636 -0.00149494 0.00117244 -1.04511 1.12669 -1.21321
0.000107791 -0.000400465 -0.000369967 0.00537986 7.73682e-05 -0.0166672
-4.88912e-07 2.07016e-06 -5.70122e-07 0.00537588 5.76162e-05 -0.0166661
-1.15557e-05 -1.21171e-06 4.87624e-06 -1.27781 1.09608 -1.51478
1.49772e-05 -1.90865e-06 -6.88152e-06 -0.682244 0.0629074 1.47111
-0.000808295 0.00163534 -0.000966122 0.325013 0.245797 -3.06446
0.00545234 -0.00349701 0.000978821 0.325013 0.245797 -3.06446
0.000285407 0.000444051 0.0021577 1.88571 -0.00444661 1.82814
-0.00128826 0.00180148 -0.002266 -0.410379 -0.152788 1.65383
0.0089287 -0.00692365 0.00323966 -1.04388 1.1451 -1.23172
0.000106926 -0.00103413 0.000235584 0.00653414 7.3355e-05 -0.0172553
5.54059e-07 1.12002e-06 2.56865e-07 0.00653416 6.10217e-05 -0.0172557
2.00101e-06 -1.90613e-06 1.50255e-06 -1.21466 1.06211 -1.44341
-6.53072e-06 -9.49801e-07 -6.26804e-07 -0.683216 0.0556198 1.46618
0.00105089 0.00380806 -0.0013454 0.31947 0.245294 -3.06208
-0.000161526 0.00592531 -0.00541208 0.31947 0.245294 -3.06208
-0.00292225 -0.000545921 -0.00172293 1.88038 -0.000618513 1.82841
0.000581508 0.0033872 0.00104836 -0.394914 -0.160796 1.65552
0.00191673 0.00239253 -0.00483823 -1.04453 1.15965 -1.23905
-9.64904e-05 0.000147266 0.000150713 0.00727453 5.94019e-05 -0.0167753
1.40406e-07 -3.36707e-06 -9.03117e-07 0.00728104 6.06428e-05 -0.0167708
7.09075e-06 9.2139e-06 -2.19472e-06 -1.19824 1.07895 -1.42475
-7.70435e-06 1.29081e-05 1.32531e-05 -0.680694 0.0598067 1.46698
-0.00828564 0.00270356 -0.000525777 0.313093 0.226883 -3.07382
-0.0137067 -0.000487919 -0.00762444 0.313093 0.226883 -3.07382
-0.00154311 0.00386123 -0.00140174 1.87561 -0.00469772 1.80738
-0.00498368 0.00252557 0.00210143 -0.377688 -0.169593 1.64454
-0.00517649 -0.000482722 -0.00616643 -1.10985 1.17023 -1.31624
0.000630239 0.00115383 -0.000235102 0.0060944 3.67716e-05 -0.0196824
3.03517e-07 -1.0665e-05 6.89062e-07 0.00609851 5.42214e-05 -0.0196919
-2.96097e-05 -1.43855e-05 -5.25731e-06 -1.23762 1.09099 -1.46871
2.73087e-05 -9.38728e-06 5.96798e-08 -0.680817 0.067434 1.44887
