-0.177281 -0.400292 -0.0213649 0.406932 0.190029 -3.09835
0.178507 -0.0175926 -0.524213 0.406932 0.190029 -3.09835
2.42989 -0.0772354 -0.183397 1.97024 -0.0349986 1.7625
-0.193955 -0.0796932 0.0199102 -0.512226 -0.127868 1.62275
0.155612 0.0799334 -0.252595 -0.0399157 1.21746 -1.34021
0.000613769 0.443192 0.00349957 0.0160399 1.95731e-05 -0.00281134
1.12825e-07 0.225024 -1.40021e-07 0.0160383 2.18021e-05 -0.00281307
0.135911 0.225026 -5.61341e-07 -0.132236 1.04545 -1.43583
-0.135912 0.225029 4.3874e-07 -0.48567 0.0640954 1.38258
0 0 0 0.406932 0.190029 -3.09835
0 0 0 0.406932 0.190029 -3.09835
0 0 0 1.97024 -0.0349986 1.7625
0 0 0 -0.512226 -0.127868 1.62275
0 0 0 -0.0399157 1.21746 -1.34021
0 0 0 0.0160399 1.95731e-05 -0.00281134
0 0 0 0.0160383 2.18021e-05 -0.00281307
0 0 0 -0.132236 1.04545 -1.43583
0 0 0 -0.48567 0.0640954 1.38258
-0.00265067 -0.00425606 0.000375051 0.40449 0.1904 -3.10295
-0.000258624 -0.00673944 0.00513939 0.40449 0.1904 -3.10295
0.000392584 0.00053502 0.0021021 1.96788 -0.0389181 1.76115
0.000636114 -0.00371635 -0.00294477 -0.509416 -0.117541 1.61246
0.00334734 -0.000592118 0.0031573 -0.0859072 1.19799 -1.38685
0.000123822 0.0002847 -0.000750233 0.0125894 2.15527e-05 -0.00337783
-1.91414e-07 -2.74199e-07 -3.93511e-08 0.0125913 2.13419e-05 -0.00338113
5.624e-06 -3.56488e-06 6.97567e-07 -0.113314 1.0368 -1.4139
-4.27473e-06 -8.46504e-06 1.26632e-06 -0.485425 0.0540165 1.38679
-0.00477605 0.00519807 -0.00344431 0.390311 0.18112 -3.11003
-0.00867885 0.00931366 -0.00211841 0.390311 0.18112 -3.11003
-0.00154836 0.00363183 -0.00222857 1.9547 -0.0393238 1.75041
-0.0039794 0.00463547 0.00144028 -0.513591 -0.132746 1.61005
-0.0153869 0.00812002 -0.00178983 -0.020021 1.19753 -1.32236
-0.000422192 -0.00127003 -0.00209406 0.00303968 -1.37805e-05 -0.00143116
1.65241e-06 -2.29897e-05 -1.61138e-06 0.0030543 -3.25392e-06 -0.00143596
-6.98729e-06 -1.84972e-05 1.41788e-06 -0.201347 1.06924 -1.51518
-1.10074e-05 -1.96487e-06 2.06091e-05 -0.48623 0.0592486 1.37146
-0.00248125 0.0051393 -0.00292455 0.384147 0.186869 -3.11048
0.0018364 0.0115643 -0.00173756 0.384147 0.186869 -3.11048
-0.00350418 0.00191377 -0.00626427 1.94825 -0.0407676 1.75582
-0.00224823 0.00493403 -0.00128175 -0.517137 -0.137864 1.60935
-0.00574394 0.00924106 -0.00114285 0.0510821 1.19857 -1.24732
0.000203599 0.000262567 0.0017305 0.0109807 1.93835e-05 -0.00237342
-1.04003e-06 7.99641e-06 1.39734e-06 0.0109865 1.4235e-05 -0.0023728
6.25794e-06 7.34144e-06 -1.11781e-06 -0.237365 1.1004 -1.55591
8.61916e-06 -2.88536e-06 -2.13092e-05 -0.4869 0.0559804 1.36102
0.000905652 -0.00616624 0.00418797 0.395279 0.176308 -3.11236
-0.00551012 -0.00564329 -0.00267485 0.395279 0.176308 -3.11236
0.00228468 -0.000608192 0.00273228 1.95996 -0.0405473 1.74488
-0.00123562 -0.0060913 0.00278613 -0.516871 -0.133507 1.61601
-0.0109608 0.000621028 -0.00541464 0.0745936 1.17042 -1.21929
0.000963868 -3.95006e-05 0.000381517 0.0127023 2.74657e-05 -0.00683224
-1.29336e-06 -4.62719e-06 1.90753e-06 0.0126895 3.89209e-05 -0.00683662
-1.75822e-06 -1.33598e-05 -5.99378e-06 -0.313925 1.10994 -1.64157
1.01872e-05 -1.96983e-05 -5.87796e-06 -0.486871 0.0638037 1.36115
0.00179145 -0.00149975 -0.00791911 0.38441 0.199787 -3.11394
0.0142641 0.0013082 0.00813011 0.38441 0.199787 -3.11394
0.000829604 -0.00201758 0.00177617 1.94765 -0.0487881 1.76655
0.00286865 -0.00177276 -0.00550884 -0.516914 -0.141007 1.61267
0.00449549 -0.000637424 0.0074966 0.152113 1.16337 -1.13385
-6.7201e-05 -2.4403e-06 -0.00176293 0.00464514 5.87168e-05 -0.00652725
-2.12438e-07 -2.74247e-06 -3.09747e-06 0.00466084 2.71702e-05 -0.00652664
-2.97368e-05 -4.35758e-07 1.36622e-05 -0.282188 1.09683 -1.60604
3.17161e-05 -9.35296e-07 3.9892e-06 -0.486395 0.0459941 1.37122
0 0 0 0.38441 0.199787 -3.11394
0 0 0 0.38441 0.199787 -3.11394
0 0 0 1.94765 -0.0487881 1.76655
0 0 0 -0.516914 -0.141007 1.61267
0 0 0 0.152113 1.16337 -1.13385
0 0 0 0.00464514 5.87168e-05 -0.00652725
0 0 0 0.00466084 2.71702e-05 -0.00652664
0 0 0 -0.282188 1.09683 -1.60604
0 0 0 -0.486395 0.0459941 1.37122
0.000175392 0.00648701 -5.65437e-05 0.380792 0.184923 -3.11017
-0.00909337 0.00972846 -0.00135828 0.380792 0.184923 -3.11017
-0.00123147 0.000562541 -0.00606953 1.94508 -0.0391505 1.75426
0.000848574 0.00643711 0.000550017 -0.516569 -0.142906 1.61059
-0.00906201 0.00980228 -0.00146396 0.152072 1.16306 -1.13436
-0.000183181 -0.000190143 0.00130038 0.0106041 -3.89614e-06 -0.00565703
2.08658e-06 4.68897e-06 1.81653e-06 0.0106089 1.94817e-05 -0.00565007
-4.99712e-07 2.35067e-05 -1.24512e-05 -0.352981 1.12823 -1.68492
-1.57484e-05 3.55949e-05 6.5421e-06 -0.486346 0.0487276 1.36984
0.0063262 -0.0112516 0.00131609 0.392352 0.198121 -3.10603
0.012392 -0.0146646 0.00508228 0.392352 0.198121 -3.10603
0.00381474 -0.00368884 0.00869197 1.95543 -0.0423733 1.76759
0.00506278 -0.0106793 -0.00315073 -0.511937 -0.128973 1.61446
0.0103293 -0.0124259 0.0035712 0.156168 1.15182 -1.12656
-0.000322439 0.000857535 0.000670438 0.0136484 5.9314e-05 -0.00418163
-1.70849e-06 1.37768e-05 -6.27646e-07 0.0136451 3.76176e-05 -0.00417941
1.83765e-05 -8.43128e-06 8.5157e-06 -0.273344 1.08515 -1.59577
-5.02496e-06 -2.4199e-05 -1.07879e-05 -0.485443 0.0373444 1.39229
0 0 0 0.392352 0.198121 -3.10603
0 0 0 0.392352 0.198121 -3.10603
0 0 0 1.95543 -0.0423733 1.76759
0 0 0 -0.511937 -0.128973 1.61446
0 0 0 0.156168 1.15182 -1.12656
0 0 0 0.0136484 5.9314e-05 -0.00418163
0 0 0 0.0136451 3.76176e-05 -0.00417941
0 0 0 -0.273344 1.08515 -1.59577
0 0 0 -0.485443 0.0373444 1.39229
0.00520938 -0.000449384 -0.000675585 0.386774 0.177514 -3.09876
-0.00585601 0.00727011 -0.00652927 0.386774 0.177514 -3.09876
0.00170483 -0.00287653 -0.00314558 1.95133 -0.0268957 1.75138
0.00333915 -0.000785906 0.000888269 -0.510715 -0.133863 1.62032
0.0069783 0.00273176 -0.0035862 0.0779649 1.18493 -1.21503
5.24258e-05 -3.79225e-05 -0.00126187 0.00784463 1.41395e-05 -0.00443894
-9.45656e-07 -5.64171e-06 1.13601e-06 0.00783761 1.64401e-05 -0.0044369
6.08118e-06 -7.69738e-06 -6.7918e-06 -0.225745 1.09962 -1.54198
1.29434e-06 -9.55005e-06 1.13086e-06 -0.48498 0.0401276 1.40312
0.00174255 0.00524777 0.00139491 0.382608 0.159213 -3.09294
-0.00940132 0.00420549 -0.0010333 0.382608 0.159213 -3.09294
-0.00270535 0.00132603 -0.00518007 1.94836 -0.0140001 1.73664
-0.0007689 0.0048552 0.00348834 -0.512665 -0.140379 1.62822
-0.0116804 0.00703988 -0.00138268 0.0871519 1.17346 -1.20482
-0.000116434 -0.00101686 -0.00108678 0.00289483 -2.11226e-05 -0.00387701
2.45363e-06 -2.45124e-06 -1.09065e-06 0.00289853 3.19518e-07 -0.00386944
-2.10552e-05 1.01437e-05 2.10447e-06 -0.310422 1.1235 -1.63642
2.34299e-06 2.46807e-05 9.99881e-06 -0.485184 0.0518622 1.39809
0 0 0 0.382608 0.159213 -3.09294
0 0 0 0.382608 0.159213 -3.09294
0 0 0 1.94836 -0.0140001 1.73664
0 0 0 -0.512665 -0.140379 1.62822
0 0 0 0.0871519 1.17346 -1.20482
0 0 0 0.00289483 -2.11226e-05 -0.00387701
0 0 0 0.00289853 3.19518e-07 -0.00386944
0 0 0 -0.310422 1.1235 -1.63642
0 0 0 -0.485184 0.0518622 1.39809
0.0043846 -0.0249023 0.0037787 0.38648 0.157711 -3.0936
-0.0022767 0.00346134 0.00129847 0.38648 0.157711 -3.0936
-0.00295656 0.00193155 -0.00296073 1.95228 -0.0147005 1.73494
-0.00360306 -0.0218263 0.00438844 -0.516188 -0.140672 1.65228
0.0142457 -0.0017407 0.00391286 -0.0339456 1.20839 -1.33734
0.000385906 0.000397643 0.00118615 0.00835204 4.26355e-05 -0.0056591
-6.60631e-07 -9.60291e-06 -2.86733e-07 0.0083625 2.7182e-05 -0.0056624
5.89914e-06 -1.21177e-05 1.25638e-06 -0.205451 1.11212 -1.51971
-1.42721e-06 -1.40577e-05 -5.02363e-06 -0.48521 0.0615595 1.39869
0.0105969 -0.0257133 0.00203282 0.40955 0.178541 -3.08218
0.0138237 -0.0226437 0.00280821 0.40955 0.178541 -3.08218
0.00594684 -0.00259739 0.0145042 1.97352 -0.0161273 1.75818
0.00407854 -0.0249193 -0.00140282 -0.513994 -0.12972 1.67204
-0.00251666 -0.0124409 -0.00212835 0.0685607 1.15571 -1.22154
-0.000670663 0.000117289 0.00114782 0.0135844 4.35125e-05 -0.00258814
-5.83108e-07 -4.2912e-05 1.40123e-06 0.0135634 2.1961e-05 -0.00258076
-2.08134e-05 -4.96275e-05 -1.05696e-06 -0.226015 1.07685 -1.54285
2.50743e-05 -7.25132e-05 -1.00664e-05 -0.483899 0.0535754 1.42176
-0.00361981 0.0221462 -0.00149775 0.403308 0.190337 -3.08466
0.00953816 0.00442498 -0.00174454 0.403308 0.190337 -3.08466
0.000846206 -0.00200625 0.00191644 1.96651 -0.0217977 1.76819
0.00157818 0.0205149 -0.00336512 -0.512245 -0.124875 1.65655
0.000432508 0.00304155 -0.00253821 0.136692 1.14782 -1.14576
0.000124876 0.000769557 -0.000509887 0.0112343 3.21692e-05 -0.00315614
-2.16765e-07 2.7493e-05 -1.1714e-06 0.0112414 2.03426e-05 -0.00315752
1.73487e-05 3.22191e-05 9.21953e-07 -0.22268 1.09027 -1.53908
-1.39556e-05 4.72477e-05 1.00025e-05 -0.484109 0.0468344 1.41741
-0.00583619 0.0148883 0.00311354 0.405934 0.169165 -3.08574
-0.0112676 0.00389187 -0.00447304 0.405934 0.169165 -3.08574
-0.00258742 0.000176016 -0.00509414 1.97065 -0.0150956 1.74823
-0.000363441 0.0141047 0.00349757 -0.509544 -0.126513 1.63984
0.0104717 -0.00558189 -0.000620578 -0.00225938 1.20514 -1.30084
0.000219327 -0.000710943 0.000859652 0.0152077 3.64739e-06 -0.00415939
6.37437e-07 1.65989e-05 3.85494e-07 0.0152035 2.61183e-05 -0.00416106
-1.3226e-05 2.01849e-05 -1.6434e-06 -0.156956 1.07189 -1.4646
6.75255e-06 3.62949e-05 4.41958e-06 -0.484453 0.0596118 1.40963
0 0 0 0.405934 0.169165 -3.08574
0 0 0 0.405934 0.169165 -3.08574
0 0 0 1.97065 -0.0150956 1.74823
0 0 0 -0.509544 -0.126513 1.63984
0 0 0 -0.00225938 1.20514 -1.30084
0 0 0 0.0152077 3.64739e-06 -0.00415939
0 0 0 0.0152035 2.61183e-05 -0.00416106
0 0 0 -0.156956 1.07189 -1.4646
0 0 0 -0.484453 0.0596118 1.40963
0.00323387 -0.00749276 -0.011343 0.397664 0.200244 -3.08146
0.016652 -0.00162114 0.00413757 0.397664 0.200244 -3.08146
0.00311745 -0.000393085 0.00512798 1.96018 -0.0214901 1.77867
0.00150279 -0.00857113 -0.00835068 -0.512905 -0.136037 1.64545
0.0143098 -0.00715976 0.00557485 0.0284224 1.22199 -1.26285
-1.62956e-05 0.00079097 0.000391311 0.0169561 7.7144e-05 -0.00406766
7.23619e-08 4.16697e-07 -5.60967e-07 0.0169657 4.77891e-05 -0.00406209
-4.21699e-05 -9.61099e-06 5.90191e-06 -0.0774903 1.03467 -1.37321
4.13932e-05 -3.24171e-05 -1.16572e-05 -0.484173 0.0330304 1.41812
