179.57916 746.1668 2834.9343
153.81342 447.8664 2818.2385
-28.22045 455.51135 2850.9697
-81.363365 144.09654 2907.9055
-138.71626 -125.7046 2786.4778
335.84723 440.22147 2785.5076
406.69217 140.1047 2832.821
386.83328 -130.75566 2737.3442
146.09654 220.18097 2828.5012
16.615572 -2.3906877 2860.658
-10.854941 -504.2248 2871.931
-23.350924 -970.747 2988.2458
260.14386 -12.618141 2816.8699
309.55127 -497.7571 2840.2156
353.20807 -950.79645 2905.7163
175.62401 746.0066 2837.2473
153.45729 447.14047 2818.268
-31.086628 454.3138 2849.8892
-83.7063 142.3896 2906.3933
-128.159 -112.89243 2776.9631
338.00116 439.96713 2786.647
404.37796 125.823975 2844.5566
384.15762 -128.9848 2730.8313
146.44287 219.75735 2828.9133
20.399475 -2.999049 2859.9539
-16.178978 -504.79886 2872.8618
-24.006119 -969.0057 2985.0757
258.4571 -12.252493 2819.1633
307.70184 -498.60486 2839.029
346.68842 -953.49805 2913.6626
170.37666 745.1593 2838.9312
152.8191 444.87115 2819.079
-30.026302 451.97717 2849.5432
-82.6826 139.79716 2903.9165
-140.71123 -123.93893 2769.5974
335.66443 437.7651 2788.6152
404.3069 121.14648 2851.0815
379.7137 -116.46045 2726.4287
145.60774 218.80925 2828.5283
17.529808 -2.5552628 2858.115
-13.166956 -504.64355 2872.7854
-27.037304 -965.3842 2979.6497
259.26315 -11.949923 2817.8398
303.81006 -497.30573 2836.4905
348.13507 -953.24036 2914.0493
169.60715 743.8502 2839.4036
151.23016 442.40997 2819.2798
-31.951162 448.5707 2848.2847
-91.36948 130.67735 2897.7925
-148.7368 -129.76337 2774.9553
334.4116 436.24936 2790.275
404.75574 126.606674 2845.1775
373.99747 -116.289444 2726.5051
145.18965 217.4955 2828.9023
19.93301 -3.4096496 2857.4016
-14.838475 -501.76926 2872.6223
-27.587517 -964.238 2980.8298
258.36508 -11.4284315 2819.6482
302.88266 -497.63144 2835.4434
350.38174 -953.10876 2913.9634
168.2482 743.12415 2839.1687
150.12596 441.61676 2818.6768
-33.59782 446.89816 2848.39
-96.701515 125.4183 2894.03
-153.04549 -135.42188 2768.5303
333.84985 436.3353 2788.9636
402.87253 118.20271 2844.345
371.24057 -114.15344 2725.943
145.16649 217.1249 2827.9136
20.906422 -3.9374585 2856.4446
-15.836401 -499.42184 2871.2615
-28.022305 -961.82306 2979.8245
259.50735 -10.796391 2817.8562
304.61713 -497.76257 2836.1863
351.37045 -956.505 2925.1619
168.5747 741.95355 2838.411
151.0653 441.66418 2818.4314
-30.89416 447.78122 2847.0735
-94.52298 127.68284 2894.9106
-154.59491 -129.79892 2765.7788
333.02505 435.54718 2789.7893
402.36206 138.53723 2853.0007
374.17596 -114.60416 2728.2258
145.08351 216.6403 2828.4873
20.958 -4.411924 2857.1401
-16.37237 -499.28915 2872.1448
-27.783535 -961.4001 2980.1821
257.24536 -12.355357 2819.9463
303.7164 -499.47787 2834.1968
356.36115 -964.7725 2939.2488
167.56702 740.98566 2838.31
150.02629 440.12918 2818.126
-31.835365 445.84756 2845.4365
-99.22419 124.79284 2893.275
-152.79315 -127.5245 2768.725
331.88797 434.41086 2790.8157
402.48477 128.28592 2851.9802
370.39105 -137.79674 2726.9502
144.55737 215.01567 2828.843
20.697626 -6.375216 2857.3389
-17.183527 -501.60873 2873.0823
-31.078993 -964.9105 2975.8179
257.47928 -13.820473 2821.781
302.80008 -500.89224 2831.8716
343.85306 -975.75464 2923.2957
165.36067 739.90314 2836.6426
150.74394 439.64554 2817.185
-31.512712 445.84174 2843.8914
-106.74716 125.04334 2889.401
-151.23676 -122.44499 2772.6165
333.00067 433.44934 2790.4785
405.10257 128.01424 2846.133
373.34796 -145.53938 2709.432
144.58336 214.12337 2827.4658
18.400448 -7.318443 2855.3337
-19.82067 -503.98074 2872.8582
-29.403675 -966.4219 2976.0981
258.44513 -15.4792185 2820.1597
301.25504 -500.5754 2831.1924
346.24048 -970.51514 2923.8367
163.86147 738.3388 2835.2295
152.40677 439.72964 2817.312
-29.754143 447.8364 2847.836
-101.04006 130.74455 2893.741
-150.65256 -119.840065 2776.1187
334.56763 431.62283 2786.788
403.05447 123.154274 2842.031
377.36664 -148.9554 2734.5068
143.73787 219.85571 2823.9739
16.235058 5.2703547 2850.548
-23.09343 -493.68146 2868.58
-32.842003 -956.93835 2970.5037
253.90315 -5.306659 2810.7231
302.7775 -513.27045 2834.9736
356.9933 -984.9797 2911.8594
164.859 738.627 2834.6418
151.48029 439.46997 2817.1372
-30.980793 446.32037 2846.5486
-103.46053 129.61386 2889.3696
-155.52097 -115.10391 2773.3215
333.94135 432.6196 2787.7258
403.33777 124.88742 2842.622
371.21832 -136.67107 2719.0955
144.36485 217.8907 2824.604
17.531197 0.80607027 2851.3687
-21.428377 -498.09116 2870.3105
-32.840794 -967.3429 2972.5745
256.96756 -8.183405 2812.7732
300.75854 -505.30515 2832.4617
353.0088 -985.3261 2908.1484
164.92711 739.5525 2835.092
152.02214 441.17062 2817.3564
-30.578136 447.6312 2846.1272
-103.853584 153.34526 2888.819
-162.09323 -107.77199 2764.6162
334.62234 434.71002 2788.5857
403.70667 126.56582 2843.428
390.2747 -139.73857 2722.1357
145.29749 217.6932 2824.8599
18.854815 -1.5484419 2851.226
-20.395992 -500.94043 2871.6492
-31.960154 -968.41724 2976.9497
258.29102 -10.019975 2813.5005
300.4183 -500.54672 2831.9148
352.557 -939.3865 2918.4033
164.16202 739.0683 2836.071
152.97855 442.9855 2817.6401
-29.318748 448.11694 2846.5068
-101.328735 162.3519 2887.0696
-169.36708 -101.16432 2743.2092
335.27582 437.85397 2788.7732
404.653 128.58237 2845.9175
396.70728 -146.3747 2734.2493
147.72629 220.3414 2824.0498
27.1311 0.9440725 2848.724
-19.10511 -505.01907 2872.752
-31.238865 -971.87726 2979.649
257.81702 -5.5494714 2812.1948
299.71933 -494.9308 2830.8232
355.16174 -953.2065 2912.3174
165.30533 739.30347 2837.1763
157.16504 449.51862 2820.5208
-21.342855 455.56006 2850.9417
-95.87897 172.29457 2905.768
-180.51561 -80.87917 2732.7058
335.67294 443.47717 2790.0999
406.5754 138.6494 2848.218
400.83145 -137.46017 2727.3726
150.29895 223.08797 2825.1997
28.09147 0.5609716 2849.535
-12.176069 -498.71027 2878.1802
-30.608377 -971.1095 2982.8423
258.77454 -7.246309 2810.2224
299.85342 -494.6717 2828.543
353.5111 -961.9647 2913.0498
166.12001 738.844 2837.4226
160.99954 458.81903 2820.9648
-15.244974 464.52573 2852.9636
-96.20188 186.82668 2909.6472
-194.68494 -53.37376 2719.8655
337.24408 453.11227 2788.966
410.68942 163.04314 2847.708
406.4589 -131.46797 2729.0742
154.41287 232.47858 2825.0522
35.94479 9.76073 2849.4526
-2.471187 -497.1966 2879.9985
-30.08582 -979.0934 2983.9006
259.70755 2.5154397 2808.8267
300.80548 -486.7511 2827.7732
353.7368 -958.4845 2911.3213
168.51726 738.10583 2838.3328
165.63817 460.99823 2822.9216
-5.5742073 468.07416 2856.0251
-93.46743 188.18086 2907.6792
-212.21811 -35.69799 2705.452
336.85074 453.92236 2789.818
411.8498 160.51573 2848.8005
422.7795 -130.47054 2730.209
156.69878 232.06842 2825.6204
33.83571 7.8468494 2850.346
-6.3111424 -498.29886 2879.1973
-29.490786 -974.7846 2984.4348
261.68307 -1.5696251 2806.2922
307.6865 -497.43817 2829.0693
352.04214 -962.6033 2911.6685
170.24701 738.5756 2838.603
166.3206 459.9453 2823.2476
-4.351749 467.04892 2857.4993
-99.7815 192.224 2909.467
-218.07811 33.53657 2719.344
336.99313 452.84183 2788.9958
417.54163 161.90077 2846.4233
425.38464 -144.01855 2724.4187
157.23083 229.61803 2825.7222
31.57912 4.142198 2851.5894
-7.9952345 -499.06653 2878.1763
-30.493746 -968.3323 2984.682
264.70303 -5.5606785 2804.8044
306.84314 -496.44174 2829.985
352.56903 -962.3483 2911.2356
173.78474 737.6575 2839.258
167.18733 459.37402 2823.661
-2.292711 466.69156 2859.1956
-105.3128 195.48512 2909.7708
-250.58513 33.976448 2657.5972
336.66727 452.05646 2788.126
418.58093 159.89583 2841.9395
440.18607 -141.81223 2719.8599
157.5894 229.18948 2825.2854
32.020874 4.012091 2851.2256
-9.795215 -499.9574 2876.8792
-28.73398 -964.11694 2984.6367
263.9621 -6.002346 2802.5945
310.15753 -507.97623 2834.6392
355.402 -964.77325 2911.5684
178.11957 740.55096 2841.0347
172.07013 463.28506 2823.9897
4.344028 471.84106 2860.892
-118.21874 199.67596 2911.1084
-247.62907 101.3882 2675.1606
339.79623 454.72906 2787.0872
427.51187 150.07889 2828.3354
445.82 -143.73154 2719.2454
160.71158 233.58899 2825.6199
36.017513 9.674406 2852.1858
-10.894529 -501.5694 2875.3088
-29.187674 -967.0965 2981.4402
262.68875 -1.8884251 2802.3145
307.3221 -501.46866 2835.8943
354.38266 -962.84393 2911.5874
176.82564 740.79193 2841.3794
174.21819 466.17294 2824.1648
7.877015 475.14218 2860.7253
-125.40551 201.83679 2902.5417
-248.61942 167.5472 2674.8525
340.5594 457.20367 2787.604
428.49808 158.21622 2829.9631
460.96353 -120.67112 2726.491
162.35641 235.79755 2826.7136
38.842228 11.442464 2853.803
-10.539026 -504.44635 2875.1475
-29.378891 -970.3588 2979.0068
262.147 -0.5983045 2804.7222
309.3368 -505.8512 2839.2432
353.28873 -963.6875 2910.5461
176.4358 740.91284 2840.796
176.01347 468.84122 2823.7334
8.771424 478.26633 2861.4775
-132.02007 210.22627 2899.3484
-249.4021 212.00859 2686.4856
343.25543 459.41608 2785.9895
435.6028 159.24706 2824.0518
463.62747 -114.7773 2726.1633
163.40392 237.57608 2825.6104
39.382492 12.589652 2852.631
-9.563025 -503.83176 2873.8625
-29.14379 -966.8818 2973.4321
262.20596 0.032154795 2802.3433
307.6523 -503.36346 2839.2175
353.97598 -965.1479 2913.9358
177.5606 740.939 2841.118
177.84283 471.11734 2823.1084
10.118033 480.84467 2862.0962
-146.19276 225.58003 2899.2258
-255.59554 262.97827 2698.2715
345.56766 461.39 2784.1204
440.13928 162.18834 2819.4312
470.95422 -116.88543 2721.2817
164.88226 239.97957 2825.0198
41.67643 15.235474 2852.5579
-6.3064966 -500.9075 2873.7427
-28.471775 -966.1091 2968.448
262.1667 2.4479809 2801.3047
307.75146 -501.0789 2839.276
355.9893 -964.667 2917.645
178.80397 741.3549 2841.155
178.1789 471.39255 2822.2483
9.622964 480.7641 2862.469
-162.58754 242.21404 2895.4119
-270.93042 323.84113 2694.3376
346.73486 462.02097 2782.0276
439.65445 161.94208 2818.8105
475.7328 -113.09752 2719.3088
165.68388 241.67355 2823.41
42.604233 18.102926 2850.9592
-6.9899483 -499.13147 2871.827
-19.287497 -981.93024 2971.7935
263.77344 5.806115 2798.1838
310.57367 -502.166 2842.2998
365.4119 -957.319 2921.3447
182.16312 743.0096 2841.9875
179.67604 471.14377 2822.5496
10.69327 480.72333 2863.0398
-195.06483 273.64273 2895.2969
-275.999 391.17932 2684.229
348.65872 461.56427 2782.0593
445.3552 163.93372 2818.826
483.20374 -114.277054 2716.241
166.81647 240.56934 2823.4324
42.912373 16.289999 2850.9226
-6.1214957 -499.89304 2872.4082
-24.594471 -974.28174 2971.2744
265.00134 3.6999137 2797.7075
312.35492 -504.91354 2841.7634
372.0162 -962.2872 2925.2646
188.08623 746.6797 2840.8484
184.12285 464.1808 2825.9092
16.239464 474.62302 2868.888
-227.92606 316.59796 2892.8118
-291.98462 494.4075 2639.0234
352.00623 453.73846 2782.9304
451.42398 161.01257 2820.5645
491.74417 -122.396065 2716.2332
169.70667 236.62032 2824.8857
44.80519 15.932094 2852.147
-2.239632 -499.9888 2875.2886
-25.312124 -972.4363 2973.2402
265.7757 2.1877663 2795.5776
310.92908 -504.08923 2838.0037
369.66574 -966.8904 2917.9272
190.57378 744.7208 2840.7402
185.4329 466.60068 2823.6973
16.344097 476.6908 2866.945
-238.18965 344.9413 2883.9353
-291.2852 555.6546 2670.3442
354.5216 456.51053 2780.4497
455.23578 166.8878 2818.9236
492.05588 -117.4579 2710.579
171.47984 238.1649 2822.4404
45.73127 16.400356 2849.7773
-0.22669886 -498.904 2874.6162
-25.602728 -970.97314 2971.8352
269.32227 3.0579119 2792.5896
312.4875 -504.21408 2838.732
371.27557 -963.6956 2919.5503
193.99272 746.42944 2839.2415
189.11526 468.79465 2822.4019
17.633366 478.53552 2867.1702
-240.03368 354.34833 2876.339
-280.5548 608.84955 2692.214
360.59726 459.0538 2777.6333
462.79053 177.95323 2815.8513
491.22083 -115.521065 2705.6118
175.70462 240.58513 2820.6875
47.516697 18.895473 2848.9377
-0.74568343 -497.42264 2874.321
-26.739279 -969.1518 2972.0981
277.0709 5.855884 2789.0085
314.10666 -504.95038 2839.4543
372.55023 -961.72986 2918.8022
196.14651 747.0803 2838.4578
192.11807 472.06335 2821.1155
20.035616 482.25644 2867.6438
-242.80959 395.97852 2860.861
-268.94183 671.81555 2722.2104
364.2004 461.8702 2774.5874
462.8245 179.90987 2815.5732
491.12033 -114.769455 2700.3232
178.18053 242.74828 2819.8052
48.550766 20.286024 2849.7761
-0.9666414 -496.45486 2875.439
-26.684324 -965.5339 2972.4336
279.93546 6.580297 2787.2136
315.2814 -505.39603 2838.8342
371.63284 -963.08044 2919.3826
203.19032 750.5975 2833.6533
192.23245 472.485 2822.1055
17.388624 482.21127 2868.6843
-250.49498 423.8 2867.9258
-257.14963 719.90674 2732.4563
367.0764 462.75873 2775.5266
467.99854 183.84967 2812.141
490.46075 -107.70085 2699.4932
179.08302 243.74167 2820.511
49.876965 21.454338 2849.8342
-0.15100883 -495.24237 2875.161
-24.18784 -969.37683 2944.9458
281.9903 8.542271 2787.9985
317.2912 -505.5665 2839.6785
370.14865 -966.0046 2918.9768
201.20883 750.3529 2835.0393
192.77269 473.28683 2823.8167
17.280916 482.3935 2869.9866
-248.25461 435.05545 2870.7668
-247.19676 750.7267 2753.8875
368.26453 464.18015 2777.647
471.6332 185.732 2812.5884
489.12012 -105.23247 2697.707
180.29308 245.10872 2821.388
50.673733 23.009192 2849.777
0.058651127 -493.3314 2874.4126
-27.271196 -967.20483 2953.6199
284.953 10.851882 2788.141
318.63675 -505.58304 2839.8872
370.9247 -969.7554 2919.4766
205.74843 751.2494 2833.2844
193.28163 474.44827 2824.0608
17.319778 482.36606 2870.3015
-239.65652 458.2342 2886.2603
-231.9104 788.74054 2783.6912
369.24368 466.53046 2777.82
471.81317 193.77937 2810.8586
486.97458 -99.27952 2698.095
182.45467 249.51076 2821.3762
54.892265 29.826025 2849.3682
-0.6481283 -490.9205 2872.0288
-26.365028 -959.61237 2950.9255
288.36285 19.320498 2788.0151
320.91788 -504.2664 2841.1077
369.56662 -971.53864 2920.4473
205.30959 750.5829 2834.7097
191.92172 477.71844 2823.407
14.794568 484.8629 2868.7727
-240.54338 470.0596 2889.6226
-219.77464 816.3554 2816.9285
369.04883 470.57394 2778.0413
470.73804 197.22765 2812.3958
481.3744 -97.41096 2692.2725
182.00168 250.52217 2820.4553
56.006866 28.007885 2847.2327
0.28211844 -491.6486 2871.1455
-26.875786 -960.47125 2958.083
288.15656 18.644062 2787.7747
321.64627 -504.108 2841.353
373.37668 -1003.1215 2919.9048
204.44243 751.3913 2834.689
191.41394 480.8963 2822.625
12.688069 488.23352 2868.1284
-248.99359 500.97302 2884.23
-206.97739 850.7992 2839.785
370.13992 473.5591 2777.1218
468.3389 198.15663 2812.5652
472.68292 -94.894325 2681.0918
181.4094 251.56438 2820.308
56.120094 26.96515 2847.3425
1.6082547 -492.00406 2870.8687
-25.36993 -952.7819 2956.435
286.68958 17.499636 2788.64
321.3843 -503.56473 2841.7263
374.07446 -1003.4422 2921.892
206.43346 754.30164 2832.697
191.58072 483.25278 2822.2434
12.10539 490.58466 2868.5525
-249.89891 514.05334 2881.5623
-190.30168 879.66455 2861.4285
371.05612 475.92093 2775.9346
467.85364 200.66373 2811.5095
472.76837 -91.20516 2693.5652
181.65636 252.03462 2820.3877
57.610622 25.47845 2847.978
2.0185363 -493.51227 2869.8975
-26.264454 -956.8332 2955.2883
285.85306 16.154404 2789.0857
321.44806 -503.8598 2842.0688
374.3016 -1001.9827 2922.7563
207.54109 754.65704 2830.596
192.4855 484.35577 2822.7107
12.740943 491.14453 2870.5203
-238.07042 552.4487 2882.2383
-168.47928 898.54614 2892.9226
372.22995 477.56708 2774.9011
468.32852 200.59695 2811.218
465.05157 -93.819374 2699.0251
182.99043 252.49493 2819.936
59.0673 24.955885 2847.5977
2.9239757 -494.48584 2869.2812
-27.159903 -960.259 2951.579
287.92343 16.312277 2786.725
321.8317 -501.70792 2841.9092
373.85672 -989.34875 2924.5715
209.72954 754.90686 2827.8306
192.1057 484.91394 2823.144
12.432823 491.83112 2870.9307
-243.41138 557.90875 2897.5876
-156.2104 887.26874 2926.4092
371.77856 477.9967 2775.3574
473.25833 185.72334 2809.5957
461.321 -99.28397 2695.0369
182.33342 252.15872 2820.093
58.95836 23.777222 2847.2563
3.1153681 -496.35342 2869.7844
-21.031271 -983.57214 2964.9426
286.164 15.03004 2786.8276
322.92084 -498.02914 2841.9612
372.44006 -989.0476 2930.6958
212.16328 754.53503 2826.1472
191.17078 486.6371 2821.3984
9.041258 493.4557 2869.2385
-244.65445 560.03406 2913.036
-139.4094 874.0425 2948.3586
373.30014 479.81854 2773.558
475.58728 179.4453 2808.4556
452.0147 -100.622986 2688.7532
181.8366 252.55411 2819.226
59.76927 22.691607 2846.6655
8.596506 -520.55347 2879.8486
-20.128601 -1002.05426 2966.6238
285.23563 14.250599 2787.442
323.8275 -495.23203 2840.815
371.819 -986.6886 2930.246
213.47273 752.74896 2824.9685
191.49205 489.11246 2821.4084
8.493028 495.6459 2869.5876
-254.96059 576.6509 2911.821
-122.841644 863.29584 2985.377
374.49106 482.57904 2773.229
473.49216 191.73944 2809.9944
457.2748 -97.70305 2680.9497
182.40582 254.09442 2818.7659
60.889847 23.090332 2845.7236
6.947955 -508.11136 2874.667
-22.705091 -958.46545 2971.3562
285.7492 15.062439 2786.5232
323.65945 -493.1054 2838.7903
372.15558 -981.7955 2928.9458
214.69046 752.3503 2825.381
191.58344 492.20197 2821.7393
8.053921 498.24 2869.9534
-250.83705 572.3301 2907.8474
-104.80611 838.3708 2990.4644
375.11298 486.16388 2773.525
471.58044 197.47054 2811.3496
457.5654 -94.26585 2684.0212
182.92397 256.73544 2818.265
64.02518 24.895723 2843.751
8.006594 -503.15845 2871.2544
-22.30422 -946.7327 2965.0222
284.5039 17.642124 2785.83
322.52676 -491.27747 2838.0085
372.04022 -979.6259 2927.4446
214.43312 754.1716 2825.0366
192.30931 491.38132 2821.2231
10.021474 497.68616 2869.5857
-241.92912 593.0547 2883.778
-92.685455 818.7089 2981.861
374.59708 485.07648 2772.8606
471.71228 188.2968 2811.1497
454.77377 -95.97914 2693.0947
183.40097 256.6802 2818.2432
64.38222 25.787529 2844.4766
9.088336 -499.29968 2868.9307
-14.888865 -932.608 2944.2136
284.60327 18.170727 2786.0498
322.87286 -491.0143 2838.1367
371.97476 -978.3625 2918.369
202.00719 759.41486 2828.43
202.97061 501.1684 2828.1624
28.50109 510.0315 2881.404
-244.43706 590.9909 2879.0208
-101.306244 798.3148 2991.478
377.4401 492.30536 2774.9207
472.768 197.07277 2813.8418
462.83075 -92.12466 2700.9148
189.21693 265.57104 2822.312
66.91743 35.487885 2849.586
10.815591 -501.2668 2869.9304
-17.596004 -939.4514 2950.4148
284.0092 24.459618 2783.3374
322.9639 -485.0856 2835.9023
369.55682 -971.9535 2909.572
205.7277 756.96844 2828.1382
199.35759 498.4707 2824.6528
21.473373 506.64606 2876.195
-246.77899 594.9385 2883.918
-99.81406 795.5626 2986.3184
377.24164 490.2955 2773.1104
468.49384 196.74135 2813.4849
474.17944 -94.71703 2713.6367
187.31064 263.3355 2820.3718
65.73763 33.233845 2847.8264
10.636459 -498.97278 2868.7532
-7.2251678 -965.0071 2964.9163
284.78995 23.166574 2784.3555
324.08975 -487.53098 2838.03
370.5953 -976.46063 2914.7136
206.29376 755.68646 2827.5105
198.10068 496.26718 2821.9146
18.515818 504.2077 2872.4805
-246.43304 596.9744 2882.1082
-84.64709 735.30164 2951.5347
377.68552 488.32666 2771.3484
469.78592 193.17183 2812.0552
473.93564 -92.30413 2719.5679
186.8202 261.8566 2818.6624
65.680626 32.303425 2846.3435
10.720079 -497.65915 2867.4917
-13.237422 -956.5041 2962.496
285.39902 22.588358 2784.477
324.12494 -489.36774 2839.6338
372.82062 -982.5761 2908.2734
205.03732 755.9371 2825.0444
198.11351 494.35504 2819.996
17.90676 502.34158 2869.731
-245.26543 593.4831 2885.339
-103.68979 805.91113 2969.4612
378.3202 486.36847 2770.2612
470.03595 195.23584 2812.6416
474.56473 -93.31622 2713.1096
186.9963 260.32565 2817.296
65.68644 31.179941 2845.0076
10.93952 -496.2853 2866.8123
-16.526459 -952.83246 2962.2734
286.07193 21.412666 2784.1838
323.57397 -489.7853 2840.1597
383.43298 -964.77985 2940.3118
206.04791 756.6683 2825.247
198.64105 493.26495 2818.8079
17.924307 501.45197 2867.769
-240.33022 599.4128 2879.2727
-88.254234 728.5961 2939.1384
379.35767 485.07794 2769.8467
470.44104 196.11264 2811.9382
480.2877 -92.16422 2707.2742
187.34799 259.4819 2816.217
65.47472 30.708542 2843.5854
11.203568 -496.2416 2865.7578
-17.855978 -962.9324 2967.1633
286.63522 20.689257 2783.667
323.83887 -490.69693 2840.2993
379.0024 -975.0463 2923.4277
207.50032 757.1614 2824.7473
198.62538 492.51297 2818.541
17.898132 500.40146 2867.0334
-230.86292 624.6724 2865.2188
-93.05108 726.9614 2938.1165
379.35272 484.62445 2770.0483
468.08273 196.71846 2811.7437
492.48706 -88.079 2710.06
187.55731 259.49905 2815.1965
66.09172 31.303856 2841.4739
11.476974 -497.06076 2865.3074
-54.57989 -976.4704 2944.083
286.88675 21.666454 2782.2305
322.89545 -490.5208 2839.064
375.92334 -977.66895 2917.8875
207.81056 757.8251 2824.972
198.53127 492.04077 2818.35
17.269129 499.45218 2864.5999
-228.18668 628.9137 2850.21
-97.32743 729.14014 2936.7039
379.79343 484.6293 2772.1003
470.0371 197.76358 2812.8877
495.06604 -90.978745 2706.8762
187.63202 258.5743 2813.0461
66.90787 29.598486 2835.7644
13.274671 -494.94473 2864.6523
-40.934044 -1000.7009 2956.4812
286.55746 20.617418 2779.72
322.48434 -491.71002 2836.5002
373.97464 -978.5484 2911.6611
207.66687 757.7505 2825.3616
199.64444 492.3636 2814.1968
20.753649 500.41742 2858.9023
-209.63176 613.623 2827.8074
-147.2016 882.7455 2923.3406
378.5353 484.30975 2769.4912
469.5502 197.96698 2810.8342
495.53314 -96.0062 2704.3223
188.2454 259.7095 2810.4958
66.05185 32.043533 2834.483
12.235129 -495.00974 2862.0935
-32.735302 -982.5643 2955.9355
287.64047 22.067429 2779.107
323.35196 -491.70868 2837.328
373.36896 -976.8761 2912.7844
208.3062 757.8515 2824.6602
201.80064 492.59525 2811.5593
24.40219 501.81946 2854.769
-181.13835 604.4889 2813.38
-181.88187 808.3262 2825.614
379.19928 483.37103 2768.3494
470.46735 197.82991 2809.607
502.5188 -90.077515 2700.4763
189.09836 260.42435 2808.972
65.3186 34.029144 2833.4402
12.499248 -494.05783 2861.0935
-28.406425 -973.00635 2956.7986
287.4733 22.47773 2779.3289
323.42148 -491.6136 2836.8296
372.11865 -975.09467 2913.5083
208.52472 757.3738 2824.471
203.24414 491.17014 2809.3992
27.187494 500.94855 2850.8538
-168.37071 602.9661 2808.1152
-182.16017 888.28033 2842.4116
379.30066 481.39163 2767.9448
470.6601 196.8311 2809.7192
505.8053 -87.45976 2703.2573
189.92235 260.64835 2807.1982
65.440796 36.300636 2831.171
12.871062 -493.9857 2860.3535
-29.931932 -973.36005 2955.882
287.7602 23.952646 2778.8235
323.1423 -489.65942 2835.1255
370.87805 -972.5341 2913.6982
208.97623 758.17285 2825.2888
203.625 492.14667 2809.8367
27.590542 501.98904 2851.6902
-164.74966 609.403 2770.5151
-188.03072 898.43066 2796.966
379.6595 482.30426 2767.9832
471.01355 198.88783 2810.0068
505.1655 -80.6363 2689.3015
189.985 261.51288 2806.7039
65.282265 37.088802 2829.977
13.515886 -494.7245 2859.795
-25.228712 -970.6303 2952.5974
287.408 24.669353 2777.165
321.925 -488.7888 2832.4583
368.69 -987.71533 2902.1274
208.993 758.38416 2825.1006
203.59746 492.03052 2810.4082
26.998398 501.66132 2852.5535
-150.639 603.90424 2726.6765
-192.32127 919.7381 2746.9937
380.1965 482.39963 2768.2627
471.05136 199.9091 2810.0352
505.3496 -83.50439 2687.823
190.15388 261.0227 2806.865
65.51141 36.07925 2829.8594
13.697259 -494.14505 2859.0881
-25.869236 -973.0423 2955.784
287.90912 23.950743 2776.7842
321.5619 -488.4316 2832.0872
368.28375 -976.0342 2907.482
209.80054 758.70325 2824.8616
204.32721 490.70715 2809.7249
28.11892 500.59915 2851.2922
-140.86803 621.52997 2728.708
-197.15144 938.13824 2688.0938
380.5355 480.81512 2768.1577
470.67502 197.90059 2809.3408
503.59122 -79.19821 2685.6104
190.63547 260.1439 2806.5525
65.5213 35.83569 2829.6643
14.83004 -487.12967 2855.5781
-11.333182 -950.0362 2943.322
288.36618 23.32562 2777.0957
321.33875 -488.4958 2832.065
368.8227 -973.6757 2909.8423
211.2664 758.4083 2825.146
206.12279 488.3536 2806.3896
31.377888 498.97287 2844.9639
-137.38383 636.061 2708.3625
-209.7987 949.85614 2619.628
380.86795 477.73444 2767.8154
469.4324 193.91573 2807.1445
497.52618 -87.31735 2703.7542
191.84488 258.7359 2804.921
65.83738 35.907887 2828.116
15.139075 -487.91864 2855.634
-16.77284 -963.347 2947.7146
289.2963 22.32837 2778.7883
321.9693 -489.489 2832.5708
368.6689 -979.1418 2910.6128
214.50815 758.8769 2827.8042
205.99426 490.5357 2805.3057
31.359224 501.15643 2841.7832
-139.56403 639.34216 2693.3508
-210.46506 927.24347 2543.587
380.62943 479.91492 2768.8281
468.19974 196.95926 2804.875
490.96823 -80.88572 2691.4924
191.73276 260.58328 2803.9812
66.32686 37.39026 2825.8723
15.038883 -487.96048 2855.289
-21.16205 -968.2427 2948.7454
288.61563 23.871428 2779.4412
321.8455 -489.85278 2832.0466
364.78143 -982.3805 2910.3176
214.52061 758.7108 2828.18
204.11302 491.2076 2807.1458
28.034721 500.98166 2844.941
-126.80315 636.6666 2667.9375
-207.85301 886.83215 2470.282
380.1914 481.43356 2769.3508
466.2447 198.96207 2805.5034
483.47232 -85.557106 2670.765
190.90233 261.24277 2805.0708
66.964264 37.424446 2826.7634
14.946226 -489.4177 2856.2346
-27.46554 -973.9801 2954.639
288.41928 25.131557 2779.2283
321.907 -486.46558 2832.1113
364.9558 -972.5006 2913.6455
215.1556 759.04913 2828.5608
204.4471 491.86465 2804.816
28.86974 502.09747 2841.3206
-128.12393 639.9049 2663.7249
-205.45044 833.3116 2415.29
380.02463 481.63174 2768.3113
464.97308 200.00165 2804.8708
472.8301 -82.15024 2670.619
190.8889 261.86044 2804.0786
66.710976 38.30337 2826.3403
13.231078 -492.1107 2856.6826
-34.890324 -987.30676 2959.7756
287.95016 25.409153 2780.342
322.28915 -486.53226 2832.7075
367.81174 -971.57513 2913.5374
215.49004 759.3728 2828.6926
203.74954 497.87912 2800.787
26.340078 508.10275 2835.1663
-120.185196 616.8697 2639.9907
-204.71277 788.3273 2377.9358
381.15897 487.65546 2766.408
463.4622 207.21918 2800.7585
466.72366 -79.903366 2654.8948
190.5155 265.04623 2801.7346
67.00183 38.56857 2824.0527
12.889746 -492.80353 2854.7883
-33.121975 -982.90625 2955.3516
287.56146 25.858315 2781.3115
322.3732 -485.59793 2834.7378
374.6333 -952.9512 2920.8342
215.9058 759.1291 2829.0134
205.09135 495.69968 2801.0093
28.891994 506.44626 2835.6716
-108.02738 612.32074 2625.9092
-196.66306 763.3119 2361.0586
381.2906 484.9532 2766.347
454.1089 204.41437 2797.4492
450.769 -69.24715 2658.908
191.13474 264.4572 2801.7568
67.847244 39.882862 2824.0122
12.129053 -491.51648 2852.6997
-20.01703 -955.62225 2939.2744
286.50912 26.546497 2780.9966
322.1959 -485.3658 2835.1975
377.06155 -953.6922 2917.4006
216.11249 758.3005 2828.7083
210.89203 491.16974 2798.773
40.86747 503.77515 2828.742
-103.5217 618.19635 2621.661
-191.28265 753.5974 2345.242
380.9165 478.56445 2768.804
453.43536 196.2971 2796.0012
441.9285 -76.4766 2645.1663
194.1827 262.88266 2799.9954
68.79362 42.652927 2820.374
11.360758 -488.37527 2849.7544
-22.282341 -953.5678 2937.2805
286.1529 26.53823 2782.0615
322.06842 -485.12827 2836.5867
373.68637 -961.7676 2917.543
217.36862 757.6505 2828.6492
209.2857 491.41425 2801.8364
37.640045 503.16574 2830.9675
-104.69897 591.8405 2614.9006
-179.83853 724.4034 2367.1946
380.93155 479.66278 2772.7053
452.6065 193.9837 2795.967
432.39133 -78.93185 2652.7876
193.62355 262.9086 2801.7307
69.455505 41.831684 2820.0403
10.872866 -489.05405 2849.978
-24.417135 -953.32996 2940.2305
286.46704 26.974298 2783.2097
321.97552 -484.2365 2836.1353
371.28598 -963.7784 2916.3276
218.3712 757.2573 2829.27
212.78438 488.95844 2799.1174
44.960445 501.62805 2826.8008
-97.02818 584.0786 2612.7249
-171.22867 711.1898 2350.3147
380.60828 476.2888 2771.434
453.4046 170.03954 2790.5305
432.91666 -88.41536 2649.118
195.7455 261.67154 2799.8433
70.41254 42.56016 2818.4329
10.011051 -487.74622 2850.036
-26.709696 -952.4118 2943.408
287.0005 26.209152 2782.7056
321.22983 -483.70105 2834.6138
369.75604 -966.0862 2914.939
220.41756 756.9928 2830.3967
214.43921 485.34027 2793.8638
43.23275 499.0911 2822.7703
-94.34894 575.20404 2606.5364
-158.78299 682.6683 2372.7146
385.64563 471.58942 2764.9575
454.3219 162.40784 2792.3152
428.55035 -78.3355 2641.7
196.87607 259.77988 2797.1404
71.50128 42.878555 2818.6199
9.905561 -486.76483 2850.8018
-25.994253 -955.0494 2945.047
287.1244 25.560297 2782.214
320.94482 -482.77838 2832.495
369.88654 -966.94366 2909.9216
220.79079 756.2962 2831.6743
213.76459 489.56418 2794.276
43.940548 502.48886 2821.2158
-92.769066 573.81604 2603.077
-156.83641 671.8036 2373.8538
383.58856 476.6395 2767.3357
453.00226 173.53105 2795.324
429.82397 -78.76562 2650.26
196.98618 262.2841 2797.5483
72.76842 43.180912 2817.8645
9.690949 -487.61725 2851.1824
-19.063023 -972.80115 2949.6355
287.64746 26.827246 2783.777
321.0929 -480.63022 2832.4333
371.37524 -966.3532 2908.541
221.00597 756.91626 2832.755
212.73538 491.88947 2794.1501
43.273884 504.24954 2819.8745
-88.816696 573.3717 2597.0273
-162.30403 681.153 2357.2874
382.19672 479.52936 2768.4258
453.01526 179.71144 2797.7686
433.8766 -80.72028 2656.0376
196.64525 263.70908 2797.792
72.26459 43.427155 2817.8726
9.671466 -487.27634 2851.2744
-23.527315 -972.5591 2950.1128
288.84595 27.630278 2784.9954
321.44528 -478.7354 2832.0264
371.12454 -965.47406 2909.864
221.0526 756.9009 2834.0168
211.75386 492.6544 2794.197
42.397858 504.5632 2818.9238
-90.31706 568.86304 2590.981
-122.11194 613.09155 2422.4072
381.10992 480.74554 2769.4705
452.58762 181.38678 2797.7493
436.43323 -82.61285 2666.8967
196.31479 264.45657 2798.3572
72.87816 43.852932 2818.2852
9.064601 -487.43478 2848.9978
-20.91764 -981.1156 2950.8416
288.87323 28.664482 2786.7493
321.14407 -477.47403 2832.9312
373.2692 -965.64294 2909.0881
221.50769 755.37164 2838.6882
212.2975 490.78574 2794.7136
44.077267 502.60263 2817.4155
-80.770515 550.60156 2595.9197
-162.45984 683.8743 2330.3137
380.51773 478.96875 2772.0115
452.11014 174.33823 2796.1946
438.5994 -96.73152 2674.3677
197.03157 263.29584 2800.0076
73.342255 43.422306 2819.9338
9.920277 -487.08484 2848.9963
-24.189339 -979.1255 2951.2224
290.1889 28.189587 2790.6694
320.77267 -474.5412 2833.8281
374.8858 -963.0022 2908.1174
220.40697 755.1174 2838.583
213.5453 490.06308 2794.0596
46.842533 502.47726 2815.8904
-84.08633 556.4098 2591.4922
-164.32701 686.69073 2318.4688
380.24817 477.6489 2772.229
452.0452 176.08836 2794.691
448.0407 -102.60845 2680.066
197.3144 262.70798 2799.4053
72.961845 43.404594 2818.91
10.703808 -485.66483 2848.8826
-24.444328 -974.62683 2947.7375
289.2053 27.301117 2790.5918
321.21613 -474.25366 2835.0325
375.80612 -964.54126 2907.6443
220.3616 754.8255 2838.6711
213.8019 488.74823 2793.258
47.865425 501.1723 2814.4165
-85.84258 558.2299 2589.5288
-162.07715 675.1982 2337.4265
379.73822 476.32413 2772.0996
450.8957 177.08617 2794.357
459.44836 -111.40042 2692.2476
197.47473 260.97913 2798.9565
72.882225 41.316196 2818.4597
11.516429 -486.57507 2849.0334
-24.668425 -972.9973 2945.0598
289.4131 25.103973 2790.85
321.2345 -475.23947 2835.9004
379.48175 -965.9165 2909.7817
220.27272 755.183 2839.7034
207.6683 482.3109 2791.125
40.98718 492.80524 2810.03
-85.2187 567.3726 2589.742
-164.69467 676.4903 2314.7456
374.34952 471.8166 2772.22
445.58173 173.1885 2794.064
463.50812 -116.23324 2706.592
194.242 257.4686 2797.5603
72.090034 39.471703 2816.3274
10.666064 -488.8187 2847.6338
-23.51148 -977.3358 2942.4954
289.5416 25.780865 2791.664
321.5044 -475.94016 2838.1052
378.1664 -965.7685 2912.26
219.9879 753.8483 2842.9019
207.81015 488.18384 2793.081
43.24804 498.55322 2812.7795
-86.82193 559.9359 2590.4988
-162.81807 651.46075 2320.1687
372.37238 477.8144 2773.3823
431.57916 193.85396 2802.3472
469.44507 -107.58193 2714.5933
194.06398 260.28235 2798.2131
72.08533 39.200798 2816.301
9.891834 -489.32047 2847.7197
-21.837412 -979.15985 2943.3
288.55032 25.560942 2790.3894
320.8714 -477.9603 2837.0635
377.12027 -967.198 2912.415
219.67245 753.3794 2842.3997
206.83987 486.73715 2793.1838
43.011017 497.20523 2812.0684
-89.21797 560.3443 2591.1208
-159.89377 624.7899 2320.0806
370.66873 476.26898 2774.2993
433.66583 185.6696 2801.0393
468.60257 -107.42124 2716.4783
192.85161 258.50714 2798.3442
70.06664 37.22882 2816.0457
4.710196 -500.79135 2846.5037
-23.392464 -980.322 2944.2585
287.66006 23.32532 2790.9636
321.02414 -489.39957 2837.4634
366.5651 -988.5376 2929.7449
219.58997 753.21606 2841.7922
207.6898 486.99478 2793.7302
43.204494 498.36795 2813.6523
-86.42264 524.9124 2579.6663
-167.88329 598.00336 2304.1223
372.17508 475.6216 2773.808
436.0495 184.80415 2801.6182
471.78992 -116.99897 2726.1116
192.5155 257.4702 2799.476
68.02431 35.50419 2818.4622
7.1453342 -493.33072 2846.7773
-26.24925 -980.17175 2944.832
286.65833 20.386969 2791.9817
321.98407 -488.39423 2838.5933
372.36008 -981.74603 2923.777
218.66791 750.96643 2842.1248
207.89722 483.61835 2793.358
43.58571 495.14673 2813.156
-83.93349 492.56442 2602.724
-164.42186 554.1563 2318.465
372.2088 472.0899 2773.5598
434.54474 185.33684 2807.287
468.4717 -116.51042 2729.3662
192.67996 256.00732 2799.602
69.429794 35.976105 2818.863
8.35207 -493.72827 2847.3533
-28.212332 -983.0957 2948.2734
285.4956 20.816559 2792.829
322.72046 -486.88504 2839.3076
374.15857 -976.80035 2920.843
219.31058 750.18774 2842.4949
207.27032 480.54788 2794.862
42.83426 492.4082 2814.105
-83.54298 481.82068 2606.6624
-150.09233 504.86716 2328.0637
371.70624 468.68747 2775.6191
433.849 180.92288 2811.2078
469.93085 -121.94914 2731.2722
191.49835 251.47647 2801.2742
67.39055 30.219133 2820.3643
8.477833 -492.2631 2848.6404
-28.338894 -981.1731 2948.533
284.0621 14.591101 2795.0083
322.6022 -488.48254 2840.2737
374.92557 -976.67847 2926.748
220.09534 748.95465 2842.5964
208.16983 478.9879 2794.6487
43.296143 491.1565 2813.6096
-113.82883 412.1665 2679.1575
-157.83812 450.64078 2277.438
373.0437 466.81937 2775.688
435.46848 176.74367 2809.6501
465.5122 -120.56077 2718.8762
191.9579 248.52121 2801.5847
67.13151 26.070875 2821.0115
8.696414 -493.68445 2849.9167
-36.478657 -980.0067 2952.8743
284.36035 10.03822 2796.0298
323.30087 -494.14267 2844.5215
376.65213 -975.5248 2927.1638
221.39607 748.6226 2843.556
208.786 475.18234 2798.218
44.224197 487.4716 2818.967
-115.180336 415.09814 2678.666
-108.85931 400.13828 2427.5984
373.34784 462.89313 2777.469
440.2016 168.47005 2821.172
459.9743 -124.688095 2721.3564
192.30875 245.7961 2803.3962
66.63353 24.564558 2822.3428
7.7330585 -498.63232 2853.4253
-33.113556 -977.4452 2951.237
285.0294 8.25511 2794.8062
323.18872 -495.4842 2844.1265
376.75543 -977.06976 2924.5554
222.4205 748.5113 2844.297
204.83978 475.49222 2805.2915
36.194157 486.10083 2830.5942
-109.615204 400.89548 2677.9988
-128.98338 347.06894 2350.5889
373.48544 464.88367 2779.989
442.54837 168.2139 2827.6575
465.17627 -145.4346 2734.322
190.69803 247.11444 2806.786
67.92672 25.569935 2824.5784
9.763121 -503.5041 2858.0217
-32.93686 -984.298 2956.436
285.1856 11.903376 2791.9822
322.91928 -492.61267 2841.029
375.49246 -974.1502 2920.0928
223.0785 749.0667 2844.872
198.6016 476.1166 2805.1782
24.041286 484.8089 2830.819
-84.98296 303.56323 2697.5923
-126.603584 279.07315 2530.9436
373.16187 467.42444 2779.5376
443.77853 170.46684 2828.9143
458.19223 -130.14998 2737.7961
187.58388 247.20868 2807.771
67.360214 23.738655 2826.4045
10.620289 -502.31665 2857.2444
-33.30263 -979.0521 2959.0452
285.7724 12.862871 2794.3228
323.8151 -497.28726 2843.3962
374.82385 -976.7672 2922.6846
226.54163 750.5586 2846.3076
195.03496 470.9624 2804.1455
17.169388 478.78207 2828.633
-77.50632 287.6591 2718.6523
-136.67818 245.6627 2438.7234
372.90033 463.14273 2779.658
443.12524 165.33623 2828.8125
461.1899 -129.8529 2733.4028
185.58195 245.15045 2807.593
66.9552 24.13816 2826.071
9.766419 -499.172 2854.2048
-31.968506 -981.7019 2956.9556
285.303 14.53876 2796.01
323.70044 -495.18747 2843.991
374.61285 -976.8262 2922.241
226.36304 750.8588 2846.7688
198.71097 471.67596 2804.5564
24.262611 480.7473 2828.042
-88.3858 245.73163 2713.9148
-136.28638 145.98477 2416.0774
373.15942 462.60464 2781.0708
444.1627 163.69987 2828.6958
464.02484 -140.49986 2751.8076
187.47992 246.04192 2808.2844
67.1242 26.082355 2826.7036
9.919416 -497.46292 2853.6138
-31.559992 -981.751 2956.475
285.37323 14.733343 2797.3213
323.80222 -494.6218 2844.7634
375.0134 -977.65015 2925.5154
225.84982 749.9788 2846.0547
200.74986 471.62405 2803.824
27.541433 481.684 2823.86
-88.728294 233.76407 2702.4377
-139.36612 71.171715 2448.327
373.9585 461.56403 2783.7878
444.17996 161.8951 2831.281
463.01474 -140.53049 2751.2937
188.13986 241.95755 2810.1252
67.176735 18.584257 2828.9604
11.316634 -503.69073 2855.9238
-35.202232 -952.43585 2939.5298
283.88263 5.9979935 2803.8928
323.03708 -489.6217 2844.259
388.49237 -965.95917 2928.7036
226.11787 749.6158 2846.1821
202.2599 471.39105 2803.9287
30.389801 481.79953 2824.5708
-82.24277 214.23085 2735.1
-137.69116 7.1932855 2630.2332
374.13013 460.98248 2783.2866
444.1258 159.81883 2829.7168
460.28864 -143.02301 2745.6465
189.13658 243.56975 2809.5376
67.900185 22.295874 2828.131
11.316632 -500.36456 2854.587
-32.00303 -962.7255 2945.6511
284.12662 9.201171 2802.1619
323.0295 -492.67557 2846.5635
385.23993 -968.7611 2928.5125
226.44888 750.7385 2845.887
206.22395 469.6049 2802.9531
36.159992 481.3476 2821.3853
-79.66007 203.33989 2772.8528
-128.77 -6.6499577 2566.9722
376.288 457.86212 2784.5208
442.36118 147.15146 2832.9792
459.70224 -147.79088 2746.4639
191.2727 242.97578 2809.3862
68.95587 23.760225 2827.456
11.797398 -499.59412 2854.176
-31.831877 -963.0349 2947.4968
283.68726 8.933234 2804.1826
323.21817 -495.365 2848.649
386.77148 -973.4196 2931.5496
226.55324 751.4559 2844.9133
204.56436 468.81583 2804.4895
32.472866 479.7171 2823.2434
-75.62445 197.25455 2776.3647
-124.12928 -54.238556 2607.658
376.65588 457.9145 2785.7354
444.7732 143.40799 2833.0535
456.49765 -153.50598 2754.802
190.85236 242.22882 2810.3748
70.03909 22.426268 2827.9316
13.39531 -501.0028 2855.9321
-31.373543 -958.91864 2952.1858
284.24173 8.857457 2804.5884
323.0084 -495.0725 2849.0413
387.89438 -971.77594 2937.705
226.9298 750.7849 2843.8013
204.20782 467.46805 2805.6704
30.798292 477.96008 2824.7595
-70.68448 171.25648 2796.0127
-119.55181 -108.47291 2657.5515
377.61725 456.97604 2786.5813
446.40732 146.38924 2833.213
467.47818 -150.98067 2764.9368
191.13475 242.09113 2810.7864
70.58778 23.21674 2827.7332
15.157561 -498.803 2857.293
-31.02023 -948.6611 2950.4128
285.5353 10.211469 2804.0715
322.6984 -494.60474 2848.4014
383.6945 -971.77185 2932.4646
227.93538 749.89197 2842.9534
207.0405 465.39578 2805.0537
35.927757 476.704 2823.8406
-64.86629 168.66042 2810.3499
-111.572754 -120.01484 2698.6106
378.15323 454.08765 2786.267
446.89587 145.88435 2833.9438
466.07126 -156.92937 2758.7896
192.75186 240.59991 2810.2205
71.05106 22.90241 2827.1802
15.03794 -498.0714 2857.4102
-29.212833 -955.02527 2952.7905
285.87555 8.705506 2803.594
322.76468 -496.98523 2848.5881
381.88004 -972.4397 2930.7605
228.12753 749.613 2842.2405
210.56035 458.18637 2807.447
40.802547 469.9327 2827.8064
-57.66089 170.96721 2826.007
-110.844574 -117.50243 2742.255
380.31824 446.44003 2787.0876
448.82697 138.32645 2836.3018
467.72415 -152.87015 2757.6255
195.40634 227.03996 2814.4521
71.992455 3.38458 2834.441
13.417498 -484.24008 2857.079
-28.806934 -943.8732 2953.8223
288.5123 -11.597476 2808.4734
324.05914 -512.3965 2848.5432
379.75134 -990.75165 2934.9072
228.07994 749.71704 2840.7603
210.14499 454.7365 2808.8938
39.1886 464.7358 2823.4446
-52.091057 166.20026 2834.7695
-105.87217 -127.95437 2755.5774
381.1014 444.73718 2794.343
452.5417 140.45311 2848.481
471.6711 -153.93536 2756.7996
197.60588 226.2096 2818.6157
74.60276 4.1438127 2837.7397
14.479205 -495.6655 2863.415
-27.22773 -958.3473 2966.2795
295.53098 -8.778317 2818.9355
322.68115 -501.45532 2842.6733
378.3894 -982.7808 2933.023
229.43864 748.55914 2838.5447
208.63857 457.485 2809.084
34.871067 466.11642 2820.444
-47.46955 163.53812 2850.6494
-99.44131 -135.06685 2786.01
382.40607 448.85352 2797.724
451.02786 143.9571 2851.359
466.53873 -151.52756 2757.3984
198.0117 227.8084 2821.0413
74.560776 3.7360172 2840.3743
13.972218 -502.402 2867.2527
-21.311136 -979.86383 2974.1316
300.2089 -7.4724636 2825.6226
326.8966 -502.12952 2842.9658
370.74768 -1006.089 2950.5557
229.08565 747.4424 2837.167
209.5597 457.6457 2810.0044
36.50455 467.83676 2825.926
-39.564747 172.48402 2874.2737
-95.9741 -128.41075 2804.986
382.61472 447.45465 2794.0828
449.7306 147.1565 2850.5376
460.02182 -135.36226 2759.0042
196.91504 230.29414 2818.0906
73.66541 9.455947 2836.3528
14.299538 -498.722 2865.0293
-20.08732 -972.5611 2972.0542
294.87555 -3.5709064 2816.0007
325.65967 -502.55588 2845.327
372.49695 -998.5401 2955.1548
229.24757 746.55444 2836.363
209.0844 453.9958 2813.8877
35.356853 464.46463 2833.5356
-33.57678 169.03279 2888.0793
-83.51166 -131.87425 2806.4888
382.812 443.52682 2794.24
450.53128 141.64061 2850.0806
466.3673 -157.76665 2749.9473
196.09343 228.60027 2819.117
73.126945 9.831897 2836.784
14.876713 -498.35196 2866.4373
-17.045332 -980.04285 2976.9976
293.0779 -3.4224267 2811.9084
325.39993 -501.37643 2844.1982
374.79657 -994.7049 2950.11
228.84477 746.55817 2835.3005
208.63367 452.15363 2816.2424
34.244972 462.19318 2838.7524
-31.32921 169.44183 2898.2922
-84.14906 -129.5036 2846.684
383.02234 442.1141 2793.7324
451.5672 139.86441 2849.1743
470.33514 -145.54883 2745.997
196.15352 227.02798 2819.9636
72.679085 8.292255 2838.012
15.582992 -498.7358 2866.4116
-17.7125 -986.2729 2977.2239
294.66785 -4.4876275 2809.3577
325.54156 -501.117 2843.692
376.14944 -987.1912 2941.5593
229.15776 746.1667 2834.75
208.08218 447.8055 2821.148
32.168777 457.38358 2847.6243
-31.413225 167.6584 2906.549
-77.878265 -122.025566 2844.9263
383.99548 438.2275 2794.6716
451.7355 134.85713 2848.8997
472.68045 -155.30582 2739.5723
196.0745 224.56999 2822.1238
74.772835 7.2852097 2839.5493
16.62915 -499.0916 2868.545
-26.704473 -1004.3388 2972.1514
293.3606 -4.6162844 2806.6501
325.58383 -501.01242 2841.5498
375.3632 -982.9626 2935.7576
228.93561 746.01404 2833.8115
208.10693 450.17014 2823.1672
32.202274 459.53433 2850.8704
-29.886545 165.90622 2916.279
-80.363045 -131.52997 2860.2837
384.01147 440.8059 2795.464
451.5067 137.47844 2843.469
471.39786 -143.12148 2734.879
196.15129 225.5458 2823.182
74.67223 6.751961 2840.4453
17.67762 -498.7053 2868.927
-27.937729 -1005.5371 2972.389
293.71936 -4.90891 2805.9478
325.9702 -501.09116 2841.4377
375.6804 -980.454 2932.8953
228.18034 745.9715 2830.4976
207.67322 451.6944 2824.5396
31.688713 461.11972 2853.3604
-28.900175 162.96765 2922.8
-80.74406 -141.00052 2871.3262
383.6577 442.26898 2795.719
450.85153 139.28279 2838.9324
476.58762 -149.21643 2740.5974
195.55733 226.78836 2824.1096
74.311264 7.727159 2841.5515
18.545784 -497.74396 2868.3562
-29.100315 -1006.4401 2971.5193
292.5714 -3.9623828 2805.8076
326.66095 -501.43896 2842.4438
377.70816 -980.6484 2943.782
227.52861 746.1202 2827.6125
208.15326 452.6796 2826.2788
32.519566 462.25418 2856.75
-25.048357 159.89287 2928.4746
-82.68774 -137.4298 2878.2732
383.7868 443.1051 2795.8079
450.26694 139.2963 2841.3162
472.90344 -137.44653 2724.303
195.71133 227.92833 2825.1853
74.0595 9.130473 2843.0388
19.124025 -496.73538 2867.78
-11.753286 -995.8539 2958.0483
292.4794 -2.776551 2805.1448
326.54266 -499.40186 2842.6536
394.02557 -943.5861 2949.0522
226.42737 746.1886 2825.904
207.65744 452.54614 2828.1248
31.900963 462.78842 2863.8074
-25.067816 157.88428 2935.5518
-84.96632 -136.72078 2881.7815
383.41373 442.3039 2792.4421
449.97342 137.38739 2837.1042
474.3646 -138.94398 2722.171
194.88217 229.40096 2829.251
71.43993 12.704903 2852.8452
18.644335 -498.57855 2864.5088
-21.746086 -1006.3963 2956.2898
292.77417 -0.19346078 2807.9092
326.80954 -497.26044 2846.261
384.0202 -957.2829 2945.3774
226.04828 746.98883 2825.4265
207.66968 452.7785 2829.8623
32.426155 463.7561 2870.5288
-21.877403 159.46812 2944.9666
-83.28547 -138.63235 2875.1895
382.91312 441.80087 2789.1956
449.53253 136.42085 2834.1396
468.57266 -141.02415 2721.6372
194.68636 228.02158 2834.5847
68.90207 10.330702 2865.4836
17.028011 -492.1617 2860.1582
-28.553347 -1003.7143 2953.2417
294.5042 -3.8014174 2813.1309
328.05264 -502.04663 2849.8303
378.84055 -969.89417 2945.8809
225.73923 747.7256 2823.8289
208.16493 453.24716 2831.4211
32.955147 465.09286 2873.3293
-9.961274 169.0953 2958.812
-87.15395 -56.887417 2886.169
383.37476 441.40146 2789.5127
451.25424 135.9944 2834.3052
469.27435 -142.58058 2722.456
194.01099 230.08134 2835.3257
65.124664 14.672375 2866.673
16.567154 -494.3719 2860.2822
-27.501186 -987.62286 2970.175
294.58936 -0.8413756 2811.7876
328.13266 -497.47632 2849.1665
375.9248 -969.09235 2942.6138
224.92035 747.88104 2822.8135
208.47691 453.98175 2831.2397
33.43499 466.4111 2872.662
-8.696236 168.37115 2958.2708
-94.363785 -67.03985 2890.3074
383.51868 441.5523 2789.8176
457.2931 137.78116 2836.941
465.83838 -147.06313 2728.0173
193.29956 232.60233 2833.5317
61.605347 19.496492 2863.3965
16.584513 -494.82367 2861.6035
-15.713081 -970.834 2984.554
294.63895 2.9492962 2808.2507
328.54086 -494.55258 2847.9993
373.86438 -966.8795 2939.4016
224.41481 748.09766 2822.533
208.30893 454.89755 2831.0186
33.19746 467.33185 2870.9749
-3.1214328 174.27173 2960.7996
-87.71196 -58.276382 2879.0042
383.42044 442.4633 2791.0625
456.3782 138.81155 2839.0632
454.70862 -151.28642 2726.3823
192.78218 233.44728 2831.8857
62.546635 20.14214 2858.9265
17.195345 -493.28964 2863.715
-20.56709 -983.1087 2975.5833
291.9642 3.8517644 2806.579
328.71237 -495.1212 2845.6345
387.64355 -937.40796 2938.0002
