235.51663 723.0432 2743.2847
216.21854 437.59326 2751.92
56.873936 441.25278 2765.4998
-3.9955273 182.96797 2819.0154
-12.951837 -91.548294 2726.294
375.56326 433.9337 2738.34
432.78235 168.47849 2817.626
488.82184 -69.65899 2746.98
212.2722 246.10785 2757.2153
108.42259 56.91692 2771.0247
74.80946 -386.6644 2794.2727
48.1585 -800.9283 2884.769
308.22882 52.328083 2753.9966
347.87604 -381.47083 2795.6514
375.00696 -796.6251 2889.7146
235.24557 723.4243 2743.0874
215.57574 452.38336 2753.788
56.29522 455.54752 2765.907
-4.54199 196.20782 2821.3914
-21.693098 -82.07271 2731.409
374.85626 449.21918 2741.6692
425.3005 164.69896 2818.3806
489.97992 -81.58082 2744.759
211.96983 253.84846 2758.2324
107.895996 57.309383 2770.3208
74.42376 -386.91925 2793.3198
48.619667 -800.71216 2883.5117
308.832 53.317734 2755.0325
347.48532 -381.9681 2797.1196
375.31778 -797.2952 2889.7837
235.84256 723.14886 2743.2773
215.54324 448.21628 2752.674
56.572243 451.40445 2765.8123
-3.8466232 187.49995 2822.0132
-19.415747 -92.37373 2733.656
374.5142 445.02814 2739.536
427.2619 171.78236 2818.6772
489.18362 -77.87676 2742.0095
212.00809 251.9908 2757.5168
107.62624 57.787888 2770.694
74.08298 -387.12015 2793.884
48.722965 -800.9026 2884.0085
309.31985 53.74291 2754.0251
346.9767 -382.9421 2796.6848
375.3972 -797.09973 2888.7659
236.2247 722.8529 2743.116
215.20576 446.24057 2752.2744
55.96228 449.15897 2765.8257
-3.2594016 179.92136 2823.0188
-22.26008 -90.95979 2730.9055
374.44925 443.32217 2738.7231
429.10754 173.79466 2818.7183
486.9181 -68.512146 2743.3633
212.03178 251.54713 2756.9053
107.38571 58.7133 2770.1711
74.85769 -386.44437 2794.3372
49.586395 -801.71185 2885.867
310.32974 54.993958 2752.9011
346.97418 -382.9443 2796.3132
375.84308 -796.8314 2888.2747
236.1647 721.8979 2744.6794
216.36607 444.51373 2752.5388
57.2445 447.74637 2766.1248
-2.8753924 179.91896 2821.1665
-19.285019 -84.30137 2712.7402
375.4876 441.28113 2738.9526
429.78653 173.75603 2818.9653
488.64868 -73.99256 2746.5625
212.78287 250.8429 2756.6543
107.24365 59.243317 2769.475
74.63672 -387.27838 2794.8582
49.939003 -802.85126 2886.675
311.15594 55.10079 2752.0647
346.64648 -382.20428 2795.9736
376.05295 -796.39545 2888.2263
236.26189 721.31885 2745.42
216.95859 444.14944 2753.2656
57.868896 447.57867 2767.0652
-2.9027715 180.80907 2820.1665
-13.859747 -69.16106 2694.871
376.04828 440.72028 2739.466
430.59753 174.14687 2819.0947
488.3636 -77.20316 2745.2332
213.11975 251.15039 2756.9697
107.19596 60.351784 2769.5286
75.033165 -387.5044 2794.8218
50.30082 -803.66425 2887.2808
311.36603 55.950943 2751.8188
346.50928 -381.35806 2795.548
376.40292 -794.92456 2888.2913
235.95044 721.5862 2745.7578
218.74419 447.43213 2751.951
60.7478 451.54297 2764.7087
-2.78304 180.67534 2819.2483
-10.523587 -47.24616 2657.0657
376.7406 443.32132 2739.193
431.26437 178.55168 2819.0159
490.1028 -73.960106 2746.3167
214.0695 253.46294 2756.5593
107.07561 62.15594 2769.43
75.63769 -386.45453 2793.9094
50.707798 -803.50964 2886.4236
311.714 56.831524 2752.9058
346.3668 -381.4797 2796.2063
376.4704 -794.90454 2889.5178
235.8174 721.32007 2746.32
218.847 458.33722 2747.3223
59.783104 462.30127 2757.7888
-8.845714 213.45122 2828.016
-19.354586 -22.568207 2618.5723
377.9107 454.3733 2736.856
432.1256 192.22849 2816.6013
489.8985 -61.33018 2745.4644
214.46881 263.13086 2754.717
108.69676 70.4513 2768.7834
78.845764 -384.6906 2792.4902
50.834423 -808.22565 2884.0432
311.4847 65.39769 2755.44
346.49023 -374.97766 2797.9749
376.28464 -788.8791 2892.2556
236.25255 721.7962 2745.7527
219.78082 455.53275 2750.2383
61.275314 459.90356 2762.3845
-13.779509 229.28809 2831.3096
-30.213913 19.355421 2594.095
378.2866 451.1619 2738.092
432.7391 188.93773 2816.9014
490.67395 -60.252808 2752.1218
214.89023 261.51654 2756.233
109.22452 70.279205 2769.95
80.14905 -376.5819 2794.8022
50.936317 -804.10046 2883.8584
310.77478 64.72141 2754.5051
345.86963 -376.62186 2797.2983
375.68948 -790.8612 2891.4597
236.2367 722.1558 2745.5786
219.62646 454.71588 2751.7778
60.801716 459.14984 2764.8884
-21.412205 235.32236 2833.4856
-48.571014 97.141556 2557.277
378.4513 450.28198 2738.6675
433.89114 188.01721 2817.5874
492.73978 -57.384724 2746.099
214.66577 260.4985 2757.3652
108.58405 69.10407 2771.2998
78.96092 -379.69492 2796.1436
50.937435 -803.40204 2883.757
310.82596 63.4581 2754.6052
345.80716 -377.5933 2797.0474
375.92792 -791.68353 2890.6172
236.15225 722.8057 2745.2078
215.17834 465.22787 2747.5547
60.61147 467.9864 2766.1304
-25.479687 245.25356 2831.076
-19.517912 169.84378 2631.2734
369.74503 462.46936 2728.979
434.05508 186.46349 2815.6692
493.30954 -64.016815 2756.4539
212.7574 267.23456 2756.8127
109.97137 71.03248 2778.1326
79.28446 -386.1046 2798.1375
51.0127 -807.93994 2885.2134
310.7016 67.45014 2754.009
345.7066 -373.165 2796.9126
376.55655 -787.4606 2888.9685
236.6485 724.03564 2745.5703
216.52232 462.93912 2751.8752
60.20499 466.03583 2771.8157
-26.997877 235.99391 2801.7913
-68.76595 237.53513 2476.034
372.83987 459.8424 2731.9348
433.04822 189.50851 2815.9194
496.76572 -59.833 2760.7285
213.67287 266.98148 2759.9695
110.76499 73.006134 2780.8276
78.86592 -388.22446 2797.8098
50.876945 -808.957 2884.5303
310.88184 69.0417 2755.2998
346.71506 -372.67432 2798.0852
377.13434 -786.56635 2888.668
237.3526 724.5141 2745.7297
217.02405 462.91605 2754.7283
60.117798 465.90573 2776.242
-34.11283 235.17747 2782.5544
11.261692 403.0691 2688.9895
373.93036 459.9264 2733.2148
431.19385 193.40492 2815.6636
498.7972 -62.454338 2758.7517
214.27773 267.36008 2761.8738
112.74847 73.68635 2782.5632
78.885635 -388.75854 2797.878
50.695385 -809.5359 2884.0725
310.31412 69.92195 2755.475
346.90903 -371.73984 2798.2622
377.76492 -785.7479 2887.6904
237.59956 726.03455 2744.3787
216.10085 473.5143 2755.9265
57.373196 476.04385 2779.0764
-50.959866 232.71382 2766.0706
3.5412843 391.9288 2684.6448
374.82834 470.98468 2732.7766
429.509 209.58437 2813.3184
498.19153 -45.911324 2758.791
213.89716 273.19888 2762.7058
114.373 74.43445 2783.679
79.79807 -389.2378 2799.133
51.109238 -811.3899 2884.1548
309.01407 71.33251 2755.2913
346.1546 -370.1698 2797.8906
377.83954 -783.5467 2885.9238
237.6107 726.81055 2743.3232
214.35175 476.28882 2754.513
53.14561 478.4703 2776.8533
-91.77228 274.96228 2752.3733
-81.542946 458.3081 2534.8105
375.55768 474.10742 2732.1726
430.05695 213.10313 2813.8167
500.27728 -46.02581 2757.372
212.6934 276.15695 2762.0894
115.639366 77.31592 2782.886
80.65583 -387.6639 2799.8486
52.345646 -811.6773 2883.5288
306.4311 74.734116 2756.4456
346.1195 -369.2618 2798.867
378.3614 -783.87115 2886.9902
236.58987 727.84906 2742.706
212.64682 479.18802 2755.0488
49.53272 480.46396 2777.8347
-99.69143 283.17352 2726.3477
-74.10211 534.07623 2558.1934
375.76083 477.91214 2732.2632
430.74622 216.21915 2815.1267
504.27414 -39.51102 2749.452
212.02803 278.25534 2761.8713
116.07513 78.068344 2782.0112
81.27349 -387.1697 2801.2266
53.40165 -810.9838 2884.2878
306.74362 76.57689 2755.3765
346.35803 -368.0015 2797.9011
378.5481 -782.7452 2886.497
235.43274 730.2538 2739.6099
208.93098 484.1051 2753.5894
44.381756 484.13742 2776.3086
-110.799515 314.99298 2702.6038
-36.55557 562.8186 2618.6624
373.4803 484.07278 2730.8699
428.55862 225.23029 2810.5188
504.5868 -42.135994 2745.7827
209.77994 280.11328 2760.0278
114.377846 76.14023 2779.7559
81.665764 -386.70276 2801.2942
55.061455 -808.22845 2883.2876
306.87988 76.10246 2753.177
348.5848 -368.4263 2798.2175
379.30914 -785.2539 2887.3843
235.31883 730.15314 2737.7695
207.75443 480.71002 2753.3801
42.061302 480.35098 2775.374
-112.71309 399.2718 2695.7512
-42.89174 643.8018 2655.4304
373.4477 481.0692 2731.3862
429.24146 229.64288 2809.9553
503.72067 -46.55727 2743.3079
209.00407 278.37878 2759.4907
113.17338 75.83711 2778.4875
80.52468 -387.2204 2799.9785
55.76359 -807.3537 2881.8726
307.33405 76.257904 2752.715
349.6995 -369.08176 2798.6726
379.6429 -786.10333 2889.5063
234.86711 730.59564 2735.822
206.78992 479.90787 2752.014
40.07315 479.03537 2772.7747
-118.06559 426.77304 2649.098
-24.412834 675.3575 2679.7139
373.50668 480.7804 2731.2534
432.59375 236.6522 2808.2346
499.68625 -41.974712 2727.2383
208.66277 277.70154 2758.5554
112.825485 74.98379 2777.2642
80.09822 -387.04706 2797.4814
59.506832 -810.295 2878.643
308.24567 76.006546 2752.9294
350.69467 -369.75818 2799.6333
379.27454 -786.99274 2891.23
233.81796 733.51544 2732.1917
207.7432 482.3559 2751.042
41.37323 481.67526 2772.5466
-116.13479 420.9223 2653.7073
-11.697758 680.7372 2690.4587
374.11334 483.03656 2729.537
432.72247 238.30717 2806.772
504.58844 -51.640408 2733.864
209.38365 279.4185 2757.3096
112.71067 76.07893 2776.2852
80.32417 -386.15753 2795.9072
59.176537 -810.27826 2877.909
309.33762 76.8834 2750.8694
351.8742 -371.52686 2800.9521
378.67606 -791.4723 2897.166
233.36205 733.83795 2732.886
213.60542 480.00684 2744.8887
47.71428 481.65234 2764.5647
-109.65104 423.75552 2649.1892
-7.023089 690.15436 2722.1438
379.49652 478.3613 2725.2124
435.3774 246.71773 2806.062
507.15775 -22.49845 2738.7979
212.70146 278.50745 2754.119
112.7801 77.99019 2775.0935
80.60778 -385.3771 2795.3108
59.44279 -810.93665 2876.6145
310.81494 76.025826 2751.605
353.25623 -372.16583 2801.2532
378.13043 -791.34094 2895.9014
232.10712 735.8289 2730.6091
213.19984 483.02975 2741.419
47.518806 484.24777 2757.9478
-108.50972 430.7375 2649.063
6.1270285 671.0855 2705.8982
378.8808 481.8117 2724.8904
439.79004 234.44429 2809.7886
504.2545 -25.854317 2729.4119
212.7948 279.9674 2752.3225
112.57769 77.638885 2773.1833
81.054245 -386.5853 2793.8486
59.163506 -811.2183 2875.2742
312.20172 76.17139 2753.2686
354.8625 -371.1614 2802.433
377.85516 -789.1504 2895.195
232.00816 736.02734 2731.0457
213.88286 486.84253 2735.6746
49.06771 488.19498 2748.5134
-109.15915 436.27505 2649.3516
23.474611 679.18646 2708.7502
378.698 485.49014 2722.8357
439.4805 239.22868 2805.662
502.22476 -21.880152 2722.4326
213.24695 282.52075 2749.035
113.36033 79.01344 2770.1267
81.90934 -387.21588 2790.4583
58.4394 -812.0011 2872.1453
311.86197 77.38458 2754.6638
356.5264 -369.9994 2804.1162
378.18958 -787.6869 2896.0933
230.65384 740.4717 2726.3633
213.13194 489.4651 2732.7258
48.706806 490.32285 2743.1353
-43.175266 450.9693 2525.225
11.343871 656.4768 2659.112
377.5571 488.60742 2722.3164
436.21222 238.49226 2802.9585
502.31616 -30.217506 2722.6614
212.96628 284.0947 2747.0308
113.5913 79.241875 2767.6165
82.14826 -387.06693 2787.9514
58.446293 -811.4865 2869.1733
312.00992 78.206825 2755.055
357.0436 -369.5959 2805.874
378.09503 -786.5563 2897.1272
230.71465 740.44763 2726.6516
221.98164 483.4986 2727.843
66.46428 486.75153 2734.2158
-41.457752 455.63437 2533.4514
8.902364 585.9045 2559.0388
377.49902 480.2457 2721.4702
435.07312 229.46205 2798.8225
503.42703 -43.98995 2733.9429
218.37036 281.7769 2742.6816
115.1751 82.13819 2761.601
82.77157 -385.31955 2783.6401
57.769234 -810.26843 2865.082
314.34293 77.972206 2753.4395
358.0208 -370.27487 2809.0212
378.18582 -787.3855 2900.2998
229.33452 741.5242 2723.3853
218.81674 485.0391 2731.1824
59.494896 486.98694 2739.9456
-38.431404 442.79083 2555.1868
9.902994 590.94104 2555.0796
378.13852 483.09122 2722.4192
434.1498 230.07588 2799.7615
501.6221 -36.106483 2740.8745
217.06021 282.70956 2744.2214
116.92173 81.582825 2762.6719
83.106155 -386.35245 2785.138
57.116096 -812.51385 2865.0034
313.68576 79.177284 2751.849
358.00235 -368.0964 2808.039
377.75284 -785.46783 2899.2583
230.18375 740.25256 2722.9937
225.22414 480.841 2729.983
69.57944 485.04163 2738.3914
-13.781974 421.63046 2545.048
7.666106 602.7774 2558.442
380.86868 476.64038 2721.5747
434.47482 220.44504 2800.2266
502.7319 -37.83688 2739.961
220.52586 280.5548 2743.072
117.66239 82.91799 2761.464
83.86606 -385.48462 2785.3147
56.87167 -812.47565 2864.4165
313.99252 77.61932 2750.858
358.0107 -368.77585 2807.9285
377.76926 -785.64905 2898.6638
230.70203 741.82623 2719.6833
223.22778 484.78796 2728.063
66.33665 487.46536 2734.7012
-7.193436 425.35428 2524.7517
10.183693 606.0484 2564.0417
380.1189 482.11053 2721.4248
435.3143 224.37424 2799.001
501.0754 -35.64901 2741.486
220.33876 283.5631 2740.9434
119.97361 84.00171 2757.948
84.012054 -389.44492 2785.207
56.67942 -817.57623 2865.1658
314.926 80.67483 2749.6995
358.0439 -364.7638 2807.204
378.6841 -781.344 2897.3252
230.56282 743.91754 2714.8281
222.85547 492.8884 2721.9932
63.95218 495.2551 2727.365
-6.568619 424.7594 2519.2363
18.206274 613.56964 2573.6997
381.7589 490.52164 2716.621
435.3757 232.92937 2796.3767
506.86398 -27.781338 2742.52
220.33223 287.33026 2737.9163
119.93968 83.229836 2757.148
84.34159 -388.2235 2780.7659
56.236183 -816.98236 2860.856
315.67807 80.314514 2750.5308
358.06744 -365.2697 2808.7388
379.62314 -781.56976 2898.817
231.47227 743.85376 2714.3164
223.30667 494.00696 2719.7612
63.51677 495.9963 2724.27
-13.958714 423.46902 2530.2146
49.2587 713.34735 2461.0999
383.0964 492.01767 2715.2522
439.76273 239.8964 2814.9556
508.57428 -28.805046 2752.8484
221.19547 286.61084 2736.4478
119.75978 80.45127 2755.937
83.77134 -390.56607 2779.0042
56.439667 -819.75903 2859.5427
318.40884 77.97814 2750.3315
358.73947 -363.54465 2809.166
379.93964 -779.1326 2899.5298
232.67192 744.3752 2715.3494
225.7836 489.9923 2720.6812
68.02459 492.8363 2725.3357
-0.70168644 464.6878 2527.6157
33.44907 628.702 2573.5962
383.54266 487.14838 2716.0266
437.0902 234.58727 2807.2217
509.98044 -30.120249 2760.9333
222.56644 284.86166 2736.9795
120.24283 81.517685 2756.202
83.42673 -389.67825 2778.9023
55.888992 -819.23425 2859.864
318.45587 77.94444 2750.3538
358.4584 -363.74545 2808.1003
380.00754 -778.098 2898.858
238.94054 745.2463 2713.2874
230.14853 477.8277 2718.9495
69.71786 482.12192 2723.2932
13.579744 457.91177 2514.94
34.424187 632.46075 2575.9648
390.57925 473.5334 2714.6055
438.7045 236.95494 2806.5186
513.6218 -22.150604 2764.5518
225.3036 279.7184 2735.8604
122.04886 84.243256 2755.4358
83.459366 -387.44836 2776.2253
54.811672 -819.261 2859.439
318.86847 78.97498 2750.1067
358.2159 -361.43787 2807.0747
380.99777 -776.0009 2898.1804
237.99426 744.82086 2713.2898
230.32619 478.78674 2720.0554
72.549126 482.60516 2724.1357
20.758759 477.0805 2490.3872
46.222748 646.0685 2552.03
388.10315 474.9684 2715.975
437.38 235.21931 2805.437
512.8859 -21.920815 2766.2188
225.9234 279.46082 2736.3389
122.080345 82.5415 2755.1938
82.531006 -388.5559 2774.719
54.203712 -821.2461 2858.3945
320.9608 77.728386 2750.0508
358.28232 -359.05875 2807.0273
382.1569 -773.74963 2898.3813
238.78697 744.31665 2712.3547
230.27066 480.68646 2721.0942
74.609344 484.27203 2724.393
21.960535 487.8966 2495.009
105.211945 742.6439 2252.1938
385.932 477.10092 2717.7954
435.4663 229.51959 2804.719
515.0134 -23.467566 2771.4712
226.02136 281.6144 2736.9597
122.833374 84.82136 2754.9219
81.87665 -388.19156 2775.4585
54.66614 -821.29254 2857.8203
320.7107 80.26336 2750.7285
358.30212 -357.5279 2806.1316
382.6186 -771.8732 2897.5293
238.73364 744.32935 2711.6821
230.5159 481.04858 2718.578
75.62592 484.82715 2720.7178
28.610413 495.14774 2487.9514
136.24492 675.45935 2321.7568
385.40582 477.27008 2716.438
434.7675 229.0452 2804.1177
511.98456 -32.112392 2766.9207
225.89616 281.8207 2735.9827
122.306595 85.00718 2754.7546
81.217255 -386.49863 2773.2346
54.769417 -820.55365 2857.124
320.24625 80.17846 2752.0203
358.37366 -358.34808 2806.792
383.23004 -771.3718 2895.8464
239.49919 746.25397 2708.084
229.89806 483.4504 2717.7754
74.92874 487.0766 2718.9023
61.22066 508.4611 2475.3865
110.80129 664.2992 2207.547
384.86734 479.8242 2716.6482
431.37442 230.41087 2804.6846
509.66632 -26.080193 2779.3513
225.35976 283.84305 2735.9893
122.68758 86.53204 2754.9167
81.43174 -386.401 2772.1304
53.657192 -820.8313 2857.5022
318.9554 81.93947 2753.4895
358.56244 -356.96997 2807.344
383.21945 -770.3673 2895.3176
240.61838 745.9394 2698.4438
228.30014 484.84607 2710.955
71.5843 487.83676 2708.492
73.99538 509.64246 2464.5007
127.658905 656.3286 2161.8547
385.0162 481.85532 2713.4182
429.7336 232.3248 2804.5405
510.72372 -32.6582 2776.1704
224.14748 284.89188 2732.3882
122.13108 86.80531 2752.2832
81.80353 -386.1031 2769.1938
52.869305 -819.8717 2855.9685
317.85846 83.07012 2755.3594
358.87766 -356.4018 2809.0764
383.6549 -769.6148 2896.9082
221.5815 736.0863 2669.821
229.03976 482.6468 2706.8591
73.34558 485.65442 2701.9492
99.802444 521.1524 2445.5059
130.62401 641.5114 2133.494
384.734 479.63907 2711.7688
428.19934 232.2946 2805.3184
508.45163 -32.064896 2779.4429
224.47308 284.22833 2730.1257
122.839035 87.6851 2750.3313
81.45795 -386.47208 2767.6995
52.10417 -819.81396 2855.1975
316.97357 83.934784 2756.4534
358.89282 -355.48404 2809.7537
384.37085 -768.79346 2897.3135
212.54971 730.54596 2652.7756
230.82642 480.87378 2704.17
77.14733 484.20938 2697.0005
99.14838 499.20847 2458.6948
135.97261 620.2894 2142.5312
384.50534 477.53818 2711.339
432.86624 212.46815 2794.371
509.14926 -43.397152 2786.9148
225.44698 283.972 2727.87
124.017975 89.154945 2747.0896
82.02572 -385.994 2767.0051
51.22143 -819.15216 2855.5137
316.1171 84.98547 2756.0513
359.0428 -355.14923 2810.0042
384.9044 -768.99713 2896.5063
211.73361 730.3307 2632.8757
232.43633 480.43097 2702.294
80.150154 484.07993 2693.647
99.04924 499.30957 2453.792
141.86612 614.2192 2132.5688
384.7223 476.78198 2710.941
430.29788 219.11342 2798.7837
502.8664 -39.438133 2778.2852
226.35126 283.6065 2726.4019
125.09391 89.06263 2745.1057
81.71683 -385.28278 2765.9263
51.01491 -818.79297 2855.4407
315.4384 84.50165 2755.9138
358.40195 -356.25024 2810.5857
385.29202 -770.12384 2895.5398
216.63722 729.4651 2624.7698
234.34578 476.8959 2698.5725
83.11839 480.49344 2686.7424
116.01491 475.1407 2441.571
107.63883 556.3838 2237.9731
385.57306 473.2983 2710.4028
432.13123 204.54286 2795.329
500.04102 -35.41017 2771.7693
227.68056 281.8046 2724.4473
126.71989 88.956566 2742.9456
81.799446 -384.45517 2763.7896
50.712116 -818.19727 2854.369
315.31073 84.47014 2757.6985
358.13992 -356.26822 2811.5435
385.10806 -770.55475 2895.2366
219.04901 728.7138 2625.7524
234.17296 476.6728 2698.877
83.67221 479.53946 2682.9407
114.538155 482.7233 2439.9714
141.27768 595.468 2130.562
384.6739 473.8061 2714.8135
429.9497 212.48445 2803.6729
496.0119 -35.926643 2780.4358
227.90324 280.8776 2722.8674
128.81874 86.85029 2737.0298
81.72841 -384.24973 2765.981
50.615723 -819.48975 2857.8179
314.44836 83.31451 2756.6858
357.90247 -357.54285 2808.658
384.9106 -771.23395 2889.5188
229.22365 727.79 2627.4219
233.87946 475.7239 2701.3816
83.84341 478.7963 2683.1133
110.23395 486.65094 2436.3574
140.1335 588.2748 2114.813
383.91562 472.65143 2719.6497
427.08624 214.19037 2811.6506
494.77457 -32.68469 2789.5002
227.14142 280.3799 2723.8674
128.52448 86.917496 2735.1665
81.45505 -382.80835 2768.7627
50.971825 -817.7609 2861.688
312.282 83.1545 2757.5403
358.20667 -360.24884 2804.803
384.8583 -773.55115 2884.3535
226.34624 729.2849 2628.7488
234.48897 469.08978 2703.693
82.946465 472.75406 2686.2703
108.07805 474.66873 2440.0764
132.25838 585.55945 2119.6096
386.0316 465.4254 2721.116
428.0092 207.99797 2819.7327
496.59753 -27.54164 2790.1238
227.25194 277.3589 2726.3157
128.33978 87.844765 2738.3984
81.6791 -381.65814 2767.2356
51.11742 -817.205 2861.6963
311.6901 83.411255 2759.4783
358.4884 -360.31342 2804.152
384.5043 -772.8222 2883.0952
225.50322 729.2356 2630.1772
236.42146 465.55258 2700.471
86.19338 469.90747 2682.47
115.71272 490.68024 2419.8003
134.97961 609.7441 2128.31
386.64948 461.19766 2718.472
428.67947 199.4603 2822.7283
496.55597 -28.829443 2794.3352
227.96709 275.15292 2724.9639
127.92544 87.40835 2738.4824
82.81394 -381.5283 2765.1636
51.34861 -816.7433 2860.1445
311.1002 82.09834 2760.4312
358.96365 -361.34558 2805.4146
384.03342 -776.1484 2881.9202
225.41646 728.93097 2629.9392
237.37154 466.02042 2699.0442
88.594475 470.68515 2680.2083
112.11597 485.6271 2427.0334
128.73924 625.5594 2134.597
386.14856 461.35574 2717.8801
428.38388 195.33669 2827.644
497.16833 -32.067856 2794.121
228.0929 274.62454 2724.933
128.21198 86.069336 2739.3513
82.80369 -382.31888 2763.9067
51.358807 -816.8957 2859.5813
309.41675 80.387924 2762.2927
359.43854 -361.5285 2805.4795
383.96912 -776.2017 2883.9001
229.94968 729.56335 2633.8894
238.2924 465.74557 2698.912
90.75645 470.2618 2679.5457
105.42988 488.6213 2429.6738
126.64985 656.0506 2136.7026
385.82843 461.22934 2718.2783
427.11273 193.33986 2829.0894
494.56808 -34.236897 2787.126
229.1203 274.69824 2724.2344
129.43619 86.42149 2737.6755
83.12998 -381.1599 2761.8604
51.669674 -815.2916 2857.0522
310.46033 80.88011 2761.4377
359.49182 -361.64932 2806.5222
383.75458 -776.12366 2887.5117
244.1278 728.371 2651.8757
237.71176 457.62555 2699.4607
91.23768 461.98874 2679.1606
105.294464 497.8359 2430.8643
123.221535 694.0611 2165.8853
384.18582 453.26233 2719.7605
427.1879 184.13686 2828.9763
494.70206 -45.949863 2792.5583
228.96939 270.54794 2722.332
132.94125 86.07041 2733.1064
83.968155 -378.81363 2760.6196
51.86158 -812.38025 2855.2295
307.51254 80.87022 2757.3005
359.42874 -361.91125 2807.047
383.4869 -776.60144 2888.8018
250.39372 726.2864 2662.7227
237.73573 459.89902 2699.637
91.086754 464.01346 2679.7666
69.987366 517.3465 2437.4368
181.18167 701.2087 2266.414
384.38483 455.78455 2719.507
428.2757 187.03198 2826.3506
501.14325 -44.136528 2792.2861
229.31375 272.04144 2722.8953
132.60683 86.66089 2734.1914
83.79999 -377.7617 2759.6877
51.939716 -809.8062 2853.6611
309.17664 81.70695 2758.116
359.48993 -360.9793 2806.8362
383.3263 -775.9638 2888.7786
251.90167 727.3493 2670.1985
236.96927 461.06235 2699.5718
90.31017 464.91888 2680.627
53.28605 531.522 2443.2961
116.17618 746.88806 2230.3523
383.62848 457.20587 2718.5168
428.80292 193.02557 2823.7974
502.68765 -48.698586 2783.5964
228.96442 272.8731 2723.2322
131.59453 87.033676 2735.3486
83.840744 -377.49527 2759.7341
51.42956 -808.30383 2852.8296
310.32434 82.33389 2758.4363
359.4844 -359.23636 2805.8547
383.22025 -773.94073 2888.443
252.66223 733.6072 2678.7737
234.28624 465.4907 2693.2288
89.333984 468.50757 2680.5623
49.89053 538.3797 2442.777
115.90704 780.76056 2265.37
379.23862 462.47382 2705.8953
425.16656 197.70229 2818.0117
503.95938 -54.10312 2791.9258
228.0977 276.50632 2719.0374
130.53737 89.42366 2736.8616
83.3195 -375.3784 2760.0942
50.762897 -806.32697 2853.108
313.28085 85.62023 2752.8303
359.96527 -358.87827 2803.0706
382.60828 -772.203 2886.4963
253.15309 734.168 2678.3508
234.69713 463.93082 2695.4182
88.23539 467.25284 2680.075
51.88278 521.405 2433.3918
106.68671 788.10583 2322.2493
381.15887 460.60883 2710.7615
425.81732 195.66637 2817.496
507.88174 -41.763294 2789.339
227.77162 275.51657 2720.7332
129.4067 89.17639 2736.469
83.40135 -375.35812 2758.679
50.63142 -805.52203 2852.2773
312.2853 85.028336 2755.6272
359.38956 -357.3993 2803.6902
382.34415 -771.02875 2887.391
254.9115 734.2143 2682.889
234.37111 464.55707 2696.2627
86.54287 467.73575 2679.9617
47.48653 524.2314 2434.9448
97.853386 791.1485 2365.9917
382.1994 461.37854 2712.5637
426.5939 194.86194 2816.6616
511.0679 -44.886932 2782.2485
227.53867 275.84073 2721.4255
128.3767 89.10963 2736.4072
83.17662 -376.29147 2758.31
50.864014 -804.1852 2850.309
313.03586 85.139114 2756.7695
359.44418 -356.0721 2802.7617
381.74457 -769.6773 2887.5242
254.82263 734.0708 2685.4873
231.21786 467.1252 2694.5303
79.239624 469.14716 2678.0527
43.13599 521.4585 2437.656
88.474625 785.6371 2414.996
383.19614 465.10318 2711.0078
427.85995 197.55399 2814.2236
511.358 -34.177235 2767.4868
225.87262 277.16415 2720.5203
127.29806 88.443436 2736.4023
83.172295 -377.82626 2758.1667
51.04251 -803.65106 2849.0747
313.7569 85.96267 2756.6182
358.97717 -354.7504 2802.843
379.9877 -768.6189 2890.25
254.23552 732.43976 2687.4626
230.04752 469.9972 2695.08
77.59453 472.20322 2680.5654
31.925138 515.7466 2444.7793
78.453674 785.37744 2469.7678
382.50052 467.79117 2709.5947
426.3691 198.21927 2806.0757
512.94574 -28.502766 2764.6384
224.90144 279.14822 2720.125
126.04081 89.65528 2736.2478
83.58757 -377.03073 2757.1147
50.935146 -803.194 2849.8516
313.47 86.94316 2754.0923
358.5685 -354.31232 2802.656
379.77338 -769.73224 2890.356
252.67776 731.95374 2685.9292
229.60355 476.11304 2694.3623
75.99351 478.8579 2682.9402
22.241125 505.71707 2454.0674
69.29166 773.29333 2506.0098
383.21353 473.36807 2705.7842
424.92236 202.88655 2804.0198
514.5927 -13.859021 2760.1206
224.2683 282.61514 2719.613
125.33601 90.78987 2737.9043
83.72485 -375.884 2759.241
50.028286 -802.65295 2852.615
312.5301 87.44485 2751.8235
358.12958 -352.8754 2799.796
380.60568 -769.4672 2888.4602
248.40492 732.6669 2684.738
230.17667 478.30612 2695.0554
75.24326 481.57895 2683.6897
17.771753 499.96713 2453.328
61.56736 759.124 2544.3877
385.11005 475.0333 2706.4211
422.75845 222.04578 2797.0073
513.4917 -10.389691 2753.4324
224.32695 284.7444 2719.059
124.59649 93.16582 2736.1758
84.129234 -373.14395 2756.8748
50.30347 -800.95013 2850.603
312.3581 89.19953 2749.9497
356.81766 -353.63205 2801.5466
380.97235 -771.91113 2889.9631
239.40314 740.6028 2673.2927
233.02016 484.4692 2692.5393
79.11406 488.63788 2680.3193
13.460445 503.75024 2455.9875
59.416763 754.4013 2560.525
386.92618 480.3006 2704.7593
425.4388 223.20267 2794.0833
514.1519 -17.71232 2756.9639
225.7384 288.13556 2717.275
124.195724 94.35501 2734.5264
84.93557 -372.70285 2754.9631
50.79374 -801.41547 2850.3838
312.71747 89.24881 2749.4946
356.5654 -353.89688 2803.008
381.4023 -773.0194 2891.374
244.00908 738.9293 2675.6357
233.91524 484.57434 2690.4375
81.56561 488.87454 2678.122
8.424979 501.76788 2458.5938
55.479214 751.6685 2584.1685
386.26492 480.27417 2702.7532
426.6373 227.10883 2789.677
511.13556 -17.791662 2746.7903
226.36723 288.8853 2715.481
124.630714 95.85484 2732.9102
85.52719 -371.7636 2753.9285
50.729973 -800.53033 2850.8582
313.00803 90.537766 2748.1384
356.61288 -354.28226 2803.4536
380.88132 -774.1989 2891.8337
246.13513 738.3243 2676.0007
233.76364 481.26968 2691.3745
80.815056 485.66132 2678.066
9.153748 505.3198 2458.45
53.81791 759.51263 2605.4187
386.71216 476.87805 2704.683
427.47974 221.39928 2791.179
509.0367 -29.485237 2751.2095
226.1496 288.51602 2715.2732
124.65025 98.4581 2731.0027
85.68342 -369.6137 2752.9175
51.13509 -799.5338 2850.0352
312.4206 93.066666 2747.3413
355.98627 -352.3739 2803.0554
379.58914 -772.79736 2892.6257
245.42006 739.57227 2677.6519
236.80336 473.24142 2702.0132
88.88606 479.6729 2694.3042
7.0785623 509.5317 2457.282
46.930866 764.2341 2588.672
384.72086 466.80988 2709.7224
426.2005 209.93877 2796.4246
512.7534 -40.244545 2752.6199
227.63696 284.7003 2720.599
124.32895 100.25242 2734.2786
85.50924 -367.52444 2755.8806
50.628384 -798.14496 2852.038
312.61194 92.065796 2744.0913
356.61777 -355.85535 2800.3733
380.13074 -777.78705 2890.2183
245.34839 738.77594 2678.3164
242.47841 460.18686 2701.3896
101.039925 468.8311 2692.919
5.428255 522.1732 2461.7148
49.384014 772.797 2570.0264
383.91678 451.5427 2709.8604
431.55994 189.59196 2797.2957
508.9751 -58.39312 2736.9014
230.20526 277.8387 2720.2363
123.630005 101.25391 2733.4353
85.144455 -366.4328 2754.9
50.094463 -797.6048 2851.1582
312.23398 89.72718 2744.7307
357.12656 -359.32938 2800.768
380.45526 -780.26855 2890.6917
241.68549 738.05035 2687.0505
239.7967 465.04413 2699.7812
94.761505 472.93924 2691.631
1.9549323 518.1734 2468.7979
55.411057 773.82764 2562.007
384.83182 457.1491 2707.9314
429.36975 198.09969 2795.4324
507.06702 -46.510654 2730.168
228.59227 279.5629 2719.4917
121.59893 99.295975 2733.8193
84.560524 -367.67578 2755.631
50.208843 -798.0852 2851.896
313.1767 88.867325 2744.585
357.30307 -360.8311 2800.0122
380.4343 -781.9107 2891.1714
243.14575 737.8374 2684.2551
239.08469 469.51352 2702.5015
92.452835 476.97638 2696.692
-0.7031887 510.10706 2484.1785
54.073143 768.5713 2571.3809
385.71652 462.05072 2708.3108
430.45633 205.21782 2796.916
508.96817 -49.974518 2738.1392
228.79416 281.64276 2720.8967
122.47428 98.65944 2735.4875
83.1465 -368.2606 2756.2358
50.43228 -797.58954 2852.702
314.53296 88.884636 2743.0967
356.11487 -362.12656 2798.4683
380.25327 -783.8138 2890.9006
242.90338 737.1318 2682.113
234.12666 484.59857 2707.049
83.10516 490.04538 2700.5132
-2.5699153 501.96353 2494.5989
54.576862 765.51294 2557.74
385.1482 479.15173 2713.5852
428.6954 210.58258 2796.1372
506.24844 -29.79457 2728.125
226.35535 288.91278 2723.5388
123.14676 96.66913 2735.8982
83.38111 -371.2851 2755.8499
50.488552 -799.1909 2852.4302
314.0211 89.78499 2744.159
355.3434 -360.4419 2798.6138
380.67355 -782.4801 2892.4282
240.18924 733.4633 2681.8628
229.80968 489.26215 2708.6594
74.07389 493.36703 2705.5317
-10.517873 463.2875 2515.5557
58.559917 751.43665 2539.9531
385.5455 485.15732 2711.7874
428.28168 221.44255 2796.301
507.3879 -25.19432 2729.3958
224.28233 291.5677 2724.42
122.91181 96.399475 2738.2554
82.99865 -371.9681 2757.3367
50.326622 -798.8099 2853.9207
314.5983 91.34707 2742.1052
354.71967 -358.6566 2797.114
381.46613 -781.6197 2891.7092
240.62946 734.68396 2680.5315
227.71431 489.06122 2708.8777
70.34048 492.31696 2707.647
-19.06636 436.8078 2522.0864
55.35821 725.36597 2521.5872
385.08795 485.80548 2710.1086
429.8567 226.05815 2796.746
501.57574 -38.16304 2726.7947
223.50365 291.44904 2724.531
123.71503 95.81415 2739.4368
83.10014 -372.77844 2758.6733
50.51784 -799.3351 2855.0425
314.87103 91.85948 2740.932
354.17554 -357.22366 2796.2449
382.1679 -780.2173 2890.7703
241.05573 735.4117 2681.0046
227.20572 488.26294 2712.2273
70.34181 491.6947 2713.8164
-24.180174 425.59906 2526.0613
60.21352 704.84216 2503.2136
384.0695 484.8312 2710.6382
429.30746 224.228 2797.9377
502.16968 -34.955135 2737.542
223.02397 290.45578 2726.6177
123.172615 94.74159 2741.9773
81.81695 -375.1179 2762.3232
50.818775 -799.6992 2854.8623
314.51196 90.555626 2740.0388
353.8908 -357.10043 2795.8057
381.82684 -779.01306 2890.2854
240.53021 735.4193 2681.2527
226.62103 486.5574 2712.8958
69.47607 490.08505 2716.064
-21.930813 435.50378 2520.3298
59.634533 696.41187 2489.0977
383.76602 483.02975 2709.7278
441.8196 206.25461 2791.8542
503.18283 -41.500816 2737.453
222.48952 288.76236 2728.2117
122.83113 93.11185 2745.4534
81.14635 -374.0875 2762.3003
50.657074 -800.04675 2853.731
313.8851 88.8229 2741.6018
354.4446 -356.88852 2797.2212
381.83325 -778.94714 2890.9775
240.10855 735.1421 2682.4302
224.75813 483.39206 2717.7036
66.35615 486.5715 2724.374
-27.388407 435.42465 2513.5632
55.99703 675.5218 2471.1687
383.16022 480.2126 2711.0332
435.03345 209.89507 2795.3975
504.97806 -44.120804 2753.3074
221.36945 286.50296 2731.0776
122.51752 91.529945 2748.4717
80.37343 -376.63528 2767.0554
50.312805 -804.83954 2854.1665
313.4438 87.69765 2740.4316
355.58194 -359.21356 2796.3767
382.86105 -782.09155 2889.7334
240.18889 734.86945 2683.7615
218.3592 479.9346 2727.0068
55.034584 481.42786 2742.1345
-41.235214 424.27188 2547.5085
53.57234 653.4947 2463.5774
381.68384 478.44138 2711.8792
430.50116 211.98 2795.8113
499.66226 -42.655434 2767.5217
217.5475 282.82352 2737.701
120.31655 86.59405 2757.3257
79.563 -378.2471 2771.857
49.611134 -806.31635 2854.5964
313.1553 84.83095 2739.4644
356.56073 -362.31674 2796.5444
382.7927 -785.0852 2890.318
240.13432 735.4557 2684.659
215.18935 479.71484 2731.837
49.51818 479.70587 2747.911
-50.289043 409.9757 2579.349
43.783344 601.2373 2419.5913
380.86053 479.72388 2715.7632
428.98428 213.51703 2799.1565
500.13245 -44.526596 2774.8953
215.88925 283.2322 2738.9402
121.077324 86.744316 2755.3103
79.65301 -381.73532 2775.7458
49.57042 -808.90326 2857.0107
312.10065 86.75472 2736.7766
357.11835 -360.37088 2794.8848
383.34967 -785.14276 2889.5156
242.38866 735.7026 2691.2417
214.43074 479.06815 2733.3733
47.787067 477.8305 2747.8308
-53.68421 377.50293 2583.1785
32.734665 551.30426 2406.973
381.07428 480.3059 2718.9158
429.5871 215.83965 2800.5002
498.42795 -48.953667 2776.4805
216.66037 283.87762 2742.3635
121.613945 87.96453 2759.7932
80.69364 -378.7234 2778.2012
49.995502 -806.7899 2860.2537
316.1661 89.409485 2742.9146
356.548 -363.2197 2792.4482
382.60242 -789.197 2888.953
245.87839 734.0779 2693.8445
214.8258 477.65085 2733.6353
48.89501 477.17798 2748.9512
-77.83777 303.0731 2657.2043
10.457075 468.86862 2407.0996
380.75656 478.12372 2718.3193
429.12286 212.52937 2798.6448
498.302 -51.044125 2769.8193
216.1505 282.52386 2741.9634
121.11499 87.12224 2759.1858
80.785904 -378.34378 2776.4636
51.322464 -813.69183 2861.459
313.83566 87.67145 2741.3972
356.66873 -363.41748 2794.5837
382.33817 -787.51184 2891.788
246.61964 733.33344 2691.9104
223.93259 467.71365 2736.8713
67.42502 471.37634 2752.6138
-78.57502 313.57236 2662.339
23.19708 426.31152 2378.0273
380.44016 464.0509 2721.1292
428.41153 198.10106 2800.855
498.5923 -64.884865 2776.6116
220.08229 277.86554 2742.7637
120.5152 90.25742 2758.2834
81.06468 -376.23267 2777.8328
51.571583 -808.76514 2862.9548
311.94864 85.77735 2739.0283
356.83902 -364.63968 2793.897
382.0536 -787.1167 2891.5515
250.21643 732.4407 2695.1218
222.31451 471.13718 2734.3342
63.82919 474.56046 2748.0833
-78.3555 296.92914 2674.927
18.866636 351.38974 2377.667
380.7998 467.7139 2720.585
428.30988 199.1188 2798.325
498.0711 -65.28568 2777.8872
218.77672 279.33066 2741.3093
119.458 89.59291 2756.5938
81.12033 -376.85928 2777.5706
51.399643 -808.6965 2862.3113
311.01947 85.455215 2739.975
357.02505 -364.6096 2795.568
381.87222 -785.5954 2892.9397
249.69873 730.79425 2694.021
219.48164 471.29712 2733.1733
59.369892 473.92053 2745.204
-69.81444 275.08224 2693.2166
19.83337 223.71556 2441.686
379.5935 468.67368 2721.1428
427.11246 200.7022 2798.6545
499.5295 -60.725525 2771.4026
216.9944 278.49957 2742.1123
118.42478 87.27637 2758.2708
79.426796 -379.272 2777.8518
51.69727 -812.3556 2863.462
310.58936 84.12769 2743.8315
357.58255 -364.6596 2798.4226
382.58157 -783.6958 2895.2073
250.78978 730.76556 2692.9224
219.96935 471.86765 2731.9263
59.938576 474.78757 2743.1978
-64.24785 258.6654 2735.276
26.778664 170.46733 2476.261
380.00006 468.94775 2720.6545
427.54724 202.57028 2798.6401
497.23685 -58.35228 2776.7349
217.13191 278.5967 2741.7073
117.64872 87.08916 2758.2957
78.54061 -379.6504 2777.6418
52.2327 -812.1503 2864.1787
310.9401 83.562355 2744.6812
357.0096 -364.5495 2799.5588
382.64865 -783.61584 2896.104
253.57161 730.23987 2696.295
220.14122 472.19562 2731.0874
59.869385 475.23788 2742.1528
-61.72534 248.0212 2754.9478
36.93976 110.49338 2520.6375
380.41293 469.1534 2720.022
428.76746 199.52873 2799.9775
498.5249 -56.53063 2776.5984
217.19499 278.62283 2741.634
117.36862 86.889046 2758.8694
78.21659 -379.63974 2777.4272
53.0459 -812.54645 2865.3193
311.12888 83.21112 2745.492
356.31393 -364.0856 2800.1538
382.64557 -783.90753 2896.2283
255.14587 729.9208 2698.6748
220.51343 472.5553 2729.9504
60.25165 475.5433 2741.064
-59.28593 243.23404 2763.187
35.263428 67.532555 2557.2551
380.77527 469.56726 2718.8367
429.55124 201.23152 2798.693
496.49185 -60.45085 2763.258
217.663 278.8148 2740.9348
117.939896 86.88041 2758.637
78.58776 -379.10486 2776.7903
53.26981 -812.1988 2866.2627
311.68506 83.26816 2745.2017
355.93088 -363.52017 2800.7517
383.0563 -783.879 2895.8418
256.34494 728.50885 2701.8894
220.69957 471.8792 2730.277
60.188835 474.72617 2741.7827
-54.319527 240.29411 2766.5664
31.683847 23.066675 2612.3757
381.2104 469.03226 2718.7715
429.64648 202.88483 2799.0906
497.18768 -59.97284 2761.4712
218.03024 278.68423 2740.8438
118.17496 87.21298 2758.3767
78.637245 -377.99353 2776.646
54.335133 -809.3524 2872.2043
312.54727 83.76546 2744.444
355.42264 -362.7137 2799.9646
383.5535 -782.8755 2894.7444
256.29837 728.7675 2702.7454
220.60667 471.56268 2730.9526
59.30186 474.30124 2741.9038
-42.72814 235.93463 2777.846
21.84539 6.1496067 2635.0732
381.91165 468.8242 2720.0017
429.5199 202.014 2799.589
494.70898 -59.896378 2756.2385
218.00516 278.479 2740.9155
118.115776 87.04692 2757.4832
78.66865 -378.67206 2777.708
55.24091 -812.02466 2873.1172
312.69116 83.7436 2744.2734
355.08606 -362.10522 2799.4053
383.59958 -781.54474 2894.0688
256.19348 728.5428 2703.4949
220.76964 471.14053 2731.8677
59.41168 473.7401 2742.4453
-32.778896 227.73106 2795.2268
11.036044 -16.143429 2665.2979
382.12762 468.541 2721.2903
429.76544 200.46648 2800.0327
496.04623 -50.93574 2762.786
218.26239 278.51633 2740.959
118.408195 87.46039 2756.4316
79.12146 -379.02652 2778.1104
54.91106 -813.7505 2873.4504
313.1018 84.3238 2743.6687
355.0531 -361.43365 2798.7432
384.7192 -780.0523 2892.6047
256.02673 728.4777 2704.367
220.60889 470.2696 2732.3818
59.181152 472.06485 2740.1636
-17.728893 215.93063 2801.4893
10.619791 -41.26669 2678.381
382.0365 468.4744 2724.6003
429.43707 201.05936 2802.7876
494.63818 -55.680813 2761.9019
218.79 278.14474 2738.973
121.02369 87.08689 2750.189
80.67384 -381.0864 2780.391
54.723633 -817.0785 2876.9514
312.9184 84.9528 2740.9387
355.5557 -359.43143 2796.295
385.6028 -777.4212 2888.6597
255.92139 728.4181 2704.4275
220.12892 469.16248 2732.5537
58.582867 470.3812 2739.8396
2.1693504 204.00429 2801.0688
-1.1276065 -61.419506 2698.979
381.6751 467.94376 2725.2678
429.04242 200.19406 2804.0867
493.7527 -50.316147 2759.221
218.9414 276.3358 2738.4773
122.598015 84.22705 2748.6924
81.74431 -381.14093 2781.8325
54.367565 -816.7273 2880.2288
312.90955 82.7913 2740.1094
355.64328 -360.1903 2795.2456
385.79077 -777.0197 2886.1567
255.25235 728.22205 2705.0825
220.5672 468.232 2732.348
59.09474 469.86923 2738.5483
11.193169 196.59904 2800.4934
-4.4911737 -81.81687 2723.4758
382.0397 466.5948 2726.1472
428.76965 198.42876 2805.5322
494.23895 -56.507496 2756.6968
218.7954 274.95425 2737.2427
121.82824 82.641785 2745.793
82.08512 -379.7134 2783.1353
54.53366 -813.5918 2882.8198
312.21906 80.7113 2738.482
355.80286 -361.35834 2793.5603
385.2442 -777.6541 2883.5723
254.98763 728.17633 2705.465
221.0903 466.37656 2732.1301
59.82317 468.3428 2737.5508
17.02976 187.49557 2802.5952
-4.5361195 -89.66548 2723.596
382.35748 464.41028 2726.7092
428.88834 196.51205 2806.7012
488.5608 -54.76828 2743.187
218.90219 274.0561 2736.795
121.86196 82.89214 2744.6482
81.79002 -379.57413 2783.4885
53.363033 -809.4586 2884.3735
311.56625 80.57913 2738.2715
355.92725 -361.1484 2791.8162
385.10254 -776.8057 2882.1438
254.358 727.6184 2705.7532
221.87941 462.3129 2733.1748
61.67726 464.95795 2738.1443
19.64054 185.70094 2803.8662
-1.5771413 -75.6542 2736.3699
382.08142 459.66782 2728.205
428.675 191.48853 2808.528
492.28656 -59.59934 2746.428
218.83076 271.11835 2736.66
120.056404 81.50431 2743.1145
82.42345 -377.4884 2784.499
52.69397 -808.6401 2884.2336
311.5077 78.343315 2737.1755
355.7934 -361.63135 2789.522
385.11374 -777.7269 2880.0925
253.72212 727.5337 2705.5234
222.26703 459.035 2732.8025
63.243317 462.15656 2738.594
20.018984 182.66066 2807.8618
-7.8087125 -85.092735 2737.6968
381.29083 455.9134 2727.011
428.085 187.66579 2808.6016
488.78937 -66.894646 2744.3782
218.6845 269.0055 2736.857
118.33984 80.87535 2744.4353
82.379364 -377.18707 2783.9568
52.750736 -808.51953 2882.4993
311.86417 77.0766 2737.3872
355.61624 -361.48798 2789.6875
385.3089 -778.26807 2879.8706
253.28061 726.60254 2704.6536
223.33002 460.0303 2732.982
65.62187 463.6541 2739.3801
26.09443 196.731 2823.3984
-6.0997515 -79.09334 2745.5837
381.03827 456.40652 2726.5835
427.5096 189.04851 2808.182
481.46747 -60.26982 2740.688
219.13655 269.69705 2737.416
117.4748 81.60345 2745.8044
82.24244 -377.1542 2782.9282
53.08699 -806.7337 2881.886
312.41125 77.12422 2737.8958
355.63553 -361.55923 2789.521
384.75455 -778.1722 2879.5063
252.36392 726.0102 2704.732
222.32996 463.9769 2732.2585
64.11016 467.22174 2738.6956
20.833254 193.20839 2817.0125
-10.172702 -72.74236 2731.2583
380.5497 460.73203 2725.8218
427.403 193.43674 2806.7517
481.51758 -66.82694 2743.2947
218.60524 271.8422 2737.5627
117.40421 81.70672 2746.8325
82.59028 -376.8013 2781.5393
52.546555 -806.41223 2881.3386
312.35715 77.70843 2738.9011
355.8086 -361.79044 2789.6052
384.8674 -778.3762 2880.1008
251.38182 725.4746 2705.2854
221.86378 465.5407 2731.6572
63.311256 468.74594 2738.4565
20.188826 190.45103 2813.9248
-6.2118974 -79.04175 2720.0774
380.41632 462.3355 2724.858
427.39584 196.05478 2805.9526
488.85004 -66.53757 2736.0942
218.20012 272.81 2737.08
117.61255 82.03857 2746.6594
83.05082 -375.75034 2780.9717
51.68163 -799.8387 2877.3518
311.46054 78.11987 2738.3464
355.43314 -361.7753 2788.84
384.7668 -778.81946 2880.2446
250.52252 724.9205 2704.0098
222.47014 466.18372 2731.041
64.16633 469.58243 2738.6707
19.188442 189.25955 2810.1265
-8.472192 -80.394936 2724.1545
380.77396 462.78506 2723.4114
427.83386 196.93109 2804.6982
489.2303 -61.19717 2737.7888
218.5736 273.09302 2736.2075
117.55886 82.08745 2746.0547
83.02225 -375.90457 2781.0366
52.77894 -801.12683 2879.5037
311.7954 77.917305 2736.6934
355.64624 -361.9902 2789.111
384.62753 -779.27655 2881.3455
250.1066 724.1916 2703.4224
222.93394 466.90204 2731.2102
64.73776 470.3288 2739.6406
17.295898 195.81439 2809.4414
-6.9844007 -73.074104 2710.6006
381.1301 463.47522 2722.7798
427.2662 196.85258 2803.5378
487.36038 -67.17538 2733.686
218.99149 273.3066 2735.9226
118.32198 81.80637 2745.7896
82.5723 -380.042 2781.2068
51.927914 -803.72943 2883.347
311.77597 77.61587 2735.4805
355.70087 -363.06927 2789.2996
384.20612 -779.4762 2881.8933
249.71056 723.0506 2703.2996
223.38362 465.45877 2731.6606
65.85897 469.18973 2740.8247
14.280197 198.66821 2802.8198
-9.345343 -81.61674 2708.7424
380.90836 461.72775 2722.4963
427.05283 196.0107 2803.0618
491.95453 -60.237057 2736.066
218.99417 271.4686 2735.1865
117.67953 79.77409 2744.3513
83.1887 -389.9121 2781.6296
50.831455 -803.54016 2881.7173
311.52975 75.18276 2733.0737
356.01443 -365.90262 2788.8875
383.7089 -782.0403 2881.4639
249.1887 723.0757 2703.459
224.48718 463.4183 2731.6565
67.33524 467.4398 2741.7944
14.297085 198.90147 2803.9177
-9.316949 -78.3528 2700.4712
381.6393 459.39676 2721.5188
427.74945 194.13521 2801.0735
489.76172 -69.19599 2733.844
219.78065 270.3951 2735.2666
118.082756 79.85387 2745.1335
83.829315 -385.37442 2781.1572
51.304836 -803.16736 2880.7527
312.06543 74.88989 2732.6199
356.0335 -366.01477 2789.0786
383.8548 -783.2231 2880.677
248.7048 723.03613 2703.8916
225.23329 461.90756 2731.9753
68.35997 465.92096 2742.8083
15.339521 199.39088 2804.5383
-10.975977 -74.12915 2697.0146
382.10657 457.8942 2721.1423
428.7191 193.03873 2799.9097
488.73727 -70.39333 2735.1094
220.57156 269.5168 2735.7463
118.58264 79.61601 2746.2383
83.623764 -382.63147 2781.4978
51.573883 -802.6304 2880.1746
313.2373 74.636055 2732.7964
355.94067 -365.93423 2789.134
383.57864 -783.53876 2879.9758
248.29973 723.3733 2704.1028
225.69453 461.8544 2732.129
68.2823 464.6615 2742.0593
15.355461 197.54861 2803.9478
-9.239831 -75.90127 2704.7097
383.10666 459.04742 2722.1985
430.05667 195.05565 2800.9534
487.97482 -63.67919 2731.7766
222.50754 267.69275 2736.4941
118.65865 75.32614 2747.2097
83.425865 -385.25455 2781.8691
51.49423 -805.61035 2880.0737
319.98254 71.73605 2734.509
355.27795 -362.82886 2788.4504
383.04785 -778.873 2879.3867
247.52536 723.40814 2704.3372
225.43655 461.481 2732.0908
67.67677 463.76917 2741.0134
13.099165 199.43172 2800.6729
-7.0409703 -69.18446 2700.7249
383.1964 459.19287 2723.1685
432.0882 197.18872 2802.018
489.2026 -67.80055 2738.5786
222.87091 265.9023 2736.8833
118.86706 71.79492 2747.4128
83.38183 -385.41074 2782.4219
51.850395 -805.4798 2881.5442
321.74353 68.85243 2735.9387
355.24368 -362.5295 2787.7314
382.90927 -776.9545 2879.5024
247.2763 723.82275 2703.2158
225.11748 460.5692 2732.2427
67.157166 463.37396 2742.1594
13.347072 196.17372 2801.8308
-6.9577656 -77.684135 2702.5427
383.07767 457.7646 2722.3257
439.5698 192.6767 2800.44
488.38153 -65.095894 2730.994
221.9384 265.99704 2736.6333
119.07603 73.19469 2747.2822
82.94469 -383.4005 2782.0144
52.24119 -803.1799 2881.6702
318.4426 69.65479 2734.7659
355.17642 -363.8443 2788.2195
382.5011 -777.4568 2879.897
247.19806 724.3801 2701.5857
225.45386 459.3941 2732.5603
67.69743 462.77884 2742.8865
13.276056 196.05884 2802.0427
-4.7421036 -76.68984 2700.8232
383.21036 456.0093 2722.2341
441.07147 189.55441 2800.0205
490.6904 -72.908264 2735.2966
221.57326 265.7979 2736.7344
118.53447 74.32932 2747.399
82.99398 -381.11243 2781.942
52.939835 -799.8934 2882.0234
316.851 70.07425 2734.418
355.51312 -365.25568 2787.8562
381.8426 -778.93 2879.8413
246.51132 725.132 2700.666
225.52898 459.56708 2731.532
67.74999 462.7541 2743.031
13.996908 196.04272 2802.9365
-5.8065577 -78.26673 2698.8557
383.30807 456.38016 2720.0332
439.24976 190.26378 2800.8694
492.74536 -61.97868 2732.888
221.98813 265.61652 2736.7026
120.566345 73.64297 2749.0068
83.93611 -379.27676 2781.3113
53.09999 -796.57336 2882.2932
316.3284 69.68877 2734.7397
355.37207 -366.78793 2788.6116
381.6781 -780.4267 2880.109
245.97842 726.10736 2699.9211
225.98125 460.64606 2731.693
68.38159 463.90042 2743.1624
14.724986 195.39795 2803.846
-5.587953 -66.59043 2700.908
383.5809 457.3917 2720.2239
438.00323 192.5083 2800.8975
489.53647 -65.84876 2735.624
222.31801 266.15436 2736.5427
120.86004 73.68208 2748.5093
84.503944 -379.19907 2781.254
52.46249 -794.9496 2883.2563
316.44943 69.64324 2734.2754
355.84286 -366.83325 2788.4382
381.21423 -780.0682 2879.3157
245.62018 726.99554 2699.343
225.99118 461.1865 2731.9602
67.70079 464.53262 2743.2642
14.791695 194.79486 2804.1252
-6.1295247 -78.19376 2709.0933
384.28165 457.84036 2720.6562
437.54968 192.54623 2800.292
490.39847 -66.023445 2734.2961
222.2094 266.7341 2736.5625
121.034584 74.34052 2748.1199
84.18619 -379.6167 2781.4355
52.930336 -794.1361 2882.9788
315.8203 70.222946 2734.2097
356.1874 -366.63565 2788.3672
380.24652 -779.9123 2878.941
244.88556 727.6141 2698.8638
226.13983 461.04816 2732.5334
67.242966 464.48416 2744.2078
15.291026 194.22624 2804.095
-5.332069 -73.99895 2714.6392
385.03674 457.61218 2720.859
440.3953 186.66853 2797.5708
490.1407 -62.958702 2736.4055
222.22878 266.68692 2736.5046
121.381195 74.42179 2747.5981
84.47873 -380.3631 2781.438
53.518757 -793.22095 2883.0945
315.25412 70.22951 2733.3538
355.77576 -366.85416 2787.9692
379.56622 -779.9607 2878.7214
244.63438 728.0892 2699.0515
226.50644 461.36057 2732.8347
67.0525 464.65967 2744.0195
14.989856 194.12607 2803.0798
-6.3838925 -80.75765 2708.583
385.9604 458.06137 2721.6501
439.8746 191.29355 2794.2424
495.41638 -61.300846 2739.8772
222.74675 266.24188 2736.7888
121.16885 73.1472 2747.6042
84.64546 -382.91586 2781.9275
53.386227 -795.45544 2883.4465
316.80508 69.09936 2733.8816
355.92737 -366.04953 2787.9033
378.68738 -777.66425 2878.7744
244.82083 727.664 2699.478
226.73586 459.78488 2733.7795
66.73285 462.91904 2746.2344
24.907387 214.93289 2808.251
-8.426721 -83.3287 2729.7693
386.73892 456.6508 2721.3247
442.15988 187.89027 2791.952
496.31137 -66.24238 2741.236
223.16628 266.02884 2736.6792
121.573235 74.19286 2747.2092
85.639824 -381.94806 2782.0005
53.970882 -794.5934 2883.6162
317.62024 70.352745 2731.9487
356.18036 -366.9143 2788.7678
378.32108 -778.92474 2880.1626
245.36514 727.8811 2699.5498
227.43262 459.39987 2733.4922
67.35751 462.8855 2746.809
20.538248 205.28787 2806.466
-3.3090754 -82.72255 2726.1375
387.50778 455.9142 2720.1755
441.53787 190.22694 2789.6245
492.50986 -61.945473 2745.6328
223.45863 266.01855 2736.3394
121.43951 74.77226 2747.3428
86.1245 -381.72342 2782.5684
54.84656 -795.1655 2883.7756
317.5298 70.50242 2731.03
356.08047 -367.27527 2789.4348
377.86115 -779.35925 2881.365
245.96208 727.3685 2699.1812
227.74689 458.16245 2734.0005
67.19095 461.8469 2748.1953
20.823215 199.5462 2808.1287
-5.305975 -73.53449 2713.6555
388.3028 454.47797 2719.8054
442.23413 190.32167 2791.4204
492.1234 -66.302376 2737.52
223.56105 265.37048 2736.6985
120.85516 74.83931 2748.107
86.965294 -380.86172 2782.4897
56.0252 -794.5548 2883.4197
317.89563 70.31756 2730.6863
356.33887 -367.931 2789.6697
377.8456 -778.9159 2881.166
246.74828 727.5863 2698.8523
228.05733 457.42758 2733.8953
67.25852 461.3264 2748.344
19.280533 197.39456 2806.7515
-6.572134 -79.89513 2703.582
388.8563 453.52878 2719.4463
442.70563 190.4383 2792.9604
492.77136 -71.49407 2741.5269
223.63707 264.86838 2736.6614
120.751434 74.69663 2748.2754
86.69139 -379.2026 2782.9805
56.28421 -793.6116 2883.5283
317.68195 69.92176 2730.5798
356.77682 -369.139 2789.01
377.80603 -779.465 2881.0833
246.56181 728.11487 2698.089
228.47148 456.965 2734.0173
67.93875 461.13287 2749.1985
18.438557 197.0107 2807.2686
-3.618482 -79.33794 2697.859
389.0042 452.79718 2718.8362
442.77917 189.63791 2793.5925
492.55707 -67.240425 2746.0137
223.8378 263.6429 2738.093
120.00777 72.89626 2751.5493
86.654015 -378.13242 2782.5334
55.885994 -792.66406 2882.6792
318.4003 67.74547 2732.788
357.46677 -369.2741 2789.3796
377.83823 -779.3736 2881.7444
246.4379 728.3705 2698.0068
228.45935 456.48392 2733.7144
68.31203 460.33298 2748.4417
18.524916 197.40314 2806.7148
-6.6048775 -76.141655 2722.691
388.6066 452.63498 2718.987
443.33093 189.50883 2795.2725
491.81015 -74.7986 2738.9258
224.23788 263.21646 2738.3198
121.09313 72.32647 2752.0222
86.492134 -378.63293 2783.4126
56.27891 -794.07513 2883.2412
318.9395 67.57138 2733.8284
357.67398 -368.9194 2788.939
378.11407 -779.39124 2882.3174
246.84116 728.1704 2697.724
228.6416 456.49994 2733.2864
68.41709 460.25476 2748.0803
18.764917 198.22124 2805.9014
-10.1762085 -70.64237 2706.6643
388.86615 452.7451 2718.4927
444.73148 189.35265 2795.427
485.54214 -64.141716 2747.0374
224.57852 263.58298 2738.2458
121.02738 72.99748 2752.391
85.520454 -378.8283 2783.322
56.19594 -796.9747 2883.602
320.00333 68.334435 2734.0193
358.0198 -369.13507 2789.0273
378.75067 -779.78546 2882.7295
247.58482 727.78723 2697.8323
228.33986 457.19064 2733.3904
68.062256 460.74533 2749.0022
18.665176 198.23152 2806.3997
-12.545085 -71.69763 2702.7886
388.61755 453.6359 2717.7788
445.41928 190.28995 2795.3455
489.4517 -63.763016 2744.0852
224.5338 263.53348 2738.4102
121.06908 72.086555 2753.137
84.57911 -380.21463 2782.3396
55.51916 -796.73456 2882.5913
320.38644 67.665985 2733.7227
357.58624 -368.6595 2789.387
378.7675 -780.04114 2882.762
248.38599 727.74713 2698.3406
227.81664 457.88477 2732.8313
67.989815 461.15662 2749.2249
18.229456 197.61092 2806.5032
-6.324835 -77.82764 2711.204
387.64362 454.61282 2716.4377
446.04788 191.4505 2794.229
490.58292 -74.2927 2740.9336
224.39333 263.66302 2738.219
120.976944 71.488335 2753.863
84.46223 -382.4848 2782.356
55.803135 -800.68225 2882.124
320.96283 67.39427 2733.3503
357.9058 -368.49658 2788.9417
378.944 -780.48254 2883.1565
248.64726 728.1674 2698.9087
227.63773 458.46356 2732.2397
67.98043 461.71887 2751.1035
17.690943 198.74081 2808.6174
-10.885814 -66.809135 2709.7961
387.29514 455.20816 2713.376
445.8257 192.08041 2791.4722
490.3372 -69.49738 2742.0598
224.06075 262.37106 2735.8044
120.78074 68.31152 2751.1492
84.43996 -386.52887 2780.1663
54.53254 -814.69055 2884.6194
320.18658 64.24576 2727.589
357.67706 -366.03357 2790.2336
379.04242 -779.0673 2885.8567
248.5424 728.188 2699.3435
227.38516 459.4836 2731.5715
67.682465 462.85266 2749.708
16.510191 198.68355 2807.926
-6.295475 -79.909325 2723.055
387.08786 456.1145 2713.435
445.57758 192.59517 2791.7175
491.55994 -66.213684 2738.8743
223.75917 263.9564 2735.964
120.971504 70.52108 2751.618
84.559265 -385.79483 2780.538
54.633957 -811.76526 2885.4863
319.29468 66.33728 2729.0955
357.25436 -367.42383 2789.4492
378.96436 -782.3586 2886.518
248.35532 727.8952 2699.2397
227.30176 460.25378 2731.3018
67.3874 463.67926 2749.7214
11.128852 195.04308 2808.459
-4.9881988 -71.54133 2710.644
387.21603 456.82828 2712.8823
445.25824 191.37703 2791.0615
492.11502 -62.4973 2736.218
223.61804 265.12775 2735.609
120.67693 72.127884 2751.3489
84.959206 -384.12076 2780.9766
54.448593 -808.81415 2883.5823
319.1918 67.87554 2728.4832
356.516 -367.74713 2788.845
379.45358 -786.2456 2886.4912
247.78026 726.35144 2699.6484
225.96002 448.3995 2732.3188
65.66483 451.34003 2750.1116
11.861274 183.42786 2808.836
-14.905424 -92.87155 2713.6287
386.25528 445.45905 2714.5261
446.0894 200.97806 2790.6292
490.20645 -54.660767 2732.9849
222.95393 259.19928 2736.5046
120.69442 71.819725 2751.7075
85.479866 -384.2714 2780.4712
54.474796 -806.3617 2882.6802
319.20126 68.17828 2729.6733
356.7987 -368.28775 2788.6252
379.48978 -788.0478 2885.6904
247.96358 725.52325 2699.546
226.21461 454.2192 2731.9553
65.54981 457.47427 2748.2896
12.222486 189.18025 2806.6973
-10.684794 -74.90199 2711.666
386.87927 450.96417 2715.621
445.47144 193.97493 2793.0754
488.5565 -65.63461 2732.3828
222.67618 262.60815 2735.3357
118.67134 73.03244 2748.9302
86.651085 -384.09238 2782.5767
53.778877 -806.26697 2884.2693
319.60443 68.961586 2728.5022
357.0856 -368.62576 2787.3276
379.3622 -789.0708 2884.317
247.70639 725.7885 2698.4338
226.47229 457.3312 2731.8218
65.694405 460.53555 2748.6353
11.525397 193.45398 2806.978
-10.188119 -80.855 2724.0017
387.25027 454.1269 2715.0083
445.14453 192.1358 2792.4556
488.1049 -66.48792 2734.646
222.99763 264.0987 2735.4219
119.5094 72.859535 2749.481
87.91255 -383.63522 2782.688
54.153893 -801.2441 2877.692
319.5365 68.872955 2728.563
357.39066 -369.15692 2787.6675
379.09216 -789.4473 2884.6165
248.1321 725.5972 2697.5315
226.47423 460.38895 2731.2969
65.31859 463.63718 2747.772
11.40568 195.41237 2807.0244
-5.8612022 -70.59894 2708.7737
387.62994 457.14066 2714.8215
444.58658 194.79184 2791.7568
485.62036 -54.381256 2731.1138
222.9429 265.68607 2735.1416
119.6124 72.99466 2749.189
88.09252 -384.75378 2783.0715
55.570625 -803.4903 2879.076
319.21075 68.97159 2728.7837
357.63403 -368.924 2788.0444
380.77792 -779.8788 2879.4182
248.18051 725.84174 2697.3708
226.82756 460.95645 2731.2131
66.11158 464.6391 2747.8645
12.224999 196.7396 2806.9329
-4.8681045 -75.64456 2709.0486
387.54355 457.2739 2714.562
442.07068 194.70467 2789.033
482.88678 -68.99579 2732.477
222.76257 266.20703 2735.049
119.162964 73.738335 2749.1973
87.333206 -385.0736 2783.5654
55.731087 -804.69305 2880.1848
318.23206 69.17695 2728.5725
357.20343 -369.2164 2787.1462
379.6607 -783.219 2881.3813
