288.90497 729.833 2745.8638
264.55508 458.37234 2766.4727
102.764465 461.9944 2788.0178
66.991646 185.82944 2845.5664
55.625698 -98.70896 2733.3962
426.3458 454.7503 2744.9277
487.58124 186.56627 2807.507
520.019 -69.34552 2720.1694
260.52704 267.36456 2768.335
153.35191 78.66597 2783.9329
137.39703 -381.50906 2829.8733
131.90523 -801.60095 2934.6487
359.64603 74.04771 2756.4614
405.7936 -372.48584 2812.0989
439.15024 -775.4796 2901.3945
288.9622 729.82837 2745.521
263.98196 460.28085 2767.5134
102.74789 463.5146 2788.017
66.4286 187.62404 2846.3389
54.71227 -87.32811 2722.8323
425.21597 457.04712 2747.01
486.8353 184.87965 2805.1653
518.0379 -79.236664 2724.4646
260.2708 268.22473 2768.62
153.59709 78.23366 2782.82
137.4505 -380.8398 2829.1587
131.53174 -801.0094 2934.852
359.52206 74.103676 2756.6333
406.0987 -372.0714 2813.1304
439.023 -774.8521 2902.4758
288.9729 730.92755 2744.9912
262.85867 461.6666 2765.888
100.57181 464.36603 2787.3496
66.09251 188.03946 2847.002
51.885845 -85.68678 2727.086
425.1455 458.9672 2744.4265
484.35718 191.05373 2798.328
508.6875 -79.85493 2713.5952
259.8241 269.0578 2767.1675
153.48175 78.167366 2782.109
137.99129 -379.69733 2828.5796
131.00055 -799.29596 2934.3398
360.09717 74.73056 2754.7852
406.02036 -371.27756 2814.6284
438.77493 -774.9443 2903.6265
288.59692 731.1283 2745.0017
262.5471 460.33817 2765.9983
99.85551 462.3013 2787.8577
66.701614 187.04797 2847.761
54.11837 -90.963715 2734.905
425.23853 458.37494 2744.139
486.41443 188.89307 2798.5945
519.0288 -71.05752 2716.1367
260.3489 268.4481 2766.872
156.32985 77.78667 2781.4265
138.90254 -379.98395 2827.4585
130.73723 -798.5594 2932.7656
359.9718 75.32939 2754.065
406.62164 -370.29135 2813.498
438.85477 -774.21783 2902.6187
287.96286 730.4825 2744.2068
262.80838 455.67804 2766.4355
99.07071 457.44388 2788.2878
67.3164 184.31326 2853.2136
55.76807 -89.381966 2731.1953
426.5461 453.9122 2744.5833
486.76007 191.76015 2798.8003
516.9431 -66.571785 2705.1147
260.84836 266.22504 2767.0588
157.77155 77.862526 2781.177
139.69241 -380.34924 2825.5823
131.2505 -799.7059 2931.6694
360.00528 75.68153 2754.1873
406.3501 -369.99838 2814.5442
438.1696 -775.0062 2903.6707
288.41187 730.2564 2744.4631
263.2273 456.3245 2766.117
98.51024 458.28348 2788.1804
66.39421 184.8839 2852.2234
53.913937 -94.40407 2729.2156
427.94427 454.3655 2744.0535
486.45444 189.66754 2799.2983
517.4794 -68.7492 2714.3958
261.04013 266.51196 2766.6418
157.72267 77.90207 2780.713
139.55403 -380.7024 2825.9126
131.90822 -799.9701 2932.098
359.98334 75.4966 2753.6206
406.1162 -369.81503 2813.9924
437.26437 -774.1742 2903.3118
287.68634 730.77576 2743.9568
262.96213 458.06323 2765.8057
97.9585 460.00732 2788.0217
65.33288 186.13698 2849.7969
53.87752 -94.35377 2734.2383
427.96582 456.11905 2743.5894
485.74982 190.33229 2797.333
515.4781 -67.30691 2724.612
260.71466 267.53183 2765.7869
157.60841 78.18878 2779.348
139.84688 -381.53116 2826.1287
132.9104 -800.0524 2932.9524
359.32626 75.81207 2752.1885
406.71463 -368.49854 2813.4863
437.91623 -773.0138 2903.7336
287.39822 730.6852 2743.0308
263.35056 456.40436 2764.5513
96.89259 458.78244 2787.5894
64.27082 183.86945 2849.2957
53.792126 -97.0295 2742.3625
429.80838 454.0262 2741.5134
486.81754 192.50108 2798.3691
517.51953 -65.729 2717.006
260.7355 267.2539 2765.1824
157.27994 79.544174 2779.7698
138.52644 -381.30988 2826.2393
133.03986 -799.13605 2932.9688
358.96112 76.66284 2751.857
406.37732 -368.0265 2812.4326
437.93637 -774.1621 2903.2122
287.59366 729.8827 2742.7634
263.3786 458.01846 2764.5383
97.76204 460.85867 2787.6062
65.9999 184.44604 2847.6677
53.796352 -94.684456 2734.5688
428.9953 455.17822 2741.4707
484.98282 193.38422 2796.0095
518.7365 -62.53238 2725.4065
260.33856 267.4852 2766.1716
155.95305 78.68998 2781.9207
137.46162 -382.31827 2826.443
133.18958 -798.9534 2932.2231
358.64404 75.21396 2753.689
406.02142 -370.50253 2813.0557
438.80576 -776.31885 2903.8325
287.75778 729.6675 2742.139
264.34567 458.82483 2763.8787
98.22913 461.92358 2786.7202
66.32732 183.90503 2850.2063
54.957485 -79.06151 2730.1536
430.46225 455.7261 2741.037
487.358 191.15404 2795.9546
517.61224 -68.96891 2717.7817
261.04465 268.37158 2765.7095
156.7895 79.80158 2781.4216
138.32158 -381.5509 2825.3774
133.31204 -797.82526 2929.9624
358.6979 76.03514 2753.6587
405.4284 -371.62585 2813.474
440.03568 -776.9446 2904.4407
287.27246 730.51056 2740.3733
264.80508 458.7792 2763.4768
98.43982 461.7029 2786.8018
67.18503 163.63428 2846.6033
66.94368 -87.48286 2700.1187
431.1702 455.85544 2740.1519
486.5776 189.18724 2796.9167
517.80334 -67.23606 2721.0234
261.8223 267.5417 2766.1743
157.73618 78.08103 2783.0469
139.2332 -381.48553 2825.3015
133.20668 -799.15173 2929.206
359.94327 74.52734 2754.6968
405.641 -373.80408 2815.2092
440.78076 -778.3569 2905.0386
287.1339 731.2989 2739.729
265.6295 456.61044 2763.8103
97.75423 458.99188 2786.6128
61.08322 159.89621 2849.2493
67.134735 -67.71364 2702.0542
433.5047 454.22897 2741.0078
491.3336 181.33304 2805.936
521.676 -63.854725 2716.403
263.26184 266.74094 2766.2087
160.9048 78.289856 2782.1887
140.13069 -383.44183 2826.521
133.47769 -805.0237 2930.265
360.88348 75.45299 2755.0256
406.1657 -371.40137 2813.356
439.47522 -773.65234 2903.7573
286.27554 730.22406 2738.5588
266.4797 455.36746 2764.1755
99.13182 458.36865 2786.7075
61.550964 164.76785 2844.2146
83.5393 -52.151745 2665.1907
433.82758 452.3663 2741.6436
489.23813 182.4511 2805.428
519.12213 -65.99978 2726.2761
263.30374 265.62012 2765.8618
160.02748 77.66786 2781.0256
140.28981 -383.03497 2826.908
132.0787 -806.43256 2929.4338
360.22836 74.07747 2754.0703
405.9723 -371.7576 2813.5718
439.10248 -773.92206 2903.5505
285.48132 729.9192 2737.1575
266.5771 454.22385 2764.4534
100.70654 457.2351 2787.2314
59.902107 163.04472 2841.859
118.37622 3.5370214 2619.8354
432.44778 451.21255 2741.675
488.15125 180.11577 2801.7134
516.9699 -82.03314 2719.7925
263.35657 265.03906 2766.012
159.31172 77.68467 2781.4163
140.29741 -381.53278 2825.739
132.23442 -806.3359 2927.0212
360.96033 74.02389 2753.7249
405.3745 -372.95987 2813.9922
438.99136 -774.74786 2903.4314
285.45413 731.9116 2736.0916
268.72202 457.19858 2764.3896
106.578 461.01913 2791.9727
39.041122 203.90143 2810.8337
166.22298 78.19472 2561.1157
430.86606 453.3779 2736.807
482.9729 192.66493 2795.2046
518.97064 -79.15695 2723.3962
265.1713 264.80066 2770.167
161.27818 74.76725 2793.014
140.06284 -377.61072 2820.503
131.98508 -799.9677 2921.677
361.96304 70.038414 2758.8748
405.7756 -376.89963 2817.3352
439.7924 -778.9399 2907.8335
286.25778 732.5917 2736.032
271.51733 465.19177 2763.3823
109.80625 469.01016 2786.8303
21.546745 228.00383 2773.8054
182.67429 169.16356 2463.4487
433.22852 461.37335 2739.9346
492.56183 181.19214 2810.233
523.3807 -66.89625 2720.303
267.7052 269.9233 2768.89
163.76654 77.01909 2788.9155
139.53967 -380.83926 2821.9363
132.38187 -802.6153 2923.3882
364.01932 72.29059 2759.8792
405.71777 -367.7475 2812.132
440.00537 -770.9517 2905.0444
286.2031 733.23956 2737.0208
271.47372 469.29666 2763.569
108.70934 472.95248 2785.9912
49.578182 248.98666 2710.0571
221.37692 257.79523 2391.9875
434.23795 465.64072 2741.1467
491.3438 194.52382 2803.5913
510.20584 -44.84097 2713.3286
267.83722 272.80316 2769.2095
164.1968 78.556 2788.6265
139.55208 -382.4792 2823.8245
131.79277 -804.20404 2924.0063
364.2048 74.06353 2761.0735
404.91986 -365.97418 2812.117
439.30872 -768.1537 2905.2341
288.13013 730.54553 2743.7207
270.11874 440.04483 2756.9868
103.78444 444.10486 2786.4302
97.22785 283.40247 2594.9336
232.71628 328.6709 2337.0718
436.4532 435.98483 2727.5432
500.84805 184.3944 2805.4233
518.4219 -33.45316 2713.5076
267.5008 258.98416 2767.164
166.6957 80.320114 2794.722
139.65215 -382.79056 2828.8984
130.5372 -806.23157 2926.5667
363.0701 75.52686 2759.961
403.64383 -363.22357 2808.584
438.4976 -766.39886 2902.6555
293.30353 722.27716 2757.1057
273.19394 426.0643 2752.3982
112.14043 432.13843 2777.4822
113.510994 294.9461 2565.8674
254.43634 416.15048 2305.861
434.24756 419.9901 2727.3145
494.67355 190.34122 2806.3042
520.5772 -36.931248 2716.7747
268.442 251.24663 2764.2202
165.03252 80.14994 2791.408
140.0148 -382.1728 2828.8435
130.27646 -805.39795 2926.2913
362.34723 72.70812 2760.6765
404.48822 -364.38443 2809.472
441.00034 -771.0846 2906.9802
290.87436 724.3168 2754.8623
278.81058 429.00833 2747.543
122.41355 437.88116 2768.1074
134.59035 355.7529 2546.7788
280.58145 493.3318 2270.2222
435.20764 420.1355 2726.9785
492.1577 186.65 2807.5757
520.0228 -45.1226 2719.5034
270.63858 253.01898 2761.3262
162.55469 82.6979 2788.2468
139.39746 -379.04248 2826.938
129.65245 -803.62256 2923.9424
362.37836 71.36136 2761.9722
405.67764 -365.29138 2812.0225
440.22614 -768.6237 2906.1277
287.26923 723.796 2751.7517
290.10187 433.68417 2731.9746
142.60506 446.55417 2739.8477
204.74097 471.15048 2471.1255
298.71436 552.5988 2258.638
437.59872 420.8142 2724.1016
485.6458 168.07498 2800.7422
515.3606 -63.847824 2708.7383
275.6156 254.92903 2752.7917
160.46896 84.95718 2778.982
138.1385 -375.3643 2819.0593
130.13028 -800.9956 2915.6804
361.78967 67.39072 2768.2358
405.5594 -364.83734 2820.0522
440.74237 -767.5038 2910.501
285.8476 719.3158 2758.406
294.94748 447.40552 2731.6516
148.98543 461.53806 2734.5764
211.53436 485.39478 2475.463
291.31873 579.4777 2266.458
440.90973 433.273 2728.7268
481.30267 176.60684 2795.1714
515.6728 -60.59779 2720.0354
277.3928 261.95374 2751.6748
158.26996 86.33615 2773.7332
137.39717 -373.6319 2814.5178
130.69255 -799.5761 2912.8618
361.4059 66.667885 2769.6628
404.74197 -364.7884 2822.5056
440.04858 -765.5873 2911.1084
285.22574 720.0238 2756.022
298.3544 456.72116 2734.4695
152.10541 471.91138 2735.1304
218.68947 489.73138 2485.045
313.22818 583.70856 2247.4434
444.60352 441.53085 2733.8083
483.2609 193.46431 2792.597
515.34973 -50.994076 2721.2046
278.8917 268.60654 2751.2534
157.63272 91.06507 2768.4976
137.38261 -371.05356 2809.952
131.22475 -800.1283 2910.521
361.225 69.918755 2767.5774
405.30948 -363.17453 2824.9065
439.78793 -764.67804 2913.559
285.34933 717.7277 2761.511
299.1832 454.344 2734.2864
153.45462 469.75012 2733.6057
220.94115 490.66287 2496.1458
314.6408 575.1038 2253.5146
444.91168 438.93787 2734.967
482.1646 190.97427 2790.6318
507.97937 -44.154907 2713.5554
279.42172 268.18042 2751.5378
158.4443 92.71724 2768.3164
137.23172 -368.3469 2808.8052
132.97522 -796.01764 2909.0833
360.8763 71.31649 2769.262
405.71704 -361.48395 2824.2095
440.7382 -765.57635 2913.056
284.69907 720.22174 2762.4539
299.5369 455.6663 2735.677
153.45988 470.79834 2732.8506
221.39742 489.38406 2495.178
299.74304 517.2934 2280.9854
445.6141 440.53415 2738.5034
482.77826 199.92825 2787.8809
508.35904 -62.456932 2705.0227
279.90768 269.1222 2751.4495
159.87997 92.97847 2765.2793
137.28262 -368.33572 2806.787
133.46204 -795.8335 2907.953
360.6769 72.1779 2769.1646
405.95184 -356.74237 2825.5916
442.2289 -764.02454 2913.9712
284.41943 726.35443 2758.3152
298.5334 453.05695 2739.371
150.55132 467.22693 2734.8489
220.60802 484.0404 2497.3286
309.47922 535.2185 2241.3245
446.51544 438.88696 2743.8933
487.73376 182.58232 2783.4673
518.77374 -56.45447 2716.426
280.29773 266.7463 2752.3154
162.86072 89.934586 2762.2283
137.92413 -370.81174 2808.212
133.11995 -796.9357 2908.8838
361.26346 70.936584 2768.2913
405.7694 -355.44467 2826.5115
441.5385 -762.8086 2914.57
287.49673 723.4735 2760.1064
294.69153 439.96045 2735.1494
144.345 453.15186 2732.8135
217.55191 459.81622 2495.1199
292.92224 479.35526 2258.5425
445.03812 426.7691 2737.485
494.28574 168.05496 2774.7769
511.01416 -40.51385 2711.543
278.46854 257.75986 2750.3877
161.63815 84.38646 2764.063
136.49052 -374.6192 2810.221
132.82039 -798.02527 2909.6704
362.85315 66.73197 2767.1892
406.2624 -355.1849 2827.24
441.003 -761.7691 2913.6875
287.81635 722.7441 2758.3762
296.04297 441.27274 2745.622
148.79692 454.93906 2748.1294
205.01964 418.9936 2506.8162
287.3754 422.49146 2247.8857
443.28906 427.6064 2743.1147
495.50638 158.66676 2778.691
519.1918 -54.3622 2714.392
279.2249 258.1162 2756.2568
162.82494 84.202065 2768.5872
135.73727 -374.44635 2813.078
132.99815 -797.8055 2912.8914
361.9884 65.717094 2765.1958
407.52344 -359.08496 2825.1582
441.03937 -765.79047 2909.3088
288.17972 722.383 2756.3008
295.3237 437.55334 2740.6636
144.74162 450.42245 2737.6387
192.42975 363.50833 2522.0022
268.92694 326.48587 2259.7305
445.90567 424.68417 2743.6882
495.7549 170.35812 2777.7656
516.3031 -49.28409 2707.5354
279.27798 253.21254 2755.171
163.89684 77.36117 2767.683
135.83087 -378.27277 2810.797
133.19193 -802.8113 2910.2913
362.56772 60.38222 2771.6736
409.1706 -359.16742 2826.4634
442.43622 -763.5645 2908.9656
288.9034 722.4539 2754.9622
287.33704 467.20114 2751.647
140.88396 475.29663 2754.0444
134.23111 290.08536 2615.4973
240.82501 242.71477 2295.17
433.7901 459.1057 2749.2495
492.77063 159.41814 2781.0059
516.3806 -60.45243 2707.3406
276.5235 268.33545 2762.5864
165.34499 75.0176 2775.169
135.45612 -382.7007 2814.7512
132.68282 -809.3498 2914.514
366.0746 63.921864 2771.8828
410.82556 -360.56412 2819.574
442.97192 -760.50226 2903.8855
289.82468 723.3782 2753.4648
280.43448 489.2596 2752.644
130.79214 494.32114 2756.8462
132.52744 263.9155 2638.7773
208.27084 138.83453 2349.4375
430.07675 484.19812 2748.4421
484.69235 195.59033 2787.3767
512.0323 -54.666523 2706.7378
273.79318 284.9234 2762.266
169.00415 83.90695 2774.644
135.59872 -377.13107 2813.6523
131.84782 -806.0857 2914.597
365.29962 77.26753 2769.132
408.45026 -362.3177 2820.0854
441.9925 -766.851 2903.5166
291.49594 725.39526 2744.7495
282.31265 476.768 2750.0747
132.10611 482.134 2754.4211
131.92839 236.54948 2637.342
187.08627 46.88947 2409.5027
432.51917 471.40204 2745.7285
485.81717 198.6617 2788.8184
516.6791 -61.874935 2701.82
275.4965 276.47617 2761.7961
171.12584 79.6694 2776.3403
135.1453 -379.01672 2815.1223
129.80066 -810.77057 2915.6316
366.2351 72.69928 2770.6946
408.29175 -359.65234 2818.7114
442.3118 -765.9983 2904.1096
291.06616 725.60284 2744.9011
285.89606 472.13333 2748.008
134.64676 479.189 2754.6511
126.53768 216.81555 2647.0623
158.5627 -7.716292 2481.7576
437.1453 465.07758 2741.3647
485.68005 197.48878 2789.38
519.5565 -61.565624 2703.6147
277.2354 274.0029 2761.2615
171.1231 80.41856 2778.7952
134.50291 -380.62436 2816.6362
129.91275 -810.3003 2919.7344
366.02676 71.326416 2770.2346
408.02502 -361.56757 2817.1638
441.68802 -766.62756 2904.0107
290.75076 727.1354 2743.5723
286.6841 463.5347 2750.568
132.90622 470.8332 2759.8987
120.4696 185.17238 2679.952
150.97047 -46.47004 2538.8423
440.4621 456.2362 2741.2373
485.6491 195.48203 2791.771
513.7991 -66.55082 2711.2434
278.2576 268.05753 2764.5952
172.41475 77.20392 2784.5332
133.54744 -383.54004 2817.7744
130.62614 -810.97705 2921.5312
367.24765 67.95692 2772.7117
407.15042 -364.29016 2815.3718
441.56552 -769.1165 2904.6091
291.1952 727.46857 2742.1025
283.6591 464.19287 2751.6257
128.55139 469.48013 2762.315
101.22289 188.2599 2732.0332
128.322 -52.591682 2566.4417
438.7666 458.9056 2740.9365
488.98166 199.98228 2795.1382
522.43713 -56.72949 2711.9062
277.949 267.81006 2765.9072
174.6945 74.75232 2786.911
135.27448 -383.7012 2816.6597
130.87566 -810.0801 2921.208
369.78326 68.102196 2773.4663
405.64362 -367.13162 2816.6187
441.9474 -771.57996 2906.9822
290.13947 729.3493 2739.0247
284.03552 462.23718 2754.3936
126.8017 465.87918 2768.0051
97.32821 189.03864 2741.9128
118.26221 -54.106686 2568.0925
441.2695 458.59518 2740.782
490.6271 197.57133 2796.0588
529.12286 -58.75561 2711.1697
280.65552 261.9984 2768.9258
182.90845 63.94546 2791.6272
137.54831 -382.8277 2813.5269
129.68431 -804.4858 2918.048
371.6424 59.57389 2775.2886
406.12534 -375.72656 2819.6555
443.35388 -779.7843 2910.818
289.7727 731.4227 2739.2668
284.03262 462.9336 2755.116
127.046425 467.16962 2768.3127
97.62468 203.81113 2741.8809
112.52071 -42.104877 2568.9905
441.01868 458.69748 2741.9192
489.09818 198.73492 2798.0786
523.88605 -50.673275 2713.194
279.79477 264.87778 2768.279
178.92543 69.429436 2789.5654
138.19336 -385.76337 2814.155
129.5491 -809.6928 2919.5007
372.18884 64.214485 2773.319
405.72736 -371.05005 2819.1516
444.72446 -776.5814 2911.085
290.16867 731.86365 2740.8938
284.16302 460.46118 2758.4302
126.44994 464.92535 2772.261
92.534485 223.11247 2713.086
92.353546 -3.6709526 2518.3975
441.8761 455.99698 2744.5994
491.38284 202.04227 2801.6782
521.8851 -53.1803 2707.1995
279.52563 263.7151 2769.0544
176.54358 69.75276 2788.3032
138.83809 -386.62216 2814.584
130.39886 -812.0192 2921.0706
373.23294 64.18525 2771.0542
405.69025 -372.90457 2819.2478
444.21277 -779.26276 2911.9592
290.03973 732.282 2741.364
281.3238 467.17966 2754.0806
126.40963 471.7224 2763.5806
78.171906 237.53654 2687.57
62.763912 60.567547 2458.3584
436.23795 462.6369 2744.5803
490.1711 208.80908 2808.2407
518.8834 -64.904945 2719.8474
276.0239 271.54404 2761.2063
167.84827 78.92515 2774.6409
140.08687 -389.85007 2823.3672
131.55954 -817.579 2929.5793
373.59982 72.89159 2762.0232
405.35645 -366.90192 2810.8801
440.04675 -750.1333 2899.3442
288.29187 732.81854 2742.2466
275.9913 472.1351 2752.9346
119.02416 475.37094 2764.09
52.890785 242.89027 2676.5745
46.436356 111.684944 2511.7146
432.95844 468.8992 2741.7793
488.95306 207.3281 2804.3892
523.35675 -62.42426 2719.3813
272.57446 273.85916 2762.3718
166.0627 77.708466 2779.136
139.18642 -387.18643 2822.546
130.98318 -815.9734 2927.1226
372.25296 73.457855 2764.4822
405.196 -368.01187 2813.5574
441.2327 -764.9204 2905.046
288.19827 732.8918 2742.1968
278.52768 468.721 2755.0156
120.21994 472.36264 2767.6975
36.67392 262.87457 2675.1497
6.6213355 294.4234 2426.8838
436.83545 465.07935 2742.3337
490.56497 211.50784 2797.2322
522.34186 -62.063713 2710.9792
274.72836 271.41653 2764.2441
169.94037 76.43517 2781.5627
138.43103 -386.42377 2820.5964
131.5934 -816.43286 2924.652
371.9175 71.78906 2765.3826
405.5591 -369.4428 2817.6973
442.18253 -770.4205 2909.1506
288.02344 732.9522 2743.2612
279.03934 469.49625 2755.4773
120.51842 473.79025 2769.4363
1.2555401 431.94998 2632.2163
-39.229774 400.68228 2254.4746
437.56033 465.2022 2741.5183
491.02127 207.90369 2795.808
520.3298 -55.890198 2712.2937
274.51688 272.75793 2764.6387
169.1644 78.75095 2782.679
137.80206 -385.71735 2821.0999
132.1484 -815.8677 2923.9854
370.8244 73.2884 2764.9211
405.70963 -369.73074 2818.7825
442.3922 -771.958 2910.529
290.07648 732.6931 2742.2305
283.89493 472.16394 2754.514
126.99032 479.3378 2766.825
-12.380443 478.6952 2605.6987
-10.1892 394.3973 2390.5251
440.79965 464.99008 2742.203
491.63828 209.1339 2795.6008
518.18787 -58.30899 2712.5483
275.6142 275.9632 2763.305
166.00526 84.395355 2780.0464
137.69359 -383.38675 2820.8472
131.8659 -816.20544 2923.683
368.66138 75.12966 2764.1455
405.71213 -369.35956 2818.4978
442.27847 -772.71765 2909.9746
291.86627 734.2588 2737.3206
282.2551 477.05487 2751.8826
125.70279 483.824 2764.4988
-46.223232 595.7215 2589.3884
-72.96418 668.2093 2303.8857
438.8076 470.28574 2739.2664
490.948 213.26309 2795.2332
521.0461 -57.61774 2709.3218
274.53134 279.35162 2762.1145
164.86476 86.056274 2780.5618
137.85738 -383.0953 2820.9712
131.51852 -816.1784 2924.597
368.75 77.24049 2764.131
406.01855 -367.62067 2819.4878
440.99365 -771.7692 2910.8096
292.7409 736.62476 2737.0789
280.62518 479.5239 2750.4165
125.08506 486.08206 2765.0327
-3.3697999 598.57294 2581.087
-58.407124 784.0731 2379.7024
436.1653 472.96582 2735.8003
489.04962 217.31589 2797.0325
521.8773 -51.262646 2704.8718
273.37646 282.38144 2761.7344
164.94772 89.50506 2782.5603
137.3864 -381.44623 2822.0671
130.34436 -815.16614 2924.2517
367.30783 80.97279 2763.5444
406.09146 -365.307 2820.6377
438.44995 -761.8559 2911.2842
293.76715 737.73 2735.0767
281.93262 483.80914 2749.969
126.459305 491.3377 2763.546
-9.193413 618.9808 2605.587
-48.28292 882.54767 2436.809
437.4059 476.28046 2736.3918
486.62888 221.96736 2796.5452
520.62933 -47.98285 2713.0845
273.34433 287.1825 2760.6545
163.16602 95.47535 2780.2117
136.78438 -380.047 2823.289
130.88348 -811.71216 2922.828
366.346 85.636566 2762.4688
407.2801 -362.26865 2819.7385
439.21045 -761.06714 2913.3442
295.11624 737.50354 2735.8816
282.06393 477.9114 2754.109
122.57333 485.93024 2764.5542
-18.25276 621.18335 2624.3132
-38.150616 893.89624 2493.2837
441.55463 469.89255 2743.6638
495.10696 227.16875 2800.0286
525.198 -28.262173 2707.735
272.85336 284.3068 2762.1006
163.50618 95.73691 2776.6501
136.12259 -377.93915 2822.2444
130.93057 -807.4104 2922.0637
363.77905 85.66762 2763.5342
408.38382 -363.01514 2820.086
437.01297 -763.2551 2914.7798
292.84384 736.1891 2735.206
279.5784 472.60883 2756.5217
119.15887 479.95773 2767.9883
-12.511182 625.6614 2638.2476
-24.884863 902.5574 2524.7527
439.99805 465.25998 2745.055
512.87933 200.5943 2803.868
529.29736 -15.253333 2711.2913
271.30246 281.70428 2763.0884
163.18472 95.373505 2776.7917
135.27136 -377.81006 2824.012
130.91295 -805.84015 2923.3682
362.86804 86.22595 2762.5186
407.6381 -361.29822 2820.0679
436.89636 -761.2421 2915.2573
291.2769 736.7156 2731.2458
277.7122 485.06012 2753.6533
116.81931 491.52725 2767.0366
-17.773396 649.4377 2638.2168
-18.821726 911.17175 2523.4272
438.60504 478.59302 2740.2703
493.2718 226.86716 2802.713
525.455 -16.174603 2719.9849
270.46786 288.15646 2761.711
162.95793 95.28306 2778.1086
134.64317 -379.78012 2825.72
130.51402 -806.04877 2926.1306
363.48907 87.22268 2761.4282
406.7581 -359.7766 2820.0203
436.0607 -760.94073 2914.38
289.81454 736.2927 2730.2827
278.43842 485.1588 2754.023
118.22812 491.65073 2768.055
-18.213251 650.3485 2639.4695
-16.43517 918.72864 2517.182
438.6486 478.6669 2739.9907
489.9894 229.70935 2800.1555
525.5606 -13.940626 2716.5598
271.15036 288.15012 2761.958
162.66765 95.24194 2778.7563
135.23535 -381.3142 2825.561
130.45905 -806.12744 2927.5208
365.057 87.04087 2761.03
405.17346 -358.4167 2820.9177
436.71094 -761.2692 2914.4353
289.36243 735.08594 2732.568
279.4804 480.4455 2753.1357
119.95565 487.4989 2767.3464
-20.3575 650.1922 2638.3132
-14.303573 908.03326 2506.0312
439.00516 473.39203 2738.9248
488.96915 228.24544 2791.1355
523.3025 -14.370896 2704.5974
271.5369 286.20358 2760.3757
162.41846 96.43524 2776.6287
135.77652 -380.25357 2823.0476
130.96503 -805.4622 2925.4797
364.7684 87.488266 2758.6028
403.84857 -357.56213 2822.451
436.78012 -762.6804 2915.3477
290.06708 736.24146 2734.718
282.6655 480.4019 2752.1125
123.924965 488.83038 2768.3542
-22.607374 648.69116 2637.96
-11.256389 890.1634 2475.1108
441.40588 471.97336 2735.8706
484.34363 229.6159 2791.532
518.53033 -31.134726 2710.7817
273.04996 286.01852 2759.0076
162.781 96.97951 2776.2012
136.97495 -379.08066 2822.8655
132.29439 -804.29376 2927.2634
364.08783 86.29083 2755.6042
403.71112 -358.98135 2821.9448
437.1652 -766.70557 2914.1973
289.86465 737.5736 2734.6282
283.84818 482.5469 2755.137
125.15574 491.54938 2776.167
-28.990437 614.20953 2637.9807
-11.775148 827.08344 2439.9814
442.54056 473.5444 2734.1072
484.49292 229.57056 2792.2356
519.192 -33.828026 2706.0542
273.4792 288.96945 2759.7593
163.67554 101.03281 2777.5586
136.60976 -375.25714 2822.779
133.43976 -802.14154 2926.3066
362.545 89.751144 2751.2043
404.1905 -360.90567 2818.8733
436.74683 -767.2627 2911.9219
291.18808 737.60034 2734.086
282.42923 483.76538 2754.7131
122.69234 492.298 2777.544
-44.71414 540.02814 2614.2742
-21.29221 740.52637 2411.571
442.16617 475.23282 2731.8826
486.7185 227.77187 2792.5032
519.9672 -44.458954 2700.845
272.92374 289.496 2760.8118
164.3656 100.517586 2781.0674
136.79922 -377.80698 2824.5999
133.84093 -806.1163 2926.7668
362.47076 89.935455 2752.7532
404.1093 -357.74 2815.412
436.57523 -764.2609 2909.059
290.57336 738.0066 2735.0046
279.4674 483.7256 2757.9019
115.92269 491.3234 2784.5688
-54.123444 476.5036 2631.099
-38.671795 620.3237 2364.567
443.01236 476.12793 2731.2349
490.19916 224.55539 2789.2703
512.87805 -51.715126 2711.843
271.26593 289.30768 2762.995
163.96622 99.49347 2784.2468
136.05443 -379.67517 2826.6736
134.10036 -808.696 2928.3064
362.1628 90.28594 2751.9297
403.9662 -357.11014 2814.0305
437.14902 -764.94507 2906.8728
290.49792 740.0479 2736.7043
279.38193 484.3979 2758.6223
117.134796 491.95908 2786.072
-40.7681 392.79425 2643.2703
-55.269356 458.4445 2352.7883
441.62912 476.83664 2731.1724
491.07336 220.17369 2791.8215
515.935 -49.089485 2708.1755
271.32724 290.2767 2764.485
164.02971 100.78059 2787.1384
135.74977 -379.3508 2826.3005
133.92358 -809.5551 2928.3198
362.51523 91.53062 2753.5576
404.22806 -357.37146 2813.589
436.96387 -766.07446 2906.8977
289.25568 741.0017 2736.901
278.26764 483.45923 2761.5334
116.866905 490.4568 2790.3618
-35.68793 348.0635 2702.6433
-44.461285 298.0153 2342.8076
439.6685 476.46167 2732.7053
491.04044 216.45021 2792.9893
517.26855 -53.21216 2705.8464
270.81525 290.2142 2766.7163
164.43825 101.25802 2789.5684
136.39516 -377.50925 2829.1606
134.26971 -807.29724 2930.7632
362.28714 92.680305 2754.23
403.7393 -358.3427 2810.4297
437.09726 -766.11456 2903.3608
290.25165 740.00946 2738.1533
278.76593 481.17957 2763.2217
119.45921 488.21994 2792.4502
-7.4413047 291.0912 2725.6226
-41.94014 168.09425 2412.8218
438.07272 474.13925 2733.9932
491.23123 212.50912 2792.545
511.74448 -59.128414 2702.9067
271.08884 288.76965 2767.7249
163.67146 100.76759 2790.5276
136.58691 -375.7855 2830.108
134.66852 -804.7879 2931.7656
363.1521 91.95176 2753.9282
403.83197 -358.53262 2808.3843
437.83273 -767.35944 2902.462
293.2825 733.1407 2743.0781
280.877 478.42395 2763.4885
123.94393 486.15335 2792.813
12.934964 275.83356 2748.1272
-22.094471 72.415886 2519.8608
437.81018 470.69455 2734.1643
492.74417 207.29977 2791.2717
515.15784 -67.85119 2706.3381
272.148 287.00885 2767.2278
163.95416 100.492584 2789.5527
137.26688 -374.70184 2829.6235
134.53708 -802.88947 2930.0266
362.8836 90.69475 2752.381
405.05878 -358.38254 2807.683
438.1037 -768.3843 2902.5032
293.4208 732.2932 2740.0984
281.57007 477.4894 2761.076
125.69324 486.03278 2787.4146
32.316982 247.44937 2780.6064
-7.5571876 0.7820331 2584.631
437.44693 468.94598 2734.737
493.16467 202.72418 2790.6936
520.20966 -74.27358 2721.6238
271.91714 286.82275 2765.794
162.6963 101.61323 2787.3362
138.81242 -372.9909 2827.549
134.39473 -803.63684 2927.5515
361.83188 90.69892 2753.688
405.74347 -359.69327 2807.881
439.192 -771.2348 2903.586
292.92303 733.49835 2739.6914
281.64398 473.55475 2757.819
125.30609 482.5151 2781.1106
44.467113 224.81758 2794.247
11.812689 -46.994656 2649.2068
437.98196 464.59436 2734.5276
493.2047 196.35258 2790.121
519.053 -89.01374 2717.5408
271.71707 284.75696 2763.8186
162.12575 101.67138 2784.6663
137.21933 -372.92676 2825.7322
132.43784 -803.7424 2926.5562
361.45438 90.24704 2754.9697
405.39377 -360.1398 2808.107
440.33255 -770.8765 2902.3806
291.89365 733.22906 2737.8157
279.8138 468.98703 2753.5881
121.95102 477.39297 2773.4065
56.544025 216.64136 2803.2563
21.178053 -66.35629 2698.34
437.67654 460.58102 2733.7695
493.1946 190.67389 2790.6772
516.7084 -85.465866 2720.6104
270.66577 280.3887 2760.7139
161.48366 97.11706 2780.3982
137.81871 -374.34888 2825.3523
131.01773 -804.13214 2927.7595
361.55173 86.463684 2755.281
406.54477 -363.27914 2808.0964
440.34692 -771.9688 2901.7788
291.6822 732.65027 2734.992
279.05414 465.14282 2752.4805
120.16793 472.93832 2772.342
65.521576 202.14851 2816.275
29.974909 -78.7052 2720.1248
437.94037 457.34732 2732.6187
493.4134 191.03932 2791.8733
533.2961 -62.57841 2720.7666
270.8183 277.80194 2760.1252
162.80478 95.35655 2780.243
139.188 -374.90262 2824.928
130.23045 -804.67017 2928.3257
362.3598 85.56569 2755.2974
407.95178 -366.05914 2807.1943
440.1001 -776.2987 2901.9778
292.36728 730.2449 2731.6594
277.0223 462.9275 2754.0608
115.780266 469.5289 2773.8062
67.38543 199.19485 2826.3625
44.775917 -74.426544 2744.5596
438.26437 456.32608 2734.3157
492.08057 187.19858 2793.3528
544.7088 -74.42115 2727.0974
270.04004 275.48227 2759.711
162.72755 92.144714 2777.6472
139.62386 -373.83606 2824.6013
130.77817 -803.49384 2927.329
363.388 83.92953 2753.075
408.0978 -368.2091 2805.2854
440.36975 -777.61804 2899.072
292.89124 731.4991 2729.7854
276.15482 463.3973 2755.026
116.12781 469.69763 2777.0125
70.800705 194.31854 2836.9736
37.403328 -71.5218 2762.7583
436.18173 457.097 2733.0396
490.00665 188.47546 2792.857
544.3598 -86.90693 2728.4973
269.39465 275.0099 2759.806
162.57922 90.5617 2778.3325
140.25691 -376.17972 2823.329
131.43523 -805.2838 2925.4097
362.68964 82.68322 2750.839
408.9112 -367.81024 2805.1802
439.60397 -776.038 2895.9
