122.38473 594.4096 2789.1057
123.97578 381.10522 2793.4038
-58.257664 379.21332 2802.0579
-113.72008 103.53575 2862.2683
-166.87807 -164.21828 2816.7332
306.20938 382.99704 2784.7498
369.69803 98.595764 2825.1482
406.62457 -175.92052 2779.3723
126.55922 166.66467 2800.9238
30.199305 -48.803024 2813.1426
-19.95968 -474.05267 2843.3384
-16.747744 -821.772 2851.9517
228.0856 -46.748672 2803.745
245.11812 -473.60925 2845.771
271.72586 -812.9676 2851.9802
121.44277 594.94354 2783.5955
123.90206 381.42865 2790.9497
-58.27711 378.39374 2800.3662
-113.35777 102.76341 2866.1255
-166.8779 -164.42409 2815.9268
306.08127 384.4636 2781.5334
367.85135 99.30206 2824.574
406.51688 -175.88525 2778.5266
127.95394 167.06798 2800.253
33.092216 -48.940487 2814.6687
-17.257416 -473.57663 2851.7258
-13.733717 -826.49554 2861.5698
230.91945 -45.644905 2804.4434
248.49765 -471.15982 2857.1995
275.4086 -813.05585 2855.606
120.39498 592.2716 2770.8247
123.41425 379.33752 2786.8784
-58.77132 376.57343 2796.3403
-112.677635 102.881035 2867.0667
-166.78143 -164.68434 2815.6687
305.59998 382.10165 2777.4165
366.4266 100.651505 2826.7827
406.66592 -175.90369 2779.1738
127.46951 165.4163 2802.468
32.61071 -50.00572 2823.1948
-15.049177 -475.13593 2858.3076
-17.297531 -826.74646 2868.0503
230.43881 -47.004303 2812.9204
245.39641 -473.29034 2860.207
272.80487 -818.43677 2862.4375
119.509674 594.2837 2774.4705
122.18403 380.90347 2788.496
-59.95918 378.0652 2798.7344
-112.34095 102.94203 2863.539
-166.75668 -164.80458 2815.5508
304.3273 383.7418 2778.258
368.2108 101.32446 2824.3914
406.84814 -176.0184 2779.841
126.34389 166.86523 2803.1648
31.610723 -48.71396 2823.392
-16.818518 -474.193 2852.445
-18.406239 -823.5491 2860.9617
229.39684 -45.63189 2812.2747
244.38097 -472.849 2849.5422
272.59677 -817.16595 2853.3328
119.07242 595.48364 2777.2874
121.355484 381.9746 2789.5854
-60.783924 379.1038 2799.918
-111.67064 102.9714 2864.2756
-166.85933 -165.11104 2818.6963
303.49506 384.8455 2779.253
369.10516 101.16242 2823.2007
406.85242 -176.11601 2780.2097
125.49377 167.83047 2803.0347
30.741707 -47.8723 2822.0938
-17.784864 -473.5143 2848.9138
-17.570452 -825.578 2861.0825
228.52238 -44.75495 2810.874
244.91457 -471.92032 2849.0999
271.94794 -816.393 2853.0842
119.68582 593.84424 2777.6917
121.96075 380.51697 2789.105
-60.133106 377.38715 2800.1335
-111.837616 103.48578 2864.1433
-167.14359 -165.11987 2821.558
304.05475 383.64685 2778.0764
369.54984 101.081154 2823.5994
406.85168 -176.17041 2780.387
126.41434 166.32138 2801.8516
32.001015 -49.57346 2820.5862
-19.255941 -474.73273 2849.9177
-15.590335 -829.4112 2860.178
229.73488 -46.174843 2808.6104
246.43027 -473.06897 2849.9868
274.62302 -819.05524 2850.9731
118.212395 592.25684 2767.8757
121.812004 380.00055 2785.96
-60.24131 376.55087 2797.55
-112.41238 103.73677 2864.5664
-167.48206 -164.50568 2824.9087
303.8654 383.45016 2774.3699
366.78143 101.04661 2824.3005
406.86755 -176.19305 2780.4722
126.9594 166.17213 2803.1714
33.262295 -49.52925 2826.6755
-20.142292 -474.3581 2857.0999
-14.661793 -823.3108 2864.932
230.95149 -45.783344 2814.09
247.36346 -472.56824 2856.9495
274.42496 -816.4263 2860.0945
115.91899 598.50934 2774.491
120.48779 384.7131 2788.7986
-61.499863 380.3527 2801.0576
-112.71054 104.371155 2862.7886
-167.69986 -164.15094 2827.4375
302.4755 389.0736 2776.5396
368.38574 100.52018 2820.6445
406.94684 -176.1766 2780.4893
126.61146 170.717 2803.5894
33.924843 -45.646713 2825.0361
-21.117851 -470.76077 2845.2793
-14.805122 -818.29834 2857.2825
231.54549 -40.91167 2811.724
247.32812 -468.25104 2848.611
273.1916 -811.0339 2851.4456
115.870674 597.6975 2776.8005
120.204956 383.79886 2789.263
-61.819607 379.82983 2801.1238
-112.85158 104.68708 2863.8958
-167.95801 -164.03069 2830.9172
302.2294 387.7679 2777.4019
369.1968 99.25921 2822.3296
406.14096 -175.97266 2776.0005
125.77665 169.70624 2803.128
32.520237 -46.54138 2823.4329
-21.853127 -471.38544 2850.3723
-17.635038 -820.48334 2855.3606
230.17667 -42.23144 2810.5532
245.04553 -469.7192 2846.3977
270.9358 -815.7739 2850.7317
116.89669 594.17706 2766.9312
120.40239 380.91803 2785.1614
-61.678402 377.3603 2796.2566
-113.03482 107.08305 2863.4392
-166.478 -165.09573 2841.3948
302.48322 384.47574 2774.0664
367.59073 99.622375 2823.16
406.52008 -176.21492 2778.2334
125.654976 167.11667 2802.8032
32.047535 -48.616272 2826.469
-18.521269 -474.04413 2852.2434
-15.590333 -826.3688 2861.0122
229.7673 -44.75303 2814.421
243.39816 -472.19003 2851.4873
272.23767 -816.2496 2854.3164
115.41713 592.68427 2763.0083
120.95505 379.348 2783.6294
-61.14936 374.2006 2793.4956
-113.52341 106.54441 2861.7197
-167.27843 -164.23413 2836.5845
303.05933 384.4954 2773.7632
366.29013 100.80888 2826.0916
406.74664 -176.22142 2779.3901
128.01567 165.6901 2802.4814
36.19892 -50.762684 2826.6904
-12.2356205 -476.47867 2852.3774
-13.400472 -824.28925 2858.7124
233.95372 -45.17296 2815.9763
249.16966 -472.58972 2852.7349
277.51813 -814.2874 2853.2793
116.51185 592.7675 2771.0525
122.1806 379.54605 2786.0725
-59.95503 374.0176 2795.2146
-115.47601 109.68373 2860.3755
-164.87917 -164.1957 2844.8867
304.31625 385.07446 2776.9304
365.1525 102.41135 2827.5444
407.3642 -176.3566 2783.5698
129.4277 165.60785 2801.0828
37.788006 -51.33192 2821.0564
-14.547925 -476.29672 2850.9192
-16.686104 -825.6396 2854.1028
235.56192 -45.32882 2811.1296
247.70259 -472.87485 2847.468
274.78476 -815.5912 2849.0125
118.464195 592.938 2764.0645
123.95789 380.31607 2783.806
-58.234135 374.46762 2791.4622
-114.29003 109.724 2859.1533
-157.66681 -166.08148 2843.4727
306.14972 386.1645 2776.1494
364.5617 103.192635 2829.7761
407.17856 -176.20473 2782.0664
131.59848 166.68181 2802.4375
40.318066 -50.12795 2825.2263
-17.897089 -474.0196 2858.8328
-15.110312 -824.83496 2864.0378
238.16031 -43.77715 2816.912
248.59508 -471.0859 2856.3667
274.6738 -814.1627 2860.209
117.03074 595.9779 2771.0845
122.833954 382.88367 2786.1118
-59.37561 376.7892 2793.241
-113.64066 108.35863 2859.0796
-158.47327 -164.63226 2833.9067
305.04355 388.97803 2778.983
367.7848 103.60013 2826.3887
407.58438 -176.31601 2784.8977
130.60692 169.01863 2801.9497
39.452576 -48.155178 2821.6582
-20.99759 -472.25488 2847.2932
-17.173433 -824.0395 2856.8633
237.30695 -41.537502 2813.9167
246.29202 -469.47836 2845.3376
269.7019 -813.6238 2852.7185
118.53608 592.77405 2764.5725
123.25717 380.58588 2784.1477
-58.996387 375.65207 2791.0232
-113.33975 109.2166 2857.506
-154.2157 -165.75645 2831.554
305.5109 385.51968 2777.272
369.39172 102.79768 2827.186
406.9935 -176.19572 2781.752
129.73347 166.86984 2802.4575
37.255867 -49.524895 2824.5005
-16.502117 -474.3784 2852.499
-19.3517 -823.8779 2863.0571
235.1636 -44.167377 2817.0344
242.62386 -472.0663 2849.9329
268.12732 -818.5598 2860.9724
121.680176 591.0935 2761.3228
125.17754 378.78564 2782.9387
-57.12266 374.83426 2789.181
-113.44297 107.57782 2853.7139
-151.84607 -168.18132 2824.8196
307.47754 382.73697 2776.6965
370.19476 101.89527 2827.587
407.12225 -176.39815 2783.725
130.48598 165.15817 2802.7427
36.8156 -50.614635 2825.9358
-15.240421 -476.00018 2849.1162
-17.518711 -823.84247 2861.5479
234.77322 -46.323887 2819.1575
246.66273 -474.5385 2845.2756
271.24683 -817.62244 2859.0488
122.38142 592.664 2759.2
125.522385 380.3921 2782.3176
-56.827408 376.48093 2786.663
-115.42335 108.54565 2845.7266
-144.9758 -168.403 2815.5276
307.8722 384.30328 2777.9722
370.5928 100.44304 2827.793
407.362 -176.56209 2784.761
130.59723 166.83577 2803.0615
36.66296 -48.844254 2826.1648
-18.119408 -473.90546 2849.6897
-17.190695 -822.1038 2860.2898
234.68105 -44.596996 2821.446
247.20128 -472.84396 2847.5674
271.7273 -810.0073 2857.753
123.01914 590.6772 2769.1475
125.9796 378.74002 2785.4463
-56.38161 375.11313 2789.8313
-114.21236 105.273346 2836.8618
-145.30675 -168.32309 2794.7742
308.34088 382.36685 2781.0615
370.79587 99.22105 2826.4004
407.14523 -176.51299 2783.1257
130.63014 164.83775 2801.9321
36.27237 -51.033615 2820.7986
-19.8541 -475.90582 2845.009
-17.408365 -826.12384 2855.1653
234.28906 -47.09534 2816.0374
246.28673 -475.4514 2840.9783
271.02585 -816.86725 2848.8262
122.08969 587.49 2774.6272
125.319595 376.0297 2787.3613
-57.06982 372.34436 2789.2354
-115.03658 107.21174 2821.6274
-145.47 -166.36055 2772.8933
307.70886 379.7151 2785.4873
371.41135 98.12246 2827.7002
407.04715 -176.51682 2782.291
129.79398 161.96361 2801.8623
35.233814 -54.10365 2817.3809
-20.102255 -478.32974 2851.185
-18.04168 -827.03705 2856.3452
233.30315 -50.1014 2815.3457
245.00691 -477.97284 2847.1094
269.71832 -815.69086 2853.4263
121.93367 587.1291 2776.3616
124.70279 375.6155 2788.229
-57.70051 371.87265 2789.3098
-112.51723 103.10485 2805.3118
-151.23225 -159.31544 2723.7932
307.10605 379.35837 2787.1482
371.20667 97.56242 2828.8562
407.06332 -176.70148 2782.1384
129.17941 161.50153 2802.266
34.62618 -54.644436 2816.89
-18.804863 -479.11002 2851.4653
-18.132029 -822.0311 2857.3909
232.68619 -50.580307 2815.7163
246.80739 -478.34985 2848.2222
270.73056 -812.815 2850.9302
121.59901 589.5969 2776.2258
124.68087 376.74387 2788.7434
-57.70199 372.58347 2791.1262
-110.76003 104.05169 2784.6565
-157.3124 -144.10094 2676.4685
307.0637 380.90436 2786.3604
372.1018 96.78151 2831.4238
407.28583 -176.65433 2783.626
129.7473 162.62848 2802.6824
35.79069 -53.745773 2817.9153
-14.059025 -478.69962 2852.0625
-16.090193 -824.347 2860.4614
233.83685 -49.228054 2815.3276
249.17935 -477.01794 2847.2534
271.815 -813.3155 2851.8909
121.07754 589.0556 2778.6636
124.97386 376.4748 2789.8862
-57.405273 371.7676 2790.3582
-107.37415 111.52074 2766.8318
-158.92836 -117.97319 2623.6995
307.3531 381.18192 2789.4143
372.05652 96.89649 2830.215
407.16425 -176.55553 2782.3596
130.53485 162.29895 2802.6824
37.0713 -54.43258 2815.7346
-14.668068 -479.30756 2848.2244
-17.347137 -825.80975 2859.0405
235.12022 -49.321033 2815.2224
246.6883 -477.18512 2847.6665
274.11893 -816.42615 2854.5352
124.11127 589.7196 2781.3643
126.617836 376.7596 2791.4685
-55.689976 372.67072 2787.5688
-116.66759 123.74431 2735.4016
-166.442 -85.45447 2569.4653
308.92575 380.8486 2795.3682
373.04672 95.9638 2834.599
407.11752 -176.54066 2781.7048
131.1839 162.47612 2802.6934
36.74262 -54.028004 2811.8003
-15.287173 -478.73282 2846.1536
-18.651335 -824.66016 2857.6729
234.75743 -49.586765 2816.036
245.42639 -477.54578 2847.6924
272.05212 -816.4297 2855.6301
125.289925 585.1019 2779.7153
126.03585 372.78085 2791.4856
-56.163963 369.25638 2783.9607
-124.3468 141.38261 2714.6926
-168.15074 -38.47997 2522.1462
308.23584 376.30542 2799.0103
373.01086 95.96959 2836.7886
406.77698 -176.4078 2779.8994
129.66196 158.55255 2804.0295
34.3604 -57.589478 2812.4878
-20.554008 -481.96915 2846.363
-19.585258 -830.1026 2861.0005
232.21565 -53.76208 2820.6592
244.19664 -481.9449 2848.4226
268.66956 -819.248 2857.045
125.42135 585.3388 2789.904
125.82764 373.03183 2795.0566
-56.384594 370.27692 2786.7998
-132.1653 151.18504 2696.3389
-170.45589 13.151393 2475.2725
308.03992 375.7867 2803.3132
373.01257 95.991356 2837.901
406.54846 -176.38277 2779.2075
128.67827 158.62933 2803.6858
32.614517 -57.26871 2807.8328
-17.127163 -482.1701 2842.8499
-18.325987 -822.94244 2856.512
230.44305 -54.277706 2816.797
246.27383 -482.60025 2839.4998
269.83704 -816.0574 2850.3577
125.17135 588.49744 2785.003
126.68359 376.17334 2794.59
-55.336357 372.72565 2783.1807
-145.11043 176.11511 2669.167
-168.45087 72.755646 2427.832
308.7036 379.6211 2805.9995
372.47858 96.472435 2836.4595
406.39462 -176.17903 2778.4407
130.00258 161.93048 2806.3813
34.48934 -54.184387 2811.9775
-14.252374 -478.53162 2853.9734
-15.9042015 -819.0506 2864.7256
232.15363 -50.440304 2824.3677
250.3922 -478.53702 2849.6738
272.98904 -811.9305 2863.1836
123.955956 587.288 2782.0537
126.54528 375.20273 2793.626
-55.362144 371.37598 2780.4458
-143.56038 208.56114 2628.081
-154.84904 141.3 2370.0288
308.45258 379.02954 2806.806
372.2338 96.73229 2833.2324
406.35785 -175.99332 2778.0544
130.12276 161.00275 2806.4421
34.942764 -55.27486 2812.103
-14.899243 -479.9944 2848.7566
-16.922249 -826.1454 2860.9087
232.45782 -51.1197 2826.4138
249.04762 -479.59134 2845.1072
270.4851 -814.57513 2859.3533
123.533 590.91785 2790.5752
126.24668 379.52838 2797.5737
-55.47338 375.46 2782.0706
-148.25911 241.76326 2603.0454
-148.62296 202.4273 2334.4011
307.96677 383.5967 2813.0771
372.63718 96.38442 2837.6191
406.3522 -175.92912 2777.866
130.2288 165.17836 2807.1477
35.547764 -51.380516 2808.3042
-18.368998 -475.62238 2844.9316
-17.0667 -818.6308 2855.092
232.87404 -46.96277 2825.139
250.5839 -475.3684 2845.082
269.50113 -807.793 2855.3792
121.409256 586.83624 2784.8638
127.01517 376.16312 2794.7585
-54.262177 369.63644 2775.731
-144.15346 285.39996 2583.0342
-136.47203 268.92993 2310.9067
308.29254 382.68985 2813.7861
373.29297 96.67525 2841.847
407.25714 -176.19524 2782.4824
133.4681 162.00336 2806.7407
41.478397 -55.70072 2808.3901
-9.212357 -479.8052 2850.5657
-10.429032 -828.0929 2859.528
238.36357 -48.612038 2829.056
252.88794 -477.0728 2850.4736
275.0145 -815.1151 2860.2397
120.92944 587.12445 2792.9807
127.21417 375.7876 2796.675
-53.856472 368.88977 2775.6943
-150.55363 321.1811 2577.5251
-130.75822 335.45135 2308.3193
308.28476 382.68536 2817.6555
374.16873 95.8577 2845.9246
406.64655 -175.95023 2777.5554
134.47508 161.47987 2804.4683
43.437096 -56.572445 2800.8716
-14.071178 -479.6751 2844.1616
-15.715494 -823.7499 2851.6694
240.03505 -49.083202 2823.6514
249.64485 -477.72925 2843.8494
272.47775 -816.2135 2850.2417
122.71653 588.0541 2785.5413
128.74406 377.08694 2794.178
-51.91967 369.84103 2770.0842
-144.29266 352.6031 2565.26
-124.04544 407.50632 2311.135
309.40805 384.33292 2818.2717
379.06866 94.41524 2847.4646
407.59326 -176.8264 2782.9116
136.05482 162.82973 2803.796
45.272327 -55.36183 2800.3318
-11.028978 -477.37964 2853.8296
-16.002499 -822.7387 2858.5535
241.45847 -47.493298 2826.4956
249.75258 -475.77344 2853.323
273.282 -812.7721 2855.158
121.74536 589.5286 2792.3254
129.71896 378.61453 2795.7234
-50.42578 370.83237 2768.2178
-137.11569 377.7762 2556.1433
-116.750244 475.49887 2317.016
309.8639 386.39664 2823.2292
381.5637 92.2354 2846.7385
407.0153 -176.68596 2780.6318
137.99706 164.27863 2802.1494
48.461887 -54.282707 2793.6406
-9.633915 -475.89987 2848.9731
-15.722442 -822.3882 2850.3533
244.08823 -45.831776 2823.51
250.07971 -474.48984 2843.8704
273.08365 -812.0257 2850.6736
121.67882 592.5584 2795.7134
131.3495 381.7668 2795.2898
-47.940983 374.0522 2762.8782
-136.51321 399.8531 2551.077
-103.36256 534.8712 2331.8152
310.64005 389.48145 2827.7012
382.82312 91.15618 2846.8748
407.66678 -177.107 2784.5754
139.98303 167.374 2798.5618
51.251083 -51.208366 2784.2324
-14.502261 -470.38864 2848.005
-16.199852 -825.17523 2851.1055
245.98201 -42.829323 2819.4353
248.71843 -471.19885 2845.6228
272.5935 -810.8279 2849.7432
121.94163 591.22437 2786.9214
131.76305 380.6265 2791.042
-46.672134 370.92456 2754.7173
-131.79839 419.9585 2543.5388
-93.05321 592.09424 2353.4282
310.19827 390.32837 2827.3667
383.36627 91.54354 2846.97
408.00543 -177.48317 2788.3523
141.94653 166.41513 2798.232
55.24631 -53.063988 2785.6987
-9.815067 -471.40988 2855.7275
-15.559902 -828.00287 2860.714
249.01372 -42.528484 2825.145
251.87875 -470.6297 2855.7644
272.3562 -814.0953 2860.117
120.92724 590.4334 2793.0083
133.00952 380.16342 2792.9263
-45.341618 369.5016 2756.214
-130.89815 439.47598 2546.279
-78.137535 636.4346 2382.4778
311.36053 390.82513 2829.6387
379.68637 92.274826 2849.482
408.20392 -177.56699 2790.2383
144.88611 165.95732 2797.437
59.954227 -54.03583 2782.0203
-5.5599008 -473.8526 2841.75
-15.018105 -827.0258 2856.921
253.57141 -42.46146 2821.875
251.65404 -471.01102 2844.1553
274.25577 -815.14813 2852.9246
119.67742 590.79785 2796.051
131.65779 380.49106 2793.03
-46.95085 369.94632 2757.4358
-124.45424 452.24164 2547.6426
-67.19816 670.9168 2412.461
310.2665 391.03583 2828.6243
377.83887 92.63305 2850.7415
408.50366 -177.74345 2791.3074
143.69324 166.24545 2796.1077
58.7668 -53.724594 2779.862
-12.602722 -471.55792 2846.4146
-21.52546 -827.21576 2860.1472
252.69049 -42.27569 2818.5083
246.9798 -470.84564 2840.8137
269.4388 -815.4215 2853.2178
118.98147 589.83466 2798.0671
130.86214 380.0816 2792.5085
-47.281998 369.98605 2754.5405
-123.22151 460.11786 2549.817
-61.48404 693.73584 2439.1448
309.00635 390.17712 2830.4768
376.9238 93.31985 2851.3706
408.58627 -177.66917 2791.6697
142.50179 165.79025 2794.8755
57.41859 -53.98245 2776.6277
-14.758061 -471.35214 2845.7551
-21.51317 -826.0189 2858.917
250.86418 -43.019802 2817.857
247.51057 -471.27057 2845.9802
267.33884 -814.0495 2856.1384
118.76189 589.49695 2798.5784
131.10983 379.5638 2792.2427
-46.961964 369.77325 2753.7856
-128.6036 469.064 2552.9014
-50.23973 708.0067 2458.854
309.18164 389.3543 2830.7
376.4662 93.155235 2854.1936
408.70493 -177.79312 2792.0315
142.39572 165.24417 2794.5469
57.006634 -54.390705 2775.9727
-12.116905 -472.11414 2846.33
-21.005795 -824.2911 2859.4204
250.35657 -43.760204 2817.7292
248.8902 -472.2457 2842.715
268.57657 -814.8912 2857.2717
118.97505 589.64874 2788.8337
131.09688 379.45255 2788.3318
-46.6682 368.6889 2748.724
-128.31393 473.54196 2551.4407
-40.66195 716.909 2475.9436
308.86215 390.21622 2827.9395
374.21796 94.56608 2853.6057
409.53186 -178.25676 2797.4497
142.62593 165.26672 2794.7944
57.63952 -54.763023 2779.7524
-9.990698 -472.82346 2849.745
-20.160818 -819.81067 2861.8145
250.67038 -43.07508 2822.7615
249.63275 -471.13644 2853.9932
269.8411 -810.8936 2860.734
116.28717 591.4351 2783.4622
128.31726 380.58746 2785.8696
-49.086735 369.07202 2744.8772
-124.66669 470.77814 2548.7148
-34.919994 716.11127 2487.3232
305.72128 392.1029 2826.8623
372.59772 96.27454 2855.308
410.25064 -178.24118 2802.2256
140.11453 166.50504 2794.9539
55.591606 -53.829582 2781.7815
-12.253988 -472.5633 2847.372
-22.933134 -819.7792 2860.0413
248.23203 -41.32507 2826.2944
248.11249 -469.63208 2854.3677
265.84122 -811.0442 2858.8901
116.55113 592.2249 2780.2786
129.66805 380.92725 2785.1042
-47.333775 367.96725 2742.8384
-125.34126 467.39337 2547.353
-28.527447 710.3334 2481.9836
306.6699 393.88727 2827.37
371.2882 97.63199 2856.664
410.1307 -177.9368 2800.7869
142.62675 167.01445 2796.4282
59.48171 -53.93515 2784.804
-7.9245963 -472.10718 2854.3267
-17.041931 -823.9571 2864.026
251.68912 -39.86173 2830.7007
253.18274 -468.37753 2855.5076
272.10727 -811.4373 2859.088
113.241 594.7147 2779.1677
128.11934 383.62265 2785.255
-49.547802 369.31506 2746.4932
-129.17145 454.198 2543.6611
-29.438837 694.5137 2474.4924
305.7865 397.93024 2824.0166
370.14478 99.31247 2854.8127
410.15753 -177.8462 2799.905
142.85503 169.81793 2796.6318
61.111164 -51.756226 2786.96
-9.597521 -470.40265 2849.734
-18.828306 -820.74396 2862.1504
254.07022 -36.21717 2829.0579
251.72852 -464.92493 2849.9065
272.71652 -811.30774 2853.1995
112.654976 591.9067 2779.6196
128.31116 380.90634 2785.484
-49.858257 365.6856 2749.4697
-134.5874 436.10013 2539.3228
-35.662193 676.1343 2464.062
306.48065 396.12698 2821.4978
375.5717 98.65376 2852.3953
410.13614 -177.81439 2799.528
144.28534 167.1778 2796.7844
63.523994 -54.81464 2788.5315
-5.722727 -473.43433 2853.323
-17.83177 -824.5186 2859.5835
256.99515 -38.286724 2827.6387
251.88605 -467.02728 2847.6797
275.10867 -816.54456 2852.0212
114.39581 589.5054 2778.8538
129.41805 378.9557 2785.9253
-49.23557 363.4694 2752.4902
-139.2856 407.0441 2538.1597
-41.37369 634.93036 2433.956
308.07172 394.44202 2819.36
379.79294 95.33356 2851.695
409.37952 -177.72585 2796.083
145.62068 165.29942 2798.3105
64.82693 -56.76476 2792.5432
-6.381399 -475.40683 2855.1255
-19.309906 -825.1779 2860.5298
258.81952 -39.94884 2828.8486
250.7876 -468.5216 2851.398
273.90906 -814.9007 2854.437
115.013954 588.9097 2778.4736
129.25458 378.1512 2786.4404
-50.048256 362.87476 2756.6763
-140.13487 373.51617 2536.5828
-55.872047 588.2994 2403.4478
308.55734 393.42767 2816.2043
382.40366 93.17388 2851.348
409.22995 -177.87857 2795.5046
145.27748 164.52124 2799.562
63.940197 -57.403656 2796.522
-5.9448757 -476.81927 2855.2852
-20.698181 -823.7563 2860.2407
258.6606 -40.81364 2828.8455
249.9371 -469.34665 2852.1965
270.3732 -816.48126 2855.1118
112.62619 588.75586 2781.2808
127.886566 378.14496 2788.677
-52.014698 362.91586 2762.8418
-144.57834 331.76593 2540.288
-66.46345 518.9644 2369.3857
307.78793 393.3741 2814.512
382.6924 92.07697 2849.1707
408.80554 -177.7549 2793.8193
144.22235 164.48267 2800.872
62.874775 -57.4488 2799.0393
-6.666149 -477.40518 2854.2698
-20.488617 -826.1089 2862.6458
258.24167 -40.910427 2827.0952
250.3762 -469.48773 2850.0935
268.84958 -814.90106 2854.307
110.76715 591.36127 2778.6672
126.861565 379.2572 2788.7998
-53.684612 363.22192 2769.2349
-151.24792 284.85406 2554.1208
-81.669044 433.09998 2348.1953
307.4076 395.2924 2808.365
381.3811 95.07081 2848.5706
413.70547 -174.04922 2796.8635
144.25262 165.82974 2803.2375
63.577454 -56.307495 2807.048
-6.7891884 -476.39545 2860.2834
-18.002035 -827.3848 2871.0757
259.71 -38.88795 2828.3022
251.84999 -467.1514 2856.2036
270.61578 -811.8833 2859.2385
109.35093 587.2949 2767.8843
126.90788 375.6497 2784.789
-53.423607 357.33847 2764.705
-150.63039 254.93169 2571.543
-99.26454 348.847 2331.8853
307.2394 393.9609 2804.873
380.18002 99.02954 2847.8098
420.97623 -168.3149 2793.667
146.4406 162.78404 2803.4849
68.09471 -60.020397 2811.2798
-2.9971719 -481.19022 2852.2534
-14.407646 -827.99756 2863.2783
263.85168 -40.142776 2833.0815
253.42006 -468.48618 2858.895
274.21213 -817.1896 2863.3203
108.13958 587.54376 2773.4878
127.15644 376.0312 2787.0247
-53.118523 356.4899 2767.231
-149.8183 217.9662 2605.7783
-111.666214 244.17468 2349.425
307.43137 395.57254 2806.8184
379.08838 100.01411 2848.899
430.04413 -165.90445 2792.772
148.39471 163.15007 2803.7595
71.77543 -60.338497 2809.7498
-5.351524 -481.0005 2844.6677
-14.7209 -822.45215 2856.4841
267.49066 -39.123543 2831.2388
253.39299 -467.61807 2851.6606
273.63022 -813.95526 2855.9304
105.79518 582.7587 2765.7937
125.66265 372.0467 2783.5498
-54.318394 350.9349 2762.601
-150.7458 202.5826 2632.2808
-120.722115 146.28586 2382.617
305.64368 393.15854 2804.4985
377.53174 101.49796 2847.4656
434.84644 -163.82263 2798.4482
148.25282 159.59544 2803.5718
73.130615 -64.31747 2812.2207
-7.726687 -484.06104 2850.3496
-18.337763 -825.0446 2859.4814
268.55505 -41.394104 2834.9668
252.22708 -469.71118 2857.7354
270.0569 -817.75867 2861.6099
104.55213 584.25824 2761.9365
125.20871 372.54147 2781.5505
-55.019707 350.99524 2763.3948
-151.3673 167.78703 2655.6353
-127.182884 51.96568 2429.827
305.437 394.08783 2799.7063
378.2706 103.25313 2848.2268
439.40634 -163.49632 2807.3894
148.5038 160.21051 2802.2878
73.94276 -63.819077 2813.1675
-6.749713 -483.89145 2848.486
-18.02553 -821.0294 2858.4414
269.65518 -40.421703 2832.883
251.32274 -468.8552 2851.5095
270.61142 -815.7748 2855.3599
102.311844 584.8152 2761.0134
123.78454 372.55728 2780.3264
-56.47248 350.49814 2762.911
-142.18779 145.89073 2671.322
-127.82585 -22.402603 2479.9626
304.0417 394.61642 2797.7422
378.63135 103.628265 2847.6091
441.78238 -163.91568 2813.3125
147.77936 160.27116 2800.8613
73.91411 -63.99074 2811.9414
-6.6415467 -484.18073 2846.578
-19.458555 -823.43854 2859.0264
269.63416 -40.039307 2830.851
250.53703 -468.35876 2851.6128
269.23532 -815.48816 2855.6963
97.56734 590.2954 2769.5527
121.06839 377.595 2782.2708
-59.26305 355.27676 2765.9058
-136.61012 119.95593 2696.6626
-123.11252 -89.211754 2540.5652
301.39996 399.91324 2798.6355
379.3031 103.2998 2849.2996
442.10727 -164.00702 2810.8762
145.97142 165.0385 2797.7363
72.96878 -59.63506 2804.3171
-5.293848 -480.5462 2835.1758
-21.145555 -818.27716 2852.0056
268.7801 -35.40103 2822.087
249.23752 -463.68365 2843.4736
270.2676 -810.2966 2847.0972
95.516785 593.1622 2773.824
119.69869 380.2787 2782.6794
-60.615078 357.60522 2766.536
-125.30723 100.97892 2722.8347
-117.2946 -138.28464 2605.7085
300.01248 402.95206 2798.8232
380.6501 112.14858 2849.6487
446.0489 -153.76886 2806.6538
145.29243 167.61066 2795.502
72.989655 -57.36734 2799.5596
-4.8491783 -477.81073 2836.8184
-19.566385 -818.5402 2855.0605
268.78305 -32.74749 2817.089
251.6459 -460.74933 2844.4858
270.07968 -810.81854 2851.4329
94.29044 592.01587 2776.4607
119.60757 379.92728 2782.776
-60.568798 356.43423 2766.257
-119.1532 88.486855 2745.4236
-110.93987 -169.60478 2661.773
299.784 403.4204 2799.295
378.8252 118.57717 2853.8252
448.10684 -146.64354 2806.9175
146.30783 167.28598 2793.9668
75.18309 -58.110676 2796.189
-1.0504802 -477.88068 2842.508
-18.097101 -820.6462 2856.5388
270.8327 -32.600075 2814.1265
253.69821 -460.24728 2846.5742
273.58856 -813.0894 2854.25
92.59956 592.6181 2766.2803
118.60458 380.31412 2778.2378
-61.26134 355.64224 2760.2048
-108.77115 86.527336 2759.8545
-112.23057 -182.63412 2706.6902
298.47058 404.98608 2796.2708
376.8939 123.27117 2850.9282
448.87717 -142.31537 2807.022
146.14783 168.09149 2793.8691
76.029884 -57.527245 2799.7092
-3.7970343 -476.57648 2846.958
-18.299753 -821.86975 2862.473
271.35193 -30.73524 2819.2917
253.34474 -457.9879 2856.218
272.78906 -812.752 2859.7668
90.75863 590.48444 2752.1838
117.357925 378.3819 2772.364
-62.53683 352.81647 2755.9631
-101.857864 80.245316 2768.4133
-108.110176 -194.3219 2730.6794
297.25262 403.9474 2788.765
377.46686 126.15952 2854.4717
450.3311 -140.29272 2813.1528
145.49509 166.7675 2793.601
75.958 -58.727715 2805.9333
-4.094959 -478.31808 2847.7456
-18.630455 -823.9171 2865.69
271.30627 -30.966124 2823.7432
252.45828 -458.36688 2858.7344
272.61353 -816.5445 2860.2563
89.134544 594.36505 2765.1372
116.64344 382.69406 2776.867
-63.339645 357.4064 2760.9314
-101.43702 73.12782 2776.7017
-105.83575 -201.53906 2744.0725
296.62646 407.98172 2792.8025
377.7264 127.57229 2857.2383
450.94748 -139.16829 2815.6208
145.06194 170.64462 2792.391
75.76364 -55.13405 2799.2634
-4.318303 -475.52347 2830.9072
-18.994719 -820.7788 2854.5603
271.19733 -27.675556 2816.5671
255.01785 -455.4884 2847.4739
272.19412 -811.85754 2847.7356
87.93452 593.49084 2761.6138
115.707466 382.26956 2775.7803
-64.276794 356.75775 2760.1743
-106.71692 70.56219 2778.8481
-105.65986 -204.81085 2756.2107
295.69183 407.78146 2791.3865
376.36423 128.28772 2856.1174
451.9155 -138.88268 2821.3289
144.2529 170.31429 2793.0596
75.07897 -55.492245 2801.8657
-3.791 -475.93756 2836.572
-20.072937 -824.03925 2862.2166
270.51752 -27.789864 2818.8118
253.1638 -454.9566 2856.7112
273.9751 -817.19147 2858.7031
89.737854 588.0638 2759.8584
115.92553 376.8266 2774.1724
-64.360886 352.7097 2760.004
-110.35295 69.77954 2775.4353
-104.64022 -206.29478 2757.3071
296.21194 400.94345 2788.3406
375.68768 129.14774 2855.0598
451.887 -138.3935 2820.3828
142.85951 164.7196 2792.4897
71.90334 -60.482132 2803.1143
-7.5358615 -480.8527 2837.993
-21.370834 -825.8311 2859.5579
267.68353 -34.29262 2818.5002
250.64868 -462.01035 2849.5437
270.99176 -823.54034 2854.9202
89.50052 588.5978 2758.4717
115.63295 377.41208 2773.5696
-64.62488 352.7276 2759.9587
-109.67995 70.8847 2768.717
-126.38258 -202.48877 2733.0764
295.89062 402.0964 2787.1804
374.8396 131.57724 2857.023
449.4771 -137.33792 2820.365
143.24854 165.40948 2792.321
72.997154 -59.994835 2803.6829
-2.7297978 -480.8878 2840.4968
-18.015099 -820.4367 2859.7195
268.73123 -33.191116 2818.4624
254.24033 -460.99173 2850.1975
273.4608 -814.41614 2854.5696
91.438286 589.44946 2758.7832
117.84047 377.02283 2774.4712
-62.23886 351.8281 2759.5183
-123.842186 85.44234 2747.3564
-156.16492 -179.64177 2692.5261
297.9197 402.21762 2789.424
375.4173 124.28797 2857.0151
447.0101 -146.80243 2819.288
145.89754 165.10507 2793.647
76.18084 -60.492134 2804.704
-2.8962593 -480.76654 2841.64
-16.361435 -822.95984 2861.1025
271.72824 -33.13322 2820.9414
256.93167 -460.95166 2852.671
274.7021 -814.6983 2856.7844
92.77881 592.6796 2769.4382
118.90299 380.36298 2779.6064
-61.054718 355.33923 2763.022
-137.39641 106.205505 2722.6775
-187.9423 -147.4588 2644.821
298.86072 405.38678 2796.191
376.2276 116.66558 2856.011
446.60318 -154.81436 2824.4282
147.10564 168.12561 2793.8198
77.599884 -57.698395 2799.0286
-4.6524954 -476.76602 2841.8525
-18.353302 -818.93726 2853.862
273.0163 -30.525011 2817.0376
252.85226 -458.40997 2843.9062
273.14502 -812.2694 2850.7495
92.45773 592.9613 2765.7654
118.96894 380.752 2779.1406
-60.86664 355.37015 2761.7505
-154.20433 127.10626 2703.3354
-217.81958 -102.75426 2589.4531
298.80457 406.134 2796.5308
376.1085 110.82752 2852.5073
446.13586 -159.88547 2826.7095
147.28262 168.69406 2795.853
77.957954 -57.14459 2803.1238
-8.964649 -474.44147 2852.9402
-20.549335 -821.8249 2862.8616
273.23483 -29.583294 2822.007
250.62625 -457.15613 2852.0193
271.62445 -814.98987 2859.2961
96.80377 595.5985 2771.9275
120.16522 382.52545 2781.2266
-60.01583 360.1543 2763.5046
-168.59715 146.05148 2688.6392
-252.16418 -41.777313 2532.9668
300.34616 404.89664 2798.9482
376.5532 106.915634 2850.781
444.31412 -162.04817 2817.5928
145.35199 169.82327 2793.6536
72.699066 -55.026615 2796.4575
-17.243134 -472.5857 2837.6606
-25.204165 -822.0678 2853.7168
268.3782 -30.731192 2815.7036
244.89647 -458.78076 2834.2651
265.84952 -815.1156 2848.362
99.07295 595.4497 2776.0115
121.36815 383.09656 2784.6182
-58.854263 361.18863 2766.5972
-186.29182 174.5325 2674.3174
-285.85883 27.18328 2488.5767
301.59064 405.0044 2802.639
376.78403 103.952705 2849.8962
442.80563 -162.83475 2809.447
146.01169 170.27711 2796.8887
72.81202 -54.436207 2799.3757
-13.728342 -471.86713 2848.3713
-18.37259 -829.005 2866.594
268.49826 -30.64852 2818.9429
249.50694 -458.53967 2844.9045
271.48206 -814.3987 2859.5889
102.20929 592.63275 2777.5486
123.67787 380.79608 2786.0527
-56.321884 358.9122 2765.9424
-209.64876 213.76848 2653.6555
-309.83417 101.80855 2442.9294
303.67764 402.68 2806.1628
376.8892 102.473114 2848.448
440.87817 -162.95216 2798.7434
148.12329 167.96295 2798.8555
74.836525 -56.752274 2800.7393
-12.632699 -474.15082 2849.0586
-15.212187 -829.6098 2863.6992
270.30072 -32.988182 2822.5774
249.52176 -461.1751 2842.116
272.96338 -818.08624 2860.3086
103.409256 591.0842 2778.322
124.84891 380.37112 2786.5066
-55.126152 358.80188 2765.7666
-225.32024 251.88727 2635.3232
-330.04276 177.94452 2411.3442
304.8239 401.94034 2807.2468
376.44803 102.234406 2845.231
435.32025 -161.8195 2790.989
148.91458 167.46985 2799.0854
75.26867 -57.14168 2800.404
-15.5991 -473.8208 2848.9055
-16.68959 -828.535 2864.3325
270.692 -33.721073 2822.9243
246.3589 -461.83398 2841.1108
270.9807 -814.6062 2855.687
106.06212 588.25934 2778.6975
127.39784 377.28586 2786.2827
-51.812237 356.0064 2760.0442
-229.65594 290.94165 2619.652
-351.08194 260.2572 2395.0137
306.60788 398.56534 2812.5212
376.22708 102.61875 2842.607
432.2338 -161.20215 2787.8027
150.87834 164.30122 2798.641
77.01548 -60.242035 2796.7473
-17.051044 -475.85968 2848.2056
-15.811692 -831.6715 2861.173
271.702 -37.124878 2825.2517
248.05061 -465.32825 2843.225
271.79492 -817.843 2855.9983
108.29544 590.6615 2788.8882
128.44003 380.72284 2789.1448
-50.38756 360.48306 2759.6
-228.27795 335.93896 2612.8108
-369.57764 348.6156 2400.9143
307.2676 400.9626 2818.6892
375.65167 103.85048 2841.3098
430.63214 -160.8096 2786.5461
151.33965 167.5007 2796.6074
77.15222 -56.709736 2788.03
-20.167116 -471.87427 2837.096
-17.190502 -825.75934 2855.6997
271.32623 -34.733093 2820.11
247.04108 -463.0401 2834.6187
269.55734 -812.8212 2848.7095
107.9407 594.1226 2793.9841
128.77696 384.9756 2790.5105
-49.414223 365.58334 2756.8906
-225.09846 372.44376 2612.3953
-380.33835 439.2889 2422.886
306.96808 404.3679 2824.1304
376.3576 102.95827 2843.6558
428.53186 -162.28403 2786.88
151.19487 171.6086 2794.7642
76.8599 -52.287838 2780.7632
-20.932632 -465.76855 2840.8125
-17.469208 -822.7451 2857.4443
270.36533 -31.22895 2817.2725
246.33983 -459.0205 2841.4727
268.93097 -810.5904 2849.5942
108.62655 594.12994 2786.0303
127.21966 384.51608 2785.7698
-49.55477 364.7437 2745.863
-227.11661 416.26816 2614.6877
-387.18393 531.7254 2452.395
303.99408 404.28848 2825.6765
377.1211 102.41894 2843.325
426.8974 -163.13507 2785.2407
149.3122 171.2187 2793.588
75.38907 -52.818153 2779.7305
-20.926947 -465.96173 2844.6648
-20.601168 -828.63434 2863.8235
267.4205 -31.339277 2823.0815
245.33351 -459.38498 2845.5735
266.47067 -816.1444 2859.5344
108.54954 590.26294 2773.5515
124.899086 380.71243 2778.0608
-51.632473 361.68103 2736.4382
-231.07645 460.1465 2620.8416
-389.43292 618.40356 2490.5352
301.43066 399.74384 2819.6836
377.04822 102.19317 2841.648
426.7113 -163.90614 2786.4316
145.27083 167.39494 2789.1958
69.832565 -56.25157 2777.7405
-23.878246 -470.10703 2842.2712
-24.596561 -830.45355 2862.9348
261.45282 -35.593494 2822.921
239.32248 -463.6997 2844.8926
264.33997 -818.2893 2852.2183
107.23082 589.8036 2775.8225
123.20083 380.61954 2776.752
-53.50156 362.62024 2735.2131
-234.5371 503.57532 2635.42
-382.25696 697.3259 2527.7385
299.90314 398.6188 2818.2908
377.5236 101.09496 2844.8308
422.11697 -165.48364 2790.1716
142.77954 167.11598 2785.9795
66.44081 -56.157925 2772.659
-21.824144 -471.40305 2835.8884
-21.342926 -826.4007 2858.9053
258.276 -36.617184 2817.7551
244.13634 -465.10513 2837.5696
265.9387 -816.5532 2847.516
105.52943 588.06506 2757.9749
119.87628 378.36038 2768.528
-57.84273 360.55984 2731.6787
-235.17407 545.7201 2648.7341
-362.69614 771.27734 2566.894
297.5954 396.1609 2805.3774
375.84335 102.632675 2847.428
421.156 -166.86063 2800.7495
137.92648 165.20624 2784.442
59.464256 -57.614655 2780.3442
-27.66403 -470.9115 2855.766
-25.448397 -826.7028 2870.1748
252.48885 -38.281166 2820.3672
243.4042 -466.3404 2848.9453
261.76636 -814.93024 2855.4512
105.34984 585.68585 2748.557
117.18538 375.53687 2763.5615
-61.417778 359.31815 2730.4666
-230.5504 582.33075 2663.406
-336.75107 832.8765 2621.471
295.7885 391.75552 2796.6565
374.95792 101.35469 2849.2246
423.4811 -168.85281 2801.378
132.9582 162.45593 2782.8643
51.757458 -59.43106 2784.1978
-29.723879 -475.00275 2853.2617
-26.059153 -826.4928 2865.576
245.70445 -41.818977 2820.136
241.79564 -470.1515 2846.4028
261.9325 -815.635 2852.1733
104.90616 583.7532 2743.8447
115.75213 373.96564 2761.6133
-63.891235 359.01968 2734.3765
-227.23685 606.6365 2683.2307
-307.19263 873.31537 2671.5664
295.39548 388.91165 2788.8499
372.51373 101.2152 2854.1267
426.96536 -171.49794 2815.4807
130.212 160.9661 2783.1235
47.105766 -60.150795 2789.8413
-26.306301 -477.85138 2854.9998
-23.8558 -824.58 2866.4895
242.23824 -43.916115 2819.4263
242.52914 -472.00403 2849.9417
266.8474 -814.63275 2851.4583
103.84415 585.6492 2740.9888
113.55887 376.44598 2760.837
-66.94928 363.01718 2739.2727
-220.5874 623.29504 2697.1436
-267.26184 900.94904 2699.4985
294.067 389.87485 2782.4011
367.2854 99.13912 2859.5796
427.82974 -172.77095 2816.7585
126.609024 163.52803 2784.189
41.641125 -56.68194 2795.8313
-27.581085 -476.11066 2854.2776
-23.631245 -820.4863 2867.3909
237.67744 -42.09789 2819.2507
239.21014 -470.05872 2852.0383
265.58743 -812.43365 2851.8877
103.342964 585.32056 2739.583
110.97465 376.2323 2760.1409
-70.33804 365.36783 2745.6543
-210.78653 637.64264 2709.6155
-239.21703 918.86 2725.501
292.2875 387.09677 2774.6274
362.64905 100.08404 2863.833
424.9939 -172.02426 2818.06
121.84868 163.21419 2783.799
34.241096 -55.704952 2799.5889
-27.654919 -477.07016 2851.8142
-26.009892 -823.5194 2866.4402
231.20436 -43.902752 2815.326
236.6614 -471.79474 2848.7327
264.06805 -817.42035 2847.5808
103.027664 588.11847 2748.8433
110.33041 378.80328 2763.4382
-71.3393 369.2426 2751.4841
-208.42264 643.8426 2722.8025
-218.13345 926.49365 2736.0637
292.00006 388.36395 2775.3923
360.29596 100.51788 2863.437
423.0144 -170.81569 2816.078
120.26779 165.35857 2783.126
31.622038 -53.274223 2796.327
-21.019897 -476.28116 2845.1858
-21.463215 -821.8293 2860.0334
228.78827 -42.898033 2809.3005
241.44997 -469.84494 2850.5305
268.88016 -815.3007 2844.186
104.8654 590.32416 2764.4646
110.49663 380.7021 2768.443
-71.295944 372.89597 2756.1272
-211.2049 645.41486 2728.3713
-191.14319 927.3083 2742.9678
292.2891 388.50824 2780.759
359.15 101.26428 2864.2454
422.3269 -170.06624 2816.8877
118.83001 166.74939 2781.0427
28.494474 -51.440094 2786.9578
-23.344013 -474.29407 2838.7637
-21.948135 -822.2782 2853.7688
225.83258 -42.966484 2800.327
240.65274 -469.76743 2843.054
269.14896 -817.2361 2842.6262
104.29564 589.3722 2749.7786
109.659485 379.60782 2764.8455
-72.29245 371.52676 2754.9363
-203.05486 633.6703 2726.1826
-181.79066 914.09863 2738.452
291.6115 387.68887 2774.755
357.61914 101.6735 2860.1277
422.93207 -170.17796 2822.5564
118.07029 166.22166 2784.4268
27.704424 -51.55138 2798.6284
-22.75232 -473.13736 2860.5964
-19.195942 -825.66986 2874.726
225.25748 -42.77749 2809.3875
242.02629 -468.70407 2859.2935
271.96432 -815.8911 2858.877
105.510086 586.1544 2743.9429
108.97744 377.37982 2763.3125
-73.14614 370.5978 2755.6562
-206.50871 627.8211 2719.1106
-178.67 909.07306 2748.694
291.10098 384.16177 2770.9688
357.8284 99.85379 2858.064
424.6764 -170.70947 2813.968
115.97146 164.15968 2785.8147
24.08789 -52.742493 2804.1602
-26.025629 -475.86673 2854.2708
-22.3682 -827.494 2868.5557
221.84302 -45.37844 2812.4736
237.95381 -472.1257 2854.93
267.31238 -817.62164 2852.9963
107.728485 581.44916 2743.0117
109.18421 373.85165 2762.997
-72.973274 368.7683 2754.5444
-211.75371 618.41254 2714.5527
-192.31534 901.1813 2733.8975
291.34158 378.93503 2771.45
358.41534 98.42366 2857.0266
425.63922 -171.73993 2807.9292
114.06923 160.5753 2785.9849
20.060474 -55.460735 2804.3835
-28.25314 -479.68854 2846.8186
-21.923372 -830.87976 2861.7307
217.84813 -49.941257 2813.5615
239.44145 -476.58826 2854.8105
266.8511 -820.06604 2852.5283
107.96588 584.91614 2750.0398
108.6297 375.92603 2765.5332
-73.34151 371.66632 2753.6748
-217.35808 609.1902 2708.7615
-190.79008 891.66754 2721.8203
290.60095 380.18573 2777.3918
359.72534 99.22602 2854.5063
427.8181 -169.20537 2804.0933
112.25892 162.3982 2786.544
17.078518 -53.442722 2801.1155
-29.156328 -477.31082 2849.5793
-21.926176 -823.5606 2857.4905
214.69763 -48.81667 2813.9937
238.67982 -475.71198 2851.438
268.76697 -815.1279 2851.6553
106.886566 589.128 2755.0652
106.57413 379.16763 2767.1677
-75.40248 375.61493 2754.8154
-220.17555 592.59326 2695.878
-198.51955 874.0696 2709.128
288.55078 382.7204 2779.5203
360.36563 98.614975 2850.7583
432.18475 -168.22284 2802.4016
109.472626 165.4095 2785.9478
13.580431 -50.277283 2798.022
-29.289879 -474.42352 2847.6602
-21.50113 -822.6314 2859.7942
211.16167 -46.419876 2811.4336
238.70029 -473.25635 2847.2764
267.9173 -815.72 2849.5657
106.85213 590.57446 2756.5762
107.58785 380.10626 2768.697
-74.41566 375.7181 2756.86
-226.09244 577.2929 2686.4404
-204.68152 856.6511 2687.5164
289.59134 384.49442 2780.534
360.67822 98.81089 2848.8752
434.41412 -165.18509 2793.0872
111.52239 166.34557 2787.4438
16.645306 -49.797478 2799.7642
-21.437721 -473.718 2854.8018
-15.922585 -825.9195 2865.684
214.26883 -45.032684 2812.617
246.77115 -471.2993 2850.892
275.31332 -816.17053 2854.2463
108.33784 588.37964 2758.3335
109.40074 378.00165 2769.814
-72.44499 373.48825 2755.857
-235.54141 556.14264 2680.2197
-210.05103 826.69025 2651.9443
291.24658 382.51508 2783.7712
357.84344 100.409454 2840.4392
432.82318 -162.62297 2789.4207
113.32915 164.16478 2787.7817
18.523102 -52.122593 2798.1714
-22.36075 -476.37982 2848.5493
-17.611618 -828.02637 2860.3804
215.99188 -47.221416 2813.3276
243.06653 -474.128 2848.3872
272.33102 -819.46545 2853.2417
113.18194 587.1437 2758.7112
114.40447 376.655 2771.0835
-67.29548 372.00296 2755.3618
-248.77094 534.07135 2665.6074
-222.31854 804.8467 2629.918
296.10437 381.30707 2786.8052
355.92114 102.704506 2835.7214
431.29663 -160.29393 2783.728
118.31809 162.81828 2789.1272
23.579733 -53.544167 2798.635
-18.58338 -477.40247 2851.5447
-14.197758 -830.77454 2865.4492
220.8836 -48.49264 2815.7068
248.09744 -475.7391 2846.4663
275.1965 -816.9074 2855.1453
116.39426 589.0124 2768.4023
117.24736 378.5008 2774.4207
-64.521706 374.89783 2759.1624
-255.39204 505.04147 2649.2937
-228.0937 771.6881 2597.0386
299.01648 382.10376 2789.679
354.9522 102.34632 2830.8752
425.80997 -162.48419 2779.727
120.40977 164.34004 2787.3174
24.885 -51.77683 2791.93
-21.636728 -474.52902 2849.627
-16.819508 -823.409 2857.287
222.2594 -47.864574 2808.4983
246.12636 -475.53226 2836.0994
271.5263 -814.19006 2845.1758
119.11011 591.35645 2763.246
119.211655 380.4796 2773.2056
-62.687923 377.054 2759.5537
-261.6869 463.01328 2647.149
-234.81816 719.25165 2562.063
301.1112 383.90527 2786.8574
356.48517 99.68085 2828.9363
420.69193 -166.26154 2775.524
122.12256 166.42378 2788.1318
26.272062 -49.492054 2795.646
-21.928371 -471.6702 2856.2773
-17.66468 -824.3002 2866.7036
223.79521 -45.772198 2810.4705
246.70914 -472.47583 2849.4812
272.61517 -811.81976 2854.6687
121.16142 589.1518 2760.167
121.68772 378.58487 2772.394
-60.37959 375.28705 2761.3586
-266.8345 426.99908 2644.0754
-246.97069 665.74097 2522.4573
303.7551 381.88272 2783.4297
357.75156 98.848015 2823.9663
418.64987 -167.32623 2771.1606
124.58327 164.60184 2788.5703
28.619833 -51.17197 2798.7544
-21.165585 -474.01892 2852.9124
-16.18909 -826.97656 2867.1025
226.33751 -47.590595 2810.7385
246.25392 -474.36432 2851.4375
274.57504 -818.27045 2853.6152
122.54431 588.5272 2768.1284
122.86778 377.4577 2774.7808
-59.36755 374.55453 2767.4424
-266.46115 381.53568 2645.5344
-263.53555 603.39386 2500.2253
305.1032 380.36087 2782.119
362.8329 99.38664 2817.4868
416.20654 -169.0359 2767.796
125.8005 163.22597 2786.708
29.775953 -52.582214 2794.6504
-21.582113 -475.23834 2849.116
-17.127762 -824.5629 2860.8936
227.69032 -49.429256 2802.62
246.78456 -476.80792 2836.8872
271.8664 -819.06036 2845.5552
124.47213 586.9744 2773.6091
124.54532 375.58224 2777.1226
-57.79124 372.92593 2772.8877
-262.25272 346.28613 2665.267
-274.5916 531.75134 2478.5352
306.8819 378.23865 2781.3572
368.89468 97.674385 2811.7449
410.20367 -171.65138 2763.42
127.451065 161.21063 2786.481
31.357635 -54.603294 2793.5403
-21.145355 -476.4127 2853.141
-16.527458 -825.0769 2862.3862
229.35571 -51.71876 2798.1387
246.39825 -478.69537 2838.1196
272.4763 -818.4196 2849.3574
124.77023 586.9383 2776.851
125.03223 374.81635 2778.114
-57.35803 372.4874 2775.5771
-258.13535 310.65082 2684.135
-294.11288 457.4162 2469.4536
307.4225 377.14526 2780.651
372.43845 96.32931 2812.8755
411.1452 -171.98674 2763.6382
127.66738 160.35286 2785.5361
31.284601 -55.37488 2791.581
-23.655907 -476.88583 2851.2407
-17.599571 -826.28894 2860.7878
229.32062 -52.846195 2794.3354
246.49712 -479.08783 2841.3572
270.88623 -817.20233 2850.6155
126.19803 585.746 2777.971
126.24828 374.16476 2778.5066
-56.168736 371.91766 2777.477
-260.07074 283.32803 2698.0696
-310.1191 376.32907 2462.5012
308.66513 376.41193 2779.5364
375.7162 94.66186 2812.9375
407.0304 -173.01913 2757.0295
128.8531 159.66231 2785.1714
32.421623 -56.06015 2791.277
-24.388184 -476.7394 2854.883
-16.107498 -825.93964 2862.5671
230.49408 -53.62014 2792.3953
247.80865 -479.65747 2841.598
271.6331 -815.81573 2849.7668
126.47742 585.46106 2778.0312
126.63162 374.1528 2778.3555
-55.78473 372.18478 2779.5918
-257.53778 247.16618 2716.0369
-316.20618 291.03998 2466.1985
309.04785 376.12085 2777.1191
377.3557 92.82878 2810.4697
404.42105 -174.15587 2750.2144
128.98851 159.62787 2784.6274
32.30238 -55.96566 2791.5706
-24.406347 -477.20575 2851.472
-17.737312 -825.031 2861.7288
230.38867 -53.828514 2790.228
247.2203 -479.22693 2844.7905
270.12643 -814.23065 2850.185
125.98897 585.91473 2767.0771
128.9306 374.1235 2774.2231
-53.433067 370.54333 2772.2812
-245.30963 219.11612 2733.5159
-311.06464 221.77838 2477.3306
311.2945 377.7036 2776.165
378.13818 91.88121 2809.267
403.44946 -175.00215 2750.604
133.02258 159.85318 2784.9902
38.08923 -56.361126 2794.703
-16.609781 -478.39667 2850.7131
-11.024182 -829.4573 2867.8484
236.13939 -52.4731 2796.8118
251.50275 -477.86038 2852.113
276.87344 -814.1568 2859.7576
126.65305 587.99744 2762.0857
129.6637 376.01724 2771.7969
-52.6939 371.89282 2768.7854
-229.65965 194.0615 2743.2563
-309.3997 140.12193 2500.7349
312.02148 380.1416 2774.808
378.06424 91.93703 2809.137
403.6975 -175.49356 2754.5327
134.30547 161.81636 2784.08
39.94816 -54.623486 2794.7285
-20.637384 -475.8702 2850.4614
-15.017847 -824.2754 2863.8594
237.9464 -50.145397 2797.9983
247.73932 -476.0788 2850.0208
272.91992 -810.446 2851.768
128.41888 592.3086 2749.582
130.7718 379.9472 2767.1843
-51.619156 376.1513 2765.6875
-210.30792 175.51334 2754.6333
-301.9815 75.48391 2530.0305
313.16272 383.74313 2768.681
378.0534 91.98709 2809.0654
403.80414 -175.53545 2756.6348
135.07895 166.137 2784.5732
40.362095 -49.734085 2801.1497
-19.862118 -471.46545 2853.6565
-16.502829 -819.6147 2868.3362
238.41008 -45.612324 2802.7747
246.49733 -471.95468 2851.8147
273.00833 -809.356 2856.5676
128.90918 593.02045 2754.335
130.52911 381.2757 2769.0796
-51.866447 377.77353 2766.7205
-195.14795 160.75186 2768.3147
-285.3872 15.260135 2566.8335
312.92474 384.7779 2771.4387
378.53244 91.998405 2811.0352
403.67377 -175.54518 2757.8872
134.44595 167.24571 2783.983
39.336597 -48.685608 2797.6055
-23.300833 -470.29108 2848.3638
-18.006758 -822.71405 2857.9146
237.38895 -44.882843 2800.167
244.56905 -471.66064 2845.4717
269.7308 -812.20575 2849.7844
128.39732 598.356 2766.2153
129.55441 385.20645 2773.1648
-52.858505 381.90707 2772.1926
-177.09334 147.39171 2784.6555
-268.16205 -34.47991 2607.2673
311.9673 388.50583 2774.1367
374.24734 93.48266 2811.02
403.93106 -175.79195 2760.0127
133.37741 170.917 2783.087
38.16107 -45.163834 2792.4812
-22.55146 -466.2257 2849.4312
-17.66949 -820.86206 2857.604
236.23997 -41.58104 2793.5369
243.5985 -468.01138 2842.05
268.71875 -809.6634 2845.5671
126.06435 598.24384 2762.6516
127.41255 384.65842 2771.2405
-55.00738 381.45395 2770.1865
-159.04688 138.1961 2799.8262
-239.27565 -68.38828 2644.5369
309.83255 387.8629 2772.2942
372.12354 95.24082 2811.008
403.55515 -175.62408 2757.648
131.11069 170.40068 2782.6062
35.768158 -45.59685 2793.4
-22.397669 -467.40823 2847.5042
-16.62265 -828.1157 2864.2812
233.8494 -42.117226 2794.5442
240.96275 -467.87814 2848.5017
267.56418 -816.02704 2854.607
125.01018 595.9553 2759.8694
126.01041 382.7948 2769.6208
-56.403275 379.72003 2770.6316
-150.01663 119.09247 2806.414
-217.23425 -111.687904 2686.594
308.42407 385.86963 2768.6104
370.56827 96.62598 2811.002
404.46466 -175.97606 2763.6348
129.69078 168.5821 2782.166
34.325924 -47.300217 2795.2598
-17.6996 -470.00977 2848.4348
-16.054108 -827.04425 2863.5432
232.41609 -43.96116 2794.1624
241.62106 -469.7158 2848.017
269.0413 -816.0894 2851.9197
126.64778 595.14264 2759.4956
125.68782 380.94357 2769.5283
-56.652737 379.4266 2774.19
-142.50682 102.04674 2817.224
-194.06894 -151.9253 2729.9429
308.0284 382.46054 2764.8667
369.28558 97.3144 2808.5164
404.88174 -175.90485 2766.758
127.79367 166.7083 2782.1821
30.879324 -48.350853 2797.3674
-21.191196 -471.83865 2843.7087
-18.765469 -826.7243 2863.9504
228.91953 -46.70324 2792.3044
240.83766 -472.02844 2848.9312
267.74042 -816.86176 2848.7922
125.08253 594.7041 2761.2954
125.02809 380.16003 2769.9067
-57.34674 378.32416 2774.035
-138.75307 90.02171 2828.1138
-172.96864 -179.2601 2762.3535
307.40268 381.99597 2765.7788
369.1432 98.15899 2807.2612
405.6212 -176.00694 2772.2188
127.45448 165.87679 2781.8044
30.874863 -49.403217 2795.943
-14.974145 -474.38593 2833.4749
-14.682519 -822.8905 2860.9822
228.88693 -47.409847 2791.4612
244.69243 -472.53687 2848.611
272.10144 -815.7669 2850.9648
126.21649 594.47894 2761.1914
126.11404 379.96735 2769.2632
-56.28468 378.11435 2769.832
-131.94228 89.81688 2832.1755
-154.53467 -188.96744 2798.224
308.51285 381.82034 2768.6946
368.5724 99.08008 2809.1294
405.9796 -176.00253 2774.959
128.3279 165.67154 2781.0767
31.497696 -49.630375 2793.199
-14.333853 -474.84564 2829.0955
-15.19352 -823.647 2860.9558
229.58574 -47.61802 2792.5813
245.00526 -473.04044 2847.6936
273.24258 -815.23755 2854.5232
123.9949 592.79584 2761.6445
125.38576 378.7911 2769.6711
-57.01838 376.0115 2769.0054
-119.55604 89.682045 2833.9553
-141.42206 -193.24068 2826.7678
307.78976 381.57062 2770.3367
369.2866 99.041595 2815.0686
405.55133 -175.6656 2772.144
128.60939 164.49098 2781.1748
32.807377 -51.318214 2792.3171
-14.8709545 -475.7227 2834.73
-14.117874 -825.39813 2861.97
230.85872 -48.300106 2793.0398
246.83084 -473.72263 2848.0784
272.56232 -815.6961 2853.662
125.01574 593.175 2759.369
125.83559 380.3307 2769.0847
-56.529408 377.90323 2772.05
-113.22102 89.5364 2837.2217
-134.58769 -195.4251 2843.991
308.20056 382.75812 2766.1196
366.15158 100.02796 2814.5344
405.8529 -175.7092 2774.5723
128.888 166.0731 2781.417
32.914974 -49.502686 2795.3594
-15.408478 -474.00644 2836.523
-16.090994 -822.04047 2866.4646
230.96599 -46.866432 2792.139
246.35939 -472.62875 2844.6372
271.73618 -813.5729 2851.197
123.83718 590.5748 2748.7256
125.06898 377.98865 2765.2668
-57.28061 375.59863 2769.8843
-111.663666 88.94365 2837.505
-126.02563 -197.4376 2850.251
307.41843 380.37866 2760.6494
362.0975 106.03302 2814.7651
401.64178 -171.39638 2775.7842
128.30763 164.12326 2782.4688
32.55076 -51.03971 2802.1775
-14.437593 -475.92563 2841.0713
-15.488233 -825.9691 2868.5286
230.54182 -48.444656 2797.1638
246.26077 -474.33215 2848.5852
270.89825 -815.5778 2857.0713
123.971466 590.415 2753.41
124.627335 377.68213 2766.9248
-57.69529 375.52023 2772.9448
-111.417885 85.70535 2840.4133
-126.781685 -201.4598 2850.3801
306.94992 379.84412 2760.9048
358.54218 104.51074 2814.384
402.8853 -171.96667 2769.4314
127.67667 163.66125 2782.415
31.74098 -51.533386 2801.1736
-12.233396 -477.2182 2833.9666
-16.377785 -823.72003 2859.8533
229.71075 -49.185963 2794.637
245.79845 -475.74652 2839.5764
270.79214 -814.73126 2849.4983
125.328606 589.6078 2755.7524
125.82726 376.9515 2767.7783
-56.484478 375.10434 2774.4832
-111.08874 85.07998 2842.6882
-131.24629 -202.162 2843.8167
308.13892 378.79865 2761.0735
355.76956 102.75308 2813.6946
402.78424 -172.3541 2764.3596
128.5239 162.83073 2782.1128
32.240658 -52.292885 2800.0874
-12.872352 -477.63083 2835.9893
-15.776833 -820.8694 2858.8406
230.20021 -50.287113 2792.8071
247.23737 -476.30548 2842.319
272.30673 -814.5992 2849.682
126.09574 586.2415 2756.9229
125.72543 373.6726 2768.7856
-56.56329 372.5581 2776.309
-113.09992 86.23869 2842.5415
-140.46495 -200.58205 2841.221
308.01422 374.78714 2761.2622
355.38513 100.374725 2812.3494
403.5941 -173.48978 2763.3762
127.61087 159.50941 2782.7424
30.52531 -55.258854 2800.7842
-14.138463 -480.7393 2835.8281
-18.349749 -825.0198 2861.6577
228.46703 -54.04868 2792.6145
246.16032 -479.44345 2846.9993
268.67487 -816.5121 2852.0603
125.111404 584.02704 2758.5085
123.95108 371.75845 2770.325
-58.273663 371.28372 2779.2847
-116.20121 87.20211 2841.675
-149.77989 -198.45543 2827.6575
306.17572 372.23322 2761.3652
354.69376 99.186874 2810.1748
400.36057 -172.82146 2757.5615
125.20045 157.59213 2784.3862
27.510843 -56.83204 2803.312
-16.396646 -482.636 2835.255
-20.332935 -822.0991 2863.006
225.38849 -56.316475 2793.5828
245.0357 -481.81854 2846.6042
267.62585 -816.64417 2856.0918
125.926384 588.6319 2768.2966
123.967445 375.42447 2774.9836
-58.30319 375.77728 2782.9932
-116.59105 83.59237 2838.8276
-159.1285 -199.95857 2817.987
306.23804 375.07172 2766.9744
358.35706 97.10176 2807.593
401.5336 -173.53023 2754.8926
123.99991 161.07007 2785.1638
25.07037 -53.092846 2799.6924
-16.290237 -479.33508 2829.0405
-19.102991 -813.52356 2855.1182
222.99423 -53.475956 2790.9954
244.61165 -479.0346 2842.8733
270.95844 -811.3481 2851.9705
127.9088 593.0033 2772.1946
125.024475 379.11722 2776.5488
-57.10697 379.7566 2787.0444
-116.30429 88.30379 2841.4155
-172.26538 -187.05692 2795.809
307.15598 378.47787 2766.0532
364.16992 96.54346 2804.299
401.3469 -173.83156 2748.4976
124.78526 164.6892 2785.4585
25.652338 -49.391796 2800.0671
-15.314116 -475.29547 2834.2778
-16.758022 -814.43475 2859.7415
223.43964 -50.08602 2788.6694
247.58434 -474.87137 2845.3528
272.6108 -811.19965 2851.4597
129.2336 589.75256 2764.651
124.75039 376.05115 2774.2954
-57.263527 378.60425 2786.332
-117.63549 92.64057 2837.7312
-177.55278 -177.25383 2778.7336
306.76422 373.49802 2762.259
370.09988 94.78363 2801.6426
401.12024 -174.25761 2745.1172
122.56241 161.82898 2786.649
21.548197 -51.007015 2805.5376
-22.034866 -476.58084 2840.7522
-20.272423 -823.6791 2867.152
219.20053 -53.779503 2792.467
242.61958 -478.48154 2850.2305
267.85928 -817.4923 2854.6885
130.7372 592.57404 2771.3718
125.444855 378.812 2777.5874
-56.559425 381.69305 2789.894
-117.81991 95.32223 2831.865
-179.967 -171.40176 2767.7942
307.44922 375.931 2765.281
369.04794 95.38974 2800.825
400.90637 -174.35455 2743.0417
122.69028 164.44455 2787.0342
21.124817 -48.358826 2803.162
-20.83487 -474.36505 2834.926
-16.522392 -817.39044 2858.4653
218.74658 -51.487076 2789.7996
246.77676 -476.31253 2844.3303
272.07858 -811.601 2849.2617
131.13315 591.4881 2775.73
125.89202 377.41708 2779.5623
-56.189407 380.5494 2790.647
-124.40391 98.655846 2830.9302
-185.43413 -166.42805 2759.5383
307.97366 374.28473 2768.4778
368.53027 96.19985 2799.9133
400.7677 -174.35059 2740.767
122.66793 162.96967 2787.201
20.585379 -49.77707 2800.8577
-16.698277 -475.79068 2837.4846
-17.578289 -822.4365 2860.1125
218.30229 -53.17838 2788.8213
247.14511 -477.77155 2844.883
272.3155 -816.139 2851.9863
131.79623 590.50934 2766.9077
125.93116 377.72617 2776.8457
-56.18336 381.70718 2787.119
-127.21086 98.83669 2833.4717
-182.25616 -164.08702 2746.9883
308.04562 373.7451 2766.5728
372.25497 95.09115 2799.446
400.68948 -174.19543 2739.2502
121.9369 163.5373 2789.043
19.065886 -48.490097 2806.8179
-15.363421 -474.6093 2845.2173
-17.547255 -824.22473 2868.6687
216.81961 -52.812984 2795.6624
245.0958 -477.30463 2852.865
270.89316 -813.8555 2858.825
130.72491 590.6734 2773.0027
125.26871 377.872 2780.1174
-56.618618 382.0492 2793.4858
-128.62572 98.93646 2832.2373
-180.05925 -163.89886 2738.2893
307.15585 373.6948 2766.7493
374.10635 94.52836 2799.2256
401.03342 -174.73401 2743.921
121.064445 163.54396 2789.8867
18.093782 -48.515877 2806.915
-17.586735 -475.07422 2838.2356
-16.975798 -824.777 2862.9587
215.62645 -53.052395 2792.397
247.13313 -478.26282 2841.346
269.50366 -813.8545 2849.224
129.59526 592.41125 2776.0486
123.6041 378.88843 2781.084
-58.17397 383.1307 2795.9583
-128.81894 101.47397 2831.6208
-180.37569 -163.90216 2741.4224
305.38226 374.64612 2766.2097
374.04645 95.25877 2798.1138
400.79437 -174.11452 2747.8665
119.27162 164.47975 2789.2883
16.248903 -47.62572 2805.568
-21.78065 -473.5371 2842.432
-17.838167 -822.9759 2861.5823
213.62943 -52.232136 2789.4172
244.80898 -477.30164 2840.1704
269.88416 -812.4976 2849.7625
129.0595 592.6263 2765.5735
124.20946 379.21625 2778.1006
-57.70676 383.2507 2791.2854
-127.93246 104.25717 2828.3098
-181.02887 -164.49591 2748.5002
306.12582 375.1818 2764.9158
370.99973 97.11022 2799.0618
400.6749 -173.64568 2750.4402
120.41511 165.08884 2791.2695
17.852016 -46.848152 2811.597
-19.300133 -472.83392 2848.972
-14.375959 -824.1529 2867.4915
215.38931 -51.229073 2797.28
248.94783 -475.5074 2852.8472
273.19586 -810.1589 2858.733
128.77425 592.6157 2771.8386
124.27611 379.5861 2780.6428
-57.611076 383.75064 2794.3005
-125.4695 114.63165 2829.6553
-176.21939 -153.34167 2753.7522
306.16345 375.42154 2766.9854
369.99652 91.05221 2799.5325
397.91138 -183.17444 2754.2876
120.162544 165.29974 2791.2
17.299152 -46.72571 2809.172
-22.597288 -472.7086 2843.6816
-16.020031 -821.33264 2857.3032
214.79861 -51.24769 2794.342
246.7286 -476.2848 2844.8093
269.65115 -813.6107 2849.4963
129.37453 589.2106 2764.4688
125.049484 376.31653 2777.732
-56.81372 380.2997 2791.8184
-123.4178 121.82148 2831.882
-171.44118 -147.3825 2763.3862
306.91263 372.33325 2763.6455
369.50198 93.02931 2799.266
400.7372 -180.8377 2760.2795
121.433 162.20862 2791.585
19.0776 -49.73669 2813.086
-21.038694 -475.86353 2845.7092
-12.947731 -825.737 2865.2764
216.55551 -54.061882 2797.79
249.19829 -478.8484 2850.1123
271.37723 -817.61194 2857.6648
129.20995 591.1004 2771.2837
125.51961 377.8514 2780.342
-56.41251 381.5177 2793.6094
-124.20273 115.405334 2834.4436
-171.12967 -155.41109 2768.084
307.45154 374.18515 2767.0747
368.7571 96.019844 2799.1323
402.28094 -177.80588 2765.1309
122.01567 163.57547 2791.508
19.733429 -48.709896 2809.8774
-19.259697 -474.99753 2841.8914
-14.710847 -820.8379 2858.9731
217.2904 -52.690987 2795.4707
249.45128 -477.83954 2845.1675
271.04147 -813.0259 2852.2908
129.06544 589.0246 2763.6953
125.788635 376.80124 2777.2083
-56.05429 380.19598 2791.689
-126.09098 110.192726 2839.717
-172.1197 -162.77248 2773.4487
307.63168 373.40652 2762.7275
367.8894 98.51905 2799.5647
402.7558 -175.62428 2766.1245
122.94288 162.71675 2791.6597
21.36557 -49.52457 2813.9734
-17.465462 -475.86218 2845.6074
-16.05825 -828.2498 2868.1868
218.82848 -53.21088 2798.2488
248.52606 -478.24164 2850.4185
271.686 -814.21533 2859.0813
127.810234 591.4148 2770.8955
125.392334 379.0437 2779.8987
-56.525974 381.44424 2793.5974
-126.53731 108.589905 2844.869
-167.6268 -162.38843 2767.2898
307.31067 376.6431 2766.2
367.95175 99.76611 2802.778
403.27606 -174.57819 2768.42
123.39647 164.75183 2790.946
22.628569 -48.236633 2809.4312
-17.039762 -474.56873 2840.1104
-15.094024 -821.93427 2857.5059
220.17258 -50.84335 2794.556
248.68144 -476.31055 2843.7615
271.90866 -807.9746 2850.4626
127.623085 591.2246 2763.4978
125.592674 378.87067 2778.3499
-56.336967 381.05185 2791.986
-121.26976 107.29548 2843.432
-165.28625 -161.79922 2773.3271
307.52213 376.68936 2764.7136
367.9751 99.88247 2804.3914
404.18195 -174.74838 2769.215
124.17612 164.85573 2793.6843
23.983952 -47.97492 2816.4224
-18.593863 -473.59662 2852.1328
-14.330601 -823.35315 2869.516
221.53502 -50.343483 2801.6152
247.9671 -475.65112 2853.304
272.6369 -811.66766 2860.6304
126.45458 593.56445 2770.798
124.94836 381.04288 2781.0647
-56.996162 382.51727 2794.6042
-118.133224 103.646645 2847.2227
-163.30232 -163.20583 2775.2312
306.89288 379.56857 2767.5251
370.98828 98.44239 2802.1912
404.7269 -175.09883 2769.9204
124.09671 166.79932 2792.9502
24.459845 -46.64381 2812.187
-14.730463 -473.18964 2838.2
-15.364109 -822.4759 2860.026
222.03036 -48.244793 2797.4846
247.20238 -474.17316 2844.3206
273.13132 -811.48535 2847.6565
125.56156 591.3616 2775.4424
124.55565 378.66843 2782.6902
-57.250717 379.55893 2797.9316
-116.577286 100.83215 2847.613
-163.58656 -162.48518 2771.9602
306.36212 377.778 2767.4487
373.4826 96.71219 2803.5896
404.9189 -175.36215 2770.2607
124.303635 164.28725 2792.2085
25.336937 -49.610462 2810.0024
-16.803465 -475.77237 2838.487
-14.544325 -826.8708 2863.448
222.76614 -50.57749 2793.4514
245.64941 -476.1622 2844.3662
273.55304 -817.1241 2848.8562
124.87832 590.4861 2766.2573
125.577156 377.7891 2779.1243
-56.26206 377.4063 2793.9978
-115.29358 100.91877 2843.7979
-159.32729 -163.26427 2774.9094
307.41626 378.17188 2764.2505
370.73816 97.353424 2801.3066
404.7153 -175.38516 2768.5566
127.07634 163.59451 2791.9404
29.847282 -50.807793 2812.8323
-13.936827 -476.88 2840.8035
-11.193277 -823.14435 2865.6506
227.30359 -50.392147 2796.6812
249.89287 -475.81122 2849.2551
278.46103 -815.2153 2857.174
125.442726 589.2602 2762.147
126.877075 376.606 2777.9683
-54.95834 376.41858 2792.9502
-114.289986 103.52648 2843.0154
-158.49121 -165.04593 2784.5654
308.71262 376.7934 2762.9863
369.36975 98.67705 2803.1511
401.4153 -174.11897 2766.2014
128.34782 162.55048 2793.141
31.094873 -51.60676 2816.448
-18.309866 -477.07544 2844.0374
-14.098503 -825.27106 2866.0183
228.54236 -51.403282 2800.18
248.22314 -477.36044 2849.3743
273.20294 -814.71277 2857.9749
124.851944 589.47614 2770.1382
125.66406 376.51514 2780.7246
-56.141827 375.7686 2796.0632
-113.65863 104.57852 2845.01
-156.90312 -164.94527 2784.8145
307.4697 377.26163 2765.386
372.1813 96.83599 2801.572
402.62256 -174.38733 2764.3108
127.539154 162.2569 2792.5227
30.704857 -52.40665 2812.6487
-18.756098 -478.11777 2836.3208
-15.561266 -825.0362 2858.9036
228.12387 -51.596043 2795.993
247.14293 -477.70502 2844.2715
271.06018 -813.5433 2849.552
125.50822 590.02924 2764.1116
126.23295 376.9765 2778.3215
-55.72054 376.50882 2791.6833
-113.40107 103.72169 2844.5176
-158.43452 -166.76189 2787.4575
308.1865 377.4441 2764.9597
374.076 95.40527 2800.2832
402.57965 -174.52539 2758.3284
127.84942 162.87706 2792.8408
30.670385 -51.47614 2814.6152
-19.651926 -477.073 2838.9353
-15.117323 -825.1862 2864.8198
228.26125 -50.96835 2800.105
247.1528 -476.12936 2855.747
271.38025 -811.5488 2857.4783
