137.68462 563.01733 2716.6055
133.09074 358.4765 2759.3242
-47.945362 363.63116 2759.481
-111.74722 80.53396 2804.226
-139.09387 -191.97623 2731.526
314.12674 353.32187 2759.1672
370.02158 52.4061 2830.505
440.97232 -210.4273 2732.695
127.486206 161.00366 2780.265
30.239185 -33.859947 2801.2852
14.918594 -430.82874 2801.9167
-3.063242 -823.2379 2827.9802
213.52423 -39.078575 2801.1262
261.62076 -431.7863 2837.074
340.34546 -859.56714 2799.4133
139.24196 561.9131 2716.1887
135.10521 357.79843 2758.6042
-45.951984 362.68036 2758.2695
-111.87713 78.26278 2805.6128
-140.3011 -195.20348 2734.6157
316.1622 352.9165 2758.9392
368.50754 51.70881 2828.7676
439.8361 -211.98497 2730.263
129.74097 160.26427 2779.1255
32.725918 -34.798634 2799.477
15.8059635 -431.74072 2801.5645
1.1321504 -825.7512 2824.1392
216.02768 -39.741096 2799.8162
265.6862 -432.57083 2832.4758
342.33493 -862.74493 2795.3962
140.22757 561.50055 2715.474
135.44621 357.4657 2755.6072
-45.24334 363.12543 2763.4075
-110.47612 83.667336 2802.3047
-137.23718 -186.49771 2729.567
316.1357 351.80603 2747.807
370.71457 51.32063 2831.3877
438.98676 -212.61351 2728.541
130.06659 159.7651 2774.437
33.125744 -35.06759 2797.2195
16.650064 -431.98004 2803.8386
-0.26953167 -823.1786 2822.2046
216.24805 -40.80343 2789.3142
265.41043 -433.5773 2823.6824
338.63486 -859.6019 2787.848
141.2509 562.7047 2715.116
136.35847 359.03226 2755.3667
-44.394905 364.81354 2763.7808
-109.23601 79.33596 2802.1643
-138.91948 -190.28688 2732.8682
317.11185 353.251 2746.9526
373.85797 51.158 2834.6824
440.23383 -213.57088 2735.365
130.91081 161.32556 2774.1826
34.007233 -33.456036 2797.2559
17.55315 -430.365 2805.3892
-1.0074877 -821.3238 2823.7686
216.91928 -39.30633 2788.7415
265.8248 -430.63107 2835.6216
340.00922 -862.7941 2794.0984
141.82626 560.9316 2716.9365
136.83435 356.72946 2757.1108
-44.019913 362.49356 2764.2124
-110.11773 83.667755 2802.0776
-136.42635 -183.65508 2728.8813
317.68842 350.96533 2750.0093
375.92963 53.579 2832.3455
440.312 -213.75081 2736.9746
131.27138 159.02159 2775.9155
34.17553 -35.768944 2798.3145
16.27601 -432.6531 2799.8462
-2.184345 -827.2823 2826.426
217.24144 -41.60351 2791.126
265.5106 -433.21973 2837.1313
339.39676 -865.4411 2797.218
140.6219 561.71844 2716.8477
135.72078 357.9039 2756.2925
-45.03376 363.84448 2765.71
-108.56253 85.83772 2794.542
-135.0742 -179.02252 2727.6367
316.47525 351.9633 2746.8748
375.96054 52.78588 2833.1711
441.04083 -213.9372 2741.0464
130.16891 160.1377 2774.484
33.118305 -34.62138 2797.4426
14.267641 -431.49734 2797.678
-3.2360086 -824.83704 2827.8103
216.11554 -40.635696 2787.9082
265.60406 -432.90866 2826.1775
336.4131 -857.60406 2794.2012
141.93082 562.09393 2707.8052
136.4555 359.26822 2751.4077
-43.889664 366.17657 2765.7627
-109.23278 78.373924 2797.7832
-137.60114 -185.80232 2730.7004
316.80075 352.35992 2737.0527
371.95795 74.81915 2835.208
436.38687 -193.10855 2753.1616
130.62408 161.89754 2773.1304
33.47013 -31.974937 2802.122
15.586362 -428.90518 2804.129
-1.7385573 -821.3438 2833.5212
216.11493 -38.971348 2787.584
268.43475 -431.06366 2824.4731
334.2778 -852.62354 2802.8833
142.95119 563.29584 2711.3057
135.40424 360.10876 2752.2605
-44.294796 368.75952 2772.1187
-110.649506 73.72242 2796.4058
-139.18274 -190.85527 2725.8975
315.1034 351.45807 2732.4023
380.94516 71.88083 2836.1387
438.57266 -197.1102 2752.2012
128.05637 162.56415 2771.8237
29.714249 -30.60004 2801.4424
10.497577 -427.46304 2799.7986
-5.8788795 -821.14026 2825.7456
211.7028 -39.360943 2781.3313
262.3455 -431.6141 2819.211
328.20605 -852.51135 2798.8416
144.96571 564.2335 2705.5247
135.95125 361.37527 2749.0664
-43.886364 371.41803 2767.4958
-109.332085 79.370804 2794.2048
-136.42773 -184.18124 2723.7463
315.78885 351.33252 2730.637
387.96207 65.93042 2836.0542
439.38376 -204.10655 2747.7065
127.224815 164.1837 2771.3677
27.48709 -27.925476 2802.9956
12.673702 -424.92505 2806.4126
-3.766371 -822.0694 2828.2378
209.50938 -38.090206 2784.3423
265.17322 -428.78714 2829.6646
328.66034 -849.8104 2808.037
147.05664 562.7063 2713.0828
136.41809 359.51324 2755.347
-43.85291 370.78442 2765.035
-107.6094 83.61624 2794.0366
-135.10033 -179.18672 2724.6797
316.6892 348.24207 2745.659
389.0461 60.515873 2836.4763
439.66534 -209.12105 2743.8665
125.14429 162.19435 2775.1333
22.522142 -29.41312 2799.8289
9.489914 -426.5079 2799.894
-7.683536 -825.3567 2822.1821
205.21892 -40.836014 2790.0105
265.3205 -431.29492 2831.7727
326.6034 -856.2888 2814.188
148.97963 564.919 2715.4194
136.47578 361.88037 2755.8394
-43.911076 374.10754 2764.4346
-107.29915 83.804634 2794.013
-134.11238 -176.00905 2718.1895
316.86258 349.6532 2747.2441
391.02963 57.260513 2834.2422
439.7807 -211.37671 2739.7898
123.96984 164.47963 2774.1914
20.206995 -26.735506 2796.8916
12.513743 -423.91467 2801.2036
-6.3406386 -822.7715 2823.2983
202.72063 -39.106827 2788.1953
267.405 -429.38428 2824.2783
328.99295 -854.00903 2803.0007
150.95757 561.03894 2715.0852
138.35703 358.3864 2755.4592
-42.118748 370.97635 2762.9128
-105.64862 84.40449 2792.9983
-133.42255 -174.509 2713.2605
318.8328 345.79645 2748.0054
393.51562 56.627064 2836.1226
440.27518 -213.53714 2743.8262
125.36579 161.04048 2774.2383
21.042702 -29.934076 2796.7896
15.165 -427.1869 2800.7188
-3.077391 -829.43115 2825.0088
203.70625 -42.676643 2789.2454
269.499 -432.5545 2828.074
333.1195 -861.43005 2802.4668
152.66212 558.81836 2715.4175
139.87311 355.96637 2756.9114
-40.635498 367.87283 2755.8984
-106.34225 85.22057 2791.9949
-132.99358 -173.62454 2714.399
320.38177 344.05994 2757.9243
394.23715 55.796837 2835.058
440.48758 -214.34201 2746.1584
126.75139 158.70139 2776.5115
22.166595 -32.53071 2795.5981
17.652807 -429.82138 2799.642
-1.3325641 -826.2112 2822.8652
205.09285 -44.596622 2796.6248
270.5896 -434.85553 2832.2131
332.45172 -855.85065 2810.5935
155.98605 560.81494 2715.0881
142.88518 358.5032 2756.0366
-37.68201 370.06128 2751.6626
-106.163574 85.102615 2791.499
-132.73003 -172.98117 2715.0464
323.45236 346.94516 2760.411
395.127 54.905193 2835.0293
440.892 -214.50119 2746.3704
129.79839 161.14941 2774.7861
25.34514 -30.35606 2791.3223
17.10161 -427.5785 2795.7168
-0.1285445 -820.1179 2820.2559
208.07812 -42.0527 2795.7488
273.40753 -432.93018 2823.3162
334.6352 -852.43774 2800.7349
157.30826 562.8128 2705.421
144.3876 360.96793 2751.6772
-36.224106 372.37146 2746.0251
-106.599945 84.06963 2791.2454
-132.46303 -172.46057 2712.4373
324.99924 349.56436 2757.3293
390.9169 68.8372 2836.8184
435.55032 -202.55319 2756.9456
131.21313 164.28009 2775.832
26.641615 -26.637018 2797.1265
15.744344 -423.78354 2802.8066
-1.280551 -821.436 2833.5708
209.43561 -38.17839 2802.847
271.7827 -429.63083 2829.7432
333.0898 -848.10675 2810.401
156.74481 557.0482 2712.553
144.56287 354.34018 2754.0046
-36.11851 364.60605 2754.955
-105.386734 84.62201 2791.6016
-133.17657 -172.90869 2717.3696
325.24414 344.0744 2753.0542
387.27045 81.9444 2841.534
431.13614 -189.20026 2761.487
133.45091 157.0043 2773.059
30.82886 -35.132233 2792.5947
20.008785 -432.30524 2793.5356
1.9323566 -832.0656 2821.3528
213.84935 -45.531006 2791.632
275.04736 -437.43564 2814.4006
338.2849 -862.8521 2789.4387
159.8097 559.9804 2704.168
147.0341 357.8656 2748.194
-33.08134 369.64362 2758.6177
-106.6268 83.745605 2791.8206
-133.43814 -172.81627 2719.0107
327.14944 346.08768 2737.7708
387.4274 81.19826 2842.6912
428.62317 -190.3504 2763.1814
135.4003 160.78833 2769.854
32.49758 -30.320793 2796.7957
17.933954 -427.28662 2803.2788
-0.42486563 -819.9285 2830.6868
215.03566 -42.257233 2786.232
274.0766 -433.96057 2816.2412
334.27158 -849.5245 2795.9553
168.29997 553.43384 2699.9766
153.37677 352.27594 2746.2432
-26.566603 366.07623 2759.25
-104.802216 83.36416 2791.4292
-133.26166 -172.6691 2717.137
333.3202 338.47562 2733.236
386.79538 90.43453 2844.3884
427.50214 -181.6173 2766.635
139.9474 155.44553 2769.2935
35.49429 -34.40399 2798.9233
18.24616 -431.3036 2799.7544
1.8121842 -828.97736 2829.3662
217.5421 -48.365707 2785.7642
274.3446 -439.67087 2823.745
335.04764 -860.97754 2800.6885
172.9977 552.65735 2697.3486
157.30235 351.62546 2744.9988
-22.969301 365.48053 2750.894
-103.419556 83.198616 2794.1995
-133.2839 -172.69211 2716.038
337.57407 337.77026 2739.1035
389.92535 86.93748 2844.1748
425.58105 -185.7099 2766.3083
142.97424 154.95912 2769.0664
37.3655 -34.691616 2796.1191
17.039661 -431.4718 2798.0989
0.38138145 -824.2482 2825.2969
219.92682 -48.72272 2790.149
276.5181 -440.3623 2825.5332
333.02988 -851.7793 2808.4546
185.26207 549.5438 2697.5486
166.17839 348.14526 2744.9731
-14.054132 364.10022 2749.8965
-103.20618 86.0988 2791.5923
-132.87662 -172.51112 2719.3774
346.41074 332.19034 2740.05
391.79688 86.11915 2848.6033
422.71484 -185.98674 2767.1072
149.42972 151.62799 2768.6948
41.493603 -36.817013 2794.9072
19.848417 -433.44653 2802.5
2.3481476 -827.09174 2828.8613
223.86868 -52.961597 2789.9255
276.04202 -445.55887 2821.1362
336.83908 -859.4622 2803.3247
193.68867 547.5616 2696.1475
171.77042 346.5113 2745.4763
-8.426135 363.79413 2749.2625
-99.1021 87.05281 2789.7913
-133.36128 -173.03104 2727.9856
351.96698 329.22842 2741.6904
392.8018 81.01125 2849.3933
422.19586 -191.09224 2767.2227
153.46036 150.2275 2770.0227
43.95776 -37.30985 2796.485
20.910563 -433.848 2805.9697
0.633534 -823.9805 2828.6155
226.34288 -54.802635 2792.653
276.17297 -448.06744 2818.9763
335.356 -853.94653 2808.0093
201.03798 542.01965 2703.9702
177.25569 339.70126 2749.4275
-2.5377638 358.47122 2758.735
-95.098366 86.58067 2787.4006
-133.71855 -173.01704 2732.5002
357.0492 320.9313 2740.12
392.7601 76.31463 2850.499
426.40225 -194.98654 2767.3608
157.83453 143.1549 2770.6313
47.368412 -43.886574 2796.5483
22.36279 -440.3689 2803.3093
1.498255 -831.318 2828.0884
229.45804 -62.89622 2787.1218
277.00085 -456.50198 2813.0823
335.55197 -859.64716 2800.615
207.56728 537.6348 2700.8906
182.22534 336.41992 2747.8057
3.2095227 357.2602 2763.8325
-96.52224 86.26675 2785.2327
-133.80794 -172.84967 2731.0525
361.24103 315.5797 2731.7788
395.29712 71.22227 2852.79
432.4103 -199.63344 2769.6567
161.40878 140.16965 2770.4805
49.930595 -45.526257 2801.272
21.974592 -441.7013 2812.2485
1.6184076 -827.48944 2832.7134
231.25363 -66.6351 2785.0386
276.03845 -460.23972 2815.3918
335.10516 -859.05084 2802.4766
217.45393 531.0013 2696.8445
188.76328 331.12427 2746.2292
10.30254 355.3434 2764.2302
-93.245605 84.12472 2785.152
-133.78949 -172.74202 2729.8225
367.22424 306.90518 2728.2283
397.001 71.64055 2853.7175
442.17578 -198.05157 2771.1099
164.71658 135.52066 2771.0034
50.35538 -47.826298 2804.8875
19.36123 -443.83798 2813.658
0.39911842 -827.73413 2831.0896
230.98439 -72.33962 2786.6677
274.6722 -465.75104 2820.968
332.38135 -856.8516 2806.3772
226.70186 524.9126 2695.7969
195.9855 326.40628 2744.9414
17.512827 351.92523 2761.611
-86.61858 82.06141 2780.5674
-133.84624 -172.51627 2725.269
374.45828 300.88733 2728.2717
398.50565 50.3186 2856.359
463.63214 -212.00838 2765.2463
170.30841 130.93423 2769.272
54.313118 -51.62377 2802.0383
23.445911 -447.71548 2806.6921
2.9772305 -827.52625 2824.8704
234.94952 -77.45205 2785.1667
279.09378 -470.6069 2821.931
335.72736 -857.1759 2806.349
252.79543 523.0712 2675.608
213.4713 328.08 2734.1396
36.717148 361.75497 2751.2024
-81.20737 82.079094 2774.6294
-133.95506 -172.38835 2729.0632
390.22562 294.40506 2717.077
396.85858 23.724306 2849.2832
483.23447 -233.61696 2756.2544
180.14658 135.61087 2768.7822
57.24749 -39.79262 2812.0718
20.761045 -435.36978 2819.9395
-1.0088619 -811.8184 2839.4302
236.39618 -73.92375 2794.7778
273.7265 -468.1275 2827.0898
331.73785 -849.3748 2807.4187
264.7824 515.7616 2666.181
222.35957 323.08118 2729.112
45.92298 359.678 2745.2712
-77.60683 83.54496 2769.8386
-134.05649 -172.07034 2730.7258
398.79623 286.48434 2712.953
409.42258 16.856146 2842.6145
493.86502 -242.46751 2747.9597
186.17079 131.72086 2767.3667
60.749622 -41.130585 2813.794
24.153893 -436.67212 2812.1387
2.3063073 -820.9732 2831.0564
239.21474 -78.14824 2797.4487
280.18875 -472.0774 2828.9548
335.55524 -856.7711 2807.3542
283.03415 515.9111 2661.4414
234.38576 325.01065 2726.6868
58.692154 366.2158 2739.9116
-73.31762 88.78459 2769.4207
-130.14139 -167.49803 2733.7114
410.0793 283.80554 2713.4617
422.1892 11.409407 2844.75
503.95654 -245.55211 2745.0337
192.97992 135.28629 2767.7363
62.645863 -33.581856 2815.4797
23.485222 -428.88547 2819.1067
1.4378494 -813.7925 2829.8547
240.50226 -75.29421 2802.092
282.0995 -469.37112 2831.0898
334.52625 -850.895 2809.486
299.9041 509.62857 2649.1746
247.55637 321.87286 2718.1265
73.72662 368.81528 2735.5015
-68.601425 101.35396 2765.339
-132.17397 -153.5201 2728.5999
421.38614 274.93042 2700.7515
430.66193 5.24745 2842.3965
519.3966 -250.53363 2742.0498
201.37439 134.181 2763.1855
67.16801 -29.739975 2817.043
26.57713 -424.95822 2819.4585
2.78431 -820.31213 2829.1929
243.21655 -77.28165 2799.4463
287.5093 -471.47623 2821.1384
334.37848 -850.37195 2804.7856
315.09113 506.1239 2642.5664
257.21384 319.78967 2714.493
85.90945 372.9157 2737.3816
-63.24451 109.64781 2759.8066
-133.43204 -144.21945 2731.5027
428.51825 266.66354 2691.6045
439.89935 -5.3307486 2835.2617
532.6529 -261.39536 2731.8218
206.05022 134.12492 2762.5117
68.12493 -24.632719 2822.123
23.574537 -419.42313 2820.9802
-0.50908774 -819.4839 2831.85
241.64804 -78.44677 2798.938
286.68814 -472.4032 2823.8096
330.2362 -852.84766 2803.6023
331.5639 499.4303 2639.67
268.9237 314.8048 2711.603
98.8618 372.33044 2733.9692
-63.122696 114.32277 2754.4146
-134.26375 -138.87498 2730.8086
438.98547 257.27914 2689.237
452.95175 -11.16228 2832.6362
546.22034 -268.63855 2730.159
213.06764 130.68097 2760.4668
71.171486 -24.33856 2820.6462
27.395302 -419.12616 2813.1267
2.2197723 -825.01935 2826.3308
243.25203 -82.547104 2798.0146
292.44528 -476.0105 2822.958
331.47546 -852.44006 2804.0085
350.29718 490.08865 2637.6855
281.27682 308.20953 2710.1
112.38973 370.2055 2729.4448
-58.068172 116.14393 2752.6667
-134.7406 -136.34825 2733.506
450.16412 246.2135 2690.7554
463.9804 -19.579773 2826.8022
563.89465 -275.52252 2728.4932
219.84291 125.75184 2758.4976
72.92519 -25.325998 2816.6865
27.129915 -419.9177 2808.9587
1.4106925 -826.6698 2825.9275
243.89268 -88.08557 2797.1035
294.6652 -481.30826 2823.0078
332.50436 -856.6845 2803.0544
367.50473 478.40695 2636.1763
292.89688 298.9461 2709.1082
125.04376 364.81442 2724.2378
-50.041824 120.5544 2747.2837
-130.821 -130.07402 2731.4539
460.7499 233.07774 2693.9785
470.4893 -24.29423 2822.86
576.7814 -279.366 2729.448
226.35573 118.268906 2757.4756
74.84324 -29.064018 2813.502
29.32738 -423.63116 2816.476
2.2323167 -825.5721 2826.2827
244.78595 -95.752335 2798.184
298.394 -488.5325 2825.1233
331.84164 -855.7308 2807.5957
381.46133 464.6582 2628.3918
303.59036 288.78876 2704.922
136.53654 357.66476 2713.398
-44.050117 131.30353 2746.0854
-133.60222 -115.55363 2732.7688
470.6444 219.91264 2696.4463
487.6883 -28.683052 2816.3364
591.0479 -283.8776 2726.5845
232.63478 110.44942 2755.6426
77.08505 -33.01203 2810.655
30.434753 -427.28772 2822.0208
1.8971086 -827.85596 2827.4307
246.27303 -102.767876 2802.0708
299.2331 -495.6779 2828.584
332.97186 -855.53485 2810.6914
400.5218 454.32474 2624.03
316.26794 282.53226 2701.4336
150.93913 355.84467 2705.8064
-36.036938 135.15858 2744.0188
-134.93982 -105.782585 2739.032
481.5966 209.21988 2697.0608
498.32004 -40.35927 2808.603
610.8962 -294.67288 2724.2224
239.82149 107.0083 2753.8691
79.68546 -31.404823 2808.518
31.60956 -425.36624 2825.2542
1.4514475 -823.31537 2828.5881
247.06467 -105.626396 2804.091
301.04926 -498.7828 2822.4768
333.09595 -852.13983 2808.487
438.8672 439.59433 2617.8225
344.78708 273.78754 2697.591
182.09947 348.4144 2676.7725
-20.298832 135.03383 2737.2756
-136.48917 -97.412186 2745.7544
507.47446 199.1608 2718.4097
528.5055 -59.68982 2788.8728
640.4831 -312.63 2707.0242
259.477 103.132866 2752.516
91.53159 -29.615984 2796.8667
42.349163 -422.78546 2824.7244
5.692982 -824.1358 2821.1968
256.80206 -105.42761 2818.0159
317.4426 -497.9405 2819.7078
340.66406 -847.31866 2815.0159
458.92407 429.68 2599.9055
361.09976 267.77707 2685.3252
200.58682 348.78 2669.8362
-14.570761 142.87357 2734.8738
-132.21916 -90.82711 2745.5588
521.61285 186.77419 2700.8142
537.4565 -73.27965 2781.932
653.61456 -322.7451 2692.1113
271.45056 101.94561 2747.1128
100.66354 -22.939714 2801.071
49.49063 -414.7252 2840.7756
6.5357494 -817.3588 2833.414
262.93912 -104.832085 2816.73
318.8468 -497.7217 2805.1277
340.00067 -848.28644 2806.9329
470.72577 419.63974 2592.36
370.59476 260.8274 2679.7334
211.20047 345.053 2666.6829
-6.7673097 146.40201 2738.4956
-129.92783 -86.32268 2750.9944
529.9891 176.60162 2692.7842
553.7782 -84.1234 2773.9646
669.6467 -333.8298 2686.736
278.8861 97.39939 2745.0945
106.61582 -23.458952 2803.8594
51.062393 -415.05817 2840.3032
3.739656 -826.1743 2830.3677
267.73886 -108.59807 2817.0518
320.16824 -502.05203 2803.3333
338.36392 -852.4911 2807.725
485.30115 410.8859 2578.1614
382.3112 255.38353 2668.953
225.85303 345.5254 2664.2993
-1.8089238 147.57913 2736.4204
-129.02698 -83.64877 2756.6084
538.7693 165.2416 2673.6064
566.5699 -93.003075 2762.0144
683.4926 -343.05936 2674.0708
287.9589 95.20894 2738.516
114.34782 -19.301416 2805.722
54.634785 -410.51303 2840.3318
6.653375 -823.2121 2831.6436
272.86557 -110.62989 2810.4368
324.05847 -504.09863 2791.6145
336.31277 -848.83386 2803.038
498.8463 399.78784 2571.432
391.6656 249.6801 2667.7153
236.71654 342.50778 2659.3428
6.0811186 159.82484 2734.7178
-126.265045 -68.533745 2755.3118
546.6147 156.85233 2676.0876
571.74194 -100.02965 2747.944
692.77106 -349.81287 2665.6858
293.95044 93.17308 2740.892
117.87833 -16.391336 2809.8352
52.2918 -406.70337 2844.0862
2.717751 -822.22345 2833.4304
274.5924 -110.27649 2818.3027
324.17792 -504.133 2802.434
332.3378 -846.0357 2816.0615
522.96045 391.0234 2569.4824
407.0839 245.88351 2660.1848
259.25458 349.89636 2655.9048
20.268045 172.15088 2736.9187
-124.98429 -47.434204 2757.2654
554.91327 141.87074 2664.465
601.5081 -137.95119 2725.61
734.22345 -386.29968 2642.7888
299.31244 95.66867 2732.0298
116.71565 -1.8990788 2801.7083
45.617344 -391.38474 2834.5522
-9.159873 -819.8871 2821.6929
266.36636 -107.19341 2806.041
322.05862 -499.4286 2777.8655
318.07648 -845.44507 2799.793
540.36316 376.15573 2569.6335
416.7216 235.827 2661.4966
272.08588 343.66986 2647.6404
28.804415 179.0047 2731.9216
-131.02934 -33.336338 2754.9583
561.35724 127.98407 2675.3528
599.6285 -121.750984 2722.849
757.77783 -348.0509 2677.3582
301.38553 90.11015 2731.2969
112.867966 -1.0410261 2794.0862
58.03589 -391.1989 2843.7288
-2.2354624 -826.2387 2827.609
259.23123 -110.172104 2808.108
328.78238 -500.3969 2782.6182
331.80353 -853.70166 2802.7588
547.5024 365.2735 2566.6187
421.36734 228.31186 2661.6199
278.23676 336.84283 2640.3352
27.383492 186.02946 2728.8948
-132.83508 -26.92839 2756.8618
564.49786 119.7809 2682.9048
595.75006 -121.41198 2720.837
737.8639 -353.22348 2674.2031
302.80215 85.93932 2732.959
111.75331 -1.4714279 2793.519
56.85118 -391.8994 2841.9536
-1.8279372 -827.4523 2830.075
256.72073 -111.39516 2815.077
328.57056 -500.72934 2782.8977
331.38126 -853.73425 2811.7734
549.8883 362.63486 2566.6968
422.24005 227.03635 2660.6873
280.5267 337.68362 2639.8906
28.194016 190.51958 2730.4521
-133.17285 -23.591837 2755.4827
563.9534 116.38903 2681.4836
595.87445 -121.70285 2720.931
725.1419 -356.2499 2679.6353
301.66507 85.85851 2731.1855
109.39292 0.6605744 2791.1624
58.765827 -390.28195 2840.4302
-2.708955 -822.82446 2827.541
252.78734 -111.29912 2812.2056
329.4472 -498.5905 2769.4536
330.58722 -851.7048 2800.608
546.6977 353.1023 2579.4954
418.76852 217.21658 2667.635
276.92688 326.79996 2641.9312
32.057083 193.10326 2726.3672
-132.96436 -20.710669 2750.3633
560.61005 107.63325 2693.3389
577.9966 -125.6775 2722.9844
697.407 -357.07562 2681.583
296.96283 75.21682 2734.4065
103.37356 -11.324783 2788.1697
62.283695 -402.81323 2841.841
-1.9228237 -826.88434 2829.7693
246.94052 -122.2412 2814.1863
334.3664 -507.43082 2772.2434
335.1413 -849.5844 2803.2844
544.70886 349.4159 2571.622
417.14435 215.51097 2663.8918
275.13562 324.48373 2636.4207
32.524372 188.07263 2730.6733
-128.357 -28.45401 2755.1506
559.153 106.53821 2691.3633
569.9745 -126.84033 2730.9937
677.7041 -357.4065 2686.664
295.6327 74.78293 2733.7896
102.2397 -10.78582 2789.782
60.506615 -401.30536 2849.6018
-3.5506182 -824.093 2830.224
246.00237 -121.10448 2817.5925
332.61087 -506.62274 2776.2532
334.83795 -848.1746 2809.7065
548.49963 355.77036 2567.72
419.22217 218.66791 2655.566
281.7116 334.3261 2647.9695
30.76715 185.05096 2728.8635
-126.18361 -33.791523 2757.1443
556.733 103.00971 2663.1626
567.4882 -126.40976 2736.5308
665.8083 -357.6458 2686.4285
297.25726 78.24234 2725.3486
105.19405 -3.2246552 2791.2588
62.739418 -394.6856 2843.826
1.2625613 -820.7569 2831.2842
245.3905 -121.14187 2799.0037
332.32944 -506.5682 2757.1287
334.78738 -850.7102 2785.069
544.3389 357.79834 2566.2424
414.116 223.3622 2655.9907
277.12152 340.63452 2648.6292
33.386536 183.02264 2729.435
-122.94751 -39.114086 2755.5754
551.1106 106.08992 2663.3523
562.2489 -120.70545 2747.2686
644.5142 -358.81213 2695.625
291.01077 83.9355 2725.7935
98.799965 3.6657987 2791.8828
55.87286 -387.56415 2846.156
-8.731443 -819.3685 2828.9678
237.01108 -114.648026 2799.3096
326.00186 -500.75742 2778.4275
327.30603 -846.2677 2803.6338
538.45526 365.3342 2569.632
404.7865 233.17755 2657.9128
271.26514 354.6151 2653.368
36.601913 184.414 2723.8655
-117.10686 -43.88843 2754.384
538.3079 111.73991 2662.4575
546.15454 -114.9224 2763.3167
607.9759 -357.5418 2712.3948
277.88126 96.1787 2725.6284
83.34032 20.69459 2791.042
60.85841 -372.0943 2845.0789
-5.849701 -817.1199 2833.0105
218.61162 -102.33475 2795.6462
329.56815 -481.95636 2763.3884
323.9565 -838.43884 2799.085
530.42096 370.7361 2568.191
397.77814 238.07062 2656.766
265.27548 361.00006 2657.754
36.801785 185.67021 2721.9277
-118.32839 -44.004795 2749.6921
530.28076 115.14121 2655.7786
543.11255 -110.9616 2773.1553
592.01056 -356.2176 2714.517
271.41522 101.3109 2725.9993
78.05034 26.71212 2795.7317
62.925743 -367.07574 2844.9998
-7.510651 -821.75745 2835.233
212.05412 -97.60998 2794.733
330.98242 -475.57806 2771.877
324.60703 -843.7892 2804.3704
518.12854 371.46997 2566.478
388.067 239.72165 2657.9895
254.39496 361.62558 2656.4116
36.89931 187.3571 2723.4614
-117.57544 -43.88542 2740.6943
521.73914 117.8177 2659.5674
537.03564 -96.97863 2778.5874
570.3553 -342.94962 2713.0166
262.6101 103.07387 2729.0732
69.54745 28.080187 2799.359
59.458694 -367.0833 2836.5273
-9.543032 -827.59973 2834.4023
204.75932 -95.22798 2800.955
329.56912 -471.5927 2779.8962
323.18115 -847.25757 2813.3684
502.8612 389.1015 2577.9448
374.77258 250.38773 2663.4995
237.44904 368.37604 2662.3423
19.981575 175.34227 2721.6477
-110.03167 -71.4942 2745.7393
512.09595 132.39941 2664.657
517.51025 -80.99799 2787.1287
531.5447 -328.98764 2729.6355
252.37811 108.584045 2729.542
60.487526 26.491364 2794.9988
63.55941 -369.60373 2824.1804
-3.5534875 -824.59595 2825.588
199.47972 -92.93072 2796.1702
329.7549 -467.3965 2771.8167
330.42804 -847.5498 2800.6277
494.6827 402.8151 2580.864
368.7572 260.85025 2664.7144
229.36232 376.4012 2663.1492
15.495468 173.16928 2721.3494
-107.75218 -78.0279 2738.2458
508.15198 145.29932 2666.2798
510.7636 -73.4967 2791.5645
520.7398 -324.25748 2746.245
248.45561 116.599174 2729.2817
57.592537 30.839731 2793.0566
63.906082 -365.11398 2824.5186
-4.1360807 -822.4078 2824.909
198.71526 -86.14359 2794.6414
328.39288 -461.25476 2779.1958
331.7786 -844.1632 2803.344
473.71442 426.4771 2590.7646
354.39996 276.14313 2670.9207
210.29741 385.6599 2673.1204
9.624946 174.06323 2724.8628
-102.248634 -86.624664 2732.2695
498.5026 166.62636 2668.7207
506.16196 -47.89034 2799.576
491.13608 -299.65558 2755.4387
240.73682 125.35419 2732.187
54.09263 30.030264 2794.5676
67.66352 -366.23245 2819.5808
-1.4083558 -830.7629 2827.25
200.05486 -80.89991 2792.3394
326.79117 -457.24738 2780.2144
336.35977 -852.57556 2804.6934
455.4881 433.0476 2595.2312
342.1086 279.04636 2675.2837
195.31151 384.7447 2680.962
4.308901 166.53337 2725.412
-102.92967 -100.85349 2740.0142
488.90564 173.348 2669.6057
497.6488 -38.094254 2804.0618
467.41757 -290.24042 2761.5667
233.12479 124.45114 2735.5134
49.81506 23.372974 2798.618
62.97969 -373.137 2820.0444
-7.3217964 -833.4692 2831.6985
198.4672 -83.66113 2792.8682
319.69452 -461.8999 2785.4312
330.6439 -856.16766 2807.3792
435.74222 443.76328 2598.9785
327.9489 285.81635 2680.254
178.15175 386.9957 2688.5923
-0.8465084 159.26381 2731.6914
-104.25499 -111.60563 2739.4778
477.74612 184.63708 2671.9158
489.34076 -30.05799 2806.2964
449.5362 -282.3737 2766.907
224.32254 127.46366 2740.1074
44.8541 20.337845 2804.1826
60.444576 -376.27283 2821.8381
-6.9672065 -830.4354 2833.4243
196.53801 -82.11577 2795.7393
318.0807 -460.3321 2789.9475
330.1894 -851.6529 2809.8206
420.5401 459.9248 2608.4072
317.86227 296.69415 2686.8333
164.43944 392.2488 2694.8625
-3.8917992 154.12518 2737.9475
-104.83471 -117.904564 2736.877
471.28528 201.13953 2678.8037
478.44724 -23.55737 2805.5547
439.89725 -277.21988 2769.4072
219.33339 133.79514 2742.7747
43.12165 19.278442 2802.7817
58.805634 -377.55154 2811.5144
-4.235845 -829.75214 2824.545
198.48737 -77.48621 2794.6506
321.6145 -455.19403 2787.7239
334.0134 -843.96765 2806.9006
401.87186 468.74405 2615.077
304.07532 302.70557 2692.3076
148.45613 394.57904 2701.9653
-6.440962 151.56892 2741.4888
-110.57888 -120.01794 2735.9043
459.6946 210.83208 2682.65
472.92184 -12.996924 2805.9507
432.77847 -266.57227 2768.4795
209.43965 136.74936 2746.1372
36.04505 17.290405 2804.8547
51.6686 -379.61606 2813.0857
-9.36723 -829.82526 2828.0398
193.56325 -75.70416 2795.079
310.873 -455.25357 2792.9893
327.58704 -850.01685 2806.3518
363.03342 493.41138 2626.5508
277.24423 317.82507 2699.7322
117.12509 400.51898 2715.8633
-18.855623 148.40953 2748.3943
-107.13784 -125.104355 2724.7588
437.36337 235.13112 2683.6008
459.38785 4.698231 2806.1086
429.17682 -250.0661 2766.2554
192.94594 145.0285 2748.7974
27.575441 14.10181 2806.0303
52.539085 -382.32993 2803.9011
-5.761287 -831.0382 2821.1843
189.7199 -69.63803 2789.695
309.97763 -448.16257 2797.6667
329.14282 -848.53906 2801.3757
346.3389 509.02576 2641.211
266.2551 329.3536 2707.2747
102.825005 405.4819 2721.8635
-26.870964 147.17236 2749.8562
-106.29576 -127.10056 2719.8215
429.68524 253.2253 2692.686
455.9145 18.568104 2806.5537
424.58792 -235.39543 2762.3396
187.68051 152.41519 2750.3623
26.347717 14.0268755 2800.8374
54.603943 -382.2408 2798.806
-3.1285462 -827.9073 2816.8755
191.86432 -63.073353 2786.0625
311.23834 -441.68555 2800.5803
333.34882 -843.7986 2803.2373
329.9066 519.3064 2658.0671
255.71715 334.88232 2715.5188
88.784065 403.21695 2727.764
-32.851963 139.52837 2749.6614
-110.8631 -138.27245 2722.828
422.65002 266.5476 2703.2737
453.65884 32.302612 2809.1726
420.61514 -220.92586 2761.8557
184.09682 153.54138 2751.1328
27.927961 6.810765 2792.9487
56.696735 -389.46353 2791.34
-0.44626436 -837.1237 2816.1416
197.02486 -62.409748 2780.545
308.98386 -443.06653 2799.0688
337.7222 -852.50354 2801.3071
307.26303 530.0484 2656.998
242.50505 340.77716 2716.1829
72.52938 401.47305 2726.2046
-39.916664 131.79688 2752.3884
-107.02704 -148.12692 2715.3164
412.48068 280.08127 2706.1611
444.67987 41.191334 2812.5146
417.76016 -211.66368 2760.0293
178.88637 156.5877 2752.696
29.206326 3.1294448 2794.2834
55.9922 -393.2095 2799.5254
-1.8561778 -834.62506 2825.345
201.32878 -58.33301 2784.135
308.13846 -439.97772 2810.3882
338.0271 -848.4795 2810.8413
266.7187 537.78876 2670.299
213.69737 344.3437 2721.8716
40.096867 393.49966 2734.8804
-57.718224 119.715454 2750.3884
-102.373055 -160.24788 2708.0347
387.29785 295.1877 2708.8628
436.0226 67.79575 2815.7847
421.07263 -186.1744 2763.7603
162.33151 155.05566 2751.6597
23.12216 -9.359051 2788.0303
47.4327 -405.93204 2787.4355
-6.6775885 -835.12195 2818.8682
198.80894 -59.105736 2774.865
298.7693 -442.82428 2799.1372
330.36508 -849.3029 2799.787
250.21922 546.1484 2682.5366
202.41364 349.47025 2728.2585
27.263107 392.8533 2741.3525
-64.3374 107.85687 2750.2834
-102.42472 -172.87648 2706.745
377.56418 306.08716 2715.1648
434.48422 77.77918 2816.4553
438.49594 -175.38892 2761.7766
156.7679 157.93973 2752.2637
22.466171 -11.631604 2782.8965
49.971256 -407.99344 2784.8147
-1.8744122 -830.89325 2818.7637
199.77821 -55.550083 2769.6409
300.56738 -438.7009 2799.1062
336.00732 -849.1385 2799.5315
213.93718 560.98566 2681.7378
178.26247 359.38135 2729.12
0.82423925 393.51303 2739.4783
-71.08466 92.47264 2750.3264
-105.15815 -189.79877 2691.3298
355.7006 325.24973 2718.7622
421.73752 94.64936 2821.2012
450.11032 -156.37224 2763.2817
142.51215 165.8227 2754.5127
16.958723 -10.461685 2785.1475
40.904438 -406.9336 2794.5083
-2.2300494 -826.6181 2827.5862
196.56483 -45.010353 2774.6628
292.9647 -428.966 2808.5857
333.2665 -844.11115 2811.3875
196.48985 565.47894 2689.2893
168.26381 362.19455 2733.8513
-10.378777 389.3351 2742.9119
-71.51773 86.72908 2750.7583
-99.24625 -197.11504 2686.06
346.90656 335.05405 2724.791
408.7193 108.329865 2825.274
447.40915 -140.67566 2764.3066
139.74051 167.09088 2755.8987
20.747717 -14.268055 2782.5344
40.976936 -410.99158 2790.187
3.3992114 -833.63873 2822.2056
201.68694 -41.757496 2773.3574
292.75244 -426.9868 2807.3696
340.47882 -850.4619 2802.6323
162.20564 565.6276 2694.7864
145.34476 361.35992 2736.633
-34.502403 377.74197 2729.9375
-73.621925 77.19977 2751.6047
-95.03393 -202.79738 2678.6587
325.19202 344.97794 2743.3286
396.81384 114.05598 2833.8057
436.42212 -133.05644 2765.974
126.66268 164.83165 2757.6008
17.090002 -23.417528 2775.1848
24.54372 -420.35892 2788.6611
-5.9070883 -827.57074 2819.6948
198.87088 -39.97571 2781.9524
277.8519 -428.6004 2801.7249
332.3598 -850.67206 2801.4504
146.80675 567.58496 2706.374
136.70105 362.2877 2740.7275
-43.444874 371.8262 2729.5747
-73.7294 73.52728 2751.5283
-93.54246 -203.45772 2669.8906
316.8472 352.7492 2751.8804
395.11792 122.72582 2835.3738
416.00357 -126.846436 2769.9207
125.35287 164.78226 2755.1108
22.821716 -27.895155 2763.849
31.184801 -424.7198 2781.0054
2.3195982 -832.98517 2810.257
205.18773 -37.551163 2775.1394
284.04605 -426.30832 2795.7834
341.0701 -847.5416 2798.3752
121.19378 569.7765 2714.187
121.83314 363.48737 2743.8516
-58.579617 363.94662 2730.0515
-74.67036 70.62725 2751.6921
-83.25408 -204.69606 2671.1174
302.2458 363.02814 2757.6516
385.09775 131.64755 2839.2554
395.5887 -119.82832 2776.774
120.51213 165.29361 2754.5244
27.888779 -32.66784 2758.2134
24.941797 -429.22974 2781.071
-1.0104029 -829.9476 2819.7922
210.49358 -33.132626 2772.1812
276.01068 -424.29034 2794.542
339.15833 -845.4645 2804.1553
112.77056 567.1381 2705.4626
116.925835 361.9364 2740.6255
-63.63256 359.20395 2728.2068
-74.31676 68.79998 2751.8022
-78.60505 -205.85039 2670.6655
297.48407 364.66895 2753.0442
372.98984 138.1056 2837.4612
390.81573 -114.03332 2779.0105
118.8794 164.01762 2755.7695
29.460629 -35.28393 2764.629
20.49611 -431.9696 2783.3928
-2.7600722 -831.81683 2827.0972
212.20538 -32.51832 2777.198
271.48538 -424.77878 2797.721
338.38617 -852.3723 2808.0789
101.211296 574.3183 2713.9436
109.25035 368.69785 2743.4294
-71.13602 363.41232 2728.379
-78.570885 66.1897 2755.9683
-71.7249 -204.29758 2669.004
289.63678 373.98334 2758.48
358.76376 139.52838 2837.6985
384.3051 -112.68685 2781.432
114.1278 170.45634 2754.5903
27.699986 -30.46041 2758.1333
12.001529 -427.08588 2773.9521
-4.625942 -823.1794 2814.2449
210.31026 -25.10974 2773.3694
265.99725 -418.03122 2791.745
334.24472 -846.575 2803.9268
94.7291 576.6661 2717.3452
104.38385 371.15192 2745.0696
-76.10569 364.6929 2731.6445
-83.29372 66.598976 2757.9858
-73.197 -205.33951 2672.236
284.87335 377.6109 2758.4949
355.72253 143.28181 2836.483
381.72244 -109.150894 2781.0947
110.7517 172.85756 2754.8608
25.75557 -28.706312 2757.8562
7.4127474 -425.09875 2777.106
-5.738539 -823.9036 2816.5505
208.48346 -22.167229 2771.4478
264.07233 -415.02835 2792.0974
334.3603 -850.6747 2801.0781
88.34649 574.9965 2727.649
98.82402 369.22534 2750.444
-81.77277 361.5116 2739.3623
-104.866295 74.41204 2762.003
-84.072136 -197.813 2673.4387
279.42075 376.93912 2761.526
351.93585 144.76778 2835.1907
379.4032 -106.4378 2775.1265
106.98774 170.95166 2755.4146
23.717247 -31.227407 2754.7744
6.6260185 -427.5686 2776.4136
-2.9661193 -831.326 2827.4082
206.58582 -23.416584 2765.9956
259.36545 -415.463 2801.1367
333.20572 -851.9765 2808.3936
85.54664 574.5398 2733.984
95.583824 368.00665 2754.8171
-85.19967 361.01855 2746.3867
-111.47164 70.36162 2765.0083
-93.52593 -201.00813 2673.69
276.36722 374.99466 2763.2476
350.5416 139.66435 2831.8042
376.83853 -110.25426 2766.0068
103.112656 169.54033 2757.877
19.120586 -32.463562 2756.669
2.48885 -429.14117 2771.6724
-4.085751 -828.6094 2820.551
202.1624 -25.388203 2765.2046
257.26263 -417.5572 2796.9219
334.03372 -855.5664 2800.3228
88.069984 574.2812 2730.2988
96.07954 368.09763 2753.5378
-84.752235 362.21106 2746.3774
-114.9403 81.12146 2767.337
-110.757545 -194.41396 2691.559
276.9113 373.9842 2760.6985
350.08856 139.78928 2831.3252
375.97278 -108.19979 2758.4814
102.3007 169.6531 2759.5642
16.978296 -31.77149 2761.9656
2.430635 -428.7283 2769.7803
-2.754459 -823.7498 2819.3577
200.06555 -25.811459 2769.2153
257.8769 -417.669 2800.5679
333.93988 -850.7582 2806.9517
90.76503 574.159 2723.0217
97.58097 368.76672 2749.5303
-83.205734 363.41064 2740.4624
-114.48528 77.074196 2767.6653
-120.79198 -198.76805 2691.4646
278.36765 374.1228 2758.5984
350.0908 137.46223 2829.3787
376.8723 -110.6112 2757.0579
103.00991 170.40721 2758.4565
16.929935 -30.663416 2762.7927
3.6871173 -427.6648 2771.924
-3.4718702 -822.2679 2819.1416
199.94757 -25.241287 2771.9727
258.68414 -417.12418 2801.3018
334.3318 -848.6355 2807.7043
92.24339 583.2529 2742.0774
97.28279 376.06448 2758.6824
-83.65703 372.88022 2751.2727
-111.87906 72.276794 2769.4055
-128.65543 -204.7505 2691.2295
278.2224 379.24884 2766.0923
350.45724 143.123 2824.62
373.78955 -106.43707 2756.3228
100.73486 177.50058 2759.7153
12.595493 -22.675278 2756.9973
0.3611627 -419.6492 2769.0115
-4.537744 -822.3616 2818.1045
195.77843 -19.451517 2764.499
253.89336 -411.2699 2795.8257
331.70724 -848.8537 2801.1318
