163.11365 599.7682 2633.7595
162.27682 387.7026 2664.1904
-7.989743 391.82147 2684.6372
-55.9672 110.36976 2724.2039
-30.120756 -182.29837 2683.009
332.54315 383.5837 2643.7437
406.59674 114.03647 2705.8748
452.10132 -170.89537 2656.0537
159.79126 176.43202 2686.0522
59.951485 -32.48342 2719.6052
59.227165 -445.69717 2818.982
34.01658 -791.5892 2762.605
254.66016 -37.193596 2696.2231
305.2845 -454.45535 2758.619
291.50644 -785.6116 2756.2388
165.33145 593.5702 2636.7812
165.51555 382.34515 2666.0789
-4.5424447 385.53488 2688.3833
-50.159073 110.82651 2726.463
-24.666729 -181.90329 2684.9812
335.57352 379.1554 2643.7742
410.29102 116.01196 2711.428
457.8194 -168.61017 2658.1956
164.23097 170.87213 2686.5273
65.725784 -38.77727 2719.7273
59.421272 -452.52832 2816.5828
35.44553 -794.163 2756.8384
260.16702 -42.42437 2694.2246
311.93686 -460.3945 2750.835
294.1465 -797.357 2752.2793
168.43262 594.4249 2637.8042
169.69774 383.3303 2667.2896
-0.6702148 385.6245 2687.1726
-40.455063 103.119644 2725.9075
-21.773088 -189.83258 2682.743
340.06564 381.03616 2647.4062
411.14975 108.509186 2709.7183
463.39478 -177.04828 2657.5024
169.16779 171.76794 2687.1602
71.23483 -38.482864 2718.3987
63.388634 -452.07965 2815.949
36.86047 -790.6366 2757.0364
266.0412 -41.10614 2695.663
310.23737 -459.4914 2755.3525
296.1918 -791.74756 2754.0837
172.77579 594.6015 2640.312
175.32571 383.67297 2668.4946
4.910975 384.62457 2688.1897
-33.146835 103.23279 2726.1274
-20.450054 -190.4088 2685.652
345.74048 382.72125 2648.7996
416.07556 103.75539 2708.3567
469.96954 -182.40164 2660.866
176.28058 171.97903 2686.9858
79.81503 -39.170822 2716.736
69.63793 -451.6025 2818.846
39.747692 -789.1556 2757.5159
274.65607 -40.25892 2694.218
318.16428 -458.58923 2755.2368
299.7733 -788.6847 2751.3708
176.10725 598.6166 2649.5786
180.5675 387.35724 2671.6367
9.985345 385.6721 2689.6045
-26.169966 101.23456 2725.4358
-19.473494 -192.87311 2686.9692
351.14954 389.04248 2653.6687
426.55948 107.89535 2707.6682
483.62448 -175.69936 2651.6985
184.15546 175.40599 2685.8213
90.2103 -37.5088 2710.2793
74.22121 -453.08972 2796.2075
40.986336 -787.5723 2754.1318
285.27646 -35.58167 2689.7327
325.09647 -454.33932 2750.464
304.69006 -790.08844 2746.92
183.88661 595.2226 2645.695
187.8929 384.44708 2670.5425
17.143408 383.4514 2687.031
-22.655558 101.35699 2724.1084
-17.576057 -193.49426 2691.5032
358.64233 385.44272 2654.0537
437.2738 112.9433 2710.8286
492.3238 -171.8083 2656.1199
190.62608 172.54468 2686.0503
95.747734 -39.926903 2710.9841
75.02588 -452.38928 2809.7708
36.79641 -788.0461 2762.0005
290.9709 -38.788467 2692.132
326.85135 -456.17416 2763.0789
299.21646 -797.5816 2753.572
189.67523 594.40076 2642.7563
193.2649 384.36603 2669.7136
22.51547 383.86755 2686.362
-20.42535 98.54501 2729.6775
-18.239977 -196.3962 2697.0989
364.01434 384.86447 2653.0652
444.13776 115.972404 2713.4124
497.98685 -170.1845 2666.2668
195.57213 172.58597 2687.0356
100.268074 -39.479084 2713.875
75.08084 -453.5445 2805.1477
35.668026 -783.36334 2761.542
295.49048 -38.909184 2694.8403
326.78665 -458.2016 2755.5762
299.27423 -789.8101 2758.297
196.61967 597.8285 2650.2888
201.0713 386.26147 2672.3843
30.22974 384.83102 2688.0215
-19.200272 94.26421 2730.8484
-18.497988 -200.97673 2698.2456
371.91287 387.69186 2656.747
452.5797 108.995 2714.7002
514.16516 -177.99455 2678.0547
204.0972 174.24112 2686.0498
109.45284 -38.59694 2708.655
85.03347 -453.3083 2797.862
41.261578 -785.5238 2754.6062
304.79358 -36.96136 2690.7754
334.5269 -456.8395 2748.9443
304.1754 -795.3966 2748.2285
205.21146 593.5434 2655.5544
210.17355 383.04752 2674.351
39.22905 380.84332 2688.7231
-14.58863 94.124084 2736.4312
-18.655125 -204.39351 2702.136
381.11795 385.25174 2659.9792
463.80038 111.00607 2716.3472
526.3421 -173.97281 2670.8677
213.81859 170.86871 2685.1658
119.73358 -42.57022 2704.197
89.60492 -458.63177 2784.7104
43.805218 -790.18146 2757.4575
315.19406 -40.049942 2687.764
336.44525 -459.29208 2753.182
306.3272 -800.75604 2749.1284
209.27399 594.64185 2648.1816
215.79863 383.89536 2672.5598
44.973633 381.15588 2688.2126
1.722668 92.04781 2739.7058
-18.767859 -205.70564 2696.3586
386.62363 386.63483 2656.9072
475.91766 114.51778 2719.176
536.0299 -171.98965 2684.8574
220.61539 172.06331 2688.0532
127.77055 -41.334927 2712.4954
89.031044 -460.3045 2763.3848
47.288124 -779.8738 2766.257
323.09357 -38.20262 2694.5977
334.34653 -457.64285 2761.1335
302.35226 -800.482 2750.3987
215.8765 592.7761 2652.999
222.462 381.96722 2674.8054
51.667896 379.47 2690.8872
9.857734 93.02645 2741.8516
-14.2248335 -204.89919 2706.07
393.25623 384.46445 2658.7236
482.95572 115.25615 2723.5898
541.4787 -172.1939 2694.2
226.78033 169.93054 2687.7422
133.45746 -43.533714 2709.8728
88.99382 -464.02856 2739.0251
49.29538 -775.2618 2743.3572
328.74 -40.67847 2691.485
341.06668 -461.3117 2750.0417
299.85504 -806.13245 2741.1768
219.73294 592.1632 2655.9058
227.81818 381.1368 2676.4092
57.08274 377.94446 2692.9968
14.428106 94.0148 2748.4253
-12.663711 -202.70241 2715.139
398.55362 384.329 2659.8215
489.97668 117.62623 2726.7915
551.23663 -170.61913 2693.0583
232.92949 169.02818 2688.1992
140.43074 -44.905476 2709.4727
91.24263 -465.93402 2720.3857
56.783665 -779.4016 2728.0881
335.65088 -41.255367 2690.506
345.5714 -461.4809 2752.8428
301.5159 -802.9066 2747.1665
227.80167 589.45294 2647.8635
234.94022 379.4566 2674.532
64.25021 377.48062 2691.738
16.223984 92.001625 2755.227
-6.321809 -205.89832 2727.0686
405.63016 381.43256 2657.326
498.9957 118.319466 2726.8862
566.8841 -169.53806 2695.2405
239.01495 167.63951 2690.63
145.50356 -45.307224 2716.5647
94.79457 -465.83096 2702.4563
62.478252 -777.91565 2703.839
340.67606 -43.047874 2696.8909
345.1932 -463.09195 2761.1855
300.3294 -801.95807 2757.4583
232.88116 590.7478 2643.8406
239.82639 380.71753 2674.4324
69.107605 379.05795 2691.4211
17.61066 93.00219 2768.6162
1.7581507 -204.5659 2731.8923
410.5453 382.3772 2657.4434
504.4962 117.6584 2723.4417
576.4709 -169.73697 2703.7722
243.75507 169.10709 2693.2383
150.08447 -43.452137 2721.7566
100.89951 -461.99344 2679.7666
72.77391 -771.9056 2662.0698
345.2827 -41.554497 2702.3318
344.56064 -462.83313 2757.512
300.7513 -801.08624 2750.4683
238.15355 592.6179 2641.3298
245.32938 381.99387 2674.7368
74.571625 380.3231 2691.348
18.303251 92.002846 2773.3086
10.333126 -206.87575 2736.8657
416.08713 383.66464 2658.1255
512.24585 117.32751 2722.7217
581.8999 -170.29825 2711.598
249.41559 170.55148 2695.4744
155.87926 -41.846077 2725.7087
105.504364 -457.76337 2662.2737
80.395706 -770.27344 2619.8914
351.12418 -39.935688 2706.7153
348.4448 -462.01404 2755.6816
302.41217 -795.1717 2750.896
243.76266 591.986 2649.0698
251.24275 381.44745 2677.5159
80.61233 378.69672 2695.2002
22.642258 95.50978 2777.16
19.85287 -206.57738 2737.9346
421.87323 384.1981 2659.8315
519.112 118.65433 2723.3486
583.2043 -170.80081 2710.1182
256.43057 169.72311 2694.6396
164.06462 -43.57382 2721.874
114.27747 -453.08423 2627.3833
91.987854 -764.66656 2564.6343
359.1722 -40.42851 2701.6528
349.826 -462.43985 2750.5361
303.3357 -800.38916 2739.693
247.66978 592.62134 2654.4402
255.7167 382.139 2679.7522
85.250916 378.91266 2698.8606
39.890553 98.9882 2775.9495
38.89154 -204.8995 2758.3323
426.18262 385.36526 2660.6438
524.0468 119.81908 2725.6692
584.2901 -170.98965 2710.006
261.39105 170.24268 2694.5957
169.60727 -43.498096 2720.3638
119.48314 -448.2757 2605.8638
99.45097 -745.888 2516.7334
364.5235 -39.80897 2698.5146
347.6289 -461.64645 2746.8171
305.00836 -792.83307 2744.7378
248.25037 592.9451 2647.6282
257.98383 382.783 2678.335
87.549965 379.28946 2697.724
48.740364 101.708824 2777.5576
48.470303 -202.823 2777.8228
428.4178 386.27652 2658.946
528.0263 120.91192 2724.8364
584.41797 -171.85753 2706.1648
264.4062 171.19234 2696.6636
173.3928 -42.395615 2726.0767
125.558876 -442.71613 2594.8457
106.24887 -728.3747 2474.3386
368.26395 -38.401176 2703.9075
347.87836 -459.58746 2756.585
301.57782 -796.3224 2753.332
248.09294 594.12177 2644.5203
259.76926 384.23172 2679.6338
89.239006 380.0747 2698.02
64.90865 110.053986 2784.1206
72.04146 -193.09642 2813.8762
430.29944 388.3887 2661.2473
530.2555 122.47671 2727.7117
583.81226 -171.8739 2700.221
267.21884 172.92703 2700.954
177.17725 -40.754192 2732.786
135.44101 -417.1238 2544.1682
115.901726 -693.946 2351.8445
372.15985 -36.001087 2711.7632
347.62177 -458.33444 2752.0403
299.92966 -786.6354 2756.6465
250.10588 592.7241 2652.6785
260.3832 382.34448 2683.6812
90.34639 378.90872 2705.966
73.131676 115.07633 2786.9797
94.414406 -187.20271 2820.2952
430.4199 385.78036 2661.3965
530.5887 125.70486 2725.8716
586.7703 -168.34395 2693.5984
266.99716 170.70946 2701.518
176.37509 -42.890354 2732.0984
134.07051 -405.23486 2517.8828
119.508545 -682.8203 2291.1382
370.84717 -38.960793 2706.6113
343.64224 -461.3561 2744.8638
294.54062 -798.1764 2746.8416
250.17935 596.1743 2665.253
261.9878 384.9172 2688.3289
91.85355 379.5434 2709.5417
77.51716 114.16696 2791.237
115.044136 -186.80058 2793.9587
432.12204 390.29105 2667.116
530.3109 128.36656 2723.417
587.23486 -165.73389 2685.5063
270.2165 173.0036 2700.642
181.18416 -41.982037 2725.082
144.74681 -382.85364 2478.5784
127.97824 -659.41486 2229.3867
375.70633 -35.837887 2700.8286
349.4929 -458.0934 2741.5015
301.8528 -789.00336 2745.204
249.45628 592.8881 2662.0454
263.15063 382.4744 2688.401
92.80934 375.93964 2707.551
86.27448 113.19703 2789.884
124.586426 -188.742 2784.5647
433.49188 389.00916 2669.251
531.6411 129.66985 2726.7266
597.2907 -164.11362 2687.1655
272.9467 170.76508 2703.294
185.35909 -44.680054 2729.135
146.2995 -366.68417 2458.3655
130.25987 -636.3676 2193.7607
380.1264 -37.208244 2707.239
355.93842 -458.30048 2758.573
301.87698 -792.9271 2751.8875
250.12666 589.8794 2659.9353
265.171 379.76572 2687.953
94.66073 372.62296 2705.377
91.36426 112.58156 2790.4429
126.99319 -190.26642 2792.982
435.68124 386.90842 2670.529
531.3125 132.32762 2731.3699
604.5796 -160.75589 2691.1047
275.72708 168.1899 2704.5215
188.80585 -47.469273 2731.051
147.54408 -344.22543 2433.5945
132.00305 -607.61633 2147.7559
383.7606 -39.302494 2711.1292
348.02908 -460.16797 2756.181
298.88068 -791.88043 2752.1223
251.30867 589.59424 2659.3767
267.07047 379.3894 2688.992
96.570145 371.7371 2706.4258
93.70318 113.84315 2792.992
127.24774 -189.61029 2792.0
437.5707 387.04178 2671.558
537.15686 136.1634 2730.186
609.57983 -158.52428 2698.0408
278.30594 167.8655 2706.0276
192.0725 -48.032936 2733.0295
150.62614 -317.32803 2410.7659
131.55672 -578.4729 2103.3926
387.01028 -39.283787 2713.097
345.7797 -460.52747 2749.098
297.37787 -789.8786 2749.5813
251.17061 591.68823 2668.5898
267.89737 381.38785 2692.1
97.65496 372.3598 2711.2444
94.87797 113.54789 2791.7742
128.36201 -190.05103 2786.6938
438.1398 390.4158 2672.956
543.0558 133.5617 2729.0718
615.2238 -162.34976 2700.212
280.51654 169.66231 2704.4734
195.80312 -47.22483 2727.792
152.30461 -283.06744 2381.1619
134.38013 -546.64594 2055.968
390.46857 -36.90168 2705.9014
346.35864 -458.3543 2736.8284
298.51675 -795.06696 2737.1116
250.65729 590.9386 2673.7004
268.18185 380.3062 2693.705
98.17972 370.69324 2714.621
95.51212 113.08861 2789.9414
129.1622 -190.41084 2795.5674
438.18387 389.9192 2672.7893
548.0102 130.765 2732.5283
618.82574 -165.74622 2704.3623
281.25058 168.42726 2702.5469
197.12811 -48.9475 2723.3464
150.92377 -254.31088 2357.8738
135.1644 -519.438 2022.1733
391.51062 -37.95597 2699.431
343.75128 -458.56137 2736.3147
297.1004 -799.2871 2740.681
250.31355 591.21423 2675.2546
268.72092 380.38745 2694.4478
99.001564 370.36713 2717.3591
95.64518 107.17531 2785.7117
125.581154 -196.868 2789.0496
438.44012 390.40778 2671.5361
552.0027 127.88033 2733.2607
622.3969 -168.29028 2714.031
282.36508 168.4962 2702.8486
198.97849 -49.12383 2724.3484
152.26904 -223.43526 2342.9148
137.79022 -487.02417 1996.8168
393.0401 -37.666344 2698.151
342.16412 -458.11395 2733.2966
296.57462 -791.3339 2744.7961
251.6109 586.5182 2677.0273
271.02155 375.57504 2694.7908
102.002655 365.1444 2721.9727
96.158134 104.390205 2784.0334
125.742805 -199.7879 2785.2075
440.04016 386.00565 2667.609
550.99023 128.93076 2733.122
619.8488 -165.78801 2719.3464
285.3014 163.6775 2702.272
202.92737 -54.18477 2725.297
153.6741 -199.48611 2331.807
141.91998 -461.48367 1971.8596
396.23517 -42.255207 2694.2092
334.84793 -461.68903 2722.154
296.72116 -799.40125 2742.0999
253.00467 589.4889 2676.9155
273.37473 376.07147 2693.0735
104.72042 364.7958 2722.2322
96.62166 98.09536 2782.1702
121.61769 -206.50917 2782.143
442.02917 387.34702 2663.9148
555.4966 131.96722 2731.0552
619.6253 -163.2244 2725.7659
288.87323 164.26271 2700.811
207.9617 -53.991585 2725.217
157.72937 -168.86163 2321.758
146.00703 -424.51367 1948.3876
400.7817 -41.10039 2691.8804
331.1801 -459.10156 2722.3613
297.34537 -790.75354 2744.6958
252.86519 586.30975 2676.8599
275.03638 373.92874 2693.6816
106.997696 362.15173 2725.9858
96.55894 86.22199 2781.0942
123.79914 -218.1908 2777.837
443.07492 385.70566 2661.3774
561.74255 130.47926 2728.021
623.61554 -166.93962 2730.0906
291.2454 162.14642 2700.789
211.38156 -56.3691 2726.366
157.62329 -149.92549 2317.167
146.42819 -393.73047 1928.3853
403.52747 -42.902584 2689.4272
330.18146 -460.7079 2713.8105
295.12054 -793.7565 2744.5708
254.8917 588.9175 2677.838
277.3786 376.71 2694.649
109.46017 364.92227 2727.701
90.98771 80.80259 2795.1082
124.75219 -219.12059 2759.7244
445.2969 388.49777 2661.597
561.3725 133.24083 2727.01
621.0154 -165.92859 2731.1277
293.76813 164.96071 2702.396
214.17166 -53.52668 2729.0364
159.93317 -126.71833 2315.3374
145.29056 -362.33197 1912.7972
406.14355 -40.0504 2691.25
337.69693 -458.65195 2717.0635
293.8191 -791.1258 2748.3394
256.805 589.3897 2678.327
279.61743 377.65686 2695.0186
111.758255 365.19156 2728.19
92.36481 88.86606 2789.9358
120.98443 -213.50128 2772.699
447.47662 390.12216 2661.8472
562.6866 133.12033 2723.5054
620.32526 -167.43828 2716.5486
296.88876 165.98073 2702.8726
218.20091 -52.821415 2729.6895
161.7993 -114.94433 2313.8909
146.79431 -346.8814 1898.7136
410.11914 -38.569454 2691.7637
344.0596 -457.8266 2713.2432
296.5592 -787.00854 2747.276
261.36203 591.1538 2678.5747
284.03842 379.26913 2695.0798
115.93522 366.1818 2726.7417
94.49205 89.54837 2786.6938
110.88387 -214.3737 2772.41
452.14154 392.3564 2663.4177
561.84644 132.06311 2720.2546
619.093 -168.3337 2703.4114
301.84576 167.60915 2702.1365
223.54738 -51.532867 2727.2947
165.06801 -110.50441 2310.8936
145.72893 -337.50473 1888.1356
415.75912 -36.56864 2691.0918
348.70514 -455.71857 2712.4106
298.43164 -789.244 2744.2097
263.19754 590.2846 2669.2004
286.2677 378.63535 2691.9185
117.75441 365.3659 2721.1824
95.63684 84.22575 2787.3232
103.69461 -220.53236 2775.8818
454.781 391.90482 2662.6545
562.8987 132.0078 2717.1338
618.39233 -168.70914 2696.0464
304.78857 167.22612 2702.708
226.96402 -51.769688 2730.2288
163.6426 -112.15534 2314.5376
142.60083 -340.6356 1891.198
419.6552 -36.596367 2696.766
350.22787 -455.3273 2718.9883
295.2918 -798.14874 2751.1113
266.47653 589.66595 2673.0076
288.37247 377.56717 2693.4958
119.76049 365.01663 2722.5723
96.30672 81.41157 2787.9802
100.27507 -223.82304 2781.4463
456.98438 390.1177 2664.4192
562.45044 130.50496 2717.0693
617.14624 -168.73091 2688.9927
305.6632 165.96065 2702.4255
226.56348 -52.820602 2727.9775
160.10872 -121.44469 2314.0225
138.2117 -353.73618 1890.8757
419.34457 -38.47097 2694.7332
347.1056 -457.0051 2708.8545
291.92014 -798.445 2743.6804
268.38538 587.0109 2675.4087
289.53806 375.15594 2693.6475
120.679794 362.8174 2721.362
96.49902 86.5632 2785.436
98.52553 -218.52287 2793.067
458.3962 387.49442 2665.9329
561.73193 129.25903 2720.533
615.2616 -168.19676 2679.3171
306.1824 163.4234 2700.7944
226.28998 -55.362995 2723.786
158.27588 -131.81697 2311.424
138.04056 -377.88504 1900.3693
419.36337 -41.255077 2692.097
334.87375 -457.3972 2704.8015
293.12506 -792.5695 2746.7249
270.84573 588.5711 2676.6133
291.23212 376.4805 2693.6758
122.3416 364.25278 2721.2817
97.14871 79.56872 2784.6191
94.76421 -225.77344 2785.9114
460.1226 388.70828 2666.07
562.3666 128.12982 2719.2673
612.9071 -167.65024 2668.3516
307.54205 164.67729 2699.642
227.29945 -54.116467 2721.3901
153.47276 -148.40285 2314.1113
138.6572 -399.42883 1918.887
420.40417 -40.135563 2689.8264
331.26678 -454.6315 2715.1143
293.58884 -796.2699 2744.4126
273.46252 584.0934 2669.2158
293.6677 372.97617 2691.0496
124.45272 360.9362 2716.6184
96.356514 79.39505 2787.211
97.393326 -225.18732 2771.0208
462.8827 385.0162 2665.4807
559.66473 130.5477 2720.6326
607.4081 -163.2334 2663.0977
310.12134 161.31844 2700.274
229.8284 -57.22307 2724.117
153.7113 -175.30867 2324.0115
137.35545 -431.44434 1943.8668
423.32178 -43.45553 2694.8796
332.20624 -457.18707 2726.673
296.68793 -801.0149 2747.8948
272.25406 581.5191 2655.0332
294.5603 371.47177 2686.0159
124.86821 358.77975 2707.4927
96.11642 81.35281 2782.4028
98.36117 -223.64896 2767.831
464.25244 384.1639 2664.5388
561.25464 127.69941 2717.844
589.3764 -165.60986 2655.1653
312.3917 160.44743 2702.1968
233.18463 -57.834892 2730.6592
155.68498 -190.92061 2335.3354
135.78145 -458.77066 1973.6133
427.26157 -43.31894 2706.0962
334.28207 -457.03796 2733.4648
298.35196 -798.7177 2752.1348
272.25027 589.5973 2658.9268
294.64136 379.28717 2687.0212
124.91627 365.546 2707.7786
95.884476 83.96277 2777.6191
98.97794 -221.30814 2765.5464
464.36624 393.0284 2666.2642
559.13153 123.853 2715.4192
580.6836 -167.88219 2653.9456
313.47443 168.15224 2701.2432
235.28839 -50.837482 2727.3303
154.66968 -202.19035 2339.345
131.87543 -481.03864 1994.686
429.32663 -35.12791 2703.5996
336.0101 -449.29312 2716.714
297.38083 -787.76776 2739.9497
273.84875 596.2212 2658.3716
296.24625 385.81027 2685.7632
126.50549 371.74274 2706.308
96.72291 91.29195 2774.8337
95.579315 -214.11513 2764.433
465.987 399.87784 2665.218
557.5664 121.426704 2711.2087
577.6009 -169.06367 2658.3198
315.38614 174.61848 2699.288
237.49329 -44.615005 2724.5576
153.78532 -227.35815 2352.1777
131.11218 -511.79538 2027.7323
431.55872 -28.531506 2701.0686
340.77765 -443.46945 2711.8777
299.3588 -787.3837 2741.6907
277.18848 601.8415 2659.0938
298.47842 390.71564 2685.5286
128.63054 376.87048 2705.3872
96.98776 99.10324 2772.2063
95.351105 -205.90814 2754.0962
468.32617 404.56082 2665.67
557.28253 119.21338 2711.103
578.36597 -169.40494 2672.6013
317.2888 179.47931 2699.1392
238.99971 -39.672043 2724.1025
148.53284 -253.07352 2370.8372
125.96189 -542.566 2066.2976
433.19824 -23.841974 2701.397
349.2429 -439.8958 2719.9868
297.69986 -789.3006 2744.4397
278.4884 605.2872 2667.9546
299.53992 394.01016 2688.275
129.66092 379.803 2707.6396
96.00214 99.54656 2771.6064
87.659805 -203.67766 2744.3667
469.41895 408.21735 2668.9102
558.1476 115.61293 2713.5469
579.20465 -170.62086 2679.935
318.22025 182.55052 2697.0095
239.78165 -37.03129 2716.815
145.96667 -281.6511 2385.9521
119.00956 -575.11365 2096.0898
434.01938 -20.786955 2694.6736
350.83282 -437.0128 2715.0928
298.35233 -787.93976 2739.3325
279.13943 606.9268 2664.8865
300.13022 395.71158 2686.928
130.12875 381.44257 2705.1313
96.87074 107.609146 2768.069
88.139175 -195.45882 2742.4607
470.13156 409.98053 2668.7246
560.0676 113.300476 2716.2744
580.2592 -170.60797 2688.4316
319.01886 184.33728 2697.6406
240.716 -35.194706 2718.7603
144.07074 -309.83154 2413.7173
115.041626 -608.54443 2142.637
435.09912 -18.879217 2697.9463
356.1188 -435.21942 2728.4631
296.33722 -793.58716 2751.799
280.03986 608.71387 2662.851
300.8514 398.32144 2684.8596
130.61688 383.9682 2700.4827
97.49497 112.036064 2764.338
89.956 -190.45554 2734.0667
471.08612 412.67474 2669.2366
560.5336 111.149994 2719.6362
579.87415 -170.19939 2688.6553
319.66116 186.92003 2695.5977
241.13745 -32.68806 2715.2683
141.58217 -330.01456 2432.5876
110.97986 -633.6803 2183.8528
435.80438 -16.27477 2697.403
358.92972 -432.84586 2731.1045
294.8427 -793.1454 2748.2192
280.6843 606.47644 2661.334
300.5703 395.88193 2683.257
130.2041 381.54242 2697.4548
97.58314 116.77979 2759.7173
90.35398 -185.23193 2725.5806
470.93646 410.22147 2669.0596
560.7649 109.57317 2721.8179
580.14594 -170.09589 2690.3696
319.29956 184.48924 2694.4956
240.63228 -35.101093 2713.8508
141.05058 -353.93076 2455.3281
105.26547 -669.5072 2232.2566
435.4251 -18.705708 2697.6174
356.1386 -434.7349 2732.9797
295.69852 -798.305 2748.0955
281.52237 606.4859 2661.075
300.7273 394.67514 2681.7656
130.27554 380.24078 2694.8606
94.10536 114.8949 2755.3289
87.20492 -187.22792 2722.2527
471.17905 409.1096 2668.671
560.38477 106.78887 2721.9097
580.81665 -171.2374 2692.1602
319.4372 183.23724 2692.2397
240.70155 -36.452686 2710.2
139.33504 -372.05814 2473.8613
99.4643 -698.39685 2280.186
435.59274 -19.948662 2695.2275
359.2651 -436.12543 2735.0781
296.70084 -796.18134 2746.5515
281.11978 598.13043 2660.9448
299.9527 387.55365 2679.9805
129.43828 373.30646 2692.5188
91.47737 112.1904 2750.8308
82.44136 -190.5476 2726.1462
470.46725 401.80093 2667.442
560.19507 104.896935 2720.4546
580.31854 -171.63823 2689.2144
318.26758 176.0048 2688.6694
239.10088 -43.689137 2704.5266
134.02652 -392.94885 2490.0051
94.59574 -731.2603 2329.7444
434.06378 -27.399097 2690.1904
359.05695 -444.19165 2726.0505
295.73376 -796.91895 2747.4338
281.75143 593.67993 2659.8796
299.95337 383.24442 2677.9092
129.24826 368.90994 2686.65
86.59043 102.58658 2749.5105
71.705025 -199.88716 2724.3904
470.65866 397.57892 2669.1687
555.1088 102.45935 2718.7256
580.31714 -170.99652 2690.3774
318.11115 171.6369 2685.4985
238.65344 -48.16767 2698.086
128.81358 -410.75833 2509.8564
89.14947 -748.9919 2381.268
433.88422 -31.773766 2688.0896
356.01877 -447.05264 2733.2083
295.44736 -799.1077 2750.636
280.85962 595.67975 2657.8477
299.64145 385.23163 2675.721
128.8411 370.96036 2682.8591
83.475235 97.269226 2744.4617
63.02095 -205.32849 2727.006
470.44202 399.50284 2668.5825
553.0551 101.23019 2718.8628
580.64136 -170.50194 2692.2107
317.6361 173.60132 2683.1821
237.99161 -46.18726 2694.724
124.39099 -423.06186 2541.6685
82.10148 -761.285 2432.4956
433.26987 -29.870756 2686.5627
355.30017 -444.4453 2737.8052
293.2099 -796.9569 2750.3418
280.06802 598.2965 2657.3335
298.5818 388.0154 2673.275
127.73889 373.90198 2680.0557
80.15077 99.632164 2740.424
61.515865 -203.28008 2724.9077
469.42465 402.1288 2666.4944
548.5286 102.61555 2715.4333
582.08026 -170.69 2698.932
316.33606 176.33987 2680.0195
236.42668 -43.40364 2690.6404
115.852295 -429.0197 2566.9731
73.83573 -777.8477 2474.8447
431.7542 -27.267561 2682.8877
349.57306 -439.12442 2746.6418
291.87598 -799.8282 2746.7612
277.89124 602.7924 2648.5747
296.77817 392.6435 2668.7124
125.89374 378.4999 2674.409
78.24007 101.57342 2734.1782
58.614098 -201.29178 2717.91
467.6626 406.7871 2663.0159
540.7574 104.801155 2713.7166
582.16003 -170.2603 2698.9045
314.59308 181.07333 2677.8262
234.71454 -38.582573 2690.1965
109.89125 -431.206 2595.5356
64.99111 -784.49445 2522.019
430.10138 -22.411024 2683.6833
347.29327 -433.0402 2754.6245
293.53784 -793.3593 2754.0134
274.22882 599.47565 2635.1978
293.93616 390.06348 2661.9868
123.03039 375.6268 2665.9248
77.35557 105.120865 2726.309
57.64048 -197.83746 2711.445
464.84198 404.50015 2658.0486
535.8537 107.87697 2712.364
581.48663 -169.68022 2694.2634
312.10577 178.86792 2676.2917
232.5651 -40.58126 2692.8484
105.488174 -438.0504 2622.652
55.207783 -798.15265 2562.883
427.98553 -24.07386 2688.3452
342.5901 -431.28824 2773.5146
292.48907 -809.7735 2751.7705
270.46213 599.1262 2619.008
290.82947 390.5833 2654.2725
119.97572 375.4945 2658.2935
76.419876 102.84313 2721.2114
55.88386 -200.11389 2707.1646
461.68332 405.67212 2650.2515
532.42773 112.93994 2713.6926
575.6592 -164.8221 2686.2944
309.90585 180.03307 2674.7407
231.30739 -39.143272 2697.5078
100.656555 -437.9727 2637.375
46.94318 -796.12463 2599.7712
426.65707 -21.891144 2692.9102
337.88693 -429.48462 2773.3845
294.00513 -801.88226 2754.1194
268.24634 597.89624 2612.4136
288.41647 390.023 2650.3164
117.54198 375.07986 2654.1785
75.60775 104.39261 2716.806
54.723804 -198.5202 2702.1462
459.29108 404.96613 2646.4543
529.21277 109.46898 2714.846
559.9203 -169.29428 2680.3623
307.33252 179.67766 2673.3757
228.5608 -39.21066 2698.6428
91.49157 -437.55618 2647.4087
38.357857 -793.8491 2636.1848
423.93652 -22.124887 2694.227
335.52185 -430.44965 2771.86
293.44107 -802.26587 2749.0989
265.93088 598.8933 2616.6182
286.2406 389.9011 2650.2415
115.41753 374.1454 2652.4924
75.2897 104.10829 2714.6055
54.03162 -198.95891 2706.5342
457.06366 405.65674 2647.9905
525.6209 107.248276 2708.42
551.6106 -172.20032 2676.6704
305.92822 179.28624 2670.107
227.95087 -40.33659 2691.2593
90.76398 -439.983 2649.3352
36.94391 -783.0163 2659.1409
423.2807 -22.320557 2688.6853
339.1304 -431.19513 2768.321
296.9256 -801.2124 2743.848
263.05618 600.2397 2619.2192
283.71484 390.97253 2649.7507
112.93134 374.68753 2650.2349
73.028595 108.31952 2712.6055
50.35072 -194.73363 2708.3394
454.49823 407.2575 2649.2666
523.82117 105.13467 2705.21
545.6731 -173.27501 2666.5835
303.86456 180.18362 2667.4053
226.37384 -39.915718 2685.3367
84.36653 -438.9855 2673.3164
29.17946 -775.53345 2683.34
421.6548 -21.29476 2684.783
332.7561 -429.14944 2764.5715
296.65353 -793.47687 2748.286
262.3519 606.4 2620.0088
281.8199 396.42706 2648.1482
111.00674 380.85327 2645.6646
65.22924 113.31508 2714.3362
38.672108 -189.38919 2716.3347
452.63312 412.00082 2650.6318
521.9187 105.57435 2701.097
540.16595 -170.82251 2658.0237
300.81546 185.43117 2664.7812
222.145 -34.469307 2679.9941
77.6934 -432.7685 2690.32
18.13802 -778.0373 2704.788
417.47717 -16.66 2682.8345
330.4314 -425.10855 2761.7852
292.4502 -799.61255 2747.142
257.6257 610.95966 2619.908
275.58844 399.91626 2647.5093
104.71192 385.2543 2643.6067
57.19144 119.73031 2714.0723
27.413322 -182.62654 2720.4307
446.46503 414.57825 2651.4119
512.963 105.789955 2701.0461
537.223 -169.00465 2653.8777
293.35028 188.73314 2663.209
213.42613 -30.83197 2676.6777
70.53861 -429.55768 2700.4158
11.946291 -780.6093 2720.757
408.7983 -14.068135 2681.14
323.67612 -422.29166 2763.3064
287.63577 -804.52686 2748.8618
251.20259 605.11176 2612.3638
268.57355 394.57974 2643.761
97.73418 379.52252 2639.2761
48.368465 123.66932 2716.6038
23.431452 -179.01767 2726.682
439.4129 409.6371 2648.2458
509.47623 98.39014 2700.027
529.7152 -176.30388 2636.8455
286.66385 183.70053 2662.6504
207.09067 -35.786446 2678.9758
67.983475 -434.33954 2721.071
12.504193 -789.0784 2735.8386
402.41788 -18.57089 2684.1038
317.87476 -426.48215 2768.4536
288.76196 -811.06134 2754.248
245.67424 596.7367 2618.5903
261.74564 386.7601 2644.2388
90.84958 372.31168 2639.677
41.95574 121.67428 2717.9475
17.590263 -180.96542 2731.431
432.6417 401.20844 2648.8003
503.2382 95.19575 2697.0188
517.6962 -187.85483 2646.7742
279.2005 175.53944 2659.3271
198.95628 -43.94111 2671.8079
64.29208 -443.21317 2723.3699
10.294854 -792.2134 2735.5994
394.3545 -27.421204 2677.0234
310.9804 -434.93225 2764.415
288.50964 -808.632 2747.562
240.0851 601.81525 2620.201
254.90628 391.21942 2644.076
83.978035 377.48367 2638.602
37.453316 116.67613 2718.947
8.773729 -185.74326 2726.108
425.83447 404.9551 2649.5496
498.62128 93.09963 2697.0088
506.95068 -194.99117 2645.2585
271.4394 179.8382 2658.2363
190.25157 -39.39576 2669.2673
54.188206 -434.5381 2742.1873
8.509904 -780.4844 2744.8406
385.69315 -23.690144 2675.5261
309.16333 -428.86447 2777.4043
287.12476 -800.6595 2750.3274
234.2969 599.9926 2610.5068
248.41191 389.7359 2639.8848
77.446846 376.73517 2633.7666
29.144007 121.32967 2718.4355
-0.47274134 -181.0888 2724.447
419.377 402.7367 2646.0032
483.30527 92.54371 2695.4963
501.68112 -198.84961 2645.387
263.83853 178.55278 2657.559
181.52374 -40.06294 2671.7354
47.81649 -434.27448 2754.9714
9.375627 -789.18304 2754.1594
377.00635 -25.197777 2678.7312
307.97116 -429.0129 2790.7375
286.2052 -803.7017 2755.6204
231.1065 600.9379 2615.6716
240.35176 389.78445 2640.6516
69.15689 380.88385 2634.9294
17.462204 119.50135 2718.7727
-8.902297 -183.04271 2730.0007
411.54654 398.68497 2646.3738
475.14563 93.76968 2696.7832
489.48633 -200.9346 2651.487
250.85754 178.13785 2655.5486
163.46356 -38.598698 2667.1733
37.531002 -434.95248 2753.2732
-0.0023309228 -788.29 2748.7888
359.26303 -28.41888 2673.718
294.703 -435.56384 2776.0227
276.70844 -801.3207 2751.1926
222.42134 596.584 2617.768
229.31291 385.03534 2639.4495
57.960983 378.2713 2637.1584
8.923756 120.487526 2713.166
-14.799612 -182.37344 2722.3926
400.6646 391.79922 2641.7407
466.5465 95.8649 2698.4285
476.9931 -203.09163 2661.8523
237.51414 173.09973 2651.7646
147.74036 -42.703274 2662.7698
38.127 -442.74286 2753.193
3.2857895 -793.4819 2752.7468
343.69055 -34.968292 2665.39
291.4874 -437.77652 2787.7944
277.1859 -802.0997 2748.7803
216.04802 595.0101 2621.7825
221.01164 383.173 2639.6226
49.613197 377.97015 2635.6904
3.1508164 117.560165 2707.5942
-19.287846 -185.42697 2716.9053
392.4101 388.37582 2643.5547
456.2873 95.94528 2695.2168
468.71704 -203.43004 2656.232
227.24612 170.99963 2648.605
135.50327 -44.14784 2655.3398
43.2314 -444.36322 2761.271
9.795272 -790.12177 2751.6143
331.45792 -38.199642 2659.8352
288.29254 -439.69254 2790.6226
280.17285 -801.0186 2749.983
209.70305 593.0004 2623.2961
213.99136 381.70212 2638.8105
42.590813 377.16 2633.5337
-4.287648 117.07034 2706.707
-30.214787 -185.68098 2708.5059
385.39197 386.24426 2644.0874
442.97232 104.836365 2691.1157
454.2714 -196.06992 2679.1382
219.38228 169.42105 2646.4272
126.79342 -45.456432 2651.0276
46.37592 -443.21707 2774.1848
11.810252 -788.654 2754.713
322.75314 -40.26352 2657.0605
287.39697 -444.85605 2780.9849
282.9641 -795.9508 2757.51
202.85185 594.9483 2622.5557
205.8114 382.78674 2638.152
34.379665 379.29346 2632.6685
-16.656097 116.81793 2706.2615
-38.994286 -186.24934 2704.8896
377.24304 386.28012 2643.6355
435.4853 100.919205 2687.0579
439.12378 -198.3004 2668.7305
209.91183 170.4414 2645.2363
116.01091 -43.901047 2649.1858
44.190426 -440.5148 2781.9749
9.977498 -786.6196 2756.6733
312.01364 -39.90699 2655.4553
280.26636 -442.77557 2786.2766
282.58475 -800.5845 2754.5413
198.21788 598.47015 2620.6873
199.38089 385.71747 2636.546
27.922113 383.00366 2631.2188
-28.887169 122.32141 2708.2822
-42.059185 -180.77887 2696.3303
370.83963 388.43127 2641.873
424.61942 108.70808 2690.293
441.0004 -189.48044 2680.8745
202.48338 173.39224 2644.854
107.56619 -40.48436 2650.1167
47.081394 -436.49454 2790.5264
11.938035 -785.6714 2757.689
303.60562 -37.38151 2656.2075
280.53836 -439.58038 2790.9763
284.75287 -796.44446 2760.3271
187.42757 596.0311 2623.25
189.13509 383.77383 2636.5933
17.631632 381.00577 2634.4587
-33.494415 121.982994 2702.0784
-45.304287 -181.28354 2688.4734
360.6385 386.54193 2638.728
411.29285 103.83977 2691.6445
428.50168 -189.1898 2663.024
192.48251 171.38692 2643.062
97.76652 -42.582756 2648.31
42.56903 -436.57715 2796.836
8.892195 -793.64294 2754.0728
293.8933 -39.417294 2650.7512
275.43353 -441.79663 2786.012
283.36722 -800.0204 2751.329
182.46649 601.7722 2612.0356
183.32864 389.74158 2633.1216
11.799109 387.40506 2632.8926
-35.79656 117.72502 2697.2078
-52.84543 -185.43768 2686.1592
354.8583 392.07806 2633.3506
401.55862 110.70997 2686.9648
414.32086 -181.8963 2675.8872
186.20079 177.67986 2645.4482
91.01201 -35.71756 2657.644
41.95853 -431.6495 2803.5547
11.592531 -788.399 2762.7756
287.13403 -33.046032 2657.9058
278.53546 -433.1937 2800.2627
286.3135 -789.12836 2766.0496
178.15747 600.33514 2615.9268
178.71236 388.07037 2634.0898
7.195969 385.50598 2631.9285
-39.38611 109.85305 2698.6057
-60.81878 -192.1649 2681.2703
350.2287 390.63477 2636.2515
396.3271 115.54166 2682.5293
406.4745 -176.56567 2667.1199
181.75652 175.86386 2644.2932
86.7454 -37.808655 2653.2607
39.22264 -436.61093 2791.8267
12.884789 -794.2388 2746.8389
282.85587 -34.876564 2655.7322
276.77774 -437.60608 2790.9128
287.7145 -793.56604 2758.2676
171.92194 600.6109 2619.3718
172.12329 386.98495 2634.9675
0.59024674 384.6714 2632.8535
-48.23145 113.37488 2695.6206
-71.09623 -187.97617 2673.2786
343.6564 389.29852 2637.0818
393.16324 104.2706 2683.2659
396.80157 -186.92503 2658.7468
174.8823 174.67802 2643.4502
79.581726 -38.95146 2650.724
35.382442 -438.03983 2789.8354
9.900063 -793.7223 2748.075
275.70084 -36.306328 2653.1414
270.024 -439.82846 2786.2612
284.3291 -789.292 2756.1287
168.31087 605.45044 2620.094
169.07887 392.41666 2635.5525
-2.4250786 390.03497 2631.8408
-60.113102 107.1854 2693.3105
-69.52252 -191.55354 2656.2246
340.5829 394.7983 2639.264
388.0842 98.137405 2683.6326
392.06335 -194.77943 2656.887
171.8563 180.07155 2643.4763
76.58299 -33.635193 2649.2783
40.31979 -432.2854 2791.806
14.039664 -789.9732 2750.8596
272.6843 -30.91191 2653.5222
269.6417 -432.62732 2792.1028
289.7196 -789.037 2758.2412
164.0719 607.55804 2620.4543
165.24463 394.60815 2635.1025
-6.271306 392.01785 2631.816
-66.057495 105.09361 2696.1548
-72.39734 -192.09024 2656.463
336.76053 397.19843 2638.3892
382.03378 108.81008 2683.6147
403.8662 -184.35233 2668.9844
168.31717 182.22885 2642.143
73.33641 -31.631285 2647.3047
33.759434 -429.00308 2792.6387
13.76579 -790.14215 2749.6794
269.44302 -28.669556 2651.0625
270.37387 -428.98926 2793.685
288.12836 -792.9721 2755.9702
160.89853 611.89996 2620.1343
161.88045 398.85547 2634.8506
-9.632693 396.62787 2631.0486
-69.52855 100.54588 2697.0764
-69.444466 -195.43365 2656.8794
333.3934 401.08298 2638.6526
378.6841 112.4291 2683.7305
396.83133 -181.15152 2660.4067
164.49268 186.45131 2641.4553
69.051125 -27.226225 2645.8865
33.97822 -426.62015 2786.7544
13.225799 -787.66724 2749.909
265.15863 -24.679272 2650.2336
265.07983 -424.28006 2794.9739
286.89746 -793.11743 2755.3865
156.42963 602.44293 2619.4766
156.9817 389.9138 2633.1145
-14.553757 387.95782 2630.3674
-70.764206 98.272736 2696.0388
-67.44855 -197.84131 2655.918
328.5172 391.86975 2635.8616
374.84207 107.2148 2686.3665
394.87576 -185.23035 2650.8748
159.29713 177.50487 2639.7744
63.543743 -36.02225 2644.8638
33.17251 -432.30353 2795.0388
10.747724 -800.83264 2749.642
259.68112 -33.78575 2648.005
261.2885 -434.808 2788.755
286.61362 -808.1598 2752.3801
153.05998 597.6229 2620.147
154.63683 385.4396 2632.286
-16.900476 383.6557 2629.362
-73.51233 103.46478 2693.2427
-73.61692 -192.32686 2650.2966
326.17413 387.22354 2635.21
372.9216 100.607704 2686.184
390.78058 -192.75827 2648.3481
156.74638 173.00458 2638.1333
60.78843 -40.45037 2642.309
35.94638 -439.28867 2786.6494
13.370869 -798.9465 2746.7769
256.92355 -38.41064 2645.652
266.29428 -437.83163 2790.3923
290.28906 -802.1513 2750.451
149.14752 597.4071 2619.9797
150.25844 384.82938 2631.9084
-21.287022 382.6361 2630.135
-74.65195 105.32975 2689.216
-76.18921 -191.10312 2650.8047
321.80392 387.0227 2633.6816
371.9603 96.80332 2684.5898
388.75687 -197.58867 2647.9934
152.91562 172.39531 2637.5996
57.49751 -41.29263 2642.277
32.769344 -437.89853 2792.7715
13.273454 -797.10175 2750.6333
253.64839 -38.784744 2644.3047
269.41077 -435.91556 2794.593
289.7458 -804.6373 2749.0542
146.08414 602.03204 2619.8984
147.33856 389.8072 2632.0933
-24.20833 387.45917 2630.3801
-75.28509 106.85871 2687.7217
-80.25508 -190.01471 2653.1582
318.88556 392.15524 2633.8062
371.982 94.40018 2686.796
387.51794 -200.1248 2646.4666
150.1892 177.37527 2637.814
54.966656 -36.398994 2642.5554
30.063692 -432.67422 2794.0818
15.249539 -788.23566 2753.113
251.11275 -33.714302 2644.5142
268.4085 -432.79437 2789.4722
290.47766 -797.5612 2751.9119
143.84714 607.8113 2619.859
145.17618 395.41534 2632.3533
-26.377226 393.12524 2631.5205
-75.516716 112.353905 2688.8887
-85.193474 -184.62689 2656.267
316.72974 397.70547 2633.1863
370.9898 93.69903 2686.3982
387.72055 -201.67075 2651.1482
147.9868 182.9702 2637.5854
52.718605 -30.78418 2642.3413
29.506931 -427.95847 2791.843
16.142618 -785.9489 2753.7024
248.87628 -28.165617 2643.2937
262.13974 -424.65436 2795.514
294.26602 -808.76807 2739.6309
140.02289 600.5489 2612.335
141.74077 388.72824 2628.784
-29.795996 386.09146 2629.9326
-73.806786 114.264145 2686.5967
-88.76696 -182.79755 2656.9988
313.27762 391.36505 2627.6353
370.5135 96.36502 2689.6987
382.22177 -197.81677 2642.8474
145.06126 176.42192 2637.295
50.307156 -37.391922 2646.4626
30.462517 -436.2109 2791.9814
17.2839 -797.88904 2760.5796
246.4562 -34.376804 2645.1492
260.73465 -431.71857 2795.2222
292.83368 -810.87006 2748.7805
136.98605 599.7236 2616.0752
139.97588 387.80966 2629.9993
-31.561192 384.98984 2631.5518
-74.72827 110.06317 2689.4443
-90.66617 -186.69449 2657.048
311.51285 390.62943 2628.4468
370.75543 106.68119 2688.8481
384.2202 -185.54564 2644.5535
143.53241 175.45134 2637.2666
49.02356 -38.518963 2645.4214
30.591784 -442.10977 2776.5447
18.039835 -790.77655 2755.1892
245.1544 -35.29489 2643.6465
263.39005 -435.24518 2786.0044
292.81128 -801.7388 2750.964
136.07495 598.6062 2617.9443
139.53426 386.35223 2630.6267
-32.008835 383.51007 2631.7651
-74.99463 109.83716 2689.5452
-91.32678 -187.165 2659.4355
311.0773 389.19446 2629.4883
370.37888 112.84145 2688.4226
385.15643 -177.48454 2641.8845
143.09549 173.95813 2636.9783
48.586006 -40.060764 2643.9807
28.485432 -439.82922 2786.0732
18.231956 -787.8658 2756.1758
244.72728 -36.81107 2642.679
261.96213 -432.72723 2795.7722
294.62445 -812.4273 2745.7668
133.32149 596.4167 2618.8818
138.40817 384.21048 2630.6587
-33.115814 380.41504 2631.8035
-74.28599 106.712326 2687.9543
-92.43682 -190.66904 2663.552
309.93225 388.00583 2629.5137
370.68906 105.92109 2691.2095
390.38983 -184.65852 2641.9497
143.14398 171.81293 2636.0518
49.817993 -42.75448 2642.0994
28.549507 -439.6179 2792.152
19.065691 -793.85614 2756.928
245.94176 -38.414722 2640.7903
266.974 -434.07562 2794.332
295.73914 -806.55865 2750.4792
133.02444 597.6177 2617.8464
137.83257 386.12067 2631.5542
-33.653217 381.95334 2634.5205
-75.067505 105.18182 2689.393
-91.02381 -192.51414 2667.0693
309.31845 390.28793 2628.5881
370.85187 99.96669 2690.6035
393.2333 -190.19936 2641.6438
143.1106 173.7768 2638.3647
50.34452 -40.949753 2646.871
28.435955 -439.24655 2793.281
18.942507 -788.2767 2761.677
246.43275 -36.184547 2643.4795
266.4452 -432.21765 2796.3704
294.2549 -798.74713 2754.8713
129.4787 595.2064 2622.3333
138.3095 384.3046 2633.3696
-33.025795 376.63147 2636.3198
-74.97965 105.65255 2688.7114
-88.95718 -192.46065 2671.5244
309.64478 391.97778 2630.4194
369.92682 96.48323 2685.787
395.7925 -194.1099 2649.5393
147.89561 172.10458 2638.1829
59.511055 -44.483036 2644.683
34.81271 -443.47113 2788.9087
26.862825 -795.0775 2754.2666
255.4523 -35.70793 2641.309
278.11252 -434.77737 2785.4773
301.89816 -797.0085 2754.424
128.86507 594.3463 2624.0957
139.52498 382.54575 2634.0151
-31.691593 372.3654 2634.7053
-75.36409 101.28148 2691.4436
-88.12605 -196.90605 2673.9602
310.74155 392.72617 2633.325
369.47025 92.74718 2686.9077
395.58713 -198.30107 2652.1514
152.14963 170.47937 2637.8335
66.881615 -47.407646 2642.0464
32.055878 -446.5439 2783.4883
24.703003 -797.19745 2753.5989
262.66696 -35.766445 2641.2573
274.15485 -435.14648 2785.6638
299.66736 -795.80066 2757.2349
127.404396 595.50604 2622.4558
139.81549 383.36273 2633.9602
-31.371517 372.3332 2634.9844
-75.16765 98.64502 2693.4617
-87.30219 -199.27779 2671.712
311.00238 394.3922 2632.936
370.23636 93.874565 2689.9556
397.99643 -196.46196 2650.2153
153.50435 171.36745 2639.0044
69.33857 -46.932602 2644.634
30.022999 -442.2561 2795.16
19.61785 -792.16486 2756.1882
265.04822 -34.32309 2643.4631
268.77173 -429.87048 2798.1558
295.5988 -804.9259 2752.8254
128.45105 593.5251 2622.1426
141.7877 382.0128 2633.9832
-29.35019 370.26645 2632.8281
-75.1674 99.531044 2693.5652
-75.88557 -198.13277 2668.1511
312.9256 393.7591 2635.1384
370.11652 95.43584 2690.4834
400.09845 -194.92401 2653.061
156.29909 170.06451 2639.311
72.96947 -48.599205 2643.9783
31.601961 -445.14453 2790.9543
20.727678 -796.4861 2751.644
268.65173 -35.168278 2645.2993
271.19662 -430.58575 2800.7815
296.1935 -803.5306 2752.6482
128.78264 590.9805 2621.4836
142.14514 379.36685 2633.6042
-28.995962 367.47614 2632.2126
-75.52293 98.7661 2694.9736
-69.61409 -198.78275 2668.2544
313.2863 391.25757 2634.9958
371.06088 92.21579 2690.2415
401.54135 -197.1671 2644.9475
156.82564 167.42638 2639.1304
73.67202 -51.311554 2643.8608
26.297026 -431.05667 2824.699
17.245356 -796.6218 2754.027
269.34024 -37.71666 2645.452
267.43576 -436.11066 2793.0793
293.49283 -802.89154 2754.554
128.4206 589.2245 2621.152
141.96298 377.47513 2633.8787
-29.180935 365.47763 2632.9922
-75.58385 96.79303 2697.724
-64.17001 -200.40047 2668.4702
313.10678 389.4725 2634.7651
371.53186 90.60891 2689.6233
402.56525 -199.16638 2642.8816
156.7849 165.56616 2640.2769
73.50109 -53.22008 2646.167
-20.7394 -440.03812 2795.0479
-19.001661 -841.5363 2718.6255
269.7128 -39.46532 2647.1833
266.39685 -433.97528 2804.7585
293.76367 -808.9224 2750.4265
128.92384 585.9575 2621.9846
142.15901 374.84067 2634.5803
-28.979994 362.7631 2635.0227
-75.12273 89.70158 2697.3381
-47.44424 -206.52747 2691.3323
313.29803 386.9182 2634.1377
371.26443 91.802864 2689.3115
405.90662 -198.29593 2648.572
157.12947 162.92656 2640.5342
74.28308 -55.890667 2646.7412
24.48975 -447.83435 2819.009
21.450275 -833.9574 2762.7058
269.917 -42.084473 2646.235
269.43832 -437.959 2800.6375
292.664 -806.687 2751.9001
128.68372 588.1306 2621.9023
141.87991 376.87878 2635.9817
-29.267893 364.97562 2637.3953
-73.74769 87.75546 2698.9148
-54.969757 -208.59714 2677.1104
313.0278 388.7819 2634.568
370.63477 92.40404 2687.657
407.7493 -197.22633 2651.388
156.67441 164.9833 2642.9358
73.635376 -53.716366 2650.698
32.41162 -444.0215 2821.3118
16.343315 -816.4574 2761.5237
269.30264 -40.107937 2649.0818
267.8053 -433.1924 2810.4539
291.46185 -799.5689 2759.2712
