-341.5782 691.80237 2678.9238
-354.26474 480.2279 2718.798
-541.8339 489.61246 2708.1475
-610.5452 171.57124 2752.935
-689.4301 -122.55964 2726.241
-166.69554 470.84335 2729.4487
-115.4268 168.39409 2785.505
-46.766033 -126.14828 2747.8474
-366.80423 271.78894 2755.9712
-476.94153 68.233086 2787.6025
-508.58456 -346.09964 2872.5093
-550.3757 -722.1505 2923.2896
-281.74597 58.46701 2798.686
-238.85225 -356.9783 2872.5735
-157.45097 -731.9733 2840.8865
-342.2632 689.0064 2679.3433
-355.38007 477.61038 2718.319
-542.9183 486.90085 2706.7366
-610.27167 172.28424 2753.9688
-691.1947 -122.59928 2731.0024
-167.84189 468.31985 2729.9019
-115.211876 168.69759 2785.748
-47.057213 -125.86039 2746.9072
-367.97336 269.06604 2754.9468
-478.142 65.35552 2785.548
-504.92102 -350.37106 2865.1384
-548.7942 -727.72144 2919.5325
-282.9913 55.68793 2797.6008
-235.53778 -359.34305 2871.1985
-159.43044 -733.39844 2840.004
-340.46667 690.9763 2679.0618
-353.6302 479.21265 2718.4014
-541.1376 488.57736 2706.2158
-610.1379 172.14346 2751.9878
-689.7582 -122.2304 2725.0566
-166.1228 469.84796 2730.587
-115.10767 168.34834 2784.8738
-47.374107 -125.50325 2741.9924
-366.46826 270.81375 2755.7935
-476.87012 67.28736 2786.845
-503.15863 -347.3021 2872.4065
-549.518 -723.4906 2920.5938
-281.74252 57.5421 2799.526
-232.76968 -356.5082 2877.5874
-159.85309 -724.95416 2840.4692
-340.31616 692.38403 2678.9092
-353.46793 480.18173 2718.5762
-540.9966 489.7902 2706.8235
-612.0713 172.56845 2755.9856
-690.20325 -122.370346 2726.788
-165.93924 470.57315 2730.3289
-115.05656 167.67696 2784.9404
-44.11618 -126.859344 2746.9001
-366.47787 271.75235 2755.7615
-477.06528 68.32263 2786.8315
-504.3708 -346.91684 2869.0466
-549.5875 -722.17596 2922.634
-281.91037 58.323326 2799.062
-234.34538 -356.0765 2876.2993
-159.21732 -731.6239 2833.3054
-342.65744 689.3204 2678.84
-353.93423 476.7368 2717.4968
-541.5364 485.02338 2705.9321
-610.5341 172.28575 2752.9949
-692.90204 -122.98823 2737.3882
-166.332 468.45013 2729.0615
-116.52651 167.83676 2783.4673
-45.654724 -126.66679 2747.6465
-365.39902 268.09738 2753.979
-474.48325 63.769913 2784.4434
-502.43185 -350.53116 2871.1038
-546.6113 -728.6596 2920.935
-279.24445 55.145973 2796.4788
-230.9426 -359.17456 2873.782
-157.85672 -733.8781 2835.307
-344.0071 689.49884 2678.3015
-354.5118 477.20932 2717.7092
-542.15216 485.03845 2706.3906
-615.2613 168.64697 2754.4944
-698.87897 -126.00494 2737.406
-166.87146 469.3801 2729.0278
-116.25813 167.41339 2785.7356
-43.271225 -127.568535 2752.9302
-365.41785 268.5315 2754.165
-473.96066 63.92749 2784.7314
-504.6562 -350.07843 2871.9697
-548.57794 -722.3948 2924.4517
-278.68707 55.77983 2796.5105
-233.94858 -358.9687 2873.631
-157.2033 -735.7173 2836.9763
-345.06204 686.9776 2679.0398
-353.56454 474.312 2717.8906
-541.08594 480.884 2704.2908
-617.1274 165.82187 2753.2556
-708.4907 -126.87506 2733.4663
-166.04314 467.74002 2731.4905
-115.12513 166.71017 2783.8718
-41.97389 -128.2934 2749.816
-363.4918 265.50238 2753.8667
-471.00388 60.112686 2782.7656
-502.2561 -354.5409 2866.6943
-544.5966 -725.5883 2924.6155
-275.83423 53.27263 2796.9202
-230.60089 -362.05478 2870.5427
-155.53531 -732.1847 2841.3835
-347.4658 686.37384 2677.904
-356.0757 475.0519 2717.5017
-543.6624 481.78806 2704.801
-617.56165 162.90913 2749.128
-724.8402 -123.95256 2722.0952
-168.48907 468.3158 2730.2021
-115.56072 165.8576 2784.9397
-44.65628 -126.988525 2740.0125
-366.0602 266.38742 2754.3013
-473.6513 61.22795 2784.4924
-509.00198 -352.13568 2872.8933
-549.9369 -715.7734 2925.5115
-278.4382 54.21801 2797.7092
-238.48097 -360.44626 2877.4934
-158.2925 -731.3933 2837.769
-350.36444 683.59784 2679.332
-358.34503 472.6715 2717.1943
-545.99896 478.75824 2705.1133
-620.781 165.45674 2752.062
-745.25397 -113.10497 2715.4639
-170.69115 466.58472 2729.2754
-115.28037 167.42546 2785.466
-46.244884 -126.4453 2748.9856
-367.4177 263.77332 2752.87
-474.1339 58.04231 2782.2598
-507.76483 -355.0796 2872.5532
-548.121 -722.6317 2920.657
-278.84674 51.707935 2794.8323
-235.58548 -363.748 2868.4739
-155.26292 -730.6782 2838.111
-351.65152 680.8359 2669.5496
-360.13596 470.47006 2713.4697
-547.85376 475.99896 2702.1035
-629.384 163.72176 2746.5256
-772.8317 -106.679886 2713.0718
-172.41808 464.94113 2724.8357
-117.633804 176.71895 2784.7385
-45.083435 -112.20053 2742.844
-368.66144 262.27768 2753.0
-474.8648 56.962177 2786.6162
-507.3389 -356.89325 2873.958
-549.0499 -720.80115 2930.3047
-279.50897 51.208282 2798.4446
-234.65158 -364.07028 2872.4116
-157.08922 -725.0847 2844.609
-358.7422 691.53754 2673.659
-364.75986 479.66647 2713.803
-552.51794 483.2114 2702.431
-633.6892 162.86154 2741.7776
-786.34625 -97.68265 2688.3853
-177.0017 476.12155 2725.175
-117.31241 181.3591 2780.3567
-49.731712 -105.07404 2732.7952
-370.93115 270.9051 2750.6187
-474.8062 63.98843 2781.5166
-507.9712 -349.01706 2872.5374
-551.1073 -718.33734 2920.3713
-279.3987 60.29903 2793.352
-233.24777 -355.1002 2865.9688
-159.60982 -712.1982 2837.908
-362.25775 687.0071 2675.7122
-367.93533 474.95612 2713.7307
-555.70624 477.06195 2702.1921
-639.3418 169.9314 2740.8945
-799.68024 -81.83792 2667.774
-180.16446 472.85022 2725.269
-117.152885 183.67903 2781.6738
-52.489803 -101.54269 2731.4006
-372.45978 265.90527 2749.2046
-474.69003 57.95021 2778.6746
-508.2453 -353.85556 2874.7732
-552.4753 -734.2196 2921.399
-279.2783 55.758617 2790.6826
-236.2345 -358.71088 2869.933
-157.23836 -727.68536 2838.8228
-368.77405 690.0896 2676.741
-374.87048 477.92764 2713.3855
-562.7556 480.69092 2704.2773
-648.17175 168.46634 2738.4473
-819.4118 -71.4575 2653.7727
-186.9852 475.16428 2722.4937
-119.077484 182.33943 2779.3398
-49.013737 -96.29917 2723.8752
-379.6591 268.84296 2748.733
-482.21945 61.196198 2779.3406
-516.24756 -350.05487 2877.701
-560.8258 -727.3446 2920.289
-286.67615 58.32024 2788.8198
-241.94835 -356.32077 2866.4023
-166.58272 -719.01117 2843.3801
-375.38486 691.7538 2679.7393
-380.68143 478.82697 2713.6501
-568.68463 480.76825 2707.5762
-658.0959 172.7417 2737.2144
-842.48596 -59.221973 2655.7524
-192.67815 476.88565 2719.724
-118.54872 181.15779 2780.1562
-47.33387 -93.38181 2718.5732
-383.94214 269.49353 2747.6714
-485.038 61.170364 2778.5317
-513.64124 -349.76547 2879.7698
-554.9716 -724.3212 2920.9998
-289.3676 59.149868 2784.8535
-237.65543 -354.72308 2862.0034
-162.27716 -719.9573 2840.154
-382.9671 685.9798 2678.7327
-386.23022 473.12564 2711.3284
-574.304 473.41492 2708.2422
-665.55365 177.3751 2729.0925
-859.72205 -43.390823 2646.497
-198.15642 472.8364 2714.4146
-120.27998 181.06924 2781.058
-46.850548 -91.506805 2729.7847
-387.0968 263.6386 2744.5024
-485.83374 54.302063 2776.0703
-514.57007 -357.1876 2875.0964
-549.36707 -731.00885 2921.4556
-290.09293 54.00099 2779.2825
-235.82233 -358.75314 2860.616
-159.50305 -733.0459 2831.5002
-389.519 686.2847 2678.7498
-391.27005 473.54117 2710.5928
-579.3397 472.9558 2706.3386
-673.27545 182.68896 2721.5505
-869.8041 -32.71004 2635.488
-203.2003 474.12656 2714.8467
-121.1384 180.03403 2782.0295
-46.94196 -90.03926 2741.8928
-391.36606 264.02603 2743.6704
-489.31406 54.2063 2774.535
-517.3457 -355.82703 2879.511
-551.7628 -719.6597 2921.9412
-293.61023 54.81541 2778.9614
-239.5725 -357.28265 2863.807
-162.89806 -723.635 2841.2302
-399.222 688.21173 2678.2498
-397.4617 475.7804 2708.8538
-585.5368 473.05725 2705.9722
-685.13605 184.34387 2714.7668
-881.99786 -28.427525 2623.8086
-209.38663 478.5036 2711.7354
-125.06739 179.01544 2780.5095
-46.85449 -88.79501 2744.2
-394.93918 266.32593 2742.159
-490.28253 55.45443 2773.9646
-516.40717 -354.00476 2881.709
-549.59796 -722.03345 2922.167
-294.5509 58.288498 2776.9634
-241.42267 -353.63553 2863.3225
-157.14566 -728.2525 2838.2737
-411.4246 693.27106 2687.5056
-405.20114 479.6599 2711.313
-593.1905 473.58008 2708.951
-693.06854 181.67839 2707.923
-895.9736 -24.188753 2613.3167
-217.21187 485.7397 2713.675
-127.532684 180.00136 2781.7126
-46.748325 -88.02529 2747.5256
-398.76328 269.63135 2739.5425
-490.15314 56.438946 2766.5427
-515.6745 -354.30713 2869.3906
-549.1932 -716.6551 2915.4526
-294.49765 62.76664 2769.001
-242.10983 -348.41837 2859.226
-158.045 -727.3839 2829.6812
-429.87195 681.41614 2670.4636
-419.41898 470.76016 2701.826
-607.1313 459.7446 2696.6897
-716.27747 179.17775 2695.4666
-921.32446 -22.591526 2591.3123
-231.70665 481.7757 2706.9624
-145.39378 196.99594 2776.7224
-52.417484 -68.06443 2751.564
-408.1131 261.91183 2736.5435
-494.47278 47.332157 2768.5884
-528.05286 -359.11786 2884.8518
-554.8915 -730.4568 2922.3394
-299.1416 58.794876 2773.9333
-247.41151 -354.62787 2853.5867
-159.95282 -724.5783 2848.8198
-442.40198 684.62933 2674.1096
-428.38892 473.2828 2702.4993
-615.9818 460.0081 2698.159
-721.1412 176.09338 2692.2427
-928.214 -21.53971 2585.1118
-240.79605 486.55753 2706.8396
-150.19775 198.99164 2775.3435
-53.35536 -62.97192 2752.138
-414.3374 264.17874 2734.7144
-497.8963 48.16748 2764.671
-533.88574 -357.72894 2882.4038
-554.69275 -730.3668 2911.0425
-302.67538 61.981945 2769.1877
-247.3565 -351.36084 2846.863
-160.79631 -715.17725 2840.9548
-447.96387 683.44836 2656.9348
-434.00995 473.46143 2696.6006
-621.58026 459.52225 2692.647
-728.0644 169.04051 2685.1113
-938.32526 -23.10032 2572.9746
-246.43956 487.40057 2700.554
-155.09407 199.50351 2779.685
-49.678715 -56.820385 2748.5981
-419.41116 265.77023 2736.2478
-502.40573 50.82652 2773.8381
-537.6282 -352.31006 2900.7078
-554.6445 -726.43835 2925.6582
-307.21893 65.33167 2777.9521
-250.98674 -346.67102 2861.7256
-163.1709 -711.3342 2856.1113
-454.76636 680.9517 2647.8523
-440.08148 471.47836 2692.3586
-627.59515 456.57944 2688.9202
-741.0281 167.01654 2679.5486
-936.70795 -25.943468 2543.6619
-252.56783 486.37726 2695.797
-156.54382 199.75667 2779.852
-47.889675 -52.851833 2742.3398
-424.43182 264.53094 2735.6228
-506.35126 49.831165 2777.098
-538.96387 -355.49045 2897.5957
-554.5111 -733.04785 2919.4978
-311.21304 65.3359 2780.676
-252.23663 -347.74063 2856.6824
-163.32071 -716.83545 2848.4019
-464.1793 675.6248 2644.3057
-448.24924 466.8718 2689.3267
-635.6529 450.48096 2687.0222
-747.5093 162.00539 2675.266
-935.5986 -33.644962 2531.697
-260.8454 483.26263 2691.631
-157.26756 199.88086 2780.4287
-46.857075 -51.490215 2743.8235
-430.7316 260.31223 2733.9482
-510.73102 45.22363 2777.3706
-541.1368 -361.48544 2893.852
-556.16675 -728.6367 2914.8865
-315.69708 62.281837 2779.769
-256.43777 -351.20248 2853.6
-162.65048 -725.47217 2842.435
-474.96252 676.28394 2651.5273
-456.03494 465.71576 2691.0017
-643.2354 447.12662 2689.7903
-752.76215 158.0124 2672.6497
-939.9289 -41.604927 2535.838
-268.83438 484.305 2692.2134
-158.13863 199.92725 2780.6855
-46.2948 -50.58437 2748.567
-435.72537 258.56027 2731.356
-512.8299 41.731422 2771.0796
-539.25354 -365.89145 2885.4023
-554.0001 -728.0083 2912.0156
-318.00186 61.077995 2772.3406
-253.96886 -350.6043 2851.8308
-161.3895 -718.4111 2835.2483
-485.79037 672.8826 2645.1558
-463.29803 463.25027 2686.9448
-650.15814 441.64792 2685.2568
-754.38605 153.01071 2669.82
-941.88074 -45.872086 2531.6917
-276.43787 484.8527 2688.6328
-158.57365 200.96204 2783.8674
-46.261127 -49.66762 2753.0823
-439.8168 256.82532 2729.3481
-513.57495 39.15882 2770.873
-538.71295 -367.11533 2890.1895
-553.19366 -727.8232 2919.9648
-319.09628 61.641956 2772.63
-251.71301 -348.1003 2858.96
-161.12651 -717.54346 2841.122
-493.61557 669.3347 2643.4695
-468.52487 460.54425 2685.421
-655.06744 436.4385 2682.819
-753.2954 158.15303 2669.7546
-935.0098 -52.717873 2544.8184
-281.9823 484.65 2688.0227
-164.28575 210.48183 2782.943
-49.641846 -37.782875 2753.5505
-442.48096 254.41742 2727.9111
-513.50476 35.747063 2769.0476
-539.8029 -369.89737 2890.3406
-550.1542 -730.53754 2917.7427
-319.36935 60.83403 2771.7554
-251.43617 -349.64832 2854.2676
-162.77951 -714.36426 2841.5398
-505.6561 673.85657 2651.0906
-475.6383 464.30353 2687.5483
-661.65045 436.5252 2687.6187
-753.67236 156.09633 2672.391
-936.3271 -52.209507 2552.1052
-289.6261 492.08182 2687.478
-163.15916 210.20566 2780.409
-48.961544 -39.303024 2751.9783
-444.82507 258.0659 2725.7542
-510.82224 37.370945 2763.9966
-538.2817 -367.66782 2887.0957
-546.4276 -726.9401 2916.724
-317.20166 66.28546 2763.9233
-249.82924 -343.52036 2850.2795
-156.58931 -710.82983 2828.3657
-511.83606 674.64575 2644.931
-479.24994 465.61176 2685.3735
-664.9153 435.4642 2685.4392
-752.25006 161.78885 2674.3503
-928.0497 -54.42965 2562.6545
-293.58463 495.75925 2685.3079
-166.58266 217.60234 2776.23
-51.20861 -31.721252 2749.9458
-445.9216 260.44788 2727.1636
-509.19278 39.598637 2768.9878
-536.7654 -363.57874 2897.927
-549.42596 -728.035 2924.423
-315.9936 70.96941 2768.9194
-254.66867 -337.28287 2865.7793
-158.62914 -705.9603 2841.0994
-520.9144 670.35815 2640.5576
-485.48315 464.14023 2683.051
-670.636 430.8385 2682.1162
-752.8115 164.5343 2677.6016
-923.7204 -56.793213 2570.9822
-300.33023 497.442 2683.9858
-169.64377 227.14764 2771.815
-53.52755 -22.069374 2747.9336
-448.9307 259.70602 2726.0725
-508.71344 37.9448 2768.6077
-541.389 -367.48407 2888.988
-550.8919 -723.66223 2917.631
-316.04288 72.59871 2769.5803
-255.95949 -339.73825 2848.2004
-158.77895 -717.98346 2835.2432
-522.9763 668.9598 2639.658
-487.80353 462.86255 2681.961
-673.0743 430.1797 2680.6147
-755.11676 160.17 2675.8398
-927.2393 -61.585266 2572.537
-302.53278 495.5455 2683.3074
-171.3246 229.57562 2769.9048
-55.85446 -20.060972 2746.39
-452.0074 258.18893 2724.564
-512.6118 36.509735 2766.4663
-547.10626 -367.03214 2892.4998
-555.01953 -723.465 2914.7776
-319.8108 70.520996 2767.8674
-258.07767 -341.88315 2845.3765
-160.25854 -720.7886 2835.4229
-524.4772 669.4831 2638.7126
-489.13654 463.99402 2681.3696
-674.43445 431.41788 2680.3506
-755.9352 158.23773 2677.504
-927.67706 -62.86305 2572.3582
-303.8386 496.57013 2682.3887
-173.66331 224.29082 2767.463
-59.896812 -27.279028 2746.576
-453.39722 259.36142 2724.268
-514.07446 37.778484 2766.6362
-542.4028 -366.21045 2892.754
-554.0201 -722.2466 2919.6316
-321.24127 71.679344 2767.6968
-258.3592 -340.2193 2847.201
-158.17424 -714.1952 2840.399
-531.74585 670.096 2639.73
-493.2872 464.68466 2681.9248
-678.2529 430.30078 2681.8572
-755.5861 159.54982 2676.4417
-926.6762 -62.347763 2571.989
-308.3215 499.0685 2681.9922
-180.33047 217.1427 2763.2266
-60.662235 -33.476437 2747.481
-455.32123 260.36612 2724.37
-513.60626 38.155178 2766.7803
-538.18274 -367.53394 2888.12
-553.30884 -717.38275 2918.8672
-321.1042 73.94003 2766.8506
-255.69466 -337.4048 2847.2903
-156.23491 -714.9161 2839.4368
-534.3005 668.5587 2639.7444
-494.95627 462.39594 2681.432
-679.8748 427.72278 2681.7056
-756.62036 155.38274 2672.711
-931.2799 -65.593376 2572.4788
-310.03772 497.06918 2681.1582
-182.66328 213.56953 2763.112
-60.796486 -36.895386 2746.5664
-456.57874 258.05356 2723.4302
-514.42004 35.66964 2765.5708
-541.21344 -368.74408 2890.7083
-553.70917 -722.3646 2914.6565
-321.98242 71.75277 2765.286
-258.24173 -339.1095 2849.443
-157.55919 -718.2751 2834.5796
-533.4679 666.0258 2639.7527
-494.48224 460.07968 2681.4458
-679.4884 425.89792 2682.7378
-759.503 153.52673 2671.451
-930.4564 -69.03735 2568.4387
-309.47598 494.26147 2680.1538
-187.33224 211.28584 2760.5586
-61.757607 -38.077995 2748.6182
-456.42383 255.6803 2723.4805
-514.63306 33.494503 2766.1875
-541.8527 -369.16492 2896.7588
-553.15686 -725.6127 2916.0513
-322.09775 69.06733 2764.8428
-257.2641 -341.80777 2848.1863
-155.46254 -720.2311 2836.632
-534.5479 663.20056 2640.257
-495.75986 456.694 2681.7952
-680.86426 423.0625 2683.6414
-761.0673 152.16454 2669.929
-930.63885 -71.39424 2566.7122
-310.6554 490.32538 2679.9492
-191.1673 213.1456 2760.2827
-57.3597 -29.806053 2743.2944
-458.19913 252.29596 2724.289
-516.9564 30.397997 2767.7434
-542.0924 -374.61282 2891.1477
-554.79626 -725.8161 2920.7712
-324.3204 65.39792 2765.8223
-258.71838 -344.74185 2852.1306
-158.89452 -722.44165 2837.0168
-532.3188 663.47626 2641.0027
-494.89066 456.17926 2682.0823
-680.09656 423.11536 2684.1553
-763.19037 149.22174 2670.5654
-931.95856 -73.58639 2564.4453
-309.68472 489.24326 2680.0093
-192.58604 215.57303 2758.1416
-56.728146 -23.206116 2740.9634
-457.88394 251.49586 2723.6738
-517.2483 29.607851 2766.344
-541.1425 -374.66013 2892.5457
-554.02637 -726.1513 2918.705
-324.50623 64.017166 2764.1868
-254.6718 -346.25546 2846.2898
-154.52197 -725.26605 2835.3813
-530.86475 664.25726 2639.891
-493.3046 457.14276 2682.238
-678.56726 424.36044 2683.6445
-762.1362 149.99991 2668.2039
-931.3641 -72.87791 2562.9219
-308.04193 489.92517 2680.8315
-188.7958 219.78734 2758.0671
-55.148853 -19.54402 2739.2275
-456.7588 252.4018 2723.9626
-516.6141 30.602573 2766.4192
-540.23566 -373.21072 2894.2178
-550.73047 -719.18555 2918.6284
-323.81174 64.719086 2764.9553
-252.49953 -344.72592 2849.9382
-152.97185 -725.7396 2838.7795
-529.1783 674.07764 2639.33
-492.18625 465.23062 2683.0208
-677.2816 431.50674 2683.8098
-761.0612 150.61105 2666.4644
-930.6831 -72.802444 2562.9575
-307.09085 498.9545 2682.232
-185.39732 222.39148 2761.0376
-54.407837 -17.967478 2737.5237
-454.75955 260.80603 2725.499
-513.6482 38.833042 2768.3877
-535.90985 -364.361 2898.399
-547.7138 -713.3599 2918.2473
-321.01758 73.92983 2767.5667
-249.98454 -335.75668 2851.71
-151.53618 -718.00885 2838.615
-525.8507 673.0147 2639.5505
-489.18018 465.44644 2683.5974
-674.3617 432.27368 2685.7163
-756.2697 157.65236 2668.9536
-926.2007 -64.1119 2562.4836
-303.99872 498.61926 2681.4788
-182.19922 219.69601 2764.521
-57.358078 -26.424814 2739.6753
-452.06183 260.94763 2725.9998
-511.30417 39.187115 2769.5046
-538.9187 -364.69012 2896.216
-547.49713 -721.9405 2917.7527
-318.5828 73.71055 2767.2996
-252.16435 -337.00287 2850.1038
-153.22902 -723.831 2835.7317
-521.37787 668.82745 2630.154
-486.70114 464.39783 2680.6797
-672.0814 432.31888 2681.3965
-754.9115 159.94246 2670.1934
-924.9969 -59.535408 2559.3948
-301.32086 496.47684 2679.9626
-180.11128 216.82872 2765.7437
-58.92311 -32.649147 2736.0176
-451.26978 260.69778 2727.8086
-512.3032 40.30506 2775.3105
-541.8279 -364.19385 2899.649
-551.4202 -723.0296 2924.622
-319.3735 73.69047 2774.5645
-254.41528 -337.9326 2853.9512
-154.62114 -725.8258 2845.7637
-521.2216 682.0845 2632.9658
-485.94736 473.51773 2681.8
-671.05896 440.03397 2680.1533
-754.04016 161.09615 2670.824
-922.3998 -56.61378 2554.167
-300.83575 507.00153 2683.447
-178.54639 214.92593 2766.3728
-59.7234 -36.35938 2727.6335
-449.4744 269.6364 2727.4312
-509.3314 48.33048 2772.205
-535.96576 -357.858 2891.5105
-548.2272 -719.5369 2916.313
-316.67148 83.17966 2773.9192
-249.92949 -328.9617 2848.977
-149.1959 -719.9183 2838.6013
-513.9914 675.9403 2638.5605
-478.9165 466.96017 2684.2114
-664.1605 434.1063 2683.52
-749.5014 164.52612 2674.2842
-922.31836 -46.61497 2552.5737
-293.67258 499.81403 2684.903
-165.88829 215.23216 2762.5886
-49.51881 -43.788506 2724.9688
-442.8647 262.746 2728.802
-503.20023 41.437138 2773.0327
-539.8965 -362.30606 2897.7388
-549.7257 -720.4636 2916.7627
-310.42548 75.62664 2773.7522
-249.64322 -336.9581 2851.4814
-153.31708 -733.15497 2832.0613
-508.31482 671.5896 2639.1821
-476.73755 463.43036 2683.3533
-662.5124 433.92413 2684.2341
-757.75836 154.26955 2666.1533
-937.6331 -38.523575 2527.722
-290.96268 492.93655 2682.4724
-163.95055 216.61577 2764.3225
-47.976257 -45.54272 2729.3232
-443.97723 258.4683 2726.9302
-507.9005 38.15019 2770.9656
-542.7529 -366.47525 2893.4443
-555.5965 -723.7333 2917.1135
-314.53326 68.86228 2770.0488
-254.39688 -343.40457 2849.9783
-158.85117 -737.314 2828.2034
-496.68576 668.9049 2635.6323
-469.06113 461.08185 2684.112
-655.50354 436.26447 2687.1458
-769.93787 127.81702 2658.3018
-960.412 -17.395763 2468.769
-282.61877 485.89932 2681.0786
-163.48668 213.91074 2763.3438
-46.4553 -47.351147 2728.9604
-441.00555 255.89429 2729.7751
-509.96402 37.79314 2777.0166
-536.9094 -369.8164 2890.9805
-553.32043 -722.8165 2917.3633
-315.93594 63.620285 2773.8596
-248.12479 -348.0647 2849.8835
-160.69205 -727.8507 2832.6565
-487.67935 669.46954 2638.2078
-463.6793 460.90445 2685.388
-650.44995 438.83743 2689.1956
-767.9734 124.41042 2660.6545
-963.92786 -4.5759225 2462.5305
-276.90854 482.9714 2681.5803
-161.24739 210.45662 2764.1873
-49.891705 -51.340485 2724.882
-438.45715 255.17998 2730.3079
-510.42267 37.972824 2777.209
-535.1936 -371.6755 2884.165
-551.94434 -720.75653 2917.9453
-316.04733 60.93826 2773.2463
-244.89825 -349.45078 2853.3328
-157.95464 -732.3785 2826.7327
-481.38348 678.8215 2647.4841
-458.4577 467.691 2688.2883
-645.2736 445.84497 2692.1567
-765.48804 125.70525 2662.3237
-962.7207 14.359277 2454.627
-271.6418 489.5371 2684.42
-159.62477 207.22711 2767.095
-51.42989 -54.19896 2720.6658
-433.45462 261.04834 2728.7803
-505.6507 43.039276 2771.285
-529.2088 -364.49673 2886.2422
-546.46893 -722.90326 2912.4397
-311.25244 65.77201 2767.2595
-237.15921 -344.29276 2846.5603
-153.62029 -723.5159 2823.1794
-469.2298 676.7824 2643.631
-450.26828 466.52225 2687.332
-637.47626 448.62137 2690.9685
-760.74097 133.35556 2659.1936
-959.5394 39.34165 2445.84
-263.0603 484.42307 2683.6958
-158.31007 206.61433 2766.03
-52.09928 -56.180576 2722.0168
-429.6784 259.95758 2730.482
-506.51855 44.07671 2775.5242
-529.69543 -362.71545 2893.4004
-551.9759 -726.4452 2920.9204
-311.65848 62.709282 2771.7393
-244.63708 -345.72433 2863.6013
-156.62354 -740.73865 2829.0652
-458.4825 674.8093 2636.2004
-441.65054 465.3068 2685.4255
-629.1452 450.53192 2688.0586
-754.87494 136.68398 2657.119
-954.4274 69.039024 2435.998
-254.1559 480.0816 2682.7927
-155.15892 207.79964 2763.9893
-52.48607 -56.92465 2721.053
-424.7509 259.10712 2731.7705
-505.41547 45.219173 2779.4854
-523.28253 -363.26727 2892.2302
-550.47516 -723.60236 2921.808
-310.28702 60.595577 2776.7454
-241.1757 -347.4749 2869.2905
-157.21861 -743.95184 2823.2786
-436.46814 680.1226 2653.1152
-427.05743 467.35928 2692.4019
-614.90234 457.8495 2693.1438
-734.7147 156.90868 2660.993
-921.28326 121.7534 2428.2576
-239.21246 476.869 2691.6602
-151.03651 200.2105 2768.273
-50.30278 -67.1579 2722.8298
-416.36893 259.28992 2731.6113
-503.44043 46.271423 2771.2068
-520.34296 -362.23706 2883.6897
-552.791 -724.48737 2916.5151
-307.9206 56.16977 2770.4346
-237.99854 -353.04004 2857.4941
-158.54018 -740.91986 2823.9321
-428.35153 682.55695 2655.4573
-420.5573 469.27954 2693.4548
-608.4709 462.32837 2697.1306
-727.36774 159.96405 2659.009
-903.9292 154.95036 2421.9731
-232.6437 476.2306 2689.779
-150.52734 191.60188 2772.1626
-48.403408 -75.55142 2726.9678
-412.10046 260.8775 2731.6858
-501.42905 48.85837 2771.8296
-515.67883 -358.15198 2890.143
-548.32623 -725.01074 2919.4717
-305.8582 56.092762 2768.004
-233.17117 -351.53647 2860.0566
-155.7514 -738.80005 2822.1223
-416.49808 683.9374 2656.6025
-411.00626 470.82074 2694.861
-599.0326 466.5232 2697.2139
-722.68585 169.98058 2665.5
-883.2786 187.73079 2418.9658
-222.97997 475.1183 2692.5083
-151.26578 185.79997 2770.072
-47.23469 -80.64475 2733.2773
-405.759 262.36304 2733.436
-498.34497 51.669266 2773.235
-512.9949 -354.92502 2893.177
-547.0725 -718.9876 2915.8071
-302.67862 56.14137 2770.7866
-231.06969 -350.8751 2866.4312
-154.2201 -739.3197 2824.5435
-406.097 683.92694 2657.176
-404.31967 471.83307 2696.244
-592.4072 469.78043 2697.2139
-708.34534 179.49 2675.7468
-861.3584 220.44751 2428.3313
-216.23224 473.88565 2695.274
-147.13528 181.39787 2768.026
-41.121864 -81.979294 2729.412
-401.84338 263.41577 2735.3787
-497.23273 53.930496 2775.0183
-514.7001 -353.1948 2892.8494
-548.95526 -719.6366 2915.4915
-301.5016 56.06647 2774.0088
-232.90024 -352.29996 2866.0361
-155.52933 -737.2579 2828.608
-388.6381 684.5242 2658.6072
-390.14908 471.96225 2698.8457
-578.26276 471.90427 2699.1482
-699.0864 198.86855 2662.4265
-817.5044 301.7026 2427.4363
-202.03539 472.02017 2698.5435
-131.28395 182.09964 2768.7466
-32.428303 -82.30229 2728.788
-390.02112 263.62335 2738.562
-487.7823 55.254307 2778.4355
-509.5279 -356.12903 2878.799
-548.7378 -717.45337 2917.4126
-292.00385 55.3146 2778.1208
-232.28339 -354.98157 2867.371
-159.36803 -735.9184 2831.3516
-373.6226 682.3241 2658.4788
-376.31714 471.18854 2701.0923
-564.4326 473.5519 2702.19
-688.52313 225.21497 2664.1094
-772.9962 372.04013 2449.1267
-188.20155 468.82523 2699.9946
-119.82226 176.27818 2767.4397
-21.582596 -88.75755 2727.6155
-378.69482 263.03033 2741.7742
-478.95325 56.101765 2783.027
-498.9863 -356.6656 2878.5833
-540.5856 -725.0442 2916.626
-283.1919 53.64242 2781.885
-224.2814 -356.38928 2873.278
-151.26033 -746.527 2831.1038
-367.36057 681.28076 2658.6228
-370.88568 470.91208 2702.0166
-559.00726 473.38602 2703.1782
-687.76166 242.1074 2647.0554
-750.5433 407.87622 2447.6316
-182.76416 468.43808 2700.8552
-117.411194 172.63947 2765.7205
-19.5996 -90.85858 2720.8445
-373.36777 262.84573 2743.1938
-473.7347 56.06672 2784.9753
-501.30807 -357.1598 2876.3928
-541.8708 -725.15857 2918.2205
-277.96487 53.492146 2783.7666
-225.15187 -356.9902 2876.734
-152.70464 -747.65424 2824.7996
-363.20657 686.3934 2667.6897
-366.87177 475.47195 2705.919
-554.9884 478.4717 2707.146
-689.88245 255.05399 2637.523
-726.1257 445.8925 2453.606
-178.75511 472.4722 2704.6921
-116.70715 170.81924 2763.3635
-18.79598 -92.15167 2720.2625
-369.9513 266.82608 2743.8843
-470.91565 59.741035 2782.4878
-502.77124 -353.58426 2872.245
-545.7241 -723.3877 2913.148
-275.14597 56.61924 2781.2112
-224.78008 -354.41367 2873.217
-156.14854 -745.125 2819.9026
-359.2553 685.2333 2673.2183
-364.01025 473.9196 2707.7686
-552.09595 477.2638 2706.0388
-685.9237 271.5087 2632.7522
-700.7412 483.72437 2470.0303
-175.9246 470.57538 2709.4983
-108.83534 167.92462 2765.1758
-22.596203 -100.313805 2725.7087
-368.0546 264.87762 2743.3887
-469.98038 57.575985 2778.1086
-501.3869 -354.22897 2874.695
-547.83514 -735.6957 2910.437
-274.21756 54.095303 2779.909
-224.33585 -356.7942 2872.9065
-159.55327 -751.6501 2820.4294
-347.036 682.2173 2657.3865
-356.00613 474.77756 2704.5972
-543.99396 481.9975 2703.851
-671.72296 299.62283 2629.2173
-644.87805 547.8572 2508.2256
-168.01828 467.55762 2705.3435
-99.94995 162.23758 2768.029
-23.92114 -112.72416 2729.4617
-364.14023 267.53333 2748.5808
-470.0912 64.04593 2792.176
-500.15997 -350.89383 2873.6726
-546.66064 -721.91187 2916.597
-274.4574 56.532322 2792.9526
-223.81107 -356.82114 2873.0364
-160.39345 -741.0402 2829.2617
-343.0841 686.8986 2669.571
-353.29474 478.26468 2708.8777
-541.2654 485.86578 2706.9253
-666.848 319.2961 2629.6006
-618.93994 576.9953 2522.3604
-165.32411 470.6635 2710.83
-100.96022 161.63133 2768.0151
-24.072159 -115.40973 2726.4302
-362.11978 270.0926 2748.068
-468.752 65.87559 2786.2427
-494.88998 -350.36176 2862.8997
-548.6429 -724.4924 2908.9246
-273.1378 57.965405 2788.2744
-224.92856 -354.12106 2876.062
-158.00545 -748.5783 2814.272
-341.2469 686.62634 2664.1687
-352.97003 479.34506 2708.5903
-540.8954 487.7762 2705.648
-664.43146 328.15555 2635.8062
-598.10895 592.69086 2537.9993
-165.04463 470.91382 2711.5327
-100.48785 162.80843 2765.0
-24.078604 -116.51518 2727.7168
-362.94376 271.81766 2750.9475
-470.70294 68.67742 2791.7737
-498.92117 -345.5163 2878.0627
-551.95416 -725.8652 2918.9617
-275.13214 59.903206 2794.8357
-228.37341 -351.80313 2885.4854
-161.67287 -746.0591 2827.5425
-336.6694 689.0216 2671.4626
-351.04135 480.02936 2711.009
-538.85425 490.41678 2707.5144
-660.2154 344.07397 2634.89
-574.60834 616.36804 2550.678
-163.22847 469.64197 2714.5037
-101.74351 168.40732 2763.5098
-20.23932 -108.01259 2718.5452
-363.2826 272.12195 2750.912
-473.2549 69.619705 2788.9966
-497.39297 -346.93573 2864.1274
-553.04614 -726.8875 2912.9426
-277.7929 58.80923 2792.6335
-227.67334 -355.12448 2869.3289
-161.99225 -746.59644 2823.286
-335.7089 687.42194 2674.1157
-351.72943 479.0344 2712.1782
-539.5181 490.24112 2710.5056
-660.11676 352.54514 2632.9424
-560.6921 635.3161 2576.9207
-163.94075 467.82764 2713.851
-103.38162 172.19742 2765.761
-14.216625 -98.383896 2714.7727
-364.4959 270.8043 2750.3352
-474.97937 68.40568 2787.6218
-497.72717 -348.46835 2862.2031
-549.97534 -731.63 2916.4807
-279.54547 56.74268 2789.3625
-228.04286 -355.90906 2872.3323
-161.41545 -747.8157 2819.481
-330.71094 681.31506 2663.3218
-349.61444 474.43 2707.9685
-536.9055 487.54526 2697.0752
-658.06055 353.16376 2638.712
-521.6422 623.3792 2575.8523
-162.32349 461.3147 2718.8616
-97.88021 173.26437 2768.65
-17.26957 -94.48628 2716.1238
-366.58026 267.3048 2750.292
-480.98325 67.00279 2786.9485
-496.88556 -348.76715 2869.399
-551.89606 -727.3789 2917.3384
-286.1087 53.35642 2798.2827
-227.3673 -359.25452 2877.0752
-160.9475 -741.65094 2829.2852
-330.14807 689.9523 2662.548
-349.12497 482.28525 2707.9985
-535.9905 493.8782 2690.9436
-654.5322 347.0845 2641.8616
-508.3621 614.10376 2570.5117
-162.25958 470.69235 2725.0532
-95.94155 172.13152 2769.3276
-18.085495 -93.73754 2717.228
-365.84818 275.1415 2750.4253
-479.8407 74.03232 2783.9746
-493.9963 -341.03378 2870.3008
-548.0824 -723.0032 2911.2944
-285.30206 61.96328 2801.7297
-224.73741 -349.86063 2883.384
-156.3865 -734.2491 2825.6926
-328.7834 691.1741 2669.6682
-345.9576 482.33817 2711.0046
-532.4833 492.46426 2689.6313
-669.61395 326.9606 2650.95
-510.62045 579.3451 2573.2637
-159.43208 472.212 2732.3782
-96.93835 171.59085 2768.1646
-18.04443 -94.04471 2725.098
-361.81787 274.65408 2751.022
-474.7268 72.238686 2779.9187
-488.23456 -342.99222 2865.7063
-544.04065 -731.30725 2910.0715
-280.6293 61.70146 2802.16
-221.97623 -351.12506 2880.1091
-154.3784 -742.6944 2824.052
-329.173 687.8781 2681.9937
-343.13272 478.29132 2715.1897
-529.8041 487.9414 2694.2266
-670.8508 326.4084 2657.2734
-500.55185 572.4568 2580.6353
-156.4613 468.64124 2736.1526
-95.70515 169.42036 2771.539
-17.743114 -94.42544 2721.2153
-357.8041 269.58347 2749.7593
-469.5985 65.89643 2773.422
-490.8846 -346.3574 2870.826
-549.4652 -726.3397 2919.2783
-275.35257 55.854774 2795.2358
-225.20334 -357.40564 2876.406
-155.66902 -745.0297 2823.5442
-329.94983 687.909 2679.395
-346.59256 478.62854 2714.7395
-533.553 489.9932 2697.8022
-658.9205 338.6998 2655.1519
-487.01938 588.823 2588.938
-159.63222 467.26385 2731.677
-94.84648 168.71811 2772.7815
-17.924438 -94.70302 2718.006
-362.44647 270.05936 2749.794
-475.59683 67.40445 2776.034
-498.06378 -345.68948 2869.697
-557.0382 -722.94666 2916.6265
-281.0037 55.575787 2793.6628
-230.80905 -357.88898 2874.061
-162.95653 -744.81573 2819.864
-329.61475 685.4211 2669.0745
-348.0003 465.15067 2713.844
-535.1857 475.28006 2698.3354
-645.9588 341.85025 2645.5696
-478.10623 599.4033 2590.0337
-160.8149 455.0213 2729.3525
-98.922195 167.35687 2770.8862
-18.360193 -95.51252 2721.23
-362.2031 256.4616 2748.9639
-473.79214 53.042545 2776.0151
-491.06613 -361.2035 2865.5225
-547.73846 -733.0931 2917.974
-279.0194 42.502625 2792.152
-223.19614 -369.55365 2875.8784
-156.156 -756.34106 2819.1953
-332.18036 679.8286 2663.8188
-335.00638 451.68463 2714.8489
-520.9126 469.28186 2694.009
-644.9842 341.92163 2645.7053
-473.76825 596.3734 2589.6018
-149.10023 434.08743 2735.6885
-96.96328 168.14816 2773.8218
-18.292007 -95.00435 2723.3818
-358.61365 244.0823 2750.1423
-479.0618 45.646618 2774.58
-498.90106 -367.69104 2867.7764
-554.52094 -728.7613 2913.068
-285.3799 27.313383 2796.2915
-227.82169 -386.01678 2871.9717
-166.4534 -755.82184 2827.496
-331.34155 679.1022 2660.027
-332.02386 425.27304 2710.8052
-517.20795 443.81024 2684.0957
-651.0061 358.9895 2640.9312
-465.23578 606.3549 2597.563
-146.83968 406.73593 2737.5146
-96.75034 162.77962 2777.4492
-17.753592 -95.14939 2731.6814
-358.1584 218.19937 2748.288
-480.64935 20.770983 2771.8733
-499.08737 -390.1867 2875.3474
-547.51886 -735.51324 2911.0537
-287.93646 1.4802314 2799.6687
-216.61752 -410.1981 2872.627
-160.2491 -749.23065 2828.146
-331.95285 679.0426 2660.3894
-331.27206 420.2695 2710.4998
-516.09766 439.08554 2681.275
-644.0055 356.99628 2637.4614
-457.12915 600.1986 2591.7866
-146.44653 401.4535 2739.7249
-94.87733 154.38672 2779.717
-21.034672 -105.07877 2745.7446
-358.31018 213.32927 2748.2598
-481.4972 16.177376 2770.8164
-504.87604 -392.40094 2882.108
-546.61664 -721.5051 2916.413
-289.19937 -3.3994 2801.223
-220.3224 -415.82562 2872.559
-160.14061 -735.211 2838.1187
-329.8718 677.4542 2659.7222
-335.71146 446.53543 2708.5747
-521.0528 456.9721 2679.2495
-653.76605 356.51526 2637.1052
-456.03302 588.0228 2581.4778
-150.37015 436.0987 2737.9
-97.50364 156.10559 2782.5425
-13.987833 -96.03607 2741.188
-354.06223 239.73744 2750.957
-470.22256 38.447224 2777.8638
-492.10867 -370.81372 2890.3345
-535.7012 -694.83514 2928.0781
-274.60345 27.431765 2808.8152
-207.53181 -392.32202 2880.9226
-148.49284 -701.7341 2846.9446
-331.0633 681.26135 2658.756
-339.59036 463.48224 2708.3235
-525.13995 469.84003 2678.7537
-655.0645 344.63525 2632.5403
-459.9889 575.11053 2575.4143
-154.04066 457.12436 2737.8936
-97.75754 161.55266 2780.2974
-15.123435 -95.28752 2742.206
-353.76324 256.7306 2752.804
-465.16046 53.31035 2781.7903
-497.86383 -355.72208 2890.3987
-543.77277 -706.90546 2922.0183
-270.7119 46.64758 2812.7783
-223.90347 -371.8223 2885.018
-155.19406 -703.4792 2844.972
-330.19937 690.21326 2672.5405
-340.69 479.0446 2711.999
-524.3464 481.4928 2671.9268
-651.2496 326.1137 2627.0132
-453.35052 555.56464 2574.162
-157.03363 476.59634 2752.0713
-98.628006 159.68962 2782.8308
-19.924204 -105.153015 2758.5188
-351.9396 270.88812 2750.84
-458.88968 64.00742 2768.8
-496.08456 -346.38528 2869.6125
-541.76544 -711.17456 2914.3616
-267.48865 61.455917 2810.5623
-228.04868 -358.56366 2860.1191
-153.43735 -715.95184 2837.5525
-329.95694 689.36816 2675.1633
-340.48248 480.2871 2712.9207
-523.5677 481.11057 2670.0369
-647.6195 329.55267 2630.0232
-450.795 564.3397 2582.8577
-157.39722 479.4637 2755.8042
-100.306435 163.85278 2779.9214
-18.312902 -102.49549 2752.0083
-350.352 271.89716 2751.0557
-455.56198 63.936092 2766.8594
-493.37357 -347.2728 2864.023
-542.0486 -720.7033 2916.9214
-264.8812 63.078514 2811.5222
-225.6427 -356.30286 2864.215
-152.24268 -722.9337 2839.0474
-333.05518 688.8769 2677.865
-341.80704 480.23425 2713.0847
-525.12756 480.5602 2670.9338
-647.5476 324.62262 2630.0405
-449.7807 555.76807 2577.8489
-158.4865 479.90826 2755.2356
-103.07215 168.46596 2782.7292
-17.151634 -97.621666 2741.6125
-350.7008 271.57712 2750.1511
-454.99677 63.08961 2765.2815
-493.00827 -347.5118 2864.8271
-542.4434 -721.55853 2916.4282
-264.19217 62.75038 2809.1533
-224.39462 -356.51376 2860.6663
-154.73546 -724.8944 2840.7932
-336.82785 691.6809 2677.8286
-352.00714 472.01053 2710.4355
-535.3329 464.53058 2671.1394
-682.4753 239.62524 2602.4841
-483.30884 429.94937 2634.9854
-168.68146 479.49048 2749.7317
-97.00712 172.37535 2780.848
-16.846558 -96.81475 2745.0552
-351.39032 263.70343 2747.209
-447.26178 51.459553 2763.2998
-509.04367 -360.1705 2870.6306
-553.04047 -713.19293 2920.8909
-254.28535 59.3332 2804.6648
-234.70683 -362.43036 2862.7542
-160.60292 -720.51666 2841.1667
-337.98865 682.1787 2678.345
-348.89993 442.12662 2710.8364
-533.84814 437.9243 2678.017
-607.5571 338.54623 2642.7935
-372.31046 535.91656 2707.1672
-163.95166 446.32895 2743.656
-90.261116 172.11124 2775.033
-17.065771 -96.596245 2742.6184
-350.95236 233.69882 2749.0903
-448.75513 23.095366 2770.353
-488.06693 -378.12653 2868.9106
-539.41626 -740.96027 2919.1367
-257.2543 27.446571 2804.3352
-222.99681 -386.39474 2859.0166
-147.69365 -752.0215 2845.6199
-337.8534 686.9251 2677.5408
-345.08728 424.9632 2709.022
-529.4502 421.31097 2672.5093
-614.6694 336.44534 2633.532
-384.45602 539.7969 2664.6
-160.72446 428.6154 2745.5347
-88.63378 167.04805 2776.499
-17.12814 -96.366714 2740.5967
-348.61053 216.52724 2747.6606
-447.84232 6.195396 2767.3445
-498.55527 -397.6533 2868.8394
-545.3764 -731.2503 2912.4758
-256.42514 9.987335 2805.2542
-223.25047 -406.8865 2858.262
-156.13739 -741.26184 2846.3005
-336.55997 684.4045 2675.9526
-342.20425 462.49585 2710.5945
-526.13983 459.69104 2671.3423
-655.5195 336.88434 2620.5293
-441.878 550.58856 2611.3667
-158.26865 465.30063 2749.847
-88.16553 165.5068 2779.6255
-17.093136 -96.33393 2740.8997
-347.2978 254.08914 2749.3545
-448.03522 44.223953 2767.7036
-499.8827 -364.3106 2882.0942
-548.042 -716.31573 2904.195
-256.74753 47.14081 2808.5251
-226.2388 -376.9269 2861.6995
-156.6662 -711.6013 2843.5447
-336.61157 684.88776 2676.853
-350.5723 440.65244 2707.059
-534.74335 435.97327 2669.0515
-643.75336 331.7583 2627.1782
-435.50232 553.4233 2606.7788
-166.40126 445.3316 2745.0667
-88.58139 165.74841 2778.3035
-17.299425 -96.53455 2740.0505
-353.19083 232.09991 2745.4229
-451.782 21.109043 2763.9807
-500.82562 -383.31818 2872.3623
-552.1582 -743.88776 2908.8518
-259.83667 25.985748 2803.5925
-230.7642 -394.1539 2854.991
-160.64854 -738.39325 2846.5056
-334.6261 682.63513 2669.5293
-348.7338 441.5912 2709.3118
-533.45514 436.65106 2674.3777
-642.0303 324.4443 2625.2861
-451.65833 564.22754 2581.9211
-164.01236 446.53143 2744.2458
-90.136955 166.45407 2774.8555
-17.0718 -96.56179 2747.9172
-351.0541 233.73865 2750.9746
-448.54654 23.340792 2774.639
-494.1873 -379.06335 2891.203
-540.6693 -740.35016 2921.3079
-258.20248 28.431349 2810.6362
-218.62184 -389.52112 2874.6348
-151.7473 -732.0395 2857.5288
-337.18524 682.4363 2662.193
-347.91718 466.9524 2707.042
-532.3476 464.79132 2670.23
-653.1221 317.49457 2631.4717
-464.09137 550.5236 2572.864
-163.4868 469.11346 2743.854
-82.53465 169.8565 2775.9448
-17.224127 -96.46532 2744.7827
-354.3388 259.6675 2751.3838
-456.78427 51.257362 2776.5593
-505.0367 -358.0355 2883.2336
-551.3392 -717.37177 2916.4968
-264.73663 53.507668 2814.8918
-228.01634 -366.42743 2867.389
-158.39436 -710.19476 2847.3408
-336.1714 683.3816 2660.4683
-345.60434 471.58047 2705.3113
-529.2643 469.33444 2664.848
-655.48505 317.29422 2631.482
-464.05215 546.5247 2567.8484
-161.94446 473.82657 2745.7747
-86.274345 169.41847 2773.9626
-17.180195 -96.628876 2747.5513
-352.99655 264.4574 2750.3608
-455.99478 56.16506 2774.347
-498.03522 -354.36926 2875.4949
-549.4815 -723.47076 2908.5618
-264.78244 58.50351 2816.474
-227.4018 -361.36212 2866.7568
-154.56227 -717.8201 2842.4954
-337.5975 678.76685 2654.6929
-346.58063 471.64648 2703.3728
-531.2616 470.4547 2667.6416
-649.901 316.1502 2634.419
-468.20453 553.9442 2567.967
-161.89972 472.83826 2739.104
-86.560326 168.86266 2773.7424
-17.267471 -96.80197 2747.1658
-354.3563 264.99234 2750.455
-458.22806 57.71814 2778.945
-500.48538 -352.4829 2879.3057
-549.909 -732.1427 2912.7197
-266.036 58.958363 2816.1296
-227.69133 -361.63394 2856.002
-158.39082 -717.27106 2842.0647
-337.41147 676.8912 2647.2322
-346.1198 470.9782 2700.4526
-530.3289 468.3412 2662.437
-653.86646 316.93784 2633.647
-468.77866 551.47925 2568.4565
-161.91078 473.61526 2738.4685
-85.80414 169.91553 2772.384
-17.164808 -96.59053 2743.579
-353.53378 265.0572 2750.662
-456.80585 57.763924 2781.089
-496.34763 -352.73917 2880.9424
-546.85864 -724.5041 2913.6191
-265.08975 60.508385 2820.654
-227.2894 -359.63617 2865.3552
-159.2598 -711.7983 2850.014
-337.30768 679.0019 2652.1304
-346.287 473.22314 2701.3252
-530.3512 470.63956 2662.4783
-649.89374 313.3942 2628.7566
-475.40485 556.42474 2568.8835
-162.22266 475.8068 2740.1719
-82.452034 170.72592 2770.8396
-17.33644 -96.75631 2741.6555
-353.53702 266.7832 2749.4072
-456.56024 58.99894 2777.2764
-492.94843 -354.3116 2865.4912
-548.9914 -721.2656 2912.622
-265.01376 61.687527 2817.7021
-225.61272 -359.1764 2853.107
-155.92491 -719.4804 2838.889
-345.01602 678.3659 2665.427
-349.39304 471.37878 2705.263
-533.846 467.10205 2668.5325
-664.2109 306.0674 2638.2595
-483.79846 542.3239 2570.4998
-164.94019 475.65552 2741.9934
-81.74817 170.82541 2771.875
-17.33048 -96.864 2740.0242
-352.9364 263.62552 2747.2468
-452.46725 53.64673 2770.1167
-493.8177 -358.9305 2859.5735
-546.6806 -728.9173 2906.778
-260.49222 58.097847 2808.345
-223.00111 -362.7164 2846.5266
-153.75056 -717.0119 2833.3284
-349.0335 685.90485 2678.6577
-350.91006 476.99838 2710.3728
-536.54425 473.2716 2680.3276
-662.37994 294.32034 2648.3843
-500.0163 541.8507 2575.7905
-165.27591 480.72513 2740.418
-82.751686 173.64284 2774.1948
-13.150694 -93.32022 2741.7559
-352.39996 267.93622 2745.5098
-450.4547 56.93546 2765.0176
-497.89008 -351.60284 2868.5625
-551.5097 -722.7673 2916.0542
-257.3249 60.812675 2796.276
-228.31776 -357.56644 2858.48
-161.53683 -714.3373 2843.5264
-350.88425 685.48944 2687.7166
-350.65338 475.5012 2712.3958
-535.7604 471.26294 2679.2905
-657.15393 306.62863 2645.203
-493.4359 560.3449 2574.8423
-165.54623 479.73944 2745.501
-85.33867 174.35434 2774.5964
-14.959655 -94.30307 2742.368
-351.36877 265.74338 2743.2498
-448.4021 53.780167 2756.878
-495.07904 -355.08105 2859.7544
-548.69324 -727.1857 2909.8882
-255.76611 58.190834 2791.3296
-225.4059 -360.2159 2853.63
-158.80476 -718.5825 2842.03
-350.2208 678.05225 2661.5276
-354.59073 472.05148 2704.9575
-541.1082 470.1739 2681.05
-654.1864 327.06793 2646.0952
-505.64673 597.5203 2584.2727
-168.07332 473.92905 2728.8647
-88.22935 173.43408 2771.9019
-16.40612 -95.41616 2739.386
-358.04337 264.6092 2748.185
-458.53278 56.19004 2778.9749
-506.10315 -353.31107 2877.2961
-553.78033 -725.7681 2920.925
-264.4592 58.14366 2803.8506
-233.09499 -360.9758 2860.1
-159.94211 -717.91455 2841.5132
-351.63092 684.6013 2673.7144
-358.57413 476.22675 2709.6162
-545.9859 478.3126 2694.4011
-658.09644 348.31055 2641.5142
-535.8409 635.76654 2599.198
-171.16228 474.14093 2724.8313
-88.861145 174.57117 2772.5098
-13.209436 -92.0846 2730.44
-363.90408 267.5183 2746.6572
-466.7332 59.895054 2775.7827
-505.58914 -350.4461 2874.95
-549.6297 -728.2439 2917.786
-271.73505 57.724792 2791.6138
-226.97267 -359.25674 2854.1921
-161.96143 -718.9029 2840.3506
-358.99844 689.9015 2668.7368
-363.39178 481.84805 2708.8794
-551.2658 483.29694 2700.5378
-663.24634 338.29816 2635.8481
-572.6663 629.4312 2569.3665
-175.51776 480.39923 2717.221
-86.68775 176.4144 2770.8704
-12.115317 -90.986534 2735.905
-366.71994 273.38342 2747.6304
-467.81195 65.67265 2782.0405
-502.3165 -344.7017 2883.5283
-549.2866 -725.801 2923.5264
-272.28424 64.164856 2790.7222
-225.98009 -351.33994 2862.1763
-160.96152 -711.8815 2849.4556
-360.51862 683.1822 2666.252
-363.31363 474.06244 2707.5325
-551.3722 474.25226 2702.968
-681.0559 319.06906 2632.2039
-619.75006 605.7668 2534.7014
-175.25507 473.87268 2712.0972
-85.16619 176.35684 2768.4639
-15.862693 -94.66709 2741.217
-364.50516 265.8735 2747.9697
-463.53928 57.78331 2786.032
-501.51334 -354.94455 2876.0837
-547.4144 -737.5255 2917.9216
-267.85416 57.585857 2790.7817
-224.71806 -357.62842 2865.8372
-159.60686 -721.7239 2848.148
-370.25446 682.653 2661.3767
-367.55304 472.72986 2704.622
-555.63 469.17978 2702.6213
-688.75775 287.26248 2643.7861
-673.58026 537.03345 2485.418
-179.47617 476.28003 2706.6228
-99.03563 174.84163 2765.868
-10.494743 -90.04061 2749.5667
-364.0916 265.08542 2747.682
-458.4842 55.59388 2789.7007
-502.79764 -358.1602 2871.6777
-549.49786 -731.13885 2914.4336
-262.776 59.288017 2791.7827
-227.75902 -356.54587 2867.773
-158.8159 -726.3064 2836.8774
-375.8742 681.7507 2663.161
-370.76895 472.40567 2704.9507
-558.8192 467.7359 2707.1533
-699.2211 261.0911 2641.6865
-732.67505 470.29358 2453.458
-182.71864 477.07553 2702.748
-106.03904 172.6799 2770.9595
-12.861721 -91.27386 2749.7812
-365.1232 264.59418 2746.3755
-457.33127 54.35276 2788.9465
-505.9111 -360.1161 2864.8071
-549.2244 -730.8275 2909.1338
-261.6235 59.212704 2786.654
-229.57709 -358.08484 2855.6902
-158.821 -725.8401 2823.8345
-384.62857 677.4499 2659.8794
-377.8665 468.32053 2703.849
-565.75507 462.0896 2708.9705
-711.5501 243.02136 2662.1843
-777.5731 393.38596 2442.181
-189.9778 474.5514 2698.728
-104.25459 177.17711 2774.2544
-11.567678 -91.23836 2755.7388
-369.82776 260.65222 2746.1082
-459.57904 49.74091 2791.0325
-511.4914 -363.10577 2873.4302
-553.8898 -726.70337 2922.2344
-263.99908 56.226913 2785.7017
-238.15848 -359.90967 2863.5308
-166.55557 -716.9035 2839.0771
-398.1699 668.31915 2653.5593
-386.1536 460.06818 2700.213
-573.9484 450.7332 2705.2153
-714.86884 228.99612 2685.5674
-824.6469 315.75024 2448.442
-198.35863 469.4032 2695.2107
-101.546455 178.81183 2775.0715
-11.293586 -91.10577 2761.9648
-374.66843 253.1527 2745.2476
-460.9045 41.37958 2792.8853
-505.6246 -373.03778 2871.501
-549.6755 -730.77576 2916.2046
-265.46225 51.09476 2787.6792
-229.6468 -364.2272 2866.0422
-156.64954 -721.5509 2834.3267
-407.6504 664.2231 2648.716
-393.0086 456.4269 2697.126
-580.6431 444.19852 2703.0742
-730.2162 208.9985 2679.3848
-871.36414 246.61105 2445.6814
-205.37402 468.6552 2691.178
-104.88534 176.45392 2771.775
-9.012633 -90.330605 2778.8765
-378.0795 250.11343 2743.9202
-460.77902 37.437397 2793.8093
-510.19644 -371.9689 2892.548
-551.9748 -726.84674 2918.5378
-265.5217 50.16253 2787.6194
-228.39754 -364.75375 2867.693
-161.04509 -712.70013 2844.2317
-425.53058 658.03235 2641.729
-403.0163 453.1526 2693.7961
-590.05237 435.3096 2702.073
-750.30304 180.24136 2676.5603
-906.9582 186.32906 2447.993
-215.98026 470.99557 2685.5193
-113.21975 185.11015 2769.6794
-11.457795 -78.56508 2759.2783
-381.26828 248.11325 2743.2285
-456.87793 33.786137 2796.9692
-504.44388 -377.977 2886.8591
-543.7664 -727.9552 2912.3806
-262.16263 52.36168 2788.3525
-219.85114 -363.0893 2862.7532
-156.24715 -714.79224 2840.7837
-437.3785 646.8011 2640.0027
-413.75266 442.72195 2691.751
-600.58325 423.78192 2702.8933
-767.8224 165.30782 2680.3828
-929.6168 117.732544 2457.2253
-226.92203 461.66205 2680.6086
-115.80155 195.27849 2766.9172
-15.132447 -63.543312 2742.496
-390.03 237.86401 2741.2996
-463.51697 23.151367 2796.6455
-514.1353 -387.77344 2888.8457
-551.73395 -728.796 2918.6611
-269.09778 42.860737 2785.0508
-228.56519 -371.78748 2864.6626
-162.12723 -726.3705 2842.5713
-444.59732 645.38293 2639.3848
-417.3637 441.0724 2691.6367
-603.8543 419.39124 2703.3647
-771.91034 156.1549 2674.69
-943.8152 95.449135 2457.5928
-230.87305 462.7536 2679.9087
-116.89927 196.63895 2765.9617
-11.593477 -56.844505 2735.9084
-390.4741 236.64221 2741.2917
-460.62793 20.929848 2797.0498
-510.5934 -390.5916 2887.063
-544.5918 -722.3866 2917.9062
-266.5411 43.494125 2784.844
-224.77762 -370.34766 2868.066
-155.06398 -720.0673 2837.1157
-454.88824 646.43036 2638.1794
-423.47714 441.84573 2689.155
-609.5383 416.12906 2699.671
-783.97375 141.29346 2674.4321
-962.6446 49.381054 2459.9468
-237.41586 467.56235 2678.6392
-117.97063 197.40985 2766.2449
-10.869787 -54.158512 2743.779
-392.51077 237.79034 2738.034
-458.35324 20.354391 2792.3843
-515.0698 -387.76633 2893.0466
-550.01886 -724.9339 2917.2832
-264.73572 47.11548 2781.4414
-224.93907 -363.39545 2880.1665
-160.70312 -728.01196 2819.3813
-461.46216 647.5645 2638.4775
-427.3047 443.93503 2689.202
-612.9813 415.69186 2699.9417
-790.48596 134.1484 2670.2202
-974.3277 27.531387 2456.8843
-241.62791 472.1782 2678.4624
-118.48414 198.20496 2767.1235
-9.536237 -51.664116 2734.168
-393.51718 240.23538 2737.6606
-456.349 21.838945 2791.7078
-513.8481 -385.61844 2894.7368
-547.30316 -725.0363 2918.3794
-263.11026 51.232388 2780.5308
-225.99777 -360.52457 2875.2524
-158.46347 -720.60046 2825.9966
-466.41354 647.0422 2621.9468
-431.96997 446.9228 2682.7083
-617.579 416.95367 2688.468
-797.4642 126.844345 2664.7913
-987.62994 -13.760651 2463.2422
-246.36092 476.8919 2676.9485
-119.439865 198.21915 2765.3032
-9.116426 -51.13872 2723.3855
-397.6987 245.5259 2739.1968
-460.02277 28.532478 2798.6829
-519.5419 -378.41843 2902.703
-551.37946 -721.9836 2927.3323
-266.83215 59.725735 2792.6877
-231.79543 -352.16727 2887.7175
-163.57019 -728.5649 2834.075
-485.64014 653.395 2621.8848
-442.0561 454.43637 2681.6836
-626.2295 417.32635 2688.0964
-797.2289 124.43076 2658.9302
-988.4272 -31.395557 2466.654
-257.88263 491.5463 2675.2708
-119.71353 200.11479 2766.1711
-8.420893 -51.088547 2733.8425
-399.81528 254.43767 2737.4595
-453.46866 35.116863 2796.5745
-510.6846 -373.7296 2894.0322
-543.9247 -722.1845 2916.2603
-261.6804 73.761215 2789.8965
-225.60341 -340.4249 2873.306
-155.88303 -722.076 2822.0762
-493.80737 647.7006 2608.3215
-447.42737 450.87183 2675.4705
-630.4444 407.78928 2676.7559
-773.9976 145.48706 2669.9014
-963.98096 -40.888767 2519.8098
-264.41046 493.9544 2674.185
-121.45779 208.75272 2767.6
-8.424228 -49.26986 2749.5437
-400.57477 253.6967 2737.7112
-448.9584 34.10269 2800.6208
-514.2628 -374.44073 2893.6309
-549.4097 -734.01886 2913.7532
-258.48584 78.94031 2799.283
-235.81009 -337.7204 2873.9944
-156.79062 -736.35315 2824.4126
-487.80005 639.28784 2605.0386
-444.9356 443.5946 2674.6536
-628.3373 401.94122 2674.2427
-772.76984 145.09338 2665.146
-963.7547 -49.89591 2529.287
-261.5339 485.248 2675.0647
-122.234764 209.86592 2770.2864
-5.4868517 -49.84506 2754.2761
-400.31815 246.50797 2738.9116
-451.1089 27.75261 2802.9558
-518.5064 -380.75967 2895.0154
-552.0559 -731.80963 2917.0828
-260.2923 71.090034 2803.3833
-236.46782 -346.38156 2873.915
-161.64568 -744.25397 2821.9402
-509.03427 635.5654 2613.3489
-457.85464 440.09982 2676.4993
-639.63074 391.89734 2676.9526
-772.54315 137.7144 2655.3218
-968.2096 -62.92097 2535.2727
-276.0786 488.30228 2676.0457
-129.04796 219.96498 2767.039
-10.754078 -38.071766 2748.9941
-405.6271 243.71318 2736.8777
-448.00873 22.238546 2797.4922
-512.1695 -385.56335 2895.0813
-543.4965 -730.3789 2909.9124
-258.79053 72.41447 2797.02
-231.488 -344.87302 2868.0322
-152.74144 -724.5997 2820.459
-511.8635 637.40326 2607.5613
-459.8862 441.72842 2674.5034
-641.3106 392.13434 2672.8967
-773.6126 133.81927 2650.7288
-970.3026 -66.68825 2531.8335
-278.46164 491.32254 2676.11
-127.532845 217.9721 2767.031
-7.5057845 -40.460796 2758.6658
-406.94287 246.03758 2736.686
-448.38943 24.544344 2798.0327
-520.9423 -380.42072 2900.9731
-550.3985 -726.1323 2914.2727
-259.60974 76.149055 2799.7046
-234.42395 -341.15204 2871.6204
-162.28323 -723.31964 2829.505
-501.93738 625.9941 2592.4543
-453.95468 432.7391 2668.6396
-635.61035 384.1846 2663.2275
-771.2873 133.17351 2645.2588
-968.83185 -70.179794 2532.6812
-272.29898 481.29364 2674.052
-134.898 230.96231 2763.2395
-13.451531 -26.264349 2764.0999
-404.11386 238.56572 2737.767
-448.79956 19.126411 2804.0781
-518.70264 -385.04953 2912.147
-552.7509 -736.3349 2916.268
-259.7464 69.65817 2809.7107
-238.48032 -348.3029 2879.0117
-157.37163 -741.8989 2829.2495
-498.3328 614.4615 2598.1099
-451.48093 422.08438 2670.3713
-633.24207 373.78784 2665.6067
-774.2989 132.1927 2641.8225
-969.93756 -74.351906 2531.719
-269.71985 470.38104 2675.1362
-135.95059 233.97928 2766.6204
-14.752306 -22.106684 2766.775
-401.5854 227.57373 2738.6099
-446.26016 7.9343023 2804.3691
-516.8792 -397.44904 2907.3472
-548.5668 -737.47485 2915.1448
-257.11954 58.1918 2809.3274
-233.37807 -360.7192 2871.4368
-154.90422 -744.97656 2826.6006
-496.60904 610.0863 2589.0972
-453.07227 418.10864 2666.4666
-635.16003 371.42062 2658.832
-781.2598 125.42379 2636.7915
-974.89355 -78.49348 2518.8027
-270.9844 464.7966 2674.1013
-135.99348 234.98409 2769.8953
-15.959858 -18.609373 2767.03
-406.32983 224.07376 2738.2297
-454.33563 5.745117 2806.0203
-526.82104 -400.59445 2903.9597
-556.3244 -724.6327 2917.9692
-264.8392 54.332684 2813.9656
-238.01898 -363.63657 2881.2993
-159.68796 -737.5628 2817.7366
-491.278 607.2431 2587.6084
-452.8677 414.78906 2666.2065
-636.16705 373.16666 2658.5852
-778.82526 126.13684 2635.4526
-972.95135 -76.21951 2515.3125
-269.56836 456.41144 2673.828
-134.75116 233.00174 2768.2285
-16.388876 -18.461437 2770.413
-411.62894 219.86588 2738.917
-465.75943 3.2868326 2807.662
-525.54236 -405.88794 2902.021
-551.8024 -724.4567 2923.512
-275.0209 46.598454 2815.5928
-234.65865 -370.39874 2881.58
-157.91652 -740.6793 2823.7769
-505.41656 610.8552 2589.9858
-461.39496 418.71347 2665.6038
-643.7454 373.04315 2658.787
-779.4223 121.91631 2633.3738
-971.80963 -78.605064 2507.53
-279.0445 464.38382 2672.4204
-133.69193 232.00017 2770.0745
-16.28982 -17.772717 2771.3713
-415.32816 224.20908 2736.4272
-464.16092 5.9368134 2803.7031
-522.9804 -401.543 2905.8223
-552.413 -721.04 2920.2783
-274.36176 53.472683 2810.7983
-231.00108 -363.02283 2878.6123
-158.88295 -720.8693 2821.8118
-515.5762 615.1285 2587.3164
-466.9926 424.71744 2664.4924
-648.588 375.78214 2660.1682
-779.694 123.34645 2631.5664
-970.8644 -82.30223 2512.3574
-285.39728 473.6527 2668.8167
-125.6693 216.74895 2774.0183
-11.132341 -37.607166 2782.1387
-416.6868 231.67346 2736.4988
-460.86682 13.167959 2806.2551
-514.8737 -396.11487 2903.8381
-547.716 -730.9583 2920.2986
-271.89526 64.090965 2810.7551
-232.72083 -352.6942 2879.3887
-153.37814 -732.49146 2820.944
-501.44778 613.2154 2596.1812
-458.5405 419.99594 2668.6008
-641.295 375.70767 2664.6316
-775.7604 128.98679 2631.052
-964.97614 -72.13914 2508.3806
-275.78604 464.28412 2672.57
-123.45275 212.1715 2777.579
-8.754393 -46.62763 2784.008
-412.71973 224.75255 2737.389
-462.01898 6.457977 2804.111
-519.6528 -402.03073 2903.032
-552.29034 -738.8753 2913.0095
-271.77878 52.560238 2808.243
-235.4494 -364.54376 2876.62
-156.987 -746.4244 2817.0764
-486.3172 612.06744 2582.3508
-449.785 420.99316 2665.2957
-633.25256 380.50372 2656.471
-766.6607 145.73682 2635.3618
-952.6053 -61.97083 2524.717
-266.31735 461.4826 2674.1204
-121.90507 208.71709 2777.8591
-8.443116 -48.59075 2772.7834
-410.64304 227.07613 2741.2559
-466.9673 12.090659 2812.6243
-522.6948 -395.87253 2914.7837
-556.22784 -713.22784 2932.0574
-276.03506 54.227398 2821.8079
-234.84856 -362.11868 2891.996
-161.59534 -713.52234 2845.695
-477.35782 614.60895 2585.4163
-444.20105 423.2349 2666.729
-628.37317 385.7087 2658.7917
-764.17645 152.19173 2635.853
-952.387 -56.16928 2532.7292
-260.0289 460.7611 2674.6663
-119.97916 206.18372 2776.7227
-8.422698 -48.83603 2769.742
-407.6888 228.20966 2741.5686
-467.00226 13.659239 2812.2783
-517.03345 -397.06656 2905.7988
-549.8088 -724.61017 2920.4302
-275.3507 52.70941 2820.5378
-230.99225 -365.50308 2875.4258
-157.16824 -715.4739 2842.3708
-470.25116 612.39996 2577.1772
-441.5049 422.42584 2665.2698
-626.32086 388.506 2656.1282
-762.17487 153.7206 2633.5835
-951.4838 -53.138237 2532.015
-256.6888 456.3457 2674.4114
-120.00196 202.28047 2778.6648
-8.340855 -48.931698 2767.5725
-409.776 228.24156 2744.3257
-474.21454 16.407356 2818.6248
-522.9346 -394.64407 2911.3362
-553.6134 -725.6937 2924.617
-281.87973 51.707127 2828.1384
-233.86362 -366.67996 2878.9634
-160.32426 -712.79755 2849.0886
-466.05338 617.24445 2593.3599
-438.92447 423.96725 2672.2612
-624.03864 392.20172 2661.5503
-755.10803 161.65532 2635.4946
-943.5606 -47.18899 2537.1108
-253.8103 455.7327 2682.9722
-120.51395 199.05661 2783.4219
-8.060254 -48.847206 2742.9126
-409.2376 226.72604 2744.151
-475.86823 12.956775 2810.4673
-519.5408 -399.1288 2900.6804
-547.5271 -730.7719 2915.27
-283.23312 46.01282 2821.6135
-229.35916 -372.1854 2868.0906
-156.28053 -725.2879 2836.5093
-456.77716 629.23035 2623.4177
-430.48752 428.7764 2683.3508
-616.18335 400.07437 2674.341
-749.854 166.89308 2637.7502
-938.35144 -42.895573 2541.653
-244.79163 457.47845 2692.3606
-124.436264 194.9614 2786.1492
-11.58661 -53.091614 2735.759
-402.13995 227.06267 2741.6846
-470.42624 10.412747 2795.3298
-516.6918 -399.71295 2893.107
-547.9346 -731.9789 2906.306
-277.1584 40.285145 2804.7068
-225.87294 -376.96948 2861.3147
-154.76329 -725.151 2826.2046
-445.21985 643.64655 2635.1736
-423.30478 439.50583 2688.3953
-609.6413 415.70938 2678.4675
-741.5106 174.99525 2643.2139
-928.7489 -38.182884 2552.4197
-236.9682 463.3022 2698.3232
-125.11592 194.9953 2787.5564
-14.7750845 -56.447636 2742.128
-400.15378 235.75345 2742.2544
-473.96698 19.618086 2790.9473
-518.8372 -387.077 2902.545
-553.4336 -722.5097 2918.956
-280.03857 44.384018 2801.2795
-232.02261 -370.81775 2873.2124
-158.09416 -717.87054 2837.1868
-431.91605 653.6838 2638.3726
-415.7767 447.2931 2691.7222
-602.6675 428.25598 2681.9915
-740.8102 166.40706 2645.4966
-935.9076 -45.573494 2552.8428
-228.88585 466.3303 2701.453
-124.284 192.50163 2788.65
-14.190248 -64.272095 2758.3372
-397.62512 242.51013 2743.7358
-476.72775 27.820585 2790.6858
-517.10565 -380.08688 2899.8713
-554.1723 -729.27203 2914.946
-282.21915 47.633774 2800.8132
-234.23563 -367.95758 2871.0564
-158.62526 -722.49115 2839.1057
-415.6162 671.78125 2653.652
-404.21075 459.97473 2698.1885
-591.1719 444.15573 2684.6787
-726.5902 170.2529 2662.7078
-923.74023 -39.15145 2564.185
-217.24965 475.79385 2711.698
-120.305176 193.64624 2793.918
-13.698682 -66.52369 2759.1162
-389.93835 253.17041 2742.829
-472.9495 38.134747 2780.4402
-511.99826 -368.5476 2894.4668
-549.23474 -719.81396 2914.3064
-278.38254 54.597385 2794.4995
-231.56721 -360.0628 2870.478
-153.87326 -721.70044 2836.1155
-401.07498 676.75244 2657.481
-396.00812 465.56744 2700.6348
-583.1724 455.75992 2684.6938
-710.85767 173.72762 2680.5144
-899.6299 -43.739685 2577.8984
-208.84383 475.37494 2716.5757
-118.326866 182.66565 2791.4824
-14.265491 -81.87712 2763.8801
-388.71475 257.87158 2742.7852
-478.81546 45.072235 2776.6406
-516.1887 -362.23776 2889.0913
-553.99805 -725.7104 2914.0247
-284.02713 55.279255 2793.2307
-237.92639 -360.43048 2863.9138
-159.78972 -722.0258 2840.9058
-384.2355 677.1983 2658.7083
-385.06894 466.2036 2702.5283
-572.5564 462.50903 2687.9358
-697.96454 167.68013 2694.1387
-890.2307 -57.957123 2608.097
-197.58154 469.89822 2717.1208
-118.08162 173.4222 2791.6304
-16.118414 -90.993935 2754.1052
-384.21902 258.2786 2744.2515
-480.91714 48.43118 2778.3823
-509.15848 -363.35864 2875.7073
-549.4811 -725.9504 2915.177
-285.8208 52.275784 2793.567
-232.91574 -362.66248 2864.0134
-154.48807 -721.67413 2836.9001
-372.71674 684.92395 2678.5083
-378.80215 471.9382 2710.9326
-566.3941 473.05136 2697.638
-680.08466 168.75021 2709.4895
-849.23254 -73.88309 2622.7126
-191.2103 470.82498 2724.227
-116.87273 171.53265 2790.9775
-16.75708 -93.79591 2748.9688
-382.39722 262.68018 2744.1382
-483.62155 54.001488 2770.4248
-510.63934 -357.88782 2867.8755
-552.81396 -719.7729 2903.7458
-288.36285 52.84281 2784.2627
-235.29239 -362.33054 2853.2832
-155.75204 -727.3615 2821.1287
-356.16974 684.8431 2673.2014
-368.91135 471.96176 2710.6963
-556.1741 479.7103 2694.9827
-667.78174 169.44447 2721.3718
-811.6739 -89.816765 2637.5344
-181.64857 464.21323 2726.41
-115.47961 163.12674 2791.4775
-23.749166 -109.98047 2757.8877
-380.5168 263.27377 2746.0952
-489.55392 58.617367 2773.3184
-507.45236 -355.22205 2863.7183
-552.473 -721.1593 2912.6758
-294.6906 50.55434 2789.67
-234.46565 -362.24127 2866.0913
-160.43073 -731.4173 2828.7212
-345.48877 685.933 2677.3892
-359.13428 472.99185 2712.4326
-546.46655 482.9732 2698.3655
-653.2008 162.3632 2720.8396
-771.1054 -114.75719 2645.359
-171.80202 463.01053 2726.4998
-114.876015 159.5312 2793.1257
-25.871304 -115.17011 2750.2244
-372.7805 264.0071 2745.8738
-483.89636 60.215664 2771.9958
-501.85797 -352.95264 2866.2258
-544.7828 -722.5646 2913.3938
-288.95697 49.828968 2786.634
-230.40358 -362.89725 2865.136
-155.70416 -724.93604 2833.571
-338.85327 691.8815 2691.9053
-354.54333 476.9636 2717.9514
-541.8285 489.0454 2704.86
-640.3072 162.84587 2727.2034
-743.2105 -123.899216 2663.7292
-167.25826 464.8817 2731.043
-112.727615 162.87965 2785.043
-26.164495 -116.88747 2746.9263
-369.95325 267.16565 2744.7852
-482.81998 63.65464 2764.8064
-503.85477 -349.0415 2860.4631
-551.9423 -729.9448 2913.097
-287.90628 51.08061 2778.4312
-234.14577 -362.12973 2857.7693
-159.5221 -725.01465 2835.8591
-331.64072 692.1354 2696.7861
-349.36142 477.6375 2720.2192
-536.5036 491.1998 2706.402
-627.5768 167.20775 2734.7954
-716.9702 -127.337776 2683.5042
-162.21921 464.0752 2734.0364
-114.431526 161.97282 2782.5083
-25.960722 -116.98328 2734.9526
-366.37247 267.61404 2744.4717
-480.76056 64.64743 2761.5344
-499.6396 -348.12466 2857.589
-547.4902 -731.93054 2910.8066
-286.00662 50.533527 2775.9136
-231.11566 -361.43353 2860.8867
-155.69283 -723.00696 2840.3943
-331.01416 696.23627 2696.7695
-348.1615 482.21268 2720.7922
-535.22687 495.59036 2705.8005
-621.29016 167.10606 2735.9011
-714.9467 -127.826195 2696.595
-161.0961 468.83505 2735.7837
-114.71732 162.4849 2780.2532
-25.845142 -116.51176 2733.4292
-365.16348 272.24008 2745.5752
-479.50467 69.22854 2762.5574
-497.99023 -344.3669 2855.0715
-547.9447 -726.5815 2913.8
-284.8261 55.306458 2778.1592
-231.81497 -357.10007 2862.2705
-156.08607 -715.248 2842.4375
-326.64426 695.5851 2692.5347
-344.64832 482.0112 2720.0276
-531.56085 495.09818 2703.0325
-612.81476 168.51904 2732.482
-708.6329 -125.190384 2705.3196
-157.7358 468.92416 2737.0227
-116.419586 167.62769 2777.0598
-21.819906 -106.74919 2723.3503
-361.74255 272.2828 2746.5303
-476.09955 69.36444 2764.1895
-497.78442 -344.9705 2852.03
-546.1808 -723.4703 2909.189
-281.57413 55.744408 2781.8767
-229.87143 -358.71942 2854.765
-155.29855 -723.10565 2836.9539
-325.1498 689.79376 2692.4536
-339.70428 476.4534 2719.986
-526.8226 488.03622 2704.4607
-611.7334 166.41028 2735.8628
-700.2684 -129.48624 2704.7703
-152.58588 464.8705 2735.5112
-116.887695 169.12854 2774.7522
-22.040577 -101.79021 2720.7825
-354.86526 266.5423 2746.1072
-467.40277 62.659 2764.149
-496.3868 -351.06342 2853.066
-545.29156 -733.2421 2913.8337
-272.64987 50.603497 2780.3076
-225.6277 -364.56818 2853.3213
-153.72272 -729.6248 2833.2827
-327.2581 699.599 2720.1738
-338.46063 485.44696 2730.8955
-525.6473 495.39612 2714.915
-608.1928 165.11246 2734.4792
-698.44806 -131.06244 2705.553
-151.27396 475.49783 2746.876
-109.97905 163.77303 2774.1667
-23.911728 -102.96588 2712.8845
-350.8319 274.28644 2744.342
-460.60175 68.3027 2749.4734
-497.3403 -342.65942 2847.7961
-546.1027 -726.6778 2905.7185
-265.80457 57.94906 2766.1035
-230.19923 -355.00882 2855.2446
-153.63774 -728.30493 2828.5142
-324.31445 694.82715 2703.6255
-336.48935 480.48706 2725.4028
-523.3117 490.0867 2705.4795
-608.326 165.05472 2737.8691
-696.8139 -131.16113 2701.1064
-149.66696 470.88745 2745.326
-110.775475 161.42082 2772.797
-23.771 -104.13607 2720.441
-349.55438 269.9083 2746.4521
-459.82343 64.324165 2757.1355
-499.27298 -346.12912 2856.4924
-552.4928 -729.51337 2915.949
-265.4154 54.334717 2777.8677
-234.18573 -359.22858 2865.9077
-156.77695 -738.812 2832.7068
-323.2029 693.32495 2700.6987
-334.31284 480.21185 2724.615
-521.02704 489.33325 2703.4324
-605.6674 168.53215 2734.9353
-691.5535 -126.83576 2697.5884
-147.59859 471.09045 2745.7976
-112.892586 163.70667 2774.9011
-21.884632 -99.75772 2721.384
-347.14056 269.71893 2747.0454
-457.12164 63.972115 2758.4539
-496.42752 -346.24255 2859.0554
-546.8007 -728.27374 2914.4924
-262.8149 54.479813 2780.4978
-229.43797 -358.8949 2869.2434
-153.00726 -736.5884 2826.8171
-322.77368 692.6134 2693.9993
-334.27567 478.56134 2721.0623
-521.03516 487.495 2700.1025
-605.9221 165.63852 2734.7305
-692.3843 -128.93542 2689.6914
-147.51611 469.62775 2742.0222
-111.728874 160.67139 2776.4734
-23.795633 -102.16692 2722.8635
-347.182 268.4204 2746.4949
-457.26688 62.927956 2761.0212
-503.0963 -346.86227 2860.646
-550.9567 -728.0198 2913.4536
-262.90973 53.63092 2782.8335
-233.40462 -363.32727 2854.3955
-155.40564 -729.8943 2829.601
-322.8918 689.0344 2677.885
-335.3929 476.21515 2714.7527
-521.7466 483.88968 2690.2876
-608.0243 164.88116 2732.8447
-692.0541 -129.65659 2686.053
-149.03912 468.5406 2739.2178
-112.43777 157.7824 2777.7583
-24.641273 -107.28369 2725.9917
-348.2524 267.11453 2747.1118
-458.09906 62.008137 2766.7383
-502.51862 -349.2307 2860.7825
-549.8875 -729.2819 2920.3655
-264.12485 54.019787 2792.2036
-232.55795 -363.45105 2860.1768
-159.03519 -721.4564 2850.3958
-323.61755 688.6658 2677.551
-337.1908 476.27985 2714.504
-523.99786 485.4312 2694.2947
-609.2553 166.96889 2734.7112
-692.1473 -127.51945 2693.5872
-150.38367 467.12848 2734.713
-112.85904 163.698 2777.695
-19.929909 -97.45234 2718.8892
-350.9389 267.1297 2746.877
-461.87918 62.740887 2768.7356
-504.77322 -349.8403 2857.489
-549.6927 -729.6022 2914.614
-267.49484 53.218323 2789.7646
-236.61174 -364.32715 2857.9824
-156.04036 -714.1981 2843.2734
-325.02368 690.58984 2677.9595
-339.3434 477.72498 2713.7087
-525.78656 487.5077 2690.5735
-608.05475 167.73944 2732.6711
-690.1738 -127.1093 2696.734
-152.90028 467.94214 2736.8442
-112.70604 162.9249 2777.1716
-18.668978 -93.615166 2722.7031
-354.18594 268.436 2744.8242
-466.03342 64.237045 2763.9023
-502.02722 -347.37134 2859.4888
-548.0851 -726.5726 2916.207
-272.0235 54.057255 2787.9768
-234.25078 -362.21646 2860.2517
-156.41016 -707.2857 2845.239
-325.30267 689.8131 2678.3662
-340.61386 476.58292 2713.4175
-527.45734 487.18387 2694.6118
-608.03455 166.87688 2731.3347
-692.77246 -127.9599 2697.3196
-153.77045 465.98203 2732.2234
-113.86123 163.45677 2775.089
-19.683681 -92.23836 2719.8298
-355.56006 267.19952 2743.8843
-467.75156 63.33344 2764.5632
-504.8065 -348.0693 2860.9631
-549.71375 -732.22626 2912.9336
-273.26105 52.29863 2784.1387
-234.72305 -364.90277 2850.316
-157.93512 -715.12823 2840.0105
-327.565 689.75366 2688.2188
-342.30185 475.9958 2716.5483
-529.3632 486.61658 2699.5735
-609.2651 166.22565 2732.5823
-697.9418 -127.861694 2701.3699
-155.24048 465.37512 2733.5232
-114.97219 160.85825 2778.0195
-19.193499 -92.26994 2714.7622
-356.71024 266.18787 2744.0557
-468.4482 61.90595 2762.731
-501.7537 -350.28094 2857.3525
-549.2399 -727.71716 2907.3293
-273.78882 50.85383 2780.395
-232.29405 -365.35086 2851.1755
-157.31201 -709.7099 2840.3374
