-513.22485 661.7291 2610.0486
-475.75333 457.28726 2656.862
-663.18036 423.23715 2655.9436
-755.37274 147.86507 2664.8547
-920.7939 -84.28709 2573.709
-288.32623 491.33737 2657.7805
-161.7096 227.79222 2767.532
-51.371265 -30.689585 2766.7756
-438.23422 249.47714 2704.639
-499.04947 23.80247 2751.9338
-501.76968 -364.08624 2944.3542
-541.62354 -802.9384 2844.556
-302.38086 59.531464 2752.8977
-248.4458 -346.54688 2893.1292
-129.97803 -792.8794 2798.2988
-320.04874 697.05585 2697.973
-323.53174 483.9683 2701.812
-512.9855 487.34 2682.2168
-574.7305 165.60307 2722.312
-627.6156 -123.70387 2698.6362
-134.07803 480.59656 2721.4075
-83.02007 157.65668 2757.2231
-31.061749 -112.38594 2699.3894
-328.44467 267.8938 2712.1333
-432.75433 53.588284 2712.1738
-479.62695 -357.9433 2838.7788
-515.15424 -730.90137 2861.7295
-233.96092 50.05034 2732.735
-211.25641 -366.49637 2849.0325
-147.3801 -726.4572 2812.3086
-319.8972 690.32837 2672.9954
-327.37033 477.52448 2693.7354
-516.94745 483.29083 2675.9673
-573.4375 171.65494 2722.3542
-640.52185 -113.51007 2693.2776
-137.79321 471.75812 2711.5034
-82.257355 157.16234 2757.799
-30.841675 -112.73252 2696.2092
-335.91306 262.37155 2715.058
-443.90756 50.243694 2727.0598
-487.9619 -359.39282 2860.0867
-523.01776 -737.5508 2879.451
-245.00406 44.193634 2745.702
-219.58418 -371.97324 2862.5288
-156.48436 -730.91693 2831.7969
-322.48016 690.4223 2667.2417
-328.01172 477.87317 2691.9363
-517.60223 480.99658 2673.5537
-586.3571 162.66272 2718.8296
-633.43896 -121.08597 2678.587
-138.4212 474.74976 2710.3188
-82.81406 156.29213 2759.4639
-28.73694 -113.582855 2701.231
-333.90503 262.83505 2716.1802
-439.2657 49.43561 2730.7798
-482.42087 -360.80463 2862.5518
-515.0252 -736.0589 2878.5737
-240.33089 46.158234 2750.0684
-213.35849 -371.5373 2860.9978
-147.32368 -726.694 2826.0654
-322.19275 689.04095 2661.053
-328.38293 477.21515 2690.5317
-517.6749 479.8311 2669.3428
-596.59015 163.91653 2722.2092
-630.96924 -123.89148 2675.8655
-139.09096 474.5993 2711.7207
-87.95427 160.32248 2760.6167
-36.750767 -113.50012 2710.1123
-334.43317 262.52225 2718.0767
-439.80594 49.201942 2734.5037
-484.4501 -364.91614 2852.9207
-519.00195 -738.04504 2870.4712
-241.16081 46.45678 2756.7395
-218.7959 -374.0707 2857.7078
-151.40245 -730.34204 2826.225
-325.29825 692.1158 2668.7532
-329.83585 479.14185 2692.8235
-518.97626 480.5757 2670.1206
-600.141 166.47292 2719.074
-643.8943 -119.08556 2663.293
-140.69527 477.70792 2715.5261
-91.72766 159.5874 2761.6406
-37.159473 -113.083824 2698.0825
-334.33118 263.99896 2716.687
-438.05908 49.608368 2728.6396
-483.67422 -363.68982 2849.6726
-514.3732 -733.4233 2865.2358
-239.59404 48.10378 2752.4617
-217.53915 -372.91818 2851.6904
-145.70662 -728.18256 2817.3416
-328.26352 688.252 2666.9373
-333.77448 476.309 2690.9338
-523.17755 478.26514 2670.7087
-602.5166 161.10152 2722.2798
-685.42523 -116.74502 2654.7078
-144.37129 474.35287 2711.1592
-92.66191 158.16406 2760.4114
-37.463047 -120.640686 2717.9595
-338.59436 261.1957 2715.2666
-442.7955 47.10884 2728.987
-492.04025 -364.22604 2855.3088
-522.9556 -733.65515 2873.6958
-244.03314 45.056084 2750.2117
-225.83253 -374.4252 2856.3787
-156.92175 -728.616 2826.4238
-338.56628 689.98895 2674.973
-344.27972 477.1823 2691.6772
-533.9865 479.65152 2674.4756
-610.1423 166.53444 2719.0642
-725.4168 -93.810585 2630.248
-154.57307 474.71313 2708.8787
-95.929115 169.53166 2759.1003
-39.381866 -106.56776 2712.172
-348.94693 261.65878 2712.2117
-453.1348 47.430664 2723.7222
-493.12778 -363.5118 2854.0117
-524.7767 -729.2435 2871.6912
-254.09319 44.839973 2741.7703
-230.44868 -369.50595 2865.2002
-155.83936 -729.8023 2821.4019
-351.28223 690.04156 2672.9775
-353.8573 477.47955 2691.3296
-543.8648 478.26056 2678.1497
-623.5723 172.66624 2712.7515
-774.3288 -61.76625 2603.4285
-163.84975 476.6986 2704.5098
-100.51988 180.09903 2758.5198
-36.99506 -89.29823 2719.7087
-356.18927 261.97653 2712.1794
-458.2289 46.88325 2726.113
-493.44385 -364.52484 2856.736
-521.82 -730.8545 2869.1887
-258.81345 46.06362 2739.9456
-230.35695 -367.49106 2865.338
-151.98639 -733.9011 2816.0464
-367.77634 689.53436 2662.7395
-367.7949 476.49527 2688.3796
-557.77637 473.76617 2674.7117
-646.89606 175.91899 2708.428
-826.4132 -31.953182 2587.8728
-177.81334 479.2244 2702.0479
-108.63451 181.77281 2762.6475
-38.377705 -86.92446 2708.1973
-366.5847 261.55273 2714.4756
-465.03403 45.178566 2733.4016
-506.9599 -366.7951 2860.0674
-525.57745 -732.1789 2870.938
-265.7148 48.04182 2747.7415
-237.04842 -365.94138 2871.6875
-157.7184 -735.22406 2825.0989
-376.04523 693.4513 2670.523
-375.64853 480.69513 2690.5718
-565.8862 478.1938 2682.645
-665.5047 175.50746 2701.2017
-859.8862 -27.006031 2591.6245
-185.41083 483.1964 2698.4985
-113.37236 179.83527 2766.816
-36.120193 -85.92627 2707.86
-373.75107 265.35178 2712.9866
-471.70004 48.69559 2731.241
-506.32718 -365.3035 2853.2888
-524.88684 -729.31635 2867.5325
-272.00723 51.321163 2739.5618
-234.93332 -362.05298 2863.1162
-155.60753 -731.72266 2815.557
-393.2713 689.463 2662.3757
-387.58957 477.15094 2686.5308
-577.8083 469.98578 2680.0146
-689.3735 179.12405 2689.0386
-897.53046 -12.752292 2570.9006
-197.3707 484.31604 2693.0469
-118.59068 176.96123 2769.9685
-29.072504 -83.86687 2712.772
-380.3867 262.31537 2712.4995
-472.97565 43.720894 2735.0498
-501.72632 -371.58884 2854.2122
-518.79047 -730.1383 2870.1914
-273.39203 51.2388 2741.8867
-230.814 -362.02325 2863.8582
-149.15753 -731.99115 2825.055
-406.6474 693.3302 2660.8452
-397.71603 481.65616 2684.8677
-587.8201 471.38562 2679.217
-699.68427 185.5598 2684.5068
-913.8342 -4.1049275 2574.7761
-207.61191 491.92664 2690.5186
-123.79339 189.98174 2768.9883
-30.330465 -68.61959 2731.3198
-386.93475 267.131 2712.0732
-475.89166 47.217484 2736.314
-510.64215 -366.8292 2858.2686
-522.4275 -728.35156 2873.095
-276.4154 57.99435 2742.2434
-234.03748 -355.51602 2863.722
-154.68095 -724.9994 2828.4568
-428.60583 682.7972 2658.9797
-413.4949 472.3213 2682.2307
-603.23474 457.2084 2675.7373
-721.16754 184.14095 2671.1567
-937.4062 -3.0906715 2557.8794
-223.75514 487.4341 2688.7244
-136.19482 208.75128 2765.2678
-37.259953 -53.269478 2751.9097
-397.35898 258.1093 2709.2942
-480.78754 35.96697 2732.9502
-513.0884 -377.50964 2857.757
-521.45734 -738.4164 2868.2776
-281.6585 51.827667 2739.765
-233.48822 -363.88373 2851.1233
-154.08356 -732.65076 2824.8918
-442.13742 681.98096 2658.6565
-423.85962 470.86047 2682.106
-613.3108 452.47318 2675.4668
-728.5824 185.07214 2667.0881
-947.19806 -0.014692623 2555.0715
-234.40848 489.24786 2688.7449
-140.09557 214.3755 2764.6345
-41.292305 -49.579037 2747.9944
-404.02643 256.90668 2708.7114
-483.58588 33.306274 2731.834
-517.9268 -376.84952 2866.3042
-525.1344 -731.023 2870.3389
-284.80075 52.599556 2738.8
-235.44054 -363.36597 2848.8362
-157.58492 -727.19775 2826.1475
-464.23697 679.2981 2649.655
-440.16034 468.5294 2677.4067
-629.00397 444.6382 2670.7332
-740.3808 178.25621 2661.2449
-951.66455 -14.443777 2548.2117
-251.31673 492.4206 2684.0803
-142.76419 216.6085 2764.9329
-49.311344 -52.58164 2749.8987
-414.31317 255.7506 2707.7454
-487.54233 30.43735 2734.5825
-517.80096 -375.97696 2880.9502
-525.017 -735.5105 2876.6882
-289.38968 55.50625 2741.5852
-237.89784 -359.84167 2853.05
-154.85599 -727.4033 2827.2078
-484.7965 671.79596 2642.1543
-460.17288 463.2225 2673.3691
-649.10724 439.056 2670.731
-749.9322 179.49434 2663.369
-950.4271 -29.9485 2559.034
-271.23856 487.38895 2676.0073
-151.43256 211.66109 2771.4827
-53.21417 -56.25881 2749.9897
-433.47296 250.88031 2706.3613
-505.8874 25.860502 2737.9695
-530.2024 -383.8344 2876.0857
-531.4996 -738.6645 2874.1921
-307.65863 51.215797 2740.7373
-246.44106 -364.7957 2844.1772
-161.85828 -732.15704 2823.092
-507.05463 674.1429 2644.7708
-476.16925 465.92798 2673.0686
-664.4865 437.60272 2671.2273
-758.1055 180.66563 2669.9158
-948.1368 -38.07405 2563.6091
-287.852 494.2532 2674.9097
-159.38916 213.37474 2772.103
-56.00311 -49.742954 2753.125
-444.61612 254.08684 2704.8213
-511.85968 27.38547 2735.6082
-530.09973 -380.0822 2881.178
-527.04755 -742.2341 2869.0708
-314.2663 57.1059 2737.54
-244.90068 -356.44873 2845.4963
-158.33179 -726.0942 2828.653
-534.9035 673.8701 2641.1794
-494.203 467.45453 2671.018
-681.10925 431.42184 2669.5654
-762.98584 173.58961 2666.2083
-956.2416 -45.485207 2565.8325
-307.29675 503.48724 2672.4707
-169.84695 220.83902 2773.012
-50.877728 -33.126465 2758.8264
-453.93594 257.2883 2703.1675
-511.79376 28.205067 2734.5542
-525.37823 -378.5044 2882.8062
-519.45557 -740.4483 2868.292
-315.544 66.0391 2736.0796
-237.30438 -347.94305 2836.1948
-153.02055 -715.916 2815.8438
-547.3583 675.1311 2640.2896
-504.89072 468.7654 2669.738
-691.6704 431.48325 2668.526
-768.36383 167.87584 2666.7874
-956.0379 -50.767235 2555.4546
-318.11105 506.04764 2670.9502
-184.71 229.9591 2763.755
-53.483376 -21.921967 2767.5857
-463.1689 258.70844 2701.5894
-519.42395 29.094707 2732.8047
-533.40826 -376.6468 2883.536
-526.47766 -744.98224 2868.5833
-323.47015 68.20813 2734.0764
-246.39603 -346.42236 2832.5657
-155.66872 -723.0821 2813.5774
-556.39276 672.8018 2640.3137
-512.7051 467.43085 2667.674
-699.1269 428.23682 2666.7693
-768.12134 160.3595 2666.8054
-955.75543 -58.480484 2555.6064
-326.2833 506.62488 2668.5789
-192.17842 230.98988 2763.1848
-54.08757 -17.701403 2765.1873
-468.75415 257.66815 2698.6792
-522.5994 27.34434 2729.2095
-536.5235 -379.41266 2877.3323
-528.7005 -747.299 2870.6692
-327.007 68.46642 2730.159
-248.6798 -345.49182 2830.6155
-154.59352 -732.8466 2808.037
-558.30005 661.254 2630.0706
-515.4235 456.94162 2663.6152
-702.0518 418.68515 2664.3315
-768.57 153.76613 2669.4412
-948.2091 -71.04086 2557.0554
-328.79523 495.1981 2662.899
-197.28833 238.50737 2760.797
-60.02891 -6.0632076 2756.2908
-472.367 247.54213 2698.0542
-527.2229 18.071917 2732.869
-534.3369 -388.64365 2881.5461
-523.86127 -746.73987 2875.7854
-331.39816 58.213512 2732.1174
-245.62477 -353.63013 2834.989
-150.8466 -732.57556 2810.8213
-560.5417 662.5102 2627.0127
-515.7452 459.07236 2662.167
-701.9266 418.75043 2660.3564
-774.17847 147.08728 2669.2104
-951.2002 -77.943146 2553.1309
-329.5638 499.3943 2663.9775
-199.32794 241.86896 2759.9512
-61.61743 -1.141853 2754.7449
-470.84882 250.18997 2697.3398
-523.6312 20.152958 2731.5627
-532.60187 -385.84247 2882.0413
-522.8124 -739.33716 2875.2952
-328.2736 62.46225 2733.4626
-243.40248 -349.74344 2835.7688
-150.16039 -721.3631 2812.7566
-560.2555 662.6946 2632.248
-515.80676 459.50186 2663.2732
-702.288 420.58832 2664.6514
-768.16223 150.4608 2673.5767
-942.9039 -75.913666 2556.5513
-329.3254 498.4154 2661.8948
-199.08998 242.45937 2754.2532
-61.99973 0.4765108 2749.1096
-471.84235 249.95665 2695.4644
-525.71375 19.99571 2728.3787
-535.4428 -386.65735 2877.0857
-525.8927 -743.28687 2867.845
-330.0422 60.82703 2726.9324
-245.42477 -352.24097 2825.9993
-152.93567 -729.9406 2800.5706
-559.01044 663.62024 2641.3088
-511.6245 459.41977 2664.6157
-697.4506 417.4589 2664.6091
-765.0242 147.58708 2669.7683
-950.17566 -75.016655 2562.2703
-325.79846 501.38055 2664.6223
-195.01785 233.3684 2757.3003
-55.88328 -9.974445 2738.3872
-464.35678 250.08777 2692.537
-514.5806 18.741442 2720.455
-530.9803 -385.06714 2875.7627
-521.7747 -744.09656 2858.9697
-319.5975 62.77001 2720.462
-238.55994 -351.23843 2817.684
-148.91942 -723.2594 2797.766
-552.0572 663.93585 2630.5686
-505.73422 459.8918 2662.2605
-691.8191 419.05084 2661.8782
-761.9044 150.41025 2664.3806
-951.41125 -71.10174 2562.091
-319.64938 500.73282 2662.643
-193.0081 228.08748 2756.3218
-53.379818 -15.191976 2735.066
-459.9361 250.91142 2695.3047
-511.76535 20.504274 2728.1482
-529.46686 -380.80212 2889.3538
-521.58044 -748.14905 2880.6147
-316.51053 63.35784 2728.5496
-240.5196 -346.62747 2845.0046
-152.21043 -726.1482 2818.8606
-545.68726 668.952 2647.1348
-502.2864 463.3687 2667.1892
-688.8941 424.99988 2667.5386
-761.98865 152.5024 2667.233
-951.4597 -57.85077 2544.278
-315.67868 501.7376 2666.8398
-189.51175 227.26247 2755.5972
-52.857464 -16.486017 2731.5635
-458.93805 252.7713 2692.2358
-513.49225 22.043882 2717.4658
-530.2413 -378.5673 2880.6829
-523.1673 -744.843 2865.3853
-317.6871 62.30383 2717.099
-240.5231 -350.8242 2821.1665
-152.4086 -729.8984 2807.5344
-526.898 669.0017 2641.0269
-488.45242 461.58282 2665.1565
-675.8341 427.2781 2665.7366
-769.9954 134.12448 2661.5676
-965.29236 -35.623722 2486.5398
-301.07086 495.88763 2664.5767
-184.3769 220.56798 2756.895
-48.00133 -26.573158 2737.2695
-449.6867 250.29346 2692.3052
-509.22766 21.006548 2719.758
-521.8752 -379.1374 2884.7686
-519.88226 -741.5077 2871.8516
-312.61423 57.00142 2719.1497
-236.61725 -352.79175 2836.6213
-147.71481 -728.9769 2817.4675
-509.37448 670.6947 2639.284
-477.66934 462.29922 2664.3274
-665.9817 434.12506 2668.2012
-774.23926 117.030426 2648.6863
-968.0642 -0.35310552 2432.9055
-289.35687 490.47345 2660.4534
-167.58708 213.4046 2755.498
-36.954906 -40.597775 2725.571
-445.33704 250.18446 2693.3416
-511.82465 23.284826 2724.3887
-522.5352 -380.2821 2881.1143
-523.7786 -738.40857 2876.77
-314.18488 52.854553 2720.323
-238.22163 -358.0052 2834.3386
-152.50494 -726.3747 2819.4915
-489.29407 669.68335 2631.095
-462.9727 460.52374 2662.8694
-651.95856 437.58365 2668.9138
-766.0553 121.758675 2639.9553
-963.4537 42.890427 2411.6877
-273.9868 483.46387 2656.8247
-158.39386 216.85503 2751.8655
-32.010983 -39.71685 2734.4885
-436.15372 248.1905 2695.537
-508.47812 23.82276 2731.376
-515.24695 -383.589 2877.991
-519.39526 -739.258 2881.0122
-310.1912 47.891834 2725.034
-230.3849 -360.25424 2845.9075
-148.12277 -729.77075 2827.3381
-467.84616 672.69305 2634.2524
-445.61853 463.74194 2665.2766
-635.0177 444.00742 2669.5137
-752.5675 140.97891 2636.502
-938.4903 106.31072 2398.0938
-256.21927 483.47647 2661.0393
-150.14345 209.15947 2757.6746
-23.823124 -44.66257 2719.9226
-422.7344 250.94833 2697.0962
-499.2284 27.799942 2731.1392
-508.0655 -379.63705 2877.703
-514.51733 -733.1055 2882.3516
-300.4723 48.509438 2726.6926
-228.0994 -353.63147 2868.59
-142.42891 -730.53625 2833.7534
-445.72906 680.89746 2652.299
-427.67923 468.73758 2671.2966
-617.40796 451.94418 2674.1687
-733.6349 151.98543 2629.3513
-907.9564 180.96898 2395.4082
-237.95049 485.53113 2668.4246
-135.78018 202.05003 2755.6838
-18.191175 -52.41153 2704.6777
-408.35773 254.39612 2694.3816
-488.5768 31.243942 2718.9734
-503.06717 -376.40997 2864.1584
-516.74396 -729.491 2871.768
-289.49554 48.86519 2715.9597
-228.11937 -355.0905 2858.1921
-143.83614 -734.81024 2818.2131
-417.3824 681.71643 2643.3105
-404.26263 470.27643 2669.8457
-594.2919 456.97498 2670.4414
-720.91956 173.75468 2631.0967
-851.9056 269.6704 2399.0496
-214.23343 483.57788 2669.2502
-122.20473 201.00078 2758.8987
-16.619469 -55.994926 2700.3567
-389.19064 256.2471 2698.7546
-473.81723 35.23918 2727.9758
-494.4911 -371.85703 2874.1316
-514.55945 -730.14044 2876.8767
-274.41992 49.1964 2727.351
-219.28023 -359.54324 2858.7698
-142.74551 -730.6914 2828.0051
-395.3837 684.9731 2645.5598
-385.82486 473.79938 2673.1755
-576.04193 463.92365 2670.711
-702.45245 211.91615 2623.273
-786.242 351.4564 2401.348
-195.60774 483.67517 2675.6401
-110.02581 186.5228 2756.4568
-18.329863 -76.124855 2704.2654
-375.08618 259.6451 2702.4988
-464.14362 40.309547 2730.529
-487.11554 -370.96448 2863.8215
-510.73163 -739.1225 2863.5125
-264.5513 50.67205 2733.1152
-215.11554 -364.41647 2845.5808
-141.28517 -733.39545 2820.464
-370.9842 679.92896 2627.8875
-369.00278 471.6851 2669.2266
-559.4243 468.5968 2666.155
-686.8628 240.73438 2598.627
-722.0704 432.9883 2410.016
-178.58124 474.77338 2672.2979
-99.50388 178.37708 2756.3188
-16.899992 -88.68002 2711.081
-366.1804 258.84302 2708.2632
-463.2533 44.380775 2745.6887
-486.6686 -366.5599 2879.285
-516.82086 -740.68536 2874.3196
-263.4628 47.62105 2748.9111
-213.89468 -369.6443 2852.7754
-148.16545 -733.5363 2831.312
-355.08075 685.9051 2641.9768
-355.7044 474.9991 2676.0366
-546.0448 473.015 2669.6746
-676.23975 265.7028 2600.8943
-665.13824 496.8669 2448.5105
-165.36397 476.98322 2682.3987
-86.90088 175.57912 2757.8691
-14.278831 -89.75725 2701.227
-354.63492 261.32684 2710.6777
-453.43723 46.61351 2741.9807
-478.4687 -365.13126 2873.4604
-509.4928 -739.5154 2871.112
-253.69362 48.695667 2748.657
-201.4735 -366.49554 2859.6982
-140.44247 -724.151 2832.5403
-336.73846 689.0244 2656.481
-340.50073 478.07928 2682.0896
-530.74646 479.0467 2672.923
-656.0536 298.66656 2593.703
-604.6377 549.7522 2472.6558
-150.25499 477.11185 2691.256
-82.2205 176.90236 2760.4775
-10.343424 -87.104126 2696.8154
-342.96677 263.47845 2710.6226
-445.2305 49.385124 2734.347
-479.4263 -359.8346 2871.3481
-515.19415 -735.88336 2867.112
-245.635 48.37017 2743.9639
-202.12042 -367.19766 2857.6914
-144.09161 -734.71436 2821.2473
-330.44666 688.4756 2659.4045
-335.6141 476.68204 2682.8247
-525.92377 478.97903 2674.98
-649.53595 315.34006 2588.3474
-575.7708 572.888 2486.2014
-145.30457 474.38507 2690.6692
-80.62008 178.44565 2756.7498
-8.695692 -86.79911 2701.9941
-339.29095 261.79205 2709.1035
-442.8052 48.10698 2731.267
-478.8649 -362.40054 2864.1865
-517.2611 -738.29095 2865.1292
-243.13036 45.69696 2739.4976
-202.08357 -367.49902 2862.217
-146.69307 -736.724 2820.9692
-321.2098 688.8534 2659.3242
-327.87643 478.65033 2683.492
-517.7893 482.5369 2669.462
-621.14215 340.0913 2589.8242
-515.9384 609.8246 2519.9414
-137.96352 474.76373 2697.5222
-76.66312 171.60143 2757.9163
-5.5325336 -97.673096 2710.364
-334.29453 263.93912 2710.8906
-440.35223 51.26704 2730.9282
-479.98944 -353.0709 2880.5781
-516.81586 -740.8407 2868.8403
-241.07312 47.188763 2745.6501
-202.55914 -366.46405 2868.055
-147.1608 -729.6717 2830.4456
-314.45984 686.57635 2649.3086
-321.3971 476.56476 2679.9712
-510.5389 479.62598 2658.7332
-614.6693 349.6355 2597.387
-496.5952 629.64075 2548.6787
-132.2553 473.50366 2701.2095
-72.434746 162.21266 2757.9526
-9.246077 -114.122025 2714.4128
-328.52032 262.65894 2712.5781
-434.9367 50.360046 2734.0356
-476.95154 -356.3891 2876.37
-512.7883 -747.5267 2873.4011
-236.35036 47.14603 2756.3342
-199.01942 -368.5057 2872.0208
-144.03784 -727.42755 2837.7537
-308.4321 686.34576 2657.0688
-314.2252 475.17938 2683.3252
-503.11874 477.26102 2658.9727
-617.8591 320.7256 2613.0874
-487.0318 601.02423 2562.3384
-125.331665 473.09775 2707.678
-74.09736 152.3118 2759.4858
-6.4461946 -126.658485 2697.829
-320.33755 260.68652 2712.4019
-425.5318 47.285675 2728.7043
-472.0291 -359.4426 2870.0117
-513.3126 -742.62494 2867.558
-227.36797 45.101845 2754.2524
-197.16948 -372.14825 2865.858
-145.13803 -735.02856 2822.2368
-305.63724 687.57806 2658.1973
-311.58115 476.1047 2684.5269
-500.37936 477.67703 2659.2378
-617.36884 299.94318 2619.115
-485.6591 576.92957 2559.9302
-122.7829 474.53232 2709.816
-75.049446 151.65477 2759.744
-3.8182642 -127.6784 2688.3193
-317.31808 261.64413 2714.0232
-422.09637 48.00845 2730.2532
-471.36722 -358.7449 2870.612
-514.8042 -740.7229 2870.091
-224.01385 46.35879 2756.786
-198.9387 -371.46295 2867.7283
-147.24773 -735.42303 2826.666
-299.82227 694.2461 2666.5342
-305.66138 483.00827 2687.0867
-492.64337 484.15887 2651.1494
-607.816 317.46176 2625.5208
-451.84314 589.52466 2570.6333
-118.67935 481.85757 2723.0237
-77.73679 151.68498 2762.6826
-1.9151427 -128.3174 2681.0762
-312.04514 268.16922 2713.4229
-416.50055 53.93373 2720.9102
-473.28574 -351.02127 2863.5217
-517.16144 -729.14075 2863.6372
-220.35728 52.726753 2758.6082
-197.06331 -368.02835 2858.4155
-148.8567 -728.29584 2819.626
-295.737 691.6809 2662.4307
-302.2621 481.27783 2686.5073
-489.29944 482.9074 2650.5835
-601.90875 323.23044 2617.7642
-442.25995 597.93335 2577.2202
-115.22473 479.64822 2722.4314
-77.86815 155.34314 2762.3406
-1.7642204 -128.6239 2682.1282
-309.56287 266.7108 2714.7856
-414.96423 52.998528 2724.222
-469.91708 -351.14108 2869.8928
-519.8683 -738.12634 2872.264
-218.76305 51.289047 2761.906
-199.13777 -367.4767 2870.2383
-149.40762 -738.38434 2824.5662
-292.52988 683.5466 2651.3584
-302.35327 470.77048 2681.8855
-489.11545 470.39594 2644.448
-596.29535 316.5821 2605.9778
-433.91617 585.46295 2577.0815
-115.59112 471.145 2719.3232
-71.22075 159.08176 2759.0825
-1.3719852 -129.52466 2680.6533
-308.8097 257.11975 2716.2317
-413.23737 43.272636 2730.9387
-476.82684 -360.84756 2872.993
-523.5226 -736.0252 2874.2634
-217.2948 43.665535 2770.2168
-203.26266 -378.1952 2866.915
-153.96715 -734.9835 2827.951
-289.54504 684.3502 2646.8262
-299.64926 473.3255 2681.2126
-485.72858 473.45172 2640.5532
-588.1105 319.60065 2599.6462
-428.4582 587.7939 2570.4841
-113.569954 473.1993 2721.872
-65.62927 163.01952 2757.0244
-1.8027084 -129.1434 2679.7524
-307.79816 260.09085 2717.8447
-413.5778 46.922474 2733.144
-477.4599 -358.31802 2871.9304
-519.2512 -732.74774 2870.5735
-218.31639 46.789993 2775.8098
-201.97037 -375.43073 2870.7698
-152.64938 -730.8733 2827.1091
-291.5314 685.2228 2655.447
-299.49414 475.31815 2685.7964
-485.42804 475.47086 2644.3096
-595.3093 305.62427 2603.3901
-429.1908 565.5054 2557.9414
-113.56027 475.1655 2727.2832
-60.90369 169.2574 2756.2534
-12.766574 -131.99226 2699.1006
-307.0224 261.42752 2718.749
-412.09387 47.61695 2729.9373
-479.5508 -355.13922 2873.9338
-519.57874 -734.64734 2867.3657
-217.0073 47.456783 2773.4663
-201.60115 -376.61932 2859.9893
-151.49242 -733.3633 2820.1145
-293.45374 683.16345 2657.383
-300.0665 473.0262 2685.121
-486.13547 473.2539 2644.218
-592.2365 302.97192 2597.918
-425.541 563.8158 2563.7036
-113.99748 472.79855 2726.0242
-58.45428 169.12625 2755.1257
-14.902967 -132.12508 2696.7107
-307.21268 258.8701 2716.4373
-411.97696 44.833447 2726.2942
-477.106 -357.041 2873.9126
-518.74066 -741.45636 2865.0356
-216.74081 44.594505 2769.2126
-199.64307 -377.7631 2863.2737
-151.06573 -737.362 2816.8154
-290.2531 682.0413 2659.0845
-299.12622 472.41248 2686.7651
-484.95035 474.52005 2644.822
-591.52094 298.73248 2586.2903
-424.95728 561.3106 2571.8918
-113.30202 470.30493 2728.708
-57.11098 167.5295 2756.5247
-14.721622 -134.11903 2704.7502
-308.4821 258.2437 2717.454
-415.32626 45.180534 2726.1387
-477.00754 -357.0493 2874.3877
-519.59106 -736.62866 2870.238
-220.34972 42.9692 2770.1475
-200.99864 -379.8659 2861.7805
-150.9997 -737.59894 2823.0413
-291.4184 685.575 2671.7783
-303.76608 462.63696 2687.604
-489.0136 460.00275 2643.545
-580.93414 312.53516 2587.277
-411.09558 573.14984 2573.3306
-118.518486 465.27124 2731.663
-68.27592 167.39108 2762.155
-16.196815 -133.66321 2703.7678
-307.57278 248.13289 2716.4343
-408.60614 32.24615 2722.1404
-469.42786 -366.78506 2878.9622
-512.8548 -753.9757 2871.2922
-214.1526 35.011337 2768.3892
-193.16324 -386.91348 2863.5242
-141.53429 -742.52325 2823.3284
-293.12634 685.3108 2673.1868
-298.97906 471.47852 2691.6565
-484.31915 470.17004 2647.6592
-590.79553 310.26416 2589.3052
-413.67816 565.98376 2573.921
-113.63899 472.78702 2735.6538
-68.06609 165.60086 2762.5396
-14.647404 -134.27953 2697.8657
-303.46405 256.4889 2716.943
-405.1755 40.812828 2719.1494
-477.03476 -358.1308 2871.4434
-516.7789 -739.0221 2868.2607
-210.72223 42.185627 2765.31
-199.59215 -379.10522 2864.9104
-146.27222 -738.16345 2816.0793
-293.44763 681.21735 2674.7556
-298.11066 469.2819 2691.566
-482.98422 467.77377 2645.6467
-590.84674 304.763 2582.9763
-417.85602 563.51526 2574.2356
-113.237015 470.79 2737.485
-62.52616 166.806 2766.7693
-15.698616 -134.09387 2699.5369
-302.32977 254.12227 2715.6191
-403.5419 38.171467 2715.581
-473.86435 -359.65988 2871.5645
-518.8258 -742.06335 2868.1611
-209.55591 39.753895 2763.7637
-199.63063 -381.15237 2865.2798
-148.51654 -742.8869 2820.3857
-292.70325 679.627 2667.4358
-297.88754 469.18732 2690.284
-483.21207 467.5138 2646.2148
-591.7973 303.2793 2590.6277
-417.81924 560.9831 2573.0552
-112.56301 470.86084 2734.3533
-58.10194 167.72571 2764.9443
-14.888081 -135.35236 2704.964
-302.67227 254.5815 2718.5552
-404.69168 39.097637 2723.7043
-478.84644 -357.9331 2880.0515
-523.63464 -736.24475 2878.446
-210.22244 40.853745 2769.9482
-201.55647 -379.38626 2874.4448
-151.60818 -738.3265 2830.3901
-294.4938 684.24725 2672.377
-298.71112 473.50735 2692.5474
-484.52664 472.36575 2650.5928
-585.1461 304.96414 2589.764
-418.19788 567.15405 2571.4822
-112.895515 474.64905 2734.5022
-57.56637 168.35031 2761.4731
-15.666818 -134.73366 2700.7637
-303.2087 258.5661 2718.3164
-405.19608 43.02584 2722.0735
-480.96362 -354.15958 2877.2952
-521.8485 -736.38806 2869.956
-210.21677 44.223793 2766.0972
-200.95616 -377.542 2864.0068
-150.60458 -733.9232 2822.3857
-293.25845 683.717 2662.3281
-299.6663 474.0101 2689.3975
-484.72067 473.67883 2644.1743
-591.0045 303.1476 2593.107
-419.3868 561.62897 2567.6968
-114.6119 474.3414 2734.6206
-57.15312 167.57404 2765.3564
-14.183557 -136.56976 2703.8062
-306.59067 259.65665 2719.3027
-410.60455 45.129414 2725.4814
-480.51572 -353.95682 2878.5557
-524.955 -734.88324 2866.7217
-216.4256 45.477066 2772.9346
-205.38388 -376.3641 2870.2034
-151.71068 -737.2427 2828.7239
-291.99408 680.8084 2661.829
-299.11777 471.56906 2689.5535
-484.46683 471.64188 2645.53
-586.68225 304.94095 2591.2354
-422.33966 568.38806 2569.3774
-113.76874 471.49622 2733.5771
-56.573906 168.28983 2759.6797
-15.357174 -135.22812 2698.8455
-306.4945 257.32974 2720.257
-411.112 43.12872 2727.8643
-479.19214 -356.24756 2881.0347
-522.41 -742.5311 2866.5916
-216.63052 43.05226 2774.057
-203.57333 -379.68118 2867.2075
-150.26459 -738.719 2823.9097
-291.79068 687.241 2669.5762
-299.41025 476.4318 2691.6245
-483.67267 476.71243 2643.4204
-581.7463 311.10098 2593.3198
-418.68094 575.33716 2569.771
-115.14789 476.1511 2739.8286
-56.74238 169.18283 2761.843
-16.101995 -134.72462 2703.2937
-306.7211 261.68317 2718.3203
-410.7264 47.081844 2719.7202
-478.07248 -354.61746 2866.913
-519.5653 -737.31366 2859.9595
-217.33734 46.787247 2770.3118
-204.096 -375.06235 2867.4348
-150.2421 -730.9108 2815.6458
-293.67407 688.7722 2670.6345
-304.5653 449.47534 2685.5242
-488.944 441.24722 2638.579
-576.68286 322.27756 2594.5503
-404.47296 583.29645 2581.6357
-120.18657 457.70352 2732.4692
-56.947113 169.54391 2762.2385
-14.915307 -135.06566 2705.43
-303.60156 235.67534 2719.2124
-399.34308 17.559767 2728.2783
-473.54636 -379.7584 2883.4856
-515.7445 -742.72125 2877.6653
-205.93262 26.190958 2777.523
-193.55826 -395.6028 2874.8823
-144.27043 -742.3279 2829.599
-294.25708 684.5028 2664.975
-301.97305 460.35406 2687.4546
-486.26266 454.28537 2639.7302
-586.59515 314.93246 2598.049
-411.32532 571.9446 2577.1116
-117.68354 466.4228 2735.1787
-56.97417 168.27223 2763.6147
-14.26909 -136.05586 2706.3308
-303.5329 246.4342 2720.6804
-401.7635 29.330883 2728.872
-484.99817 -366.98358 2882.0225
-524.7711 -725.9802 2869.0938
-208.42189 35.69767 2778.9404
-200.68459 -388.07248 2867.442
-153.59627 -728.94617 2824.35
-296.31113 688.9775 2671.648
-300.57297 470.99136 2691.1362
-484.24243 465.61044 2640.9658
-590.14716 311.40863 2595.541
-415.0258 567.9409 2574.192
-116.90347 476.3723 2741.307
-56.95944 169.1631 2766.3137
-15.338861 -135.14641 2708.1887
-302.0593 256.39774 2719.5938
-399.90152 38.981174 2721.731
-479.4964 -358.2278 2874.7217
-520.3103 -728.22546 2859.6133
-207.18991 44.627 2774.3713
-199.3935 -378.7275 2865.189
-149.32253 -728.7962 2817.3992
-295.13403 689.2818 2662.6787
-302.99982 476.2743 2688.7927
-488.14224 475.91708 2644.4436
-585.5047 314.55923 2596.012
-417.1996 575.394 2572.827
-117.857376 476.63153 2733.142
-62.98488 168.30055 2763.5928
-13.985154 -136.21246 2707.0088
-309.8201 261.97684 2718.9915
-413.82266 47.491753 2725.911
-481.83936 -351.7358 2878.78
-528.71875 -738.5942 2871.2126
-219.45822 47.866795 2772.4692
-210.59225 -375.91965 2860.9846
-153.38428 -739.9686 2820.5784
-296.74533 685.33575 2661.4978
-304.33395 473.38327 2687.5598
-489.14352 473.4567 2641.5847
-585.42395 311.55557 2596.2634
-417.98648 572.3268 2567.1956
-119.52443 473.30978 2733.535
-69.492096 166.64958 2764.792
-15.204008 -135.0058 2707.076
-311.91772 259.08002 2717.7024
-416.42996 44.81535 2723.7322
-481.15027 -356.7967 2871.9768
-523.5641 -735.79614 2866.0088
-222.57294 44.738243 2771.9578
-212.05661 -377.81647 2866.0947
-153.14342 -736.84 2822.0928
-300.51245 682.99255 2669.4104
-305.23627 471.2021 2688.3003
-489.93597 471.35638 2641.7317
-584.65594 309.88654 2596.9348
-417.9626 569.92365 2559.1716
-120.536644 471.04785 2734.869
-72.73908 164.83102 2766.3972
-14.204705 -135.41035 2711.2893
-311.87628 256.3179 2713.9238
-415.3996 41.51465 2715.1199
-478.86984 -360.2899 2863.6396
-520.3927 -742.35986 2860.499
-221.63295 41.352764 2763.9746
-205.0206 -380.29736 2861.2188
-152.12946 -736.74084 2816.3079
-300.65488 682.4917 2663.8691
-305.47876 471.44098 2686.8564
-489.98715 470.19727 2639.5
-583.3268 310.85126 2596.6145
-420.7076 573.4454 2558.408
-120.97028 472.68478 2734.213
-74.87887 163.41113 2765.209
-13.63836 -136.07562 2716.6907
-311.33426 256.8782 2715.306
-413.98547 41.6629 2718.9114
-478.3731 -356.34518 2876.7554
-519.301 -734.3845 2873.847
-220.39412 42.967854 2768.599
-203.78549 -375.6781 2877.5933
-151.30663 -732.0589 2824.7688
-306.95328 688.093 2669.186
-314.2939 475.1114 2686.5498
-499.05878 471.49542 2640.4963
-589.41296 301.7479 2601.8513
-429.66077 565.69916 2561.2217
-129.52904 478.7274 2732.6033
-76.683235 164.89163 2765.32
-14.927102 -134.92061 2718.231
-316.7469 260.35916 2713.253
-416.12415 43.710068 2715.797
-482.00323 -358.2803 2862.4514
-523.042 -737.1058 2860.0725
-222.27559 47.503838 2764.1147
-202.67375 -375.15982 2855.923
-154.98257 -730.33575 2819.819
-308.37668 690.744 2673.2573
-314.68063 478.2846 2689.8477
-500.08582 476.04373 2646.3003
-588.7241 306.3886 2606.9211
-422.51526 570.25684 2562.2915
-129.27554 480.52545 2733.3953
-76.86171 166.93257 2765.1714
-15.754061 -134.33517 2721.597
-317.74918 263.17657 2713.9814
-418.08466 46.89298 2715.2693
-484.53214 -350.47 2873.5679
-523.8292 -739.6518 2869.856
-223.55081 49.244125 2760.961
-203.72975 -371.66547 2860.53
-156.40494 -728.19434 2823.0305
-308.7043 689.4857 2666.2896
-313.51022 477.5556 2687.179
-498.6048 474.98422 2642.2532
-602.33167 292.1078 2616.703
-437.89093 553.3948 2564.1404
-128.41565 480.12692 2732.1047
-76.94231 168.45676 2763.5867
-16.367598 -134.02675 2726.7522
-317.07236 262.76553 2714.149
-417.7331 46.626476 2717.5513
-479.84518 -354.70428 2867.4246
-523.0637 -738.6773 2874.9658
-223.53595 49.324272 2764.6863
-205.32472 -372.5798 2860.5522
-153.53145 -734.89514 2829.818
-311.5532 684.96826 2660.8127
-315.05447 474.0494 2686.1694
-501.4358 471.63525 2646.9817
-612.2455 281.28427 2629.1555
-463.54904 545.924 2558.7644
-128.6731 476.4636 2725.3574
-77.22119 169.12605 2766.6465
-16.829557 -133.82744 2728.3132
-318.43015 259.51324 2715.4414
-419.599 43.71033 2724.1516
-480.2489 -358.7216 2872.1257
-521.2893 -734.261 2875.5803
-224.01265 46.24375 2765.275
-203.84065 -375.6859 2860.9482
-152.03163 -735.307 2828.8604
-316.1921 680.8549 2650.5383
-317.60696 471.96667 2683.5115
-505.23837 468.61353 2651.6384
-617.033 286.5638 2636.54
-472.47318 552.4156 2556.1733
-129.97552 475.3198 2715.3843
-78.02643 171.13089 2765.304
-19.539915 -131.11485 2738.1438
-319.53326 258.12894 2717.3481
-419.96405 42.530865 2734.452
-481.2067 -362.29938 2875.435
-519.1875 -736.86066 2880.259
-222.95518 46.05162 2767.9177
-205.69746 -375.83755 2864.362
-149.01375 -736.30835 2828.5327
-320.38538 675.26337 2633.6204
-320.42834 468.43475 2678.5837
-508.76395 462.5379 2650.9285
-621.2079 312.34802 2635.8662
-494.11594 593.4616 2550.4778
-132.0928 474.33163 2706.2393
-78.713326 172.82384 2764.3354
-24.32417 -125.63242 2739.7769
-319.97668 256.1279 2720.778
-418.32135 40.727715 2748.465
-483.90256 -367.52808 2876.973
-519.52374 -735.7139 2880.513
-220.72879 46.914413 2777.4797
-205.60135 -377.10416 2864.2139
-152.15083 -735.0719 2833.2603
-327.00748 674.32996 2646.4287
-324.57687 466.51212 2684.0723
-513.6736 460.16306 2663.0762
-623.704 316.2572 2633.3945
-512.13464 600.6559 2540.2104
-135.48016 472.86124 2705.0686
-78.948845 171.81201 2764.118
-24.897028 -123.72986 2738.438
-321.48685 253.2354 2720.7358
-417.64896 36.626137 2746.379
-486.25366 -372.93515 2869.0933
-518.10675 -741.2157 2869.664
-219.14458 43.29109 2768.4197
-204.743 -382.32983 2846.808
-149.26031 -738.22943 2812.069
-331.5493 670.34375 2642.8643
-328.838 462.30637 2683.3362
-518.5485 456.55865 2669.3818
-641.3108 313.09265 2635.6882
-534.2337 589.5043 2520.8318
-139.12747 468.05402 2697.2908
-78.43535 170.93907 2766.049
-24.980658 -122.39541 2737.7576
-325.23993 249.35413 2722.1343
-421.20218 33.385464 2753.609
-491.59467 -375.50214 2877.7441
-523.3983 -740.7429 2877.1465
-222.08157 39.41827 2768.2556
-210.20045 -383.34637 2860.3699
-153.21158 -737.21387 2819.9475
-334.09738 665.2364 2632.5947
-331.2512 458.29684 2679.786
-521.02185 451.80505 2665.569
-649.6598 304.54932 2635.8376
-560.636 578.25244 2502.2175
-141.48051 464.78867 2694.003
-77.72293 169.9662 2765.5342
-25.063725 -121.6865 2739.8591
-327.25513 246.26941 2723.2637
-422.76816 30.837793 2759.2866
-490.54153 -380.9536 2874.7292
-520.53546 -738.31573 2874.1455
-223.74998 37.645954 2774.1963
-208.61243 -384.62842 2868.6597
-149.3388 -740.4232 2826.5051
-339.3663 664.04803 2635.9475
-335.51718 456.69235 2680.3025
-525.46704 449.25854 2668.7634
-655.84595 293.7882 2640.4114
-590.1832 557.9528 2490.101
-145.56734 464.12622 2691.8418
-79.37568 172.9643 2762.2502
-21.196354 -111.14082 2731.736
-329.69748 244.20468 2721.3938
-423.51825 27.817444 2756.432
-490.37616 -385.92422 2865.3018
-519.6614 -739.40015 2868.3787
-224.23738 35.616497 2768.538
-209.32985 -388.44754 2854.6477
-149.38663 -738.35864 2817.1213
-354.71915 659.0614 2616.49
-346.637 454.38806 2673.192
-536.6091 444.28387 2664.0566
-661.71533 271.69653 2631.828
-647.0592 517.0496 2450.5332
-156.6649 464.49213 2682.3274
-79.60152 173.99646 2760.8623
-17.996178 -99.214905 2723.5002
-337.84668 243.9642 2723.1343
-428.72272 28.239431 2768.2837
-491.1634 -384.98953 2881.7563
-520.02814 -733.1673 2879.254
-229.39001 38.841423 2777.8694
-211.59601 -385.10956 2864.527
-149.93361 -728.6024 2829.9563
-359.13135 661.2795 2618.8992
-349.52112 456.0737 2674.0332
-539.5463 445.1306 2666.7605
-672.86237 259.35202 2633.9084
-670.3901 490.96213 2435.8367
-159.49582 467.01678 2681.3057
-80.30425 174.4907 2763.9224
-17.440094 -97.10596 2728.3882
-339.2569 245.39668 2722.8462
-428.6794 28.978971 2767.844
-490.7246 -385.18365 2878.2163
-519.3146 -739.05927 2870.5608
-229.30594 40.460346 2775.4744
-213.12372 -383.9321 2860.3865
-149.1404 -733.5495 2822.0874
-374.09344 659.4456 2611.5894
-359.26398 456.66547 2670.937
-549.08746 441.99786 2666.4043
-679.41284 253.65259 2641.4062
-699.3778 459.43973 2424.2505
-169.44058 471.33304 2675.47
-81.13773 174.76035 2763.9668
-17.234604 -95.96781 2728.0432
-344.3093 247.0678 2722.899
-428.96402 29.77332 2772.4822
-491.87268 -382.62036 2888.7695
-520.95105 -741.0997 2872.1462
-229.74498 45.166813 2777.2395
-215.85312 -379.0775 2863.3433
-150.05563 -728.37933 2826.0117
-375.81647 655.3079 2617.9636
-361.73532 451.44986 2672.516
-551.71484 438.48026 2672.4563
-693.7404 243.85161 2645.6997
-733.1738 421.0614 2412.7986
-171.75575 464.4195 2672.576
-81.59833 175.85431 2763.5017
-17.332117 -95.40547 2726.4385
-347.39578 241.17616 2722.0298
-432.74026 24.097176 2771.512
-495.84613 -390.01617 2881.348
-524.6485 -748.1306 2868.2903
-233.37228 37.7077 2771.575
-218.64024 -387.91504 2850.125
-153.9294 -739.986 2818.9949
-380.0025 647.8664 2621.14
-366.35855 445.04602 2672.4016
-556.37317 432.48602 2675.1675
-703.8866 234.93742 2649.344
-773.52094 374.70465 2405.6196
-176.34384 457.60593 2669.6357
-82.31333 176.41217 2763.7517
-13.1655 -91.62991 2725.7476
-351.7369 234.30243 2719.9067
-436.7919 16.970213 2768.8628
-497.71652 -397.24854 2879.6772
-524.9591 -748.84064 2863.4678
-237.43852 30.147465 2765.961
-218.00856 -394.70276 2847.6294
-152.68248 -741.8366 2818.7136
-395.41882 651.94165 2614.2756
-374.87607 447.90033 2669.1604
-564.447 429.7978 2669.633
-723.4594 213.96918 2648.5522
-843.88855 285.9387 2403.3196
-185.30522 466.00284 2668.688
-81.818695 175.36948 2764.9697
-15.90304 -94.078514 2735.7617
-354.73206 238.25735 2719.1982
-434.0513 19.116413 2769.484
-491.27255 -392.99603 2889.7117
-516.5423 -737.06195 2874.499
-235.12476 38.112324 2768.988
-208.50148 -383.71896 2863.1443
-148.08131 -716.4838 2827.6194
-395.4238 650.78687 2618.309
-377.16565 447.08328 2671.294
-566.90375 430.9187 2674.3376
-736.74567 207.49573 2643.7778
-868.6851 241.80406 2399.585
-187.42758 463.2479 2668.2502
-86.922676 175.6758 2760.0046
-16.62142 -95.397705 2746.3655
-358.48096 236.85764 2719.5845
-439.33398 18.15192 2769.472
-501.2555 -395.00052 2883.4812
-523.1561 -744.5607 2869.7366
-240.25838 35.112045 2766.2783
-223.46284 -386.49298 2863.367
-154.58983 -733.90314 2819.3503
-409.84818 641.73706 2611.3503
-386.53305 439.4243 2667.562
-575.6814 417.39185 2667.792
-761.95984 184.88962 2633.932
-918.1583 166.3705 2402.0225
-197.38477 461.4567 2667.332
-83.001686 176.16386 2767.5781
-12.844425 -93.68816 2756.9233
-362.1489 230.62454 2719.1445
-437.02634 10.262589 2770.848
-494.6736 -403.05362 2886.57
-515.46844 -745.1836 2877.0476
-238.50293 33.387 2770.6064
-213.15964 -388.31705 2865.8037
-146.40273 -724.00836 2828.1
-412.34906 636.5592 2608.3423
-387.4775 435.9565 2665.941
-576.4056 411.83725 2665.771
-770.98254 175.94803 2632.9653
-934.191 135.68492 2409.771
-198.54944 460.0757 2666.1108
-83.0029 177.08095 2770.8013
-14.978218 -95.02468 2763.6804
-360.93845 227.70178 2718.8267
-433.50275 6.795044 2771.6233
-495.2333 -406.67572 2884.7004
-513.83484 -747.4187 2875.0588
-235.2961 32.098892 2771.8015
-213.7348 -390.22095 2865.2864
-145.29898 -731.7854 2825.4421
-411.53177 635.2785 2607.3162
-388.4606 434.91702 2665.269
-577.2354 410.55795 2659.8408
-774.5048 163.9803 2631.4673
-947.0788 109.16508 2416.2603
-199.68588 459.27612 2670.697
-88.51275 177.02315 2769.884
-11.900754 -92.67649 2765.089
-363.1422 226.71599 2719.0854
-436.88745 5.7319636 2770.0535
-503.0923 -404.4755 2891.8105
-521.5315 -744.035 2870.563
-238.76009 31.297848 2775.7505
-219.79445 -391.6296 2867.11
-152.74487 -732.55554 2827.5703
-415.27127 633.60345 2604.8208
-392.27762 433.01425 2663.4255
-581.1338 408.74426 2658.7383
-781.2502 156.98897 2631.2341
-956.6459 79.517586 2423.7302
-203.42136 457.28418 2668.1125
-91.25455 176.51418 2770.945
-10.257264 -91.08167 2770.203
-366.91214 225.05261 2718.2124
-440.60413 4.361015 2770.541
-506.53372 -404.67245 2896.5212
-522.3101 -748.8491 2873.5693
-242.48909 29.820791 2775.4578
-221.33179 -392.9415 2867.1792
-153.82436 -733.85077 2822.534
-428.0831 632.2237 2605.4456
-402.8971 430.6356 2662.8376
-591.56146 404.53442 2658.8777
-792.3085 148.50256 2631.8083
-975.6548 30.45121 2445.3308
-214.23277 456.73682 2666.7979
-98.308136 178.87404 2773.735
-9.032126 -88.87063 2761.6904
-375.28665 222.8217 2717.151
-446.65182 1.3148044 2769.3865
-504.39465 -408.07272 2898.3572
-523.40485 -751.19775 2873.177
-248.7005 28.70083 2773.5415
-221.69092 -391.85028 2873.4058
-150.90921 -737.0723 2819.944
-429.94528 630.9181 2605.8838
-405.6653 429.32748 2662.5427
-594.40106 403.60254 2659.2378
-796.1551 138.24922 2625.9011
-982.0743 7.7239594 2438.5007
-216.92963 455.05243 2665.8477
-100.15555 180.43918 2771.3718
-8.8499775 -88.15753 2761.9885
-378.2895 221.4944 2716.9204
-449.9302 0.1652051 2769.5642
-504.61472 -410.6312 2895.3567
-523.97327 -748.7063 2873.189
-251.89706 27.157396 2773.032
-221.83203 -392.38013 2876.2405
-151.59842 -737.4694 2820.844
-438.53494 627.23303 2595.1067
-412.2878 427.99847 2657.4065
-600.791 400.7021 2653.602
-793.59 131.62996 2625.9358
-986.4333 -10.9373 2446.8794
-223.7846 455.29495 2661.2107
-97.58923 178.21318 2773.7087
-5.671213 -89.415054 2769.0999
-383.61923 221.75604 2716.701
-453.84995 1.1923226 2773.9995
-506.27026 -409.54086 2901.0193
-523.7658 -745.7523 2877.4382
-256.0513 29.834837 2777.9915
-223.84889 -387.85358 2887.7144
-153.35414 -735.7844 2825.1372
-439.96884 619.9328 2600.7163
-413.68356 421.5263 2658.0574
-602.002 393.3114 2652.46
-785.78485 132.8098 2628.474
-980.66595 -20.692577 2456.0024
-225.36516 449.7412 2663.655
-105.78643 186.61545 2774.3523
-5.190513 -75.624725 2760.2468
-384.432 214.86035 2715.665
-453.98407 -6.6087976 2770.336
-503.59222 -419.2315 2892.161
-520.5484 -754.18774 2869.324
-256.3767 22.997787 2776.2095
-222.51285 -396.88745 2876.3413
-148.91032 -744.5701 2817.3127
-446.0997 613.72455 2619.016
-417.01453 413.872 2663.3567
-605.20935 384.62454 2658.9731
-790.41736 122.92464 2623.254
-984.65247 -37.099407 2448.5933
-228.81961 443.11948 2667.7402
-111.909615 194.27924 2776.1494
-6.282858 -64.49571 2765.8486
-385.76794 205.4657 2712.3872
-453.25696 -18.285051 2759.118
-503.15796 -430.39496 2882.6428
-518.9904 -757.87537 2861.2761
-255.78601 12.403994 2763.7175
-218.00073 -407.04272 2864.5415
-148.2094 -747.45807 2809.0513
-447.4983 612.4438 2619.6687
-418.8934 411.5374 2663.2178
-606.9353 381.59558 2657.251
-793.20435 117.460205 2621.13
-990.2523 -47.737843 2446.4119
-230.85155 441.47922 2669.1843
-115.95099 198.64334 2775.5737
-7.107929 -57.386818 2765.823
-387.20337 202.90558 2711.4458
-454.16956 -21.435154 2756.5435
-506.5574 -427.98328 2895.4607
-519.2509 -750.23224 2870.6892
-256.8571 9.982777 2762.8044
-217.44385 -406.08267 2875.7068
-149.4504 -739.362 2821.3523
-449.56604 615.3838 2610.9993
-421.0819 413.96347 2659.6353
-608.95764 383.28442 2652.2954
-796.6187 116.24032 2623.061
-994.8154 -53.7131 2448.1558
-233.20627 444.64255 2666.975
-116.48849 204.30829 2778.296
-7.6163034 -53.39524 2767.64
-389.1855 206.22067 2711.5166
-455.85733 -17.617691 2759.547
-508.28278 -422.3036 2904.1619
-520.8614 -739.72595 2874.1355
-258.72076 14.57356 2767.2488
-217.88103 -398.74194 2889.3928
-150.55698 -729.8787 2826.575
-450.92044 606.963 2598.162
-421.61682 409.411 2655.7231
-609.2099 377.52005 2646.6516
-785.1373 127.79176 2624.5012
-987.6689 -59.76049 2481.8894
-234.02371 441.30194 2664.7947
-117.77615 204.12282 2779.672
-4.99433 -52.454697 2769.083
-389.44852 203.54626 2714.2222
-455.70343 -19.050455 2767.9617
-508.1057 -423.90497 2912.4243
-519.91833 -740.19653 2879.9746
-258.85703 14.413486 2777.4807
-216.41272 -399.6444 2896.8904
-148.46799 -737.8994 2830.7976
-455.24 607.1276 2591.247
-424.21255 409.87906 2652.9106
-611.5039 376.36044 2643.439
-782.4869 129.27594 2624.002
-987.80634 -68.863304 2502.259
-236.92119 443.39774 2662.382
-119.39379 203.55858 2781.3518
-6.3261795 -51.668438 2778.696
-390.6572 205.03203 2714.3145
-455.3633 -17.400434 2770.7493
-504.45724 -426.28708 2904.2476
-521.1652 -745.7138 2872.0525
-258.8405 17.770342 2780.6875
-214.71043 -398.68738 2890.5728
-148.6091 -734.52216 2822.9958
-455.37195 604.24774 2587.7861
-424.8116 407.76932 2651.045
-612.12683 374.3207 2641.629
-778.98724 129.4766 2625.8955
-987.085 -70.57582 2510.729
-237.49643 441.21796 2660.4612
-117.196724 205.2802 2783.177
-4.2878504 -51.479107 2772.3186
-391.5345 203.50835 2714.6519
-456.52786 -18.3006 2773.3188
-505.52664 -426.82175 2908.3145
-523.4091 -747.0803 2872.6914
-259.98676 16.795443 2783.1987
-216.35939 -401.49023 2886.2498
-149.9551 -739.91675 2821.4065
-456.53024 608.69556 2577.5586
-426.8748 412.81207 2646.6238
-613.8224 378.03165 2635.18
-780.2721 129.60709 2624.9785
-984.6459 -73.12814 2506.9924
-239.92714 447.59253 2658.0679
-114.62124 205.61772 2784.6057
-3.0874488 -52.318462 2768.774
-393.26407 209.90634 2714.2334
-457.74142 -11.248143 2775.8386
-506.31363 -420.50446 2908.914
-521.8321 -739.0377 2872.5798
-261.56534 25.249243 2787.8474
-214.9157 -393.76163 2886.7205
-150.48726 -732.0182 2825.0947
-465.82922 604.76697 2574.9463
-431.5558 409.98566 2645.798
-617.77875 371.4379 2635.133
-776.4174 130.96959 2626.3196
-982.9965 -74.9683 2518.0312
-245.3328 448.53348 2656.4634
-112.81007 205.81018 2785.8105
-2.4107215 -53.186684 2773.3853
-393.64923 208.01639 2713.9092
-453.45984 -14.180217 2776.4238
-501.18185 -423.9245 2908.3933
-515.0116 -748.9656 2870.6038
-258.02536 26.274391 2787.6165
-209.45665 -394.16818 2879.1418
-146.37909 -737.21674 2823.4954
-468.87314 605.29 2572.1357
-434.32263 410.4405 2644.7695
-620.3157 370.77158 2633.8254
-782.4857 127.36932 2625.2136
-986.7719 -79.920815 2514.6829
-248.32965 450.1094 2655.7136
-110.40754 205.90373 2788.412
-2.1139667 -53.549908 2772.435
-395.51535 209.21138 2714.6392
-454.2784 -12.827717 2778.7676
-505.7476 -423.7484 2905.4568
-521.478 -744.1682 2870.3457
-259.1378 28.792175 2790.25
-215.65305 -392.14777 2882.1882
-150.55971 -732.6022 2824.9932
-481.1418 609.1755 2571.2332
-440.82562 415.0046 2643.4194
-625.9624 371.40195 2633.5115
-783.9318 128.57639 2625.5461
-984.9793 -79.02332 2509.6667
-255.68878 458.60718 2653.3274
-108.70209 205.95149 2790.2053
-1.9952346 -53.681416 2771.4036
-397.36954 214.66998 2713.0408
-451.06128 -8.544509 2777.4631
-502.1206 -420.6998 2900.2976
-518.09143 -742.9727 2866.6926
-256.76566 37.215107 2787.861
-211.17368 -383.58405 2879.613
-146.86737 -724.1421 2819.2898
-489.36923 613.42645 2568.7683
-445.6161 420.03424 2641.7327
-630.3424 374.3136 2633.742
-784.9866 125.510735 2621.2173
-986.6438 -83.36956 2508.5708
-260.8898 465.7549 2649.7231
-109.34746 207.47644 2786.099
-1.9466738 -53.791748 2776.9324
-399.31256 220.63109 2712.2375
-449.92157 -2.7584743 2778.5503
-503.92358 -412.2708 2908.574
-519.0372 -738.3471 2866.0833
-256.09647 45.214222 2786.9346
-215.29213 -374.70093 2884.5999
-148.9298 -730.28076 2823.9077
-487.70105 612.205 2568.0505
-444.79156 420.57916 2641.0813
-629.4769 374.5903 2633.072
-782.5893 124.45117 2622.6194
-985.5968 -83.425125 2510.411
-260.1063 466.56796 2649.0906
-110.672 207.73807 2782.054
3.7819629 -51.91397 2780.6306
-398.27582 221.39835 2712.1638
-448.64212 -1.9073565 2779.045
-501.8205 -412.92154 2904.6836
-519.80096 -745.71204 2866.9988
-254.87787 46.34221 2787.448
-214.76411 -372.69708 2889.1907
-146.59763 -735.51166 2823.9404
-480.53818 620.2551 2567.1846
-447.16873 406.16074 2646.2168
-631.92773 360.4867 2637.8208
-778.9398 122.46931 2620.4856
-987.3696 -83.02636 2514.2258
-262.40985 451.83487 2654.613
-112.3343 208.87259 2782.0283
8.561192 -48.196213 2784.229
-400.67703 205.70976 2713.5881
-451.11276 -18.702568 2776.5547
-504.9043 -430.94214 2897.8965
-523.0014 -763.0748 2867.258
-257.25772 29.2202 2785.3643
-218.778 -391.85593 2878.7524
-151.30006 -754.9474 2818.6252
-494.04532 619.8587 2575.7556
-451.68832 413.5165 2646.3015
-635.25714 363.2848 2639.1938
-785.4827 112.32637 2617.5813
-992.3356 -90.108185 2502.883
-268.11957 463.7481 2653.4092
-114.1605 209.4281 2784.48
6.5389986 -46.389286 2775.9526
-399.4662 213.56644 2710.666
-443.58157 -12.745365 2771.3005
-496.6502 -423.39383 2898.2
-512.7365 -738.1846 2864.12
-250.90643 39.97815 2778.7605
-206.25641 -381.84872 2865.636
-140.11154 -728.15295 2813.2537
-494.8786 619.14166 2571.0405
-450.86636 418.00357 2642.8735
-634.4302 367.68335 2635.3567
-782.61835 110.63381 2616.1592
-993.7629 -91.5593 2509.1775
-267.30255 468.32382 2650.3906
-114.58275 209.21106 2780.742
7.78024 -46.986336 2779.8318
-399.0147 218.8243 2710.009
-443.4524 -6.750778 2773.2014
-501.47757 -413.0936 2910.834
-521.54083 -739.5812 2870.6038
-250.87364 46.040726 2781.0876
-213.80214 -372.23956 2885.2268
-149.16782 -731.39087 2822.2354
-489.91452 609.58246 2568.6904
-447.18576 413.3746 2642.1274
-631.43884 365.58493 2634.9941
-779.41437 112.44406 2616.58
-992.044 -90.606186 2514.029
-262.9326 461.16434 2649.261
-114.284325 209.61404 2781.8616
8.952087 -48.012352 2777.775
-398.29306 214.42392 2712.1055
-446.06934 -9.599745 2778.3408
-504.54266 -417.04517 2912.7878
-523.41754 -746.1265 2871.99
-252.73161 40.546288 2785.826
-215.36798 -379.15527 2884.9338
-151.986 -744.2311 2825.6897
-488.71948 605.70746 2559.51
-446.8135 413.4621 2638.8333
-631.399 366.89514 2631.8381
-778.9458 111.68162 2615.547
-992.65546 -91.46117 2515.2522
-262.22803 460.02902 2645.8286
-114.63513 210.3121 2784.9182
10.96579 -45.81432 2774.2102
-399.83224 215.95479 2713.919
-449.6866 -5.9820614 2785.3347
-503.45892 -416.93115 2910.5103
-524.03406 -741.0306 2871.9192
-256.01514 42.87704 2792.6743
-216.07088 -378.55917 2883.249
-153.84592 -735.0382 2831.8052
-487.4759 611.18414 2562.9143
-446.4903 417.71094 2639.8887
-631.3376 372.2833 2632.182
-778.21436 114.15939 2614.2979
-990.5832 -89.66136 2512.4343
-261.6429 463.1386 2647.5955
-113.81809 212.1588 2783.4614
11.84771 -44.271652 2773.117
-400.764 219.20702 2713.226
-452.0147 -3.1297643 2782.5203
-500.39005 -417.77573 2896.9614
-525.536 -741.9742 2864.1536
-258.0608 44.535854 2790.6067
-214.5811 -377.4909 2877.1162
-151.34087 -736.02966 2821.8984
-492.18265 612.6301 2569.111
-447.5646 419.02408 2642.0457
-632.14923 372.31735 2635.9282
-776.40594 119.28935 2613.6719
-987.22363 -87.52473 2514.6797
-262.97998 465.73077 2648.1633
-114.41152 213.0667 2782.7175
12.333806 -43.414913 2775.313
-399.61682 220.22105 2713.155
-448.51297 -3.0869932 2781.0547
-492.7963 -416.03668 2903.2134
-518.60236 -745.3715 2863.5186
-254.82513 45.923153 2787.4739
-207.53383 -374.33148 2880.4124
-145.4125 -734.9542 2818.3552
-498.05814 616.48346 2567.7046
-451.04773 423.84384 2641.342
-635.4024 376.02164 2637.8257
-780.26215 120.9674 2613.769
-987.21954 -86.16418 2507.7769
-266.69315 471.66614 2644.8582
-114.703415 214.52869 2781.3486
12.630963 -42.8665 2774.0618
-400.9652 225.54782 2712.4492
-447.61023 2.160256 2781.7117
-495.0597 -412.2544 2897.7803
-520.1489 -740.4523 2865.1592
-254.15515 52.34324 2785.4014
-210.14014 -369.13754 2874.5085
-147.14467 -733.25104 2821.1746
-498.44077 622.8195 2579.9158
-449.42615 428.3387 2646.5715
-633.5642 379.68613 2642.204
-777.3388 124.49243 2613.5337
-991.82184 -76.692215 2511.9238
-265.28806 476.99127 2650.939
-116.17398 218.38599 2781.5786
11.127753 -45.28937 2776.2485
-398.27197 228.75302 2713.1902
-443.72134 3.6428888 2777.5176
-493.53876 -409.19333 2898.4758
-516.32263 -751.0838 2870.1584
-250.51424 54.691757 2782.1
-208.68744 -365.76627 2877.1245
-147.61208 -737.44904 2829.1958
-474.63693 636.5144 2582.129
-432.13818 415.00955 2652.8057
-617.31537 370.7223 2648.0032
-774.17865 126.74321 2616.2368
-996.0642 -66.67092 2524.4275
-246.961 459.29678 2657.6084
-117.09997 219.19746 2780.8408
4.621689 -49.237885 2772.7678
-385.4882 213.15256 2715.5198
-436.0154 -11.94545 2775.7134
-489.31967 -423.708 2898.8867
-513.54865 -764.5504 2867.6423
-241.66096 34.536575 2780.7542
-202.93779 -385.7905 2877.7114
-139.63188 -755.4873 2824.3127
-459.31204 622.8889 2591.6682
-423.16855 412.03094 2654.9595
-609.22894 372.99588 2645.3435
-768.05756 134.37921 2620.8313
-986.2273 -61.442577 2528.8923
-237.10818 451.06604 2664.5754
-116.53767 220.10507 2779.8835
4.2135963 -48.715363 2778.2893
-383.5371 208.16426 2715.704
-441.57663 -16.19364 2771.401
-502.86014 -426.91064 2894.1938
-527.70264 -754.23816 2864.878
-246.23479 24.788614 2781.4966
-214.788 -397.18344 2873.4988
-153.77998 -744.4064 2825.5833
-448.15424 620.3518 2598.4797
-418.6519 415.02417 2656.809
-605.58545 381.2219 2644.754
-764.38275 141.84926 2627.2373
-972.34607 -60.50613 2528.7808
-231.71837 448.82642 2668.8643
-115.769684 219.06157 2779.9485
7.252804 -47.417347 2774.8145
-385.24948 209.42143 2715.3574
-449.92517 -13.916282 2767.5808
-512.6636 -418.26337 2908.2017
-528.4767 -747.223 2865.8193
-253.76881 21.553705 2780.2307
-215.48642 -399.9568 2871.7698
-157.11568 -737.03186 2822.2253
-438.8418 618.7486 2602.4102
-413.5854 415.19992 2658.8484
-601.2655 385.75052 2646.4285
-754.6701 146.43819 2631.7612
-963.83014 -54.74214 2533.7737
-225.90521 444.64932 2671.268
-109.89269 210.53601 2778.496
4.851787 -59.658764 2771.575
-384.91397 208.42096 2715.8926
-454.6909 -13.805842 2766.4219
-505.34824 -420.50226 2905.3005
-524.8069 -753.13763 2865.6663
-257.7942 17.089764 2779.4517
-213.83578 -403.65625 2872.0312
-153.34454 -740.357 2823.9927
-431.0646 627.4137 2602.8582
-408.89868 421.82996 2659.612
-596.69806 393.7002 2645.2566
-753.8357 138.2152 2632.8745
-966.729 -54.306255 2523.2544
-221.09929 449.95978 2673.9675
-104.94741 201.7673 2779.2385
0.82329637 -72.95252 2771.9893
-382.21402 214.66101 2716.4736
-454.03036 -7.262019 2765.806
-497.72076 -414.9409 2904.6355
-520.33295 -742.5807 2867.282
-257.02856 22.246159 2780.8645
-209.33818 -397.07373 2877.981
-147.90762 -728.2932 2826.7947
-422.24512 630.5428 2603.0867
-402.65527 425.7165 2660.382
-590.783 400.47253 2644.8052
-744.4189 146.10475 2641.933
-963.5807 -43.487408 2545.8135
-214.52763 450.96042 2675.9587
-98.47507 194.38428 2780.6155
-0.8097898 -82.114365 2778.5745
-379.46115 218.00922 2716.8699
-454.9601 -2.9411461 2765.186
-499.2674 -410.75085 2903.8452
-522.4065 -744.73706 2868.3398
-257.574 23.545143 2781.5295
-214.00499 -396.0419 2879.5327
-149.90028 -732.9254 2823.8613
-411.07474 636.816 2602.6968
-394.90384 431.26474 2660.5361
-583.1394 407.76813 2643.3745
-731.20715 150.04657 2652.4573
-953.1528 -36.653744 2562.3691
-206.66832 454.76147 2677.698
-97.2367 186.1944 2777.8027
-1.4393117 -87.8464 2774.5618
-373.97333 223.03412 2716.0586
-451.79056 2.477243 2762.578
-492.44962 -409.16373 2890.2727
-519.0734 -741.6114 2867.3752
-254.29489 27.129818 2780.584
-212.23451 -393.19305 2876.1633
-146.89139 -731.0245 2821.6572
-402.6341 640.3179 2604.507
-388.3457 435.6143 2661.6467
-576.75714 414.0143 2643.7883
-725.604 145.51924 2655.222
-944.39325 -44.29191 2564.8784
-199.93419 457.21423 2679.5051
-93.62031 183.60004 2778.4036
-4.67466 -89.07538 2764.4653
-369.54742 226.82368 2715.855
-449.59225 6.7014585 2760.6946
-495.01202 -402.2109 2895.446
-518.9184 -742.29016 2867.6145
-251.90616 29.364714 2779.4321
-211.06552 -391.1138 2874.9448
-148.70416 -733.06647 2821.657
-392.0794 643.8383 2597.4128
-381.40158 438.90698 2660.5696
-570.0039 420.072 2641.683
-717.309 146.26724 2662.1343
-929.4549 -49.775177 2569.575
-192.79915 457.74197 2679.4558
-88.31034 180.29065 2776.6748
-10.773647 -92.33487 2765.0095
-366.388 230.77275 2718.21
-450.32748 12.756413 2765.9414
-496.20102 -396.89883 2898.586
-522.29004 -743.7033 2875.4958
-252.42142 32.520454 2785.7593
-216.01753 -388.92786 2878.665
-151.06308 -731.99274 2829.2358
-382.39145 650.44104 2599.9016
-376.95905 443.7069 2661.8628
-566.0733 430.18793 2644.1692
-706.66644 149.64455 2672.587
-914.0521 -52.019558 2589.3071
-187.84485 457.22598 2679.5562
-85.16975 177.15164 2773.3862
-14.036315 -94.264915 2755.067
-367.26572 234.83928 2717.8467
-456.82162 18.876612 2764.545
-501.559 -393.58624 2888.448
-528.27594 -738.7543 2867.7422
-258.3232 33.066555 2783.1165
-224.35011 -390.21497 2867.9602
-156.1639 -733.03107 2822.8003
-375.20117 653.0971 2605.6145
-371.87506 446.6804 2664.1467
-561.1768 436.02353 2646.2083
-696.3365 148.32016 2684.2788
-901.481 -57.893894 2607.3472
-182.5732 457.33728 2682.0852
-85.5917 176.57874 2769.713
-15.635559 -95.13841 2747.1287
-365.1054 236.94434 2717.3083
-457.63858 21.617853 2761.06
-494.7059 -392.31146 2882.5828
-521.72296 -743.20544 2866.5396
-259.03305 32.79849 2779.8801
-218.99194 -390.29135 2863.057
-151.29926 -734.5645 2822.4612
-363.48773 669.5718 2635.177
-365.6605 457.8097 2675.1665
-555.60144 454.49713 2662.0867
-675.3919 156.86954 2699.7766
-839.55634 -71.98758 2603.653
-175.71944 461.12228 2688.2463
-88.96448 171.61568 2767.0356
-16.580687 -95.026855 2728.7861
-364.607 244.96838 2713.7722
-463.2115 30.389008 2745.5151
-493.35544 -380.64914 2877.8066
-521.30585 -731.8138 2868.1943
-263.8954 33.86511 2759.2407
-216.56096 -384.8929 2857.4592
-153.63837 -727.3978 2821.6292
-357.03754 673.60803 2646.7593
-362.19684 461.04013 2678.699
-552.2506 461.069 2666.6138
-660.21796 162.94824 2705.356
-807.98645 -77.386734 2619.7292
-172.14314 461.01132 2690.7842
-89.509705 170.79771 2766.5684
-16.497013 -94.55849 2724.879
-364.334 247.2494 2711.7988
-466.1735 33.473824 2738.5588
-493.35825 -379.7183 2864.941
-522.13574 -736.896 2862.972
-266.7688 33.44363 2751.2385
-219.21109 -386.08276 2846.9373
-154.88445 -732.6066 2818.9688
-347.61923 672.3494 2643.507
-355.06815 462.14758 2678.6284
-544.767 464.38394 2662.2664
-647.1304 164.99074 2705.6575
-782.1845 -79.51425 2620.5037
-165.36937 459.9112 2694.9905
-89.27662 170.37357 2766.2383
-17.046604 -94.150055 2719.801
-360.60522 248.64539 2713.6428
-465.6789 36.316574 2740.072
-489.44934 -375.72128 2871.0369
-518.05414 -734.64307 2871.4475
-266.60556 33.969765 2757.2427
-215.31842 -381.69437 2866.3403
-151.8312 -726.57446 2834.0015
-339.33853 672.34344 2632.392
-349.62677 464.19943 2675.6926
-539.0136 468.45535 2656.2344
-639.60693 167.5342 2709.834
-762.4445 -81.83483 2630.1262
-160.23996 459.94357 2695.1506
-89.177055 169.6433 2766.0693
-17.104376 -93.55299 2714.443
-358.55017 251.78783 2716.086
-466.82755 41.60882 2746.2715
-490.32233 -372.29892 2871.3413
-520.41705 -733.4352 2874.7056
-268.1197 37.14346 2766.6873
-217.01974 -381.337 2864.6226
-153.47388 -723.88336 2834.9714
-333.15118 673.35175 2636.8384
-345.17496 464.7384 2676.915
-534.19244 470.9246 2654.5017
-636.2835 169.7438 2714.388
-744.14136 -83.725655 2635.7766
-156.15761 458.55228 2699.3286
-87.07018 164.83772 2765.0278
-20.22383 -102.8471 2727.2004
-356.57742 251.8472 2714.3157
-467.14215 42.20133 2739.9575
-489.16718 -373.4369 2859.487
-521.3959 -737.7474 2861.9766
-268.81747 35.710564 2763.4749
-217.03436 -385.12073 2850.446
-151.6501 -729.9804 2822.5571
-329.91086 680.48553 2648.5776
-340.91544 470.3452 2681.3306
-529.87335 476.84354 2658.2
-630.1313 169.36163 2714.6875
-732.53595 -88.34245 2654.7366
-151.95758 463.8468 2704.4612
-86.02499 158.92831 2768.0159
-22.44435 -110.40866 2730.028
-352.13367 256.52283 2712.9028
-462.4694 46.109203 2732.342
-484.6655 -367.9832 2857.1416
-514.88495 -735.26886 2861.542
-264.2344 39.29179 2756.6082
-212.09941 -380.5027 2848.8276
-146.41447 -723.67847 2818.0417
-328.48856 683.60065 2662.943
-339.1626 472.6959 2686.625
-528.3856 479.83743 2665.9578
-625.60736 162.72075 2719.8284
-719.0826 -102.408936 2672.0398
-149.93959 465.55438 2707.2925
-84.55905 156.42801 2769.512
-23.680824 -114.18169 2727.408
-349.99295 258.016 2711.6025
-460.0976 47.082787 2725.737
-487.49902 -363.74377 2859.6277
-516.9008 -736.6202 2864.476
-261.5491 39.589325 2747.4229
-213.34598 -378.47867 2849.0137
-148.8402 -730.3262 2817.2715
-324.4715 684.12585 2660.6326
-336.81854 473.57217 2686.8271
-525.8794 481.50235 2664.8865
-613.81146 166.8663 2718.9172
-706.47235 -100.924675 2680.2576
-147.75763 465.64215 2708.7678
-83.78698 155.20865 2769.7495
-25.404497 -115.14337 2719.2764
-348.94116 259.12656 2713.779
-460.24805 48.841167 2729.2205
-488.50314 -362.1682 2862.661
-519.24927 -737.52 2872.5232
-261.8795 40.52068 2752.2415
-217.53624 -375.47333 2863.5432
-150.04227 -729.40265 2831.0583
-320.54712 683.7797 2660.4836
-333.96793 473.25055 2688.272
-523.25525 482.3052 2668.956
-609.40717 166.43349 2723.963
-695.7628 -105.58493 2687.3694
-144.68065 464.1959 2707.588
-82.89523 153.60579 2767.8828
-25.332817 -117.05812 2717.6936
-346.96454 258.7926 2715.1025
-459.27545 49.08544 2731.7986
-486.69937 -363.87625 2859.2478
-519.5637 -739.89246 2871.6028
-260.6468 39.58398 2752.0676
-216.68884 -378.5182 2855.5142
-149.12106 -732.1067 2825.4448
-317.46188 689.53937 2669.3938
-332.08414 478.40494 2692.636
-521.07294 489.23355 2671.4148
-606.6853 164.19687 2727.9563
-690.41864 -111.717636 2697.4539
-143.09549 467.57632 2713.8572
-87.93089 152.81836 2763.9473
-25.007544 -118.000015 2718.4248
-346.94635 263.61874 2715.3943
-460.9621 54.513912 2727.0188
-489.84036 -359.64886 2850.253
-521.46106 -732.1407 2866.7246
-262.65512 43.151367 2749.2864
-219.31564 -375.2498 2852.1902
-151.67567 -726.51843 2822.5237
-315.03152 684.8781 2664.8699
-330.94293 473.71353 2691.2297
-520.1034 486.02298 2672.541
-605.3348 163.58925 2724.4932
-681.2393 -118.05623 2697.9165
-141.78249 461.40405 2709.9182
-85.45517 152.91942 2760.981
-24.802406 -118.129845 2713.9502
-347.28958 259.1592 2715.3667
-462.8818 51.063187 2729.6985
-489.43542 -361.7713 2857.8142
-520.82214 -738.7424 2874.4336
-264.39066 38.146503 2749.309
-219.86702 -380.0089 2852.9033
-152.08894 -734.53625 2827.6929
-314.4762 689.6428 2672.6108
-331.5839 477.92194 2694.034
-520.96155 492.2395 2680.0784
-600.71924 173.84708 2723.2437
-675.52747 -105.97025 2695.6675
-142.20627 463.60437 2707.9893
-89.789055 151.41943 2762.5273
-25.793615 -117.81241 2712.7283
-349.2846 263.05344 2713.7905
-466.368 55.698555 2726.2236
-489.97562 -358.02438 2852.0942
-521.4495 -730.016 2866.8926
-267.60254 40.671253 2740.8708
-217.79951 -377.31964 2842.6672
-154.39474 -730.23645 2822.3835
-314.91132 691.4109 2685.4639
-331.8086 478.79633 2697.8884
-521.3519 493.33347 2686.153
-601.88727 171.45148 2725.6155
-670.51294 -110.226776 2701.0432
-142.26526 464.25925 2709.624
-91.92625 152.68553 2759.7634
-26.603552 -117.082245 2711.2412
-349.22894 263.52396 2712.5862
-466.07672 55.87726 2721.128
-486.55942 -357.34793 2849.1934
-517.1556 -736.6269 2865.059
-267.22195 40.62596 2733.44
-212.87383 -374.5578 2843.6887
-150.63226 -730.9581 2824.4756
-313.51813 690.992 2691.8916
-330.77188 477.91647 2700.3574
-520.32056 492.7602 2688.6265
-600.94385 176.22542 2723.8037
-666.4483 -105.01124 2709.6294
-141.22333 463.07266 2712.0881
-87.4635 153.3429 2761.881
-26.911512 -116.23125 2707.6584
-348.38455 262.45956 2712.3145
-465.42892 54.789257 2718.118
-483.50516 -356.02527 2853.868
-516.5155 -736.4812 2866.071
-266.56546 39.216038 2730.4253
-212.55002 -375.03793 2844.4863
-151.35065 -726.8797 2826.9417
-310.13416 691.3351 2684.608
-327.01593 477.5615 2697.9797
-516.28986 491.84857 2682.2603
-600.50684 178.6489 2726.8994
-659.2505 -99.30434 2694.0315
-137.74199 463.2744 2713.6992
-84.77239 153.14166 2762.9458
-27.587626 -116.25924 2706.8066
-344.55304 262.32376 2713.5142
-461.40738 54.58283 2720.8003
-479.3054 -356.92426 2854.6113
-513.553 -734.90344 2870.2249
-262.77274 39.58914 2737.297
-209.53088 -373.0147 2857.5276
-148.21732 -726.36096 2837.853
-307.3085 690.4151 2680.9683
-325.25674 476.80356 2697.377
-514.36017 491.02228 2679.4946
-602.2611 172.33237 2727.9504
-661.168 -106.49309 2697.1677
-136.15329 462.5848 2715.259
-88.89483 152.06425 2763.471
-27.793457 -116.34913 2706.3147
-343.03543 261.66544 2714.3225
-460.01865 53.986565 2721.8872
-481.16177 -357.6413 2854.9006
-517.3815 -736.929 2870.3533
-261.60947 39.068165 2740.6492
-214.10962 -376.3924 2852.9175
-150.28311 -726.9102 2832.3455
-307.2249 691.9799 2689.1384
-324.04636 478.78336 2700.6353
-513.3141 492.17227 2683.701
-603.63763 168.17392 2725.9768
-662.1565 -112.899254 2694.7249
-134.7786 465.39438 2717.5693
-95.45422 149.52464 2761.725
-27.38319 -116.06808 2707.742
-340.52084 263.32504 2714.4146
-456.28613 54.89068 2719.31
-479.3448 -357.56628 2849.4243
-516.62823 -738.7603 2870.5586
-257.70465 40.84293 2737.0776
-205.59862 -375.3593 2844.5786
-147.32631 -724.9231 2826.4233
-306.7827 692.2832 2683.7583
-326.06595 480.02997 2699.393
-515.3739 495.90924 2685.7441
-603.799 166.56573 2724.0293
-664.1444 -117.46018 2698.6274
-136.75804 464.15076 2713.042
-93.701866 148.28368 2763.373
-26.907413 -115.772156 2703.469
-345.2798 264.98517 2715.7
-463.8309 58.27279 2724.8447
-490.1725 -352.55 2859.3638
-525.714 -732.44653 2872.1104
-265.15628 41.60784 2739.169
-216.69067 -373.4005 2852.8386
-160.5646 -724.5878 2830.5898
-305.44516 692.5261 2680.5376
-326.1831 480.52567 2699.1194
-515.3365 497.4112 2684.277
-601.40576 174.78757 2725.0173
-660.2007 -109.04041 2694.6633
-137.0298 463.6401 2713.9617
-87.856865 150.63805 2762.679
-27.182085 -116.11596 2704.5955
-346.7713 265.72794 2717.1328
-466.58722 59.788097 2727.36
-486.00186 -354.22095 2852.5095
-521.38605 -739.4085 2872.284
-268.13177 42.072193 2742.9324
-213.90083 -372.51578 2855.6208
-156.53189 -726.2026 2831.9807
-305.68515 689.6311 2678.938
-325.48795 476.9107 2697.9734
-514.59143 492.34088 2681.05
-599.7059 180.39935 2724.0168
-656.298 -101.8085 2687.908
-136.38446 461.4805 2714.8965
-84.43209 150.81552 2763.3486
-27.56671 -116.13844 2701.3408
-344.70358 262.03998 2716.7783
-463.13202 55.26473 2726.7046
-479.55145 -360.22678 2847.5146
-514.8336 -742.9852 2869.2358
-264.70636 39.073864 2744.4622
-208.58606 -376.0731 2854.2766
-149.36662 -731.33276 2829.6372
-305.31747 690.18945 2678.1365
-323.46106 477.37164 2698.0967
-512.4852 491.5731 2679.275
-598.85254 181.70125 2723.0166
-655.7659 -97.80189 2691.0073
-134.43687 463.1702 2716.9185
-82.71527 150.40723 2763.6787
-27.722534 -116.7283 2702.3652
-341.49344 262.39676 2716.99
-458.69534 54.87253 2726.0085
-478.10846 -359.0931 2851.6133
-514.20966 -736.12115 2868.7405
-260.35626 39.971268 2745.758
-205.6185 -376.4594 2851.3625
-149.03734 -730.7736 2830.3416
-303.66574 689.7473 2679.7285
-321.64133 476.9592 2699.3503
-510.57184 490.4532 2679.044
-599.92554 181.35106 2727.513
-655.78796 -95.3971 2693.9941
-132.71083 463.4652 2719.657
-87.35638 150.20345 2762.84
-27.58923 -117.187065 2703.3372
-339.02277 261.91708 2718.168
-455.52234 53.954216 2726.332
-479.6836 -359.70737 2852.207
-516.14905 -737.2828 2867.5366
-257.28607 39.795578 2747.639
-205.88167 -377.57724 2851.2212
-151.1259 -727.512 2831.3962
-303.74146 688.4252 2679.5332
-322.4242 476.12582 2698.9346
-511.615 490.42252 2682.1108
-600.4649 173.67743 2725.2593
-658.01025 -103.83769 2691.3875
-133.23347 461.82916 2715.7583
-83.18101 151.60106 2764.4268
-26.779697 -117.45519 2707.5198
-340.3241 261.10065 2717.5005
-457.4946 53.57706 2727.2388
-483.84714 -360.45148 2851.5654
-521.13116 -734.05963 2868.5122
-258.95325 38.57383 2744.894
-210.99112 -377.50653 2854.9558
-155.76941 -730.39 2825.0093
-302.62085 688.65283 2679.9377
-323.5112 476.18762 2699.2869
-512.77936 492.063 2684.9312
-601.233 168.3379 2724.6394
-660.9709 -111.49267 2693.7317
-134.24313 460.3122 2713.6426
-82.59078 150.30327 2768.225
-26.961643 -117.4573 2703.6772
-342.9454 261.3005 2717.876
-461.6791 54.742447 2728.9333
-487.57123 -359.69693 2852.0583
-522.2752 -733.17474 2870.4905
-263.07996 38.08436 2743.9968
-214.66196 -378.6326 2851.5637
-157.16154 -731.57574 2826.4773
-303.5633 690.67993 2680.1326
-324.0127 478.3347 2700.4644
-513.3482 493.42273 2685.8738
-601.6139 166.17226 2724.3228
-663.43054 -116.52643 2697.5593
-134.6772 463.2467 2715.055
-82.793274 151.14853 2770.116
-26.995617 -117.13538 2712.129
-342.62067 263.42984 2719.6997
-460.5526 56.440033 2731.281
-480.72446 -360.41074 2846.7493
-517.41266 -735.9747 2873.7354
-261.90457 40.609886 2746.5894
-208.17967 -375.13974 2855.336
-152.34743 -725.01733 2830.7695
-305.86243 690.8058 2689.7266
-325.25302 477.83334 2703.1333
-514.6229 492.5023 2688.4106
-602.3055 166.08467 2729.165
-663.18835 -119.11041 2693.082
-135.88309 463.1644 2717.8562
-79.894325 154.57509 2771.0535
-27.198805 -116.42193 2711.0627
-343.10568 262.5755 2718.291
-460.30524 55.01323 2725.7249
-482.5057 -360.25092 2846.4998
-518.51355 -738.26215 2864.1355
-261.61163 39.622093 2741.1726
-208.55934 -376.16202 2850.2358
-152.48167 -728.26 2821.6682
-306.32812 691.7909 2694.5256
-324.61462 479.01538 2704.9668
-513.822 493.35892 2688.076
-603.14075 167.53001 2728.0862
-665.0602 -120.88332 2698.736
-135.40717 464.6718 2721.8577
-81.4329 154.79776 2771.025
-27.351368 -116.92659 2720.32
-342.09933 263.5711 2717.874
-458.85504 55.652378 2721.9192
-481.42798 -357.164 2850.6516
-516.43176 -738.27893 2864.5427
-260.3131 40.601273 2739.6433
-205.0343 -374.28952 2850.991
-150.59132 -731.6561 2829.5115
-305.28278 694.0241 2695.9224
-323.56558 480.97 2706.1843
-512.5725 495.5447 2687.3633
-600.06604 176.75981 2725.042
-662.08844 -111.19176 2700.664
-134.55858 466.39532 2725.0054
-81.711105 154.40294 2773.509
-27.474651 -116.66039 2723.1223
-341.36618 265.47855 2718.0708
-458.32953 57.633736 2720.0828
-481.6601 -354.0503 2852.4194
-517.4354 -734.9822 2865.3374
-260.004 42.34046 2739.8318
-207.18202 -373.23962 2849.8103
-153.14192 -725.5719 2829.7068
-306.20422 692.9598 2697.6199
-322.01086 480.0602 2707.2913
-511.21637 492.32605 2688.8718
-601.0313 174.88216 2725.0217
-662.0612 -113.31731 2696.5437
-132.80527 467.7944 2725.7104
-81.85355 154.69897 2769.7493
-31.03231 -115.92309 2718.669
-337.11746 264.35117 2718.8228
-451.49316 55.077587 2720.6904
-476.25793 -355.81992 2855.2979
-511.64792 -743.0399 2871.698
-252.95482 42.206768 2740.0183
-198.4306 -373.9555 2846.9102
-146.68227 -728.2862 2831.4475
-306.6765 693.7963 2697.9976
-325.1973 481.3227 2707.412
-514.5094 496.0263 2692.6252
-601.51337 171.937 2726.0383
-663.9737 -116.86824 2699.7517
-135.8851 466.6191 2722.199
-82.923294 151.85582 2772.8977
-34.027576 -121.02785 2727.6199
-342.8603 265.82742 2719.2651
-459.86572 58.047962 2723.3586
-492.8913 -352.9094 2855.8022
-525.6189 -736.26984 2874.717
-261.18082 42.616398 2738.8777
-214.16518 -373.8956 2847.7273
-160.59111 -728.6678 2827.4907
