2.0916441345214844e+02 6.8968157958984375e+02 2.7995244140625000e+03 
1.7451992797851562e+02 4.2941278076171875e+02 2.8724741210937500e+03 
1.7514842224121094e+02 1.7272749328613281e+02 2.8922270507812500e+03 
6.7590670585632324e+00 4.2843005371093750e+02 2.8650415039062500e+03 
-6.6353134155273438e+01 1.6008135986328125e+02 2.9169577636718750e+03 
-1.0391523742675781e+02 4.6238560676574707e+00 2.6185627441406250e+03 
3.4228076171875000e+02 4.3039553833007812e+02 2.8799067382812500e+03 
3.8998898315429688e+02 1.7616986083984375e+02 2.9667602539062500e+03 
5.0785565185546875e+02 -2.4292392730712891e+01 2.7731142578125000e+03 
5.9670127868652344e+01 -8.4637947082519531e+01 2.9068359375000000e+03 
3.3712860107421875e+01 -5.8101269531250000e+02 2.9372802734375000e+03 
2.3003135681152344e+01 -1.0450667724609375e+03 3.0585129394531250e+03 
2.9188372802734375e+02 -8.3277656555175781e+01 2.9171240234375000e+03 
2.9221258544921875e+02 -5.7234295654296875e+02 2.9575375976562500e+03 
2.7849078369140625e+02 -1.0239487304687500e+03 3.0691789550781250e+03 
2.0881381225585938e+02 6.9099365234375000e+02 2.8002392578125000e+03 
1.7468164062500000e+02 4.2943252563476562e+02 2.8717016601562500e+03 
1.7518661499023438e+02 1.7340977478027344e+02 2.8917607421875000e+03 
7.2690749168395996e+00 4.2857049560546875e+02 2.8649140625000000e+03 
-6.4883903503417969e+01 1.6216078186035156e+02 2.9172219238281250e+03 
-8.9707710266113281e+01 -2.9246646881103516e+01 2.7103833007812500e+03 
3.4209420776367188e+02 4.3029452514648438e+02 2.8784895019531250e+03 
3.8987527465820312e+02 1.7603749084472656e+02 2.9678383789062500e+03 
5.0735882568359375e+02 -2.7519584655761719e+01 2.7810991210937500e+03 
5.9370056152343750e+01 -8.3211898803710938e+01 2.9071035156250000e+03 
3.3764995574951172e+01 -5.8099639892578125e+02 2.9361389160156250e+03 
2.4342178344726562e+01 -1.0462043457031250e+03 3.0564157714843750e+03 
2.9201312255859375e+02 -8.2014022827148438e+01 2.9165358886718750e+03 
2.9254641723632812e+02 -5.7181555175781250e+02 2.9570244140625000e+03 
2.7859716796875000e+02 -1.0217571411132812e+03 3.0662231445312500e+03 
2.0885562133789062e+02 6.9162420654296875e+02 2.8014162597656250e+03 
1.7495697021484375e+02 4.2973641967773438e+02 2.8710349121093750e+03 
1.7488052368164062e+02 1.7455262756347656e+02 2.8912351074218750e+03 
6.9619936943054199e+00 4.2929425048828125e+02 2.8648129882812500e+03 
-6.5336067199707031e+01 1.6115924072265625e+02 2.9163513183593750e+03 
-8.9737983703613281e+01 -3.3337390899658203e+01 2.7147827148437500e+03 
3.4295193481445312e+02 4.3017861938476562e+02 2.8772568359375000e+03 
3.8867868041992188e+02 1.6971304321289062e+02 2.9730126953125000e+03 
4.9543270874023438e+02 -4.2527969360351562e+01 2.7569406738281250e+03 
5.7893100738525391e+01 -8.0938903808593750e+01 2.9071054687500000e+03 
3.1751253128051758e+01 -5.7542816162109375e+02 2.9322421875000000e+03 
4.0915485382080078e+01 -1.0201077880859375e+03 3.0484321289062500e+03 
2.9171505737304688e+02 -8.0323448181152344e+01 2.9157651367187500e+03 
2.9304028320312500e+02 -5.7214617919921875e+02 2.9562268066406250e+03 
2.7440417480468750e+02 -1.0423446044921875e+03 3.0561025390625000e+03 
2.0840350341796875e+02 6.9177679443359375e+02 2.8006799316406250e+03 
1.7507009887695312e+02 4.2904116821289062e+02 2.8699599609375000e+03 
1.7487167358398438e+02 1.7494081115722656e+02 2.8905974121093750e+03 
6.7124609947204590e+00 4.2869003295898438e+02 2.8640178222656250e+03 
-6.5474220275878906e+01 1.6084092712402344e+02 2.9156352539062500e+03 
-8.9328666687011719e+01 -3.4225631713867188e+01 2.7150100097656250e+03 
3.4342773437500000e+02 4.2939230346679688e+02 2.8759020996093750e+03 
3.8946237182617188e+02 1.7178628540039062e+02 2.9701708984375000e+03 
5.0090270996093750e+02 -3.1845836639404297e+01 2.7726589355468750e+03 
5.7523323059082031e+01 -7.9403869628906250e+01 2.9071000976562500e+03 
3.2373592376708984e+01 -5.7534106445312500e+02 2.9334252929687500e+03 
3.2067859649658203e+01 -1.0332476806640625e+03 3.0523298339843750e+03 
2.9182315063476562e+02 -7.8915206909179688e+01 2.9153696289062500e+03 
2.9405133056640625e+02 -5.7242565917968750e+02 2.9549433593750000e+03 
2.7448272705078125e+02 -1.0403366699218750e+03 3.0563652343750000e+03 
2.0833807373046875e+02 6.9195135498046875e+02 2.7992019042968750e+03 
1.7504824829101562e+02 4.2827697753906250e+02 2.8687998046875000e+03 
1.7483012390136719e+02 1.7491583251953125e+02 2.8893967285156250e+03 
6.1755151748657227e+00 4.2796893310546875e+02 2.8632224121093750e+03 
-6.5715301513671875e+01 1.6204319763183594e+02 2.9148669433593750e+03 
-1.5454057312011719e+02 7.3610897064208984e+00 2.6306335449218750e+03 
3.4392095947265625e+02 4.2858499145507812e+02 2.8743771972656250e+03 
4.0221115112304688e+02 1.5509724426269531e+02 2.9467902832031250e+03 
5.5571197509765625e+02 -1.1974035263061523e+01 2.7621918945312500e+03 
5.8167842864990234e+01 -7.8657707214355469e+01 2.9061479492187500e+03 
3.3962047576904297e+01 -5.7469897460937500e+02 2.9329301757812500e+03 
2.8621671676635742e+01 -1.0370244140625000e+03 3.0517922363281250e+03 
2.9105618286132812e+02 -7.8232902526855469e+01 2.9138395996093750e+03 
2.9456259155273438e+02 -5.7163958740234375e+02 2.9548637695312500e+03 
2.7465261840820312e+02 -1.0299531250000000e+03 3.0605156250000000e+03 
2.0776098632812500e+02 6.9162493896484375e+02 2.7990625000000000e+03 
1.7500440979003906e+02 4.2829708862304688e+02 2.8675747070312500e+03 
1.7459742736816406e+02 1.7566842651367188e+02 2.8885146484375000e+03 
5.6422619819641113e+00 4.2818637084960938e+02 2.8629472656250000e+03 
-6.7145545959472656e+01 1.6336268615722656e+02 2.9103271484375000e+03 
-1.0921894836425781e+02 5.2217388153076172e+01 2.6549082031250000e+03 
3.4436657714843750e+02 4.2840777587890625e+02 2.8722019042968750e+03 
4.2820767211914062e+02 1.7789668273925781e+02 2.9090930175781250e+03 
5.3907196044921875e+02 1.2235491943359375e+02 2.6443579101562500e+03 
5.8106609344482422e+01 -7.7036102294921875e+01 2.9062829589843750e+03 
3.2947238922119141e+01 -5.7054553222656250e+02 2.9304633789062500e+03 
3.0482774734497070e+01 -1.0260909423828125e+03 3.0437854003906250e+03 
2.9027426147460938e+02 -7.6884338378906250e+01 2.9126262207031250e+03 
2.9584051513671875e+02 -5.6697369384765625e+02 2.9496391601562500e+03 
2.7261981201171875e+02 -1.0247089843750000e+03 3.0579038085937500e+03 
2.0658895874023438e+02 6.9449310302734375e+02 2.8035805664062500e+03 
1.8508958435058594e+02 4.5264086914062500e+02 2.8651115722656250e+03 
1.7932440185546875e+02 1.8935435485839844e+02 2.8870568847656250e+03 
2.6072847366333008e+01 4.5543167114257812e+02 2.8568193359375000e+03 
-6.5205642700195312e+01 1.7578463745117188e+02 2.9113898925781250e+03 
1.1200569152832031e+01 2.2492250061035156e+02 2.6008981933593750e+03 
3.4410632324218750e+02 4.4985006713867188e+02 2.8734040527343750e+03 
4.0841610717773438e+02 1.9784439086914062e+02 2.8744863281250000e+03 
3.9747341918945312e+02 2.7852209472656250e+02 2.5308784179687500e+03 
5.8660137176513672e+01 -7.1915641784667969e+01 2.9030102539062500e+03 
3.3224777221679688e+01 -5.6779290771484375e+02 2.9260422363281250e+03 
3.2289611816406250e+01 -1.0209261474609375e+03 3.0363930664062500e+03 
2.8845831298828125e+02 -7.5948692321777344e+01 2.9149938964843750e+03 
2.9614083862304688e+02 -5.6890612792968750e+02 2.9535993652343750e+03 
2.7226550292968750e+02 -1.0274449462890625e+03 3.0634714355468750e+03 
2.0689692687988281e+02 6.9369409179687500e+02 2.8032375488281250e+03 
1.8685113525390625e+02 4.3297821044921875e+02 2.8573645019531250e+03 
1.7979643249511719e+02 1.7929248046875000e+02 2.8823071289062500e+03 
2.9707115173339844e+01 4.3639895629882812e+02 2.8477097167968750e+03 
6.5428459167480469e+01 2.3111108398437500e+02 2.7463493652343750e+03 
2.0580297851562500e+02 3.5500799560546875e+02 2.5343942871093750e+03 
3.4399514770507812e+02 4.2955749511718750e+02 2.8670192871093750e+03 
3.4723614501953125e+02 2.0302685546875000e+02 2.7548925781250000e+03 
2.5067987060546875e+02 3.3355429077148438e+02 2.5306652832031250e+03 
6.2119350433349609e+01 -7.1985214233398438e+01 2.9004533691406250e+03 
4.4440593719482422e+01 -5.9376611328125000e+02 2.9270358886718750e+03 
3.2091945648193359e+01 -1.0226813354492188e+03 3.0327446289062500e+03 
2.8336410522460938e+02 -7.6801292419433594e+01 2.9140463867187500e+03 
2.9661163330078125e+02 -5.6905621337890625e+02 2.9580510253906250e+03 
2.7496771240234375e+02 -1.0208704223632812e+03 3.0692197265625000e+03 
2.0646772766113281e+02 6.9283209228515625e+02 2.8022260742187500e+03 
1.8068211364746094e+02 4.2971868896484375e+02 2.8609655761718750e+03 
1.7700181579589844e+02 1.7588093566894531e+02 2.8842265625000000e+03 
1.9126724243164062e+01 4.3148843383789062e+02 2.8547172851562500e+03 
5.5277732849121094e+01 2.1900706481933594e+02 2.7468422851562500e+03 
1.2240050506591797e+02 2.9829165649414062e+02 2.4588774414062500e+03 
3.4223748779296875e+02 4.2794894409179688e+02 2.8672138671875000e+03 
3.5496600341796875e+02 2.0713928222656250e+02 2.7518493652343750e+03 
3.4092041015625000e+02 3.2935571289062500e+02 2.5134106445312500e+03 
6.3696281433105469e+01 -7.6755943298339844e+01 2.9032478027343750e+03 
3.8593532562255859e+01 -5.8294213867187500e+02 2.9280329589843750e+03 
3.1575418472290039e+01 -1.0228429565429688e+03 3.0356125488281250e+03 
2.8294674682617188e+02 -7.9157707214355469e+01 2.9117275390625000e+03 
2.9725140380859375e+02 -5.7059814453125000e+02 2.9560253906250000e+03 
2.7944528198242188e+02 -1.0176665039062500e+03 3.0665153808593750e+03 
2.0604882812500000e+02 6.9244171142578125e+02 2.8012456054687500e+03 
1.7880638122558594e+02 4.2934323120117188e+02 2.8622543945312500e+03 
1.7622326660156250e+02 1.7511740112304688e+02 2.8846660156250000e+03 
1.5083790779113770e+01 4.3049160766601562e+02 2.8564106445312500e+03 
-5.2594715118408203e+01 1.8762080383300781e+02 2.8281538085937500e+03 
-1.0870112419128418e+01 2.7488949584960938e+02 2.5576354980468750e+03 
3.4252896118164062e+02 4.2819485473632812e+02 2.8680981445312500e+03 
3.7139962768554688e+02 1.8165347290039062e+02 2.7780581054687500e+03 
4.7383721923828125e+02 3.1197894287109375e+02 2.5680004882812500e+03 
6.2455909729003906e+01 -7.8328567504882812e+01 2.9031091308593750e+03 
3.5339126586914062e+01 -5.7970855712890625e+02 2.9288803710937500e+03 
3.1000192642211914e+01 -1.0246612548828125e+03 3.0376494140625000e+03 
2.8482440185546875e+02 -7.9888290405273438e+01 2.9110461425781250e+03 
2.9761154174804688e+02 -5.6879541015625000e+02 2.9534152832031250e+03 
2.6189126586914062e+02 -1.0004285888671875e+03 3.0814731445312500e+03 
2.0593917846679688e+02 6.9169744873046875e+02 2.7996103515625000e+03 
1.7825854492187500e+02 4.3170468139648438e+02 2.8605600585937500e+03 
1.7584231567382812e+02 1.7657310485839844e+02 2.8834443359375000e+03 
1.4029511451721191e+01 4.3285729980468750e+02 2.8560700683593750e+03 
-5.7401973724365234e+01 1.8984425354003906e+02 2.8041166992187500e+03 
-2.3119142532348633e+01 2.9322933959960938e+02 2.4513950195312500e+03 
3.4248757934570312e+02 4.3055209350585938e+02 2.8650498046875000e+03 
3.7707528686523438e+02 1.7656246948242188e+02 2.7924528808593750e+03 
4.5981008911132812e+02 3.5253491210937500e+02 2.5802873535156250e+03 
6.1838825225830078e+01 -7.7775329589843750e+01 2.9032780761718750e+03 
3.3820636749267578e+01 -5.7835089111328125e+02 2.9291379394531250e+03 
2.9722724914550781e+01 -1.0268270263671875e+03 3.0408703613281250e+03 
2.8501336669921875e+02 -7.9341636657714844e+01 2.9093793945312500e+03 
2.9796636962890625e+02 -5.6843353271484375e+02 2.9492280273437500e+03 
2.7026443481445312e+02 -1.0107214965820312e+03 3.0736823730468750e+03 
