-4.2733999633789062e+02 1.5075230407714844e+02 3.1205336914062500e+03 
-4.5258728027343750e+02 -7.2353370666503906e+01 3.1038740234375000e+03 
-4.4133172607421875e+02 -2.1660163879394531e+02 2.9814187011718750e+03 
-5.9895318603515625e+02 -7.2050384521484375e+01 3.0900637207031250e+03 
-6.7978869628906250e+02 -2.9759027099609375e+02 3.1029301757812500e+03 
-6.9573339843750000e+02 -4.2751205444335938e+02 2.8405114746093750e+03 
-3.0622140502929688e+02 -7.2656349182128906e+01 3.1176840820312500e+03 
-2.4528749084472656e+02 -2.8721865844726562e+02 3.1812998046875000e+03 
-1.7818746948242188e+02 -4.8413052368164062e+02 2.9444384765625000e+03 
-5.4237982177734375e+02 -3.6061743164062500e+02 2.8483671875000000e+03 
-5.6157989501953125e+02 -6.9209332275390625e+02 2.7734904785156250e+03 
-5.8918225097656250e+02 -1.0175529174804688e+03 2.7518933105468750e+03 
-3.1777249145507812e+02 -3.6108236694335938e+02 2.8695598144531250e+03 
-3.0601409912109375e+02 -7.2570190429687500e+02 2.8157229003906250e+03 
-2.8583544921875000e+02 -1.0171762695312500e+03 2.9805476074218750e+03 
-4.2744213867187500e+02 1.5076528930664062e+02 3.1219025878906250e+03 
-4.5288092041015625e+02 -7.2787002563476562e+01 3.1038381347656250e+03 
-4.4291775512695312e+02 -2.1574839782714844e+02 2.9810769042968750e+03 
-5.9967010498046875e+02 -7.5378715515136719e+01 3.0949428710937500e+03 
-6.7864062500000000e+02 -2.9332235717773438e+02 3.1053378906250000e+03 
-6.9343225097656250e+02 -4.4213238525390625e+02 2.8764875488281250e+03 
-3.0609173583984375e+02 -7.0195289611816406e+01 3.1127331542968750e+03 
-2.4689491271972656e+02 -2.8544680786132812e+02 3.1735397949218750e+03 
-1.8999076843261719e+02 -4.5273751831054688e+02 2.9295817871093750e+03 
-5.4665893554687500e+02 -3.6071734619140625e+02 2.8514255371093750e+03 
-5.5851135253906250e+02 -6.9953771972656250e+02 2.7757658691406250e+03 
-5.8840844726562500e+02 -1.0088707275390625e+03 2.7561594238281250e+03 
-3.1925024414062500e+02 -3.5670223999023438e+02 2.8652060546875000e+03 
-3.0567080688476562e+02 -6.9776483154296875e+02 2.8083378906250000e+03 
-3.0225781250000000e+02 -1.0278203125000000e+03 2.9496166992187500e+03 
-4.2750967407226562e+02 1.5109181213378906e+02 3.1229204101562500e+03 
-4.5292050170898438e+02 -7.3132537841796875e+01 3.1032875976562500e+03 
-4.4283856201171875e+02 -2.1935379028320312e+02 2.9824763183593750e+03 
-5.9980554199218750e+02 -8.0639091491699219e+01 3.1001152343750000e+03 
-6.8143023681640625e+02 -2.9915762329101562e+02 3.1106887207031250e+03 
-6.9220117187500000e+02 -4.4269689941406250e+02 2.8757426757812500e+03 
-3.0603546142578125e+02 -6.5625991821289062e+01 3.1064599609375000e+03 
-2.4454708862304688e+02 -2.7315130615234375e+02 3.1700625000000000e+03 
-1.8648872375488281e+02 -4.6688314819335938e+02 2.9412766113281250e+03 
-5.4436590576171875e+02 -3.7127883911132812e+02 2.8592546386718750e+03 
-5.5951739501953125e+02 -7.0585369873046875e+02 2.7772282714843750e+03 
-5.8489349365234375e+02 -9.9656060791015625e+02 2.7558286132812500e+03 
-3.2114730834960938e+02 -3.5987124633789062e+02 2.8640756835937500e+03 
-3.0211727905273438e+02 -7.1394451904296875e+02 2.8103850097656250e+03 
-3.0280621337890625e+02 -1.0382321777343750e+03 2.9389318847656250e+03 
-4.2785000610351562e+02 1.5061940002441406e+02 3.1230131835937500e+03 
-4.5333972167968750e+02 -7.4218658447265625e+01 3.1028012695312500e+03 
-4.4641390991210938e+02 -2.1915731811523438e+02 2.9909357910156250e+03 
-5.9990747070312500e+02 -8.6180999755859375e+01 3.1092260742187500e+03 
-6.7848883056640625e+02 -3.0066668701171875e+02 3.1200883789062500e+03 
-6.9625531005859375e+02 -4.4055270385742188e+02 2.8754191894531250e+03 
-3.0677200317382812e+02 -6.2256317138671875e+01 3.0963764648437500e+03 
-2.4645008850097656e+02 -2.7304653930664062e+02 3.1581909179687500e+03 
-1.9433932495117188e+02 -4.7613452148437500e+02 2.9160070800781250e+03 
-5.5811065673828125e+02 -3.7377752685546875e+02 2.8842700195312500e+03 
-5.6455578613281250e+02 -7.0469915771484375e+02 2.7644404296875000e+03 
-5.8467547607421875e+02 -9.9617553710937500e+02 2.7470405273437500e+03 
-3.2086550903320312e+02 -3.5441442871093750e+02 2.8738703613281250e+03 
-3.0059805297851562e+02 -7.1823455810546875e+02 2.8261789550781250e+03 
-3.0586553955078125e+02 -1.0387265625000000e+03 2.9483320312500000e+03 
-4.2740057373046875e+02 1.4957801818847656e+02 3.1215402832031250e+03 
-4.5172821044921875e+02 -8.0476943969726562e+01 3.0873771972656250e+03 
-4.3422317504882812e+02 -2.4946833801269531e+02 3.0159357910156250e+03 
-5.8627343750000000e+02 -1.1717955017089844e+02 3.1412285156250000e+03 
-6.6300714111328125e+02 -3.2821731567382812e+02 3.1595751953125000e+03 
-6.6041345214843750e+02 -4.9339584350585938e+02 2.9057280273437500e+03 
-3.1718298339843750e+02 -4.3774341583251953e+01 3.0335258789062500e+03 
-2.6076025390625000e+02 -2.4846012878417969e+02 3.1149521484375000e+03 
-1.9753710937500000e+02 -4.6362503051757812e+02 2.8801650390625000e+03 
-5.3369671630859375e+02 -4.5037033081054688e+02 2.9913146972656250e+03 
-6.0279626464843750e+02 -6.6594256591796875e+02 2.7227338867187500e+03 
-6.1963909912109375e+02 -9.8861120605468750e+02 2.7172600097656250e+03 
-2.9973962402343750e+02 -3.8654913330078125e+02 2.8976740722656250e+03 
-2.6512493896484375e+02 -7.5001416015625000e+02 2.8759589843750000e+03 
-2.6415243530273438e+02 -1.0527827148437500e+03 2.9914301757812500e+03 
-4.2351538085937500e+02 1.4586605834960938e+02 3.0670236816406250e+03 
-4.4776007080078125e+02 -8.1128311157226562e+01 3.0537197265625000e+03 
-4.3998757934570312e+02 -2.5173435974121094e+02 2.9920375976562500e+03 
-5.8031994628906250e+02 -1.1085265350341797e+02 3.1192304687500000e+03 
-6.5416534423828125e+02 -3.2648184204101562e+02 3.1597443847656250e+03 
-6.7753692626953125e+02 -5.0961282348632812e+02 2.8994797363281250e+03 
-3.1520019531250000e+02 -5.1403961181640625e+01 2.9882092285156250e+03 
-263. -2.6413760375976562e+02 3.0843237304687500e+03 
-1.9280583190917969e+02 -4.6329776000976562e+02 2.8593950195312500e+03 
-5.6997784423828125e+02 -4.5323141479492188e+02 2.9984372558593750e+03 
-6.0513354492187500e+02 -6.5731768798828125e+02 2.7163344726562500e+03 
-6.2063824462890625e+02 -9.8818334960937500e+02 2.7194841308593750e+03 
-2.9445233154296875e+02 -3.9144940185546875e+02 2.8622734375000000e+03 
-2.5616763305664062e+02 -7.5934234619140625e+02 2.8842705078125000e+03 
-2.6106158447265625e+02 -1.0571834716796875e+03 2.9946367187500000e+03 
-4.1136816406250000e+02 1.1362715911865234e+02 2.9074897460937500e+03 
-4.4085153198242188e+02 -8.8605529785156250e+01 2.9679880371093750e+03 
-4.3982962036132812e+02 -2.5797842407226562e+02 2.9491918945312500e+03 
-5.8122503662109375e+02 -9.5421722412109375e+01 3.0217775878906250e+03 
-6.6582275390625000e+02 -3.1233737182617188e+02 3.1473166503906250e+03 
-6.9209063720703125e+02 -5.1574017333984375e+02 2.8919914550781250e+03 
-3.0047799682617188e+02 -8.1789337158203125e+01 2.9141982421875000e+03 
-2.5499369812011719e+02 -2.9216513061523438e+02 3.0301179199218750e+03 
-1.7583183288574219e+02 -5.4319049072265625e+02 2.8227182617187500e+03 
-5.8147467041015625e+02 -4.3427886962890625e+02 2.9850642089843750e+03 
-6.0651947021484375e+02 -6.3207873535156250e+02 2.7077180175781250e+03 
-6.2110955810546875e+02 -9.7500811767578125e+02 2.7199594726562500e+03 
-2.9614077758789062e+02 -4.2042376708984375e+02 2.8757275390625000e+03 
-2.5222814941406250e+02 -7.8173028564453125e+02 2.8921933593750000e+03 
-2.6003491210937500e+02 -1.0783422851562500e+03 3.0026386718750000e+03 
-3.9887060546875000e+02 9.4275695800781250e+01 2.8540788574218750e+03 
-4.3235437011718750e+02 -1.1770225524902344e+02 2.8873403320312500e+03 
-4.4090319824218750e+02 -2.9640512084960938e+02 2.9116918945312500e+03 
-5.8577648925781250e+02 -1.0449388885498047e+02 2.9304094238281250e+03 
-6.7488745117187500e+02 -3.7284362792968750e+02 2.9443178710937500e+03 
-7.1094848632812500e+02 -5.5691473388671875e+02 2.8186398925781250e+03 
-2.7893225097656250e+02 -1.3091062927246094e+02 2.8442712402343750e+03 
-2.3965788269042969e+02 -3.3406396484375000e+02 2.9655004882812500e+03 
-1.6801002502441406e+02 -6.1084942626953125e+02 2.8598422851562500e+03 
-5.7567852783203125e+02 -4.6424093627929688e+02 2.9714782714843750e+03 
-5.6416955566406250e+02 -6.5416455078125000e+02 2.7063542480468750e+03 
-5.7159161376953125e+02 -9.4501385498046875e+02 2.9130180664062500e+03 
-3.2322549438476562e+02 -4.8597503662109375e+02 2.9006088867187500e+03 
-2.7899725341796875e+02 -7.9157800292968750e+02 2.8642109375000000e+03 
-2.9607998657226562e+02 -1.0328029785156250e+03 2.9811159667968750e+03 
-3.7926879882812500e+02 8.6468193054199219e+01 2.7302365722656250e+03 
-4.3396542358398438e+02 -1.1203281402587891e+02 2.8138591308593750e+03 
-4.4450512695312500e+02 -2.9200234985351562e+02 2.8559199218750000e+03 
-6.0155792236328125e+02 -9.6963890075683594e+01 2.8363403320312500e+03 
-6.8691094970703125e+02 -3.4602847290039062e+02 2.9231062011718750e+03 
-7.6706219482421875e+02 -5.6262225341796875e+02 2.8402407226562500e+03 
-2.6637292480468750e+02 -1.2710174560546875e+02 2.7913779296875000e+03 
-2.1771118164062500e+02 -3.1982647705078125e+02 2.9066220703125000e+03 
-1.5719996643066406e+02 -5.9248205566406250e+02 2.8115849609375000e+03 
-5.7633874511718750e+02 -4.6106585693359375e+02 2.9142514648437500e+03 
-5.6837268066406250e+02 -6.5905670166015625e+02 2.7113127441406250e+03 
-5.6886560058593750e+02 -9.5354608154296875e+02 2.8960979003906250e+03 
-3.3375088500976562e+02 -4.8287792968750000e+02 2.8817102050781250e+03 
-2.7895675659179688e+02 -8.1044049072265625e+02 2.8714497070312500e+03 
-3.1976910400390625e+02 -1.0009758300781250e+03 3.0340095214843750e+03 
-3.8369458007812500e+02 1.3166484069824219e+02 2.7078544921875000e+03 
-4.3819644165039062e+02 -6.4515136718750000e+01 2.7688415527343750e+03 
-4.4568154907226562e+02 -2.3372463989257812e+02 2.8066010742187500e+03 
-6.0877667236328125e+02 -5.2062652587890625e+01 2.7908298339843750e+03 
-7.1099188232421875e+02 -2.7867517089843750e+02 2.8593391113281250e+03 
-7.9841033935546875e+02 -4.5810522460937500e+02 2.7951726074218750e+03 
-2.6761624145507812e+02 -7.6967613220214844e+01 2.7468530273437500e+03 
-2.1257873535156250e+02 -3.1690747070312500e+02 2.8537607421875000e+03 
-1.5341415405273438e+02 -5.9934716796875000e+02 2.8198640136718750e+03 
-5.8533538818359375e+02 -3.9328573608398438e+02 2.8613977050781250e+03 
-5.7197125244140625e+02 -7.1481182861328125e+02 2.7604650878906250e+03 
-5.7230541992187500e+02 -1.0114579467773438e+03 2.9351933593750000e+03 
-3.2099792480468750e+02 -4.1258255004882812e+02 2.8273237304687500e+03 
-2.7568225097656250e+02 -7.4792187500000000e+02 2.8240144042968750e+03 
-3.1640090942382812e+02 -9.5428906250000000e+02 2.9918112792968750e+03 
-3.6825000000000000e+02 2.6180197143554688e+02 2.6505996093750000e+03 
-4.1719387817382812e+02 2.3630683898925781e+01 2.7245710449218750e+03 
-4.3249655151367188e+02 -1.5102743530273438e+02 2.7737485351562500e+03 
-5.7849090576171875e+02 3.8986022949218750e+01 2.7289160156250000e+03 
-6.9593121337890625e+02 -1.8272067260742188e+02 2.8280458984375000e+03 
-7.6799420166015625e+02 -4.0820858764648438e+02 2.8161921386718750e+03 
-2.5589688110351562e+02 8.2753467559814453e+00 2.7202263183593750e+03 
-1.9757519531250000e+02 -2.3192218017578125e+02 2.8261489257812500e+03 
-1.4767384338378906e+02 -4.5387533569335938e+02 2.7983725585937500e+03 
-5.5323620605468750e+02 -3.1564804077148438e+02 2.8257661132812500e+03 
-5.5938653564453125e+02 -6.7076873779296875e+02 2.7431054687500000e+03 
-5.6076995849609375e+02 -9.7386236572265625e+02 2.9115061035156250e+03 
-3.4236221313476562e+02 -3.3572308349609375e+02 2.8200856933593750e+03 
-2.8759820556640625e+02 -7.4634667968750000e+02 2.8236489257812500e+03 
-3.2501040649414062e+02 -1.0058912353515625e+03 3.0006018066406250e+03 
-3.4589987182617188e+02 3.7517999267578125e+02 2.6465166015625000e+03 
-4.1064956665039062e+02 9.4338462829589844e+01 2.7013483886718750e+03 
-4.2414395141601562e+02 -8.1715415954589844e+01 2.7452885742187500e+03 
-5.8596350097656250e+02 1.1179868316650391e+02 2.7174655761718750e+03 
-6.8559222412109375e+02 -1.1333126068115234e+02 2.8071203613281250e+03 
-7.2709136962890625e+02 -2.6168713378906250e+02 2.7435986328125000e+03 
-2.3533563232421875e+02 7.6878234863281250e+01 2.6852312011718750e+03 
-1.7353677368164062e+02 -1.4824337768554688e+02 2.8020634765625000e+03 
-1.3167169189453125e+02 -3.5057369995117188e+02 2.7772636718750000e+03 
-5.4372351074218750e+02 -2.4720384216308594e+02 2.7989814453125000e+03 
-5.5366235351562500e+02 -6.2340167236328125e+02 2.7409072265625000e+03 
-5.6306256103515625e+02 -9.6039849853515625e+02 2.8848928222656250e+03 
-3.3155319213867188e+02 -2.6833474731445312e+02 2.7794760742187500e+03 
-2.9909072875976562e+02 -6.6183935546875000e+02 2.8017775878906250e+03 
-2.9705792236328125e+02 -1.0083732299804688e+03 2.8969731445312500e+03 
-3.4584603881835938e+02 4.1575848388671875e+02 2.6572622070312500e+03 
-3.9433114624023438e+02 1.7891157531738281e+02 2.6988244628906250e+03 
-4.0727648925781250e+02 -2.0929309844970703e+01 2.7359514160156250e+03 
-5.7265771484375000e+02 1.9166365051269531e+02 2.7052858886718750e+03 
-6.6639184570312500e+02 2.1770788192749023e+01 2.7662600097656250e+03 
-7.1038513183593750e+02 -1.8053656005859375e+02 2.6737880859375000e+03 
-2.1600457763671875e+02 1.6615950012207031e+02 2.6923630371093750e+03 
-1.6838647460937500e+02 -5.8778728485107422e+01 2.7752460937500000e+03 
-9.8743530273437500e+01 -3.3344204711914062e+02 2.7718806152343750e+03 
-5.2512921142578125e+02 -2.1326831054687500e+02 2.7768796386718750e+03 
-5.4041998291015625e+02 -6.0670587158203125e+02 2.7633464355468750e+03 
-5.6052514648437500e+02 -9.6771899414062500e+02 2.8769868164062500e+03 
-3.1531445312500000e+02 -2.2827209472656250e+02 2.7692770996093750e+03 
-3.0139614868164062e+02 -6.1965917968750000e+02 2.7994155273437500e+03 
-2.9664575195312500e+02 -9.7638378906250000e+02 2.8978806152343750e+03 
-3.4337771606445312e+02 4.3988513183593750e+02 2.6674875488281250e+03 
-3.8720556640625000e+02 2.0729927062988281e+02 2.6973750000000000e+03 
-3.9814361572265625e+02 3.2116725444793701e+00 2.7304089355468750e+03 
-5.5655596923828125e+02 2.1705819702148438e+02 2.7015925292968750e+03 
-6.3637390136718750e+02 1.4891607284545898e+01 2.7599719238281250e+03 
-6.7924395751953125e+02 -1.9577476501464844e+02 2.6590693359375000e+03 
-2.1785511779785156e+02 1.9754034423828125e+02 2.6931577148437500e+03 
-1.6668811035156250e+02 -3.1020708084106445e+01 2.7770649414062500e+03 
-8.2171554565429688e+01 -2.7445410156250000e+02 2.7720300292968750e+03 
-5.1225909423828125e+02 -1.9493025207519531e+02 2.7660122070312500e+03 
-5.3283306884765625e+02 -5.9212701416015625e+02 2.7776997070312500e+03 
-5.6286248779296875e+02 -9.5127832031250000e+02 2.8935104980468750e+03 
-3.0590423583984375e+02 -2.0682157897949219e+02 2.7608732910156250e+03 
-3.0110388183593750e+02 -6.0003503417968750e+02 2.7977470703125000e+03 
-3.0087689208984375e+02 -9.5929467773437500e+02 2.8963532714843750e+03 
-3.3124514770507812e+02 4.5885644531250000e+02 2.6777729492187500e+03 
-3.7097625732421875e+02 2.2957089233398438e+02 2.7029001464843750e+03 
-3.8614660644531250e+02 1.9464248657226562e+01 2.7308869628906250e+03 
-5.3144683837890625e+02 2.4152523803710938e+02 2.7056621093750000e+03 
-6.0995745849609375e+02 2.7612360000610352e+01 2.7581752929687500e+03 
-6.5886285400390625e+02 -1.9989895629882812e+02 2.6549306640625000e+03 
-2.1050567626953125e+02 2.1761654663085938e+02 2.7001381835937500e+03 
-1.5690974426269531e+02 -8.9466495513916016e+00 2.7809018554687500e+03 
-6.3751438140869141e+01 -2.6972235107421875e+02 2.7742500000000000e+03 
-5.0416537475585938e+02 -1.8298063659667969e+02 2.7606440429687500e+03 
-5.2321087646484375e+02 -5.7221728515625000e+02 2.7846518554687500e+03 
-5.5578942871093750e+02 -9.0073272705078125e+02 2.8829099121093750e+03 
-2.9846856689453125e+02 -1.9830413818359375e+02 2.7571037597656250e+03 
-2.9782040405273438e+02 -5.9203173828125000e+02 2.8074851074218750e+03 
-3.0508453369140625e+02 -9.5752929687500000e+02 2.8985466308593750e+03 
-3.1593200683593750e+02 4.6899710083007812e+02 2.6879958496093750e+03 
-3.5800976562500000e+02 2.3379479980468750e+02 2.7122390136718750e+03 
-3.7759152221679688e+02 2.4370971679687500e+01 2.7348496093750000e+03 
-5.1948468017578125e+02 2.4875746154785156e+02 2.7109821777343750e+03 
-5.8802600097656250e+02 1.7406612396240234e+01 2.7714887695312500e+03 
-6.4560552978515625e+02 -2.3529122924804688e+02 2.7142250976562500e+03 
-1.9653485107421875e+02 2.1883212280273438e+02 2.7134960937500000e+03 
-1.4438282775878906e+02 8.3223158121109009e-01 2.7854768066406250e+03 
-6.3207111358642578e+01 -2.6851956176757812e+02 2.7861831054687500e+03 
-5.0042028808593750e+02 -1.7548573303222656e+02 2.7566564941406250e+03 
-5.1035195922851562e+02 -5.6128314208984375e+02 2.7937753906250000e+03 
-5.7492236328125000e+02 -9.0298748779296875e+02 2.8629350585937500e+03 
-2.9392626953125000e+02 -1.9461997985839844e+02 2.7582639160156250e+03 
-2.9240692138671875e+02 -5.8797161865234375e+02 2.8160314941406250e+03 
-3.0840563964843750e+02 -9.5537390136718750e+02 2.9091652832031250e+03 
-3.0678976440429688e+02 4.6940237426757812e+02 2.7034721679687500e+03 
-3.4943145751953125e+02 2.2939704895019531e+02 2.7200305175781250e+03 
-3.6986367797851562e+02 2.4143930435180664e+01 2.7394235839843750e+03 
-5.1026803588867188e+02 2.4519465637207031e+02 2.7177753906250000e+03 
-5.6905487060546875e+02 3.6631980895996094e+01 2.7778129882812500e+03 
-6.3121246337890625e+02 -2.3017503356933594e+02 2.7142810058593750e+03 
-1.8859487915039062e+02 2.1359942626953125e+02 2.7222856445312500e+03 
-1.3383078002929688e+02 -2.3247632384300232e-01 2.7909377441406250e+03 
-8.2764358520507812e+01 -2.8143978881835938e+02 2.7877141113281250e+03 
-4.9316101074218750e+02 -1.7100561523437500e+02 2.7573742675781250e+03 
-5.0356646728515625e+02 -5.6353930664062500e+02 2.8082912597656250e+03 
-5.8575415039062500e+02 -9.0622637939453125e+02 2.8587648925781250e+03 
-2.8743078613281250e+02 -1.9121275329589844e+02 2.7602587890625000e+03 
-2.8654800415039062e+02 -5.8903546142578125e+02 2.8257177734375000e+03 
-3.0855264282226562e+02 -9.5600274658203125e+02 2.9133732910156250e+03 
-3.0567803955078125e+02 4.6505722045898438e+02 2.7121650390625000e+03 
-3.4144400024414062e+02 2.4754833984375000e+02 2.7040368652343750e+03 
-3.6612200927734375e+02 4.8722251892089844e+01 2.6969165039062500e+03 
-5.0337103271484375e+02 2.6777429199218750e+02 2.7004670410156250e+03 
-5.5811505126953125e+02 1.6062765121459961e+01 2.7583447265625000e+03 
-6.1142248535156250e+02 -2.3696687316894531e+02 2.7050556640625000e+03 
-1.7951695251464844e+02 2.2732237243652344e+02 2.7076064453125000e+03 
-1.2855947875976562e+02 -2.3967269897460938e+01 2.7705529785156250e+03 
-8.6066192626953125e+01 -2.8452859497070312e+02 2.7678083496093750e+03 
-4.8940151977539062e+02 -1.3778773498535156e+02 2.6876225585937500e+03 
-4.9655883789062500e+02 -5.2772985839843750e+02 2.8274724121093750e+03 
-5.8910272216796875e+02 -8.7505651855468750e+02 2.8190446777343750e+03 
-2.9219851684570312e+02 -1.6241993713378906e+02 2.6919699707031250e+03 
-2.9810110473632812e+02 -5.5906188964843750e+02 2.8435681152343750e+03 
-3.0408810424804688e+02 -9.1139953613281250e+02 2.8716101074218750e+03 
