-3.3911013793945312e+02 4.6036563110351562e+02 2.7994572753906250e+03 
-3.4793399047851562e+02 2.5437919616699219e+02 2.7940937500000000e+03 
-3.5363519287109375e+02 4.9810539245605469e+01 2.7904252929687500e+03 
-4.7242175292968750e+02 2.6000241088867188e+02 2.6739868164062500e+03 
-5.2910021972656250e+02 1.5038844108581543e+01 2.6271157226562500e+03 
-5.0130474853515625e+02 -2.7614569091796875e+02 2.6151152343750000e+03 
-2.2344622802734375e+02 2.4875598144531250e+02 2.9142006835937500e+03 
-1.4686982727050781e+02 -1.0943969726562500e+01 2.9763630371093750e+03 
-1.6528163146972656e+02 -2.7439620971679688e+02 2.8966540527343750e+03 
-4.2725115966796875e+02 -1.5169035339355469e+02 2.7212321777343750e+03 
-4.6504052734375000e+02 -5.4749517822265625e+02 2.8176738281250000e+03 
-5.1978796386718750e+02 -8.7038336181640625e+02 2.7957487792968750e+03 
-2.9142163085937500e+02 -1.5782588195800781e+02 2.8522817382812500e+03 
-3.6451794433593750e+02 -5.4120172119140625e+02 2.9752602539062500e+03 
-3.3941235351562500e+02 -8.4834448242187500e+02 2.9685598144531250e+03 
-3.3761572265625000e+02 4.6531008911132812e+02 2.7985808105468750e+03 
-3.4750872802734375e+02 2.5869290161132812e+02 2.7945869140625000e+03 
-3.5448699951171875e+02 5.4145591735839844e+01 2.7913217773437500e+03 
-4.7077111816406250e+02 2.6483544921875000e+02 2.6732189941406250e+03 
-5.2847167968750000e+02 1.1446740150451660e+01 2.6272192382812500e+03 
-4.9918600463867188e+02 -2.7952987670898438e+02 2.6139018554687500e+03 
-2.2424636840820312e+02 2.5255036926269531e+02 2.9159548339843750e+03 
-1.3408166503906250e+02 -6.0171680450439453e+00 2.9940920410156250e+03 
-1.6539614868164062e+02 -2.6184216308593750e+02 2.8963757324218750e+03 
-4.2872409057617188e+02 -1.4705001831054688e+02 2.7218315429687500e+03 
-4.6682733154296875e+02 -5.4299841308593750e+02 2.8181770019531250e+03 
-5.2680535888671875e+02 -8.6349597167968750e+02 2.7951643066406250e+03 
-2.9420642089843750e+02 -1.5375343322753906e+02 2.8542817382812500e+03 
-3.6804833984375000e+02 -5.3780072021484375e+02 2.9750517578125000e+03 
-3.4309933471679688e+02 -8.3531573486328125e+02 2.9685297851562500e+03 
-3.3797229003906250e+02 4.6433413696289062e+02 2.7991464843750000e+03 
-3.4680731201171875e+02 2.5746194458007812e+02 2.7943198242187500e+03 
-3.5398413085937500e+02 5.2910461425781250e+01 2.7911259765625000e+03 
-4.7084002685546875e+02 2.6369668579101562e+02 2.6737202148437500e+03 
-5.2867797851562500e+02 1.6792938232421875e+01 2.6273540039062500e+03 
-4.9878137207031250e+02 -2.7406607055664062e+02 2.6128449707031250e+03 
-2.2277459716796875e+02 2.5122723388671875e+02 2.9149191894531250e+03 
-1.4320678710937500e+02 -8.2126245498657227e+00 2.9774257812500000e+03 
-1.5879963684082031e+02 -2.7117520141601562e+02 2.8969638671875000e+03 
-4.2884176635742188e+02 -1.4823893737792969e+02 2.7221247558593750e+03 
-4.6403317260742188e+02 -5.4330456542968750e+02 2.8232275390625000e+03 
-5.2528479003906250e+02 -8.6975451660156250e+02 2.7930808105468750e+03 
-2.9348013305664062e+02 -1.5504312133789062e+02 2.8537397460937500e+03 
-3.6402593994140625e+02 -5.4166107177734375e+02 2.9680649414062500e+03 
-3.4042556762695312e+02 -8.4348681640625000e+02 2.9697302246093750e+03 
-3.3742526245117188e+02 4.6363464355468750e+02 2.7989294433593750e+03 
-3.4593109130859375e+02 2.5708636474609375e+02 2.7931379394531250e+03 
-3.5254296875000000e+02 5.2510292053222656e+01 2.7900285644531250e+03 
-4.7082788085937500e+02 2.6294277954101562e+02 2.6734042968750000e+03 
-5.2183880615234375e+02 7.3975548744201660e+00 2.6161750488281250e+03 
-5.0342431640625000e+02 -2.8307379150390625e+02 2.6008442382812500e+03 
-2.2103428649902344e+02 2.5122991943359375e+02 2.9128713378906250e+03 
-1.3066426086425781e+02 -1.1206859588623047e+01 2.9585014648437500e+03 
-1.5877488708496094e+02 -2.7814065551757812e+02 2.8964238281250000e+03 
-4.2731088256835938e+02 -1.4886991882324219e+02 2.7215808105468750e+03 
-4.6201644897460938e+02 -5.4484118652343750e+02 2.8194245605468750e+03 
-5.2355059814453125e+02 -8.6891418457031250e+02 2.7933513183593750e+03 
-2.9099884033203125e+02 -1.5526162719726562e+02 2.8522575683593750e+03 
-3.6496716308593750e+02 -5.4054681396484375e+02 2.9690432128906250e+03 
-3.3859719848632812e+02 -8.4281671142578125e+02 2.9721511230468750e+03 
-3.3307760620117188e+02 4.6409609985351562e+02 2.7993227539062500e+03 
-3.4140905761718750e+02 2.5780688476562500e+02 2.7913608398437500e+03 
-3.4832629394531250e+02 5.3262748718261719e+01 2.7870786132812500e+03 
-4.6662554931640625e+02 2.6454028320312500e+02 2.6720004882812500e+03 
-5.1492010498046875e+02 2.6198852539062500e+01 2.5975859375000000e+03 
-4.5436083984375000e+02 -2.3233660888671875e+02 2.5334421386718750e+03 
-2.1619253540039062e+02 2.5107347106933594e+02 2.9107211914062500e+03 
-1.3200259399414062e+02 -8.2753839492797852e+00 2.9366413574218750e+03 
-1.1668624877929688e+02 -2.5543894958496094e+02 2.8317939453125000e+03 
-4.2357467651367188e+02 -1.4760693359375000e+02 2.7176608886718750e+03 
-4.6776135253906250e+02 -5.3983312988281250e+02 2.8253850097656250e+03 
-5.1980535888671875e+02 -8.6737811279296875e+02 2.7890292968750000e+03 
-2.8691241455078125e+02 -1.5495582580566406e+02 2.8479318847656250e+03 
-3.7022845458984375e+02 -5.3572357177734375e+02 2.9724260253906250e+03 
-3.3595257568359375e+02 -8.4299389648437500e+02 2.9689931640625000e+03 
-3.1651422119140625e+02 4.6186441040039062e+02 2.7779101562500000e+03 
-3.3040310668945312e+02 2.5670080566406250e+02 2.7773288574218750e+03 
-3.4372430419921875e+02 5.2702003479003906e+01 2.7807741699218750e+03 
-4.5159027099609375e+02 2.6253079223632812e+02 2.6539599609375000e+03 
-5.0684451293945312e+02 4.1485240936279297e+01 2.5746647949218750e+03 
-4.1571499633789062e+02 -2.0986654663085938e+02 2.5501081542968750e+03 
-2.0921591186523438e+02 2.5087078857421875e+02 2.9006977539062500e+03 
-1.3578968811035156e+02 -7.7575225830078125e+00 2.9123598632812500e+03 
-1.4077847290039062e+02 -2.6029995727539062e+02 2.8104736328125000e+03 
-4.2321432495117188e+02 -1.4811358642578125e+02 2.7168593750000000e+03 
-4.7949798583984375e+02 -5.3476361083984375e+02 2.8373081054687500e+03 
-5.2340710449218750e+02 -8.7232733154296875e+02 2.7896735839843750e+03 
-2.9087670898437500e+02 -1.5447999572753906e+02 2.8515795898437500e+03 
-3.8709811401367188e+02 -5.2842535400390625e+02 2.9861811523437500e+03 
-3.4448327636718750e+02 -8.4217413330078125e+02 2.9783076171875000e+03 
-2.8566748046875000e+02 4.4467059326171875e+02 2.7372451171875000e+03 
-3.1565301513671875e+02 2.4372656250000000e+02 2.7555156250000000e+03 
-3.4533319091796875e+02 4.4140224456787109e+01 2.7778132324218750e+03 
-4.3587966918945312e+02 2.4770436096191406e+02 2.6310878906250000e+03 
-4.9251544189453125e+02 3.9247280120849609e+01 2.5748576660156250e+03 
-4.1637911987304688e+02 -2.1628775024414062e+02 2.5920019531250000e+03 
-1.9542634582519531e+02 2.3974876403808594e+02 2.8799433593750000e+03 
-1.4011265563964844e+02 2.9508793354034424e+00 2.9098251953125000e+03 
-1.7342173767089844e+02 -2.5684799194335938e+02 2.8374775390625000e+03 
-4.4061004638671875e+02 -1.5327580261230469e+02 2.7322219238281250e+03 
-5.0524090576171875e+02 -5.3572064208984375e+02 2.8617958984375000e+03 
-5.4167761230468750e+02 -8.7950177001953125e+02 2.8041640625000000e+03 
-3.0941671752929688e+02 -1.5761643981933594e+02 2.8679995117187500e+03 
-4.1144723510742188e+02 -5.2180285644531250e+02 3.0224501953125000e+03 
-3.6114987182617188e+02 -8.4504522705078125e+02 2.9919018554687500e+03 
-2.4231365966796875e+02 4.0867730712890625e+02 2.6900922851562500e+03 
-2.9844696044921875e+02 2.1912110900878906e+02 2.7313352050781250e+03 
-3.5324780273437500e+02 3.0780216217041016e+01 2.7746557617187500e+03 
-4.1843948364257812e+02 2.2537944030761719e+02 2.6067524414062500e+03 
-4.9047824096679688e+02 1.6152093887329102e+01 2.5892998046875000e+03 
-4.3302120971679688e+02 -2.3723983764648438e+02 2.6479345703125000e+03 
-1.7845445251464844e+02 2.1286277770996094e+02 2.8559179687500000e+03 
-1.5172752380371094e+02 -1.4197735786437988e+01 2.9153916015625000e+03 
-2.1059541320800781e+02 -2.7616748046875000e+02 2.8756401367187500e+03 
-4.7353521728515625e+02 -1.5414515686035156e+02 2.7499846191406250e+03 
-5.2746313476562500e+02 -5.4310797119140625e+02 2.8625073242187500e+03 
-5.5630908203125000e+02 -8.8008319091796875e+02 2.8027612304687500e+03 
-3.4256207275390625e+02 -1.6097618103027344e+02 2.8859680175781250e+03 
-4.3489126586914062e+02 -5.3341113281250000e+02 3.0248962402343750e+03 
-3.7692974853515625e+02 -8.4329138183593750e+02 2.9988747558593750e+03 
-1.9149806213378906e+02 3.4879174804687500e+02 2.6381655273437500e+03 
-2.7608782958984375e+02 1.7988131713867188e+02 2.7047944335937500e+03 
-3.5818313598632812e+02 1.2198877334594727e+01 2.7719311523437500e+03 
-3.9561141967773438e+02 1.8838619995117188e+02 2.5798823242187500e+03 
-4.9752465820312500e+02 -1.7211275100708008e+00 2.5950595703125000e+03 
-4.5337500000000000e+02 -2.4813035583496094e+02 2.6883662109375000e+03 
-1.5656427001953125e+02 1.7137643432617188e+02 2.8297067871093750e+03 
-1.6042657470703125e+02 -4.1372337341308594e+01 2.9295104980468750e+03 
-2.4864984130859375e+02 -2.9735464477539062e+02 2.9221560058593750e+03 
-5.0550701904296875e+02 -1.5084211730957031e+02 2.7708984375000000e+03 
-5.4060931396484375e+02 -5.4399395751953125e+02 2.8758525390625000e+03 
-5.5966784667968750e+02 -8.6933593750000000e+02 2.8133627929687500e+03 
-3.7504983520507812e+02 -1.6012500000000000e+02 2.9072373046875000e+03 
-4.4873574829101562e+02 -5.3131286621093750e+02 3.0599824218750000e+03 
-3.7871310424804688e+02 -8.4069079589843750e+02 3.0025473632812500e+03 
-1.4499806213378906e+02 2.8114569091796875e+02 2.5950063476562500e+03 
-2.5428100585937500e+02 1.3564872741699219e+02 2.6802502441406250e+03 
-3.6021148681640625e+02 -9.2311010360717773e+00 2.7641044921875000e+03 
-3.7334915161132812e+02 1.5058871459960938e+02 2.5556479492187500e+03 
-5.0751751708984375e+02 -2.1940855026245117e+01 2.5980781250000000e+03 
-4.7012857055664062e+02 -2.5860473632812500e+02 2.7192709960937500e+03 
-1.3521284484863281e+02 1.2070874023437500e+02 2.8048527832031250e+03 
-1.6945800781250000e+02 -7.0971191406250000e+01 2.9416113281250000e+03 
-2.7705514526367188e+02 -3.1825982666015625e+02 2.9691594238281250e+03 
-5.3116082763671875e+02 -1.4595274353027344e+02 2.7799177246093750e+03 
-5.4651745605468750e+02 -5.4204864501953125e+02 2.8781560058593750e+03 
-5.5488305664062500e+02 -8.6811163330078125e+02 2.8025703125000000e+03 
-4.0112310791015625e+02 -1.6226911926269531e+02 2.9159995117187500e+03 
-4.5767178344726562e+02 -5.3954846191406250e+02 3.0614770507812500e+03 
-3.7489157104492188e+02 -8.3818688964843750e+02 2.9930534667968750e+03 
-1.2708329772949219e+02 2.1300204467773438e+02 2.5564973144531250e+03 
-2.4634127807617188e+02 8.4234283447265625e+01 2.6536762695312500e+03 
-3.6456976318359375e+02 -4.5033126831054688e+01 2.7502802734375000e+03 
-3.6686157226562500e+02 1.0274482727050781e+02 2.5309472656250000e+03 
-5.1524676513671875e+02 -4.1989051818847656e+01 2.5968271484375000e+03 
-4.7762713623046875e+02 -2.6333209228515625e+02 2.7451403808593750e+03 
-1.2582099914550781e+02 6.5723731994628906e+01 2.7764055175781250e+03 
-1.9528434753417969e+02 -1.1839862060546875e+02 2.9198798828125000e+03 
-2.9722531127929688e+02 -3.3226892089843750e+02 3.0273498535156250e+03 
-5.4856585693359375e+02 -1.6419937133789062e+02 2.7799111328125000e+03 
-5.5468316650390625e+02 -5.6188537597656250e+02 2.8742998046875000e+03 
-5.4771710205078125e+02 -8.9464984130859375e+02 2.7918891601562500e+03 
-4.1703060913085938e+02 -1.8440168762207031e+02 2.9138571777343750e+03 
-4.5550476074218750e+02 -5.6375598144531250e+02 3.0602915039062500e+03 
-3.6547283935546875e+02 -8.5863677978515625e+02 2.9832558593750000e+03 
-1.1455973052978516e+02 1.5963941955566406e+02 2.5295598144531250e+03 
-2.3994679260253906e+02 4.3090530395507812e+01 2.6351108398437500e+03 
-3.6556631469726562e+02 -7.4311958312988281e+01 2.7406250000000000e+03 
-3.6241253662109375e+02 6.6364471435546875e+01 2.5152060546875000e+03 
-5.2232250976562500e+02 -5.9446910858154297e+01 2.5955454101562500e+03 
-4.7932696533203125e+02 -2.7210565185546875e+02 2.7573225097656250e+03 
-1.1748103332519531e+02 1.9816583633422852e+01 2.7550156250000000e+03 
-1.8797172546386719e+02 -2.0509117126464844e+02 2.8819455566406250e+03 
-2.8608331298828125e+02 -4.3385632324218750e+02 2.9804558105468750e+03 
-5.5803393554687500e+02 -1.7901033020019531e+02 2.7806889648437500e+03 
-5.5203515625000000e+02 -5.7663446044921875e+02 2.8759580078125000e+03 
-5.3974804687500000e+02 -8.9389300537109375e+02 2.7904553222656250e+03 
-4.2433776855468750e+02 -2.0441856384277344e+02 2.9115893554687500e+03 
-4.4539373779296875e+02 -5.8300634765625000e+02 3.0636518554687500e+03 
-3.6008410644531250e+02 -8.5500427246093750e+02 2.9854511718750000e+03 
-1.1162879180908203e+02 1.0362209320068359e+02 2.5079936523437500e+03 
-2.4050094604492188e+02 5.2008658647537231e-01 2.6232263183593750e+03 
-3.7024914550781250e+02 -1.0347055053710938e+02 2.7388217773437500e+03 
-3.6543127441406250e+02 2.6606094360351562e+01 2.5064675292968750e+03 
-5.2267065429687500e+02 -7.3742927551269531e+01 2.5927250976562500e+03 
-4.8496145629882812e+02 -2.8188345336914062e+02 2.7632539062500000e+03 
-1.1557061767578125e+02 -2.5565919876098633e+01 2.7399848632812500e+03 
-1.7767294311523438e+02 -2.6546578979492188e+02 2.8412519531250000e+03 
-2.6885202026367188e+02 -5.0139401245117188e+02 2.9289326171875000e+03 
-5.7029498291015625e+02 -1.9278273010253906e+02 2.7887177734375000e+03 
-5.5754547119140625e+02 -5.9057415771484375e+02 2.8834611816406250e+03 
-5.4515258789062500e+02 -8.8752355957031250e+02 2.8026520996093750e+03 
-4.2969967651367188e+02 -2.2213964843750000e+02 2.9201166992187500e+03 
-4.8429940795898438e+02 -6.0736877441406250e+02 3.0475761718750000e+03 
-3.6242605590820312e+02 -9.7208660888671875e+02 2.9632565917968750e+03 
-1.0936283111572266e+02 6.2120990753173828e+01 2.4953583984375000e+03 
-2.3904241943359375e+02 -2.9408491134643555e+01 2.6195717773437500e+03 
-3.6990954589843750e+02 -1.2174620819091797e+02 2.7444287109375000e+03 
-3.6693624877929688e+02 -7.6659691333770752e-01 2.5067036132812500e+03 
-5.2256475830078125e+02 -8.5548423767089844e+01 2.5967275390625000e+03 
-4.8686779785156250e+02 -2.9062823486328125e+02 2.7724194335937500e+03 
-1.1114858245849609e+02 -5.8050388336181641e+01 2.7324399414062500e+03 
-1.6429051208496094e+02 -3.0778759765625000e+02 2.8128820800781250e+03 
-2.4858871459960938e+02 -5.4959777832031250e+02 2.8908906250000000e+03 
-5.7612902832031250e+02 -1.9720872497558594e+02 2.8027861328125000e+03 
-5.5863146972656250e+02 -5.9088549804687500e+02 2.9121560058593750e+03 
-5.4011547851562500e+02 -8.7951196289062500e+02 2.8032548828125000e+03 
-4.2542428588867188e+02 -2.3095913696289062e+02 2.9357851562500000e+03 
-4.9458197021484375e+02 -6.2253454589843750e+02 3.0333271484375000e+03 
-3.7002096557617188e+02 -9.9023895263671875e+02 2.9680585937500000e+03 
-1.1379150390625000e+02 5.0119209289550781e+01 2.4806252441406250e+03 
-2.3866044616699219e+02 -3.5625869750976562e+01 2.6140622558593750e+03 
-3.6468566894531250e+02 -1.2216233825683594e+02 2.7484509277343750e+03 
-3.7122796630859375e+02 -1.0355199813842773e+01 2.5060173339843750e+03 
-5.2240856933593750e+02 -9.4788375854492188e+01 2.6073928222656250e+03 
-4.8391177368164062e+02 -3.0329891967773438e+02 2.7789499511718750e+03 
-1.0609291076660156e+02 -6.0896537780761719e+01 2.7221069335937500e+03 
-1.5070785522460938e+02 -3.1703012084960938e+02 2.7858937988281250e+03 
-2.2831561279296875e+02 -5.6365747070312500e+02 2.8552888183593750e+03 
-5.7115197753906250e+02 -1.9336474609375000e+02 2.8172788085937500e+03 
-5.6398309326171875e+02 -5.8899267578125000e+02 2.9795478515625000e+03 
-5.2537152099609375e+02 -8.7676959228515625e+02 2.7935600585937500e+03 
-4.1026983642578125e+02 -2.2403288269042969e+02 2.9484006347656250e+03 
-4.8119482421875000e+02 -6.2097369384765625e+02 3.0193666992187500e+03 
-3.5820315551757812e+02 -9.9183990478515625e+02 2.9712700195312500e+03 
-1.0635105133056641e+02 5.7759941101074219e+01 2.4754226074218750e+03 
-2.2900491333007812e+02 -2.6100122451782227e+01 2.6127365722656250e+03 
-3.5270678710937500e+02 -1.1084146881103516e+02 2.7511645507812500e+03 
-3.6152053833007812e+02 -1.1903444290161133e+01 2.5030090332031250e+03 
-5.2076586914062500e+02 -1.1725154113769531e+02 2.6320153808593750e+03 
-4.8221032714843750e+02 -3.3495965576171875e+02 2.7914106445312500e+03 
-9.6489288330078125e+01 -4.0296798706054688e+01 2.7224641113281250e+03 
-1.3346296691894531e+02 -3.0056555175781250e+02 2.7730288085937500e+03 
-2.0466368103027344e+02 -5.5112963867187500e+02 2.8347680664062500e+03 
-5.5293109130859375e+02 -1.8738481140136719e+02 2.8262292480468750e+03 
-5.3159136962890625e+02 -5.6877099609375000e+02 2.9288112792968750e+03 
-5.3329669189453125e+02 -9.0378796386718750e+02 2.7936994628906250e+03 
-3.9988623046875000e+02 -2.0378082275390625e+02 2.9529558105468750e+03 
-4.1836834716796875e+02 -5.8379925537109375e+02 3.0651831054687500e+03 
-3.9247119140625000e+02 -9.2451562500000000e+02 3.0507133789062500e+03 
-1.0271826171875000e+02 8.1238273620605469e+01 2.4811394042968750e+03 
-2.2298634338378906e+02 -7.9260549545288086e+00 2.6175092773437500e+03 
-3.4433679199218750e+02 -9.7925979614257812e+01 2.7550422363281250e+03 
-3.5567306518554688e+02 2.4718468189239502e+00 2.5072392578125000e+03 
-5.0677941894531250e+02 -1.3056027221679688e+02 2.6376015625000000e+03 
-4.8520059204101562e+02 -3.5083764648437500e+02 2.7963134765625000e+03 
-9.0299636840820312e+01 -1.8323955535888672e+01 2.7277792968750000e+03 
-1.2066448974609375e+02 -2.8125634765625000e+02 2.7678818359375000e+03 
-1.8580001831054688e+02 -5.3503222656250000e+02 2.8228256835937500e+03 
-5.4021807861328125e+02 -1.8208534240722656e+02 2.8306359863281250e+03 
-5.1997967529296875e+02 -5.7717449951171875e+02 2.8880773925781250e+03 
-5.2709094238281250e+02 -8.8302679443359375e+02 2.8065690917968750e+03 
-3.9115637207031250e+02 -1.9376646423339844e+02 2.9545144042968750e+03 
-4.1885498046875000e+02 -5.7644561767578125e+02 3.0772968750000000e+03 
-3.7648776245117188e+02 -8.8968713378906250e+02 3.0198479003906250e+03 
-1.0790750122070312e+02 1.2046655273437500e+02 2.4962075195312500e+03 
-2.2800465393066406e+02 2.1835128784179688e+01 2.6258159179687500e+03 
-3.4920843505859375e+02 -7.7681121826171875e+01 2.7565512695312500e+03 
-3.5824444580078125e+02 3.1526975631713867e+01 2.5124492187500000e+03 
-4.9709402465820312e+02 -1.3163575744628906e+02 2.6427680664062500e+03 
-4.8716467285156250e+02 -3.5809970092773438e+02 2.7937578125000000e+03 
-9.7764862060546875e+01 1.2143280029296875e+01 2.7391826171875000e+03 
-1.2254131317138672e+02 -2.5250079345703125e+02 2.7710151367187500e+03 
-1.8198646545410156e+02 -5.0889331054687500e+02 2.8199311523437500e+03 
-5.4254241943359375e+02 -1.7182977294921875e+02 2.8245012207031250e+03 
-5.2584753417968750e+02 -5.7397625732421875e+02 2.8546149902343750e+03 
-5.3280529785156250e+02 -8.6046875000000000e+02 2.8094045410156250e+03 
-3.9828204345703125e+02 -1.8256497192382812e+02 2.9500720214843750e+03 
-4.3639749145507812e+02 -5.7072943115234375e+02 3.0622397460937500e+03 
-3.7774176025390625e+02 -8.4709283447265625e+02 2.9971572265625000e+03 
-1.0129972076416016e+02 1.8070498657226562e+02 2.5304335937500000e+03 
-2.3577824401855469e+02 5.4763477325439453e+01 2.6335964355468750e+03 
-3.5077667236328125e+02 -6.1224414825439453e+01 2.7549167480468750e+03 
-3.6573672485351562e+02 6.4553710937500000e+01 2.5197700195312500e+03 
-4.8670291137695312e+02 -1.2451096343994141e+02 2.6402180175781250e+03 
-4.8340783691406250e+02 -3.5474023437500000e+02 2.7862290039062500e+03 
-1.0581977081298828e+02 4.4973247528076172e+01 2.7474230957031250e+03 
-1.2594129943847656e+02 -2.2076921081542969e+02 2.7727160644531250e+03 
-1.8008534240722656e+02 -4.7929116821289062e+02 2.8162868652343750e+03 
-5.3719964599609375e+02 -1.7183164978027344e+02 2.8136784667968750e+03 
-5.1492034912109375e+02 -5.7670935058593750e+02 2.8420317382812500e+03 
-5.2096795654296875e+02 -8.5788812255859375e+02 2.8123784179687500e+03 
-3.9435055541992188e+02 -1.8259297180175781e+02 2.9387954101562500e+03 
-4.2663500976562500e+02 -5.7109606933593750e+02 3.0575903320312500e+03 
-3.5693688964843750e+02 -8.3407342529296875e+02 2.9820180664062500e+03 
-1.1032525634765625e+02 2.5580899047851562e+02 2.5748725585937500e+03 
-2.3084875488281250e+02 1.1096650695800781e+02 2.6581835937500000e+03 
-3.4157312011718750e+02 -2.8268039703369141e+01 2.7510903320312500e+03 
-3.4986035156250000e+02 1.2273100280761719e+02 2.5339790039062500e+03 
-4.8158328247070312e+02 -1.1422119903564453e+02 2.6371411132812500e+03 
-4.6837384033203125e+02 -3.4915139770507812e+02 2.7747553710937500e+03 
-1.1183716583251953e+02 9.9202003479003906e+01 2.7823879394531250e+03 
-1.2812149047851562e+02 -1.6724458312988281e+02 2.8025048828125000e+03 
-1.7735482788085938e+02 -4.2749795532226562e+02 2.8413359375000000e+03 
-5.1883947753906250e+02 -1.6092478942871094e+02 2.7745517578125000e+03 
-5.0341253662109375e+02 -5.7066137695312500e+02 2.8193439941406250e+03 
-5.1085784912109375e+02 -8.4582751464843750e+02 2.7969101562500000e+03 
-3.8575549316406250e+02 -1.7408036804199219e+02 2.9134426269531250e+03 
-4.1099288940429688e+02 -5.6875750732421875e+02 3.0135092773437500e+03 
-3.4788159179687500e+02 -8.1197155761718750e+02 2.9622834472656250e+03 
-1.3650212097167969e+02 3.1754779052734375e+02 2.6075302734375000e+03 
-2.4318006896972656e+02 1.5702386474609375e+02 2.6759187011718750e+03 
-3.4485186767578125e+02 6.2157630920410156e-02 2.7488071289062500e+03 
-3.5976635742187500e+02 1.7390634155273438e+02 2.5496486816406250e+03 
-4.7559857177734375e+02 -6.8522155761718750e+01 2.6194343261718750e+03 
-4.5954162597656250e+02 -3.1037319946289062e+02 2.7439416503906250e+03 
-1.2659381103515625e+02 1.4014138793945312e+02 2.8021884765625000e+03 
-1.3973834228515625e+02 -1.2675634765625000e+02 2.8182033691406250e+03 
-1.8444334411621094e+02 -3.8841644287109375e+02 2.8528300781250000e+03 
-5.1086074829101562e+02 -1.4758311462402344e+02 2.7520146484375000e+03 
-5.0922964477539062e+02 -5.4593133544921875e+02 2.8410112304687500e+03 
-5.1813000488281250e+02 -8.3868328857421875e+02 2.8026049804687500e+03 
-3.8218658447265625e+02 -1.6621598815917969e+02 2.8913764648437500e+03 
-4.0858987426757812e+02 -5.5603765869140625e+02 3.0097277832031250e+03 
-3.4662268066406250e+02 -8.1496405029296875e+02 2.9625346679687500e+03 
-1.7193687438964844e+02 3.6627215576171875e+02 2.6420085449218750e+03 
-2.5991674804687500e+02 1.9082460021972656e+02 2.6964899902343750e+03 
-3.4539068603515625e+02 1.8255645751953125e+01 2.7535185546875000e+03 
-3.7640063476562500e+02 2.0661683654785156e+02 2.5696923828125000e+03 
-4.7307211303710938e+02 -3.5308540344238281e+01 2.6069941406250000e+03 
-4.4462600708007812e+02 -2.8376568603515625e+02 2.7137731933593750e+03 
-1.4343286132812500e+02 1.7503234863281250e+02 2.8232873535156250e+03 
-1.5402200317382812e+02 -9.2154319763183594e+01 2.8360473632812500e+03 
-1.9456672668457031e+02 -3.5495669555664062e+02 2.8669431152343750e+03 
-4.9477209472656250e+02 -1.4564907836914062e+02 2.7409814453125000e+03 
-4.8972442626953125e+02 -5.4215576171875000e+02 2.8397851562500000e+03 
-5.0529248046875000e+02 -8.5203814697265625e+02 2.8092150878906250e+03 
-3.6695718383789062e+02 -1.6297752380371094e+02 2.8801130371093750e+03 
-3.8814828491210938e+02 -5.4986279296875000e+02 3.0099226074218750e+03 
-3.3262014770507812e+02 -8.2246447753906250e+02 2.9663894042968750e+03 
-2.1375599670410156e+02 4.0246176147460938e+02 2.6791809082031250e+03 
-2.8130426025390625e+02 2.1483747863769531e+02 2.7172033691406250e+03 
-3.4872698974609375e+02 2.9969797134399414e+01 2.7579143066406250e+03 
-3.9844821166992188e+02 2.2971440124511719e+02 2.5907534179687500e+03 
-4.6772845458984375e+02 -1.7597629547119141e+01 2.6005449218750000e+03 
-4.3357513427734375e+02 -2.7113088989257812e+02 2.6932636718750000e+03 
-1.6416030883789062e+02 1.9996055603027344e+02 2.8436530761718750e+03 
-1.7267793273925781e+02 -6.7411109924316406e+01 2.8538269042968750e+03 
-2.0941227722167969e+02 -3.3114062500000000e+02 2.8814101562500000e+03 
-4.8024667358398438e+02 -1.4675776672363281e+02 2.7294365234375000e+03 
-4.8117251586914062e+02 -5.4473565673828125e+02 2.8236191406250000e+03 
-5.0791470336914062e+02 -8.5600347900390625e+02 2.8082368164062500e+03 
-3.5205276489257812e+02 -1.6303799438476562e+02 2.8678142089843750e+03 
-3.7726388549804688e+02 -5.5127813720703125e+02 2.9939357910156250e+03 
-3.3674438476562500e+02 -8.2127282714843750e+02 2.9635961914062500e+03 
-2.6057843017578125e+02 4.2778729248046875e+02 2.7179516601562500e+03 
-3.0387561035156250e+02 2.3215905761718750e+02 2.7408408203125000e+03 
-3.4815460205078125e+02 3.8078220367431641e+01 2.7669270019531250e+03 
-4.2095971679687500e+02 2.4180403137207031e+02 2.6138596191406250e+03 
-4.6899707031250000e+02 -6.4464602470397949e+00 2.6014011230468750e+03 
-4.2339324951171875e+02 -2.6447305297851562e+02 2.6726745605468750e+03 
-1.8679148864746094e+02 2.2251408386230469e+02 2.8678217773437500e+03 
-1.9363484191894531e+02 -4.4975994110107422e+01 2.8759384765625000e+03 
-2.2688813781738281e+02 -3.0945770263671875e+02 2.9005786132812500e+03 
-4.5644027709960938e+02 -1.5072996520996094e+02 2.7235961914062500e+03 
-4.6699508666992188e+02 -5.4735095214843750e+02 2.8230979003906250e+03 
-4.9761740112304688e+02 -8.5082940673828125e+02 2.8127617187500000e+03 
-3.2842694091796875e+02 -1.6127525329589844e+02 2.8624304199218750e+03 
-3.6146838378906250e+02 -5.4547802734375000e+02 2.9986901855468750e+03 
-3.2785504150390625e+02 -8.2429913330078125e+02 2.9712175292968750e+03 
-2.9813989257812500e+02 4.4470483398437500e+02 2.7581450195312500e+03 
-3.2135281372070312e+02 2.4416329956054688e+02 2.7635622558593750e+03 
-3.4504232788085938e+02 4.4844917297363281e+01 2.7729528808593750e+03 
-4.3904708862304688e+02 2.5218638610839844e+02 2.6369499511718750e+03 
-4.7463162231445312e+02 1.9467560052871704e+00 2.6022805175781250e+03 
-4.1447186279296875e+02 -2.5725787353515625e+02 2.6557590332031250e+03 
-2.0365852355957031e+02 2.3614019775390625e+02 2.8901745605468750e+03 
-2.0915171813964844e+02 -3.1425703048706055e+01 2.8966533203125000e+03 
-2.3923158264160156e+02 -2.9651748657226562e+02 2.9186767578125000e+03 
-4.3298916625976562e+02 -1.5009310913085938e+02 2.7132172851562500e+03 
-4.6339041137695312e+02 -5.4657312011718750e+02 2.8077426757812500e+03 
-4.9725643920898438e+02 -8.4378869628906250e+02 2.8045244140625000e+03 
-3.0447454833984375e+02 -1.5885382080078125e+02 2.8514697265625000e+03 
-3.5693917846679688e+02 -5.4505511474609375e+02 2.9738247070312500e+03 
-3.2543475341796875e+02 -8.2054571533203125e+02 2.9622299804687500e+03 
-3.3014971923828125e+02 4.5588455200195312e+02 2.7891933593750000e+03 
-3.3818331909179688e+02 2.5479103088378906e+02 2.7792299804687500e+03 
-3.4650341796875000e+02 5.3348918914794922e+01 2.7736416015625000e+03 
-4.5745446777343750e+02 2.6318881225585938e+02 2.6540915527343750e+03 
-4.8540814208984375e+02 1.1997081756591797e+01 2.5962375488281250e+03 
-4.0754391479492188e+02 -2.4551527404785156e+02 2.6185747070312500e+03 
-2.1891218566894531e+02 2.4639328002929688e+02 2.9043681640625000e+03 
-2.2331846618652344e+02 -2.1221126556396484e+01 2.9095417480468750e+03 
-2.5051046752929688e+02 -2.8680761718750000e+02 2.9292370605468750e+03 
-4.1992843627929688e+02 -1.4350923156738281e+02 2.6997456054687500e+03 
-4.6248278808593750e+02 -5.3812493896484375e+02 2.7979541015625000e+03 
-5.0799932861328125e+02 -8.3711267089843750e+02 2.7982424316406250e+03 
-2.8971856689453125e+02 -1.5267716979980469e+02 2.8363608398437500e+03 
-3.6032095336914062e+02 -5.3560559082031250e+02 2.9600192871093750e+03 
-3.3461001586914062e+02 -8.1732922363281250e+02 2.9556049804687500e+03 
