-0.117057 0.030816 1.828572 
-0.113718 0.098204 1.822088 
-0.098755 0.437007 1.807147 
-0.123584 0.629395 1.761030 
-0.290291 0.345871 1.931377 
-0.502236 0.263225 1.909656 
-0.709927 0.335008 1.720098 
-0.783206 0.361485 1.681746 
0.062799 0.319679 1.795544 
0.235461 0.201946 1.698957 
0.358042 0.181107 1.398324 
0.399861 0.173978 1.342762 
-0.198879 -0.049387 1.843999 
-0.222867 -0.519107 1.972939 
-0.195845 -0.798187 2.125634 
-0.227538 -0.847516 2.052646 
-0.041674 -0.051227 1.817695 
-0.003017 -0.475236 1.857165 
0.037083 -0.862460 2.013211 
0.002173 -0.913297 1.941732 
-0.114992 0.031582 1.832640 
-0.111366 0.099531 1.827346 
-0.093592 0.441358 1.820256 
-0.119835 0.632739 1.769919 
-0.289370 0.345953 1.929031 
-0.471654 0.247620 1.821617 
-0.602605 0.282425 1.571732 
-0.659216 0.299122 1.514571 
0.062945 0.320121 1.796365 
0.178915 0.199390 1.647885 
0.177688 0.181856 1.315672 
0.205441 0.218709 1.266917 
-0.196918 -0.048362 1.847791 
-0.222922 -0.518640 1.973226 
-0.195852 -0.798188 2.125636 
-0.227577 -0.847536 2.052634 
-0.040570 -0.050610 1.819442 
-0.003010 -0.475198 1.857448 
0.036213 -0.862103 2.013384 
0.001873 -0.913017 1.941683 
-0.112896 0.031652 1.836891 
-0.109007 0.100089 1.832746 
-0.089932 0.444227 1.829856 
-0.116994 0.635325 1.777284 
-0.287297 0.345114 1.924449 
-0.432556 0.226707 1.755345 
-0.537313 0.251768 1.489325 
-0.586180 0.262482 1.438284 
0.062817 0.320782 1.797191 
0.177092 0.185681 1.670992 
0.110006 0.166883 1.453898 
0.091201 0.178842 1.389496 
-0.194544 -0.047875 1.852103 
-0.222945 -0.518160 1.973581 
-0.195861 -0.798189 2.125644 
-0.227531 -0.847570 2.052599 
-0.039518 -0.050139 1.821314 
-0.002958 -0.475186 1.857794 
0.035436 -0.861719 2.013620 
0.001679 -0.912718 1.941667 
-0.110219 0.030225 1.841755 
-0.106060 0.099360 1.839007 
-0.086868 0.446743 1.837819 
-0.112529 0.639835 1.789441 
-0.277205 0.340460 1.904919 
-0.368350 0.199752 1.689816 
-0.349792 0.203718 1.381686 
-0.382995 0.233933 1.331197 
0.062123 0.321804 1.797181 
0.090592 0.175022 1.626478 
-0.087742 0.174077 1.423960 
-0.138243 0.191535 1.380310 
-0.190923 -0.048432 1.856899 
-0.222881 -0.517653 1.974212 
-0.195794 -0.798048 2.125750 
-0.226914 -0.847375 2.052555 
-0.038323 -0.050004 1.823741 
-0.002815 -0.475305 1.858318 
0.034722 -0.861398 2.013979 
0.001609 -0.912505 1.941704 
-0.107867 0.028237 1.845498 
-0.103594 0.098188 1.843739 
-0.084886 0.448482 1.842660 
-0.109179 0.643015 1.797869 
-0.253523 0.349178 1.886008 
-0.310934 0.148690 1.652670 
-0.241916 0.173486 1.358748 
-0.224550 0.188539 1.264456 
0.060688 0.322689 1.795810 
0.040368 0.157238 1.615580 
-0.181614 0.182737 1.466630 
-0.253359 0.212129 1.413882 
-0.186473 -0.049066 1.860927 
-0.222784 -0.517173 1.975045 
-0.195697 -0.797906 2.125987 
-0.226550 -0.847254 2.052677 
-0.037479 -0.049993 1.825702 
-0.002591 -0.475501 1.859015 
0.034117 -0.861122 2.014338 
0.001505 -0.912297 1.941780 
-0.106033 0.026353 1.847995 
-0.101640 0.096978 1.846974 
-0.083539 0.449617 1.845515 
-0.106738 0.645209 1.803603 
-0.248541 0.348743 1.881006 
-0.314724 0.151507 1.734973 
-0.310116 0.197903 1.515996 
-0.311332 0.239326 1.433847 
0.059108 0.322841 1.793699 
0.050392 0.141278 1.630347 
-0.117983 0.178613 1.468640 
-0.164218 0.203386 1.421330 
-0.182941 -0.049885 1.863752 
-0.222610 -0.516768 1.976030 
-0.195574 -0.797793 2.126313 
-0.226317 -0.847175 2.052877 
-0.036897 -0.050191 1.826971 
-0.002148 -0.475916 1.859975 
0.033609 -0.860948 2.014731 
0.001364 -0.912130 1.941929 
-0.104731 0.025030 1.849454 
-0.100271 0.096129 1.848907 
-0.082555 0.450399 1.847233 
-0.105104 0.646585 1.807179 
-0.247491 0.346463 1.880839 
-0.360882 0.154411 1.758284 
-0.433750 0.246141 1.570159 
-0.478954 0.282102 1.528425 
0.058586 0.323053 1.792804 
0.089709 0.135336 1.652773 
0.011182 0.155810 1.460149 
-0.006631 0.196636 1.380013 
-0.180764 -0.050549 1.865376 
-0.222349 -0.516445 1.977068 
-0.195436 -0.797745 2.126706 
-0.226093 -0.847160 2.053148 
-0.036344 -0.050461 1.827829 
-0.001419 -0.476523 1.860877 
0.033257 -0.860707 2.015313 
0.001309 -0.911863 1.942283 
-0.103793 0.024052 1.850312 
-0.099289 0.095492 1.850116 
-0.081742 0.450966 1.848012 
-0.104041 0.647483 1.809503 
-0.250018 0.343597 1.885166 
-0.362890 0.149493 1.771414 
-0.431173 0.244011 1.586565 
-0.473778 0.278579 1.551144 
0.058187 0.323235 1.792387 
0.103384 0.128496 1.661812 
0.006160 0.178747 1.458705 
0.005147 0.212739 1.389456 
-0.179300 -0.051042 1.866385 
-0.222087 -0.516189 1.977963 
-0.195313 -0.797701 2.127068 
-0.225899 -0.847148 2.053399 
-0.035895 -0.050713 1.828375 
-0.000770 -0.476984 1.861534 
0.033022 -0.860526 2.015726 
0.001301 -0.911648 1.942532 
-0.103088 0.023301 1.850743 
-0.098516 0.094962 1.850808 
-0.080800 0.451285 1.847682 
-0.103273 0.648116 1.811150 
-0.252761 0.340236 1.889492 
-0.353633 0.145983 1.767321 
-0.349928 0.242276 1.557221 
-0.360803 0.283928 1.504442 
0.058400 0.323144 1.791921 
0.112136 0.121633 1.680573 
-0.017977 0.159713 1.516762 
-0.037079 0.183974 1.501281 
-0.178311 -0.051456 1.866991 
-0.221850 -0.515999 1.978664 
-0.195198 -0.797676 2.127372 
-0.225712 -0.847152 2.053611 
-0.035505 -0.051024 1.828631 
-0.000177 -0.477336 1.861950 
0.032844 -0.860392 2.016016 
0.001305 -0.911481 1.942696 
-0.102513 0.022755 1.850856 
-0.097833 0.094535 1.851092 
-0.079802 0.451416 1.846805 
-0.102553 0.648533 1.812228 
-0.244247 0.361491 1.901711 
-0.322229 0.133281 1.764714 
-0.235318 0.204796 1.503526 
-0.203415 0.226112 1.417163 
0.058713 0.322298 1.791110 
0.102765 0.115432 1.688426 
-0.065317 0.151775 1.556603 
-0.141533 0.186044 1.521163 
-0.177241 -0.051515 1.867218 
-0.221654 -0.515870 1.979140 
-0.195075 -0.797621 2.127561 
-0.225690 -0.847104 2.053802 
-0.035311 -0.051197 1.828691 
0.000396 -0.477629 1.862183 
0.032678 -0.860253 2.016170 
0.001106 -0.911214 1.942810 
-0.102034 0.022166 1.850627 
-0.097236 0.094040 1.851020 
-0.078865 0.451382 1.845619 
-0.101771 0.648740 1.812805 
-0.245394 0.354418 1.904743 
-0.315854 0.126146 1.823209 
-0.293373 0.204199 1.559439 
-0.300015 0.239012 1.500539 
0.059188 0.321268 1.790460 
0.104676 0.113113 1.692413 
-0.037363 0.139446 1.539941 
-0.095423 0.171821 1.483700 
-0.176459 -0.051754 1.867266 
-0.221482 -0.515784 1.979482 
-0.194878 -0.797540 2.127747 
-0.225529 -0.847049 2.053938 
-0.035183 -0.051578 1.828426 
0.000952 -0.477907 1.862273 
0.032559 -0.860174 2.016279 
0.001045 -0.911083 1.942860 
-0.101658 0.021666 1.850225 
-0.096744 0.093590 1.850733 
-0.078076 0.451249 1.844345 
-0.101000 0.648805 1.813019 
-0.247657 0.348997 1.907709 
-0.327374 0.128808 1.871518 
-0.385799 0.206704 1.602123 
-0.422473 0.233733 1.548476 
0.060040 0.320409 1.790219 
0.129680 0.122343 1.692151 
0.025311 0.146401 1.506485 
-0.038697 0.167194 1.466037 
-0.175924 -0.052043 1.867023 
-0.221323 -0.515722 1.979738 
-0.194637 -0.797443 2.127929 
-0.225333 -0.846980 2.054076 
-0.035020 -0.052012 1.828095 
0.001492 -0.478171 1.862300 
0.032460 -0.860057 2.016461 
0.001001 -0.910904 1.942993 
-0.101367 0.021258 1.849735 
-0.096338 0.093191 1.850280 
-0.077360 0.450952 1.842784 
-0.100322 0.648764 1.812958 
-0.250397 0.345544 1.910723 
-0.349093 0.139662 1.909951 
-0.455311 0.209840 1.650877 
-0.515050 0.239466 1.598668 
0.060811 0.320053 1.790477 
0.163869 0.130054 1.684538 
0.084334 0.139853 1.477430 
0.062806 0.168327 1.400478 
-0.175566 -0.052321 1.866606 
-0.221167 -0.515678 1.979921 
-0.194421 -0.797352 2.128075 
-0.225163 -0.846914 2.054186 
-0.034834 -0.052423 1.827789 
0.002011 -0.478397 1.862275 
0.033167 -0.859809 2.016739 
0.001809 -0.910537 1.943209 
-0.101122 0.020959 1.849198 
-0.095992 0.092857 1.849659 
-0.076723 0.450537 1.841119 
-0.099718 0.648628 1.812694 
-0.253308 0.342880 1.913466 
-0.364034 0.147730 1.929283 
-0.529436 0.223257 1.690758 
-0.595546 0.250670 1.644628 
0.061878 0.319939 1.791194 
0.173729 0.129726 1.681431 
0.143815 0.155455 1.447167 
0.152181 0.183961 1.375106 
-0.175375 -0.052581 1.866032 
-0.220975 -0.515644 1.980015 
-0.194232 -0.797250 2.128169 
-0.211671 -0.864083 2.106884 
-0.034568 -0.052813 1.827541 
0.002654 -0.478566 1.862189 
0.033358 -0.859732 2.016818 
0.002060 -0.910398 1.943245 
-0.100922 0.020720 1.848663 
-0.095710 0.092571 1.848993 
-0.076224 0.450179 1.839759 
-0.099208 0.648457 1.812342 
-0.255556 0.340974 1.915383 
-0.370061 0.150845 1.936156 
-0.518943 0.230886 1.675418 
-0.566859 0.264732 1.627990 
0.062755 0.320167 1.792236 
0.179902 0.130238 1.681450 
0.128764 0.158845 1.458345 
0.131128 0.185502 1.394795 
-0.175282 -0.052830 1.865405 
-0.220743 -0.515610 1.980027 
-0.194042 -0.797124 2.128214 
-0.203541 -0.874113 2.138873 
-0.034309 -0.053168 1.827315 
0.003272 -0.478719 1.862075 
0.033472 -0.859651 2.016922 
0.002225 -0.910261 1.943319 
-0.100742 0.020536 1.848184 
-0.095454 0.092345 1.848429 
-0.075760 0.449978 1.838955 
-0.098586 0.648385 1.812157 
-0.257397 0.338510 1.916433 
-0.340923 0.138757 1.882144 
-0.369807 0.211396 1.585612 
-0.389335 0.259865 1.539769 
0.064275 0.319914 1.793578 
0.158740 0.128372 1.695753 
0.022369 0.132895 1.517220 
-0.033633 0.150610 1.482476 
-0.175255 -0.053083 1.864839 
-0.220343 -0.515553 1.979877 
-0.193809 -0.796944 2.128233 
-0.200749 -0.877605 2.150512 
-0.034014 -0.053527 1.827094 
0.003852 -0.478821 1.861957 
0.033533 -0.859603 2.016986 
0.002330 -0.910172 1.943359 
-0.100510 0.020671 1.847744 
-0.095156 0.092378 1.848040 
-0.075289 0.449927 1.838451 
-0.097514 0.648585 1.812496 
-0.257056 0.339475 1.916005 
-0.313965 0.121576 1.821704 
-0.095932 0.131831 1.614351 
-0.014765 0.136472 1.563362 
0.065415 0.319499 1.794511 
0.118890 0.121038 1.704087 
-0.052151 0.134872 1.564075 
-0.127666 0.162946 1.525884 
-0.174981 -0.052745 1.864279 
-0.219970 -0.515512 1.979742 
-0.193567 -0.796761 2.128254 
-0.212399 -0.856672 2.090631 
-0.033866 -0.053640 1.826976 
0.004414 -0.478914 1.861880 
0.033477 -0.859384 2.017092 
0.002351 -0.909900 1.943415 
-0.100298 0.020860 1.847372 
-0.094886 0.092460 1.847743 
-0.074887 0.449912 1.838092 
-0.096671 0.648802 1.812858 
-0.256827 0.339801 1.915634 
-0.305394 0.115452 1.810882 
-0.058710 0.117772 1.611810 
0.014080 0.124072 1.554264 
0.066336 0.318984 1.795289 
0.106083 0.117770 1.708473 
-0.083120 0.098492 1.578020 
-0.137493 0.091941 1.529304 
-0.174734 -0.052429 1.863914 
-0.219651 -0.515490 1.979645 
-0.193334 -0.796581 2.128280 
-0.216739 -0.848481 2.067811 
-0.033747 -0.053710 1.826876 
0.004963 -0.479029 1.861864 
0.033381 -0.859125 2.017234 
0.002334 -0.909591 1.943504 
-0.100168 0.020962 1.847134 
-0.094695 0.092504 1.847557 
-0.074563 0.449920 1.837851 
-0.095879 0.649054 1.813305 
-0.256996 0.339657 1.915805 
-0.308913 0.127161 1.859288 
-0.359233 0.136591 1.636620 
-0.388254 0.154475 1.576964 
0.067004 0.318533 1.796028 
0.115145 0.116441 1.718349 
0.014722 0.051054 1.547467 
-0.030994 0.053551 1.495850 
-0.174630 -0.052311 1.863708 
-0.219394 -0.515483 1.979586 
-0.193107 -0.796401 2.128314 
-0.219786 -0.843498 2.053918 
-0.033674 -0.053780 1.826820 
0.005466 -0.479161 1.861903 
0.033289 -0.858951 2.017338 
0.002279 -0.909369 1.943576 
-0.100085 0.021007 1.846985 
-0.094562 0.092520 1.847436 
-0.074316 0.449928 1.837679 
-0.095390 0.649213 1.813605 
-0.257187 0.339560 1.916132 
-0.324712 0.135508 1.900137 
-0.460812 0.155831 1.699576 
-0.518831 0.169407 1.662465 
0.067573 0.318149 1.796819 
0.149144 0.122611 1.726376 
0.093993 0.069898 1.522375 
0.102022 0.087475 1.446633 
-0.174583 -0.052254 1.863565 
-0.219199 -0.515486 1.979578 
-0.192859 -0.796219 2.128385 
-0.212179 -0.859331 2.105994 
-0.033579 -0.053897 1.826855 
0.005894 -0.479277 1.861960 
0.033812 -0.858707 2.017598 
0.002820 -0.909059 1.943800 
-0.100024 0.021039 1.846878 
-0.094458 0.092533 1.847348 
-0.074129 0.449930 1.837551 
-0.095059 0.649311 1.813807 
-0.257406 0.339497 1.916573 
-0.347294 0.145673 1.937330 
-0.509968 0.158618 1.732229 
-0.565853 0.169984 1.694041 
0.068025 0.317836 1.797534 
0.159626 0.124525 1.729308 
0.151470 0.083159 1.486437 
0.166748 0.100345 1.417037 
-0.174565 -0.052213 1.863457 
-0.219033 -0.515496 1.979592 
-0.192626 -0.796077 2.128475 
-0.208484 -0.867599 2.132072 
-0.033463 -0.054044 1.826969 
0.006260 -0.479381 1.862026 
0.033990 -0.858589 2.017741 
0.003005 -0.908900 1.943920 
-0.099978 0.021058 1.846802 
-0.094382 0.092540 1.847281 
-0.074005 0.449918 1.837443 
-0.094851 0.649360 1.813904 
-0.257827 0.339437 1.917467 
-0.368459 0.155062 1.964496 
-0.598316 0.198367 1.785685 
-0.661843 0.221665 1.759397 
0.068422 0.317567 1.798313 
0.169882 0.126038 1.760327 
0.231906 0.113865 1.475066 
0.262635 0.137734 1.408776 
-0.174593 -0.052194 1.863379 
-0.218884 -0.515537 1.979685 
-0.192450 -0.795975 2.128550 
-0.206484 -0.871762 2.144777 
-0.033275 -0.054275 1.827244 
0.006587 -0.479483 1.862146 
0.034050 -0.858558 2.017784 
0.003071 -0.908838 1.943951 
-0.099948 0.021079 1.846764 
-0.094332 0.092543 1.847232 
-0.073916 0.449904 1.837360 
-0.094739 0.649347 1.813900 
-0.258417 0.339404 1.918783 
-0.375942 0.158787 1.976006 
-0.593114 0.217698 1.791178 
-0.653830 0.243426 1.767765 
0.068848 0.317410 1.799400 
0.173850 0.126841 1.768104 
0.258438 0.145778 1.482865 
0.280504 0.179430 1.427037 
-0.174705 -0.052195 1.863354 
-0.218764 -0.515589 1.979843 
-0.192313 -0.795928 2.128616 
-0.215607 -0.857129 2.093763 
-0.033058 -0.054558 1.827725 
0.006881 -0.479595 1.862334 
0.034058 -0.858560 2.017824 
0.003083 -0.908813 1.943978 
