-0.104050 -0.050872 1.992983 
-0.098643 0.018109 1.979044 
-0.073483 0.369730 1.928898 
-0.084275 0.561909 1.901041 
-0.256641 0.276182 2.043864 
-0.329291 0.022690 2.121608 
-0.339997 -0.192529 2.054365 
-0.346995 -0.256676 2.029873 
-0.004191 0.232859 1.810977 
0.053279 0.223788 1.505037 
0.040540 0.182092 1.298504 
0.051476 0.182848 1.189739 
-0.180388 -0.113670 2.022471 
-0.193203 -0.553609 2.124383 
-0.159412 -0.842694 2.209688 
-0.199447 -0.904719 2.156797 
-0.044789 -0.118481 1.966205 
0.016658 -0.517827 2.018175 
0.042234 -0.894459 2.071667 
0.016945 -0.945145 2.002056 
-0.094258 -0.062573 1.977401 
-0.087059 0.007973 1.961464 
-0.048181 0.364644 1.895180 
-0.058989 0.554510 1.866734 
-0.227015 0.276618 2.036208 
-0.300228 0.021759 2.132018 
-0.326210 -0.187883 2.072772 
-0.334866 -0.247207 2.052125 
-0.013173 0.216812 1.776190 
0.030757 0.230770 1.467546 
0.046293 0.182587 1.285349 
0.053553 0.195008 1.195033 
-0.162374 -0.117057 2.020343 
-0.192887 -0.552109 2.127245 
-0.159440 -0.842998 2.209312 
-0.199299 -0.906502 2.160572 
-0.044393 -0.124597 1.945579 
0.019403 -0.511073 2.005917 
0.048212 -0.895566 2.065527 
0.015831 -0.945263 1.999715 
-0.089440 -0.068262 1.969745 
-0.081610 0.003186 1.953153 
-0.039121 0.362738 1.883083 
-0.049989 0.551958 1.853821 
-0.214447 0.276677 2.032636 
-0.286475 0.021364 2.136259 
-0.317770 -0.185590 2.081594 
-0.326871 -0.243768 2.062000 
-0.012707 0.208328 1.774738 
0.022255 0.226660 1.466325 
0.062269 0.175565 1.288258 
0.055629 0.200022 1.208938 
-0.152507 -0.119010 2.018502 
-0.191923 -0.550853 2.129460 
-0.159268 -0.843419 2.208933 
-0.198960 -0.907943 2.163623 
-0.044183 -0.127699 1.935505 
0.021041 -0.507443 1.998856 
0.052818 -0.896387 2.061340 
0.014951 -0.945458 1.998127 
-0.086862 -0.071314 1.965328 
-0.078636 0.000438 1.948323 
-0.035714 0.361344 1.879379 
-0.046645 0.550992 1.847465 
-0.208638 0.276479 2.030114 
-0.279122 0.020310 2.135610 
-0.309125 -0.184979 2.082191 
-0.318404 -0.242473 2.063398 
0.031038 0.218714 1.820215 
0.138540 0.113297 1.568469 
0.064692 0.172422 1.366916 
0.040824 0.204854 1.340120 
-0.148029 -0.120207 2.017331 
-0.190692 -0.549780 2.130901 
-0.158976 -0.843871 2.208569 
-0.197640 -0.909556 2.167118 
-0.043190 -0.130347 1.929297 
0.021861 -0.505568 1.994608 
0.056658 -0.897439 2.058419 
0.015330 -0.946213 1.996305 
-0.085202 -0.067837 1.963632 
-0.077949 0.003632 1.948101 
-0.053560 0.362879 1.905530 
-0.062603 0.555119 1.864795 
-0.223155 0.275123 2.027171 
-0.290777 0.020730 2.119029 
-0.304295 -0.183688 2.068242 
-0.310982 -0.246111 2.047069 
0.055514 0.240120 1.857210 
0.176248 0.084093 1.704492 
0.053433 0.173088 1.550939 
0.015875 0.211010 1.510226 
-0.147320 -0.120501 2.013634 
-0.189405 -0.548848 2.131553 
-0.158774 -0.844105 2.208180 
-0.193177 -0.913244 2.175467 
-0.033825 -0.128045 1.934199 
0.022825 -0.505070 1.992822 
0.059001 -0.897753 2.056086 
0.017197 -0.946526 1.993159 
-0.088502 -0.053078 1.972541 
-0.085315 0.017819 1.962232 
-0.080199 0.364940 1.940250 
-0.083815 0.557139 1.891144 
-0.254989 0.271980 2.024778 
-0.321524 0.021057 2.088502 
-0.310433 -0.185262 2.038017 
-0.312245 -0.256320 2.015818 
0.080569 0.261111 1.925444 
0.189676 0.060330 1.880618 
0.044482 0.181685 1.721723 
-0.001138 0.221663 1.683992 
-0.152753 -0.119456 2.008601 
-0.188311 -0.548042 2.131378 
-0.158634 -0.844234 2.207849 
-0.190770 -0.915275 2.181201 
-0.021567 -0.118904 1.962860 
0.023588 -0.511578 2.001369 
0.060508 -0.897810 2.054079 
0.022559 -0.946527 1.987337 
-0.097110 -0.035507 1.992954 
-0.097801 0.033216 1.986459 
-0.106231 0.367683 1.973530 
-0.100320 0.560644 1.915030 
-0.281996 0.268270 2.020736 
-0.353343 0.018882 2.054076 
-0.320934 -0.191062 2.010990 
-0.316325 -0.267347 1.991625 
0.088523 0.277301 1.994430 
0.183172 0.039333 2.029455 
0.039491 0.178702 1.874577 
-0.001029 0.225407 1.838268 
-0.162755 -0.117288 2.006798 
-0.187607 -0.547339 2.130624 
-0.158545 -0.844326 2.207562 
-0.190108 -0.916361 2.185911 
-0.017397 -0.108997 2.000967 
0.023449 -0.519639 2.012203 
0.060965 -0.897485 2.052149 
0.028206 -0.946022 1.981437 
-0.103540 -0.025522 2.011948 
-0.106261 0.041432 2.006544 
-0.121947 0.369424 1.995702 
-0.109741 0.562718 1.932166 
-0.294782 0.266246 2.018215 
-0.372647 0.017584 2.030537 
-0.329139 -0.196708 1.990604 
-0.319304 -0.276161 1.972230 
0.083654 0.286956 2.049134 
0.157180 0.051055 2.079312 
0.041614 0.180029 1.901934 
0.008139 0.219379 1.855768 
-0.171149 -0.115391 2.008390 
-0.187334 -0.546862 2.129305 
-0.158649 -0.844296 2.207046 
-0.189006 -0.917398 2.189744 
-0.017544 -0.102750 2.034429 
0.021801 -0.529936 2.026931 
0.059740 -0.896907 2.050289 
0.032566 -0.945675 1.976983 
-0.108236 -0.020108 2.025530 
-0.111885 0.045772 2.019971 
-0.130582 0.370382 2.007721 
-0.115402 0.563355 1.945494 
-0.303103 0.264767 2.016788 
-0.381147 0.016721 2.019512 
-0.333675 -0.200343 1.975163 
-0.320114 -0.281270 1.954728 
0.076301 0.289771 2.069335 
0.142891 0.060608 2.089791 
0.032504 0.166287 1.905160 
-0.006368 0.170386 1.850677 
-0.178558 -0.113623 2.012102 
-0.187637 -0.546970 2.128381 
-0.158842 -0.844300 2.206606 
-0.187604 -0.918534 2.194404 
-0.019109 -0.099594 2.052972 
0.018806 -0.538013 2.041348 
0.056907 -0.895977 2.049457 
0.034995 -0.945363 1.974698 
