364.11652 86.75046 2790.6057
361.73993 147.5996 2780.7415
324.05237 146.65207 2804.4058
313.46066 210.11563 2847.749
305.12582 266.0903 2702.5703
400.07446 148.56337 2757.077
414.22614 211.832 2825.7468
409.04932 266.9851 2735.9727
359.54886 194.77808 2780.1118
334.68433 240.9278 2793.678
329.67422 339.36285 2806.7664
332.4864 425.7449 2910.9075
380.26202 243.03888 2765.2866
388.1461 347.41064 2799.7815
392.19513 439.26062 2897.8726
363.48383 86.018394 2786.7063
360.96387 147.06564 2778.4673
323.32367 146.24147 2800.5762
312.61835 208.97604 2844.388
303.13782 267.70944 2706.6099
399.20786 147.90306 2756.3584
411.42606 212.4204 2837.879
400.9339 261.56833 2651.1917
358.99634 193.55092 2776.2056
333.34225 239.13042 2787.803
329.69785 342.05905 2811.5469
330.02393 426.60632 2932.5107
380.94678 241.10342 2760.085
386.6108 344.89212 2799.6326
392.51266 436.88998 2894.453
363.37506 86.21873 2786.9707
360.43213 147.0985 2778.7085
322.8148 146.47661 2802.7964
311.8291 208.11288 2833.934
303.98483 267.20633 2699.2712
398.70737 147.73123 2754.6204
410.09744 215.00468 2828.5664
409.57895 270.8527 2725.2795
358.6159 193.69199 2775.8584
333.2557 239.48967 2788.0151
329.40277 341.13687 2810.9746
329.34503 427.903 2929.943
380.59238 241.28255 2758.0015
385.72192 345.3439 2799.551
392.55756 438.01962 2895.77
362.8162 86.2477 2786.5178
359.82397 147.00127 2778.8345
322.34338 146.44608 2802.1653
311.44754 210.21152 2826.6604
303.00098 268.2533 2706.64
397.93927 147.56586 2755.5037
409.48962 214.07033 2820.2876
410.90234 272.5281 2715.665
358.09476 193.70158 2774.5862
332.70367 239.70248 2784.9846
329.37747 341.33835 2813.3352
329.84314 430.4378 2931.3186
380.26825 241.39674 2755.6912
385.73892 345.33878 2796.941
392.58472 438.15295 2894.8948
362.939 86.330605 2787.606
358.967 146.54126 2779.7402
321.22147 146.12798 2803.3745
311.6339 209.71655 2830.145
305.69327 265.6943 2699.5422
397.35995 146.96164 2756.1057
409.5904 214.18344 2821.8884
413.24936 271.76846 2705.5337
357.3814 192.87094 2772.707
332.33746 238.6924 2780.2466
329.00626 341.04843 2813.7744
330.07916 430.9658 2932.1123
379.48648 240.18799 2751.1013
384.853 344.04395 2794.3684
392.36664 435.40604 2899.8599
362.74887 86.47406 2788.1008
358.67252 146.59027 2779.6235
320.89398 146.37718 2803.78
312.4347 213.59874 2839.6274
303.6721 268.1848 2706.6914
397.11343 146.8071 2755.467
409.78775 213.21408 2816.903
413.7862 268.5866 2712.1807
357.32678 192.926 2773.6707
332.47415 238.83035 2782.6409
328.92627 340.06403 2813.41
330.0719 430.91965 2930.7158
379.73117 240.09859 2752.7947
385.10614 344.04416 2795.237
392.36224 435.62592 2900.5981
362.4439 86.41539 2788.5579
358.3725 146.33247 2779.258
320.8067 146.29486 2804.0454
312.1753 211.46281 2844.2183
306.66122 268.09277 2703.8132
396.61444 146.37079 2754.471
409.8322 211.71405 2815.2812
414.21225 268.05942 2707.1162
357.2126 192.75443 2774.009
332.69183 238.81746 2784.0698
329.0639 340.38818 2813.2764
330.86752 428.04266 2921.6536
379.6644 239.89326 2753.45
385.24777 343.7338 2796.2007
392.35004 435.55566 2901.0498
362.2679 86.321106 2788.8293
358.4288 146.19804 2779.852
320.84595 146.15018 2804.89
312.02182 210.56456 2840.9856
308.16147 268.33707 2682.914
396.69482 146.24681 2754.8145
409.78348 208.56844 2824.5151
414.29135 268.5835 2706.8862
357.23605 192.62172 2774.1313
332.4939 238.68666 2783.9878
329.10446 340.46582 2813.015
330.71152 429.0972 2925.8442
379.84937 239.79408 2752.8333
385.18997 343.26093 2796.3682
392.38934 435.65607 2900.7751
362.00504 86.19429 2788.8865
358.41064 146.13023 2780.483
320.90344 146.1218 2805.71
311.98898 210.66824 2838.4036
308.74716 266.30658 2665.8145
396.6047 146.13882 2755.256
410.14923 209.0641 2822.0947
414.5356 269.1303 2707.8044
357.25018 192.69724 2774.6592
332.41357 238.92491 2784.6458
328.46643 344.19406 2823.6445
330.74136 432.01886 2939.1443
380.028 240.0015 2753.0251
385.36813 343.32022 2795.5654
392.45444 436.0128 2899.9614
361.5281 85.8748 2786.9705
358.554 146.06537 2780.5244
321.2198 146.05301 2806.2373
312.25253 210.72308 2838.0793
309.92316 265.4305 2636.799
396.58508 146.07797 2754.8115
410.541 209.60019 2818.5603
414.15045 269.272 2696.003
357.36172 192.96896 2775.3801
332.60672 239.49524 2786.3555
327.94583 345.96692 2831.4749
330.73398 434.70715 2946.0347
379.99915 240.60472 2754.1162
385.4877 343.48868 2796.9756
392.489 436.45877 2900.0906
361.45462 85.9623 2786.5369
358.8205 145.7671 2779.0413
321.68454 145.8082 2805.8125
311.49686 209.9398 2824.5708
313.32285 254.95119 2581.7454
396.67892 145.7252 2752.27
410.8649 210.001 2815.0112
416.84302 268.01932 2690.4187
357.64935 193.10754 2775.315
332.98526 240.02878 2788.4275
328.77734 343.20364 2822.7708
330.21265 435.2009 2946.4849
380.25198 241.12851 2754.7498
385.64813 344.13385 2797.4734
392.8616 437.54602 2898.4111
361.7622 85.77486 2785.9697
359.28198 145.49713 2777.6719
322.51166 145.52057 2805.1184
310.14642 208.14359 2812.84
317.45108 239.81914 2511.4224
396.7862 145.47322 2750.2253
411.19467 210.10437 2812.054
416.722 267.3646 2710.2952
358.04114 193.26682 2774.6074
333.5778 240.56558 2788.7854
328.92508 343.4419 2826.1519
330.2032 433.61047 2937.2532
380.30798 241.72589 2754.3005
386.12244 345.05667 2797.4976
393.29276 438.24133 2897.5269
362.2691 85.85282 2786.9175
359.87256 145.60158 2775.593
323.62357 145.62442 2801.78
311.01834 208.74094 2809.4993
319.05032 234.5929 2551.3037
396.81204 145.57832 2749.406
412.35355 210.33044 2797.4788
416.747 268.60773 2709.0579
358.66638 194.25842 2773.2878
334.40912 242.43156 2787.5596
329.38498 345.59494 2828.096
329.96518 434.33786 2939.8423
380.7847 243.56767 2754.4058
386.34372 345.99338 2797.1707
393.27524 438.86658 2898.7368
362.60904 86.38107 2788.8906
360.43964 145.39091 2774.9463
324.63266 144.9536 2799.993
310.9603 208.4496 2805.5127
323.36682 217.71097 2523.8298
396.8989 145.83621 2749.9
414.0367 211.19542 2791.2827
417.86823 266.3475 2693.5618
358.69513 193.67569 2775.19
332.75632 241.07208 2792.3257
328.93283 350.3066 2832.1726
329.08243 436.7468 2942.7874
381.44183 242.84267 2758.5413
387.77313 346.19873 2796.4966
393.58896 438.27664 2896.4834
362.67456 86.64265 2790.5269
360.74988 145.28181 2775.7761
324.9791 144.98979 2800.7622
313.52084 203.1543 2752.9446
328.7491 192.13614 2382.6904
397.17047 145.57916 2750.7903
415.77344 210.74995 2787.966
416.74313 269.29672 2675.9026
359.1761 194.02443 2775.261
334.1101 242.02151 2791.111
328.99973 347.50024 2833.9238
328.89276 434.99234 2943.0562
381.37213 243.55783 2758.3806
387.47614 346.53607 2795.7358
393.50372 439.64316 2895.3108
362.77847 86.56351 2791.147
361.28055 144.9869 2775.6377
325.82205 144.61284 2800.4065
316.75784 198.80486 2707.6165
332.15854 183.46802 2363.3157
397.3776 145.36769 2750.8691
416.19897 210.49199 2781.7917
414.04736 268.32095 2686.1318
359.5852 193.85498 2775.378
334.58527 241.9175 2791.358
328.96173 346.66675 2834.4082
328.9694 434.50043 2943.7727
381.46814 243.55652 2758.8784
387.35455 346.6718 2796.4011
393.45074 440.1465 2892.9543
362.7447 86.6272 2791.8848
363.1313 142.95877 2781.6282
328.56967 142.3799 2810.5552
315.70444 192.24756 2689.2253
335.241 177.32693 2349.0806
398.4193 143.5498 2752.7012
416.84854 208.75754 2779.9282
413.97882 267.41254 2683.746
360.78082 192.40282 2778.726
335.59952 240.89357 2794.8484
329.24332 346.46985 2836.2107
329.0915 433.01865 2947.2832
381.56644 243.02151 2756.7996
387.2997 346.2503 2794.3489
393.49316 439.92374 2890.7373
362.58148 85.95625 2795.4417
364.10263 140.67296 2785.0464
329.80566 140.04369 2814.785
315.42587 187.9625 2688.6472
340.59735 162.75322 2319.5798
399.13992 141.3158 2755.3079
415.94757 206.06975 2784.199
417.6635 260.67093 2671.2466
361.48297 190.76575 2779.257
336.04575 239.94208 2793.1228
329.343 346.36053 2836.1436
328.9814 436.26443 2917.3652
381.9846 242.20934 2753.8127
387.43402 345.69125 2792.473
393.5457 439.35852 2888.2424
362.55457 86.038376 2794.8271
364.43982 140.41345 2785.329
330.2181 139.73022 2815.5688
316.00888 187.83652 2684.4485
343.58676 152.23384 2301.3257
399.41278 141.11168 2755.089
415.68793 205.71703 2785.6455
417.57086 260.81943 2674.5579
361.66632 190.91322 2779.024
335.8355 240.44835 2792.954
329.33954 345.8231 2835.2979
328.8985 434.96942 2927.2869
382.2638 242.8545 2752.4836
387.55988 346.19238 2791.9133
393.4929 439.7345 2887.6143
362.66028 87.286995 2797.1248
366.90552 148.95943 2764.8687
331.0442 146.6607 2784.1372
328.83966 185.96202 2601.2317
348.32867 141.91739 2307.2544
403.27017 151.2904 2745.6
414.7882 212.33386 2772.8958
417.15436 260.441 2657.94
363.04086 196.09364 2767.0652
335.56143 241.20668 2781.9624
329.11768 345.54504 2821.3125
328.45724 436.03674 2919.307
383.02097 245.11742 2756.561
387.73645 349.3196 2802.4631
393.4511 439.2784 2895.9832
362.81207 88.29319 2797.457
368.63504 152.54082 2758.4558
331.29993 149.06592 2762.7651
335.66592 180.7336 2550.2603
353.41757 131.22832 2288.9963
406.08694 156.02658 2754.1467
416.19034 214.89998 2771.9102
416.91187 260.99097 2648.968
364.1556 198.58101 2760.2434
336.8772 242.35059 2764.666
330.2856 345.5804 2808.7769
328.60986 434.55948 2917.8198
382.53036 246.77682 2759.396
387.60315 349.99417 2801.9167
392.994 441.06158 2896.5947
362.79636 88.70746 2797.3918
369.3969 154.26025 2752.6182
331.72357 150.41786 2757.2175
345.03513 177.31497 2520.8174
357.0919 129.78821 2288.1702
407.19632 158.11552 2748.019
419.25687 220.88036 2750.451
416.91992 260.95547 2649.942
364.5176 199.77316 2758.4358
336.42 242.62976 2767.1018
329.96323 346.99634 2808.5713
328.34515 436.3993 2914.1465
382.94562 247.56429 2761.405
387.80536 348.70453 2805.7043
393.02368 439.58646 2900.4924
362.36685 90.68313 2799.9304
369.79623 154.22398 2751.4744
332.19748 150.06516 2755.0251
345.11554 169.67413 2508.9907
358.36023 141.13583 2436.4602
407.49222 158.39355 2747.9233
419.38892 220.55846 2749.5093
416.41098 263.1411 2643.1514
364.55865 199.62753 2758.5168
336.3995 242.18933 2767.7373
329.68765 346.83176 2806.8472
328.03012 437.30676 2911.3198
382.33215 247.41446 2763.3813
388.225 348.597 2807.0227
392.75638 438.8009 2904.344
362.08533 90.378555 2800.3813
371.96207 153.18271 2746.9019
336.6058 148.59695 2750.2485
344.35754 170.15944 2524.963
366.08432 137.49234 2433.8064
407.4046 157.77966 2743.5554
419.89087 219.33183 2744.6367
417.54935 263.20447 2645.7512
365.73026 199.33736 2756.0854
336.82346 242.16588 2767.4336
329.66345 344.39954 2799.249
329.794 432.94156 2896.118
382.2918 248.20975 2763.1045
388.5602 348.84308 2806.0696
392.75488 437.67062 2907.181
362.2636 90.180214 2799.6177
370.7653 152.5381 2745.3596
335.5709 148.52072 2748.365
346.3474 167.73357 2527.3877
365.6839 137.00081 2432.267
406.03683 156.5643 2742.3542
419.43134 219.21432 2743.5776
416.30783 266.46 2649.3271
365.2686 198.6071 2754.8713
337.20154 241.71298 2766.327
329.59265 345.1368 2802.2036
330.26868 432.5528 2905.9534
382.44974 247.0089 2762.4392
388.97556 347.37662 2801.9485
393.0292 436.69113 2899.2292
362.42923 90.66664 2802.3997
371.17166 152.44269 2734.3303
335.66736 148.27057 2727.9495
340.05273 168.76074 2509.871
360.7519 127.26488 2274.8264
406.51068 156.59538 2740.7112
419.86633 219.3087 2742.6658
415.49442 267.80533 2653.9187
365.6311 199.14247 2749.1123
337.9182 242.86816 2759.855
329.75977 345.64465 2801.2944
329.2683 435.36453 2909.351
382.31656 247.81009 2767.9336
389.28192 347.41977 2802.8853
392.90942 436.87604 2898.9407
362.39124 90.06927 2800.6567
370.54257 152.17892 2734.6836
334.91406 148.38637 2730.7258
345.3862 171.36116 2478.9382
359.88998 125.372 2271.0264
406.0681 155.9605 2738.641
420.34802 219.36192 2746.3745
414.93542 264.84375 2653.236
365.4486 198.98764 2749.1038
338.22208 243.03125 2761.0332
329.88205 345.92422 2802.2034
329.3867 434.8408 2912.1318
382.5536 247.58037 2766.0146
389.31497 347.3419 2799.4688
393.36227 437.52582 2892.8616
362.97513 90.62038 2798.7495
370.47147 150.74979 2740.3965
334.88763 146.5385 2737.4836
344.0756 167.21556 2499.4287
367.72632 131.72423 2416.5012
405.9797 154.95212 2743.309
420.0693 218.54854 2752.8743
419.413 264.0381 2657.7336
364.98557 196.31833 2752.6296
335.66534 238.72282 2762.8904
327.91904 346.13248 2802.5718
327.15582 436.14377 2921.543
383.39706 244.2405 2766.8352
391.31976 342.43796 2792.6482
395.83688 433.67654 2881.392
363.16864 90.66866 2798.2017
369.15442 148.47997 2757.364
332.05026 144.93954 2764.8293
339.68347 168.86725 2530.421
366.4832 136.68582 2404.6892
406.46005 152.03963 2749.899
420.69507 215.47682 2760.3147
421.9633 259.6117 2670.8342
364.39056 194.76314 2761.3372
335.39365 238.4349 2770.2014
327.75027 344.80887 2806.3066
327.1274 436.78583 2927.1704
383.97302 243.40048 2760.419
391.7859 342.10834 2787.391
396.18823 433.17743 2875.7847
363.5842 90.14033 2798.4414
368.76468 148.43216 2763.8662
331.15488 145.30864 2774.931
338.85947 170.14711 2542.0898
360.94452 145.19653 2412.21
406.6768 151.5808 2752.8015
421.16635 214.84386 2764.0288
420.01865 260.68604 2684.6284
364.3952 195.29369 2763.8965
336.54218 239.96846 2770.8318
328.51245 344.98148 2809.532
327.73465 435.91043 2928.7354
383.62717 244.35083 2757.0217
391.2172 343.90756 2785.8564
395.54163 434.6075 2874.3928
363.5726 90.140564 2799.5251
369.59842 149.04716 2755.696
333.0317 145.60457 2767.2026
339.57828 169.64214 2538.8293
358.21524 148.7134 2424.1995
406.47177 152.51863 2744.1895
421.1029 215.917 2759.701
420.34424 260.47275 2672.669
364.83798 194.3287 2758.538
336.38702 237.03926 2768.8506
328.74252 343.1896 2805.7795
327.8015 435.61014 2925.5007
383.9163 242.00829 2753.9097
390.89215 344.52832 2791.4956
395.11166 435.07742 2879.422
363.6085 90.15508 2800.0955
369.1263 150.74089 2749.4673
332.78412 147.3024 2756.4873
335.79242 163.9483 2512.8743
359.9206 146.28204 2432.1235
405.6545 154.19699 2742.4475
420.52988 218.89378 2757.18
416.27496 264.74994 2665.3203
364.58835 195.16734 2756.2366
336.23962 236.97162 2767.6309
328.49402 342.67297 2804.85
327.818 435.85275 2924.5283
383.98557 241.78868 2758.3806
391.04376 340.8706 2796.212
395.0417 434.35345 2881.1917
363.57126 89.84346 2801.5725
369.42578 151.58403 2743.0159
333.5863 147.969 2746.4102
334.76175 162.26761 2484.6401
358.91922 142.70433 2436.453
405.3541 155.20802 2739.6213
420.4376 220.41638 2755.0728
414.79105 267.87192 2662.6458
364.71866 195.71056 2753.911
336.22626 237.0134 2767.0798
328.41684 342.30945 2803.142
327.74896 435.8028 2922.167
383.91025 241.9693 2762.5322
391.17352 341.83713 2797.3425
394.91693 434.14722 2883.42
363.53384 89.86036 2801.945
368.87766 149.33722 2732.3752
332.40503 145.93967 2731.4744
331.00797 162.24962 2455.4016
356.49536 139.99341 2444.7507
405.32623 152.73253 2733.2761
420.821 219.29408 2752.6597
417.73682 264.42255 2650.3364
364.50052 194.01784 2748.3835
336.49417 235.99431 2763.8
328.6346 343.0415 2797.3025
328.2807 435.3649 2916.6592
383.84393 240.36673 2764.9836
390.745 342.82068 2802.591
394.25787 434.41898 2888.7388
363.64038 89.7475 2802.6738
368.39777 148.63097 2735.1814
332.01196 145.37466 2734.15
323.81335 161.783 2481.6147
355.65552 137.65434 2433.972
404.75616 151.88481 2736.213
419.92395 217.79916 2761.3447
416.70883 266.48062 2657.4895
364.20642 193.32759 2749.9917
336.76532 235.4823 2764.1345
328.81256 343.05582 2797.5942
328.4497 434.9322 2916.6848
383.34344 239.60744 2765.4695
390.60165 343.34378 2803.152
395.04312 435.00723 2890.5315
364.08276 89.71378 2802.737
365.54285 148.39645 2740.4526
326.8917 146.06206 2740.153
314.2844 164.93953 2514.0276
305.0103 127.824165 2266.205
404.18555 150.73033 2740.752
419.64572 218.85448 2766.6475
417.22012 267.58896 2664.732
362.66745 192.81982 2754.1804
336.81714 235.419 2767.7283
328.98276 342.93375 2800.1697
329.13324 434.32925 2918.4792
382.82104 238.18594 2768.0881
390.31427 342.5183 2801.5562
393.7741 435.33685 2887.4573
364.3087 89.58431 2802.7502
365.08636 147.67902 2741.073
326.1225 146.06198 2746.6694
306.038 161.48653 2516.316
296.1114 129.55833 2277.986
404.20963 149.30266 2735.4766
419.47986 216.67056 2767.3704
415.56512 268.0934 2660.3323
362.7746 194.29034 2758.412
338.6958 239.30896 2778.9194
329.58252 342.87656 2797.1768
329.45624 433.35364 2914.1855
382.3375 241.33203 2772.583
389.8051 344.494 2806.0508
393.38184 436.77048 2891.2732
364.70212 89.24599 2801.7688
366.41962 144.87614 2748.7368
329.07303 142.82793 2757.9385
304.93683 162.55667 2551.149
288.22693 130.57591 2285.1814
404.0171 146.93813 2739.5352
419.2814 213.35797 2778.62
417.3359 265.30377 2655.55
363.35974 192.19649 2761.7478
338.0324 237.66185 2780.2998
329.79102 343.3414 2803.8438
329.46753 433.33157 2919.6233
382.7139 240.4899 2769.2178
389.73425 344.85156 2801.0208
393.43735 437.32703 2886.2334
365.9149 87.294044 2799.8364
366.06677 143.58208 2754.6658
329.02402 141.91124 2768.7651
300.81064 161.13641 2552.7378
275.40323 132.75444 2311.9763
403.4907 145.27008 2740.5664
418.53204 210.89363 2785.0662
417.90152 265.92465 2687.5962
363.17603 193.1487 2764.9724
337.8575 241.02873 2783.8772
330.6366 346.38635 2815.65
328.69238 434.45062 2918.54
382.89548 243.67378 2766.681
389.1839 348.09528 2800.8762
393.18228 440.18658 2887.2974
365.92627 86.198746 2798.779
366.28308 143.28644 2761.7612
329.69492 141.70264 2779.0918
298.63998 159.85323 2550.0322
261.1553 125.04224 2320.1936
403.33334 144.89024 2744.4304
418.13608 211.45715 2789.173
418.09018 270.5535 2709.8574
363.31042 193.31915 2768.7454
337.63577 241.72887 2786.5295
330.5813 348.6468 2827.5115
328.4538 435.14322 2922.0793
383.24713 244.482 2764.9297
388.9546 348.71417 2800.5764
393.05048 439.51593 2886.9302
365.87997 85.34761 2799.3293
365.47034 143.41307 2765.7532
329.27783 142.23181 2786.2256
289.39944 158.2477 2583.9683
249.28111 125.65054 2346.8027
402.20264 144.61192 2745.2805
417.39127 211.30457 2794.349
421.02374 268.1495 2705.2522
362.8718 193.22801 2768.6038
337.2231 241.72086 2784.5015
332.21127 345.7441 2816.9326
328.30148 436.34262 2924.2078
383.55215 244.17165 2758.4072
388.93283 348.5227 2801.9937
393.88214 436.1422 2880.7751
365.69293 84.51491 2797.9895
365.0464 143.27444 2767.874
328.54172 142.1995 2789.028
283.15433 158.13457 2624.134
245.11473 130.13182 2357.3916
402.11334 144.36597 2746.7202
416.694 210.21274 2802.5833
420.9077 266.51154 2709.8047
362.56372 192.97507 2768.1553
336.8511 241.50058 2781.8774
331.56726 346.8845 2823.245
328.66666 437.9557 2927.426
383.53873 243.84195 2754.9954
388.8149 348.57236 2798.5352
393.4331 437.82562 2881.1138
365.34958 84.89965 2797.6733
365.03717 143.85135 2767.7407
328.8025 142.70659 2790.949
279.69492 154.87807 2634.5457
241.32292 128.24152 2371.6956
401.88467 145.01546 2744.5322
416.90652 210.44252 2797.3857
421.1682 267.03833 2703.683
362.37845 192.9629 2768.0405
336.3434 240.79686 2783.2905
331.08334 347.05612 2822.9153
328.8314 436.52893 2925.8162
383.351 243.34457 2753.3904
388.4975 347.5202 2797.8296
393.44073 436.86264 2879.7444
365.37418 84.49615 2796.1157
364.6707 143.602 2766.859
328.90625 142.64597 2795.8179
279.24353 155.68765 2636.7834
242.8557 128.66147 2380.9492
401.19168 144.57825 2737.9
416.7267 210.36105 2790.2363
420.9907 264.21014 2695.2166
361.98486 192.20416 2767.1018
336.07578 239.52129 2786.1133
330.7555 346.20654 2817.3477
329.3369 433.91568 2921.9368
382.84045 242.09177 2748.5762
388.47617 346.9819 2802.082
393.24347 436.8545 2882.9556
365.31183 84.504906 2796.5845
364.4341 143.01428 2763.852
328.9002 142.01129 2792.4492
277.46872 155.21075 2640.237
245.33862 126.67183 2367.1091
400.711 144.03825 2735.2546
415.7758 208.75734 2784.4834
420.4534 265.30255 2685.2852
361.68427 191.58672 2764.533
335.89056 238.83765 2783.732
330.68463 345.54803 2816.8938
329.21423 434.3724 2922.0728
382.29172 241.45032 2746.6958
388.4536 346.65488 2800.3975
392.7068 437.52585 2885.3357
365.35904 84.57319 2796.2822
364.2942 143.03432 2762.4756
328.65497 141.98781 2790.2996
277.67224 155.23216 2633.4563
262.6745 145.48183 2434.4783
400.65863 144.10211 2734.6516
415.6183 208.92407 2786.1145
420.09222 266.3538 2661.0315
361.5467 191.44257 2763.5579
335.88223 238.51733 2782.5107
330.3818 345.10764 2818.0906
329.11285 434.34064 2922.9336
382.01865 241.12538 2746.7693
388.4755 345.81763 2797.3694
392.69244 437.664 2886.0996
365.78503 85.354744 2798.6362
363.85373 143.07204 2763.3564
328.00192 142.02269 2789.197
278.006 155.44795 2627.165
244.3296 125.08516 2348.1123
400.38235 144.14119 2737.5159
415.37546 209.21326 2787.6018
418.92078 266.1367 2652.8782
361.18677 191.35266 2762.5256
335.3351 238.4034 2778.3625
330.52728 345.0647 2818.5828
329.59912 433.55627 2923.2505
381.98285 240.93654 2745.0273
388.55432 345.27173 2796.5981
392.185 436.007 2885.7625
365.75317 85.32811 2798.105
363.90533 143.2581 2764.5356
327.8927 142.18661 2790.3843
278.09796 156.18657 2626.735
244.09962 131.89314 2347.6948
400.59778 144.34981 2738.687
415.3569 209.37436 2784.0447
415.20218 269.41183 2661.5535
361.21274 191.57965 2763.2454
335.48016 238.68619 2778.4426
330.54422 345.3826 2818.974
329.38693 434.21344 2923.5217
381.83176 241.22162 2745.4675
388.63422 345.36264 2797.47
391.33286 441.8304 2884.4265
365.86642 86.12528 2799.8933
363.71375 143.9325 2767.8665
327.2984 143.03674 2795.9253
278.93683 159.17091 2632.2546
248.16788 142.16098 2360.443
400.87494 144.84659 2739.8079
416.27115 211.41545 2779.914
416.15375 268.26895 2651.7842
361.16446 192.10179 2764.8247
335.67267 239.20169 2779.3765
330.31503 344.65643 2819.853
329.2999 433.05884 2926.089
381.84058 241.56776 2744.1895
388.5915 345.0863 2797.3396
391.92688 437.71976 2883.719
365.9272 86.55991 2799.899
363.9501 144.08403 2771.4163
327.50482 143.13498 2800.9104
279.78506 162.3776 2641.8489
250.65608 156.43382 2363.4578
401.17944 145.0535 2741.9224
416.3378 210.94734 2782.7358
414.69098 267.84402 2647.952
361.25415 192.44481 2768.427
335.6379 239.67044 2783.8977
330.12454 345.27417 2821.7893
329.23608 433.73795 2928.5632
381.77478 242.16649 2746.9775
388.71964 345.5334 2798.9695
392.12323 436.79498 2885.492
366.01968 86.77996 2801.3132
364.13483 144.22473 2771.7598
327.5064 143.08836 2799.3784
284.43723 174.3545 2656.9514
254.97845 171.42859 2363.7576
401.50055 145.38396 2744.1409
416.32092 211.05861 2785.163
415.10434 268.92126 2648.4175
361.3284 192.87929 2771.3013
335.78366 240.2465 2787.943
330.0762 346.05655 2823.7595
329.01065 434.36884 2929.9695
381.54074 242.86957 2753.7424
388.96844 346.67603 2801.3208
392.66403 437.33084 2896.1824
365.96582 86.73627 2799.8794
364.2744 143.63712 2774.5515
327.6298 142.55916 2802.741
291.35742 181.63715 2721.6223
260.89603 186.05264 2413.1545
401.67133 144.7372 2746.3618
416.24042 210.56725 2782.9526
416.4581 268.1899 2657.5063
361.48337 192.5814 2773.3484
336.0668 240.29266 2789.493
329.74347 345.6619 2820.1248
328.81674 435.02634 2925.413
381.59796 242.85979 2754.7979
388.88608 346.80222 2805.1104
392.57785 438.39645 2900.6946
365.85532 86.74566 2800.0923
364.18872 143.39691 2776.2615
327.67493 142.37291 2802.3005
294.5294 185.1008 2734.2415
264.58728 204.33865 2454.7375
401.39395 144.4403 2750.2224
417.56723 204.76784 2803.0728
417.6078 264.48276 2670.877
361.5576 192.66292 2775.7278
336.01724 240.72926 2791.4893
329.59702 346.05115 2819.9766
328.23767 435.0042 2922.9417
382.1042 243.18085 2758.8987
388.80225 346.90753 2812.43
392.35873 437.18652 2905.4402
366.70386 90.08829 2811.4102
364.01572 143.35347 2774.7432
327.12003 142.44379 2796.8906
297.6393 192.74574 2737.8557
270.67728 220.60184 2503.9407
401.50513 144.27777 2752.5955
416.89954 205.86568 2804.7378
412.89862 256.8714 2659.7004
361.85107 191.43013 2778.0808
336.27368 238.33035 2795.4817
329.95767 345.58823 2826.1355
328.06476 433.44864 2933.4832
383.34763 240.46323 2767.3552
388.68134 346.4752 2806.2002
391.79922 437.04 2898.7202
366.597 88.09749 2804.8027
363.72522 143.00206 2774.489
326.7216 142.13705 2797.837
299.16046 195.59946 2759.3835
278.2049 239.80298 2559.142
401.3569 143.88174 2751.141
414.98883 206.18156 2791.8687
419.42908 265.0391 2692.0813
361.50882 191.84018 2775.6843
336.0926 239.58195 2791.5005
330.13644 345.434 2825.092
328.3402 433.22052 2934.207
382.7417 241.70169 2762.2588
388.4839 346.40198 2806.5625
390.68103 436.64542 2903.1423
366.47568 87.79271 2801.867
363.73874 143.20236 2775.0889
326.75507 142.29915 2798.223
304.4057 197.88239 2785.168
289.03308 252.87517 2618.8674
401.34424 144.12076 2751.9548
415.41833 208.4318 2791.0417
419.1706 265.80145 2693.612
361.46286 192.19359 2775.3167
336.00974 240.10202 2790.0146
330.42065 345.4406 2825.5032
327.85168 438.9383 2921.8623
382.60785 242.26279 2761.0742
388.48047 346.51984 2808.3813
390.7924 436.26755 2906.2805
366.47513 87.37104 2799.737
363.72797 143.22864 2775.4026
326.80502 142.37126 2798.175
310.88513 203.40703 2804.8843
299.18277 261.16818 2683.4353
401.26184 144.10022 2752.6304
415.86838 207.69653 2796.314
420.50806 268.6703 2714.877
361.51633 192.24266 2774.856
336.09692 240.23457 2788.5872
331.1842 344.48737 2827.199
328.00336 436.37958 2928.555
382.75082 242.32819 2760.0315
388.34518 346.29636 2809.657
391.0601 434.27536 2905.9722
366.56195 86.6357 2797.4543
364.2239 144.00113 2777.0925
327.56152 143.00328 2799.0225
313.7067 207.37738 2823.822
307.53174 269.33255 2739.7126
401.46994 145.01488 2755.1626
416.1603 210.32556 2798.0537
420.05823 269.36008 2728.2717
361.8667 192.36032 2774.7583
336.3066 239.6885 2786.2515
331.0256 344.6687 2827.7554
327.83624 434.14737 2934.906
382.937 241.92455 2758.597
388.4356 346.33838 2808.6558
390.90018 438.50513 2894.8892
366.39322 86.37909 2796.1743
364.40338 145.42314 2778.26
327.6124 144.43463 2799.79
317.11658 210.71306 2860.7874
311.74026 263.48798 2777.9858
401.76904 146.4271 2756.73
416.53848 212.043 2800.1323
420.60062 274.53122 2714.4534
362.142 193.03535 2776.3984
336.63773 239.62314 2788.0928
331.1597 344.30334 2829.117
327.7148 432.92407 2936.8538
383.3457 241.81044 2760.981
388.5285 346.31427 2809.409
390.929 436.1678 2904.9495
366.26004 86.309044 2796.1682
364.36435 145.33372 2779.793
327.39856 144.94115 2805.9402
319.68744 206.90614 2863.6067
311.48425 262.6073 2775.561
402.03217 145.73375 2753.646
416.98065 211.83528 2796.8164
418.02054 272.99957 2721.2988
362.6832 193.72377 2780.202
338.80515 241.32173 2796.271
331.5913 344.29318 2826.1294
328.02783 433.8628 2932.8882
383.4514 242.88625 2764.9507
388.73993 346.93802 2813.921
390.93024 436.6636 2908.7444
366.21307 85.68599 2792.2693
364.33203 145.26154 2781.7056
327.49234 144.88771 2806.6265
318.26572 208.43999 2857.1575
307.1159 266.62482 2770.044
401.83777 145.6421 2756.7847
416.97757 209.71323 2820.5847
418.28665 269.0181 2727.5154
362.7189 193.52753 2781.4207
338.50006 241.04742 2796.3838
331.54944 344.96515 2825.9265
328.6374 433.46854 2934.1304
383.96002 242.56772 2765.888
388.83835 346.7011 2813.7964
391.11322 436.1098 2907.9802
366.05667 85.05359 2790.552
364.35745 145.6484 2782.4705
327.68347 145.15501 2806.166
315.70395 209.0245 2845.682
308.4531 269.20795 2762.5073
401.66147 146.1503 2758.775
416.12363 207.354 2835.669
418.2824 269.60138 2732.0654
362.64264 193.53098 2781.4666
338.0014 240.63336 2795.229
331.50125 344.80225 2826.9243
328.98193 432.82324 2936.4949
384.09653 242.27156 2765.6965
388.8143 346.63544 2812.0234
391.5529 436.47977 2904.1313
366.1496 85.09272 2789.381
364.09778 145.90636 2781.8022
327.18674 145.7406 2804.5686
314.4087 210.39148 2838.0486
301.8567 266.79623 2740.7551
401.61798 146.07483 2759.0356
416.34195 208.6163 2829.528
417.90707 266.16403 2713.6973
362.8851 194.14804 2783.0356
338.55875 241.75262 2798.503
331.29355 345.6212 2830.0095
328.8438 432.88724 2938.1702
385.02585 242.94746 2770.0354
388.8357 347.1158 2811.822
391.54337 436.3031 2906.2207
366.30368 85.410065 2789.131
363.88925 145.91492 2782.1392
326.67853 145.79576 2804.3574
315.45755 209.46628 2842.5356
298.6768 264.24426 2720.6692
401.6991 146.036 2759.9211
416.55432 210.16273 2827.0586
417.72305 267.54337 2718.22
362.7656 194.35419 2783.3076
338.24432 242.19516 2798.424
331.20264 346.1618 2835.06
328.67834 433.45123 2942.2544
385.277 243.31604 2770.5278
388.81882 347.09488 2809.8416
392.5763 436.23923 2905.6167
366.33188 85.13437 2787.9377
364.10043 145.66005 2782.987
326.98367 145.44072 2805.9834
314.4541 208.32777 2839.9468
299.146 261.92444 2704.7568
401.8357 145.88303 2759.9907
416.5858 210.5916 2823.6138
417.3619 266.95294 2717.1208
362.7974 194.25826 2783.7817
338.0525 242.18686 2799.0732
331.36703 345.6821 2836.191
328.78378 433.76877 2943.4304
385.18304 243.4773 2770.0796
388.85883 347.37814 2810.5684
393.2749 435.48788 2908.2212
366.3176 85.19824 2788.0947
364.44525 145.63786 2783.245
327.52933 145.30084 2806.853
314.371 206.50735 2837.9424
300.5966 262.4609 2691.099
401.99277 145.98065 2759.6372
416.59796 211.18253 2821.0486
416.6716 268.4077 2698.5828
362.93945 194.3509 2783.3645
338.10007 242.32831 2798.371
331.47803 345.83508 2838.637
328.83203 434.085 2943.5593
385.0185 243.79907 2768.5967
388.77628 347.7014 2809.647
393.4545 435.41263 2905.2268
