335.53183 117.36455 2768.8718
338.05524 162.15709 2794.2012
301.32822 164.31845 2791.9563
293.79514 218.50742 2848.0396
289.33206 280.76752 2799.4312
374.72333 159.99918 2796.446
391.33875 218.69455 2834.8342
398.93295 274.8688 2790.2664
340.54172 206.38696 2812.0674
322.86813 251.2818 2828.687
313.7351 334.76685 2897.5361
310.81863 413.51965 2836.3464
363.1078 248.836 2831.1804
363.85193 332.9624 2897.3408
375.307 408.54727 2866.294
336.2895 117.83329 2773.9893
338.5869 162.55469 2796.0725
301.87314 164.51569 2793.7964
293.76038 219.24913 2848.5159
289.01965 281.419 2789.753
375.24097 160.59686 2798.3486
391.17578 218.79695 2836.4246
399.41058 274.45276 2786.2397
340.85922 206.77861 2811.4124
322.949 251.63873 2825.4883
313.844 335.6775 2886.978
311.3793 413.29263 2828.629
363.24673 249.40741 2828.0164
364.17776 334.08554 2886.258
375.52704 410.56702 2856.8564
336.71515 118.60988 2756.5447
338.84702 163.54007 2790.5073
302.05444 165.4137 2788.1267
293.90118 218.38393 2847.7441
288.35107 280.4519 2790.5376
375.57687 161.66966 2792.8882
391.33508 218.63411 2835.704
400.47568 274.28418 2782.9023
340.91928 207.76411 2814.19
322.87567 252.31361 2836.5503
313.69098 335.9181 2899.579
311.35144 413.5661 2840.971
363.0196 250.18742 2839.1946
363.87653 334.33365 2900.669
375.1807 409.561 2872.19
337.16183 119.574585 2766.8225
339.22208 164.3324 2793.2634
302.4596 166.09178 2790.587
293.8365 218.46428 2846.8354
288.0848 280.57355 2792.8887
375.91415 162.5764 2795.9402
391.2886 218.86377 2836.3567
401.03577 274.24866 2781.1892
341.21042 208.56415 2812.3503
323.04254 253.20917 2829.9507
313.78088 337.6694 2881.1855
311.66733 413.94666 2825.8599
363.28024 251.19101 2832.9236
364.9782 336.3777 2878.0015
375.48444 411.2889 2854.7305
337.31448 119.568535 2751.9639
339.22708 164.695 2789.331
302.4166 166.4892 2787.532
293.75223 219.00255 2844.4185
287.9856 280.83456 2786.325
375.99008 162.90315 2791.1304
391.4459 219.08496 2837.68
400.3219 274.6144 2780.7454
341.17456 208.9062 2815.2332
323.02423 253.32002 2840.136
313.5875 336.90814 2900.5115
311.59808 413.80188 2835.9128
363.13474 251.30324 2842.1343
364.1896 335.76724 2895.7212
375.09964 409.0335 2869.7156
337.63657 119.387505 2755.0303
339.38132 164.4256 2790.954
302.57935 165.97543 2788.074
293.64313 219.50092 2847.2031
287.89423 281.03192 2781.8196
376.1074 162.87894 2793.834
391.39465 219.1764 2835.3413
399.10974 274.6283 2777.6372
341.05267 208.65625 2815.9346
322.62738 253.00362 2839.3157
313.17062 337.33447 2887.342
311.21896 412.67694 2829.542
362.7393 251.2155 2842.5146
363.97733 335.99957 2890.6177
374.75415 410.16098 2859.132
337.91446 119.403984 2756.068
339.48257 164.53532 2791.0244
302.6755 165.9732 2787.561
293.68536 219.54314 2848.0986
287.95786 281.1997 2786.4917
376.1984 163.10101 2794.4878
391.19107 219.41876 2833.1775
399.27567 274.9237 2778.9653
341.0277 208.78418 2815.5903
322.47314 253.11127 2838.233
313.41135 337.4886 2887.201
311.36804 414.52368 2826.0989
362.59198 251.42503 2842.0796
364.3639 336.33932 2888.0251
374.95456 409.04456 2861.9458
338.28012 120.143906 2767.0833
339.6602 164.90204 2794.314
302.88785 166.11446 2790.1492
293.78986 219.45094 2846.5356
287.96576 281.1929 2787.7034
376.3231 163.69324 2798.4785
391.05203 219.44716 2833.599
398.61014 274.83292 2776.8179
341.00494 209.14827 2813.7761
322.20636 253.52203 2830.9255
313.1664 338.02103 2881.686
310.89276 413.97794 2822.7786
362.42322 252.05243 2835.5513
364.24664 337.00073 2884.252
374.92935 410.877 2852.6624
337.9941 119.79898 2762.5898
339.41507 164.80486 2792.9155
302.62234 165.98949 2788.9368
293.6198 219.49022 2843.766
287.97104 281.3012 2793.2012
376.10315 163.6236 2796.8943
390.944 219.37215 2835.2954
398.25674 274.67148 2783.0632
340.70062 209.06418 2814.478
321.86035 253.36641 2833.831
313.25647 337.43176 2891.1724
310.8849 413.3111 2833.4429
362.04156 251.93567 2838.25
363.99634 336.72476 2888.4065
374.51013 407.58118 2868.3022
338.45416 120.94711 2770.8464
339.9218 165.77304 2795.6902
303.16537 166.91643 2792.3237
292.7722 219.49628 2844.2263
288.10678 281.30078 2794.0266
376.58984 164.63242 2799.0566
390.93802 219.21994 2834.1514
398.0832 274.57724 2781.471
341.2009 210.01334 2812.9204
322.31348 254.39995 2828.2812
314.3855 338.91202 2881.7495
311.5574 415.84442 2821.7227
362.58868 253.03082 2832.0203
364.36087 338.09116 2880.4514
375.89493 410.18085 2857.0745
338.02548 120.10548 2772.9724
339.65958 164.82394 2796.7576
302.92603 166.1039 2794.8918
292.76086 219.88931 2844.2961
288.53568 281.74765 2797.3064
376.34415 163.54568 2798.6233
391.16534 219.26648 2836.5703
397.94528 274.49384 2782.8738
341.0953 209.05925 2813.149
322.3578 253.51668 2828.5042
313.75177 337.45462 2890.2495
311.54404 412.223 2830.3567
362.65622 252.048 2830.5764
364.48843 336.84244 2884.4817
375.46268 407.36478 2863.2087
338.03485 120.151764 2776.5398
339.67938 164.87163 2797.457
302.9561 166.15111 2796.1191
293.3396 218.92847 2849.3645
288.64966 280.56406 2799.7434
376.36758 163.59337 2798.795
391.24136 218.99649 2839.2876
397.91666 274.48718 2781.3618
341.12625 209.10526 2811.9102
322.37863 253.61273 2825.6204
313.67535 337.64728 2887.2063
311.48212 414.19852 2825.6865
362.72742 252.1606 2827.1062
363.75818 336.89737 2883.9792
375.758 409.86737 2859.3557
338.33798 120.60196 2778.8262
340.03284 165.19174 2798.254
303.32294 166.48923 2797.5396
293.61307 218.7531 2850.5667
288.70767 280.36398 2802.3806
376.72403 163.89491 2798.9683
391.30463 219.05675 2839.6453
397.90692 274.51556 2780.5518
341.49808 209.41545 2811.8093
322.7614 253.9407 2824.968
313.95007 338.03015 2885.8208
312.05496 413.04398 2831.1306
363.13138 252.48912 2825.7612
364.38968 337.19238 2883.7068
375.75565 409.43387 2863.565
338.33426 120.35847 2767.9614
340.07736 165.24362 2794.6738
303.32693 166.64359 2794.5835
293.9247 219.01741 2849.8113
289.72855 280.76648 2807.0947
376.82544 163.84373 2794.7642
391.52844 218.98737 2840.3252
399.66168 274.4948 2780.0957
341.61044 209.48357 2813.4646
322.9855 253.90518 2832.2053
313.7539 337.76035 2892.747
312.02036 413.2866 2838.1252
363.26007 252.36784 2832.3057
364.68262 336.7536 2892.2888
375.42007 408.0835 2870.9912
338.4594 121.2441 2764.0308
340.11743 165.98088 2793.4673
303.3487 167.43556 2792.0972
294.0765 219.14697 2849.4463
290.23425 280.98883 2812.572
376.8501 164.52765 2794.8374
391.20633 218.76053 2841.6658
400.83615 274.08527 2785.5244
341.7034 210.21628 2814.6538
323.15674 254.60986 2835.0796
313.76505 338.84006 2887.3186
311.80276 413.16125 2836.8179
363.36383 252.97197 2836.6013
364.91003 337.58804 2890.3433
375.28763 409.28458 2868.524
338.71295 120.995476 2771.5671
340.51538 165.58644 2796.0347
303.77826 167.00974 2794.4963
294.00595 219.83293 2851.098
290.52505 281.63293 2810.7234
377.21213 164.16472 2797.573
391.25015 218.74672 2842.3352
401.72165 273.8757 2789.8289
342.1017 209.81302 2813.431
323.52417 254.30304 2829.973
313.8937 338.83582 2879.399
311.9846 413.535 2825.864
363.80075 252.68948 2831.6814
365.43607 337.81104 2879.1836
375.3511 407.83905 2861.6973
338.4735 120.97829 2774.329
340.41226 165.56108 2796.6833
303.7026 167.16078 2797.3125
294.0878 219.3845 2849.7842
290.94336 281.26633 2813.2925
377.13843 163.96068 2796.0542
391.18152 218.63647 2842.1594
402.17044 273.80246 2790.273
342.19623 209.78181 2812.7188
323.8011 254.36877 2829.1035
313.844 338.163 2890.0916
311.40015 415.14032 2825.614
364.1239 252.63339 2828.4048
365.24835 337.42862 2883.2913
375.26297 408.81003 2860.0317
338.1602 120.278015 2775.2107
340.20285 164.85191 2796.8406
303.51724 166.60571 2799.5728
294.10614 219.5544 2851.1135
291.0906 281.43716 2816.584
376.9602 163.09468 2794.1086
391.18713 218.59892 2844.573
402.3623 273.81357 2793.22
342.1462 209.07147 2812.647
323.91122 253.71317 2829.9707
313.7908 337.68915 2887.8074
311.10577 412.64914 2831.115
364.24612 251.87946 2826.936
364.73798 336.45197 2886.6992
375.12955 407.68985 2862.6877
338.14685 119.902664 2766.1543
340.2048 164.65515 2793.7168
303.47684 166.45575 2796.2754
294.10892 218.77057 2852.3452
291.26495 280.6412 2819.7354
377.00012 162.85126 2791.1584
391.2408 218.49434 2847.7874
402.468 273.82614 2797.0093
342.18253 208.89224 2813.514
324.01215 253.45343 2834.7317
313.8242 337.49405 2889.272
311.24274 413.66895 2834.3904
364.2733 251.56793 2831.8901
364.63486 335.79327 2895.1406
375.32245 408.8492 2865.5352
338.12933 119.2142 2763.1338
340.43018 164.1724 2792.5383
303.67838 166.06656 2792.1626
294.65787 219.81126 2854.6743
290.0829 281.34537 2815.654
377.17212 162.27872 2792.914
391.13998 218.65288 2850.4023
402.5378 273.79178 2798.0137
342.5327 208.41953 2813.4478
324.495 253.05675 2834.1484
314.20587 337.45248 2882.8027
311.67587 412.75058 2831.7314
364.71054 250.97108 2834.5657
365.0537 335.52838 2891.2695
375.61328 408.1888 2865.4688
338.3885 118.56405 2760.1177
340.68555 163.53384 2791.961
303.92227 165.475 2789.755
295.28577 219.65271 2854.434
290.29492 281.15973 2820.3013
377.3908 161.59573 2794.1667
391.2528 218.51167 2849.2048
402.5949 273.71805 2803.0144
342.8311 207.77136 2815.0244
324.86728 252.38785 2836.863
314.40002 336.5331 2888.4065
311.60596 413.45813 2833.365
364.9989 250.19287 2839.313
364.40015 334.6413 2895.9614
375.863 408.7241 2865.6406
338.55615 117.913826 2769.6057
340.98083 162.81982 2795.6821
304.282 164.9795 2794.9656
295.59192 219.19016 2855.1746
289.8845 280.61026 2822.718
377.66086 160.66125 2796.399
391.14514 218.4611 2851.0896
402.6143 273.73785 2806.416
343.4189 207.0186 2814.4993
325.7187 251.82588 2832.9185
314.7759 336.13742 2882.8254
311.8776 412.71576 2828.8787
365.9249 249.43506 2833.7144
365.29242 334.4799 2882.982
376.56366 408.21857 2857.8503
338.6474 117.36591 2774.8552
341.2859 162.14706 2797.0476
304.61276 164.45232 2796.5156
295.8304 218.97145 2855.5024
289.41376 280.31082 2823.6377
377.94507 159.84268 2797.5796
391.1701 218.44046 2853.0408
402.6183 273.76846 2809.0896
343.9253 206.33327 2812.7244
326.3986 251.30466 2828.1057
314.58615 335.3523 2883.0713
311.70322 413.903 2826.1077
366.66803 248.7549 2828.6965
364.96857 333.56458 2884.6975
376.46332 408.9307 2856.2053
339.0788 117.56141 2777.4822
341.4767 162.25063 2798.0334
304.81714 164.54611 2798.1301
295.99652 218.72186 2856.8157
289.2986 279.96475 2820.965
378.1388 159.95497 2797.9368
391.27078 219.03932 2854.523
404.293 273.97708 2806.372
344.10504 206.42973 2812.603
326.5579 251.41344 2827.2263
314.29346 335.04312 2888.3594
311.2031 413.70712 2829.5825
366.85544 248.8935 2827.119
364.34116 333.7444 2883.123
375.7511 408.5074 2863.0298
339.76675 117.36908 2777.2876
341.88196 162.05174 2797.85
305.1978 163.99414 2797.0881
295.99774 218.75783 2857.261
288.68103 279.91913 2820.888
378.5461 160.11041 2798.6123
391.43542 219.33508 2854.7573
405.17685 274.17532 2806.671
344.09784 206.25908 2812.6519
326.13428 251.08403 2827.0303
313.82632 334.62552 2889.789
310.5174 414.14166 2828.5317
366.4407 248.92345 2827.8767
364.07867 333.67484 2885.3586
375.2248 409.10345 2864.5557
339.289 116.78028 2777.701
341.53958 161.58058 2798.2402
304.85638 163.47821 2797.3325
296.2123 219.8019 2857.1252
286.7716 280.6831 2818.2798
378.199 159.68417 2799.1477
391.69745 219.79503 2855.897
406.3351 274.60275 2811.0725
343.70718 205.78955 2812.9595
325.69724 250.59662 2827.1748
313.6819 334.12665 2890.9277
310.56064 412.8415 2830.5127
366.0 248.48032 2828.1829
364.0128 333.369 2883.457
374.94592 408.20233 2863.2097
339.68738 116.77497 2768.3977
341.6751 161.78613 2795.1958
304.94104 163.51115 2793.3413
295.126 221.04762 2859.566
283.77112 281.5371 2806.9036
378.36047 160.06342 2797.0505
391.78513 219.73225 2857.9373
407.40326 274.3037 2819.5615
343.59937 206.02435 2814.4255
325.38196 250.6388 2832.6252
313.86102 334.2892 2892.9094
310.82867 414.38504 2834.1213
365.5984 248.68625 2834.685
364.155 333.31256 2891.2222
375.17136 409.4926 2866.9539
340.14853 116.38967 2762.7458
341.98663 161.42755 2792.9976
305.2183 163.06664 2790.4583
294.55832 220.3419 2857.7805
281.90692 279.5622 2800.069
378.68817 159.79144 2795.5369
393.1409 219.26782 2854.9644
409.10132 273.8679 2819.3364
343.78607 205.6939 2814.5244
325.45972 250.22798 2834.641
314.1104 334.18997 2889.188
311.58698 413.3952 2834.3591
365.63672 248.34943 2837.4614
365.02234 333.46243 2883.5977
375.06897 408.58005 2865.002
340.4615 116.522224 2760.4177
342.02527 161.53218 2792.1145
305.24243 163.1264 2789.0664
293.65634 217.45784 2855.3823
279.25266 274.82916 2801.3477
378.72784 159.94145 2795.1626
394.02225 219.03488 2853.478
409.9435 273.67667 2819.2415
343.759 205.806 2814.9053
325.37845 250.29173 2836.0034
314.29343 334.42422 2887.5444
311.4153 411.85583 2836.5376
365.52744 248.44666 2839.3887
364.91162 333.5602 2884.7134
374.96927 410.02948 2864.043
340.88867 117.15184 2769.2593
342.08047 161.87448 2794.7834
305.32126 163.17172 2791.2876
291.70255 218.04 2855.179
276.7609 274.00443 2791.0
378.74786 160.58047 2798.2793
394.60013 219.03647 2855.251
410.35953 273.5986 2814.8672
343.51343 206.14127 2813.8213
324.80066 250.58372 2830.9177
314.0344 334.6497 2886.7537
310.56335 413.29718 2827.5068
365.026 249.04349 2834.8005
364.1792 334.42227 2877.6301
374.72406 410.47342 2857.4766
341.38943 116.80843 2763.179
342.2289 161.64734 2792.9656
305.4388 162.74875 2789.6118
290.33243 219.24559 2856.0962
274.67355 274.49957 2788.9355
378.93076 160.54857 2796.3193
394.85394 219.01936 2853.617
410.58438 273.5215 2812.044
343.38354 205.92566 2815.3677
324.42426 250.16425 2835.9075
314.08823 334.04178 2893.5015
310.74567 413.3958 2833.779
364.5893 248.84639 2839.6323
364.42584 333.8425 2886.8953
374.55893 407.86737 2869.8708
341.78757 116.531876 2770.6414
342.43423 161.25615 2794.787
305.66135 162.11151 2791.313
288.80264 220.32776 2853.039
271.12518 275.1116 2784.364
379.11584 160.40291 2798.2612
394.8396 218.92107 2854.3206
410.6822 273.4693 2815.2913
343.34662 205.54251 2813.3066
324.10532 249.77815 2829.897
314.14688 334.16202 2882.728
311.03836 413.5365 2825.8894
364.36133 248.72182 2833.7556
364.32098 334.2042 2875.1663
375.1257 409.05557 2859.6394
341.80505 116.725464 2774.874
342.32098 161.25775 2796.4905
305.56705 162.00275 2792.8005
287.93027 220.7653 2851.02
267.8125 274.9662 2786.643
378.97806 160.51472 2800.1807
394.79758 218.85349 2852.1658
410.74127 273.4555 2813.369
343.12833 205.53346 2813.2393
323.77045 249.75746 2827.9387
314.25058 333.5904 2891.3347
310.96475 414.76154 2825.9846
364.05267 248.81342 2832.037
364.41333 333.93582 2880.8281
374.9819 408.3622 2864.5442
342.47635 116.62041 2775.487
342.92212 161.25023 2796.8398
306.17184 161.86037 2791.9658
286.18655 222.19977 2850.5054
262.28378 274.6271 2772.6997
379.5445 160.64223 2801.714
394.95258 218.92796 2852.0854
410.76962 273.4642 2813.9365
343.59012 205.52913 2813.0366
324.0923 249.72006 2826.5266
314.7228 333.57474 2890.7847
311.58926 414.2814 2825.5547
364.37012 248.88284 2831.9402
365.19165 333.94098 2881.9402
375.22955 407.39493 2868.5325
342.3458 116.74472 2777.8003
343.12103 161.5572 2797.3464
306.38885 162.49448 2791.6624
284.2729 221.58878 2847.7646
255.92455 271.32376 2764.9692
379.70422 160.62375 2803.0305
394.92892 218.86327 2852.044
410.75977 273.51486 2817.7224
344.21225 205.82018 2812.042
325.1257 250.23601 2823.5808
315.72003 334.08478 2889.2173
311.8642 416.19788 2822.5364
365.4135 249.0112 2829.8943
365.92166 333.75125 2886.4207
375.93967 408.74454 2864.2715
342.6016 117.70894 2777.9434
343.30472 162.27658 2797.9363
306.5772 163.16136 2792.5093
284.1936 217.72194 2843.878
253.10388 263.21188 2750.2822
379.89 161.39523 2803.3633
395.0186 218.93318 2852.013
410.76422 273.5488 2819.3252
344.31085 206.52792 2813.656
325.1569 250.86685 2826.362
314.5851 334.51413 2891.4417
310.87854 415.5952 2827.5183
365.41193 249.7095 2832.3894
365.09903 334.57144 2885.529
374.7559 408.55438 2869.1443
343.30984 117.06781 2778.0237
343.65332 161.72385 2798.832
306.9323 162.42116 2794.2686
280.89874 215.67471 2840.944
245.86192 258.0787 2738.5862
380.2548 161.02882 2803.3955
395.06357 218.96802 2852.0034
410.7616 273.57544 2821.1692
344.41174 205.96802 2815.2935
325.022 250.15904 2829.2205
314.5839 333.68958 2895.4158
310.60532 413.887 2826.7354
365.2647 249.23735 2834.2893
364.7627 334.12805 2886.2449
375.24243 409.08206 2863.7297
344.10535 116.81598 2778.5654
344.51785 161.338 2799.1326
307.80637 162.10298 2793.4304
277.4345 213.27585 2833.474
237.72385 251.80402 2733.8975
381.08005 160.57613 2804.835
395.07202 218.98816 2852.5076
410.76166 273.581 2815.9937
345.3848 205.58107 2814.6113
326.09854 249.85857 2826.9233
316.069 333.50012 2893.394
311.74875 413.5533 2825.142
366.34094 248.82298 2833.2566
365.83725 333.72556 2885.739
376.5312 408.97678 2860.879
344.67554 117.09829 2779.3438
345.09332 161.57526 2799.1343
308.3833 162.38417 2793.4346
273.43442 210.56914 2822.2476
230.14435 244.9571 2721.2126
381.65417 160.76965 2804.8337
395.0135 218.98729 2851.2634
410.74915 273.58902 2818.6692
346.02005 205.81796 2813.9185
326.78485 250.14087 2825.5376
315.7701 333.41626 2896.2026
311.12674 414.6975 2824.3289
367.04425 249.05669 2831.868
365.50433 333.93433 2885.3186
376.23514 410.6007 2858.5637
345.36545 116.931725 2779.22
345.48077 161.46309 2799.567
308.7727 162.09683 2793.9675
269.1239 207.26761 2808.1235
221.8811 237.18349 2711.5742
382.0423 160.83188 2805.1665
395.09616 219.01404 2854.1287
410.7521 273.6006 2820.2815
346.18732 205.7031 2814.8452
326.7408 249.91006 2827.014
314.82956 333.1327 2896.0662
310.92337 412.89838 2831.3235
366.98746 249.02179 2833.233
365.01434 333.78632 2887.9307
374.96902 408.93216 2862.331
345.80823 117.8162 2778.661
345.71194 162.22987 2799.4941
308.99866 162.68567 2794.477
267.25134 202.20609 2800.565
216.95674 225.99983 2709.707
382.29385 161.77568 2804.511
395.10236 219.00865 2853.0605
410.75195 273.61102 2817.2593
346.18347 206.4683 2815.476
326.50876 250.54408 2828.6719
314.5653 333.7097 2897.6304
310.88113 414.4317 2831.5842
366.75104 249.87129 2834.2441
364.6904 334.52042 2890.1548
375.1806 410.73163 2860.495
345.9954 117.73473 2789.3835
345.7252 161.95525 2802.9907
309.05484 162.24191 2798.2397
264.45023 196.4909 2791.2769
211.16316 215.18312 2714.0273
382.27145 161.66953 2807.7417
395.6559 219.12181 2854.5408
410.75494 273.61322 2814.7302
346.05292 206.13995 2814.8516
326.2005 250.19383 2824.074
314.49005 333.8007 2888.8645
310.64758 413.08084 2827.8674
366.51767 249.71436 2829.3508
364.77817 334.6944 2882.1345
375.23724 408.92874 2856.847
346.03317 117.5562 2794.7476
345.6819 161.6764 2804.8882
309.03415 161.82281 2800.793
261.5438 190.78503 2784.1396
205.42752 202.68091 2714.2822
382.22278 161.53044 2808.9834
395.93253 219.07784 2855.2783
410.52704 273.46725 2819.2095
345.8638 205.8305 2814.3135
325.84207 249.84149 2821.4646
314.11337 333.2729 2890.2473
310.84848 413.63968 2829.1165
366.21442 249.53844 2826.0132
364.22974 334.0298 2888.3354
375.02042 409.38153 2857.5344
346.9208 117.14209 2786.4133
345.94244 161.48083 2802.2212
309.26517 161.17882 2796.6162
258.3934 183.7477 2779.073
200.929 191.38312 2723.0176
382.4733 161.78163 2807.8262
396.0701 218.9564 2855.6143
410.40344 273.332 2817.8857
345.57315 205.67897 2814.789
325.03574 249.4151 2824.2441
314.01364 332.43008 2899.4841
310.54993 412.77832 2834.1357
365.3342 249.55313 2830.4697
363.78754 334.01248 2891.42
374.4365 408.45044 2865.8896
347.36728 116.20371 2782.2524
346.06796 160.71724 2801.9026
309.3907 160.20276 2795.184
256.19263 176.1762 2776.5364
198.27002 178.06833 2733.1929
382.56976 161.22928 2808.621
396.13934 219.19731 2855.7974
410.5545 273.4467 2816.036
345.424 204.92128 2817.122
324.65826 248.4839 2828.6106
314.17697 331.8676 2897.6843
310.94672 412.15524 2837.0632
364.86267 248.81616 2836.0725
364.34476 333.4715 2891.1433
374.92337 407.8457 2868.3228
347.51547 116.173676 2790.1782
345.9213 160.40195 2804.49
309.27985 159.68112 2797.525
255.64613 170.14224 2776.7632
197.74074 166.06363 2742.4248
382.38116 161.1192 2811.455
396.33682 219.42772 2857.4065
410.6377 273.56033 2814.9578
345.08423 204.56638 2816.8965
324.10547 248.06754 2825.435
314.09363 331.86124 2890.6245
310.71194 413.8259 2828.181
364.34848 248.61868 2833.1707
363.74747 333.73837 2881.611
374.9515 408.75183 2860.4604
347.63022 116.50532 2795.1396
345.95935 160.55763 2806.7175
309.3552 159.68393 2798.504
253.95486 164.86823 2773.8772
197.22307 153.20279 2746.672
382.34988 161.42624 2814.931
396.36276 219.53477 2857.2073
410.42804 273.5794 2810.4695
345.002 204.68263 2817.0142
323.8956 248.1473 2822.7498
314.37802 332.3177 2884.0554
311.35477 413.5148 2829.988
364.1428 248.8241 2831.872
364.34253 333.83765 2882.8237
375.20905 408.72552 2860.3845
347.55368 116.90067 2787.1194
345.66324 161.19951 2804.1587
309.0235 160.21732 2796.5083
252.17316 157.45021 2772.4434
196.76266 138.82098 2749.7578
382.1036 162.17636 2811.809
396.27502 219.38693 2857.0977
410.3744 273.44748 2811.7708
344.50082 205.3582 2818.052
323.22382 248.67624 2827.697
313.7346 332.65225 2889.7349
310.86197 414.6334 2835.2817
363.41556 249.48978 2836.1938
363.95547 334.18762 2890.2305
374.88837 410.32568 2863.166
347.7094 117.28179 2793.6208
345.42575 161.39372 2805.9094
308.81766 160.01057 2799.5183
250.92035 150.94496 2765.7158
197.75917 126.56878 2756.7976
381.86746 162.77058 2812.3003
396.28693 219.42766 2858.575
409.47134 273.53772 2810.2734
343.8168 205.5045 2816.3252
322.05487 248.63898 2823.1917
313.1135 333.03265 2881.462
310.31015 413.4182 2830.1658
362.334 249.93979 2830.2905
363.70316 335.2588 2875.7249
374.31763 409.89996 2855.0166
347.63358 117.63954 2806.8608
345.26523 161.07922 2809.8142
308.72122 159.40445 2802.3123
251.89201 143.50014 2767.8372
200.88861 113.77268 2759.2683
381.61462 162.74507 2817.3164
396.58795 219.84956 2859.8005
408.52164 274.3662 2814.096
343.42657 205.08202 2814.6553
321.3887 248.13795 2815.33
313.63025 332.43277 2880.753
310.56818 414.23367 2821.4546
361.74014 249.72708 2823.6624
363.926 334.7996 2876.487
375.0146 410.0901 2853.8308
347.40878 117.61801 2804.4812
344.8952 161.15114 2808.7944
308.3328 159.47226 2802.5222
253.12668 136.17816 2769.923
204.05458 102.07833 2759.5242
381.2947 162.82253 2815.0667
396.9641 220.35796 2859.3953
408.06146 274.95944 2815.9114
343.0123 205.18137 2813.9226
320.9218 248.23216 2815.5679
313.75107 331.90894 2890.875
311.00388 413.30444 2832.8901
361.30075 249.86864 2822.534
363.95673 334.13898 2888.2231
375.06506 409.81424 2857.6135
347.6757 117.47187 2801.7937
344.8413 161.15244 2807.734
308.26935 159.33778 2802.7024
253.00671 128.62689 2761.9678
207.30519 89.86175 2762.5413
381.28244 162.9606 2812.7654
396.64215 220.38693 2855.6965
407.83728 275.29324 2823.4392
342.75403 205.19899 2813.3384
320.45822 248.1547 2816.1487
313.7695 331.94885 2890.3203
310.88876 414.41104 2828.41
360.8518 249.98427 2821.737
363.90167 334.1788 2889.0754
375.07178 409.7674 2859.5718
347.92776 116.4447 2791.4543
344.4674 160.46906 2805.1416
307.87726 158.38031 2801.656
255.05057 122.66904 2758.5112
213.25029 79.02004 2762.0127
380.96677 162.55263 2808.6274
396.9026 220.49516 2853.3362
407.7025 275.4383 2813.414
341.95038 204.55077 2816.0652
319.29703 247.2016 2825.0527
313.23996 330.71332 2900.7432
309.98083 411.64902 2841.318
359.58093 249.38054 2828.9246
363.02545 333.2633 2897.9856
374.1103 407.95154 2869.3674
347.86832 117.08399 2795.7847
344.21002 160.83261 2805.9968
307.64856 158.46793 2803.331
259.1808 116.81402 2755.7615
220.28264 69.335175 2753.5618
380.70206 163.19281 2808.6628
396.3078 220.15367 2852.6733
407.9078 274.92334 2809.793
341.35062 204.88524 2816.3691
318.3632 247.35759 2825.261
313.3446 331.42828 2893.0413
310.34644 414.02975 2832.4187
358.64014 249.87025 2828.222
363.65533 334.33972 2886.1602
374.54453 410.22986 2860.869
347.53467 116.81783 2787.4402
343.992 160.86543 2803.8638
307.39487 158.59239 2801.1294
264.0803 111.18822 2754.875
228.07056 60.579193 2747.2585
380.51782 163.13403 2806.5981
395.89545 219.88452 2852.8376
408.8134 274.65573 2809.3682
341.21402 204.96194 2817.2996
318.33844 247.43727 2829.217
314.4523 331.56393 2895.3015
311.04633 413.6713 2835.0562
358.5648 249.84119 2832.2537
364.7748 334.02835 2891.651
375.00854 409.43307 2865.312
347.24423 117.05306 2793.2664
344.2756 160.81053 2805.9548
307.68735 158.9667 2804.0918
268.98978 107.15947 2757.4495
238.47005 52.669086 2740.2258
380.81534 162.65192 2807.8179
395.42532 219.4373 2851.3994
409.5141 274.16888 2809.2798
342.02298 204.89525 2816.121
319.6174 247.67867 2825.2527
315.3991 332.2598 2885.5579
312.32605 413.5951 2827.5867
359.94092 249.64624 2827.322
366.4041 334.33234 2880.6775
376.11575 408.25458 2861.2126
346.72244 117.247765 2796.1921
344.54025 160.8079 2806.7773
307.9416 159.48596 2804.1707
273.7684 103.362114 2754.2446
248.7329 44.89184 2724.2363
381.07098 162.1274 2809.384
395.19205 219.0096 2850.6968
409.89346 273.8215 2806.7717
342.948 204.90013 2815.0806
321.16556 248.04858 2821.936
315.5866 332.27075 2888.104
312.37787 414.8714 2824.971
361.54404 249.41676 2824.8315
366.30414 333.87503 2885.1096
376.52603 408.70218 2861.5767
346.19742 117.71881 2798.1365
344.5364 161.12798 2807.1987
307.94305 160.12634 2806.9863
277.53525 100.044174 2753.615
261.37888 37.879704 2707.1067
381.12424 162.12946 2807.4111
395.03464 218.70708 2851.835
410.09604 273.49417 2804.5215
343.27164 205.22614 2815.126
321.80646 248.5272 2822.9353
314.80093 332.31522 2893.5547
311.69345 413.6187 2832.1414
362.21976 249.62604 2823.1711
365.20447 334.02985 2886.6084
375.4832 408.83487 2862.359
345.91492 117.976234 2798.6152
344.50293 161.44962 2807.7712
307.91354 160.69751 2808.4985
282.46564 99.16884 2754.306
274.39288 34.511284 2696.1313
381.1113 162.2021 2807.044
394.95596 218.45418 2852.4119
410.21793 273.31024 2803.8154
343.51346 205.54796 2815.7861
322.32486 248.96808 2824.2048
314.48996 333.0477 2888.4434
311.57935 413.89557 2834.3523
362.74014 249.82399 2823.3972
365.0724 334.18414 2888.0464
375.38968 409.4838 2862.744
345.29736 118.12907 2801.3464
344.36603 161.46516 2809.1787
307.81027 161.0735 2812.5273
286.61765 100.51439 2757.1558
285.8786 34.757057 2683.4175
381.00906 161.85777 2805.8303
394.85333 218.31877 2851.1877
410.4951 273.36502 2801.6191
343.75247 205.538 2815.5166
322.9207 249.13828 2823.714
314.65268 333.3205 2886.0437
311.85934 412.94925 2834.0554
363.38928 249.68779 2819.9949
365.56958 334.3612 2881.5168
375.43527 408.54343 2859.8591
344.58096 118.20292 2801.7168
344.15768 161.46474 2810.081
307.6194 161.29933 2814.5598
291.07443 100.21504 2755.5754
299.91016 35.620773 2672.3171
380.81262 161.63065 2805.602
394.9312 218.03882 2849.5874
410.6186 273.4685 2801.5244
343.78564 205.5297 2816.745
323.2078 249.21779 2825.8962
314.54395 333.39536 2886.7104
311.24255 414.07166 2831.971
363.6586 249.5558 2820.922
364.8002 333.4889 2893.6116
375.35916 409.588 2861.5664
344.0253 118.13769 2801.4045
343.98544 161.4956 2811.001
307.46198 161.5343 2816.0315
293.82693 99.02033 2754.7837
311.89822 36.48824 2673.3872
380.6399 161.45676 2805.9702
395.65585 217.97632 2845.7883
410.68637 273.51337 2795.9722
343.8431 205.55193 2818.3818
323.50983 249.3127 2828.5564
314.50748 333.51965 2887.041
311.51755 413.54523 2833.0603
363.93314 249.44363 2822.9692
364.87067 333.83572 2887.896
375.12375 408.51077 2865.8706
343.80417 118.519554 2801.2502
343.94455 161.77486 2811.1072
307.43655 161.84554 2817.4636
298.08408 97.275276 2748.3943
323.7663 37.93588 2680.9255
380.61804 161.70387 2804.751
396.10034 218.22635 2840.888
410.66345 273.64252 2794.0974
343.80765 205.83263 2819.0498
323.49155 249.57233 2830.5222
314.3157 333.71225 2888.8147
310.90134 414.78748 2828.171
363.902 249.71353 2823.4624
364.25537 334.05148 2889.3442
374.8805 409.9703 2862.409
343.53152 118.75089 2800.672
343.85233 162.0534 2810.8928
307.34802 162.20076 2817.8604
301.4469 96.68971 2740.7
334.3081 40.80521 2665.0405
380.5381 161.90532 2803.9253
396.27563 218.69675 2843.9324
410.67023 273.68713 2792.2292
343.79376 206.11577 2819.1567
323.5603 249.88193 2831.29
314.36194 334.38388 2882.7222
311.1667 413.17386 2833.3748
363.9661 249.9593 2823.5515
364.6957 334.55338 2885.208
375.0539 409.21396 2863.5464
343.67773 119.455864 2801.383
344.00052 162.5879 2811.5684
307.4977 162.69293 2818.018
303.2482 98.44373 2737.8354
341.3799 46.053555 2664.2778
380.67117 162.48238 2805.1184
396.45215 218.83568 2845.9749
410.44125 273.58008 2792.7244
343.90433 206.63895 2819.938
323.63733 250.37622 2831.8894
314.346 334.90942 2882.244
311.15674 414.21085 2833.4114
364.0313 250.48247 2824.7258
364.74973 334.87006 2889.0403
374.86066 407.95697 2866.9038
342.88797 118.50159 2800.755
343.6164 161.97655 2811.606
307.10208 162.49791 2816.3145
305.40387 98.61544 2734.9297
348.48773 50.02799 2659.5156
380.25317 161.45345 2806.8977
396.4306 218.8782 2843.5027
410.53058 273.6228 2794.6638
344.06097 206.02272 2819.9785
324.32703 250.01505 2830.966
314.9434 334.51205 2882.447
311.75885 412.8992 2834.4788
364.71613 249.6008 2825.7358
365.54428 334.14908 2887.3206
375.36588 406.92343 2868.3833
343.22513 118.32257 2801.435
344.1043 161.64114 2811.3264
307.58038 162.23299 2815.642
305.4295 99.54447 2733.4675
352.0079 54.68809 2656.6206
380.74057 161.04749 2807.0107
396.41315 218.72609 2846.2625
410.3891 273.46075 2798.3677
344.64276 205.6906 2819.1467
324.99402 249.74896 2829.3635
314.86792 333.7864 2887.9048
311.8179 414.05453 2830.5845
365.39676 249.24326 2824.5706
365.02863 333.9207 2884.9067
375.76126 408.7525 2865.0083
343.5048 118.69694 2801.279
344.35757 161.94301 2810.9795
307.82492 162.50713 2815.0503
306.70963 100.0061 2732.7266
355.6044 58.026875 2653.5679
380.9962 161.37724 2806.9087
396.52158 218.44678 2847.162
410.3225 273.28107 2799.3457
344.8691 205.99768 2818.6458
325.18692 250.05489 2828.5728
314.415 334.13107 2885.538
311.4016 413.54364 2831.793
365.60117 249.57141 2824.0515
364.75137 334.38434 2882.38
375.15967 409.1255 2866.0635
343.42252 118.47044 2790.1897
344.35797 162.06932 2806.9854
307.76688 162.63792 2810.3044
307.30856 100.24954 2724.3604
357.69315 60.165806 2653.1777
381.03568 161.49937 2803.6665
396.53204 218.72281 2849.0815
410.51764 273.39694 2799.3826
344.86865 206.18712 2819.357
325.22098 250.17545 2833.5715
314.30527 333.78073 2895.5088
311.17743 414.00174 2833.2686
365.55508 249.66307 2829.8853
364.60538 334.35602 2887.392
374.69812 407.71945 2874.1235
343.23727 118.07149 2785.1448
344.2442 161.9135 2805.449
307.63098 162.64456 2808.1006
306.78036 100.12921 2723.673
356.27603 58.369095 2651.5454
380.9267 161.18105 2802.7976
396.4636 218.75136 2849.0469
410.37845 273.34457 2800.7695
344.94458 206.05019 2820.722
325.51437 250.0677 2837.4673
314.4852 334.13837 2889.1348
311.6073 412.79886 2835.0308
365.7813 249.35489 2834.5222
365.14838 334.06244 2889.5776
375.33615 408.35876 2870.7837
343.53412 118.31434 2783.6304
344.77826 161.95198 2804.4133
308.14648 162.87094 2805.0923
305.3546 99.96484 2723.3423
352.3324 55.148678 2647.8743
381.42776 161.03258 2803.7346
396.50467 218.97406 2850.0322
410.51288 273.5101 2797.5615
345.7309 206.10347 2819.6465
326.5452 250.27374 2835.2566
315.47165 334.38943 2887.429
312.19565 414.36023 2828.8535
366.8067 249.2871 2834.5027
365.86383 334.07117 2888.2954
375.92343 408.73605 2865.0579
343.30255 117.67492 2790.8738
344.9321 161.21101 2805.8054
308.33057 162.5766 2805.4172
304.64148 99.85984 2722.7002
346.34558 50.261814 2652.7493
381.52347 159.84581 2806.1936
396.62897 219.18442 2850.508
410.59506 273.6752 2800.0776
346.46976 205.32285 2817.5127
327.83722 249.82838 2829.0044
315.94037 334.04367 2881.0166
312.27704 412.3738 2827.772
368.14908 248.31094 2829.4355
366.12595 333.34735 2881.498
376.4437 407.4556 2859.4656
344.10114 118.09877 2795.4875
345.52844 161.32042 2806.0388
308.92572 162.6462 2805.6138
303.2248 98.4292 2722.353
339.6175 44.419483 2658.8923
382.1201 159.99506 2806.464
397.65778 219.10083 2852.259
410.63837 273.75784 2801.3865
347.03973 205.42888 2815.545
328.35403 249.97903 2824.815
315.23837 333.52197 2886.6885
311.51285 414.5043 2824.8225
368.72433 248.50209 2825.287
365.0365 333.2364 2883.6367
376.16248 410.1073 2855.5972
345.41254 118.33176 2797.262
346.36142 161.65158 2805.9001
309.74405 162.46922 2802.9807
300.0887 98.58554 2722.6528
329.80463 40.125042 2651.2258
382.90265 160.83563 2808.8196
397.31207 219.47618 2855.1174
410.61996 273.85928 2807.4087
347.32938 205.77473 2814.4678
328.0879 250.1318 2821.4138
314.74094 333.3061 2890.1414
310.7447 414.1747 2824.6006
368.4719 249.12894 2824.6567
364.35266 333.87485 2882.8752
375.12833 409.25778 2864.2393
345.7453 118.46367 2800.1897
346.3052 161.71173 2806.3105
309.68738 162.244 2801.8147
298.2775 97.397194 2718.8167
318.88397 34.663803 2650.971
382.8059 161.18115 2810.8062
397.1453 219.48735 2860.0586
410.4332 273.6271 2805.4458
346.9869 205.8311 2813.646
327.4522 250.0928 2818.4849
314.22433 333.3936 2887.1028
310.5966 412.3146 2829.086
367.8421 249.34988 2823.478
364.2651 334.3675 2877.9402
374.34784 407.61456 2866.7769
346.23578 118.60764 2799.646
346.78342 161.80434 2806.122
310.18155 162.23389 2798.0535
295.75333 99.859 2720.9236
304.9652 34.677498 2657.09
383.1754 161.37724 2814.1907
397.0863 219.78949 2861.5283
409.70502 274.01804 2804.773
347.4163 205.93315 2814.1738
327.8609 250.18703 2817.7441
315.0257 333.38892 2889.1733
311.95776 413.31363 2830.269
368.16623 249.43448 2826.7068
364.90125 333.96725 2887.7756
375.5158 408.254 2870.214
346.4197 118.26527 2788.8655
346.75595 161.88005 2802.5457
310.10614 162.32285 2793.9092
292.21017 98.374855 2720.458
294.37967 32.074234 2670.9465
383.18057 161.43999 2811.1824
397.37808 220.76526 2865.2637
408.85165 275.0749 2802.9377
347.33145 206.06749 2814.9697
327.76047 250.25945 2822.5981
314.76395 333.4084 2892.3296
311.54333 412.03357 2838.86
367.97507 249.47507 2832.1892
364.44318 333.8875 2892.5906
375.29794 409.50375 2868.4785
346.48972 118.1126 2783.979
346.66074 161.86298 2800.793
309.98987 162.23836 2791.3687
289.475 97.79224 2719.2246
282.1582 31.512968 2686.5837
383.08563 161.49011 2810.2173
397.52438 220.95065 2867.128
408.25903 275.52557 2812.933
347.12643 206.08054 2815.3892
327.46637 250.21097 2824.7522
314.76334 333.3675 2894.1228
311.05316 413.09113 2833.1594
367.63403 249.47437 2835.2188
364.63907 334.0837 2891.02
374.69846 408.60928 2869.0298
346.49265 118.18209 2782.0361
346.637 161.9825 2799.6392
309.95956 162.28401 2788.9746
285.14478 98.684044 2727.1052
271.32614 33.674816 2701.6533
383.03607 161.68326 2810.3035
397.51672 220.96251 2871.0637
407.92572 275.63034 2818.0476
347.01733 206.2202 2815.0337
327.28342 250.32654 2824.506
314.70975 334.0552 2884.9575
311.11224 413.275 2831.2612
367.41968 249.62833 2836.3506
364.61603 334.32083 2890.245
375.12396 409.23416 2867.6365
346.87024 118.059296 2780.0635
346.73425 161.99214 2797.9966
310.04095 162.12175 2786.4678
281.57037 98.841484 2727.546
260.70947 36.011337 2717.4214
383.12637 161.86357 2809.5251
397.5949 221.04906 2870.031
407.75443 275.646 2820.619
346.91388 206.25801 2813.7815
326.98038 250.30072 2823.1643
314.72104 334.0495 2884.8271
310.85544 414.34036 2827.4133
367.11182 249.76054 2835.9688
364.6161 334.5312 2888.8066
375.0495 408.78217 2862.876
346.94012 117.91503 2789.5752
346.6148 161.67865 2800.139
309.99567 161.47554 2785.0947
277.3886 100.27162 2729.249
251.30782 40.635986 2734.4016
382.84256 161.87958 2815.183
397.5613 221.00348 2872.5178
407.66986 275.6587 2824.9978
346.58282 205.90662 2811.1382
326.41855 249.93985 2813.7815
314.55493 334.0915 2874.5208
310.49088 413.7295 2819.4968
366.56482 249.64073 2830.4937
364.37704 334.55832 2883.7307
374.99606 409.24545 2858.1592
347.43054 117.051895 2785.3538
347.24722 160.90355 2798.7122
310.67212 160.9678 2780.4353
274.65546 102.34928 2730.137
243.48962 45.836754 2743.8557
383.34772 160.84012 2816.9893
397.53287 220.98932 2873.7798
407.61172 275.66083 2831.7588
347.57623 205.1607 2810.6987
327.82324 249.39537 2812.5344
316.5473 332.75018 2886.9587
312.44745 414.12668 2826.1946
367.8377 248.69113 2832.8362
365.99487 333.30334 2890.4524
376.55988 407.7258 2865.6794
347.70676 117.16691 2781.7312
347.12363 161.19301 2796.966
310.5004 160.98207 2779.6248
272.15024 103.96613 2731.5784
237.13432 50.109344 2749.9094
383.29553 161.40135 2814.3071
397.58237 221.09088 2875.8877
407.59967 275.6956 2832.1145
347.06653 205.48088 2810.1885
326.92075 249.53992 2813.782
314.13205 332.71646 2887.1855
310.2708 413.75153 2831.449
366.96268 249.1692 2833.04
363.7346 333.9383 2887.0332
374.8948 410.08408 2860.8582
348.20755 117.57743 2780.9133
347.14386 161.68488 2795.8486
310.51303 161.0609 2777.95
269.02002 106.92856 2733.2866
232.08113 55.22383 2760.0325
383.30865 162.30089 2813.747
397.53342 221.13606 2875.941
407.60324 275.7392 2839.142
346.60016 205.98672 2809.0786
325.9652 249.84265 2812.3694
313.90622 333.4636 2881.3428
310.35675 413.91022 2830.1897
366.01688 249.90361 2832.2478
363.7455 334.82538 2884.1736
374.67862 409.49203 2862.0266
348.4399 117.12184 2780.008
347.18463 161.29326 2795.2463
310.5673 160.58865 2776.0752
268.0302 109.16038 2736.6384
226.613 61.101246 2761.4167
383.3031 161.98825 2814.4172
397.50833 221.05789 2875.9758
407.59198 275.72995 2835.8337
346.58154 205.60881 2808.1484
325.89413 249.46672 2810.4048
314.58212 332.9107 2884.6433
311.52243 411.62592 2834.3394
365.9228 249.57089 2831.6963
364.56555 334.19534 2889.197
375.62827 409.31488 2859.3608
348.69608 116.68045 2789.5579
347.54745 160.50883 2797.0984
311.0279 159.64221 2774.7634
264.89197 111.13369 2731.8167
223.31439 64.577225 2772.181
383.4884 161.36172 2819.4336
397.5783 221.11739 2876.9956
407.60535 275.7854 2841.8555
347.0135 204.76971 2804.4343
326.37308 248.71379 2799.3655
315.07483 332.27417 2877.1262
311.94934 412.88892 2822.6096
366.41486 248.88474 2824.175
364.73233 333.75485 2881.6187
376.06693 408.3387 2856.9373
349.06992 116.27842 2783.838
347.42114 160.30568 2795.2844
310.83954 159.1975 2774.7368
263.90018 112.889885 2732.4263
220.60867 67.74616 2769.474
383.4688 161.39769 2815.8323
397.6067 221.05316 2877.4966
407.59708 275.78256 2844.9226
346.4755 204.60426 2804.9854
325.42102 248.34776 2803.2756
313.89017 330.97653 2891.77
310.36115 413.10938 2837.2278
365.48926 248.84523 2826.097
363.77203 333.59644 2884.6804
374.26703 408.7031 2867.6533
349.06033 116.661705 2781.4646
347.2526 160.76996 2793.5483
310.64536 159.53844 2773.0085
263.62634 114.39944 2728.2087
219.84132 71.33711 2775.3286
383.32544 161.9835 2814.0884
397.3598 220.71408 2876.242
407.97552 275.2449 2847.1042
346.1375 205.09837 2803.8062
324.90912 248.78647 2802.6584
314.31366 332.02338 2884.5403
310.95978 413.561 2831.5393
364.9896 249.41818 2825.4695
364.36172 334.24463 2882.8977
374.88156 410.38998 2862.2234
349.07687 116.963165 2779.776
347.1285 161.1032 2792.1284
310.49487 159.85004 2771.8555
263.93237 113.40719 2727.1106
219.17986 71.35376 2775.2405
383.23398 162.3383 2812.4014
397.22382 220.44794 2876.1
408.45007 274.97086 2853.8408
345.97458 205.4557 2802.532
324.69354 249.14676 2801.6777
314.58353 332.36557 2885.1055
311.13422 414.50168 2827.6045
364.80432 249.81084 2824.1934
364.89703 334.58264 2882.955
374.83838 409.46436 2862.6533
348.626 116.79585 2779.433
346.94974 160.94124 2791.9485
310.3007 159.85606 2772.109
264.25558 111.4218 2719.5542
219.50806 69.63696 2772.2578
383.08157 162.0111 2811.788
397.16528 220.1082 2875.5417
408.4221 274.68 2853.6077
345.97604 205.30336 2802.7664
324.8712 249.07573 2802.5667
315.1586 332.2981 2886.3884
311.3812 413.0275 2831.1963
364.99142 249.57103 2824.6018
364.80893 334.14825 2886.5027
375.516 409.0298 2865.3728
347.69168 117.06278 2779.2607
346.5491 161.06834 2791.235
309.85992 160.28905 2772.809
264.74765 110.55393 2716.2708
221.31616 66.429504 2763.2754
382.75705 161.8374 2809.661
397.08383 220.05302 2877.263
408.68564 274.63904 2852.845
345.89026 205.44725 2802.742
325.08322 249.35785 2804.0159
315.14365 332.1897 2892.1414
311.33344 414.44617 2828.6096
365.24442 249.56786 2824.482
364.48853 334.17102 2886.0994
375.65378 408.85876 2864.8652
347.13068 117.16729 2779.1765
346.20325 161.20677 2791.3577
309.48526 160.59073 2774.5964
267.08618 108.13716 2713.134
224.5176 62.443188 2758.086
382.4829 161.81546 2808.1187
397.06366 220.09468 2873.624
408.81693 274.6267 2845.9553
345.69485 205.5861 2803.233
325.02313 249.54593 2805.8
314.67142 332.47076 2891.2336
311.43555 413.50937 2829.8713
365.22543 249.63582 2824.4163
364.59735 334.3597 2884.091
375.33875 408.2654 2863.934
346.8005 117.77391 2780.648
346.03238 161.6598 2792.2886
309.3291 161.08713 2775.2056
269.13663 105.66761 2707.5679
229.9437 56.64279 2749.993
382.28928 162.22551 2809.3716
397.08423 220.13196 2874.33
408.87595 274.61966 2842.4873
345.5892 206.02339 2803.8315
324.9878 250.00742 2805.8882
314.64398 333.21188 2887.2324
311.43597 414.45377 2829.1375
365.17618 250.03888 2824.8608
364.13315 334.6456 2886.1143
375.86337 410.38583 2859.9463
346.77762 117.42147 2779.8784
346.13794 161.4047 2791.7468
309.43805 161.0033 2774.0562
272.43665 103.571724 2706.7893
236.54247 50.192337 2733.4932
382.3756 161.80103 2809.4375
396.87595 220.03006 2871.67
408.62958 274.46072 2842.5933
345.94098 205.77696 2802.3628
325.57504 249.90358 2803.1545
314.99307 333.4172 2880.9128
311.941 412.9405 2829.7773
365.7756 249.7257 2822.803
365.29706 334.4765 2882.7676
376.12015 409.31256 2858.688
345.9391 117.732704 2779.4897
345.47635 161.52902 2792.1116
308.7702 161.16365 2774.8022
275.6737 101.4346 2705.9114
243.46513 44.17536 2712.009
381.7302 161.88988 2809.4207
396.825 220.06528 2868.321
408.7971 274.45956 2841.1272
345.31696 205.89575 2802.686
324.98355 250.03123 2803.6484
314.01096 332.99863 2887.979
310.73187 414.1744 2832.7444
365.19656 249.8274 2822.8728
363.87625 333.96826 2892.1226
375.34338 410.72626 2856.9377
345.0813 116.98634 2778.2917
344.9334 160.85301 2792.3945
308.22528 160.67137 2775.3027
280.1844 100.37452 2699.4521
252.65474 39.41228 2693.7754
381.1949 161.03246 2809.4866
396.886 220.28699 2867.1553
408.15878 274.90927 2838.8735
344.9803 205.21849 2803.512
324.85858 249.43272 2805.1375
314.60916 332.60104 2887.6252
311.07413 412.68173 2835.1213
365.05945 249.03557 2824.121
364.6705 333.4778 2888.3716
375.58386 408.96396 2860.6719
344.36987 116.823654 2778.19
344.54828 160.68665 2792.7942
307.8201 160.72751 2777.5496
283.93774 98.84615 2703.7227
261.91043 34.98779 2680.643
380.87772 160.64622 2808.0388
397.13226 220.59628 2866.0693
407.84286 275.1969 2827.2524
344.8163 205.04555 2804.206
324.90134 249.3338 2807.1516
314.90976 332.59396 2888.0657
310.86758 413.54968 2833.835
365.14203 248.75764 2824.0842
364.75043 333.38287 2885.658
375.51816 409.97034 2860.1792
343.37332 116.60703 2782.14
343.9084 160.48428 2793.8423
307.17502 160.80835 2780.2644
289.2551 99.24588 2702.7102
272.9023 33.121544 2662.1555
380.28644 160.16336 2807.4204
397.27386 220.72346 2861.0193
407.70996 275.37497 2821.8997
344.55685 204.8088 2802.2598
324.97147 249.28409 2803.1367
314.73648 332.9472 2879.5518
310.89105 412.48105 2830.9023
365.32312 248.45381 2818.2178
364.88284 333.3381 2878.5886
375.72296 409.9731 2853.2466
343.56226 117.804565 2782.121
344.06122 161.21954 2793.4033
307.3013 161.48157 2781.799
292.80975 98.98245 2703.6677
284.45438 31.329248 2653.328
380.51694 160.95969 2805.0076
397.09204 220.69772 2860.51
407.64108 275.4786 2819.3064
344.58102 205.55397 2801.9011
324.847 249.96783 2803.9546
314.54538 333.6107 2879.9912
311.0329 413.93143 2833.788
365.25574 249.27435 2816.8433
364.6675 333.90683 2881.6316
375.70795 411.48578 2857.183
343.5059 118.361465 2780.608
344.2851 161.74492 2793.6772
307.5313 162.14769 2781.9697
295.9211 99.69488 2701.9893
296.07837 31.283138 2636.2559
380.73212 161.34554 2805.385
397.05414 220.46948 2858.2532
406.87543 275.18417 2816.248
344.9428 206.07611 2803.4856
325.36984 250.52452 2806.7925
314.98126 333.9021 2885.1147
311.6236 414.9882 2831.821
365.72873 249.67383 2819.7952
365.08923 334.34253 2882.535
375.994 410.19983 2863.7258
343.61896 118.59202 2779.3508
344.6498 162.15016 2792.905
307.89706 162.65828 2780.4097
299.73242 98.72567 2698.9873
307.45508 30.683907 2636.4253
381.07516 161.64658 2805.4001
396.86005 220.24786 2856.1284
406.4673 274.92834 2817.0457
345.42267 206.49266 2803.77
325.98196 250.99059 2807.6963
314.83292 334.7284 2878.601
311.9911 414.22498 2831.3984
366.29776 249.99751 2821.574
365.22684 334.6983 2882.866
376.07825 409.77725 2863.671
343.50916 119.00977 2780.7312
345.0083 162.3769 2792.7058
308.27213 163.17657 2779.4417
302.14993 96.32134 2693.5056
319.56046 30.1925 2641.7327
381.39713 161.5848 2805.97
396.8182 220.02107 2853.0647
406.24564 274.76477 2810.0344
346.18646 206.7061 2801.8276
327.1375 251.42004 2803.5833
315.28796 335.048 2876.4988
312.13132 415.05374 2824.6345
367.47076 250.07863 2818.3157
365.52454 334.83862 2880.0566
376.58386 409.31012 2859.193
343.34628 119.036766 2779.413
345.07965 162.40819 2792.6052
308.3467 163.36824 2779.3647
303.61066 95.86472 2696.7488
329.82126 33.152878 2650.346
381.46594 161.45717 2805.8455
396.78165 220.01163 2852.029
406.11652 274.67282 2803.3586
346.439 206.73598 2802.1145
327.57886 251.524 2804.2712
314.39984 334.65643 2881.098
311.67484 413.53943 2831.5583
367.89404 250.00783 2818.9766
365.27515 334.40207 2886.0103
375.54816 407.99744 2864.8772
343.82053 119.34995 2780.26
345.4264 162.68123 2793.0842
308.69202 163.59995 2780.458
305.8018 94.85862 2691.886
339.07712 35.357376 2648.845
381.83014 161.77078 2805.7104
396.76617 220.11003 2851.5088
406.08655 274.6595 2802.2236
346.72403 207.00327 2802.4194
327.79654 251.75763 2804.7432
314.27164 334.75888 2882.5251
311.4618 414.5666 2830.411
368.12897 250.30797 2818.7664
364.8598 334.5395 2888.1335
375.5932 409.45053 2861.4014
343.51245 120.21718 2783.6807
345.39206 163.15858 2793.7734
308.66312 164.2597 2782.0894
309.16037 94.97126 2692.948
349.03522 40.453064 2661.7188
381.81503 162.06665 2805.4575
396.7697 220.05455 2850.7498
406.0607 274.68427 2802.466
346.92407 207.45354 2801.4004
328.2066 252.31952 2802.5386
314.3505 335.57446 2876.6965
311.65604 413.1864 2833.2668
368.5956 250.70009 2815.516
364.97266 335.07684 2883.8796
375.72098 409.2673 2858.0479
343.59695 119.69498 2782.3926
345.50015 162.93312 2793.4546
308.76526 164.08223 2782.1072
311.0533 95.91216 2693.989
355.95264 45.874073 2668.4883
381.9378 161.79332 2804.802
396.771 219.92369 2850.3623
406.05127 274.65216 2801.8215
347.08298 207.23299 2801.0493
328.41183 252.12547 2802.3425
314.32382 335.20172 2878.735
311.56296 413.12463 2833.0413
368.81207 250.46478 2814.9456
365.02917 334.6758 2886.1326
375.32477 409.3151 2860.0754
343.4113 119.23307 2769.7444
345.38223 162.8879 2789.593
308.59537 164.2266 2779.1487
312.64047 95.41968 2692.4812
362.26077 50.413734 2673.1619
381.89465 161.55919 2800.0376
396.7757 219.95818 2850.1897
406.03326 274.60263 2801.0532
347.03403 207.23552 2803.3176
328.4804 252.0681 2811.242
314.0934 334.715 2889.334
311.43594 412.2421 2842.525
368.77603 250.23775 2822.8425
364.5055 333.99664 2897.2039
375.13922 408.40952 2870.7112
343.73657 118.420456 2763.421
345.7363 162.43248 2788.28
308.939 163.8803 2777.729
313.32532 95.197845 2692.2344
366.77267 55.04858 2671.8835
382.2562 160.99556 2798.8308
396.25668 219.67867 2850.5962
406.01266 274.61203 2801.4387
347.4553 206.79666 2804.8892
329.00165 251.61526 2815.6392
314.39874 334.8828 2881.8115
311.9379 410.3849 2840.7065
369.22287 249.66583 2827.3577
365.17682 333.89847 2892.428
375.516 407.90594 2865.431
343.8678 119.08895 2771.2651
345.8975 162.67157 2790.46
309.11353 164.03355 2781.4536
313.66406 95.4859 2691.6177
369.24362 58.1604 2676.106
382.44476 161.31836 2799.4663
395.88065 219.54478 2851.3047
406.02667 274.68433 2802.0745
347.5523 207.01428 2804.1177
328.9963 251.83203 2812.7737
313.72977 335.29962 2875.4753
311.50687 412.73654 2831.2898
369.31433 250.02545 2822.777
364.49463 334.65125 2883.0464
374.99448 409.9457 2857.3818
344.3448 118.73614 2766.1807
346.1699 162.72617 2788.332
309.35104 163.99834 2779.719
314.27142 96.43448 2694.3096
370.49448 59.743008 2674.0151
382.762 161.46182 2796.945
395.69632 219.47519 2851.6465
406.04257 274.72632 2802.3591
347.6604 207.10425 2804.393
328.9536 251.82426 2815.6711
313.83847 334.9569 2882.757
311.69156 410.66705 2841.4695
369.24588 250.13242 2825.237
364.75223 334.85495 2883.0276
374.46393 408.30045 2868.4395
344.0673 118.58655 2772.1455
346.15714 162.54628 2789.8464
309.36917 163.92638 2780.437
314.46042 96.69684 2691.663
371.11002 60.547012 2675.1743
382.69775 161.17545 2799.2559
395.5385 219.35641 2854.3228
406.09073 274.81207 2807.6514
347.85992 206.89955 2802.562
329.3393 251.77473 2810.0522
314.19678 334.99173 2878.4907
311.82944 412.62772 2827.6714
369.6805 249.93304 2820.503
365.14142 334.8617 2877.3174
375.31036 408.65588 2862.2559
343.84296 118.52818 2766.1204
345.99582 162.4066 2787.315
309.1784 163.84477 2777.609
314.4449 96.7993 2689.8262
371.0717 60.36677 2677.927
382.5577 160.97841 2797.0208
395.57178 219.39612 2855.1604
406.07755 274.7673 2805.2292
347.7192 206.79655 2802.5925
329.23822 251.66313 2812.4802
313.7916 334.49683 2884.775
311.28088 411.86703 2834.5713
369.5325 249.75084 2823.2603
364.8076 334.0894 2888.1804
374.38922 407.5855 2870.2458
343.83047 118.03693 2751.6099
345.8017 162.3631 2782.8247
308.934 163.81837 2772.1318
314.74887 95.401596 2685.9084
370.8854 58.55227 2684.9966
382.38715 160.91898 2793.5178
395.58014 219.4477 2859.5828
406.06348 274.77878 2803.9202
347.40942 206.76982 2804.7139
328.8772 251.46857 2820.6648
313.8253 333.8634 2896.928
310.77823 413.3865 2832.758
369.023 249.51309 2832.5413
364.49124 333.93558 2891.879
374.27606 408.09592 2876.0295
344.26315 118.15034 2754.8613
346.14523 162.46007 2783.8337
309.28702 163.78583 2773.0483
314.9126 94.67901 2687.4575
370.39664 56.65069 2685.3967
382.71896 161.14455 2794.6191
394.97168 219.37358 2862.2993
406.10596 274.8191 2805.3828
347.62842 206.87843 2804.395
328.96118 251.56183 2818.9668
314.40512 334.66943 2886.3958
311.45157 413.52353 2826.588
369.13373 249.74245 2830.9458
364.66458 334.83054 2879.0786
374.83813 408.61926 2864.7817
344.45605 117.795456 2755.4878
346.3052 162.31725 2784.3057
309.44614 163.58954 2774.0762
314.253 95.283165 2692.2397
367.528 54.759514 2687.6877
382.89444 161.05426 2794.535
394.50595 219.12482 2862.1504
406.0992 274.7995 2803.989
347.73126 206.74219 2804.3413
328.99774 251.40999 2818.6963
313.97192 334.26572 2889.0168
311.6454 413.90198 2825.8652
369.1956 249.66718 2830.0576
364.54642 334.71213 2879.6672
374.9404 408.9839 2865.796
344.55356 118.349556 2757.8
346.45544 162.49994 2784.766
309.60614 163.83813 2774.482
314.13373 94.97045 2693.126
364.5552 50.791706 2684.45
383.03357 161.17159 2795.0505
394.82333 219.11456 2864.08
406.13452 274.82422 2805.3975
347.98465 206.92348 2803.6484
329.34354 251.66357 2816.8196
314.62924 335.05157 2880.55
311.8736 412.85443 2829.1885
369.5619 249.84543 2828.242
364.9666 334.79276 2880.6792
375.43906 408.9942 2864.0178
344.68634 118.93008 2767.95
346.548 162.84583 2786.7717
309.7316 163.99806 2775.2395
313.86136 94.94911 2692.0522
362.2353 48.13144 2682.4292
383.061 161.70308 2798.3037
394.9986 219.10315 2864.548
406.09152 274.75784 2809.2244
347.9941 207.24937 2800.3667
329.2221 252.05801 2807.5574
314.1168 335.19315 2878.126
311.2197 414.09198 2822.2654
369.5386 250.39354 2820.3662
364.20477 335.3398 2876.0867
375.3663 410.45596 2857.5352
344.64508 118.86803 2762.523
346.46783 162.92937 2785.5999
309.63968 164.13406 2773.8245
311.35925 93.62282 2689.0215
357.65027 43.702602 2671.3088
382.98596 161.73479 2797.375
394.47964 218.89977 2864.7734
406.06094 274.69202 2811.2202
347.9126 207.34644 2802.0225
329.17252 252.11122 2811.906
314.44382 334.56342 2891.2976
311.09933 413.00885 2836.108
369.41513 250.38457 2824.9844
364.63443 334.81567 2887.3376
375.0778 408.55368 2870.33
344.62033 118.525505 2771.3137
346.4097 162.41858 2787.668
309.61224 163.54398 2775.3015
309.26117 93.096794 2690.0085
353.00626 40.465523 2668.5066
382.8821 161.30312 2800.0344
394.61084 218.69975 2865.3914
406.06778 274.64383 2822.4023
347.88394 206.81023 2799.5388
329.1311 251.66193 2804.5422
314.4361 334.50912 2881.8765
311.2008 414.06863 2823.5173
369.4618 249.99612 2818.277
364.54016 334.77002 2878.4082
375.50992 409.64557 2858.152
345.0993 118.470055 2764.7034
346.6814 162.4457 2785.4954
309.86053 163.4331 2772.3699
307.028 93.84743 2689.503
346.7662 38.38077 2669.129
383.15686 161.46754 2798.6208
393.90674 219.02235 2868.1885
406.0666 274.62097 2818.5664
347.9349 206.87976 2800.0986
328.98907 251.6238 2807.4128
314.3389 333.99734 2890.3132
311.1518 412.79117 2835.3079
369.25745 250.08571 2821.991
364.31274 334.45306 2886.8987
375.01117 408.2013 2870.644
345.30002 118.4385 2771.4062
346.85077 162.31071 2786.7837
310.04352 163.2506 2773.839
305.60153 93.797195 2691.2534
340.2839 34.59685 2658.3093
383.3177 161.37953 2799.7283
392.8659 219.47998 2869.0986
406.0777 274.63705 2810.7195
348.10886 206.7309 2798.858
329.1404 251.51262 2803.7437
314.2509 334.55804 2877.993
311.1868 413.57742 2827.5552
369.46875 250.03008 2818.1206
364.82736 334.85855 2877.5815
375.44275 408.6727 2863.0974
345.35983 118.58674 2775.2576
346.7954 162.33151 2787.751
310.00107 163.13797 2774.4285
302.41064 93.50211 2689.127
332.2921 31.359015 2662.781
383.23975 161.53273 2801.0735
392.57162 219.52913 2872.5562
406.09937 274.73676 2814.831
347.94647 206.74089 2798.0894
328.85593 251.50064 2801.0293
313.5632 334.0784 2882.033
311.16232 413.15277 2827.8938
369.21585 250.14952 2815.8262
364.36087 334.47742 2884.0234
374.88477 408.15182 2864.6865
345.42697 119.31594 2778.1846
346.8241 162.57956 2788.4026
310.02878 163.29228 2775.6382
299.8161 97.387886 2695.4185
321.61508 32.382607 2649.754
383.28406 161.87334 2801.167
392.19922 219.53297 2871.2822
406.1061 274.72775 2817.0728
347.87607 206.98051 2797.6816
328.66946 251.70436 2799.872
313.89563 333.97818 2886.6938
311.56912 414.09183 2828.6416
369.07068 250.47456 2814.0493
364.44385 335.0557 2879.281
375.07935 409.34595 2863.2122
345.78784 119.06253 2776.6482
347.00162 162.61578 2787.023
310.1964 163.34459 2773.6794
298.05392 97.67858 2695.7087
313.89862 31.051525 2652.951
383.45605 161.8939 2800.3662
391.96204 219.3476 2872.6538
406.1063 274.67606 2823.485
348.09842 207.03763 2795.796
328.9265 251.81752 2797.159
314.34225 334.2503 2883.4844
311.84674 413.82596 2827.6816
369.34338 250.54895 2811.979
364.94946 335.18314 2877.5708
375.33878 408.02582 2866.919
345.4409 119.732704 2777.8801
346.74976 162.9411 2786.815
309.95013 163.75069 2772.933
294.89984 100.06539 2701.7852
303.1422 32.427795 2655.2363
383.18457 162.13954 2800.697
391.91837 219.26181 2874.335
406.10364 274.65045 2827.6733
347.96634 207.36125 2795.1443
328.91312 252.20761 2795.7644
314.16602 334.4882 2884.1868
311.29587 415.05566 2825.2932
369.32715 250.83107 2811.1826
364.68427 335.42264 2877.6084
375.15445 409.05432 2866.1956
345.31555 119.58603 2777.996
346.6832 162.94391 2786.101
309.87842 163.74042 2771.8347
292.2918 102.938126 2711.156
293.53418 34.913277 2658.215
383.113 162.15552 2800.3672
391.7969 219.29103 2871.1797
406.12857 274.61066 2828.4102
347.91214 207.37285 2793.7354
328.8606 252.24988 2793.4473
314.28836 334.6287 2881.8987
311.43002 413.68787 2828.5203
369.29388 250.8733 2809.2922
364.86484 335.5792 2874.9468
374.48376 407.09622 2869.6033
344.95035 119.50703 2779.0571
346.38416 162.89989 2786.0688
309.57623 163.70848 2771.9048
287.98566 101.37762 2711.0867
284.6805 32.560623 2666.2412
382.8197 162.09946 2800.2332
391.8865 219.32014 2871.5967
406.13315 274.6262 2837.9482
347.6545 207.32321 2792.633
328.6277 252.23389 2791.3313
314.1614 334.7485 2879.0667
310.81876 414.47787 2826.2922
369.09647 250.84639 2807.063
364.66302 335.18686 2879.2043
374.47263 407.59476 2867.512
344.5631 119.145386 2770.5774
345.95364 162.80098 2783.433
309.12555 163.70354 2768.3308
284.46317 101.07116 2712.0374
276.09567 33.636456 2681.987
382.38425 161.90816 2798.5356
393.66196 219.4006 2866.8027
406.8208 274.9237 2837.961
347.26602 207.27182 2793.5042
328.32104 252.18549 2795.188
314.0819 334.29727 2887.165
310.778 413.2608 2833.5535
368.6961 250.66537 2811.9622
364.29337 334.4473 2890.2585
374.6739 408.2473 2871.7615
344.2883 118.68187 2754.342
345.43704 162.84242 2778.0518
308.507 163.83505 2765.5894
281.281 101.95649 2716.02
267.04694 35.593987 2690.7158
382.03726 161.85866 2790.5142
394.9145 219.74542 2866.4028
407.19604 275.21872 2834.8438
346.6179 207.36514 2795.5864
327.57605 252.0944 2806.1997
313.8353 334.05902 2896.997
310.47928 413.65887 2838.858
367.89282 250.57498 2820.0427
363.67926 334.4995 2892.8975
374.39734 407.91394 2872.5159
344.12253 118.471504 2747.2197
344.9773 162.88239 2774.992
308.00003 163.95493 2762.992
275.85223 102.87867 2723.506
256.10135 39.057915 2716.6729
381.63614 161.81908 2786.992
396.1793 220.29076 2860.7014
407.39267 275.43594 2837.3096
346.17206 207.44012 2795.7847
327.164 252.1354 2809.9136
314.1506 334.97144 2888.3784
310.9063 412.8977 2834.1353
367.43903 250.54832 2823.241
363.81854 334.86218 2888.8535
375.16058 409.39728 2863.4155
343.91498 118.24672 2742.6562
344.96313 162.64696 2772.8667
307.94693 163.87648 2762.6555
271.72504 105.4924 2730.2478
245.82945 44.824924 2731.1943
381.70773 161.42644 2783.0776
396.83463 220.68445 2860.8457
407.47073 275.57483 2834.7593
346.29013 207.22754 2795.4316
327.4074 251.94325 2812.326
314.63425 334.77872 2890.7078
311.6215 413.77936 2829.6245
367.70328 250.24847 2823.6672
364.60815 334.96207 2882.95
375.80035 408.18927 2863.037
343.09402 117.86428 2741.3733
344.34268 162.45306 2772.3193
307.3176 163.94774 2763.561
267.14978 109.60737 2739.6213
236.46025 52.122288 2749.1262
381.13458 160.9678 2781.0774
397.14053 220.86243 2857.9143
407.5259 275.6283 2840.1943
345.9789 207.03694 2794.914
327.39185 251.87425 2812.645
314.20154 334.87268 2887.77
311.7052 412.81076 2830.9297
367.71637 249.94055 2822.3726
364.69202 334.73514 2881.2534
374.9087 406.9966 2863.016
343.2049 117.965836 2739.235
344.23447 162.45184 2771.6296
307.19257 163.97014 2764.054
263.1437 114.39181 2746.8105
229.10411 60.9518 2769.4832
381.0744 160.94182 2779.2056
397.25443 220.86046 2857.952
407.5374 275.7413 2843.7422
345.86685 207.03543 2795.5107
327.27988 251.8237 2815.1848
313.92502 334.77423 2889.6582
311.38245 413.5618 2830.852
367.6031 249.90665 2823.5989
364.37424 334.4914 2885.3208
374.6657 407.42355 2865.8853
343.3898 117.80104 2737.667
344.27066 162.40456 2770.6128
307.20767 163.90187 2764.4036
259.68802 119.08792 2755.4075
221.48239 71.115486 2793.9172
381.16788 160.91393 2776.8218
397.4062 220.83615 2854.4712
407.54877 275.74866 2841.932
345.85355 206.99661 2795.4731
327.2135 251.72678 2816.8855
313.49298 335.06552 2883.805
311.41168 412.41684 2831.361
367.55417 249.88057 2823.7817
364.79105 334.7905 2880.138
374.86505 407.10468 2865.5137
343.0496 117.756065 2737.383
344.02307 162.50705 2770.9238
306.96283 164.07686 2766.6384
256.05423 123.53308 2762.706
215.74673 80.70917 2824.6777
380.96887 160.94208 2775.2092
397.44025 220.93568 2854.2305
407.55505 275.75656 2839.4941
345.68982 207.09428 2795.5242
327.12216 251.83429 2817.7446
313.9 335.00232 2888.0994
311.2662 413.57013 2828.6926
367.49872 249.97456 2822.5044
364.5384 334.71448 2882.2734
375.2604 408.50623 2862.8877
343.06915 118.73384 2737.2383
343.97232 163.31631 2770.8982
306.90662 164.82042 2767.1528
254.21309 129.82089 2769.353
210.6029 90.907234 2831.1978
380.93796 161.81627 2774.6436
396.67856 220.77724 2853.106
407.56018 275.74243 2838.232
345.54822 207.8923 2796.1738
326.8963 252.55458 2819.3696
313.94778 335.7399 2889.2002
311.19354 413.02023 2832.5454
367.26575 250.78596 2823.5293
364.41766 335.5209 2882.7163
374.7009 408.34708 2868.607
343.30237 119.17557 2737.168
343.98166 163.78 2770.8464
306.91235 165.23505 2767.8828
252.12302 137.42592 2775.6794
206.55467 102.9741 2844.5876
380.97174 162.3281 2773.8103
396.71436 220.69435 2852.0452
407.5664 275.76062 2845.4783
345.48984 208.3491 2796.6016
326.77216 252.94922 2820.711
314.09097 336.26678 2888.4417
311.32178 413.06927 2833.809
367.14526 251.26137 2824.0024
364.51004 335.5956 2889.218
374.96545 410.12952 2862.266
343.12125 118.89898 2747.64
343.62534 163.50252 2773.3477
306.58163 164.70778 2771.3816
251.91225 144.26828 2783.3276
203.26595 116.959274 2856.7412
380.61658 162.29895 2775.3135
397.03006 220.75659 2851.5457
407.54742 275.79636 2840.1318
344.9083 208.08928 2793.276
325.8998 252.73837 2812.1123
313.28958 336.36725 2879.2063
310.635 413.4733 2823.6406
366.43057 251.35086 2814.296
363.77386 336.17377 2876.2803
374.5191 409.84033 2852.6895
342.8478 118.46253 2743.373
343.26645 163.2207 2771.8687
306.20084 164.25507 2771.141
250.55717 152.12793 2790.671
198.9549 130.54663 2862.7625
380.31262 162.1869 2772.5964
396.31876 220.29678 2853.77
406.86224 275.40466 2829.45
344.32626 207.83835 2792.9026
325.09662 252.36745 2813.5325
313.36313 335.40933 2890.247
310.93396 411.30347 2837.5247
365.63797 251.21065 2814.3406
363.67087 335.42502 2885.6323
374.6165 410.16516 2860.747
342.60672 117.50655 2740.7322
342.96335 162.45296 2770.5295
305.87616 163.4669 2769.2078
250.2614 160.56786 2801.3254
197.07559 144.36417 2873.031
380.01514 161.43997 2771.851
395.9279 219.74753 2852.385
406.45828 275.06012 2824.049
344.00018 207.09796 2792.1553
324.74738 251.63414 2813.047
313.9886 335.16287 2885.059
311.04645 411.33484 2836.0679
365.28424 250.47963 2814.5151
364.32523 335.07123 2880.3186
374.92154 409.25684 2861.0212
342.5521 117.52855 2739.251
343.2448 162.46165 2769.0305
306.1387 163.44676 2768.501
256.32043 176.0564 2821.8286
200.13696 172.78133 2856.294
380.3367 161.47691 2769.5603
395.65527 219.0774 2850.5823
406.1424 274.6961 2821.2493
344.233 207.12984 2791.2598
324.92682 251.63983 2813.1948
314.76776 334.97974 2889.2292
311.3037 414.2206 2831.9375
365.48016 250.54466 2813.783
364.871 335.1526 2879.8958
375.47394 409.91043 2859.54
342.39484 116.869446 2749.178
343.1438 161.87273 2773.0857
306.09274 162.88188 2772.6877
257.5176 182.27779 2824.917
201.52979 186.36115 2850.1672
380.18423 160.86388 2773.4836
395.54764 219.02179 2848.7917
406.09192 274.62973 2817.4604
344.20343 206.50346 2790.8694
324.93613 251.12927 2808.4321
313.9217 334.547 2884.017
311.0776 412.87952 2826.4436
365.55994 250.00883 2808.874
364.32928 334.56158 2878.2734
375.36868 408.5021 2858.0786
342.1595 116.61164 2753.143
343.10898 161.66125 2774.7788
306.08316 162.75464 2774.4656
260.63354 188.2999 2829.9646
205.1462 199.23439 2842.0764
380.12643 160.56812 2775.0923
395.5551 219.00468 2849.3975
406.0581 274.58572 2814.9268
344.28973 206.27487 2790.3135
325.12457 251.00041 2805.674
314.0785 333.9353 2889.0708
311.34076 413.86642 2826.3438
365.7877 249.7886 2806.022
364.0884 334.23865 2878.316
375.85574 409.8886 2858.6394
341.8811 116.73471 2756.6245
342.76807 161.6527 2776.7544
305.77484 162.74377 2777.6514
263.8107 194.63486 2837.487
208.7025 210.86662 2824.0366
379.7852 160.56091 2775.8577
395.5584 219.09796 2849.6992
406.03232 274.55252 2813.6287
343.9387 206.24124 2791.1594
324.76083 250.95596 2806.0625
313.64136 333.78238 2890.787
311.0555 412.9899 2830.4368
365.44098 249.78769 2805.0662
364.12363 334.14484 2879.2112
375.22977 409.5976 2861.2847
341.64954 116.496826 2747.362
342.6481 161.52826 2774.3008
305.62576 162.6092 2775.8955
266.4467 200.8595 2843.2444
213.22992 223.20311 2812.8074
379.71304 160.44608 2772.706
395.5628 219.0412 2849.846
406.02145 274.5296 2812.9749
343.7601 206.12733 2793.6304
324.5737 250.67778 2813.8455
313.90442 333.87665 2890.9211
311.29172 412.16028 2839.806
365.1527 249.54881 2812.0745
364.3951 333.42816 2890.2393
375.15118 408.5798 2868.6245
341.07968 116.23279 2762.7488
343.05618 160.9313 2780.4216
306.14444 162.72606 2780.8667
269.78876 205.78595 2846.195
219.26442 233.65736 2812.4072
379.97977 159.13597 2779.9766
395.56927 219.00981 2849.8828
406.0175 274.52795 2810.9268
345.08914 205.40002 2792.9636
326.7826 250.45142 2805.7527
316.27753 334.34726 2876.5786
313.39148 414.39096 2819.421
367.4288 248.4907 2805.2583
366.79495 333.01813 2877.1172
377.83365 409.79056 2850.992
340.22333 116.35607 2770.431
342.8113 160.89229 2782.9988
305.9568 163.16455 2782.6677
273.42264 209.69005 2850.6243
226.30724 242.9273 2808.415
379.6571 158.62057 2783.3296
395.56824 218.99709 2849.9292
406.00104 274.47507 2808.4524
345.4663 205.28967 2792.064
327.77176 250.6591 2800.9456
315.1577 333.76233 2880.634
312.1889 413.7675 2824.9648
368.43387 248.14043 2801.313
365.57367 332.36337 2878.9348
376.19443 409.1538 2858.411
339.68976 116.004585 2765.27
342.6141 160.88643 2781.8474
305.757 163.42363 2780.538
276.35635 213.05708 2853.805
233.38419 251.59367 2810.4414
379.43655 158.35162 2783.1567
395.50214 218.88171 2848.4792
406.0005 274.43918 2809.459
345.57376 205.29558 2794.052
328.22476 250.73773 2805.5295
315.01678 333.5369 2886.6797
311.5125 413.90756 2833.4739
368.78006 247.89992 2806.9836
364.48584 331.70557 2887.899
375.67554 409.2589 2868.331
339.32748 115.98796 2762.1807
342.2604 161.06418 2781.813
305.4165 163.75342 2782.0889
280.95032 212.92563 2855.397
241.67491 253.75606 2785.3584
379.11163 158.37442 2781.537
395.45972 218.8246 2848.236
406.01147 274.4362 2804.8606
345.3543 205.4695 2796.0425
328.1628 250.89862 2810.4253
314.10446 334.08673 2881.6538
311.0245 412.88092 2837.831
368.6732 247.95146 2810.119
364.26706 331.74933 2889.9958
375.2378 409.3122 2864.968
338.55478 115.98508 2770.1416
341.80154 160.92194 2784.9087
305.00763 163.75787 2785.1104
283.23746 216.28181 2855.7065
246.79016 260.35538 2782.2136
378.6008 158.08559 2784.707
395.5116 218.90593 2849.1152
406.01797 274.46875 2802.5828
345.10538 205.26518 2795.919
328.11072 250.81955 2807.0413
314.15298 334.27155 2876.4124
310.98608 413.44672 2830.588
368.65738 247.70146 2806.8174
364.3376 332.1923 2877.7769
375.0413 407.78812 2863.12
337.89572 115.18767 2774.6255
341.2018 160.1741 2786.81
304.4358 163.06996 2786.771
285.361 220.11853 2861.8577
251.8994 267.02026 2780.809
377.96677 157.2783 2786.849
395.52426 219.25325 2850.059
406.7409 274.78348 2801.5828
344.60458 204.48112 2795.7544
327.69928 250.10411 2804.677
314.04398 333.1115 2882.478
310.83972 411.96637 2831.1226
368.27176 246.90706 2804.7205
363.9706 330.9024 2884.2688
374.81488 407.86536 2862.1086
337.0118 116.4037 2776.369
340.64325 161.20282 2787.2214
303.88843 164.15398 2787.6624
287.03882 221.63809 2866.4368
258.01987 271.30457 2785.4905
377.40973 158.25072 2786.7805
395.52985 219.42725 2850.5315
407.14078 275.06436 2800.9404
344.11295 205.4944 2795.1
327.26483 251.15906 2803.2236
314.23212 334.27386 2881.2478
310.71722 414.6556 2830.788
367.86493 247.91467 2802.734
364.1944 332.06207 2880.9932
374.39502 408.5506 2864.6128
335.84042 117.450806 2765.7427
339.88947 162.39674 2784.5046
303.1292 165.72345 2783.8298
288.35187 223.48598 2866.701
262.12772 274.40546 2784.9792
376.6319 159.07167 2785.1794
394.93616 219.31163 2850.2974
407.3447 275.22452 2807.1982
343.78232 206.68416 2797.6748
327.41757 252.39835 2810.4702
315.03937 335.43597 2887.568
311.50955 413.29984 2842.3638
367.8544 248.71523 2811.2197
365.00687 332.41846 2892.3245
374.76968 407.86118 2875.7788
335.29248 117.92338 2761.4224
339.72055 163.02536 2783.7446
302.96954 166.58047 2782.503
290.21115 223.20403 2866.3442
267.78876 275.6204 2792.5073
376.43878 159.47342 2784.9866
393.3549 219.14282 2849.1553
406.7533 275.0037 2806.4358
343.87265 207.29764 2799.0486
327.7989 253.0624 2813.6628
315.32962 336.50607 2882.8855
311.48288 413.64127 2836.7307
368.15042 249.11543 2815.042
365.1301 333.24103 2887.9846
375.53152 409.09988 2869.4753
334.92114 117.81767 2749.7605
339.4445 163.1152 2780.536
302.66702 166.83844 2779.5867
292.08832 220.91345 2863.2688
276.00128 275.54514 2815.8264
376.19687 159.39452 2781.4854
392.38803 219.0792 2851.586
406.4434 274.7742 2803.2886
343.73312 207.38191 2801.1624
327.83905 253.05493 2821.2615
315.1648 336.44302 2887.5867
311.35947 412.3567 2840.364
368.0716 248.94876 2822.316
364.80527 333.02298 2892.949
375.43307 408.40976 2869.1038
335.41907 119.09154 2753.9346
339.81882 164.13867 2781.7104
303.0477 167.78654 2780.1812
292.3346 222.39017 2859.6348
278.71167 278.24796 2814.862
376.5495 160.49483 2783.24
391.8548 218.73038 2850.799
404.52875 274.4916 2794.9116
344.03366 208.40573 2801.2197
328.06024 254.08418 2819.8796
315.57196 338.03204 2877.9685
311.47662 414.75708 2830.4968
368.30804 250.03796 2821.5784
364.84528 334.5663 2884.8186
375.8542 410.67932 2861.6836
335.20074 119.342026 2756.0269
339.71036 164.27402 2783.1838
302.96524 167.99065 2781.6033
293.1212 221.13773 2857.9243
283.73685 277.97452 2814.3188
376.41373 160.56158 2784.7644
391.32172 218.47305 2852.9077
403.55798 274.19342 2801.635
344.01666 208.51799 2802.0376
328.14044 254.23376 2820.0137
314.85773 338.3237 2873.752
311.34232 413.45255 2832.5684
368.3779 250.10864 2821.769
364.63525 334.73438 2883.3267
375.86264 409.09988 2861.3994
335.4069 119.572784 2757.066
339.78214 164.45583 2784.083
303.04767 168.1672 2781.7944
293.65027 220.93138 2855.1958
290.1921 278.4431 2818.2437
376.45627 160.75056 2786.3716
391.15625 218.41586 2849.9634
403.07242 274.00958 2801.354
344.0904 208.68796 2802.796
328.2235 254.40594 2820.2378
315.07086 338.49423 2874.339
311.34305 414.1741 2831.933
368.44144 250.26268 2822.7795
364.34814 334.64474 2887.5889
375.92404 409.5198 2862.6067
335.1875 118.96606 2759.5881
339.4659 163.9321 2785.1746
302.74872 167.66518 2783.5208
294.7 221.58885 2855.884
293.7194 279.2133 2809.896
376.13953 160.20345 2786.8286
391.1618 218.39136 2848.9827
402.83234 273.9077 2801.0964
343.8069 208.15434 2803.0415
327.96906 253.89133 2819.9897
314.7762 338.22507 2870.1409
311.2094 412.5566 2832.6006
368.20358 249.74283 2821.827
363.94916 334.2486 2885.2468
375.51663 408.10315 2863.3484
335.07803 118.65615 2758.8347
339.28125 163.66467 2785.3713
302.5679 167.40596 2784.0664
295.26816 221.51314 2854.4082
295.39655 279.32047 2807.7715
375.96024 159.92686 2786.676
390.97437 218.44594 2843.97
402.49527 273.6619 2801.9666
343.62564 207.88373 2803.5845
327.79547 253.60497 2821.073
314.54413 337.8271 2872.5635
310.76865 414.38647 2827.5051
368.02206 249.46007 2822.5222
364.23178 334.0768 2884.18
375.06116 406.76715 2868.8398
335.5439 117.93407 2757.9592
339.63577 162.91957 2785.4053
302.91934 166.62704 2784.0444
295.47702 221.1996 2852.022
295.8103 279.0146 2800.046
376.31635 159.2157 2786.7659
391.23492 218.25589 2839.4763
400.25034 274.03894 2806.4321
343.93134 207.14365 2804.23
328.05844 252.83244 2822.299
314.85446 337.0791 2873.154
311.1688 412.7144 2832.4534
368.27008 248.72453 2823.8103
364.81226 333.48373 2882.9114
375.50638 407.28772 2867.3647
