471.45117 120.2916 2895.7527
469.51917 176.18214 2910.307
440.99792 176.73694 2931.2083
433.86606 226.07887 2975.572
430.6358 274.43674 2908.6223
498.45303 175.61931 2889.4053
503.1533 219.84282 2955.0408
516.56604 267.00558 2897.3408
469.3499 215.45784 2924.643
450.8562 254.3487 2952.508
451.14584 330.88562 2995.849
448.58124 396.77325 3105.381
487.6779 254.35204 2925.4504
485.24133 331.22946 2968.3096
477.16125 403.08725 3094.2034
471.31223 120.128174 2896.6052
469.49167 175.96945 2909.799
440.97247 176.50034 2931.6606
433.81058 225.894 2976.0747
429.93686 274.60165 2912.9016
498.44266 175.43054 2887.9375
503.30026 219.611 2955.3303
515.7366 267.15186 2886.0378
469.25842 215.3541 2925.0662
450.57715 254.29514 2954.5889
451.22284 330.98972 2995.129
448.31256 396.69458 3107.2175
487.65778 254.36465 2926.0776
485.18274 331.23114 2969.212
477.1409 403.0173 3094.673
471.27008 119.87982 2896.002
469.51132 175.95732 2909.7937
440.9614 176.39609 2932.8547
433.77664 225.74051 2976.7
429.9707 275.8537 2905.9878
498.5174 175.51154 2886.7327
503.6732 220.07771 2951.2517
518.8576 266.2271 2872.9766
469.13635 215.34122 2925.0217
450.22665 254.20197 2955.342
451.28915 331.0893 2993.9321
448.0631 396.76584 3107.4727
487.49515 254.43355 2925.1575
485.18964 331.23074 2970.1245
477.02493 403.00534 3095.9202
471.1738 119.82278 2895.5298
469.52286 175.89642 2909.691
440.9253 176.29019 2932.1409
433.46674 225.94647 2977.0872
429.988 275.93237 2891.014
498.5652 175.49655 2887.241
503.75073 220.717 2954.9224
519.3091 265.4393 2869.1536
469.11 215.14398 2923.7964
450.14108 253.88199 2952.5767
451.21863 331.1628 2994.4697
448.3148 397.17447 3105.5088
487.44736 254.14864 2923.2268
485.17236 331.0754 2970.012
477.0094 402.9003 3097.396
471.1674 119.95749 2896.0364
469.48618 175.7846 2909.905
440.88965 175.92264 2930.4949
433.1457 225.82013 2977.6267
430.094 276.03827 2884.4448
498.49026 175.64459 2889.3152
503.9843 221.59583 2957.7432
520.89655 262.92178 2876.5864
468.79712 214.11398 2921.435
449.15756 251.8778 2946.6936
451.24802 332.08875 2994.71
448.54382 398.6092 3097.5164
487.2477 252.40872 2919.2366
485.2222 329.87683 2967.346
476.93497 401.31335 3094.1245
471.0813 119.88148 2896.7915
469.5048 175.59895 2910.6177
440.96442 175.7558 2931.339
432.93893 225.2354 2978.9958
431.01028 276.29755 2890.2463
498.45444 175.43985 2889.896
504.33014 221.84682 2958.4363
520.5913 263.90518 2871.9038
468.84155 214.12088 2921.8853
449.3338 252.09203 2946.9158
451.2829 331.5121 2992.796
448.68997 398.02805 3098.6072
487.2108 252.60405 2919.3901
485.324 330.18256 2967.766
479.02188 388.69888 3059.6406
470.95633 119.827545 2897.0527
469.52646 175.4616 2910.6733
440.99588 175.55943 2931.8413
433.01895 225.22643 2979.755
430.9846 276.20706 2862.657
498.47504 175.36232 2889.5056
504.53543 222.25826 2959.5615
521.329 262.70566 2878.743
468.77155 213.66554 2922.2073
449.07184 251.26898 2947.8838
451.34763 331.59973 2989.4214
448.93484 398.01797 3096.874
487.15695 251.87213 2919.5986
485.2572 329.65616 2967.8105
478.32153 392.52832 3061.7068
470.82968 119.92101 2897.506
469.44876 175.44284 2910.7888
440.8959 175.49144 2933.025
432.85843 225.07074 2981.262
430.98224 276.22623 2868.2285
498.44122 175.3935 2888.5525
504.67334 222.77808 2961.2983
522.3283 263.27985 2878.6084
468.57373 214.46806 2923.547
448.94775 252.79886 2951.0105
450.978 333.4169 2988.727
446.61905 399.09705 3122.0566
486.65375 253.51305 2921.6003
485.2194 328.16263 2968.3933
478.2659 391.80792 3064.8176
470.6058 120.02903 2897.975
469.40994 175.59998 2910.813
440.8466 175.75409 2935.317
432.7116 225.00145 2983.042
432.06354 275.13208 2861.7253
498.45828 175.44324 2886.309
505.043 223.02725 2959.8203
525.4355 262.37842 2851.8918
468.6698 214.19957 2923.0967
449.3747 252.1591 2951.3977
451.10242 332.97354 2987.73
446.7678 398.431 3121.8372
486.70065 252.79662 2919.363
484.98264 329.60852 2971.7407
478.1755 394.25095 3069.531
470.44193 120.10235 2897.8376
469.3458 175.69995 2911.1416
440.8273 175.56177 2950.2869
432.61923 224.46846 2998.3403
431.5336 275.02737 2872.5708
498.64172 175.8419 2871.9963
505.83603 223.65837 2945.344
529.76215 259.25858 2845.9841
468.0705 214.32106 2937.2556
447.11923 251.46342 2990.812
450.8637 332.7233 2973.3345
446.60623 398.37408 3108.1301
486.88437 253.07445 2935.9272
484.81406 330.34113 2990.1921
478.1725 395.10712 3087.6145
470.2646 120.177414 2897.8167
469.23068 175.74797 2910.9307
440.58383 175.82588 2947.1006
432.30637 224.63513 2996.2673
431.07828 275.81827 2868.0945
498.59842 175.66809 2874.7605
514.7429 220.72307 2928.3398
539.5916 255.10378 2821.6692
468.2364 214.53552 2934.2905
447.9612 252.12611 2982.3267
450.74033 332.4077 2977.9785
448.2099 398.25943 3097.8572
486.87906 253.30449 2932.9744
484.4872 331.19107 2989.662
478.22568 396.81006 3087.4285
470.11362 120.25047 2897.6807
469.03113 175.7981 2911.4504
440.37582 176.08275 2942.748
430.90366 224.687 2997.235
430.16388 276.37106 2864.9434
498.3092 175.50728 2880.1526
522.0807 218.23836 2911.0405
552.11505 245.22475 2810.3767
468.34662 214.50604 2930.388
448.74283 252.36435 2970.2024
450.91837 332.5937 2982.9749
448.21072 398.80402 3101.7646
486.8688 253.07445 2928.4485
484.17532 331.60538 2987.1462
478.1979 397.38376 3085.2307
470.01654 120.31553 2897.7107
468.6683 175.87024 2913.892
440.12485 176.29805 2940.6626
430.09616 224.77148 2996.13
429.86234 273.58804 2855.0454
497.7411 175.43451 2887.1218
518.8374 210.32549 2946.41
558.1128 229.91069 2796.3535
468.25653 214.39934 2928.8726
449.01593 252.35803 2961.6467
451.54843 331.0886 2968.1917
447.0577 389.88715 3088.9336
486.91098 252.71675 2926.059
484.08673 331.23413 2985.086
478.1997 397.30896 3085.195
469.9672 120.30408 2897.2039
468.50888 175.71783 2913.4128
439.95026 176.2316 2937.8782
429.67114 225.04588 2995.178
427.42136 274.276 2857.2688
497.5512 175.19536 2888.9475
522.70935 207.71368 2940.2725
543.92596 206.14084 2844.665
468.2599 214.39401 2926.9053
449.36606 252.63205 2956.4756
451.11578 331.76694 2977.9043
447.30527 393.50848 3093.7734
486.86536 252.7994 2924.3198
483.8077 331.76035 2985.5144
478.37424 398.1543 3085.2363
469.9041 120.30207 2896.9456
468.11014 175.6387 2913.0942
439.386 176.29433 2934.1182
428.48566 225.21632 2989.819
427.40796 274.4016 2853.0337
497.25192 174.97356 2892.0703
527.7519 203.62703 2938.871
546.2078 197.93518 2870.1763
468.10727 214.3794 2925.94
449.6242 252.84758 2952.3962
450.7862 332.20386 2981.6501
447.77936 395.9898 3097.2222
486.75662 252.7146 2925.1753
483.50958 331.83624 2988.1604
478.40747 398.47784 3086.664
469.72974 120.297806 2896.6162
467.71893 175.12784 2917.0393
439.3041 175.83406 2934.4695
427.37793 227.32248 2969.5896
428.039 276.38852 2853.9739
496.47534 174.41312 2899.6094
532.27234 200.79898 2938.668
549.80524 186.75397 2852.5588
467.8878 214.23451 2927.953
449.66617 253.20822 2950.2063
450.81332 332.38138 2980.4705
447.5514 396.2254 3100.0056
486.58716 252.892 2927.5264
483.2343 332.0542 2992.5786
478.483 399.10013 3090.382
469.67377 120.341965 2895.5618
468.0296 174.99765 2915.4307
439.51495 175.59018 2932.5142
428.0231 227.82143 2957.6829
428.03467 276.46072 2865.617
496.88043 174.39812 2898.3472
538.9314 195.89124 2920.725
537.4172 192.64314 2862.5479
468.01703 214.32849 2927.215
449.6568 253.4315 2950.0576
450.78342 332.3758 2981.0945
447.51852 396.05072 3101.5771
486.49097 253.25566 2927.9412
482.7343 332.75482 2999.6628
478.60153 399.98578 3091.6448
469.62225 120.50493 2895.3333
467.95203 174.54916 2916.7935
439.60577 175.09625 2931.2598
428.3948 226.58714 2963.7788
427.57285 274.39005 2859.8735
496.58084 173.99661 2902.327
538.23474 188.37599 2912.4255
561.0572 150.78383 2810.8298
467.9404 214.20474 2927.7314
449.6179 253.66661 2948.068
450.86874 332.54294 2980.7136
447.55536 396.21936 3101.844
486.3574 253.46295 2929.271
482.6137 333.32327 3002.6973
478.654 400.44263 3093.6729
469.55615 120.63107 2894.4863
467.8295 174.06519 2916.9294
439.65738 174.58696 2929.426
429.208 226.49504 2957.4253
427.25894 272.96027 2851.4343
496.24405 173.53893 2904.4326
539.6201 184.89182 2911.4973
560.56586 137.92406 2837.31
467.85144 213.86966 2926.75
449.65265 253.52646 2944.695
450.9072 332.92657 2980.2324
447.64645 396.91956 3102.2378
486.19492 253.2887 2928.446
482.7727 332.95032 3001.3242
478.6574 400.52496 3094.6152
469.3747 120.81279 2893.7888
467.7022 173.38588 2918.22
439.55338 173.90656 2929.7024
429.20123 225.46309 2962.9731
427.539 273.46185 2844.238
496.07346 172.86108 2906.7375
540.00165 182.20612 2913.6824
555.7908 132.89719 2885.1477
467.78046 213.58879 2926.906
449.65665 253.6873 2943.0503
450.8719 332.98233 2978.764
447.84348 397.91156 3097.9153
486.15253 253.4196 2928.1335
482.81195 332.89847 3001.1587
478.63968 400.7868 3096.6362
469.2186 120.89385 2893.6401
467.6173 173.15488 2915.5422
439.38315 173.70306 2925.2979
429.3868 225.09547 2965.458
430.32346 274.78696 2852.1846
496.0411 172.603 2905.7864
540.36414 176.36665 2920.5535
554.75006 126.821884 2892.0364
467.74435 213.32758 2924.8113
449.74747 253.42688 2940.3745
450.87024 333.20047 2976.3325
448.62067 399.95755 3095.1587
486.0716 253.06525 2927.7861
482.6776 332.62152 3002.5564
478.53055 400.73312 3099.185
469.10565 121.16078 2893.876
467.89038 171.67776 2911.661
439.89685 172.09444 2919.9019
429.98843 224.06577 2959.6575
431.53928 274.59677 2854.1985
496.04282 171.25873 2903.42
541.03143 175.97548 2915.3406
554.90765 122.93269 2933.3115
467.82608 212.27966 2921.7104
449.80005 252.72401 2937.0789
450.7339 332.893 2973.0674
448.7147 400.3209 3092.9177
485.78973 252.48195 2926.441
482.21725 332.3908 3007.539
478.45078 400.95334 3101.8708
468.97296 121.26832 2892.7773
467.9587 170.40717 2910.71
440.07272 170.77647 2918.6606
430.08005 223.86026 2958.0098
431.67166 273.3975 2845.6218
495.99744 170.03584 2902.759
543.12646 170.14291 2906.8555
559.2891 127.1838 2923.8933
467.88214 211.1916 2919.383
449.6738 251.83049 2933.252
450.65918 332.48447 2969.484
449.65564 402.49026 3080.1807
486.00272 251.638 2922.8604
482.1959 331.41205 3005.0151
477.85092 400.24734 3103.8198
468.85666 121.46913 2892.9285
467.70755 170.06895 2912.1348
440.21167 170.29561 2911.653
431.0737 223.33385 2945.8591
433.95758 276.0136 2834.1802
495.19434 169.84238 2912.6167
542.70264 166.53566 2924.051
558.6436 123.648346 2937.0027
467.97208 209.70172 2913.6575
450.5149 249.44762 2914.8691
453.10388 333.10965 2958.729
449.7776 399.5084 3060.928
485.954 249.13858 2915.491
482.42627 329.28323 2994.4224
477.7205 395.75018 3086.3997
468.79593 121.71795 2892.9375
467.40262 169.10812 2910.6555
440.46536 169.31169 2906.5186
431.62323 222.72934 2940.072
434.43936 275.89355 2833.01
494.26346 168.90512 2914.7925
542.29486 166.74646 2929.5593
561.0575 123.84726 2978.6387
467.84363 208.94841 2910.758
450.60754 248.99391 2908.144
452.45584 334.214 2962.2986
449.71503 403.13202 3070.8572
485.92874 248.57825 2913.577
482.64627 329.0904 2990.8032
476.935 400.5043 3089.7458
468.80188 121.80978 2891.4172
467.3843 168.73294 2908.826
440.28058 169.02737 2907.7847
431.98523 222.36368 2940.9048
436.02295 274.3015 2837.4688
494.46866 168.4387 2909.8674
541.40015 165.9706 2932.8235
562.256 125.16326 2992.063
467.7075 209.12753 2911.7412
450.639 249.64879 2913.9868
451.9131 333.539 2965.5513
449.39023 399.92166 3067.009
485.41302 249.23393 2915.326
482.3005 330.48053 2995.569
476.76175 401.3093 3093.6821
468.78464 121.90478 2888.8687
467.56033 168.09737 2906.2722
440.40298 168.3305 2906.495
432.8063 221.38902 2934.803
437.13538 274.56152 2824.6438
494.72183 167.8642 2906.0496
540.826 165.77852 2935.6406
562.4062 127.103775 3001.1929
467.66812 208.63069 2910.8608
450.5532 249.18034 2915.591
451.95023 332.2903 2961.4224
444.6031 394.46863 3129.0715
484.99963 248.8925 2915.3076
482.35712 331.23068 2997.6
476.87048 402.15414 3095.9978
468.6363 122.09126 2887.39
467.90536 167.24013 2903.3044
440.7796 167.34093 2903.2964
433.2664 220.65047 2931.638
437.13156 273.96994 2823.083
495.03098 167.13933 2903.3125
540.56104 164.40388 2938.706
563.5811 129.50182 2986.346
467.77356 208.30621 2908.8926
450.31482 249.27934 2914.4756
451.7714 332.1724 2963.4307
444.97235 394.87225 3124.7056
484.96957 249.15028 2914.4858
482.50986 331.57877 2998.985
477.13492 401.21124 3097.94
468.40643 122.220985 2886.373
468.141 167.01439 2902.1887
440.93503 167.0233 2899.2432
433.62476 220.37659 2926.767
436.3393 274.005 2813.0579
495.29178 167.00551 2905.1343
540.18036 163.83727 2942.7417
562.7513 131.46786 2988.3608
468.02417 208.39622 2906.575
450.5327 249.71268 2909.0737
451.54825 332.4345 2965.6228
445.2778 395.0479 3121.7378
485.26016 249.59413 2912.8486
482.64148 331.62628 2999.2053
476.55432 398.8545 3102.19
468.30942 122.13173 2885.487
468.14902 167.20297 2902.9365
440.5893 167.30647 2900.968
433.64737 220.18575 2925.054
436.93567 275.3324 2834.4617
495.6714 167.09962 2904.905
540.4652 163.82938 2941.429
565.57245 132.5913 2968.311
468.1621 208.84175 2906.9639
450.74225 250.46648 2909.7422
451.24472 334.58823 2969.5947
445.49448 394.95767 3119.1516
485.5931 250.26425 2912.2402
482.7914 331.91614 3000.8037
476.8569 400.75797 3107.3716
468.42365 121.987686 2884.302
468.23218 166.97214 2901.6226
440.51157 167.51903 2902.2798
433.43182 220.6853 2928.1067
436.7251 274.8675 2829.624
495.96533 166.42499 2900.965
540.6083 162.92368 2939.1326
566.3606 131.92757 2981.9255
468.65677 209.37602 2909.2993
452.2779 251.87657 2917.3767
451.07654 336.4352 2968.149
447.97513 396.87714 3088.2449
485.88495 251.23677 2916.5757
482.94662 332.43945 3007.1636
476.9657 401.45593 3113.8306
468.4662 121.82792 2883.3118
468.29678 166.57376 2900.118
440.51535 166.9899 2899.2874
433.3118 220.5576 2926.9631
434.5396 273.62415 2839.1418
496.06235 166.15787 2900.9482
540.63617 162.9881 2940.2607
565.2617 132.47223 2967.4958
468.55173 208.80136 2907.8892
451.68655 251.07512 2915.146
451.44473 334.9307 2963.2046
448.46683 398.8047 3086.4207
485.91803 250.53265 2916.175
483.01166 331.51743 3007.786
477.14838 400.38043 3118.9807
468.55917 121.77049 2882.273
468.40445 166.48076 2898.5508
440.23615 166.85677 2903.9592
433.01993 220.52957 2933.0945
433.4803 273.94547 2821.3806
496.6781 166.10335 2893.142
541.24 162.64061 2933.3713
564.4392 131.09639 2979.2917
468.10336 208.17714 2913.6707
449.7162 249.58524 2932.2979
452.05057 335.79855 2950.752
448.54483 400.16882 3077.9277
485.93796 249.30042 2925.2832
482.89044 330.4034 3017.5388
477.26263 398.9056 3126.9792
468.71082 121.821045 2881.3237
468.56558 166.31491 2897.0107
440.4215 166.70294 2899.2622
433.15857 220.27972 2928.3796
434.2878 273.65955 2837.538
496.75345 165.92627 2894.7593
541.09436 162.80064 2935.6174
564.077 130.24866 2974.7712
468.4381 208.15662 2909.9023
450.51743 249.83365 2924.2297
452.1854 336.3113 2958.408
448.49435 399.7756 3081.7363
486.12354 249.42458 2921.3582
482.90396 330.9979 3013.8545
477.24442 399.52658 3129.2466
468.8248 121.93467 2881.1196
468.6257 166.1919 2896.1082
440.55255 166.56056 2896.5225
433.20383 220.08626 2925.8987
433.54694 274.36725 2832.422
496.70685 165.82312 2895.694
540.88806 163.01834 2935.2837
562.628 129.03856 3003.9744
468.55533 208.045 2907.9993
450.7155 249.78305 2920.1545
452.20367 336.43234 2962.9724
448.48102 400.23325 3084.4348
486.25873 249.33136 2919.626
483.3672 329.63275 3008.5605
477.19217 399.8393 3127.7598
468.8051 122.02686 2881.1863
468.60532 166.25658 2896.995
440.46335 166.71222 2899.0007
432.98685 220.0177 2929.52
433.59186 271.63016 2826.682
496.78632 165.80031 2894.9895
540.8997 162.86374 2932.966
560.469 128.51314 2994.5273
468.59985 208.19055 2909.551
450.69577 250.01718 2923.3933
452.01947 336.47186 2965.286
448.43707 401.53482 3082.8577
486.50888 249.51088 2920.8206
483.48856 330.1363 3009.704
478.30576 388.66037 3098.8345
468.89722 122.04199 2880.5088
468.48572 166.22632 2897.914
440.4197 166.67068 2899.0369
432.98938 219.98007 2927.2632
433.102 272.9443 2831.214
496.57352 165.78159 2896.791
540.3334 162.6576 2934.4236
558.1031 128.5675 2995.4395
468.56784 208.10832 2908.74
450.6236 249.94438 2920.2925
452.39398 336.92947 2966.2373
448.4959 402.43323 3084.1775
486.68402 249.41495 2918.8396
483.52246 330.3946 3008.4392
478.01035 387.9343 3096.718
468.97934 121.90455 2879.6172
468.44858 165.93661 2898.6475
440.2139 166.44963 2901.0764
432.67432 219.7219 2928.5867
432.1165 272.32486 2825.4773
496.73065 165.42273 2896.2185
540.27515 162.15585 2933.7078
557.9644 122.417404 2995.9385
468.6068 207.96983 2909.3928
450.42813 249.98132 2921.7268
452.3349 336.82922 2963.3638
448.3607 402.32208 3082.811
487.11957 249.40578 2918.5496
483.83347 330.32773 3009.9548
478.0076 393.62518 3106.641
469.02292 121.643814 2879.153
468.52972 165.63777 2899.082
440.46466 166.13931 2899.336
432.69727 219.70561 2926.0212
433.4448 272.26413 2821.3823
496.59967 165.13614 2898.8284
539.6808 161.21585 2936.698
558.1522 113.83467 3004.8948
468.70383 207.50865 2910.1272
450.3109 249.38985 2921.3416
452.0702 335.84613 2962.494
448.35876 402.32892 3082.8286
487.44446 248.7359 2921.0032
483.91 330.51044 3009.2239
478.12564 395.0832 3106.189
469.13306 121.68788 2879.7456
468.7377 165.4712 2899.6746
440.65952 166.02026 2899.3896
432.46 219.52104 2926.933
432.5203 272.76575 2835.8225
496.81033 164.92224 2899.9595
537.44183 158.64622 2956.1543
558.2612 121.43274 3040.0105
468.91193 207.33174 2912.273
450.43344 249.20181 2924.6804
452.01807 335.46313 2960.9714
448.37408 402.4569 3081.6238
487.73343 248.46155 2925.062
484.05795 330.37823 3011.991
478.08044 395.7785 3108.3186
469.3749 121.68805 2880.4177
469.67627 164.88464 2898.054
442.48315 165.178 2895.392
432.38635 219.31046 2927.5334
432.71918 271.54922 2820.8962
496.81952 164.59184 2900.7156
536.3866 157.00688 2964.6443
583.3515 81.72152 2885.703
469.45184 206.84012 2912.1038
450.55496 248.64687 2924.3074
452.39368 329.2206 2950.1648
448.31332 401.21088 3081.603
487.88068 248.13885 2927.9998
484.2465 329.6152 3012.0547
477.47876 397.62512 3112.2295
469.72443 121.63467 2880.0332
469.31396 164.63818 2899.1384
441.67023 165.06218 2896.047
432.3104 218.42384 2929.6133
433.05933 271.1974 2828.3699
496.89883 164.21507 2902.2297
536.49316 155.95718 2965.1602
566.04675 94.03227 2962.0298
469.30338 206.46577 2912.8547
450.58124 248.24846 2924.458
453.31436 327.00104 2941.2705
447.0786 387.77448 3062.6765
487.97757 247.55464 2928.684
484.60056 328.5621 3009.7478
478.1401 398.7613 3111.0583
470.01495 121.4757 2881.02
469.54816 164.7684 2898.4717
441.96194 165.09833 2896.1997
433.34982 216.37933 2937.6274
432.89615 272.39893 2834.8267
497.09116 164.439 2900.7437
538.3716 152.38377 2960.4387
564.9698 86.48685 2982.095
469.37137 206.43018 2912.3364
450.54813 247.96416 2924.6504
454.16086 325.76706 2926.3164
448.1892 384.585 3046.8206
487.82468 247.43044 2927.7522
484.61234 327.14105 3007.1687
478.95938 397.07138 3103.8147
470.23267 121.45359 2882.4653
469.5468 164.79543 2898.5984
441.88892 165.15598 2896.2656
434.2732 215.57497 2941.6914
433.23563 271.85477 2845.0034
497.1602 164.43546 2900.9312
540.2936 149.31038 2960.059
562.2113 85.96527 2985.88
469.43762 206.34047 2912.0227
450.75726 247.79108 2923.8655
453.87708 325.0069 2926.227
450.5962 387.7846 3033.885
487.88162 247.21771 2927.0283
484.87262 327.18387 3004.344
478.8492 396.66086 3103.7405
470.63608 121.27729 2884.4265
470.52643 164.80444 2897.993
443.38757 164.86769 2894.9539
434.59793 214.35336 2943.6907
432.57227 271.9169 2850.1052
497.6084 164.74132 2901.0317
542.0722 148.56323 2958.0415
559.6837 84.740875 2973.1013
469.98373 206.23282 2911.485
451.01926 247.38072 2922.894
453.68686 324.25497 2926.0544
449.8337 386.9784 3034.837
487.84668 247.17741 2927.0605
485.34973 326.84747 3002.3838
479.3144 395.14658 3095.7803
471.05237 121.20966 2887.083
471.1617 164.9448 2898.2957
444.3365 164.83171 2894.6787
434.83328 214.10535 2945.1396
432.508 271.38477 2842.286
497.92007 165.0576 2901.9126
542.6122 149.0028 2954.9683
557.9307 81.253784 2957.5576
470.36273 206.12463 2911.7583
451.2919 246.91817 2922.7327
453.33093 323.7997 2925.2717
450.63455 387.59436 3030.708
487.81918 246.93268 2927.7092
485.53357 326.93787 3001.3364
479.4295 394.83194 3088.1191
471.19162 121.23876 2890.009
471.60648 165.63583 2901.7112
445.23993 165.42528 2899.9822
435.2227 213.37675 2946.1836
432.3359 270.6437 2836.873
497.94162 165.84615 2903.4402
542.5157 150.02048 2953.2466
553.445 80.54855 2916.8328
470.7664 206.26295 2912.4504
451.8735 246.48042 2921.9966
453.04156 324.21262 2930.4607
450.764 391.24615 3047.7087
487.97668 246.70264 2924.3828
485.7581 326.5395 2997.0374
479.19955 394.86627 3082.3076
471.15317 121.26447 2890.5215
471.50388 165.37878 2901.658
445.11243 165.19754 2899.501
434.64877 214.14365 2942.9622
433.02335 269.45227 2843.2708
497.8561 165.55975 2903.815
542.20245 149.96785 2950.3572
552.86005 80.56642 2894.9062
470.763 205.86765 2911.6167
451.9574 245.9975 2920.0881
452.9837 323.6967 2929.5479
450.57648 392.97626 3047.8289
488.07855 246.16338 2923.0627
486.4089 326.1699 2991.6865
479.17603 394.91803 3080.3757
471.38974 121.303314 2890.7317
471.38855 165.49733 2902.6687
445.2671 165.0287 2895.9172
434.68005 214.38028 2937.4028
433.81943 271.52728 2827.8384
497.38876 165.96378 2909.42
540.7778 151.89857 2945.732
551.64215 80.26658 2858.9448
470.6192 205.53244 2907.8992
451.89816 245.22978 2908.4697
452.89307 323.44162 2934.2415
450.82715 391.65222 3048.5815
487.7498 245.61716 2917.7896
486.75854 325.93835 2982.83
478.9772 394.6963 3074.0222
471.9946 121.03792 2890.6133
471.1258 165.25278 2904.3948
445.2334 164.71478 2895.8438
435.25223 214.0564 2938.8162
434.55615 270.43842 2812.2253
496.86618 165.78761 2912.9456
540.37225 155.23753 2933.8997
551.4983 81.85681 2812.5896
470.46133 205.58972 2907.1646
451.97214 245.64337 2904.0315
452.91656 323.5894 2935.5603
451.15002 391.448 3048.4863
487.552 246.05556 2915.8372
486.88376 326.1453 2980.7913
478.18997 401.21967 3066.1401
472.19022 121.00852 2888.8374
470.80875 165.21678 2905.3088
444.59863 164.8771 2899.6414
434.87152 214.60088 2939.3684
435.92407 270.0606 2829.6562
496.9168 165.55515 2910.9763
541.5301 157.99281 2923.268
552.73096 86.02822 2775.8696
470.26328 205.6455 2909.4773
451.81705 245.83429 2909.7617
452.74524 323.71817 2933.7935
450.85953 390.5401 3045.9216
487.57397 246.08238 2917.53
486.52133 326.4497 2986.0735
478.59567 397.5216 3072.7004
472.4056 120.856445 2887.7373
470.5536 165.13124 2905.565
444.26193 164.98131 2900.883
434.69266 215.09161 2939.1907
434.79855 269.38403 2830.5125
496.76065 165.28067 2910.2466
542.28503 158.76193 2915.234
555.35535 91.1363 2739.2942
470.23303 205.5913 2910.2756
452.19046 245.90742 2911.8186
452.6379 324.24347 2932.878
449.40756 387.9473 3048.8384
487.59805 245.93373 2918.154
486.32343 326.43866 2987.9395
478.89526 396.19836 3075.9133
472.5496 120.91515 2888.0718
470.4361 165.25592 2906.449
444.21655 165.1817 2902.4065
435.2 215.4062 2942.1162
436.35907 269.80148 2839.9177
496.58286 165.32991 2910.4912
542.71796 159.60121 2910.6997
561.45123 95.46926 2689.646
470.2326 205.67479 2910.7668
452.30646 245.99976 2912.343
452.5892 324.42145 2931.8557
448.94952 386.69388 3046.8948
487.7197 245.94815 2917.8267
486.14178 326.88403 2988.7327
479.0939 395.75522 3077.1091
472.63504 120.92428 2889.4492
470.3545 165.19778 2906.4355
444.2068 165.1813 2902.756
435.0474 215.65833 2941.1365
436.0789 270.8656 2831.86
496.4361 165.21422 2910.1147
543.81287 162.88023 2906.9355
565.3492 103.016846 2658.5967
470.20834 205.74574 2911.0981
452.3201 246.22247 2913.2554
452.48483 324.2561 2930.1738
449.55444 387.75113 3045.111
487.77478 246.10567 2918.2664
486.1965 327.21085 2988.0452
479.09097 395.49243 3076.4377
472.57217 121.00104 2889.9238
470.28494 165.72327 2906.4702
444.38858 165.89342 2905.0032
435.65253 216.59564 2940.8735
436.4976 270.74048 2823.643
496.1552 165.5533 2907.9373
544.8542 165.382 2906.943
569.97394 110.670975 2638.9385
470.29648 206.29482 2912.2615
452.74442 246.84845 2917.0537
452.25198 323.99615 2929.5886
449.4661 387.85947 3044.2954
487.85944 246.56229 2919.0518
486.46298 327.70068 2987.3142
479.15277 395.60782 3075.93
472.4964 120.868965 2890.2544
470.28726 166.32901 2906.1753
444.2928 166.43347 2904.399
436.0677 217.21812 2938.7915
436.54922 269.15997 2829.5432
496.25 166.22467 2907.9517
545.5902 170.48065 2901.1802
577.00635 125.37534 2605.8667
470.24503 206.48404 2911.1787
452.7325 246.60445 2914.984
452.35376 324.453 2932.432
449.67188 388.48303 3046.3892
487.65906 246.39821 2917.3804
486.1755 328.45654 2983.4329
479.4443 396.647 3069.9949
472.3338 120.933426 2891.018
469.24866 168.01837 2909.2466
441.60162 168.57104 2910.6973
436.38235 218.92975 2938.6199
436.98663 271.12253 2837.8218
496.92325 167.46516 2907.7961
548.28827 174.37961 2897.9172
582.5681 137.49615 2603.7024
469.77057 207.5495 2913.6597
453.19418 247.27849 2918.9722
452.47516 325.52704 2933.1667
449.7704 389.57584 3047.1414
487.39813 246.64343 2917.173
485.96753 328.54544 2981.406
479.45395 396.7644 3067.7505
472.09952 120.975784 2891.6702
469.41486 168.78223 2907.798
441.8496 169.36993 2910.9714
436.13647 219.5601 2940.418
436.27432 271.93274 2834.2922
497.04037 168.19322 2904.6245
546.0347 179.37558 2895.2314
587.94464 157.05325 2589.5938
469.84 207.89957 2914.218
453.25586 247.15504 2922.6038
452.46463 325.7564 2931.8015
446.8686 389.66882 3070.6675
487.29355 246.53444 2918.6724
485.74924 329.04062 2983.671
478.42612 396.7469 3087.502
471.76266 121.205864 2893.3682
469.55368 169.39445 2907.6074
442.0794 169.85826 2910.8274
436.0581 219.7328 2942.1562
435.40454 274.93573 2829.5237
497.08893 168.92963 2904.3872
545.7089 183.58882 2895.5146
590.2925 177.77103 2596.161
469.80093 208.37447 2914.0532
452.93497 247.41766 2922.5127
452.66196 326.0923 2932.1675
448.49048 390.59286 3058.2222
487.18274 246.9468 2918.4854
485.7692 328.06097 2983.8743
478.7976 395.8749 3079.3467
471.53134 121.30901 2894.5977
469.77478 169.74976 2907.6697
442.3623 170.15268 2911.9329
435.96768 219.90932 2943.357
435.55023 276.57022 2838.5842
497.26776 169.34563 2903.4065
521.7826 194.79428 2977.28
551.208 189.72977 2802.0173
469.8834 208.39832 2914.6519
452.75464 247.04453 2924.3262
452.79892 325.98334 2931.1555
449.2439 390.7369 3052.7827
487.26013 246.67946 2918.942
485.85394 327.7578 2983.3066
478.99167 395.7617 3076.4463
471.30157 121.1486 2894.3076
470.14536 170.36852 2907.9626
442.87302 170.62558 2912.5095
434.88882 220.87881 2956.4565
434.2101 277.71832 2857.094
497.5031 170.11064 2903.416
521.59485 194.81052 2979.0847
550.7476 197.2031 2820.8335
470.01636 208.51987 2915.4705
452.6819 246.56244 2925.8599
453.44733 324.62332 2927.2673
449.6222 391.27026 3051.06
487.12814 246.38782 2920.0964
485.69238 326.59335 2983.1948
478.82605 394.5886 3075.7693
471.0571 121.1594 2894.1797
469.86444 171.36842 2910.5117
442.1156 171.50056 2913.2363
435.25244 224.75735 2961.1084
434.45303 277.6952 2848.1191
497.66528 171.23604 2907.787
524.3144 199.66023 2958.17
547.5504 193.39311 2815.4956
469.55728 210.57874 2919.0007
452.90872 249.59639 2929.1033
453.43063 328.07468 2935.059
450.09256 394.2079 3056.0293
485.61307 249.52686 2925.8765
485.6749 324.12167 2977.6902
480.14615 390.68906 3052.1484
470.9457 121.18992 2894.1614
470.0031 172.0863 2909.628
442.17017 172.31935 2914.3308
435.51785 224.9144 2959.788
434.51407 277.84723 2847.309
497.92618 171.8525 2904.9253
526.0817 202.79572 2943.981
575.0183 248.30537 2717.2998
469.7693 210.74556 2918.698
452.6338 249.23128 2930.6401
453.07666 328.33148 2938.0466
450.2038 394.0076 3055.168
486.4732 249.09915 2924.8958
485.82834 326.07516 2978.295
479.77292 392.22903 3054.6062
470.7885 121.16692 2892.9253
470.334 172.46475 2908.145
442.35165 172.62643 2914.1697
435.2968 225.58873 2960.2146
433.0282 277.79962 2843.9565
498.43256 172.30238 2902.12
526.2705 210.49677 2925.9712
565.3578 260.7323 2758.5217
469.91574 210.93007 2918.5757
452.07977 249.12343 2932.7815
452.92755 328.68915 2939.946
450.2784 393.861 3055.071
486.96613 249.11943 2925.2314
485.73914 327.27054 2979.8782
479.46414 393.16733 3061.8074
470.65668 121.17381 2892.4915
470.53842 172.29623 2907.2307
442.75894 172.40735 2913.0862
435.07224 225.57747 2960.6316
433.50146 274.16226 2884.667
498.43002 172.18468 2901.3755
524.86 213.24306 2921.6057
555.8282 267.41867 2813.9746
470.02625 210.89264 2918.2615
451.89166 249.17079 2933.0332
452.75864 328.36563 2941.1729
450.32645 393.43677 3055.5718
487.1892 249.22603 2925.5513
485.70673 328.47662 2979.6785
479.14148 394.61087 3063.9917
470.42633 121.11288 2891.0847
470.74774 173.21997 2905.0493
442.54736 173.29527 2915.1924
434.67993 226.83676 2964.1216
432.5177 275.4198 2856.571
499.14572 173.14415 2894.9062
523.98126 214.84634 2919.8525
546.4799 270.78815 2859.3025
470.04254 211.58351 2918.1377
451.23776 249.48212 2937.79
452.701 328.32196 2943.5063
450.05188 393.13428 3058.207
487.53082 249.72731 2924.662
485.65805 328.80225 2977.5999
479.0211 394.8121 3064.2507
470.41428 121.04505 2889.9402
470.69397 173.52583 2903.6606
442.4709 173.65558 2917.6702
434.62274 226.98366 2967.482
431.98785 274.4563 2864.4973
499.19067 173.39484 2889.6514
521.8753 214.99142 2926.0884
536.4711 270.80353 2900.8596
469.97958 211.95229 2917.8696
450.988 249.85243 2941.23
452.61703 327.92703 2948.0327
449.82794 392.46814 3061.0881
487.6707 250.16118 2922.9272
485.53534 329.18155 2975.149
478.9356 395.8564 3061.6982
470.51138 121.02495 2888.2651
470.88916 173.9832 2904.6091
442.564 174.05006 2922.067
434.46527 226.86806 2971.1519
431.15366 275.02478 2875.4417
499.55682 173.91551 2887.1516
517.8043 215.00099 2942.6794
531.15857 271.9254 2954.63
470.03012 212.71103 2919.4746
450.64273 250.78882 2945.862
451.82758 327.98026 2956.2249
447.75873 393.1031 3086.819
487.86295 251.30612 2922.8179
485.57544 330.28677 2975.1663
479.02478 396.71313 3062.2053
470.5848 120.89308 2882.222
470.95145 174.20074 2903.0754
442.4956 174.23604 2921.0847
434.28918 226.99835 2972.1235
432.60022 272.96103 2885.429
499.76254 174.16502 2885.0662
513.8989 217.39804 2957.6963
523.98846 272.57446 3006.3198
470.02808 212.87471 2918.5908
450.57327 250.85347 2945.9453
451.3495 328.80145 2962.58
448.6968 392.71756 3076.9539
487.8059 251.42818 2922.2673
485.50656 330.114 2974.2578
478.8255 396.73727 3063.9194
470.7771 120.960205 2882.065
471.17984 174.60638 2903.5703
442.79517 174.68562 2922.5217
434.27454 227.11392 2975.222
430.2513 272.39066 2908.2231
499.93744 174.5261 2884.6191
511.10318 219.64186 2970.3958
521.97186 268.743 2995.7026
470.27155 213.61438 2920.528
451.09933 251.8991 2949.806
451.00504 328.60544 2964.5122
450.1087 393.79547 3070.2131
487.80206 252.44722 2925.1658
485.8111 331.23074 2975.6968
478.18237 397.71957 3071.6833
470.98764 121.058716 2881.5151
471.28027 175.33511 2904.3293
442.85974 175.40442 2924.353
434.2497 226.98402 2977.7546
428.93866 272.7415 2903.4385
500.09543 175.26483 2884.3057
509.46002 221.19766 2977.2476
518.1796 266.04825 3011.8076
470.34476 214.29599 2921.8264
451.21402 252.49751 2952.279
450.9 328.4618 2967.7188
448.56943 393.91617 3077.688
487.78793 253.09111 2926.368
485.92944 332.331 2976.4758
477.23337 398.76172 3081.7258
471.2204 121.16011 2881.4316
471.42798 175.67952 2904.6755
442.96835 175.71458 2925.174
434.2596 227.20747 2979.6467
427.52286 272.84076 2905.5803
500.2921 175.64395 2884.1768
506.84476 222.92561 2990.8682
512.9647 264.86624 3042.1384
470.42322 214.72026 2923.0408
450.9998 252.94386 2954.8228
450.47504 329.88892 2973.7556
447.7182 394.10468 3084.0696
488.0311 253.6061 2927.9895
485.9294 332.61957 2977.385
477.24323 399.212 3082.3523
471.9251 121.17538 2877.7217
471.51456 176.02443 2905.2307
443.0234 176.13554 2924.6992
434.18045 227.38132 2979.7637
428.9672 272.9793 2911.299
500.3901 175.91182 2885.7622
505.33194 223.81755 3000.7285
512.9886 261.4932 3073.4753
470.605 215.36363 2924.2778
451.2376 253.92828 2956.0864
450.82092 335.67404 2992.3645
449.5386 399.8781 3093.7058
488.3377 254.46138 2930.5635
485.8316 333.68146 2976.634
477.12036 400.14874 3082.9048
472.12064 121.170135 2878.8723
471.57355 176.43773 2906.1846
442.99722 176.49669 2924.4617
434.109 227.26 2979.5544
428.91235 272.7141 2909.764
500.5116 176.37804 2887.9072
504.4556 224.57852 3007.1697
510.34616 259.35452 3079.1892
470.62634 215.38765 2924.329
451.34625 253.5843 2954.3315
450.71387 334.7978 2989.2493
449.7398 400.9261 3095.813
488.18384 254.13228 2930.616
485.69043 332.93652 2974.825
476.8508 400.282 3082.3406
472.27884 121.29112 2878.3245
471.6986 176.68094 2905.9844
443.0485 176.69937 2923.9678
434.00916 227.5612 2980.4866
428.6093 272.27277 2915.6907
500.70557 176.66228 2888.001
504.6182 224.44838 3006.507
511.65265 257.05133 3066.2336
470.70493 215.64503 2923.8486
451.33243 253.8418 2953.3777
450.38345 333.94873 2988.2742
449.59244 401.34662 3094.9832
488.26056 254.43231 2930.048
485.49393 333.42923 2974.7507
476.72296 400.88458 3082.978
472.7064 121.27094 2875.7869
471.59744 176.58318 2906.6924
442.9573 176.61111 2922.275
433.9683 227.66142 2980.533
428.7166 272.58688 2923.5466
500.54633 176.55495 2891.1099
504.5519 224.29152 3006.5059
508.0926 257.71188 3035.0813
470.7144 215.34258 2921.7761
451.5152 253.4585 2946.9175
450.2243 333.66373 2989.5894
449.33435 401.48874 3097.5122
488.29153 253.95085 2926.802
485.2697 333.48236 2973.0886
476.69458 400.8799 3081.426
472.83963 121.304276 2875.4326
471.63034 176.55298 2907.167
442.9841 176.56802 2923.2432
433.91412 227.75394 2981.596
429.57916 271.92624 2921.9062
500.59518 176.53777 2891.091
503.0137 220.63777 3016.9941
509.98584 259.41772 3060.0378
470.70386 215.34363 2922.9563
451.46213 253.45552 2949.1243
450.5079 332.88202 2985.4744
449.18448 401.36124 3097.4001
488.24243 253.98125 2928.3667
485.14606 333.1158 2973.4102
476.66476 400.92062 3082.089
473.38113 121.40594 2873.69
471.63412 176.53587 2907.185
442.93027 176.57573 2924.224
433.93692 227.83528 2982.5332
428.79105 273.67795 2923.2463
500.67645 176.49554 2890.1458
503.19876 222.10605 3011.7947
511.60623 256.66733 3047.9922
470.7229 215.42827 2923.338
451.49838 253.63083 2950.4695
450.55643 332.06253 2983.165
449.00256 401.24612 3098.0032
488.2824 254.15758 2928.512
485.04562 333.18115 2973.7407
476.68945 401.1445 3082.6914
473.7791 121.487236 2873.4675
471.7846 176.42152 2907.61
443.0978 176.44179 2924.3025
434.43332 224.13681 2995.9412
429.79385 273.4004 2899.8352
500.80267 176.40103 2890.9175
503.5587 222.53436 3009.3958
511.701 257.92676 3017.782
470.88824 215.19589 2922.3604
451.84845 253.31483 2947.762
450.6531 329.02353 2976.269
448.73953 400.96484 3099.1997
488.28546 253.84871 2926.4595
485.0966 332.90723 2972.4165
476.74548 401.27197 3082.2842
474.84918 121.69812 2874.4792
471.8484 176.15747 2908.022
443.13828 176.15086 2925.3604
434.1444 225.77155 2991.889
431.04562 272.54355 2892.607
500.9029 176.16417 2890.6836
504.20486 222.51738 3004.7039
515.20685 258.1375 3006.6328
470.9219 214.84473 2922.2473
451.9201 252.86542 2947.4807
450.91064 328.74142 2973.2031
447.4753 398.57797 3097.5757
488.2248 253.45108 2925.4646
485.1424 332.55038 2972.8882
476.88257 401.02393 3082.8096
474.82245 121.63497 2874.8647
471.8906 176.05086 2908.8472
443.10727 175.9326 2927.0164
434.0956 226.38187 2991.233
430.89655 274.67343 2917.5122
501.03574 176.1706 2890.678
504.69708 223.03476 3004.4438
516.14886 258.8357 3027.2202
470.79358 214.76509 2923.3374
451.44357 252.71873 2949.4502
450.91333 330.11285 2976.0493
447.1761 397.70114 3098.522
488.11624 253.47911 2926.205
484.98895 332.68176 2974.3105
476.88486 401.0792 3083.8528
474.93707 121.521034 2875.4
472.02737 175.96976 2908.7178
443.2194 175.82997 2926.5215
434.16812 226.76889 2989.8665
430.89835 275.52686 2907.356
501.1902 176.11125 2890.9138
505.52808 223.2366 3002.0493
515.24963 261.20914 3001.5657
470.90042 214.78287 2923.2512
451.61575 252.82726 2949.1055
451.18106 329.74335 2975.3342
447.4923 395.49527 3096.9485
488.0941 253.59966 2926.464
484.9785 332.75803 2974.4744
476.96365 401.23822 3083.7454
475.09958 121.4292 2874.979
472.13892 175.84474 2908.7998
443.33524 175.67503 2926.764
434.25003 226.99582 2989.6565
430.90247 275.57965 2912.2083
501.30057 176.01657 2890.836
506.22104 223.07959 2999.5796
514.1646 261.86523 3014.1086
470.96262 214.67053 2923.4995
451.6024 252.70085 2949.6416
451.30637 329.45038 2975.1597
447.6033 395.79797 3098.6882
488.13608 253.518 2926.7566
484.8756 332.7865 2975.359
478.0867 401.69034 3082.6033
475.52353 121.36691 2873.8867
472.17108 175.74721 2908.9456
443.30856 175.57161 2927.1245
434.28735 227.06291 2988.7322
429.94855 274.72488 2917.3506
501.39658 175.92502 2890.7666
506.518 222.69157 2997.74
514.6536 260.34158 2994.0654
470.9911 214.52055 2923.4275
451.6274 252.49863 2949.4631
451.36478 328.48215 2975.5317
447.92282 396.01752 3100.3413
488.1618 253.32794 2926.3557
484.70325 332.57703 2976.052
477.98224 402.0758 3084.021
475.8059 121.46883 2872.2021
472.37762 175.32693 2909.753
443.53986 175.00505 2928.8801
434.44113 227.1604 2989.3528
430.90323 276.12772 2916.7297
501.59702 175.65308 2890.626
506.67944 222.04532 2996.738
519.57947 256.3614 2991.2373
470.9878 214.0846 2923.9492
451.34875 251.94455 2950.355
451.52325 328.34348 2976.1548
448.25073 395.77292 3098.9065
488.02646 252.99532 2925.936
484.6609 332.42023 2976.491
477.98013 401.92566 3083.5823
475.8649 121.44793 2871.189
472.44537 175.49135 2909.854
443.5295 175.13002 2929.4407
434.54376 227.01915 2991.0374
429.85132 274.03317 2920.1477
501.75314 175.85757 2890.267
506.92914 221.93636 2994.784
517.6493 257.2605 2984.142
470.9866 214.29625 2924.4954
451.3358 252.16156 2951.571
451.32065 328.9911 2977.6792
448.45493 395.25754 3096.2341
487.90366 253.27222 2926.7026
484.6387 332.85938 2978.066
477.97296 402.18118 3084.3132
475.85928 121.363815 2870.7258
472.61258 175.64525 2910.3396
443.62582 175.14476 2930.6482
435.16678 224.96158 3003.5051
429.73416 272.48962 2915.9414
502.00674 176.15277 2890.031
506.99655 222.2437 2995.1716
516.8904 257.37158 2975.3835
470.9557 214.17964 2925.4062
450.97495 251.66577 2953.4329
451.3893 328.91916 2976.694
448.5694 395.40558 3094.894
487.81897 252.9783 2927.513
484.58743 332.41953 2978.437
477.24997 398.922 3072.954
475.7299 121.218735 2871.5952
472.8368 175.84637 2910.864
443.84192 175.18066 2931.891
435.1974 225.65674 3000.5256
430.1871 271.16373 2919.0796
502.2536 176.52177 2889.8372
509.7488 224.35922 2989.2659
515.5996 258.92374 2999.7961
470.94473 213.95993 2926.8025
450.63297 250.89073 2956.2373
451.55862 328.6067 2974.1868
448.84897 395.58823 3092.7798
487.6833 252.4376 2929.2446
484.67502 332.26495 2978.1196
477.61526 399.30377 3076.609
475.7746 121.11949 2871.3904
473.03833 175.96921 2911.071
444.0379 175.26642 2931.9768
435.40433 225.85197 3000.6826
430.19562 271.18582 2919.1445
502.4583 176.68217 2890.1653
508.45865 223.63213 2992.1228
516.1824 257.59995 2995.8228
471.10367 213.98134 2926.9224
450.6293 250.78835 2956.2773
451.43216 328.9135 2975.091
448.9402 396.15472 3092.5874
487.9215 252.3869 2929.2703
484.64868 332.12064 2977.7239
477.65338 399.5738 3077.456
475.8852 121.15984 2871.553
473.14484 175.97308 2910.834
444.15186 175.29991 2931.8745
435.39438 226.20581 2999.9724
430.34448 272.99445 2920.2373
502.56006 176.65605 2889.7935
508.1482 223.26747 2991.3027
516.5665 256.16083 3003.9949
471.2445 214.0755 2926.6775
450.80713 250.98784 2956.1123
450.92752 328.92905 2976.1318
449.55054 396.06564 3090.2498
488.0943 252.55458 2928.9297
484.56714 332.23444 2978.0398
477.67508 399.89008 3078.2065
475.9966 121.29789 2871.3025
473.3069 176.16853 2910.3303
444.23212 174.99709 2928.5688
435.45972 226.15529 2996.3523
429.76932 272.4021 2905.8882
502.74838 177.35475 2892.0916
508.54056 224.87482 2992.8123
513.98505 258.65787 2996.2117
470.88916 213.38321 2923.4053
448.9548 249.16805 2948.8342
450.85898 329.49835 2981.043
449.5076 397.204 3093.325
488.19623 251.37422 2924.1265
484.52408 330.97455 2973.506
477.75058 399.06393 3074.5854
476.0219 121.37631 2871.3755
473.2393 176.17162 2910.7007
444.2209 175.22708 2931.419
435.73895 225.9139 3000.8784
429.76642 273.19556 2907.1428
502.6738 177.12967 2889.9824
508.7168 224.40237 2989.817
517.658 255.83464 3023.8342
471.02902 213.82283 2925.2573
449.63412 250.12447 2953.6458
450.04285 330.4846 2992.009
448.01593 401.63718 3116.0022
488.22873 252.08713 2925.9824
484.25717 331.5403 2974.5098
477.60696 399.58838 3077.034
476.04297 121.27963 2871.2166
473.17453 176.10638 2911.5889
444.16797 175.32666 2933.2986
435.72076 226.02121 3001.4546
429.69287 272.5927 2910.6196
502.6169 176.89783 2889.8792
508.49387 223.85048 2989.3086
512.01324 259.23822 2992.391
471.15988 214.05136 2926.13
450.20758 250.7453 2954.979
449.6765 331.4519 2996.5215
448.15765 401.37845 3113.4753
488.30814 252.50539 2926.3628
484.1697 331.89612 2975.0022
477.47992 400.01642 3078.5234
476.04614 121.0814 2870.7524
473.12494 175.83719 2912.153
444.22324 175.15103 2935.2134
435.72998 226.08183 3001.577
429.0755 272.71503 2910.862
502.488 176.53429 2889.0925
508.2131 223.40376 2989.265
514.4856 259.77542 3008.537
471.2001 213.94206 2927.0906
450.35947 250.81932 2957.2659
450.2335 330.41608 2989.111
449.17853 398.11942 3096.0837
488.4273 252.50946 2926.7903
484.20734 331.8227 2974.625
477.34402 400.1316 3079.9048
