447.13797 103.190155 2659.8433
445.48825 160.68907 2695.168
411.45883 160.96959 2710.419
399.5297 221.33339 2755.7957
393.4533 277.35822 2676.819
479.90503 160.40535 2679.9167
490.23172 215.78424 2747.8809
509.35822 267.25052 2666.813
445.21805 199.09084 2698.2605
422.7387 237.30602 2711.311
415.53198 323.71252 2752.7258
408.57126 397.42978 2828.4749
467.32254 237.50406 2691.3953
472.8086 323.248 2731.7856
472.66898 400.2479 2841.5938
447.00266 103.10597 2660.2432
445.50702 160.64917 2696.6204
411.5181 160.93295 2712.5051
399.5854 221.31688 2755.7905
393.06598 277.53183 2676.7852
479.89874 160.36203 2680.7358
490.2736 215.34311 2748.816
509.29178 266.52905 2666.6702
445.2273 199.0289 2699.4912
422.73453 237.21907 2712.7454
415.56537 323.45697 2754.0645
408.54767 397.59122 2828.8416
467.33322 237.43593 2691.9785
472.83267 323.38852 2732.097
472.848 400.17117 2840.4902
446.9614 102.97779 2660.566
445.51083 160.53685 2696.4092
411.53467 160.85081 2712.6646
399.7431 221.32776 2756.0293
392.0782 277.89188 2683.3733
479.89917 160.2191 2680.1538
490.30255 215.16386 2750.0388
508.38953 266.42072 2661.3916
445.24548 198.90945 2699.6338
422.83304 237.0957 2713.4587
415.6251 323.10986 2754.2678
408.5366 397.6757 2828.3845
467.30283 237.28601 2692.258
472.9305 323.32294 2732.7527
473.002 400.00156 2840.3687
446.86536 103.23324 2661.3416
445.49994 160.80579 2696.1155
411.42346 161.17978 2712.7192
399.79065 221.71907 2756.4856
393.226 277.7483 2676.7432
479.99875 160.42717 2679.5117
490.65475 215.55792 2749.4878
507.4453 266.8633 2670.5679
445.23102 198.87802 2702.0972
422.8467 236.72296 2718.8806
415.55524 323.4354 2755.5217
408.41815 398.561 2828.3123
467.25696 236.84163 2697.277
472.9907 322.81787 2733.011
473.02408 399.36066 2840.2932
446.91415 103.479614 2662.1016
445.26093 160.43625 2696.0256
411.30557 160.84431 2711.4814
399.83023 221.34302 2756.452
392.62354 276.9708 2669.0845
479.60788 160.02347 2680.5696
490.57782 215.69443 2751.788
507.1684 266.3878 2671.3005
445.03662 198.99619 2702.8164
422.73654 237.34306 2719.6875
415.3893 323.6206 2757.6877
408.2592 398.8086 2829.4268
467.05515 237.38278 2699.527
472.96442 322.9821 2732.8333
473.1212 399.27075 2839.7368
447.00797 103.63051 2662.8213
445.07346 159.98268 2695.511
411.1925 160.4804 2712.3496
399.79828 220.74861 2757.8262
393.30212 277.15567 2676.437
479.3804 159.47871 2678.6724
487.54654 209.82826 2761.7195
507.1615 267.1884 2674.2058
444.92328 198.83212 2702.012
422.6883 237.50583 2719.519
415.29324 323.6089 2757.866
408.30194 398.60556 2829.3826
467.0395 237.4842 2697.507
472.9178 323.14514 2734.9846
472.96832 399.1477 2841.1318
446.86548 103.60978 2663.5
444.99103 159.59055 2695.3538
411.15192 160.17245 2713.2407
399.7436 220.1471 2758.8386
393.46045 277.23288 2685.224
479.28223 159.00087 2677.467
488.46152 211.55585 2759.339
506.60742 266.61377 2680.4646
444.91177 198.59387 2701.7954
422.79532 237.45651 2719.9148
415.18893 323.4707 2758.0513
408.33463 398.3444 2830.1726
467.06134 237.36641 2696.559
472.86774 323.2211 2735.3782
472.9677 399.0808 2840.5378
446.86337 103.62366 2665.0203
445.18234 159.70444 2694.3296
411.26108 160.29047 2713.3025
399.75085 220.1139 2760.366
393.4109 276.28616 2687.3267
479.5847 159.1101 2675.357
489.0254 212.74092 2755.8494
506.5436 266.45486 2688.3696
445.05753 198.69397 2701.8728
422.9558 237.4938 2721.7473
415.18747 323.34103 2757.6318
408.31577 398.33435 2830.118
467.112 237.43877 2697.0847
472.7648 323.32037 2736.0781
473.00696 399.19357 2839.4285
446.70172 103.70576 2665.6357
445.2313 159.75833 2693.86
411.237 160.28792 2712.9897
399.79 220.00632 2761.1123
392.98282 277.2038 2694.1648
479.7118 159.22118 2674.7307
489.16034 212.68526 2753.3018
506.29184 266.72232 2687.5393
445.03174 198.69145 2701.635
422.81656 237.38954 2721.8408
414.931 322.34558 2758.8936
408.32486 398.03644 2831.1238
467.05313 237.41281 2696.979
472.7607 323.1482 2735.867
473.09305 399.2196 2837.6653
446.53268 103.712456 2666.0806
445.02866 159.38591 2693.7405
411.13672 159.93643 2712.4243
399.73026 219.94826 2761.1426
393.13898 277.07422 2700.7947
479.394 158.82768 2675.0566
488.97614 212.45451 2753.6445
506.25415 266.88263 2684.7659
444.84598 198.38963 2702.304
422.73154 237.15657 2723.0066
414.87033 322.2796 2760.0283
408.42206 397.73727 2831.6348
466.79468 237.1372 2698.7283
472.82574 323.10876 2735.0266
473.17908 399.28687 2836.629
446.45752 103.57123 2665.4849
444.73343 159.46652 2694.7441
410.55835 160.18286 2714.674
398.70197 222.64157 2765.6147
393.0639 279.73898 2690.5134
479.41782 158.7395 2674.814
488.9956 212.04921 2752.3857
506.27686 266.65958 2685.7488
444.72623 198.35762 2702.7449
422.87613 237.11307 2723.5256
414.73795 322.2652 2760.7185
408.5202 397.69992 2830.7258
466.76895 236.9243 2697.9658
472.98438 323.00726 2735.0496
473.21255 399.48175 2836.6082
446.35266 103.49941 2665.6235
444.6024 159.61855 2695.1938
410.41608 160.39935 2714.9692
398.92703 221.45445 2766.038
394.40915 280.06573 2704.1528
479.29407 158.82622 2675.4187
488.9388 212.03537 2751.5864
506.44055 265.45883 2677.8843
444.6774 198.41756 2703.0542
422.91412 237.13033 2723.5864
414.28107 321.78748 2762.8496
408.62445 397.66464 2830.6973
466.795 236.85152 2698.2424
473.1454 322.8695 2735.3503
473.254 399.74854 2838.1194
446.17642 103.23147 2665.6729
444.31903 159.63121 2695.6074
410.18002 160.51088 2714.7227
399.10306 221.01259 2764.7703
394.89548 280.4851 2694.2942
478.94568 158.73897 2676.4924
488.76266 211.9546 2751.0664
506.16028 263.99918 2674.6143
444.50592 198.39423 2704.4148
422.9981 237.1188 2725.4155
414.34808 322.12903 2762.3484
409.32657 397.06555 2829.303
466.58093 236.69046 2701.0286
473.292 322.45303 2735.2068
473.08136 399.4243 2838.2285
446.01135 103.100075 2666.323
444.05978 159.53792 2695.7395
410.0698 160.48538 2714.4841
398.632 221.44261 2762.8901
396.0644 279.73154 2692.9214
478.52576 158.57718 2676.9949
488.68597 212.14532 2750.4753
506.55124 264.48596 2662.3606
444.3268 198.2695 2704.9805
422.97086 237.0009 2726.1953
414.593 322.0908 2761.4175
409.4222 397.15973 2828.9993
466.40485 236.47145 2702.2478
473.28995 322.25464 2735.8274
473.1263 399.2416 2839.0005
445.8884 102.882225 2666.5776
443.7735 159.39964 2696.4849
409.92322 160.43782 2714.9524
398.3882 221.65347 2758.5957
396.06708 279.09723 2687.236
478.09064 158.34712 2678.017
488.70865 212.13408 2750.5742
507.21817 262.73245 2651.7148
444.15704 198.07858 2705.587
422.87427 236.82689 2726.557
414.7475 321.98138 2760.8906
409.51392 397.29236 2829.4194
466.392 236.16652 2702.8213
473.18994 322.03125 2736.2275
473.08914 399.01968 2838.8503
445.71957 102.58861 2667.4207
442.9973 159.23216 2699.1003
409.50647 160.49918 2716.0127
398.8193 221.16623 2759.7888
396.25986 280.7495 2681.5225
476.91052 157.94917 2682.188
488.34854 211.34293 2749.7292
510.31564 259.53958 2646.162
443.7134 197.83296 2707.2126
422.6128 236.716 2726.379
414.71548 321.5912 2759.9846
410.15015 396.97223 2824.17
466.41602 235.686 2704.2708
473.10425 321.55817 2736.6284
473.15405 398.44385 2837.5823
445.7122 102.6363 2667.0981
443.01678 159.05907 2698.6394
409.56464 159.88219 2714.2642
398.90527 219.65921 2758.7742
396.25894 280.0144 2678.168
476.85858 158.22636 2683.015
488.27338 212.35867 2750.4937
513.9196 258.8718 2625.249
443.2298 197.68083 2707.2349
420.82825 236.31491 2726.439
414.85577 321.0627 2758.811
409.77216 396.6796 2825.5398
466.23196 235.79936 2705.2217
473.1833 321.92844 2737.2173
473.2425 398.97195 2836.828
445.65005 102.984665 2667.086
442.51303 159.62917 2700.48
409.37003 160.48735 2711.7942
399.55066 218.9683 2755.3801
395.42285 276.18143 2678.12
475.93497 158.76375 2689.1655
487.58517 212.45265 2751.8809
517.582 253.79222 2620.4236
442.90442 197.94072 2707.8809
420.70633 236.41096 2723.024
414.91278 321.19257 2756.6304
409.63254 396.8656 2824.6807
466.01016 235.67377 2707.5398
473.22702 321.85 2739.3213
473.24146 398.84482 2837.9236
445.79156 103.32494 2668.2205
442.53693 161.69174 2700.3555
410.17883 162.49948 2701.9392
399.67282 219.55835 2753.0127
399.65665 277.27267 2657.7617
474.93298 160.88307 2698.772
487.56546 211.67622 2750.349
520.7234 244.97397 2603.9473
443.0992 198.9757 2707.6177
421.61072 236.58081 2715.9644
415.04468 321.6056 2750.2295
409.58713 397.2565 2819.985
465.7239 235.5391 2713.7952
473.03067 321.4171 2744.69
472.92752 398.19714 2841.8865
445.8043 103.61933 2669.8972
441.58975 162.09157 2695.984
409.5985 163.03654 2686.1912
399.50092 220.29776 2747.9062
400.56937 275.691 2639.0432
473.34943 161.15341 2705.7766
486.6167 210.79434 2765.6182
524.19666 232.32693 2605.0388
442.3922 199.46309 2706.2466
422.03088 237.35689 2709.9744
415.17313 322.5812 2746.8171
409.28268 398.2384 2821.4893
464.24478 235.75145 2723.0444
473.07303 320.18826 2745.3352
472.8463 396.9604 2841.806
445.75516 103.832855 2670.6233
440.75043 162.6337 2692.8755
409.24164 163.62624 2671.5422
399.4671 220.89333 2738.4165
401.53964 280.15704 2626.8994
471.76392 161.65675 2714.2087
484.89752 209.83925 2780.257
523.80505 219.06377 2619.169
441.7248 200.13692 2704.4932
423.19656 238.30286 2702.7515
415.107 323.7346 2745.2092
408.59708 399.47156 2828.038
461.9942 236.3454 2729.4705
473.691 319.1953 2741.47
473.31747 396.03296 2837.528
445.87564 104.11277 2671.2747
440.38367 161.90637 2686.8035
408.55527 163.23824 2657.2422
398.93298 221.94064 2712.866
406.14093 282.60413 2605.5017
471.51935 160.6035 2716.3645
484.07416 209.15529 2788.8245
522.4637 202.27867 2642.6526
441.73013 199.32867 2699.7617
423.44794 237.72623 2694.2307
415.19867 324.81314 2742.5781
408.06552 400.51785 2830.6602
462.41394 235.07874 2731.2095
474.09387 318.30807 2740.5757
473.51678 394.95413 2835.6868
446.09058 104.3104 2670.6257
438.27347 160.87656 2698.6077
408.47775 161.59895 2650.628
398.49484 220.46521 2696.1091
408.80484 279.83774 2589.99
467.0282 160.1794 2746.5872
483.41235 208.38892 2797.439
528.268 195.0359 2658.2847
440.45544 197.74452 2701.2554
422.55997 235.92894 2671.2417
416.61322 324.9282 2721.8042
408.40533 401.54382 2823.049
462.2271 233.18478 2736.5645
473.19803 317.63812 2749.4263
472.80188 393.86154 2844.1338
446.3165 104.27042 2669.5083
437.81342 159.99762 2696.7202
409.99005 160.3157 2639.2979
399.21625 220.17336 2679.9663
412.8134 282.84738 2564.69
464.47656 159.69278 2754.1428
483.67523 204.98926 2806.8162
531.6162 175.85913 2657.08
439.91614 197.2334 2699.8647
422.83344 235.72188 2662.9377
416.48993 325.78128 2719.6287
407.8707 402.31702 2823.8596
460.63406 233.08234 2743.0806
473.25742 317.9953 2753.7083
473.02737 393.51718 2845.592
446.51355 104.34766 2668.1511
439.76056 160.70433 2686.0513
412.34366 160.7096 2629.2595
401.3439 216.95232 2648.6558
414.99988 281.54672 2544.6538
466.0421 160.69926 2742.843
493.22278 196.65144 2809.168
528.7607 163.29968 2713.1726
440.84775 198.0783 2693.865
423.00287 236.35292 2661.9207
416.64975 325.57666 2712.41
407.49173 402.14944 2825.6484
460.3055 234.15164 2741.4368
474.02844 321.89795 2760.867
473.34552 394.72327 2846.2197
446.6386 104.47906 2666.9893
442.4109 160.06996 2681.8408
417.50793 159.34857 2625.4102
401.64676 217.70378 2643.726
419.44733 282.34354 2520.9597
466.28738 160.76163 2738.2717
498.16522 191.82347 2822.0789
530.59625 147.56813 2727.305
442.2028 198.202 2692.9758
423.8477 236.68373 2662.4204
416.87503 325.5475 2712.379
407.92245 402.1785 2820.5332
459.594 235.37642 2745.801
473.15637 324.4977 2769.878
472.86206 399.30075 2859.7986
446.7141 104.74804 2666.0005
444.02896 158.7312 2680.6812
419.65112 158.09714 2624.3323
402.3371 217.52832 2636.6787
422.09436 284.7959 2511.0205
467.40308 159.33914 2737.0298
506.4946 180.21274 2795.4248
531.51886 133.79356 2754.2869
443.6283 198.67621 2694.7656
427.04715 238.91731 2670.8042
416.45148 325.393 2713.165
408.55917 400.47333 2816.055
458.96805 237.51407 2746.8962
472.19022 325.0362 2769.6765
471.8475 400.63443 2861.7761
447.06473 105.52883 2663.4958
444.86786 158.09114 2677.756
420.44135 156.72423 2622.7803
402.51382 217.17963 2632.0596
425.76163 283.65067 2488.4539
468.31155 159.40306 2732.732
511.8039 174.42781 2788.5413
532.33344 123.57745 2787.354
443.1304 199.56477 2693.7544
424.4464 240.79901 2670.9788
415.7056 326.49286 2714.8389
408.8079 398.26724 2812.7966
457.90182 240.3054 2748.5266
471.6598 326.4813 2769.3335
471.25208 402.96927 2863.4036
447.53568 105.71182 2661.318
445.1503 157.5875 2675.052
419.67892 155.76328 2623.183
402.75098 217.09062 2630.1711
427.246 282.95404 2485.7366
469.65268 159.3423 2726.921
513.4947 170.1043 2805.4702
534.50397 120.54858 2802.7205
442.66302 199.94814 2691.4795
422.8735 241.68692 2672.0913
415.64072 327.83923 2711.4
408.57425 397.8855 2810.1042
457.08585 241.89987 2743.7227
471.3924 326.5613 2769.575
471.0694 402.95587 2862.4966
447.86972 105.78277 2659.2708
445.80145 154.03119 2677.9387
419.2942 151.61311 2625.0537
403.22345 214.36234 2628.431
428.49927 278.44986 2469.6191
471.282 156.3556 2730.824
518.26166 165.83537 2792.0225
537.3393 118.74001 2834.886
442.7919 198.29042 2692.8877
422.64157 241.64525 2673.1033
415.8405 328.72052 2706.9036
408.58423 398.1857 2806.2212
456.5546 242.4662 2742.5698
470.8101 326.5244 2772.0796
470.67517 402.94098 2864.3396
448.6614 105.5401 2653.7612
446.4095 152.62709 2678.5872
418.80008 149.79994 2628.222
404.00598 213.30917 2623.3022
430.58197 276.28314 2461.013
472.9998 155.34987 2728.9524
520.1269 161.85893 2800.2185
539.1091 119.38258 2862.7644
443.1414 197.1001 2691.1409
422.62595 240.4558 2671.7979
416.19846 329.38065 2702.4375
408.44315 398.29636 2801.8362
456.7784 241.848 2735.5913
469.97092 325.81274 2773.0369
470.3331 403.40128 2867.8484
448.46167 105.24948 2655.6775
446.57382 152.51181 2678.1719
418.52893 149.72221 2627.5972
404.50833 213.69298 2621.7927
430.5963 275.68182 2460.3542
473.57913 155.198 2728.7466
519.93384 158.22743 2806.3823
538.12537 120.41188 2871.536
443.24155 197.04828 2692.0603
422.47314 240.45538 2674.0322
415.64615 330.38293 2707.599
408.08954 399.32663 2801.9146
457.00647 241.78409 2737.8655
470.28705 326.3353 2771.675
470.52887 403.42804 2865.0647
448.8635 105.056145 2651.6304
446.79733 151.7156 2679.4937
417.9342 149.49345 2636.5942
404.9821 215.27332 2622.3862
431.8296 276.042 2456.4463
474.75082 153.86772 2722.393
518.92456 153.68661 2811.9863
534.8019 125.15295 2864.4
443.4764 197.24728 2699.0295
420.81137 241.62178 2689.2764
413.58292 331.58365 2712.5586
408.17328 398.9107 2791.5486
459.18167 242.61662 2747.8547
470.221 328.37875 2779.4746
470.4503 404.9968 2872.5918
448.89346 104.670586 2650.7744
446.6435 151.55894 2679.8005
417.36624 149.49112 2637.3953
404.86957 214.58072 2621.024
431.57254 277.06033 2456.828
475.0086 153.56236 2722.2058
519.4171 154.71867 2811.7454
537.4338 121.18132 2876.72
443.68387 196.79218 2698.3342
420.8126 240.98494 2687.515
413.3631 331.8383 2715.673
408.33398 400.62512 2788.0498
460.29016 241.82256 2746.221
470.4371 329.01306 2778.2375
470.7026 406.07675 2871.166
448.66147 104.54705 2651.689
447.2952 150.58246 2680.1895
418.2063 148.47168 2633.7615
404.74936 213.99258 2620.3867
427.6519 275.2848 2457.2856
475.39343 152.62135 2726.6172
518.69336 154.27617 2818.938
535.7368 120.77738 2889.4363
444.44662 195.7862 2698.1367
421.16687 240.02255 2682.9185
413.15802 331.7544 2720.1272
408.85114 404.02478 2786.4563
461.6107 240.7536 2749.2498
470.69287 329.62424 2774.4111
470.93048 406.9349 2866.5535
448.53604 104.50308 2650.8691
447.27032 150.13908 2681.1313
417.6467 147.49129 2638.3655
404.19003 213.25221 2625.0996
426.0451 275.24667 2464.916
475.96378 152.70374 2723.8972
519.06586 153.53108 2817.8533
536.2542 117.216866 2888.604
444.3031 194.82565 2692.9426
421.03812 238.29759 2675.1013
412.95828 330.43567 2716.9092
408.31174 400.771 2784.773
461.2446 239.9284 2734.4067
470.8247 330.9221 2778.2727
470.9325 408.32913 2871.9258
448.55887 104.19287 2648.9016
447.1806 149.23593 2683.1084
416.81604 146.36938 2641.4824
403.24658 212.70586 2628.8074
424.34293 275.25055 2482.2783
476.61734 152.01491 2724.7346
519.4697 153.43518 2814.941
535.34155 114.31707 2877.3691
444.15976 193.69737 2693.0264
420.72232 236.84586 2674.6616
413.32626 328.67996 2711.946
407.89957 398.34067 2783.6272
461.17654 238.79875 2731.227
471.08533 330.9984 2776.2847
471.11157 409.0662 2872.243
448.49316 104.18482 2649.4326
447.75507 148.99344 2685.3047
416.39523 145.46536 2649.0652
402.7508 211.3311 2635.5525
420.50156 271.95117 2500.0115
478.27975 152.42755 2721.5442
522.282 148.36789 2805.5151
537.0023 108.02774 2833.969
444.38174 192.48232 2689.1992
420.2265 234.2986 2668.9573
412.8117 327.01685 2708.329
407.07385 396.316 2777.267
461.44046 237.36478 2717.2302
472.82153 329.0018 2776.9468
471.52356 406.41235 2879.7021
448.446 104.32603 2649.8792
447.53113 149.44905 2687.852
416.43634 145.67885 2650.063
402.13272 211.33713 2636.0295
418.72552 272.5166 2506.2249
477.76367 153.1147 2725.6414
521.789 148.50746 2807.6433
543.3439 99.53387 2848.3564
443.95847 191.42249 2692.0405
419.41052 231.53328 2670.6104
412.08026 324.39047 2711.8086
406.16003 393.33722 2779.186
460.9882 234.96515 2721.8474
474.62677 327.7686 2769.8306
473.1718 405.05157 2876.8533
448.42365 104.253716 2649.4329
447.75122 149.08163 2687.7878
415.92792 145.84442 2656.3977
401.6594 210.78003 2642.612
414.9831 275.8938 2515.8171
478.8398 152.24411 2719.178
522.42456 146.4288 2801.9922
550.74133 89.06508 2825.5718
444.93503 189.99161 2689.6045
419.83133 229.2589 2669.3718
414.05325 318.63602 2701.5776
405.78644 392.94046 2773.8604
464.0517 232.40802 2713.4702
474.91397 324.3196 2771.4785
473.5405 403.33307 2880.0198
448.41727 104.19646 2649.2246
448.06076 148.65948 2686.9004
416.30594 145.5783 2654.4558
401.60593 210.34398 2642.889
411.76752 274.46664 2520.606
479.0579 151.66716 2719.345
522.9029 144.89122 2800.241
558.0896 90.862755 2805.2742
445.2117 190.2255 2691.2854
421.48825 230.30002 2674.2212
415.98676 317.8436 2695.55
406.5836 395.18478 2771.857
462.92587 232.99107 2717.1196
474.19647 322.914 2771.6338
472.28552 401.8967 2880.4368
448.42856 104.18729 2649.4246
448.48776 148.02908 2688.19
416.65805 144.77722 2654.8323
401.21585 206.899 2648.2905
410.3556 274.22736 2522.1936
479.53723 151.2012 2721.5476
523.43604 144.07112 2796.9053
558.53516 88.94567 2774.727
445.4675 189.9772 2692.447
422.01395 230.3837 2675.1672
417.0053 316.38812 2694.2283
407.0529 394.46844 2771.2695
462.57565 233.17976 2718.2412
473.62686 322.4206 2771.8018
471.72534 400.5546 2877.768
448.48727 103.97419 2650.1309
448.37344 147.73944 2688.0437
416.9071 144.20525 2651.5005
401.1926 207.24657 2648.457
407.6943 274.98254 2538.4636
478.99573 151.17885 2724.587
523.82214 142.1883 2787.925
559.76764 89.991905 2750.4602
445.34338 189.1975 2690.1953
422.24844 229.06743 2668.9478
418.00287 317.29785 2697.5117
407.79095 396.12354 2776.5098
462.04205 232.0849 2715.746
473.14786 321.142 2770.5015
470.66544 398.68185 2875.5688
448.41644 103.37797 2652.592
448.20117 147.69049 2690.2917
417.5835 144.3544 2641.9263
401.38306 206.40147 2643.1138
408.2269 275.96536 2539.9126
477.73743 150.90874 2738.657
523.0113 140.26003 2791.3157
560.71704 88.68129 2711.1099
445.67117 188.39238 2694.6475
424.06793 227.81451 2668.648
419.12625 317.4996 2703.6775
408.20837 395.7382 2787.4407
461.8063 230.08574 2729.3584
473.1314 319.59335 2761.7283
470.8641 397.6366 2865.8743
448.57397 103.13156 2658.1545
447.966 147.76025 2690.7676
417.2634 144.37552 2644.1174
400.82672 206.31088 2647.422
405.64078 273.0187 2550.443
477.62216 151.02962 2737.4177
523.33844 140.77135 2784.5334
565.03326 92.56963 2678.9563
445.70142 188.29466 2691.6938
424.53885 227.60092 2663.7656
419.40402 317.4769 2701.4546
408.34903 395.29163 2787.9158
461.93713 229.97601 2721.4749
472.88498 319.43735 2764.0454
470.92783 397.59842 2868.1934
448.51715 103.12159 2656.4617
446.74512 148.34676 2694.3738
415.50458 145.37378 2651.616
401.0883 207.17113 2646.8972
404.30432 274.34738 2552.0386
477.0096 151.22687 2737.1316
524.53094 144.59976 2762.956
565.72595 100.79796 2649.6174
445.17526 188.69753 2692.0679
424.59018 228.10245 2663.6643
419.29022 317.20813 2701.7856
408.1926 396.04712 2790.9607
462.24988 230.11298 2715.8596
472.72052 319.67725 2764.03
471.29437 397.56586 2865.9844
448.26834 103.125305 2656.2886
446.31845 148.47702 2695.4297
415.89197 145.94693 2650.745
400.3551 208.40497 2654.5947
403.3402 275.9262 2563.8176
475.75253 150.9246 2740.1143
526.0106 146.27583 2753.7617
569.17194 105.810165 2618.8228
445.4565 188.74724 2692.1533
426.30865 228.41272 2661.9375
419.4701 317.8268 2702.7075
408.40097 397.27344 2791.4434
462.5136 229.80449 2715.8164
472.2454 318.30676 2763.7805
471.48505 396.4477 2863.2078
448.00064 102.78647 2655.2354
446.02765 149.35956 2690.7754
416.08157 147.4646 2652.027
400.1826 210.19269 2661.172
402.36084 276.26358 2565.6548
475.12347 151.20073 2729.5237
525.37384 152.71413 2760.7686
571.65466 117.27673 2590.2214
445.29562 189.78743 2690.8362
425.7656 229.76582 2666.4585
419.32532 317.7724 2703.7354
408.4633 397.64197 2789.812
463.02335 230.65305 2715.3354
472.25827 318.51865 2764.2932
471.76044 396.61523 2862.814
447.81433 102.77305 2654.5342
445.85715 150.22424 2685.295
415.88217 148.86864 2655.2717
400.8598 212.1819 2676.7673
401.07404 276.01462 2562.4656
475.16928 151.54987 2715.318
522.3886 156.79349 2772.9653
569.8653 133.91388 2580.5718
445.2908 190.29208 2686.7446
425.33377 230.02573 2668.6821
419.34915 317.34662 2709.1672
408.5984 397.45322 2793.8357
463.8369 230.60352 2707.7065
472.68338 317.71198 2759.0798
472.44403 396.25745 2855.527
447.5967 102.64501 2653.4924
445.08832 150.70201 2690.0107
414.78293 149.76483 2664.3083
400.02655 213.31364 2684.78
400.6546 277.90167 2562.7385
474.82007 151.62144 2715.7131
521.6596 159.44293 2775.306
571.7208 151.5411 2554.561
445.07904 191.04851 2688.9692
425.40808 231.32347 2671.2095
419.49 318.69183 2709.055
408.83194 398.82333 2793.839
464.4883 231.52779 2704.6462
472.72302 317.00217 2758.1267
472.4619 395.4499 2854.1636
447.3777 102.59986 2652.1147
443.4236 152.35396 2696.9146
411.8427 152.01912 2676.1497
399.73358 214.13803 2685.8044
400.3575 278.44714 2572.3398
474.5219 152.68365 2717.6794
526.7172 165.53918 2754.6113
567.80927 172.42876 2560.8086
444.09775 192.02116 2693.561
424.95563 231.964 2677.1675
419.26385 318.6747 2712.1707
408.59067 398.39374 2796.8027
464.40033 231.61227 2703.2473
473.01163 317.85748 2756.1907
473.6175 396.9802 2847.4836
447.07587 102.685135 2650.8252
442.63092 154.38979 2699.7024
410.40683 154.558 2683.451
399.01166 214.66438 2690.4548
400.4507 278.71698 2584.0244
474.4694 154.22357 2715.9539
518.54987 182.9695 2718.9033
565.30743 195.05292 2559.9883
443.69797 193.4429 2696.0137
424.936 232.99825 2682.3232
419.19318 319.08746 2715.5967
408.54608 398.31393 2799.8286
464.45303 232.21077 2702.3264
472.99008 321.7856 2756.6538
473.60272 402.57837 2844.6953
446.77628 102.677895 2649.8267
442.13474 155.44366 2701.1243
409.14905 156.32822 2690.4966
397.725 216.47977 2696.0623
399.08676 277.86276 2595.5315
474.86188 154.56606 2711.752
519.3857 184.59282 2715.8796
556.5115 209.36653 2577.338
443.69077 194.73674 2699.0647
425.92062 234.79044 2690.7747
418.91446 318.92758 2716.7446
408.47107 397.5664 2799.3325
464.48868 233.39243 2703.2356
473.08105 321.5282 2755.4087
474.4797 403.785 2843.882
446.45264 102.645226 2648.515
441.75803 155.54723 2702.3247
408.4213 156.46017 2691.051
396.30756 214.74855 2717.872
396.76593 276.78534 2605.674
474.81775 154.64186 2713.5984
512.0317 187.9147 2751.2397
548.4406 225.52463 2601.3743
443.3549 195.04123 2700.3923
425.61322 235.31386 2691.9146
418.66483 320.1904 2722.634
408.45657 398.33206 2805.031
464.20123 233.87323 2705.0054
473.5357 322.2985 2751.0776
474.6701 401.0032 2838.9744
446.3002 102.77331 2647.1177
441.7237 155.95265 2702.6392
408.2695 157.0752 2693.0452
396.0235 215.97859 2733.154
394.72504 272.656 2607.3757
474.9412 154.83806 2712.2332
509.29706 190.80927 2766.0337
541.97894 239.36652 2628.712
443.52133 194.97275 2699.9353
425.86005 234.88634 2691.6506
418.3191 320.62436 2725.9795
408.54337 397.8943 2807.8535
464.70477 233.25916 2702.8123
473.68265 320.37167 2748.7822
474.54822 398.9823 2839.3235
446.12656 102.774574 2646.1638
441.97357 156.62743 2700.0984
408.40454 157.94858 2695.3533
396.33347 216.11972 2736.9453
393.50845 274.42032 2618.0498
475.4248 155.31091 2704.8438
507.16748 191.68585 2772.7556
535.3346 248.94955 2671.0225
443.69977 195.36195 2699.2832
425.74695 234.97456 2695.6853
417.95154 320.70154 2730.6523
408.49667 397.72827 2808.4253
465.06656 233.26698 2701.2507
473.82434 322.00583 2747.4827
474.8911 399.2059 2838.5886
446.02844 102.8341 2645.9905
442.4057 157.09828 2697.9187
408.5851 158.5193 2697.851
396.23853 216.38406 2743.6287
392.52515 274.60336 2632.3696
476.2246 155.67734 2697.9863
505.57434 193.6749 2776.5728
528.52356 259.5804 2697.8762
443.93396 195.48181 2699.7744
425.718 234.64322 2701.5906
416.93115 320.63092 2738.866
408.54498 397.14188 2807.4226
465.20163 232.98201 2701.6697
473.79196 321.37314 2748.484
475.14734 401.53568 2843.653
445.71457 102.73956 2642.6985
442.75714 157.6064 2694.4705
408.76752 159.00829 2698.765
396.55118 215.84926 2750.3816
390.88693 275.46786 2646.3577
476.85526 156.20004 2690.176
503.26993 196.34319 2776.0588
523.32214 261.73553 2723.9436
444.05194 195.68105 2697.821
425.3574 234.4143 2703.7012
416.25177 321.31918 2745.5369
408.7081 397.20462 2809.262
465.3672 232.90677 2698.642
473.55997 321.5554 2746.6802
475.38373 401.95514 2845.804
445.8707 102.89686 2643.7214
442.9749 158.21112 2691.3218
408.84326 159.61708 2700.4011
396.70874 216.59503 2753.567
389.57587 275.05838 2655.4153
477.33765 156.79564 2682.2424
501.7832 197.79308 2776.0454
519.9667 261.4168 2750.8433
444.07492 195.8945 2696.0933
424.90088 234.12935 2706.2676
416.544 320.68045 2746.3423
408.5234 396.69727 2812.141
465.52243 232.7574 2695.4622
473.49103 321.46017 2744.3486
475.2566 401.235 2843.5256
445.70816 103.03576 2644.283
442.83984 158.23094 2693.0962
408.75513 159.66164 2704.8018
396.72092 216.51321 2758.972
388.66226 274.70605 2671.7014
477.22217 156.78777 2681.3906
500.00845 200.34685 2763.7305
516.8609 264.17474 2770.0544
443.97302 195.63371 2695.2864
424.58267 233.6422 2704.5215
416.68155 320.0463 2744.7434
408.46628 396.23776 2812.3691
465.73352 232.30582 2690.4316
473.35294 321.36597 2745.1726
475.23853 401.3165 2845.5088
445.53748 102.88433 2642.2952
443.1275 158.41371 2690.551
408.98294 159.70354 2705.5566
396.68927 216.61981 2757.6953
388.07626 274.60815 2677.4873
477.65506 157.10942 2675.5454
499.3047 201.1426 2761.1309
514.41583 265.84164 2785.5781
443.93997 196.06404 2695.5295
424.08932 234.10362 2709.5989
415.98962 320.29742 2751.1619
408.35535 396.06345 2813.6294
465.54913 233.04391 2691.4172
473.42517 321.40582 2743.9712
475.17212 402.08447 2845.0352
445.6261 102.55874 2643.062
443.30728 158.71928 2691.844
409.34973 159.5203 2709.74
396.803 216.06331 2764.163
388.66895 273.8585 2697.7615
477.71942 157.90755 2673.9478
498.50708 203.97627 2753.5872
522.42 253.61241 2667.346
443.48114 196.66339 2697.8396
422.02985 234.63083 2715.2542
415.51175 319.50626 2754.6248
408.30048 395.00156 2813.989
465.46194 234.24596 2692.4165
473.60815 322.6262 2743.5479
475.1224 402.83563 2844.2668
445.71216 102.3563 2643.163
443.73236 159.28246 2691.8984
409.74277 160.0156 2711.7173
397.2414 217.05424 2768.99
388.9995 273.89365 2702.7617
478.22614 158.53844 2672.0793
497.30246 210.12204 2769.4875
513.46454 255.10638 2725.128
443.78046 197.08334 2698.0298
422.4217 234.82735 2716.6658
415.3751 320.16693 2760.8552
408.34274 395.3524 2815.9622
465.4338 234.59721 2691.6567
473.61816 322.71707 2742.705
474.92026 402.49182 2842.7676
445.82535 102.249535 2642.244
444.3204 160.157 2697.1108
410.59222 160.57484 2718.409
398.3645 216.76384 2777.6416
388.04865 273.42218 2699.2515
478.5855 159.7325 2675.8127
496.5595 212.90642 2778.5002
516.75476 261.54034 2682.5215
443.96533 198.55106 2703.8918
421.81506 236.6352 2724.4697
415.04666 321.43445 2769.2844
408.58157 396.8862 2820.3499
465.63202 236.87202 2696.876
474.0431 323.162 2739.9531
474.823 401.51352 2840.9805
446.05884 102.496185 2641.205
444.34985 160.45142 2695.8594
410.2962 160.99785 2716.283
398.97043 217.86314 2782.339
388.31546 274.04175 2707.4353
478.92343 159.89662 2675.4355
496.11145 213.65111 2777.895
506.4081 274.54843 2829.7593
444.1323 199.30258 2704.5303
422.11905 237.88243 2726.3237
414.97296 322.56537 2775.948
408.47513 398.17227 2826.1433
465.92505 237.92867 2700.0789
473.87164 322.18823 2736.9934
474.76132 400.67694 2840.1104
447.19965 101.94048 2641.8972
444.65744 160.34654 2698.6968
410.87457 160.70476 2721.0613
399.39862 217.35843 2786.6797
387.4569 272.6427 2718.8503
479.00488 159.98236 2676.3325
494.25742 214.63431 2769.3372
505.8435 275.4081 2820.5078
444.1908 199.24199 2706.309
421.75964 237.73753 2728.5066
415.04868 322.32092 2774.3604
408.38388 397.76703 2827.341
465.93137 238.10289 2699.336
473.65854 322.74487 2738.7063
474.80127 401.18753 2841.1362
446.82608 102.44757 2642.4094
444.7216 160.27916 2700.1484
410.7518 160.79614 2723.9246
399.78165 218.1711 2791.5193
388.1582 273.54987 2722.6548
479.29495 159.75302 2676.3726
493.79703 214.78404 2767.4307
515.0444 266.73428 2704.0625
444.4125 199.42407 2707.324
421.9637 238.25473 2730.0337
414.87204 323.0517 2777.32
408.2952 397.77484 2830.7273
466.50128 238.47055 2698.965
473.41534 325.2059 2739.9192
475.00354 401.53757 2839.0972
447.06335 102.574844 2643.0554
444.66156 160.208 2702.293
410.6791 160.68051 2727.06
399.84995 218.28932 2793.2961
389.13925 272.0981 2726.5527
479.2727 159.72673 2677.5256
492.37857 215.33873 2767.3374
502.61002 277.6583 2873.5813
444.27252 199.76938 2709.4365
421.1739 238.95947 2733.1733
414.45108 323.31946 2778.6138
408.358 397.71112 2830.7803
466.8763 239.28795 2699.9868
473.34753 326.6717 2743.687
474.72986 402.04807 2841.0745
447.23404 102.591965 2643.6848
444.87402 160.5764 2702.5557
410.7696 160.95288 2728.5586
400.22476 218.85188 2797.5864
389.37686 272.97937 2725.9937
479.6411 160.19263 2676.5527
492.44244 215.76625 2766.691
504.2577 272.47397 2829.45
444.3485 199.77269 2709.5818
421.22968 238.52188 2733.8748
414.35947 323.33038 2778.0981
408.45544 397.97946 2831.2073
466.71082 239.01369 2699.341
473.41763 325.50464 2742.2869
474.8182 401.94406 2840.8157
447.38934 102.35686 2644.1611
445.11945 160.75539 2702.5076
410.9758 161.08699 2729.1516
400.1298 218.86946 2798.4744
390.19223 272.91116 2731.7554
479.94308 160.41716 2675.8633
492.54645 215.81076 2767.1384
509.25803 259.3808 2774.4717
444.52487 199.78781 2709.934
421.53998 238.32579 2734.8782
414.34756 323.1638 2777.2625
408.46887 397.96603 2832.3833
466.61765 238.89162 2699.8433
473.5889 325.95514 2743.3198
474.8269 402.03708 2841.2898
447.5764 102.41204 2645.9158
445.34592 160.78728 2701.8901
411.08145 161.23647 2730.7236
400.0548 219.02849 2800.7979
390.12988 272.9175 2739.255
480.34958 160.32838 2673.0564
492.77698 215.36024 2767.176
504.59937 272.92532 2818.6692
444.8252 199.83638 2711.1145
422.21402 238.38031 2738.9934
414.1434 323.36304 2776.8582
408.57562 398.37115 2833.323
466.70712 238.86435 2701.6846
473.6398 325.65134 2745.3323
474.68457 401.591 2842.2153
448.1286 102.83101 2648.7012
445.6137 160.96603 2702.5527
411.40955 161.3282 2731.4216
399.94702 218.89287 2801.1953
390.54877 272.22354 2727.1372
480.5565 160.59604 2673.6838
493.20697 215.34518 2769.0066
505.1119 273.79492 2826.1235
444.99344 199.96355 2711.499
422.22534 238.4069 2739.2024
414.137 323.27426 2778.4229
408.90317 398.4752 2835.8198
466.8368 239.0064 2701.6882
473.71442 325.08582 2744.1694
474.79727 402.22864 2837.8394
448.19064 103.13034 2650.2593
445.70496 160.92049 2702.705
411.42548 161.18686 2731.808
399.8229 218.83191 2802.3474
390.5728 272.23322 2726.0095
480.7307 160.64832 2673.602
493.70288 215.39522 2767.9985
504.82172 275.01312 2835.761
444.96323 199.90671 2712.2097
422.12872 238.25856 2740.544
414.3025 323.08597 2780.2712
408.9238 398.47043 2833.6213
466.6326 238.98773 2702.8845
474.1066 325.57855 2745.3958
474.70068 402.0231 2838.9639
448.11053 103.330154 2650.9595
446.05453 161.12425 2701.7375
411.5028 161.2379 2730.554
399.73376 219.10857 2800.7463
390.14297 271.63498 2731.6152
481.3513 161.00816 2672.9211
494.07748 215.54865 2766.1912
505.3628 276.12997 2830.746
445.13358 200.12563 2712.7449
422.185 238.36113 2742.2185
414.4931 323.36526 2780.3992
407.0537 401.65125 2841.5972
466.55585 239.26854 2705.286
474.29135 325.56866 2746.4832
474.5871 401.699 2839.8838
448.58835 103.76904 2654.9785
446.03952 160.90121 2701.329
411.4967 161.16534 2730.7795
399.73224 219.13191 2802.6426
389.24792 272.13016 2727.872
481.3438 160.63127 2671.8787
494.42667 215.41612 2764.9556
506.6562 275.0843 2814.0476
445.271 199.92043 2713.5515
422.51428 238.22423 2744.6306
414.61057 323.68393 2778.3992
407.88242 400.9137 2835.4775
466.8109 238.9603 2706.9172
474.1843 324.6498 2746.2231
474.51553 400.94177 2840.6086
448.79065 104.1456 2655.1326
446.20316 160.57295 2702.1438
411.64093 160.73749 2731.3713
399.54617 218.97404 2801.9082
390.43985 271.9285 2731.3179
481.52124 160.40482 2672.9163
494.6242 215.17844 2765.0508
506.09192 274.70923 2824.7456
445.31802 199.8207 2713.649
422.41382 238.30862 2743.8762
414.95786 322.9154 2776.4448
408.2869 400.1818 2833.6982
466.7716 239.17139 2706.432
474.29242 325.10675 2745.266
474.3442 401.19095 2839.6843
448.91504 104.4713 2655.755
446.80313 160.97438 2703.3318
411.83655 160.84392 2732.0906
399.3399 218.9093 2803.0493
391.01062 273.45975 2726.905
482.52164 161.10764 2674.573
494.90558 215.2868 2763.0396
505.66858 275.32062 2831.29
445.59332 200.21895 2714.6885
422.3744 238.53583 2744.249
414.9197 323.05032 2775.512
408.3814 399.93207 2831.3572
466.70892 239.7453 2707.8413
474.39108 325.4033 2745.4282
474.34192 401.31827 2839.7478
448.78018 104.438705 2655.9436
447.0497 161.3191 2703.3865
412.01025 161.10678 2732.684
399.22958 218.94487 2803.7478
388.58148 273.78064 2722.8848
482.857 161.5361 2674.0889
495.21628 215.37091 2761.966
502.92697 276.55338 2861.9946
445.7435 200.38718 2714.9875
422.59344 238.46954 2744.959
415.34863 323.0429 2775.0442
408.55954 400.37524 2829.088
466.59988 239.78488 2708.2183
474.37497 325.38406 2745.3555
474.30237 401.34958 2839.3398
448.48367 104.29238 2656.41
447.3113 160.83817 2703.4045
412.5657 160.62177 2733.7039
399.321 218.32472 2804.7368
390.2398 272.98813 2721.9546
482.8446 161.05946 2673.1052
495.39606 214.9721 2761.4268
505.95282 274.25836 2819.1938
445.96103 200.07077 2715.219
422.9734 238.2885 2746.0134
415.3049 323.0296 2775.9634
408.8639 400.38684 2826.034
466.57492 239.64783 2708.0535
474.1646 325.49152 2746.4163
474.24628 401.475 2839.9873
448.62518 104.10504 2656.2844
447.3808 160.96397 2703.3542
412.61832 160.89075 2734.3135
399.46185 218.6094 2803.8518
391.23926 274.0172 2727.2578
482.94873 161.03891 2672.395
495.55222 214.85881 2760.5793
504.63068 272.5589 2838.4216
446.19016 200.08263 2715.1765
423.8181 238.27933 2745.967
415.2766 323.05453 2775.9614
408.94296 400.4172 2818.3398
466.4984 239.45303 2708.0303
474.19778 325.4682 2747.488
474.1876 401.53094 2841.813
448.84534 104.07731 2655.681
447.93097 160.95471 2703.8623
413.0709 160.95001 2733.617
399.37515 218.80879 2803.9746
390.94656 274.89197 2724.0752
483.5668 160.9595 2674.1077
496.4397 214.89613 2759.3542
508.23172 270.972 2802.4944
446.85684 199.82666 2714.2869
425.2973 237.90251 2742.2708
415.2138 323.25873 2776.475
409.08585 400.00272 2820.0303
466.5505 238.90631 2707.152
474.42636 325.00482 2748.3203
474.22696 401.46133 2841.739
448.95648 104.164604 2655.6843
447.9018 160.5844 2703.389
413.18533 160.44017 2732.5083
399.5346 218.29016 2802.7854
391.42233 274.1372 2722.7803
483.37427 160.73177 2674.2698
496.22998 214.71962 2761.1934
507.01053 268.23483 2790.729
446.66696 199.55847 2714.098
424.6168 237.64291 2742.3506
415.27213 322.79144 2777.6704
409.7541 398.741 2817.0823
466.53683 238.81703 2707.2632
474.61554 324.85056 2747.5955
474.32175 401.50696 2841.356
449.1165 104.35537 2656.4248
447.77713 160.54764 2703.2908
413.10016 160.4139 2731.8945
399.56888 218.302 2801.7195
391.06946 275.03625 2724.3289
483.19583 160.68423 2674.6868
496.01663 214.7997 2762.02
511.51962 259.95724 2738.5522
446.56488 199.46257 2714.114
424.4204 237.49702 2742.29
415.4155 322.37592 2779.632
409.7463 398.3987 2821.4246
466.57257 238.64706 2707.5847
474.9937 324.25223 2745.7954
474.4268 401.36798 2839.6882
