331.87363 100.94228 2799.6528
334.76733 144.30624 2808.6694
302.12567 146.49864 2799.3276
293.17465 203.64105 2876.8398
287.92188 265.0017 2860.384
367.19257 142.12839 2818.011
381.91595 206.92107 2876.7627
384.51993 267.3844 2801.6572
337.8538 188.12683 2822.8125
321.0058 233.02573 2831.191
310.46594 311.6973 2961.088
307.37885 389.51373 2906.6907
360.73242 230.00139 2842.7202
360.2204 309.39685 2969.9563
366.3939 384.59668 2925.9944
331.5298 102.4935 2791.7969
334.65494 146.11221 2805.4536
301.99625 148.60127 2796.4016
293.19632 204.53317 2878.9097
287.96082 266.0757 2849.3103
367.10358 143.63916 2814.5059
380.95346 206.90788 2873.3855
384.25946 267.9799 2804.362
338.07336 189.95181 2821.9985
321.57043 234.96852 2832.957
311.82114 314.82098 2948.0068
307.52957 392.0233 2905.682
361.25534 231.59882 2844.1296
360.2413 311.3548 2966.0632
366.47675 386.19553 2926.3074
331.35147 101.93375 2794.8794
334.5914 145.57852 2807.166
301.95737 148.1286 2798.041
293.17783 205.44334 2876.9631
289.8314 267.4585 2841.5999
367.01398 143.04498 2816.291
381.52972 207.32452 2873.7024
384.12796 268.20404 2801.6907
338.105 189.38841 2823.194
321.70642 234.43076 2833.591
310.68494 313.86475 2952.1418
307.16962 389.58273 2903.0908
361.3728 230.9834 2844.8535
359.7877 310.25183 2972.8508
366.2222 384.8302 2926.1807
331.21576 101.906815 2797.4197
334.65588 145.43944 2806.9673
302.02393 148.06447 2798.075
293.474 203.81439 2873.1648
290.9316 265.63077 2843.24
367.0818 142.831 2815.8594
380.7591 207.31046 2871.8547
384.06314 268.41965 2801.0674
338.28256 189.24203 2821.9897
321.98453 234.35046 2831.5247
310.66803 313.43384 2954.772
307.33807 390.1289 2901.6526
361.6804 230.81783 2842.5
360.1155 309.83777 2974.35
366.5134 385.6095 2921.3665
331.01392 101.53312 2798.1877
334.66953 145.03564 2807.1628
302.0457 147.74297 2798.4592
293.34518 204.92036 2877.089
291.312 266.96463 2842.256
367.0917 142.34503 2815.8662
380.22083 207.03134 2873.4304
384.2923 268.18735 2804.3865
338.4231 188.82248 2821.0684
322.24225 233.9976 2829.6028
310.00317 313.20502 2950.702
307.45297 389.35452 2905.9336
361.9622 230.36884 2840.3452
359.56985 310.12173 2964.2578
366.70334 385.4128 2922.6982
331.98773 100.78584 2799.0603
335.05533 144.29869 2807.8718
302.42252 146.63025 2797.8608
293.28268 205.7721 2879.0325
291.58176 267.97052 2836.3015
367.45633 141.98369 2817.8826
379.98093 206.83191 2877.713
384.43713 267.79333 2802.5203
338.37128 188.1066 2820.6372
321.74033 233.13446 2827.224
309.61487 312.13187 2952.2625
306.75586 390.07953 2902.546
361.4877 229.91212 2839.5813
359.00452 308.75687 2974.4558
366.08997 384.8354 2923.6567
331.77972 100.73594 2802.0076
334.6998 144.271 2809.4956
302.0663 146.48521 2800.4888
293.22244 206.26146 2877.023
291.71536 268.5095 2837.1428
367.12476 142.07094 2818.5022
379.71204 207.10483 2877.3594
384.2188 267.98727 2800.7695
337.8445 188.0643 2821.612
321.03256 233.00758 2828.1704
309.37604 311.97266 2954.1943
306.50668 390.06934 2907.4126
360.8141 229.96457 2839.2869
358.70682 309.61407 2964.8262
365.94934 384.34183 2924.4265
331.60953 101.11108 2789.9824
334.32736 144.9949 2806.1897
301.63824 147.13371 2798.7805
293.21707 206.53427 2878.025
291.77457 268.81464 2839.332
366.8443 142.86736 2813.5989
379.68695 207.17882 2872.174
384.11533 268.16638 2799.8792
337.22867 188.85843 2823.9482
320.2015 233.61636 2837.134
309.49643 312.09418 2967.1304
306.49588 390.1525 2916.6936
359.92203 230.73572 2846.2793
358.14682 309.72562 2977.2107
365.43063 385.37958 2933.3467
331.73923 101.387505 2794.465
334.3721 145.25229 2807.4749
301.68652 147.22041 2799.7786
292.66113 207.00941 2873.5107
291.82068 268.96365 2840.439
366.87894 143.29492 2815.1711
379.84726 204.56398 2872.2544
385.22882 265.38953 2806.4568
337.08453 189.11049 2823.3848
319.8521 233.823 2834.545
309.55807 313.55234 2950.477
306.93155 390.16602 2904.2778
359.61456 231.13583 2844.0442
358.8073 310.7084 2968.5178
366.15167 384.95734 2925.4326
331.74924 101.743065 2796.71
334.19904 145.53108 2808.1006
301.51236 147.40656 2800.5728
291.9582 207.01683 2868.7603
291.84796 269.04282 2839.315
366.71094 143.66563 2815.6284
379.89938 203.16113 2875.4004
385.31116 263.7852 2810.0972
336.78732 189.39064 2823.8677
319.42834 234.04945 2834.9893
309.31628 313.56284 2953.9048
306.89032 390.60364 2906.8738
359.20026 231.48105 2844.2803
359.13983 310.62155 2973.5596
366.087 385.80627 2924.0703
331.13675 101.45138 2797.831
333.97888 145.1172 2809.1182
301.32254 147.23366 2801.2603
291.59848 206.81616 2865.884
291.87222 269.0725 2836.6035
366.45306 143.01254 2816.976
379.79767 204.711 2879.7026
384.66028 265.0001 2805.4612
336.9047 188.9414 2824.4482
319.8943 233.73225 2834.9287
309.83603 313.91986 2945.736
307.76904 389.02573 2907.6536
359.63562 230.85759 2844.6277
360.05087 310.05118 2973.4878
366.69067 384.7346 2925.2605
331.53772 101.49446 2799.3923
334.18732 145.01706 2809.6099
301.5385 147.09953 2801.094
291.40952 206.9044 2863.4417
291.89597 269.06287 2818.489
366.6388 142.94716 2818.1257
379.85913 202.61449 2880.3787
385.29337 263.03015 2814.7847
337.09613 188.83485 2824.2676
320.06866 233.63226 2833.67
310.6115 313.77368 2946.6575
307.37817 390.0832 2904.5952
359.80762 230.77339 2844.1807
360.12292 309.69672 2976.441
366.54907 384.8197 2923.5059
331.75525 101.70336 2799.6682
334.19678 145.3765 2810.1992
301.5462 147.31311 2801.4143
289.92426 206.85463 2854.2185
291.9406 268.76642 2805.2803
366.64386 143.45195 2818.9841
379.75934 203.45207 2883.1917
385.8961 263.9376 2818.7886
336.91946 189.19606 2824.766
319.70575 233.91428 2833.9114
310.18704 313.41367 2954.4155
306.81653 390.48993 2906.6614
359.44684 231.2229 2844.7544
358.96677 310.4979 2972.6511
366.21265 386.1295 2922.0483
332.0974 101.91312 2799.8005
334.46216 145.65674 2810.4421
301.81723 147.57547 2801.1804
289.05914 206.81325 2848.098
292.03537 268.48376 2787.07
366.89267 143.75064 2819.704
379.7183 204.76155 2884.0947
385.88974 265.3057 2817.6777
337.16098 189.47493 2825.545
319.93536 234.17294 2834.932
310.47675 313.2414 2960.2744
307.3759 390.05994 2908.2285
359.64688 231.48682 2846.3635
359.71704 310.2163 2979.8015
366.63477 385.47922 2922.8477
332.42896 102.02102 2799.3704
334.5538 145.75273 2810.6006
301.9068 147.53186 2800.7327
288.43738 205.12299 2830.5405
293.4456 266.60788 2764.3477
366.97238 143.98604 2820.4683
379.8468 203.44966 2882.3438
386.03345 264.06274 2822.626
337.0745 189.5801 2826.0967
319.67758 234.20122 2835.503
310.82663 314.48938 2945.946
306.69174 389.77603 2908.178
359.37274 231.66315 2847.6826
359.73502 310.88693 2974.777
365.92496 386.2109 2921.9478
332.43158 102.01589 2788.6587
334.21115 146.14816 2808.3254
301.5225 147.71588 2798.6016
288.26605 204.75664 2813.7893
296.89307 265.04678 2731.391
366.67422 144.59128 2818.0496
379.85315 204.26663 2884.154
386.23636 264.66757 2822.508
336.3085 189.99927 2831.0088
318.55524 234.28743 2847.691
309.6242 314.21768 2958.6536
305.89844 389.41663 2920.9934
358.10654 232.02382 2859.6934
358.1863 310.69855 2989.5066
364.9815 386.05508 2933.83
332.12012 101.336784 2793.3037
333.77515 145.25471 2810.0007
301.10144 146.75194 2800.1235
288.00192 203.96161 2789.895
299.66507 262.0649 2681.35
366.21994 143.768 2819.878
379.8819 205.31616 2888.581
385.98288 265.806 2827.2744
335.8323 189.107 2830.5083
318.02213 233.42438 2844.9204
309.6635 313.37543 2957.9504
306.60144 389.61215 2906.1433
357.61298 231.23708 2857.1116
359.3394 310.95477 2974.3264
365.6625 384.53525 2921.8164
332.59717 100.79564 2803.7861
333.8924 144.36919 2814.0276
301.28375 145.46104 2800.913
287.76538 199.65736 2745.724
308.55054 248.09842 2574.1553
366.19852 143.28745 2827.1418
379.77362 205.73969 2891.3962
386.05908 266.45477 2828.19
335.61807 188.17175 2828.5488
317.45633 232.4413 2834.9778
310.2304 312.0125 2957.6792
306.74472 389.60532 2906.6848
357.08304 230.61763 2851.1624
359.4643 309.78006 2977.4016
365.4474 385.96664 2924.455
332.46832 100.90502 2811.8628
333.84778 144.25484 2816.9758
301.3299 145.16547 2799.855
289.7455 195.47693 2717.8577
314.41956 236.79633 2526.4746
365.97278 143.35521 2834.0964
379.85165 205.64523 2892.198
386.21674 266.28058 2826.4553
335.55566 187.98898 2827.4878
317.38696 232.2815 2827.4316
310.29825 312.02924 2950.913
307.11066 390.67883 2896.6929
356.96747 230.52335 2848.568
359.7441 309.44012 2978.4473
365.99448 385.7163 2923.079
331.8793 102.405655 2806.9678
334.09097 145.82626 2815.2778
301.7034 147.34569 2793.4575
292.72537 192.68538 2690.962
320.5073 224.77213 2474.061
365.98035 144.3302 2837.0981
379.7767 205.60869 2892.1924
386.23932 266.23553 2826.7048
336.60876 189.55495 2829.849
319.39163 234.17545 2830.9473
311.1916 313.1318 2960.358
309.01575 391.71692 2909.633
358.62408 231.50838 2857.8936
361.44562 310.12518 2987.935
367.67798 386.77368 2933.6685
331.92148 102.440796 2804.477
334.53598 145.96075 2815.222
302.25998 147.72868 2789.8813
295.38297 189.0282 2672.4956
325.832 209.86023 2438.296
366.2361 144.22437 2840.5625
379.7765 206.12344 2895.6228
386.32086 266.15866 2824.4214
337.40338 189.68057 2831.7073
320.65323 234.44865 2832.5564
310.16125 311.93283 2973.9968
308.32132 389.3974 2906.0808
359.60812 231.35689 2863.829
360.56116 310.57785 2985.3833
367.2427 385.83304 2930.5684
332.06772 102.45729 2812.2302
334.95258 145.76216 2819.0046
302.94427 147.49147 2787.517
296.23083 183.40216 2642.7727
331.92102 194.57227 2415.2607
366.2537 144.07106 2850.4922
379.84952 206.13757 2894.3247
386.34387 266.17157 2818.2612
338.0158 189.41202 2833.7632
321.61795 234.25832 2829.0818
310.6618 311.69617 2971.944
308.1322 389.98138 2900.243
360.21323 230.98317 2867.962
359.7109 310.11557 2989.9956
367.1786 385.676 2927.4268
332.10825 101.66501 2805.5999
335.08752 145.1894 2817.138
303.38354 147.01656 2778.7993
297.28214 177.68195 2614.3853
338.39645 178.55426 2398.623
365.94016 143.41133 2855.4768
379.93936 206.37624 2894.6885
386.3433 266.225 2814.1296
338.24988 188.86531 2836.2197
322.21313 233.78986 2831.6304
310.1945 312.01968 2963.4873
307.64145 388.8082 2907.383
360.21185 230.15518 2878.9724
359.10193 309.0737 3000.7522
366.61856 384.81784 2934.144
332.24292 100.667946 2802.7761
335.18832 144.49458 2816.5317
303.60995 146.37593 2775.332
300.49155 172.62703 2585.195
344.9905 162.9733 2386.8801
365.85617 142.66748 2857.7317
379.8604 206.406 2896.8489
386.3479 266.24738 2818.069
338.43073 188.18303 2836.872
322.59705 233.16512 2831.8022
310.69962 311.59793 2962.194
307.4697 389.62024 2904.5615
360.32135 229.36758 2882.6223
358.5878 309.3128 2989.4907
366.61975 385.0047 2931.219
331.77292 101.032974 2800.8574
335.39716 144.52641 2816.1873
303.8128 146.71707 2775.4167
303.2202 167.81819 2566.5923
349.33096 148.63095 2392.621
366.08005 142.39827 2856.9578
379.96384 206.29625 2895.9236
386.33643 266.2768 2814.9841
338.96252 188.19208 2837.8218
323.4584 233.28929 2834.3064
310.59293 310.98376 2970.5176
308.08398 389.82492 2909.2158
361.1579 229.14116 2884.606
359.68387 309.8281 2980.3665
367.54974 385.77216 2924.7437
331.41833 101.00124 2800.9517
335.365 144.3886 2814.3252
304.379 146.57716 2764.2717
305.14874 162.12175 2553.3562
352.1558 137.22305 2395.07
365.26807 142.2765 2864.379
380.02234 206.33208 2895.5032
386.31903 266.34366 2813.389
339.26776 188.0581 2834.6423
324.4503 233.38052 2824.0173
310.35547 311.75757 2953.34
308.08005 390.86606 2894.072
361.37946 228.8804 2885.9014
359.10803 309.31146 2985.311
366.88992 385.70932 2926.1768
331.31577 100.96298 2817.1755
335.96362 143.59683 2822.9553
304.4998 145.96652 2782.4675
311.65118 151.65883 2538.0574
359.28357 117.70983 2405.104
366.5377 141.29414 2863.4429
379.95227 206.28143 2894.616
386.3031 266.40048 2811.6555
340.3323 187.06975 2835.6687
325.60666 232.36142 2823.4006
310.13065 309.7382 2961.8005
307.6279 388.81833 2908.0413
363.38593 227.98616 2873.3638
360.251 308.40204 2977.759
367.2173 385.4885 2918.562
330.95956 100.65624 2808.0723
335.94812 143.48064 2819.2341
304.56424 146.35799 2777.3833
313.44333 148.9169 2539.5205
361.49094 112.86751 2415.5464
366.41385 140.68745 2861.085
379.99423 206.0444 2895.34
386.3208 266.35272 2816.8599
340.7945 186.96942 2836.0625
326.65314 232.47836 2827.0757
311.20438 310.42184 2958.2139
308.20392 389.71027 2908.4768
364.17477 227.45735 2878.7063
359.99655 307.64096 2984.5457
367.52414 385.64575 2926.5874
330.9003 100.35078 2814.5088
335.92844 143.08963 2821.601
304.46533 145.90004 2781.3076
315.0204 146.67726 2541.2554
362.60117 107.73345 2432.3132
366.50558 140.35837 2861.8945
380.1166 205.6274 2895.674
386.352 266.24814 2819.4666
340.8481 186.52684 2835.0586
326.68854 232.02255 2823.6584
309.98553 309.54587 2957.9392
307.05917 390.01135 2900.469
364.42477 227.12738 2873.3738
359.51297 308.2014 2967.9292
366.75516 386.32913 2917.7803
330.75565 99.290985 2808.2505
336.0493 142.20811 2818.8901
304.80817 145.31262 2774.993
316.145 145.6716 2542.1423
362.97418 104.280716 2442.5176
366.33234 139.19882 2862.7876
380.07492 205.61906 2895.8706
386.36523 266.17783 2820.8027
341.3549 185.65726 2834.8809
327.75262 231.33116 2823.777
310.36768 308.47458 2961.138
308.12903 389.1038 2906.0623
365.09442 225.95786 2877.9658
359.7774 306.5938 2977.7642
367.17813 385.5336 2926.1492
330.17267 99.23835 2804.0955
335.4996 142.3237 2816.8267
304.29733 145.49236 2771.748
317.05157 145.37871 2542.0657
363.2732 102.499016 2450.5308
365.71896 139.25485 2861.9053
381.0431 204.82246 2896.4363
386.34836 266.25296 2816.3826
340.80743 185.81241 2834.6672
327.2626 231.52649 2824.6953
309.18646 308.8515 2957.9248
306.53192 390.80084 2905.3518
364.47235 226.04124 2880.32
357.74384 306.9127 2974.3035
365.91296 386.3346 2924.1226
329.5359 98.893295 2803.0408
335.11813 141.97272 2814.8872
304.62656 145.05547 2760.0059
316.36084 146.90863 2541.5498
363.21246 104.691376 2453.4082
364.44348 139.00787 2869.7683
380.36758 205.00261 2894.742
386.31613 266.31558 2819.2239
340.55255 185.48112 2834.2512
327.5862 231.30534 2819.6768
310.4099 309.38135 2948.3706
307.5342 390.24445 2897.2075
363.80945 225.5611 2887.554
357.94287 306.57794 2977.423
365.83 385.9483 2930.6128
329.6293 101.27349 2812.4893
335.58112 143.65764 2819.5554
305.00806 146.69572 2765.843
317.15787 148.63638 2542.7634
363.56866 106.293434 2448.37
365.01114 140.73314 2873.2676
380.1927 204.91435 2895.8752
386.35056 266.2413 2820.6482
341.24158 187.03667 2834.192
328.46387 232.82451 2815.7183
310.2941 309.7439 2954.9707
307.77856 392.13977 2899.059
364.80157 227.18098 2881.9385
360.0433 308.67697 2966.764
367.47455 387.85095 2920.6284
329.92404 100.878716 2816.72
335.68698 143.33151 2821.684
305.03882 146.28374 2768.879
316.6558 152.04411 2544.8838
363.4885 110.12231 2450.628
365.20914 140.48776 2874.4893
380.21838 205.25916 2895.9414
384.89145 266.04904 2814.47
341.31546 186.68253 2834.8267
328.43082 232.42256 2815.4001
309.40244 310.06918 2944.662
306.9475 389.83725 2904.2615
364.9357 226.90736 2880.5383
359.32925 308.34183 2966.596
366.57358 385.33197 2924.1572
330.1626 101.51306 2809.82
335.681 144.23361 2817.3381
305.15875 147.10323 2761.9395
315.8375 155.16591 2547.9294
362.88748 115.90665 2438.5776
365.02603 141.47466 2872.7368
380.06018 205.21866 2894.4592
385.54956 266.23862 2813.0574
341.0261 187.69397 2833.5237
327.96463 233.44691 2815.5264
309.36572 310.64114 2950.5454
306.79514 391.04184 2904.4126
364.22134 227.94043 2883.8923
358.2117 308.97946 2973.9539
365.84363 387.4202 2928.63
330.51373 102.47264 2806.3787
335.86215 145.02672 2816.046
305.36087 147.87296 2760.0596
315.4368 159.921 2550.4597
362.69394 126.7063 2422.342
365.17426 142.29143 2872.032
379.90762 203.00887 2895.2275
384.5469 263.33154 2816.098
341.01447 188.53061 2834.091
327.79205 234.26427 2817.5928
309.05103 310.6894 2959.4907
307.0444 390.37662 2909.7175
363.97287 228.77032 2886.68
358.5999 310.1637 2969.9607
366.05176 386.65094 2928.9417
330.38974 102.02309 2803.1646
335.64996 144.93483 2814.6091
304.92987 147.80595 2761.285
313.34344 165.82999 2560.7346
359.7471 137.01408 2412.572
365.2277 142.17047 2867.933
379.97794 204.0067 2895.6157
385.54443 264.10278 2817.8008
340.72122 188.47484 2832.9985
327.27005 234.19948 2818.4783
308.89072 310.3393 2964.086
306.76096 389.7352 2907.72
363.76294 228.76967 2884.2979
358.875 310.17758 2968.9023
366.06512 385.83456 2923.6948
330.77814 101.61705 2803.0552
335.67792 144.76457 2814.7986
304.79553 147.66762 2763.8164
310.3085 172.20482 2572.8691
356.7086 149.57782 2406.2324
365.4615 141.9648 2865.7808
379.84442 204.68706 2894.3071
386.0219 264.92245 2818.8044
340.7387 188.30573 2832.941
327.16608 234.01437 2819.6206
309.05173 311.04175 2956.1167
307.29657 388.8387 2908.5515
363.89877 228.63052 2882.546
359.3145 309.90903 2970.2856
366.51025 385.5745 2923.2874
330.94275 101.407455 2801.0046
335.61267 144.61142 2813.8896
304.4578 147.57503 2767.065
307.71588 177.63724 2584.9407
352.22482 163.62932 2399.5576
365.74765 141.74481 2860.7144
379.88867 205.01993 2893.1577
386.21448 265.49615 2820.4062
340.5967 188.17757 2832.4507
326.76065 233.85683 2822.107
309.07755 311.28333 2954.7197
306.89102 389.6182 2911.6924
363.89456 228.54991 2879.9163
359.54272 309.93283 2967.396
366.1861 385.41275 2924.387
330.5834 104.20454 2821.462
335.60114 146.22879 2819.8606
304.25623 148.98912 2776.84
306.45654 182.13583 2602.9114
345.64322 178.37422 2395.9124
366.00403 143.55142 2862.881
379.88013 205.21341 2892.612
385.424 265.72803 2817.0168
340.90994 189.53264 2826.7842
327.1553 235.12741 2807.1548
309.94324 312.67896 2943.5215
307.56497 391.94574 2891.6392
364.87677 230.16881 2860.2607
359.9702 311.43085 2956.4094
367.53275 389.53235 2904.8547
330.33893 104.40691 2822.2063
335.54993 146.44478 2820.5273
304.18738 149.27931 2777.9143
304.90186 187.35059 2616.9646
339.8098 191.17253 2394.7097
365.9789 143.69461 2863.1404
379.97308 205.99849 2893.8047
385.88846 265.9576 2813.5195
340.96597 189.75298 2827.0352
327.31143 235.40204 2807.2527
310.15268 311.9018 2954.3428
307.28726 390.4406 2907.3787
365.05267 230.36914 2859.833
359.61313 310.52435 2970.5098
366.98935 387.06985 2918.8684
330.47803 103.61936 2811.5925
335.2436 146.24474 2816.9814
303.66467 149.17926 2777.8552
302.80548 191.39258 2637.0022
332.8475 205.86488 2415.9006
365.9573 143.39062 2856.108
379.96255 206.06442 2892.9167
386.14294 266.09933 2811.7224
340.32678 189.69484 2828.8345
326.2315 235.31062 2816.5386
308.82617 311.08957 2967.8752
306.1644 389.9235 2917.435
364.18097 230.29669 2864.8362
358.48566 309.70886 2983.4868
366.02832 386.49548 2923.6343
330.12326 104.45792 2816.773
334.76355 146.99113 2818.6367
303.04474 149.85419 2782.3894
298.27884 194.8227 2661.5
323.97903 219.10747 2440.551
365.67688 144.20078 2854.884
379.8423 206.0128 2892.4675
386.254 266.19705 2810.8225
339.78287 190.41464 2827.8079
325.49872 235.99203 2814.6096
309.01138 313.30933 2951.6926
306.39536 391.09683 2905.6233
363.73926 231.16084 2859.3484
359.07437 311.61072 2966.2917
366.18857 386.84552 2919.315
330.45096 103.416016 2808.8923
334.6052 146.3655 2815.7446
302.6402 149.11397 2784.344
294.78033 197.07933 2674.7957
316.5251 230.68585 2467.9055
365.86508 143.67764 2847.1455
379.79523 206.17308 2892.2578
386.39902 266.16507 2807.9229
339.15427 189.91173 2827.8306
324.24677 235.35832 2820.5315
308.84897 312.56357 2959.9873
306.0682 388.8339 2916.6924
362.81915 230.84712 2859.3015
359.15332 310.63232 2975.593
365.57498 385.29184 2922.852
329.95557 102.55555 2804.4224
334.01672 145.59074 2814.2002
301.8355 148.52367 2789.565
293.0997 199.56969 2686.901
311.1014 241.40723 2500.2288
365.63937 142.70871 2838.8354
379.77213 206.15434 2892.1326
386.4773 266.15683 2806.426
338.5145 189.18599 2828.5134
323.41092 234.59566 2827.6145
309.53635 312.61182 2959.4272
306.29572 388.7971 2914.9338
362.3149 230.11285 2858.0386
359.13074 309.504 2980.446
366.12677 384.9595 2919.1516
330.31183 101.85942 2803.1812
333.88583 145.005 2812.3772
301.61472 147.36052 2787.379
291.39807 202.96901 2702.9507
305.32922 250.77768 2532.4736
365.58832 142.69102 2837.3757
379.72528 205.91278 2888.5627
386.50735 266.164 2805.669
337.64087 188.7013 2826.4077
321.75885 233.87416 2825.0183
308.14276 313.21976 2942.6082
305.7492 389.32544 2903.82
360.74716 230.07825 2855.8582
357.8227 309.3632 2980.5774
365.523 386.38867 2919.029
330.1388 103.20252 2801.5686
333.5083 146.35127 2811.5242
301.15652 148.5235 2787.8503
289.66156 204.63716 2725.9854
299.07507 256.165 2568.8826
365.31982 144.2153 2835.198
379.70224 205.99059 2886.7842
386.51645 266.1725 2805.3125
336.9355 190.08908 2826.3462
320.67645 235.14198 2826.5627
309.08243 314.58768 2945.7852
306.11438 391.31412 2907.2676
359.7763 231.61726 2855.7734
358.48782 310.73407 2981.8027
365.77707 386.56445 2924.0088
330.04135 104.52247 2811.268
333.2487 147.26541 2813.7712
300.8095 149.3319 2794.6213
288.96597 204.79747 2743.9895
295.49857 258.72427 2600.1917
365.2493 145.22688 2832.9211
380.76184 206.44704 2886.419
386.50537 266.18967 2805.1555
336.5638 190.93718 2823.481
320.0499 235.93777 2821.37
309.34998 315.6412 2940.6272
306.41208 390.78314 2901.6658
359.49796 232.69496 2845.0115
359.49112 312.71185 2962.7
366.54062 387.38248 2913.7751
330.33194 103.443634 2815.6118
333.43314 146.08276 2815.7988
300.95923 148.0834 2799.1753
288.78424 204.51804 2756.9976
292.50885 260.15384 2630.8203
365.52585 144.1056 2832.4226
380.26877 206.53128 2883.2175
386.48444 266.21875 2805.077
336.63904 189.72432 2823.575
319.9692 234.6675 2821.094
309.8132 313.97067 2946.6943
307.02603 388.85794 2909.6274
359.54205 231.59598 2841.6082
359.8727 310.75143 2971.0007
366.5308 385.03046 2919.368
330.48248 101.92954 2797.2874
333.29324 145.28333 2809.8557
300.69992 147.3486 2797.023
288.45853 204.66159 2768.0166
290.87238 260.63818 2647.611
365.59024 143.23683 2822.6882
381.08563 206.43095 2879.612
386.50632 266.23373 2804.9827
336.25864 189.05898 2826.0996
319.3563 233.83533 2834.4236
309.73706 312.618 2963.1448
306.69342 388.12094 2923.2776
358.9137 230.84155 2850.2634
358.8807 309.3806 2984.8586
366.03973 384.04807 2932.034
330.42505 101.700005 2798.615
333.26794 145.08307 2810.0244
300.65424 147.19853 2798.946
288.1008 204.65288 2776.509
289.66623 260.6887 2656.5261
365.6255 142.9842 2821.103
381.42868 206.06818 2875.3044
386.38647 266.19995 2804.3774
336.26514 188.8743 2825.968
319.3763 233.67282 2835.076
309.77884 312.80173 2959.7324
307.05594 389.56842 2904.1191
358.9859 230.68274 2848.7473
359.17618 310.67157 2965.7634
366.83514 385.02966 2921.6597
330.73508 101.9769 2788.787
333.34094 145.66272 2807.1392
300.66614 147.71625 2799.067
287.6919 204.72105 2777.7747
288.95547 259.2758 2641.3767
365.82837 143.62097 2815.2114
381.76413 206.04895 2870.6519
386.38843 266.152 2801.755
336.0926 189.50848 2828.1072
318.96695 234.10864 2844.0933
308.82132 313.74207 2958.294
306.8394 389.29413 2918.2534
358.57126 231.314 2854.0571
358.94116 310.79922 2975.7246
366.1644 386.04404 2930.896
330.76895 102.54355 2784.8643
333.4065 146.25616 2806.091
300.7097 148.32762 2799.2454
286.71158 203.14879 2774.888
286.09875 256.0712 2622.9983
365.94412 144.19476 2812.9365
382.20413 206.45909 2869.3237
386.34915 266.1876 2795.609
336.12115 190.11578 2829.3745
318.9723 234.6446 2848.434
309.5981 314.78268 2955.6384
307.16718 390.5178 2910.9543
358.55215 231.8784 2856.882
359.2667 311.19965 2979.555
366.48715 386.19046 2928.1025
330.54486 101.892044 2781.4033
333.13635 145.97638 2804.9255
300.42065 148.07634 2799.3967
283.95535 201.23991 2774.9446
281.36847 250.95067 2603.2778
365.72336 143.88467 2810.454
382.94727 206.55301 2867.657
386.37198 266.16953 2787.059
335.85727 189.85643 2829.3193
318.70987 234.36319 2850.3015
309.61105 315.17493 2948.2405
307.07993 389.16833 2907.6768
358.30618 231.61269 2857.125
359.0464 311.35236 2974.7776
365.96085 385.50964 2924.381
330.97073 101.60086 2780.1692
333.56915 145.89029 2805.214
300.86554 148.1381 2800.0698
282.626 198.9813 2770.9673
277.9653 243.20215 2574.582
366.15308 143.6507 2810.3582
383.26062 206.12172 2860.3254
386.35236 266.1228 2782.0906
336.4568 189.74823 2830.9817
319.49545 234.27283 2853.575
311.51163 314.7897 2956.11
307.90244 389.6834 2907.6824
359.04523 231.36038 2859.9238
360.63474 311.12854 2976.0898
367.00378 384.03177 2929.8687
331.15988 100.94552 2779.5625
333.6046 145.37375 2805.328
300.88962 147.4639 2800.6516
280.09952 197.43626 2762.488
272.94376 235.61348 2540.5452
366.21075 143.29054 2810.004
383.62024 205.8056 2856.665
386.3906 266.0181 2778.5747
336.28647 189.25342 2830.674
319.10815 233.7084 2853.1345
310.1354 314.44473 2951.7373
306.85498 388.93915 2908.7673
358.69336 231.00285 2858.906
360.07535 311.38693 2967.6643
365.89505 383.94138 2927.522
331.1441 100.937355 2780.2585
333.99774 145.2309 2806.3567
301.311 147.49536 2800.632
277.1549 196.55106 2751.2463
267.22607 225.42651 2501.1375
366.55145 142.97565 2812.0813
383.9 205.44455 2854.8384
386.3979 265.9852 2776.847
336.91718 189.07993 2831.7625
319.9939 233.62833 2853.6353
311.13535 314.1857 2954.9185
308.049 389.13257 2908.1018
359.52658 230.67363 2860.7012
361.11078 310.95474 2970.363
367.1161 382.84637 2931.0608
331.2328 100.97345 2779.5999
334.2644 145.14622 2806.7983
301.5877 147.50224 2801.6787
272.90625 193.76091 2737.1218
262.5347 213.31917 2469.3962
366.82208 142.79878 2811.9182
384.4107 205.53009 2850.912
386.4385 265.8902 2772.4678
337.28586 188.97798 2832.823
320.4747 233.5343 2855.6882
310.6583 313.9202 2957.1135
307.62595 389.56616 2907.8484
359.98627 230.49252 2862.007
360.2634 310.72726 2972.3542
366.81433 384.5661 2929.4358
331.05408 100.760284 2789.76
334.17618 144.76778 2811.2095
301.56012 147.24776 2808.1504
272.18256 190.60835 2716.896
258.16312 201.85275 2439.556
366.72128 142.29317 2814.2686
385.96832 205.52864 2844.9492
386.46805 265.927 2763.073
337.3789 188.53493 2833.9182
320.73343 233.16928 2854.739
310.4711 313.38208 2958.3494
307.56464 389.2853 2900.9548
360.30182 230.04523 2858.515
360.21277 310.93854 2961.4827
366.8441 384.9419 2922.0752
330.93924 100.92272 2794.364
334.39264 144.84477 2812.0303
301.81042 147.57123 2807.3555
267.39474 184.68407 2701.4644
252.65172 190.5783 2416.27
366.8667 142.12735 2816.705
386.75513 205.11717 2841.9792
386.43823 266.04166 2762.1633
337.9694 188.57405 2832.8633
321.699 233.40974 2850.811
311.09918 313.39325 2958.2683
308.13034 390.69995 2895.0295
361.2489 229.92348 2856.5815
361.0035 310.7483 2961.4421
367.47833 384.97638 2926.3525
330.88983 101.61287 2797.6663
334.49588 145.38994 2813.0117
301.95624 148.23438 2805.119
264.5779 179.14806 2689.7466
248.59383 177.43016 2403.073
366.85345 142.56142 2820.9045
387.16132 205.20874 2839.999
388.16266 266.25766 2754.7097
338.30582 189.08366 2832.6562
322.28998 234.0536 2847.429
310.7242 314.06735 2953.6804
307.90878 390.67325 2896.589
361.7691 230.30385 2857.1726
360.55386 310.48218 2970.1614
367.36124 385.35645 2923.7197
331.5802 102.791756 2799.8054
334.94186 146.33781 2813.7925
302.4014 149.04605 2805.0789
262.0199 174.4483 2675.8706
246.00119 163.13974 2392.6152
367.2814 143.6463 2822.506
387.26334 203.23706 2847.503
388.2861 264.20898 2764.4539
338.6017 190.02867 2832.3398
322.4336 234.9625 2845.5105
309.7008 314.2696 2958.5967
307.35184 390.90335 2899.5562
361.91992 231.34644 2856.2642
359.8837 311.88907 2964.297
366.6832 385.9441 2924.643
331.6483 102.57015 2801.3752
335.00677 146.27956 2814.714
302.49127 148.97144 2804.2336
262.11124 170.00458 2667.9346
244.12137 151.0029 2392.3145
367.28104 143.60764 2825.1946
387.2128 201.85095 2851.2544
388.34665 262.6011 2774.8088
338.69144 189.95595 2832.8037
322.56326 234.91321 2844.4255
309.9684 314.50824 2954.7031
307.29303 389.49222 2902.1511
362.0059 231.25125 2857.361
360.06577 311.87054 2964.1814
366.3377 383.82333 2928.873
331.66965 102.01358 2800.658
335.14258 145.76767 2814.573
302.6393 148.55464 2803.5251
261.95935 167.20296 2654.962
241.3017 138.83006 2401.8323
367.3917 143.00246 2825.6206
387.1742 201.06508 2853.6304
388.26956 261.75427 2779.0835
338.95966 189.4381 2832.984
322.9772 234.44762 2844.5774
309.64267 313.36136 2961.9448
307.5466 389.7247 2903.7673
362.3835 230.65065 2858.2124
360.4307 311.0438 2968.0884
366.74887 384.46387 2925.7393
332.05963 101.41839 2799.8008
335.3982 145.20868 2813.5608
302.88348 147.88567 2801.6301
261.9925 164.12581 2643.4783
239.48167 127.93431 2410.4211
367.6383 142.5543 2825.4917
387.2641 200.52684 2858.818
388.17044 261.24127 2785.3008
339.10052 188.90892 2831.5361
322.9956 233.9113 2842.1484
309.30606 313.31625 2953.792
307.232 389.65085 2901.3774
362.4149 230.2139 2856.8743
360.2205 310.5003 2968.8672
366.6176 385.22546 2925.6086
331.5878 101.23481 2801.3762
334.99918 144.90677 2813.987
302.50327 147.63594 2801.2197
262.2372 160.87393 2628.2402
239.8113 118.183914 2423.0315
367.20157 142.20224 2826.7544
387.27304 200.37936 2862.9133
388.09708 260.98535 2788.7373
338.80695 188.59294 2831.4216
322.8154 233.64595 2840.977
310.08484 313.43896 2950.2544
307.0061 389.4467 2907.2302
362.21182 229.85336 2856.7354
360.1184 310.3899 2965.6628
366.3393 385.4322 2924.837
332.00763 103.13568 2812.1433
335.17 146.16382 2816.449
302.7511 148.50858 2799.3083
262.45578 158.3642 2624.0864
239.9469 110.843124 2431.0051
367.1967 143.84743 2833.5896
387.07477 200.86403 2869.956
388.09512 260.90158 2790.7312
338.73642 189.78828 2827.977
322.49527 234.81602 2828.9229
309.5538 314.90173 2937.8562
306.8737 392.13785 2894.6428
361.9056 231.31409 2850.0874
359.76596 312.1717 2956.436
366.3075 388.5934 2918.3381
331.7675 101.321434 2806.0488
334.86844 144.50568 2815.4246
302.6872 146.76503 2789.6785
262.02698 153.92552 2609.54
239.84787 102.61649 2431.967
366.46643 142.28728 2841.1707
385.77325 201.11516 2871.993
388.05713 260.91437 2796.991
338.46936 188.17062 2830.7266
322.4696 233.23053 2830.1187
309.38654 313.01587 2942.9014
307.1514 388.59366 2909.0474
361.37607 229.52226 2861.9385
359.71982 309.1117 2980.9927
365.76404 384.1819 2938.3755
332.64798 101.91867 2803.991
335.4555 145.29948 2814.7183
303.25677 147.35893 2787.9382
261.94495 151.14844 2602.2664
241.63347 97.5945 2431.84
367.0473 143.27884 2841.498
384.48502 201.7184 2879.9883
388.1594 260.89734 2799.8997
338.7493 189.00499 2831.2954
322.49283 233.95897 2831.3594
310.25784 313.53232 2947.6265
307.56882 390.53574 2908.1362
361.29175 230.46468 2864.386
360.62885 311.34088 2963.8813
366.21152 386.73697 2929.7283
332.35236 100.99209 2801.4631
335.37506 144.41434 2813.9766
303.15424 146.64488 2787.6636
262.247 149.48816 2594.1294
242.12128 93.38985 2437.3906
366.9989 142.22511 2840.2896
383.9986 203.44041 2885.9897
387.42368 262.86517 2808.3423
338.85965 188.12651 2831.3965
322.78036 233.15616 2832.5845
310.6192 312.47815 2952.0945
307.7362 389.78983 2905.7043
361.60168 229.47302 2865.048
360.68555 310.6749 2960.9216
366.67712 384.49014 2925.283
333.09564 100.68815 2811.1936
335.91382 143.75093 2818.6997
303.80966 145.61221 2789.6597
262.21848 148.37714 2591.5442
242.81163 90.875114 2440.7285
367.36322 141.9276 2847.74
383.5631 204.39374 2888.9963
386.96628 264.30426 2812.5388
339.16522 187.39334 2832.0808
322.88068 232.30911 2827.541
311.04886 311.93872 2946.0637
307.46887 389.01556 2903.2004
361.64722 228.96251 2863.3828
360.58313 309.70212 2966.9678
366.25134 385.22354 2924.1484
332.80228 101.13294 2805.57
336.04575 144.30031 2816.101
303.95404 146.59988 2786.9526
263.64304 147.1928 2585.2656
245.17903 89.413826 2433.0466
367.47992 142.04785 2845.2498
383.32776 204.78139 2891.0066
386.67325 265.1376 2821.9924
339.7862 187.94879 2831.5024
324.02448 233.075 2828.917
311.9187 312.47806 2948.9602
308.66083 390.93094 2906.9983
362.70352 229.19951 2864.8904
361.13544 310.11987 2965.5413
367.21997 385.48203 2929.4333
333.20868 102.10928 2803.751
336.53 145.20322 2814.9636
304.42352 147.63734 2786.2285
265.33997 148.01337 2581.129
248.45728 90.65473 2429.0903
367.9876 142.81827 2843.6985
382.72397 205.46603 2891.4956
386.50906 265.62903 2822.0615
340.38687 188.86035 2831.1572
324.74023 234.04388 2829.6199
311.48553 313.07553 2951.1965
308.13086 390.96112 2906.0103
363.41867 230.02295 2865.082
360.27884 311.1291 2962.2854
366.8841 386.07623 2929.1565
333.10748 101.93471 2802.3462
336.68143 145.17671 2814.659
304.5837 147.78114 2786.077
267.1133 150.15201 2580.563
252.47038 92.706924 2418.8203
368.1338 142.62463 2843.2407
382.41016 206.01292 2892.2441
386.4272 265.9131 2822.0784
340.74835 188.82167 2831.1284
325.31824 234.08496 2829.96
311.00638 313.1354 2949.0117
308.04446 389.8974 2907.002
363.9788 229.86475 2865.2358
360.12192 310.28528 2971.7375
366.88492 385.26624 2926.1394
332.47534 101.003395 2812.153
336.44806 144.09183 2819.0056
304.47833 146.672 2788.2925
268.98047 152.92168 2584.2925
256.4769 96.16624 2411.87
367.72864 141.56729 2849.7188
382.37018 206.27664 2892.1277
386.39716 266.0066 2822.045
340.75604 187.62904 2831.395
325.60846 232.94044 2824.829
310.3121 311.49478 2949.758
307.44666 389.77103 2899.703
364.1874 228.66185 2862.7397
359.66818 309.61664 2963.117
366.6137 383.64478 2922.4983
332.21915 101.961044 2806.0679
336.63342 145.11494 2817.4426
304.82538 148.02875 2783.5664
270.52725 154.45145 2584.1516
261.35223 99.64284 2395.688
367.68564 142.2704 2851.319
382.2377 206.31906 2892.0986
386.3682 266.05496 2822.0571
341.3062 188.64394 2833.1833
326.67014 234.10245 2828.0127
310.9957 312.33853 2954.4065
308.31293 391.13474 2911.0923
364.90396 229.3165 2869.8352
360.12796 309.84464 2973.2595
366.71637 385.39435 2933.084
332.2385 101.91233 2805.5056
336.73517 145.16795 2817.6582
304.97134 148.16628 2782.9927
274.28952 156.84398 2582.572
267.87863 104.94485 2383.5417
367.72693 142.2425 2852.324
382.36673 206.24101 2892.5532
386.36395 266.0698 2822.0325
341.52744 188.68637 2833.7092
327.05264 234.18951 2828.37
310.68262 312.97214 2946.3726
307.75623 389.78592 2904.7786
365.19247 229.27652 2871.1501
359.32483 310.18723 2967.7024
366.4929 385.07477 2929.3025
332.91455 101.94206 2813.2246
337.24878 144.89656 2820.8938
305.50217 147.513 2785.7427
277.657 159.99863 2583.7734
275.09903 111.06794 2366.496
368.21393 142.34451 2856.0447
382.44315 205.997 2892.288
386.35788 266.07904 2822.0278
341.72794 188.38457 2833.565
326.91342 233.74284 2824.544
310.2786 312.6749 2941.7305
307.2012 388.8571 2902.8882
365.1298 229.26204 2867.9285
359.33487 309.47272 2975.4802
365.98233 386.20444 2922.7683
332.53186 102.128365 2817.0845
337.058 144.91698 2822.504
305.25485 147.54993 2789.0117
282.3584 164.27661 2585.3875
284.31647 121.0632 2352.6592
368.11523 142.3458 2855.9963
382.28067 206.07588 2892.144
386.3434 266.11783 2822.0435
341.58487 188.36925 2833.5947
326.75916 233.721 2824.0166
309.46667 311.31915 2954.727
306.98752 389.45123 2905.8218
365.11502 229.2767 2865.3545
359.5329 309.75967 2970.5488
366.2764 386.53204 2920.4294
332.6438 102.28383 2808.54
336.69852 145.1987 2819.1487
304.68332 147.79094 2790.0596
286.66074 168.9696 2589.73
292.9767 130.60846 2348.7441
368.05972 142.65942 2848.2378
382.11212 206.20297 2892.086
386.36063 266.13165 2816.1099
340.8221 188.75612 2834.3389
325.47885 233.97556 2831.5708
308.4614 312.1834 2953.391
305.84518 390.00537 2914.729
364.08142 229.74936 2867.4873
357.66815 309.63403 2979.1123
365.3623 386.96762 2926.1343
332.4441 102.29161 2815.243
336.33844 145.19135 2821.7761
304.2865 147.71072 2794.0635
290.15103 172.58566 2594.3628
302.48343 142.65636 2348.574
367.76694 142.72096 2849.4888
382.19193 206.29102 2893.0483
386.375 266.1373 2818.0728
340.4616 188.69675 2833.8784
325.06607 233.89124 2828.8813
308.5883 312.6192 2946.987
306.8424 390.12622 2904.3733
363.8007 229.79767 2863.0798
357.8282 310.3668 2967.3157
366.3304 386.59967 2920.5679
332.3276 101.46497 2807.62
336.33868 144.64864 2819.146
304.63998 147.26321 2783.3208
295.32584 173.87329 2598.6917
313.4304 152.61118 2351.0674
367.24185 142.09969 2854.9712
382.03546 206.33794 2892.5688
386.3971 266.1188 2817.4045
340.65945 188.19066 2835.3218
325.72916 233.50557 2829.3596
310.58322 312.46338 2948.0208
308.05728 389.10275 2909.512
363.83734 229.00674 2873.6355
358.11288 308.67325 2986.7375
366.8123 384.7615 2931.5374
332.40967 102.23272 2805.2861
336.505 145.43735 2817.9736
304.95453 148.07095 2778.5715
299.11295 179.17863 2610.3508
324.04623 164.23447 2370.2979
367.18536 142.87637 2857.376
382.10104 206.38644 2895.788
386.3849 266.124 2813.743
340.8995 188.99304 2834.894
326.19278 234.37259 2827.5103
310.67868 313.9815 2937.4375
307.80197 391.2318 2906.5994
363.96902 229.73079 2876.1187
358.68027 310.48364 2972.3274
367.08508 385.85452 2925.988
332.57153 101.903534 2802.6162
336.10098 145.35828 2815.7334
304.46237 147.62596 2776.274
301.5537 182.49652 2617.1763
332.98535 175.66805 2391.0957
366.86508 143.15329 2855.1929
380.88602 206.48573 2895.396
386.32065 266.24933 2812.7075
340.04962 188.99368 2831.9155
324.8329 234.25653 2823.7568
308.31274 313.2221 2940.3555
306.01987 390.20102 2903.994
362.74982 230.04591 2872.4382
358.1005 310.95444 2968.6863
365.09903 386.47995 2920.5403
331.8081 101.06367 2801.2769
335.37546 144.74185 2815.9885
303.69125 147.01253 2777.1113
303.42896 184.91885 2620.5872
341.44504 185.56894 2419.2905
366.1967 142.53302 2854.866
380.34717 206.75073 2896.6948
386.36453 266.22208 2811.3271
339.2145 188.39095 2834.0303
323.87405 233.5992 2828.0862
308.42917 312.34256 2948.8254
306.45462 389.12943 2914.206
361.8168 229.41164 2876.0579
357.9021 309.91907 2977.5208
365.672 385.28125 2926.7234
331.76056 100.81136 2811.11
335.43927 143.94539 2818.3245
303.72336 146.03783 2780.1897
305.69672 187.29262 2625.7776
348.99615 195.50352 2452.011
366.30835 141.90883 2856.4592
380.04144 206.5068 2898.8616
386.36685 266.21677 2816.6982
339.44138 187.49767 2829.2515
324.1618 232.71419 2816.647
309.61237 312.39026 2932.477
307.7482 389.40918 2895.5034
362.34723 228.7483 2863.7102
359.60968 309.8686 2962.0247
367.11636 385.15512 2914.7043
332.02155 101.51387 2817.0247
335.47577 144.2898 2818.2683
303.7672 146.04335 2779.2524
307.64725 190.19414 2637.866
355.5915 204.8635 2489.807
366.31836 142.58414 2857.2842
379.89484 206.37944 2899.9492
386.39175 266.17322 2819.4214
339.41315 187.77716 2822.9255
324.00626 232.93982 2803.5051
308.86166 311.68448 2932.7275
307.09854 391.107 2892.3203
362.3424 229.33345 2851.6604
358.67776 310.23813 2957.0364
366.22092 385.6936 2914.9866
331.94153 101.466515 2809.21
335.1949 144.65456 2814.262
303.62808 146.0997 2771.1628
313.07782 194.93675 2655.4275
364.9421 219.86528 2568.9294
365.80942 143.25299 2857.3608
379.7632 206.34885 2901.272
386.41824 266.11407 2829.6343
338.71906 188.27052 2821.7124
323.02814 233.36438 2802.5642
309.41992 310.398 2952.6978
307.55008 389.68503 2917.2212
361.0636 229.98097 2855.7615
359.3194 309.03912 2982.7798
366.29352 383.72354 2938.232
332.12988 100.76762 2804.5723
335.09515 144.18446 2812.5247
303.55258 145.5302 2768.3848
314.92865 197.23323 2664.7097
367.1714 224.86908 2602.642
365.663 142.88034 2856.6646
379.79688 206.19313 2908.6306
386.4005 266.2056 2837.324
338.3917 187.88336 2822.2368
322.51788 232.94798 2804.7122
308.53644 310.75397 2945.9934
306.73923 388.73273 2911.9316
360.4485 229.64882 2859.1858
358.8371 309.08453 2981.0325
365.83072 384.29587 2929.9583
332.23904 101.1322 2803.261
334.96402 144.58759 2810.9365
303.32944 145.74414 2767.7383
316.60754 197.7454 2670.3628
368.51062 227.54259 2629.3877
365.64102 143.46606 2854.135
379.77817 205.9803 2909.3171
386.36664 266.2604 2846.074
337.94785 188.34337 2820.815
321.69803 233.3273 2804.0352
308.6538 310.9399 2949.2485
306.47852 390.4197 2907.2236
359.7652 230.2888 2857.3516
358.62473 310.53122 2969.1753
365.6766 385.74063 2924.4326
333.0704 101.020805 2811.5852
335.30124 144.26651 2813.8882
303.7946 144.82259 2768.441
317.13147 199.0261 2676.6484
369.27 228.92094 2654.7026
365.80637 143.72812 2859.3352
379.79922 206.10953 2913.1575
386.09503 266.70023 2859.3264
337.8027 187.96701 2820.1138
321.10345 232.6888 2798.2876
309.1623 311.5473 2933.9087
306.6027 389.59906 2903.1992
359.10565 230.28505 2854.391
358.95337 310.0138 2973.6938
365.62485 385.86865 2925.167
333.1238 101.77944 2805.2668
335.55264 145.30304 2811.7031
304.0951 146.21686 2765.4548
317.06165 199.7677 2679.8127
369.77127 229.60638 2672.8193
365.9921 144.41881 2857.9512
379.7035 204.79613 2915.0962
386.80627 264.80728 2867.812
338.27258 189.0606 2822.0535
321.88132 233.94206 2803.8643
310.6701 311.5689 2951.3564
308.12772 390.7595 2913.0518
359.68307 231.08342 2860.9436
359.57623 310.43713 2982.5737
366.86447 385.80334 2935.6477
333.24756 101.65936 2802.1309
335.11618 145.22969 2809.1274
303.4654 145.70403 2765.1172
317.24332 200.35555 2681.4392
369.76337 231.35518 2681.3342
365.79056 144.76999 2853.1377
379.707 204.16786 2918.5674
387.105 263.62396 2873.737
337.14468 189.07048 2819.668
319.92624 233.72008 2803.0447
308.61957 312.20663 2941.6995
305.26828 390.0952 2908.9102
358.0243 231.47096 2857.3723
357.44962 311.29102 2974.3433
364.80496 385.79794 2921.478
332.90237 100.751396 2810.536
334.8157 144.09201 2811.9565
303.17 144.20956 2767.9302
317.22748 200.43282 2682.2031
370.1722 230.93404 2660.878
365.48575 143.9781 2855.9832
379.4839 202.63066 2918.0308
386.64948 261.98502 2882.5613
336.703 187.8424 2817.5474
319.28772 232.33986 2795.9707
309.14288 310.45523 2942.9272
306.5091 389.2512 2905.2646
357.51013 230.51674 2850.3054
358.78726 310.4337 2968.2395
365.9524 384.47556 2918.4314
333.04324 100.51886 2805.7407
334.7424 143.91728 2810.25
302.99158 143.95906 2767.6736
316.78946 200.13583 2681.609
370.1121 230.59297 2649.238
365.5455 143.87675 2852.8264
379.6596 204.03548 2917.0164
386.381 263.7807 2884.6267
336.39697 187.72676 2816.9868
318.68964 232.17366 2797.4495
309.2771 309.72635 2950.8542
306.5753 389.73355 2911.1423
357.04086 230.49632 2849.9976
358.3073 309.2686 2981.4407
366.25803 386.06488 2926.4463
332.90543 101.395874 2802.352
334.61417 144.97995 2808.4
302.66315 145.04468 2769.488
316.5712 200.08165 2680.319
369.99466 230.3938 2636.0405
365.6919 144.91698 2847.3115
379.37378 203.2402 2921.6697
386.41815 262.88702 2882.9114
336.0577 188.84146 2816.4175
318.01315 233.24373 2800.4163
308.9162 311.18463 2949.008
306.7839 390.9066 2909.7964
356.64438 231.67749 2848.454
358.3527 311.37936 2968.4849
366.38538 386.46408 2925.3271
332.55948 101.542015 2800.6455
334.2169 145.26363 2807.5337
302.10898 145.41653 2771.8677
316.67676 200.1894 2681.6611
369.8766 230.26831 2622.522
365.5193 145.11456 2843.1997
379.5323 202.60942 2922.3354
387.31146 261.9192 2882.0662
335.63617 189.14513 2815.8682
317.4679 233.54836 2802.191
309.13052 311.93985 2946.3696
306.8423 390.24405 2907.674
356.32343 231.99901 2846.2144
359.02084 311.49753 2969.0322
366.17145 385.5625 2926.188
332.8837 101.826065 2800.308
334.3919 145.54732 2807.6814
302.14197 145.65549 2775.6938
314.25143 199.87462 2679.3386
366.28125 231.56534 2615.2422
365.91528 145.44157 2839.669
379.5916 202.44165 2918.6792
387.74884 261.3203 2880.272
335.65265 189.42255 2815.1248
317.21255 233.74898 2802.8254
309.75354 312.10303 2948.1152
306.99524 390.2072 2906.085
356.32736 232.39328 2842.3108
359.76907 311.6042 2969.2173
366.32907 385.6211 2926.3071
332.28232 102.66737 2790.6377
334.05316 146.65692 2804.5547
301.771 147.29982 2772.8643
311.97522 198.90445 2681.1387
361.7573 233.0267 2607.116
365.61392 146.0284 2836.2454
379.6225 202.55327 2916.8665
387.97955 260.9893 2875.0881
335.7385 190.58911 2817.6252
317.78268 235.1153 2811.1406
310.57654 313.74246 2950.7466
307.77588 391.08255 2918.028
356.7646 233.12962 2850.2507
360.2474 311.96936 2978.766
366.54248 384.92062 2938.538
332.1759 102.24109 2807.279
334.12335 145.58147 2810.9417
301.90778 146.031 2779.082
309.55527 200.15976 2683.5562
358.42282 234.5923 2595.2988
365.61685 145.14201 2842.8015
379.70026 204.05327 2912.9458
387.36325 262.83743 2873.8127
335.8909 189.34566 2817.2227
317.97266 233.80238 2803.845
310.44205 313.47635 2934.2893
307.33704 388.92188 2904.5486
357.0564 232.04015 2843.162
360.05557 311.1987 2971.1177
365.9891 383.19754 2922.2268
332.5852 101.76027 2802.6187
334.24377 145.36835 2809.949
301.93024 145.73726 2780.4834
307.17926 200.38976 2686.7937
353.04013 237.22914 2589.6738
365.88666 145.0071 2839.4146
380.2703 203.71407 2913.745
387.78793 262.16266 2859.723
335.71613 189.19568 2818.4065
317.45627 233.552 2808.679
310.95486 312.50003 2946.78
306.68152 388.5067 2915.7507
356.65094 231.97968 2845.0488
359.0421 310.4732 2980.3423
365.88058 385.06857 2928.0508
333.2168 101.74508 2812.2903
334.68262 144.92403 2813.102
302.34787 145.00237 2785.2124
304.4953 202.12622 2689.8916
348.37662 241.55551 2590.9849
366.38254 144.84724 2840.9917
380.11285 204.68263 2906.8938
387.24997 263.37515 2852.8215
335.8756 188.66782 2817.6753
317.26544 232.85379 2805.0369
310.1906 312.00125 2942.0112
306.9537 389.24133 2908.3062
356.624 231.69296 2839.4602
359.49945 311.2123 2964.2495
366.3692 385.29282 2919.4817
332.88928 101.84923 2805.6113
334.46198 145.28766 2811.1514
302.03436 145.60252 2785.86
302.35977 202.99652 2698.9368
342.1843 245.95132 2591.6157
366.31128 144.9784 2836.4424
380.9369 205.69151 2905.529
386.91776 264.46042 2848.369
335.7171 189.10548 2819.4766
317.15298 233.3428 2812.193
310.09158 312.32935 2948.6816
307.16626 389.91367 2918.615
356.55923 231.99527 2843.4106
359.5185 310.28864 2980.608
366.21518 384.87628 2930.9858
332.8685 101.42032 2802.279
334.43533 145.02086 2811.0483
302.0336 145.6437 2785.1682
300.80276 203.51154 2709.9565
335.35962 250.08319 2595.1902
366.2459 144.4094 2836.9287
381.12173 205.0887 2903.7812
387.5348 263.05246 2836.5918
335.96585 188.86343 2823.4353
317.75107 233.19707 2819.8516
311.36334 312.43045 2952.0015
307.9764 389.21692 2915.3877
356.9939 231.45871 2851.793
359.88678 309.99112 2984.3916
366.85397 385.1289 2934.9075
332.6423 101.45014 2802.607
334.45068 145.02469 2811.7048
302.04355 145.79831 2786.4458
296.49487 204.82718 2723.4744
326.09338 254.4574 2602.854
366.2807 144.26486 2836.964
381.2126 204.82983 2898.386
387.84378 261.9635 2829.8713
336.12033 188.8653 2825.1904
318.0538 233.24239 2823.0886
310.99228 312.8508 2949.1824
307.45862 390.0236 2910.5918
357.27908 231.34677 2854.2632
359.39658 310.60876 2977.958
366.4025 384.8573 2930.238
332.58743 100.81822 2800.7722
334.5544 144.35234 2811.894
302.14478 145.28345 2787.093
294.09314 204.81267 2735.732
319.80096 257.63867 2622.0278
366.39734 143.4375 2836.6948
381.4571 205.09789 2895.6921
388.00073 261.34814 2826.5984
336.36023 188.198 2827.1396
318.44846 232.61198 2827.0803
311.28656 312.26212 2951.7368
307.72534 389.3511 2908.6746
357.63388 230.54578 2857.6904
359.77274 309.6831 2982.4316
366.88275 385.18704 2926.315
332.89093 100.89168 2801.3538
334.88895 144.44666 2812.548
302.4803 145.5042 2788.322
292.32993 205.09198 2747.8655
313.1413 261.9305 2650.6697
366.74408 143.40721 2836.7744
381.97687 206.92311 2894.3408
387.32404 263.00247 2824.5308
336.83014 188.27956 2828.1685
319.05655 232.73499 2828.8381
310.73032 312.99832 2943.718
308.12527 389.6396 2908.6008
358.23743 230.53842 2858.7395
360.22583 310.26605 2975.8962
367.00693 386.19522 2923.9973
333.46988 101.40797 2801.1514
335.634 144.89806 2813.025
303.26675 146.20625 2788.3164
290.7541 205.05952 2756.9333
306.13034 264.6596 2669.7607
367.43762 143.61266 2837.7336
382.34665 208.1295 2893.174
386.88492 264.31927 2823.2688
337.89554 188.7062 2829.0774
320.4737 233.28497 2829.8809
311.34845 313.7243 2941.0342
308.61087 390.16028 2907.9685
359.57977 230.76855 2860.3787
361.4635 310.83322 2972.6775
367.49414 385.3404 2929.1147
333.21445 101.23937 2801.0476
335.54343 144.6413 2812.6814
303.1669 146.0478 2788.3408
289.48718 204.87941 2764.9707
299.99918 266.06314 2694.291
367.36438 143.25893 2837.0222
382.53177 208.6335 2892.586
386.66058 265.05777 2827.238
337.945 188.44862 2828.3376
320.65204 233.09181 2828.9724
310.27588 313.46918 2939.441
307.4407 390.3211 2905.051
359.78156 230.4693 2859.0151
359.80893 310.35907 2974.7412
366.21375 385.16895 2925.873
333.226 101.7067 2812.495
335.5407 144.61798 2816.2734
303.1374 146.00032 2794.6526
288.98453 204.92427 2771.9773
294.16086 267.1614 2724.6306
367.4503 143.25671 2837.894
382.5702 209.0661 2889.7983
386.4828 265.5896 2819.7207
338.03067 188.31949 2826.357
320.7277 232.96657 2823.0955
310.11148 313.42874 2934.3694
307.25235 389.92493 2902.1033
360.0929 230.46573 2849.7854
359.6388 310.03485 2972.7256
366.67584 385.57635 2915.885
332.55112 101.22617 2805.7227
335.27386 144.45547 2813.3486
302.87363 146.16861 2791.07
288.72394 205.2541 2782.9812
289.04904 267.7974 2742.9165
367.165 142.76927 2835.6272
382.65106 209.1496 2885.9146
386.39496 265.91702 2820.894
338.1196 188.2033 2826.5283
321.21823 233.01291 2825.9592
310.81335 313.5399 2935.8137
307.6722 389.49646 2912.8489
360.46964 230.09131 2853.4568
360.03174 308.9736 2983.6492
366.67014 384.9995 2929.236
332.1239 100.81656 2802.83
335.14383 144.17172 2812.1538
302.73917 146.12102 2790.1394
288.19897 205.75478 2798.9883
286.47354 268.15146 2754.6946
367.0451 142.25272 2834.1682
382.36136 208.80693 2885.4563
386.35852 266.06592 2821.4724
338.27756 187.9282 2825.9624
321.66855 232.86537 2826.1858
309.82788 313.4713 2932.317
307.7118 389.1178 2912.7095
360.9053 229.66824 2853.3562
359.56906 309.01996 2978.3289
367.06293 385.77875 2921.6838
331.7407 101.005875 2802.3838
334.8661 144.43901 2811.3787
302.46347 146.37515 2788.7437
287.72336 205.99669 2814.9873
283.22012 268.6349 2774.1753
366.75113 142.5338 2834.0137
382.21664 208.2369 2885.2292
385.43378 266.00903 2819.3616
337.98398 188.21349 2825.6162
321.36792 233.15874 2825.8853
309.86746 313.33804 2938.0657
306.9228 390.32318 2912.943
360.5804 229.95508 2853.8223
359.4739 309.61066 2974.873
366.44238 386.72858 2922.8599
332.14618 100.95979 2801.1912
334.75964 144.52483 2810.541
302.2377 146.30185 2792.9475
287.9646 206.6983 2829.024
279.5614 268.6187 2795.0547
366.87695 142.76991 2828.1345
382.04474 207.75108 2885.141
384.97443 266.0115 2820.0073
337.51752 188.33827 2824.9424
320.4395 233.12556 2828.4802
309.76324 313.7444 2935.496
306.49594 389.13864 2916.2173
359.90436 230.29976 2850.207
359.65604 310.8685 2960.2485
365.425 385.6908 2922.587
332.07828 100.80092 2799.579
334.32764 144.36412 2809.3193
301.72433 146.04549 2795.1548
288.21365 207.17665 2838.525
277.61313 268.57642 2813.1782
366.60385 142.69963 2823.4836
381.95905 207.50858 2885.082
384.40308 266.30286 2820.1284
336.86075 188.2138 2823.9543
319.50986 232.90572 2829.8484
309.03378 313.5452 2936.6199
306.5436 389.54144 2911.6458
359.10364 230.3249 2847.3306
358.7399 310.14914 2967.7844
365.64227 385.32727 2920.2007
332.29623 101.33291 2800.2715
334.3586 144.9772 2809.5244
301.71475 146.48131 2797.4985
288.30222 206.5731 2849.2722
277.56885 267.64038 2819.6687
366.72424 143.48593 2821.5503
381.87994 207.554 2882.0513
383.3203 266.778 2815.4895
336.601 188.83603 2823.8635
318.92642 233.39766 2830.782
309.49316 314.45197 2933.0723
306.93823 389.6413 2913.064
358.61127 231.11171 2845.623
358.73352 310.37253 2973.0566
365.99582 386.00208 2919.8154
331.8146 102.48306 2799.6057
334.01852 145.962 2809.1836
301.35904 147.56416 2798.1223
288.14996 206.58185 2855.138
279.66757 267.8523 2831.1091
366.4218 144.37244 2820.245
380.78333 208.35405 2878.522
381.44867 267.9223 2812.413
336.3631 189.81631 2823.4258
318.7763 234.41795 2830.8425
309.5727 315.32037 2935.0984
307.45422 391.02158 2906.6165
358.4964 232.04855 2844.4932
358.86246 311.38245 2971.1035
366.56726 387.02478 2921.1206
331.32758 102.332756 2800.2722
333.84576 145.88608 2809.2397
301.18555 147.6616 2799.1672
288.10193 206.71619 2860.5679
281.76028 268.2137 2845.751
366.2726 144.12325 2819.3123
380.2503 208.19843 2880.756
382.5273 268.00607 2817.7686
336.3941 189.72844 2823.526
319.00433 234.40399 2831.5964
309.63596 314.97147 2939.7292
307.48648 389.88678 2906.5354
358.74216 231.8603 2844.0276
359.83734 311.84464 2962.6545
366.7078 385.50888 2923.1584
331.6135 102.05737 2799.607
334.21796 145.67877 2809.4175
301.57547 147.61526 2798.7922
288.08313 206.88951 2863.7812
282.79907 268.429 2851.9753
366.61444 143.75688 2820.0427
379.95633 207.48181 2878.3806
382.44824 267.75473 2822.2131
336.97873 189.50813 2824.4153
319.82117 234.25696 2832.856
310.00235 314.67133 2941.971
308.19232 389.13843 2907.6545
359.50784 231.49835 2845.97
359.35168 310.94287 2971.0432
367.30972 385.144 2925.7563
331.22134 101.79585 2799.272
334.03534 145.40712 2809.8496
301.40878 147.54727 2799.5002
288.17993 206.27892 2865.8884
284.30624 267.72418 2858.048
366.42242 143.28268 2820.1992
379.9765 204.5133 2877.8762
381.72876 265.0344 2828.0947
337.05118 189.21501 2825.3337
320.16107 234.04616 2834.4307
309.3802 313.30585 2955.395
307.4832 390.0335 2904.7705
359.81802 231.05125 2847.2048
358.54532 310.20963 2975.7522
367.1479 385.36237 2917.1433
331.0954 101.213715 2788.608
333.64545 145.28146 2807.057
300.97446 147.451 2798.351
288.13525 204.79012 2863.256
285.3283 266.15494 2866.777
366.1144 143.12535 2815.763
379.9818 202.75648 2878.8276
381.52658 263.32883 2830.1514
336.55942 189.12714 2828.0771
319.59995 233.80786 2843.7244
308.2938 312.7897 2964.4353
306.7283 389.00943 2914.3938
359.18613 230.84937 2854.4702
358.24374 309.90906 2982.1267
365.93036 383.93494 2927.222
330.87494 100.78833 2793.7766
333.44376 144.57547 2809.5652
300.78995 146.60847 2800.9492
289.29062 203.68411 2868.6562
288.25107 265.00507 2867.3684
365.8979 142.55489 2818.181
379.99652 201.76157 2879.471
381.45242 262.3324 2830.4563
336.22202 188.40453 2828.2947
319.11172 233.05647 2841.7073
308.66318 313.1835 2950.2068
306.6803 388.7003 2902.5332
358.74167 230.26257 2852.3413
358.67905 310.54443 2965.0447
366.02988 382.8096 2923.3472
330.81726 100.52618 2796.3594
333.2744 144.22592 2810.2773
300.61618 146.09756 2801.7915
289.88083 202.60188 2871.2234
290.1596 263.8805 2869.7888
365.73602 142.36552 2818.7632
379.96002 200.77261 2881.1047
381.68832 261.36334 2834.4878
335.86627 188.06079 2827.4775
318.54904 232.66602 2839.4407
308.8856 313.12366 2946.1975
306.47647 389.9031 2901.005
358.23154 230.06989 2849.9146
358.96527 310.20953 2965.4995
366.08112 384.56198 2921.8115
