351.73663 119.34108 2699.2476
350.49353 164.3306 2733.5388
318.11984 163.64334 2754.8193
305.9268 223.86758 2803.3003
289.35315 276.24698 2735.526
383.3752 165.02861 2712.258
392.72232 218.10483 2771.681
399.08508 278.7092 2753.0203
349.34457 207.07465 2762.25
329.01346 248.14339 2803.8176
318.5342 326.4259 2890.0024
305.59256 397.21124 2859.0137
367.6029 249.74254 2778.1047
373.40366 329.34906 2860.0361
391.48743 391.13577 2865.76
352.01184 119.519905 2687.8804
350.75684 164.69214 2727.762
318.2287 163.97673 2745.9802
305.75165 223.69482 2800.65
290.52753 276.34625 2736.7026
383.72238 165.41718 2709.5437
392.871 217.77376 2770.4463
398.94934 278.44513 2750.3809
349.6326 207.4237 2760.9272
329.3073 248.38641 2805.0984
318.37524 326.46066 2892.7832
305.8078 396.6831 2863.6301
367.91492 249.90121 2783.0867
373.10123 329.08667 2869.3281
391.2982 391.48254 2869.432
352.03357 119.71169 2682.1973
350.8757 164.9028 2723.7695
318.22986 164.23914 2739.229
305.84644 223.78583 2793.8264
291.13538 276.3727 2732.3826
383.89426 165.57404 2708.3098
392.9612 217.79353 2767.7412
399.58133 278.45895 2740.4426
349.82117 207.64157 2759.2944
329.53653 248.62119 2804.1582
317.84018 326.8724 2888.2053
306.04422 396.84088 2862.2295
368.17947 249.97102 2785.4807
373.11572 329.31488 2869.0002
391.36386 391.86618 2866.1182
352.72305 118.704346 2661.3564
351.44006 164.21623 2714.3503
318.64252 163.49953 2728.2268
305.7765 224.02287 2788.4163
291.44684 276.41278 2735.0974
384.5747 164.94029 2700.4736
392.66147 218.62315 2762.879
399.92517 279.3337 2732.0454
350.36432 206.82654 2758.306
330.0997 247.42976 2810.643
318.59912 325.34326 2897.8018
306.17856 395.5713 2868.5627
368.66028 248.77448 2793.8801
373.42316 328.03632 2876.0327
391.5917 390.04868 2874.759
353.10098 118.81521 2650.4355
351.84506 164.3724 2708.7131
318.9407 163.64359 2720.6914
305.43427 223.83423 2785.7083
291.55862 276.32004 2734.2354
385.04175 165.10771 2696.7349
392.41708 218.56078 2759.578
400.48892 279.1991 2722.239
350.73285 206.91318 2757.1611
330.43988 247.34383 2812.8447
318.61917 325.31924 2897.774
306.10098 396.88174 2862.7373
368.9775 248.62894 2798.3738
372.94937 328.30795 2873.5715
391.4005 391.01654 2872.1719
353.35364 118.99834 2643.9722
352.0432 164.58351 2704.5615
319.07803 163.83226 2716.1157
305.46173 223.83267 2781.8555
291.70847 276.32385 2726.026
385.29126 165.3412 2693.007
392.35025 219.08086 2754.9617
401.1057 279.71628 2713.9539
350.90283 207.09273 2755.582
330.58768 247.41132 2813.5815
318.70135 325.6442 2894.4495
305.88608 396.35483 2861.5007
369.11594 248.70471 2799.6235
372.7221 328.75296 2869.2188
391.29462 391.11694 2870.5874
353.7366 119.440414 2641.24
352.39948 164.97757 2700.963
319.37662 164.28336 2711.9575
305.16257 224.03679 2779.427
291.76352 276.33755 2716.418
385.6923 165.67746 2689.9683
391.91513 219.37364 2750.9822
402.61688 278.5644 2683.3438
351.308 207.53427 2752.2573
331.01144 247.93156 2810.193
319.09436 326.04785 2893.789
305.79446 397.9136 2854.4917
369.59286 249.13873 2796.9106
372.95166 329.37317 2865.034
391.9963 392.49118 2862.4546
354.58994 119.01871 2629.8752
352.90747 164.70744 2695.2512
319.81915 163.85661 2706.353
305.29575 225.35379 2772.722
292.54245 278.30728 2714.4036
386.2695 165.5653 2684.1494
391.81598 219.62108 2748.4844
403.43176 277.92862 2667.9595
351.63425 207.17435 2750.4958
331.18372 247.27582 2812.4468
319.07153 325.19794 2897.7654
305.64008 397.4313 2860.1929
369.73074 248.66534 2799.0344
372.65204 328.29932 2875.424
391.43402 391.15213 2863.7078
355.54977 118.72962 2626.6895
353.71548 164.42128 2691.9658
320.57013 163.47652 2701.9465
305.24677 226.21242 2767.3594
293.02502 279.85333 2708.819
387.10757 165.37308 2681.985
391.59476 219.83926 2745.7395
403.78436 277.50455 2658.9563
352.2645 206.9355 2747.495
331.61823 247.03741 2809.0535
319.6845 325.04846 2894.9465
305.78247 397.24963 2857.58
370.20676 248.49622 2796.9954
373.04953 328.34915 2871.3179
391.68655 391.11218 2862.2476
355.0841 120.22355 2613.5967
353.26892 165.75395 2685.3215
320.0637 164.8102 2696.588
305.21402 226.42664 2762.1792
293.27713 280.73956 2704.3652
386.75397 166.70564 2674.0552
392.18472 220.13629 2741.8645
403.96976 277.28214 2654.4587
351.92023 208.04074 2746.5159
331.41858 247.73798 2814.5159
319.36514 325.07565 2906.7732
305.41193 396.63443 2868.452
369.93536 249.23412 2800.9045
372.41943 328.68954 2879.357
390.9719 391.65698 2869.0547
355.1418 120.56642 2599.0544
353.38483 165.78984 2676.4536
320.06714 164.77855 2687.4775
305.18948 226.73526 2759.095
293.33685 281.1485 2694.981
386.9781 166.8095 2665.4297
393.689 221.27191 2729.9297
403.28427 279.18622 2646.3118
351.97327 207.87372 2743.3462
331.4344 247.17711 2816.8977
319.5511 324.72424 2906.1196
305.2692 396.38272 2865.3809
369.9146 248.73488 2803.5796
372.7682 328.60715 2874.7402
391.46237 391.62698 2863.7495
355.4437 120.93795 2591.283
353.52145 166.08168 2671.316
320.1464 164.94766 2682.4795
305.1864 226.5849 2759.0525
293.35196 281.3274 2693.4905
387.17667 167.22522 2660.1523
394.76447 222.05392 2723.9617
403.68723 281.38794 2639.7412
351.9847 208.07227 2740.9678
331.3358 247.1334 2817.363
319.8356 324.35898 2911.405
305.5856 396.59784 2863.4656
369.8048 248.834 2803.876
372.35995 328.6668 2875.818
391.74332 392.93625 2862.3298
355.97653 121.82911 2587.899
353.83176 167.22139 2667.277
320.43353 165.86786 2679.4377
303.97946 226.5657 2749.0334
292.64972 282.48367 2691.3015
387.53592 168.58733 2655.1165
395.49347 221.89653 2717.9812
403.96747 282.66885 2637.5686
352.09897 209.16544 2738.2139
331.26868 248.0 2816.4968
319.82425 325.4536 2907.6274
305.53186 397.58618 2863.635
369.73926 249.98749 2801.8044
372.3214 329.8334 2874.0352
391.97968 394.28943 2860.4414
356.16455 122.35477 2576.7058
353.8704 167.59422 2659.7021
320.40012 165.9997 2672.3896
304.39835 226.95508 2739.5334
292.22806 283.25854 2684.4534
387.6615 169.20406 2647.015
395.56226 222.63655 2710.4797
404.09348 283.35507 2631.9956
351.92804 209.31699 2735.1558
330.92838 247.66539 2818.2734
319.2473 325.18866 2907.526
305.2521 396.45343 2867.526
369.35645 249.93996 2802.9453
372.71985 329.62054 2876.5178
391.0913 391.66583 2865.3914
356.89996 122.29208 2562.1062
354.22656 167.49066 2651.1765
320.6471 165.60144 2662.8337
304.57303 226.90944 2729.2842
292.53738 283.43582 2675.2083
388.10263 169.39658 2639.5195
396.8824 222.21574 2698.7212
404.14764 283.683 2619.7153
351.9101 208.87991 2732.415
330.5891 246.60104 2820.6953
319.41522 323.71042 2915.8389
305.2352 395.24677 2867.8022
368.96176 249.16359 2806.6116
372.45483 328.50696 2883.7537
390.8076 390.43008 2871.7808
356.68222 122.54882 2548.806
353.98108 167.70613 2643.306
320.2501 165.93367 2651.6096
304.50037 228.11473 2716.129
292.83856 285.65103 2672.04
387.92468 169.48975 2635.0022
398.70398 222.39064 2685.8708
404.19913 283.93478 2602.3203
351.57245 208.8548 2728.8057
330.1506 246.35403 2819.3225
319.4802 323.7966 2911.5894
304.88245 396.8576 2861.329
368.53815 248.65656 2809.2883
372.40393 328.16885 2882.796
390.6388 390.70184 2869.7236
357.90475 123.75842 2540.6575
354.65482 168.73103 2636.817
320.8469 166.61186 2644.2532
304.1411 228.61223 2707.074
294.03867 286.994 2656.9148
388.65396 170.86221 2629.3806
399.7154 222.40605 2669.4255
406.05264 284.24533 2591.9832
351.7675 209.71022 2724.8657
329.90424 246.79604 2817.4062
319.46396 324.02728 2913.339
305.56805 397.43854 2859.9304
368.27887 249.45615 2808.4229
372.59882 329.05624 2880.2942
390.96573 392.03992 2865.6658
358.48874 124.966194 2536.0808
355.21 169.99232 2632.2935
321.32474 167.89781 2638.5244
304.03925 228.73695 2698.0352
294.7201 287.83234 2641.1702
389.25607 172.09676 2626.0623
400.562 224.22937 2657.2134
407.8338 286.09903 2576.5742
352.23547 210.85504 2721.975
330.27676 247.8196 2815.4207
320.1551 324.61484 2917.5708
306.23804 397.88974 2862.443
368.67603 250.40588 2807.893
373.75378 330.0868 2877.5886
391.6587 392.1073 2865.7312
359.00186 125.013756 2525.7964
355.44824 169.86229 2625.9438
321.48212 167.69028 2632.0483
304.28113 228.7797 2688.521
295.0913 288.25137 2634.3408
389.57266 172.04442 2619.8394
401.06638 225.56706 2648.605
408.0179 287.3019 2561.7026
352.37497 210.55359 2718.4458
330.32608 247.2368 2814.635
319.64813 323.7547 2919.8577
305.72504 397.246 2858.4285
368.73227 249.90022 2807.2605
373.49478 329.4504 2879.6848
391.23026 390.50168 2866.499
359.17297 125.12078 2512.1555
355.72162 169.71573 2617.8064
321.6272 167.68752 2622.378
304.6142 229.12083 2684.2517
295.26047 288.479 2621.2744
389.93536 171.75105 2613.2349
401.68457 226.74442 2635.8154
409.23712 289.1448 2556.0498
352.6599 210.09503 2714.6218
330.62265 246.47507 2814.199
319.91034 323.05405 2919.1902
306.20123 396.18942 2862.6716
369.0332 248.91393 2808.6755
373.68924 328.14996 2885.4963
391.63052 390.09122 2867.9788
359.49173 126.36083 2497.3342
356.0479 170.51479 2609.5999
321.84692 168.43294 2614.1414
304.63412 229.8024 2674.1296
294.47583 289.45718 2612.193
390.3682 172.6039 2605.0583
402.04886 227.38571 2617.4062
410.70105 290.3499 2539.6204
352.92 210.46025 2711.223
330.84323 246.27681 2815.5894
320.13193 322.5899 2923.4744
306.03305 397.3213 2860.936
369.2304 248.7644 2810.1028
373.43713 328.30414 2882.4407
391.5996 390.53815 2868.7136
360.1677 126.98026 2488.4243
356.70053 171.10089 2602.2546
322.44196 168.74207 2608.7927
304.67926 231.83307 2655.5774
295.1109 292.30502 2605.7947
391.13168 173.47157 2595.7166
401.35516 228.25848 2608.194
411.47778 291.14706 2524.1814
353.47568 210.84499 2706.4604
331.3154 246.21379 2814.616
320.47104 322.76962 2919.709
306.3317 396.5821 2862.7998
369.71848 249.07431 2806.7163
373.9631 328.59906 2880.5474
391.84888 391.13898 2864.254
360.40594 128.01656 2484.4685
356.8164 172.15686 2597.1912
322.5877 169.35197 2607.4407
304.79178 233.39442 2643.297
295.37027 294.31677 2592.736
391.3163 174.98398 2586.9417
401.30237 229.78036 2597.5933
411.9359 293.18262 2512.0464
353.53412 211.83264 2702.3281
331.34396 246.79794 2813.6587
320.10397 323.04245 2921.8972
305.80304 397.94604 2860.934
369.73605 250.2833 2801.2715
373.73947 329.65417 2879.1958
391.403 392.3558 2860.8662
360.9997 129.22597 2474.4912
357.3704 173.21791 2588.8535
323.06995 170.12288 2600.2893
304.91205 234.8195 2629.1606
294.6747 296.22678 2582.1626
391.9752 176.3404 2577.4177
401.6074 231.96829 2585.2903
412.06387 295.89517 2496.2615
353.93076 212.67845 2696.4004
331.60684 247.1962 2810.854
320.247 323.7142 2916.3425
306.08707 396.6223 2861.6443
369.99765 251.03716 2797.0405
374.0027 329.68866 2885.5642
391.53635 392.066 2861.4165
361.14404 131.19287 2469.4966
357.37125 175.08499 2583.37
322.9982 171.92711 2594.835
304.8451 235.97153 2619.5813
297.17627 297.9284 2558.2515
392.05072 178.27103 2571.9053
401.5965 233.39299 2573.6443
412.0593 297.62628 2483.396
353.8991 214.38248 2692.2915
331.5299 248.67525 2808.1372
319.827 325.32635 2911.648
305.69775 398.09338 2862.5083
369.9591 252.58226 2794.2883
373.84796 330.79117 2888.9521
391.02014 392.97925 2860.5654
361.8892 131.40828 2449.9973
357.54736 174.83229 2570.8953
322.9609 171.71582 2579.6187
304.54236 236.64201 2608.774
297.215 299.2401 2547.0645
392.3693 177.96999 2562.172
402.00763 234.90033 2564.8284
410.1765 300.09738 2482.8513
353.86246 213.46153 2686.0342
331.28812 247.04547 2806.4429
319.5504 323.16116 2917.393
305.40723 394.77588 2862.4182
369.74527 250.79187 2795.903
374.3713 328.69037 2893.9846
390.74387 389.76968 2862.7737
361.28836 133.70909 2440.256
357.3837 176.77077 2564.2793
322.63217 174.1878 2569.5974
304.7244 238.96904 2604.3586
298.5176 302.57953 2535.4094
392.2797 179.36443 2558.961
402.22668 235.76602 2559.962
409.04416 301.79086 2472.2117
353.84433 214.79834 2683.8032
331.3889 248.07086 2806.5408
320.46527 323.47223 2926.3171
305.8856 398.5451 2860.6536
369.8687 251.099 2800.1138
374.45563 328.30292 2905.042
391.02173 391.69968 2864.8013
361.26508 135.13956 2436.4102
357.46524 178.30457 2559.6448
322.5965 176.27664 2561.7883
304.98575 240.1464 2590.6833
298.4476 304.6099 2530.9783
392.39243 180.33588 2557.501
401.48407 237.76439 2552.9905
407.33685 304.0016 2465.7773
354.04187 216.29036 2679.6106
331.6475 249.86647 2800.8716
320.02512 326.06445 2911.262
306.27615 398.4763 2857.5762
370.19415 252.17592 2798.2815
374.85587 329.47882 2902.2156
391.23987 392.62982 2858.9756
361.64484 139.06038 2412.7432
357.87503 180.96053 2544.3071
322.7531 179.39046 2545.1074
304.89496 244.90547 2570.1506
299.87808 311.24637 2508.1665
393.01904 182.53159 2543.5068
401.3741 241.02881 2535.278
404.26202 308.34274 2446.3052
354.6629 217.66629 2672.9429
332.4788 250.1279 2802.062
320.58664 324.55807 2931.0708
306.8994 396.32065 2864.2498
371.01944 251.87506 2801.0952
375.82135 329.01392 2906.112
391.39722 391.0663 2861.3748
361.66226 142.61378 2406.6277
358.14612 183.98254 2540.5784
322.9596 182.70988 2542.3337
304.74326 246.41235 2555.5608
299.95267 313.24234 2495.5583
393.38126 185.25697 2538.8228
401.73267 242.79576 2523.1572
401.38342 310.88947 2439.7163
355.3397 219.8922 2673.3276
333.55185 251.68219 2807.1375
321.02115 325.74808 2937.117
307.44977 397.77396 2868.2087
372.06027 253.12685 2805.0166
376.0559 330.28827 2908.7156
392.04 393.2013 2861.282
361.6067 145.46718 2396.0703
358.22607 186.17657 2534.588
322.95764 184.88127 2537.2732
304.98596 248.65515 2544.2832
301.0774 316.00977 2480.419
393.56934 187.47464 2531.9026
401.10077 244.71432 2517.5762
399.71863 312.6063 2435.2537
355.53488 221.23233 2671.8052
333.87827 252.11844 2810.6445
320.14563 326.2338 2936.8533
306.7874 396.90103 2865.562
372.3572 253.60889 2807.4004
375.8487 330.92462 2908.7334
390.9955 391.4573 2862.572
361.823 147.47939 2383.7915
358.50467 187.60364 2526.6262
323.12695 186.29839 2530.086
304.8861 250.45947 2539.6428
302.4411 317.8694 2468.9746
393.97937 188.91248 2523.1667
401.2714 247.8669 2510.2869
398.33145 316.5857 2432.903
355.91678 221.9503 2667.6548
334.3566 252.08955 2810.773
319.94815 325.86154 2939.4175
306.9545 396.54745 2864.1575
372.8496 253.6071 2806.5935
375.99884 330.52847 2913.0388
391.35535 391.33456 2860.2856
361.9561 150.38918 2375.6555
358.45984 190.07994 2522.3594
323.03787 188.49153 2526.4165
306.7307 252.30452 2530.3389
302.352 319.763 2456.7205
393.99597 191.67346 2518.3022
400.66812 250.0386 2503.131
397.11514 319.68234 2429.8613
355.7359 223.65225 2666.7783
334.08307 252.85811 2813.6482
319.33752 326.37042 2943.267
306.36206 397.44016 2866.39
372.53406 254.69382 2808.7463
375.5833 331.32346 2917.5652
390.51828 392.2587 2863.698
361.47726 153.40628 2371.6052
358.88043 192.7605 2518.4492
323.3836 192.03235 2522.8223
306.94623 255.41667 2521.6753
303.22528 323.2428 2451.3533
394.5008 193.49118 2514.0764
400.42593 252.36784 2504.6023
396.48468 321.44955 2428.0293
356.94138 226.01399 2663.9688
335.96497 255.36874 2812.1304
320.6504 328.95288 2939.3132
308.59708 398.46475 2862.2458
374.47766 256.2775 2806.846
378.05173 332.39392 2920.7593
392.82245 393.0901 2860.8604
362.00357 156.16885 2362.5977
358.4036 195.10762 2514.9424
322.93686 193.10544 2520.469
308.43198 257.81525 2512.4678
304.517 326.33353 2437.927
394.02658 197.11862 2509.4158
398.3439 255.95282 2502.7495
396.2182 325.40683 2428.2803
355.64157 227.22327 2665.001
334.0105 254.76077 2818.3997
316.36197 327.53522 2946.7676
304.98343 395.4268 2869.1208
372.38303 257.072 2811.7192
374.59137 332.9614 2927.35
388.83527 392.13257 2865.2412
362.3236 158.37215 2358.5806
358.13867 197.0205 2510.414
322.68906 194.03319 2516.9253
309.6896 260.9381 2498.2607
304.20782 330.23288 2434.4717
393.77267 200.02332 2503.9026
397.75232 258.56326 2501.3977
395.2897 327.92676 2426.0408
354.76312 229.01569 2660.785
332.61188 255.88997 2815.089
316.87906 328.5913 2948.6372
305.53467 397.52338 2857.132
370.9391 259.29074 2807.2227
375.70856 335.24844 2920.1345
389.74243 394.2075 2853.5916
362.43137 161.47514 2355.5552
357.89804 199.14162 2507.8962
322.4708 195.51074 2514.8574
310.22437 263.07202 2493.6663
304.0578 332.93704 2434.8757
393.5225 202.79272 2500.9348
398.54153 260.1435 2495.6814
394.45636 328.98224 2423.9407
354.14905 230.39626 2660.9321
331.72595 256.20642 2818.172
316.80927 328.02518 2960.9888
305.88245 396.765 2862.2798
369.94678 260.30243 2809.764
376.76944 335.23654 2930.0256
390.0432 392.3565 2864.0605
361.8655 164.5118 2340.0376
358.16052 200.73677 2499.423
322.57568 197.46095 2507.133
311.15198 264.89868 2485.3044
303.95828 334.4225 2430.9968
393.96558 204.03285 2491.7131
398.41055 262.9155 2490.8782
393.22678 331.7996 2422.2827
354.96234 230.6158 2657.794
333.0329 255.28279 2820.8213
319.14856 327.51038 2961.6458
307.93054 395.8586 2862.753
371.27805 258.99185 2811.5085
378.53732 333.76642 2933.26
392.08566 389.87195 2864.4797
361.87463 167.24246 2347.2773
357.94852 203.69617 2502.5586
322.44025 200.08719 2510.538
311.50354 266.98495 2480.1536
303.816 336.62323 2426.1929
393.68396 207.32823 2494.579
397.80212 265.3623 2487.4424
391.6614 334.66125 2420.159
354.56216 233.41408 2660.8694
332.50098 257.76083 2823.9998
318.03027 328.80457 2973.037
306.3886 397.71625 2865.7056
370.67657 261.83493 2814.3606
374.55432 334.8732 2953.6326
390.07248 393.77322 2866.2358
361.6262 170.21504 2335.397
357.42493 205.59264 2495.7056
321.84192 201.67537 2502.9854
312.0375 268.93576 2479.5933
303.88013 338.2838 2423.8171
393.21616 209.5328 2488.4258
397.48398 267.743 2486.2085
391.5877 336.9977 2420.727
353.77435 234.42625 2657.062
331.0633 257.72623 2822.9153
317.45477 333.49384 2912.7961
305.60864 406.05423 2873.902
370.08243 262.19766 2813.9216
375.60443 333.9475 2963.824
389.8074 390.54562 2864.7515
361.83093 173.39642 2329.4548
357.57382 207.99902 2492.6113
321.97122 203.86578 2500.1638
312.40814 271.47485 2475.3037
303.90765 340.70154 2423.4182
393.39285 212.1574 2485.0588
396.8616 270.55396 2485.5984
391.6401 339.76392 2417.8599
353.86942 236.2252 2655.745
331.34647 258.86166 2823.4927
319.1732 332.51892 2943.0137
307.292 400.72183 2881.6768
369.9042 263.51474 2814.2651
375.72766 335.29523 2963.5586
389.9742 390.0003 2866.828
361.83807 176.1521 2319.9854
357.72302 209.82217 2486.9043
321.99017 206.01132 2493.5364
313.0455 274.17618 2470.639
305.83127 343.6009 2418.3794
393.64697 213.6534 2480.2722
396.42673 273.46725 2485.316
390.75964 342.5572 2416.4565
354.11584 237.32695 2652.3208
331.8963 259.4978 2821.7375
318.26904 336.13904 2902.4045
305.2502 407.56293 2891.8372
370.02213 263.71292 2813.737
377.95706 336.8887 2947.126
390.20126 390.2285 2863.7073
361.99103 179.18652 2315.749
357.80402 211.83609 2485.2974
322.03 208.11037 2491.3047
313.3628 275.7859 2466.8127
307.56378 345.21158 2417.566
393.75137 215.57985 2479.29
396.12582 275.5186 2484.1655
389.63358 344.56168 2414.854
354.22452 238.07489 2654.332
332.00696 259.12183 2827.0015
317.69302 337.36945 2883.9722
304.126 410.62573 2894.684
370.18945 263.2272 2819.7317
376.2032 335.48166 2963.0474
389.60275 390.01752 2870.6514
361.90924 181.34247 2320.1287
357.87033 214.01526 2488.5923
322.18387 210.04344 2495.816
313.99417 278.22363 2465.4062
309.53192 348.02472 2415.1592
393.76456 218.01021 2481.369
396.01044 277.13803 2482.5798
388.74356 345.98083 2410.1816
354.40735 240.00963 2657.9526
332.3565 260.69836 2831.6794
317.57925 337.87372 2904.1277
306.42712 403.6036 2889.8918
370.42084 265.088 2822.9465
377.33472 339.48688 2941.4924
389.75162 391.7147 2868.5376
361.79248 183.55885 2315.8193
357.62042 216.37794 2484.8591
321.8586 212.55971 2491.8232
315.12695 279.93515 2463.2112
310.7578 349.89563 2417.2954
393.58325 220.21764 2477.8948
395.93964 280.14417 2482.2805
387.65094 348.7666 2407.777
354.13962 243.10318 2651.5483
332.00174 264.55502 2822.446
318.34506 337.29865 2945.2854
306.72525 400.58807 2879.876
370.1964 268.78528 2814.0293
378.55466 343.11606 2933.2222
389.51855 394.5812 2858.745
362.0123 186.75243 2314.1646
357.56458 219.48453 2482.938
321.76782 215.61261 2488.6648
315.8108 281.5951 2463.1028
313.251 351.94836 2416.8855
393.52686 223.37434 2477.2112
395.85663 282.2012 2483.6394
386.99216 350.66434 2402.7751
353.73773 246.41559 2648.3716
331.26575 268.05127 2817.2651
317.2832 341.41394 2901.0752
304.76566 407.69104 2889.9001
369.50296 272.31375 2810.3455
380.19592 345.29388 2887.32
391.85162 404.73926 2866.7915
361.83725 190.14442 2304.838
357.4849 221.43993 2477.3362
321.5881 217.67711 2482.3835
316.15182 282.9701 2465.0442
315.4325 353.3159 2413.984
393.52826 225.21812 2472.2886
395.81018 284.39032 2484.3276
387.34985 352.6867 2401.0393
353.67505 247.3283 2645.815
331.2219 268.06143 2817.343
317.9384 340.66953 2930.0422
306.63837 399.21735 2891.1196
369.46228 272.17703 2811.2446
382.29703 342.656 2931.7217
391.3138 396.82193 2871.1396
361.9714 192.83362 2300.6753
357.57068 223.8456 2475.445
321.66336 219.91664 2480.536
317.4946 285.3917 2467.0247
317.74014 355.85034 2423.358
393.626 227.79074 2470.354
395.80667 286.41913 2484.1619
386.13272 354.5166 2405.423
353.67584 249.34732 2644.733
331.15802 269.63855 2817.0962
318.01324 341.8971 2943.1475
306.14825 398.72086 2878.269
369.38293 273.9276 2810.9456
382.37952 344.07632 2947.1536
389.83963 395.21637 2868.8252
361.61563 195.65807 2300.0938
357.16208 226.50772 2476.5105
321.28772 222.42384 2481.5964
317.93216 287.8746 2468.5144
319.78452 358.61597 2428.0647
393.18408 230.6084 2471.4243
395.83533 289.07605 2483.0793
385.31897 357.16766 2408.2927
353.2117 251.60295 2646.4883
330.67276 271.44644 2819.5386
318.22107 342.79672 2958.7368
305.40173 398.39682 2871.2017
368.8452 275.89667 2813.3938
382.57526 345.30728 2959.9612
388.9098 393.7828 2872.509
361.64676 197.77486 2298.3018
357.0582 228.43141 2473.279
321.1446 224.24986 2478.015
318.26773 289.66806 2470.756
320.89603 360.38354 2431.3518
393.10962 232.629 2468.5432
395.6171 290.86893 2482.541
384.7933 358.93027 2407.1887
352.94504 253.65822 2642.5654
330.1951 273.57068 2814.7188
326.62363 346.05753 2957.2986
305.8997 423.0601 2853.3115
368.4982 278.12897 2808.9849
383.55228 347.31696 2958.1794
388.86206 394.4651 2864.1196
362.00226 200.4273 2296.426
356.19806 230.6018 2471.7783
320.38776 225.48145 2474.3254
319.13577 291.43607 2474.396
322.503 361.776 2430.0012
392.08224 235.73274 2469.2312
394.85745 292.48602 2480.7922
383.46442 360.80692 2406.8665
350.99353 255.58395 2641.0312
328.58868 274.98312 2811.7256
318.55975 347.01868 2945.8364
304.20993 396.31268 2860.4814
364.26138 280.13342 2808.8428
386.81775 352.13605 2917.2673
391.166 433.30777 2763.971
362.01315 203.85957 2295.4695
356.29697 233.83797 2471.5793
320.43735 228.9967 2474.1152
319.5678 294.32312 2475.1982
324.81845 364.60553 2430.5964
392.23022 238.68918 2469.0437
395.06744 295.54593 2483.399
383.6018 363.8921 2412.5725
351.28235 258.5763 2641.0574
327.34097 277.66754 2812.1055
322.15915 347.75894 2967.6943
305.34512 397.3068 2863.9958
366.42587 282.99762 2808.965
379.98785 351.09848 2900.052
388.86874 406.23004 2868.3096
361.92648 207.78627 2295.49
356.05423 237.18628 2472.4353
320.2177 232.25842 2475.6145
319.9008 296.74362 2473.5999
326.17288 366.5705 2437.8364
391.98303 242.1268 2469.2559
395.31967 298.37204 2483.6968
382.72137 366.77237 2417.2856
351.1817 261.4302 2642.768
327.61865 280.0546 2815.0466
321.63495 350.7507 2966.1614
305.1868 395.36038 2867.8337
366.2065 285.42554 2811.1553
385.54407 362.0417 2877.526
396.92908 442.62933 2825.3645
361.7085 211.29008 2295.998
355.77368 239.9559 2473.62
320.04187 234.52039 2478.4424
321.00253 298.80615 2476.3145
326.05368 368.4156 2437.974
391.64508 245.41264 2468.7979
394.7713 300.25977 2483.33
382.13293 368.54077 2422.7441
351.04178 263.4641 2645.5454
327.76056 281.14636 2820.4097
324.1044 350.25317 2985.2368
305.60153 392.68527 2874.3171
366.05414 287.0665 2814.5317
385.88168 365.7629 2849.977
395.6076 447.60333 2794.0972
361.80176 215.34926 2295.7732
355.58536 243.1398 2474.0203
320.07013 236.5709 2479.5142
320.8596 301.64774 2479.209
326.94983 371.57834 2445.2517
391.25867 249.73793 2468.5266
394.82336 303.70996 2480.1519
380.5802 371.6351 2422.8066
350.37112 265.83807 2647.4307
326.86133 282.1906 2824.1794
331.5797 353.23853 2972.8174
297.07037 423.9584 2820.6091
364.77954 289.30908 2817.5024
382.8537 369.71887 2830.82
390.79416 452.43146 2773.7417
361.48996 218.72882 2289.1428
355.4731 245.55702 2469.8792
319.94226 238.69652 2475.5923
320.89673 304.34918 2480.6147
327.53296 373.71182 2449.0234
391.1687 252.44936 2464.1658
394.53842 307.11172 2477.0662
379.27875 374.68954 2426.4377
350.2495 267.46918 2645.0537
326.5914 282.92117 2823.7307
322.09024 353.83856 2970.2407
304.29745 390.01236 2873.9087
364.80566 290.40662 2816.726
380.2481 372.1249 2816.3755
386.5019 455.4063 2760.0222
361.66385 222.65599 2285.3313
355.3187 248.61497 2468.4385
319.84702 241.30173 2473.483
320.91565 306.3028 2480.3232
328.70377 375.71497 2452.3662
390.93564 255.95816 2463.394
393.69733 309.0483 2475.5256
379.44644 376.77118 2420.7903
349.75372 269.79242 2644.8936
326.1957 284.4227 2824.3853
322.1059 355.36472 2971.836
304.45016 391.33548 2871.88
363.61432 292.22745 2818.312
376.31216 374.73102 2810.56
381.01758 458.2152 2756.2954
361.60385 226.61293 2282.9202
355.32056 251.31717 2469.3525
319.91037 243.76662 2474.7942
321.27377 307.79608 2482.676
328.55215 377.4576 2452.6948
390.88715 258.9011 2463.911
392.93008 311.6463 2474.7473
378.08228 378.58667 2428.0764
349.93787 271.15527 2648.6296
326.2329 284.37927 2831.25
320.88568 356.4141 2967.2073
305.78372 388.97327 2878.4443
364.28732 292.5866 2824.5635
374.4976 375.39813 2813.4878
377.90442 458.6998 2762.2017
361.72565 229.72551 2289.717
355.28616 253.7465 2474.2288
320.21533 245.17673 2481.6577
321.57025 310.7922 2490.372
329.2715 381.07507 2455.9219
390.5682 262.36792 2466.8
391.28763 315.17056 2473.8425
377.1984 381.23907 2431.3354
349.93997 272.80386 2654.9067
326.54114 284.79385 2840.1301
319.99503 358.6869 2954.1917
305.84982 389.2251 2880.7407
364.06915 294.0863 2831.0393
372.18365 376.97885 2819.0662
374.50586 459.97986 2771.2754
361.28784 233.20168 2292.619
354.8285 256.84885 2477.0632
319.96716 247.62018 2484.9392
322.16925 313.33133 2493.6887
329.69553 383.51138 2459.3926
389.9122 266.13635 2469.1875
389.86063 317.83835 2477.9297
376.24118 382.4797 2436.892
349.24103 275.68515 2657.6572
325.9982 287.19873 2843.003
318.45386 362.11658 2944.176
304.7195 393.10403 2874.8516
362.79266 297.06653 2833.4995
369.2099 380.02438 2821.955
370.64917 462.79306 2777.8977
361.34674 237.55576 2294.5742
354.58975 260.276 2479.9917
319.98596 250.26488 2487.778
322.2433 314.72723 2494.8684
329.96704 384.84174 2461.9265
389.41153 270.3502 2472.2053
388.99658 321.4411 2481.4592
375.15262 384.47626 2435.8096
348.65588 278.4047 2661.4722
325.2981 288.89764 2847.6404
318.1351 365.14468 2932.245
304.6767 392.6816 2876.085
361.7212 299.55765 2838.2651
366.7802 382.427 2827.7937
367.5297 464.84265 2787.5093
361.20096 241.0116 2287.5425
354.82687 261.85052 2478.3264
320.13623 251.98668 2485.1775
322.38327 316.03973 2497.9204
329.305 386.25793 2464.4922
389.70984 271.76904 2471.475
388.5449 324.82935 2487.7432
374.05856 385.85153 2442.9136
349.1351 278.363 2663.0156
325.9474 287.49976 2851.8408
323.47464 364.39664 2932.9968
286.39224 436.16547 2818.68
362.46896 297.98273 2843.5688
366.46045 380.68723 2834.416
366.70627 462.6634 2797.8103
361.02576 244.20892 2291.0295
355.29895 262.886 2484.1592
320.59738 253.33649 2490.366
323.02106 317.29208 2502.4314
328.91504 387.15353 2470.3198
390.17435 272.4833 2477.9521
388.37054 326.35184 2488.9055
373.0308 386.41827 2447.4368
350.07086 277.40137 2672.4878
326.98444 284.8621 2864.635
321.60193 360.81134 2947.6638
307.27182 387.0136 2893.8281
364.12735 295.163 2856.9978
367.27264 377.4431 2849.1882
367.15497 458.73648 2816.0818
361.05225 247.82825 2286.7952
356.73553 262.7115 2483.6658
321.81403 254.06096 2491.485
323.30313 320.3691 2503.56
329.60522 390.40073 2477.035
391.87766 271.4167 2475.8462
388.11264 328.76566 2490.6582
371.86288 388.63943 2447.8254
353.12924 273.69403 2677.2432
330.3878 278.2959 2875.895
323.40204 357.0153 2933.0347
308.1333 382.6216 2887.8433
369.70023 288.11243 2865.7463
372.19522 370.0896 2859.1921
371.85794 450.8167 2829.3564
361.09116 251.62549 2291.137
357.4844 264.1083 2491.4487
323.05826 254.22778 2502.2449
323.63544 322.81705 2508.8877
330.79288 392.7967 2481.011
392.2102 274.07483 2480.6526
387.9874 330.6079 2494.1885
370.06055 390.42578 2455.5852
354.67807 273.27563 2687.5703
333.4282 275.74918 2890.516
329.10605 351.63077 2976.236
306.83463 385.06836 2889.5952
371.16806 286.66873 2876.8677
373.14136 368.2912 2871.4312
372.6177 448.47305 2844.6133
361.25992 255.06094 2292.8347
357.641 266.32614 2492.9907
324.1484 253.93723 2504.5938
324.8244 324.16168 2517.0686
331.43607 394.16937 2485.742
391.44678 278.8309 2481.3875
387.96133 332.14597 2494.4902
368.54404 391.12537 2460.6445
354.58786 274.37326 2690.5068
334.53787 274.83685 2895.002
325.60034 351.23654 2964.3179
306.3002 385.0602 2882.6914
369.45117 287.8339 2881.044
371.0129 369.307 2876.5728
370.3377 449.18646 2852.5132
361.24548 256.77582 2301.1785
358.2502 265.4343 2501.7432
324.55405 253.7921 2512.1946
326.3781 326.47128 2522.961
332.32834 396.82678 2489.3535
392.22913 277.17416 2491.292
387.33026 333.90533 2502.33
366.80273 392.08032 2464.3643
355.72266 271.52228 2701.189
335.73883 270.5932 2907.0283
326.80157 347.92126 2959.0176
307.23828 382.70062 2886.5063
371.42517 282.98016 2894.241
372.66336 364.04523 2890.5867
371.9206 443.34122 2869.0308
361.53485 259.47952 2297.845
358.13666 266.34875 2499.3323
323.8014 256.63428 2506.6287
327.58585 327.30286 2525.3342
333.41888 398.0389 2496.1658
392.673 276.12012 2492.036
385.40897 334.77222 2500.811
366.03033 393.66888 2474.0999
355.5791 270.8485 2700.0732
335.7659 269.72867 2905.1528
326.33975 347.30643 2954.3953
305.40292 387.0162 2871.4062
371.03787 279.73727 2896.4753
372.022 360.7114 2893.503
371.22833 439.76822 2874.2078
362.25577 262.0198 2296.1775
358.49356 267.69244 2498.2793
323.99338 258.30197 2503.958
329.47708 328.56528 2528.6565
334.72052 398.72208 2500.5078
393.15094 277.12573 2492.6003
382.78607 334.4195 2508.4143
365.68283 394.572 2479.3684
355.70255 271.3437 2699.662
335.34225 269.59073 2904.4746
325.26764 347.10977 2954.3318
305.3837 387.97272 2872.2654
371.29822 279.39685 2897.6152
372.082 360.31805 2895.2063
371.27048 439.20386 2877.9446
363.14404 263.53592 2302.8423
358.7985 268.038 2504.4424
324.27988 258.9431 2507.7646
330.42477 329.32974 2529.8242
336.15256 399.1039 2500.3096
393.40878 277.15704 2501.12
381.44214 334.24268 2509.2065
365.59613 395.01462 2483.2483
355.46542 271.24167 2706.1426
334.92035 269.33896 2909.817
325.6624 345.95227 2972.9795
304.9623 389.7686 2872.843
370.29318 278.66922 2905.8684
370.9155 359.34253 2903.9214
370.10236 437.87503 2888.4836
363.31055 264.51904 2299.676
358.9115 268.1936 2501.7622
324.20358 259.65305 2503.153
331.10638 330.30066 2532.8762
337.5594 400.11386 2497.5303
393.65805 276.7437 2500.371
380.75293 334.19788 2514.6362
365.60712 395.19333 2484.2224
355.41138 270.09695 2704.0786
334.60443 267.35526 2907.2234
325.89664 344.41776 2966.5288
305.2801 388.262 2863.6257
370.20285 276.1179 2905.5667
370.69922 356.7838 2903.9966
369.90298 435.20303 2890.1917
363.35486 264.6804 2298.0935
358.90356 267.08545 2501.662
324.08386 258.9953 2501.4172
331.4539 330.7396 2532.3938
339.46158 400.32254 2495.8953
393.7165 275.17398 2501.9072
380.49683 334.02322 2518.362
365.56586 395.24106 2488.837
355.44272 267.09018 2704.496
334.59756 262.94302 2907.1838
325.68588 339.29065 2978.2874
305.7037 385.09357 2867.555
370.33014 271.24512 2907.476
370.7261 351.84433 2906.212
369.95914 430.0944 2893.867
363.7209 265.06805 2304.3032
359.39493 266.8357 2505.051
324.58463 258.87332 2505.9348
331.60965 330.84695 2538.696
340.456 400.40433 2500.785
394.22983 274.80368 2504.1672
380.12894 334.39017 2526.1826
366.93393 396.41733 2490.9458
356.25333 266.75037 2708.0598
334.88953 262.40842 2911.619
326.40842 338.07187 2991.8672
306.18152 388.90482 2871.2136
372.21735 270.94708 2910.518
372.5338 351.45285 2909.5017
371.8102 429.53555 2898.4607
363.8164 266.11008 2307.4075
359.60706 267.0638 2507.4229
324.88605 258.8583 2507.7004
331.69067 331.012 2541.8582
340.95612 400.5281 2502.1572
394.33575 275.27115 2507.1453
379.88208 334.0806 2528.0818
366.2696 396.0533 2497.5493
356.4409 266.20554 2710.604
335.6213 261.19064 2913.9534
325.2606 337.42737 2981.6262
305.7611 389.62024 2867.738
371.81335 269.74377 2913.6172
372.06577 350.1562 2912.8008
371.38065 428.0766 2902.9238
363.7722 266.61005 2308.4597
359.35498 269.12088 2509.8193
325.5374 258.20618 2511.6128
330.96213 325.2354 2540.1814
340.52817 393.20837 2511.9194
393.22092 280.05118 2508.0261
380.31815 331.96136 2530.3416
366.78055 393.4643 2512.5012
356.0036 269.84283 2712.4968
334.95526 264.60098 2916.2927
324.37265 341.0898 2978.013
304.7455 395.77255 2867.5388
371.29514 276.3323 2914.0557
371.49667 356.72818 2913.4004
370.8519 434.59082 2904.5625
363.81735 266.3453 2309.9856
359.5737 268.8454 2511.25
325.81235 257.6376 2513.039
331.26334 325.93442 2539.5884
341.98267 393.71277 2516.2673
393.3832 280.0692 2509.461
379.98532 333.4518 2529.673
366.33652 393.93127 2514.1719
356.1324 269.72968 2713.9863
335.49005 264.62054 2917.8105
323.26053 341.7561 2963.2075
304.93134 392.13428 2867.0027
370.86203 276.36584 2915.6348
371.02292 356.7131 2915.1094
370.4203 434.47238 2907.1987
364.0693 265.8557 2310.249
359.34058 269.17126 2509.3428
325.8833 256.96143 2511.4165
331.51474 326.73392 2539.246
342.83575 394.7603 2512.3276
392.8532 281.40134 2507.269
379.84772 333.62488 2532.3857
365.48856 393.17722 2512.2139
355.5955 270.8893 2711.7422
334.9668 266.0149 2915.394
322.60468 343.0244 2964.2441
304.35742 394.80588 2861.814
369.78946 278.72797 2912.8892
369.91803 359.14722 2912.468
369.35526 436.9314 2905.385
364.6646 264.52374 2310.379
359.59576 267.64505 2507.1143
325.7034 256.60803 2507.9888
331.65094 326.94476 2538.0977
344.35486 394.96262 2510.707
393.51178 278.68973 2506.2395
379.78415 333.6068 2533.715
365.21512 392.63754 2505.5762
355.76266 269.04245 2709.723
335.0157 264.56287 2912.8545
322.9474 341.42017 2966.9556
305.31033 392.48462 2860.0417
369.91638 275.93 2911.8086
370.01923 356.3754 2911.471
369.49893 434.1331 2905.127
364.5352 263.42355 2311.4448
359.36743 266.3519 2513.4612
325.24915 256.33325 2513.5808
331.72232 326.93634 2537.5342
345.14563 395.02643 2505.9763
393.489 276.37152 2513.3413
379.74472 333.0102 2534.8708
364.28113 392.4028 2501.8481
355.53558 267.5455 2716.2007
334.687 263.42 2919.0117
323.666 340.08344 2976.6113
304.91327 392.52502 2867.9294
369.7859 273.7268 2918.8687
369.86792 353.97476 2918.5981
369.38934 431.49594 2912.9143
364.78226 261.99203 2311.978
359.4566 266.00974 2514.2874
325.2653 256.2152 2514.7354
331.88235 326.26788 2536.7812
345.89084 394.2816 2502.6392
393.66013 275.80777 2513.8394
379.98514 331.1597 2534.4211
364.59113 390.39117 2505.472
355.41183 268.39218 2716.4683
333.97852 265.30225 2918.922
323.89166 342.0223 2977.1653
304.33813 396.0937 2861.7903
369.8797 275.5878 2918.3762
369.9453 355.84735 2918.1597
369.50565 433.34668 2913.0654
364.6343 259.87988 2311.2449
359.35333 265.40512 2513.5461
325.05264 255.92694 2514.296
331.9611 325.46283 2536.9087
346.29874 393.40387 2497.188
393.67453 274.88898 2512.7961
379.99304 330.00702 2534.1926
365.01038 389.0066 2503.4636
355.16272 268.88794 2715.1309
333.64978 266.9413 2917.1697
322.17386 343.99924 2966.6292
304.37256 395.68765 2860.6992
369.4585 276.8389 2916.2617
369.511 357.155 2916.0884
369.1071 434.67807 2911.5212
365.3127 257.96893 2310.878
359.55396 265.098 2510.2344
325.22522 255.51997 2511.6467
331.89883 324.96564 2532.9478
346.5774 392.8834 2495.026
393.9214 274.68677 2508.8218
379.94595 329.30884 2531.1018
365.2252 388.24475 2506.7515
355.14233 270.0109 2710.7979
333.4125 269.24207 2912.2168
331.39316 340.1759 2928.9988
326.40295 397.41907 2868.3926
369.27512 279.25473 2910.506
369.31717 359.72842 2910.3674
368.9468 437.37747 2906.2715
365.5105 255.50348 2310.6946
359.44815 264.04053 2509.2593
325.00854 254.81099 2510.8254
331.76532 323.38672 2529.992
345.56802 391.00052 2487.266
393.9308 273.28156 2507.693
379.7623 327.6799 2527.033
366.4271 386.85068 2494.3484
354.9109 270.00262 2709.058
333.00714 270.32022 2909.8052
331.92987 349.98453 2929.035
323.02087 429.77258 2853.6794
368.99847 279.9743 2907.9087
369.03214 360.51877 2907.7976
368.69342 438.2099 2904.1233
365.73166 252.08922 2311.5994
359.3986 264.08752 2507.9622
325.20428 253.9737 2511.9707
331.66473 322.0717 2526.3652
344.93402 389.69296 2478.908
393.7024 274.23376 2503.9536
379.47638 326.8361 2526.1404
366.13153 386.87384 2487.144
354.55786 272.85318 2704.4868
332.4408 275.11136 2903.4424
332.24487 355.02206 2920.6304
322.02344 434.71368 2854.9597
368.33524 285.75992 2898.5806
368.3622 366.56287 2898.4917
368.0518 444.48563 2895.1946
366.4962 249.78482 2312.0488
359.2133 264.7778 2507.1252
325.27692 253.8437 2513.7385
331.64392 321.0361 2518.5598
344.75952 388.7286 2475.1804
393.3292 275.76978 2500.512
379.47278 325.0825 2524.6807
364.87854 384.08878 2486.309
354.01688 276.20123 2699.8076
331.65512 280.31522 2896.503
331.99692 360.52594 2910.8088
321.01938 440.145 2854.9438
367.42004 291.90634 2888.477
367.44168 372.99127 2888.406
367.1573 451.16977 2885.4468
367.2436 246.3247 2311.774
359.63953 263.80685 2504.6157
325.56104 253.18034 2511.7966
331.56586 318.14716 2514.3076
344.7929 385.16534 2472.0732
393.914 274.49448 2497.4346
379.42886 323.814 2518.3003
364.20496 381.93982 2481.5996
354.11783 277.2372 2694.271
331.37454 283.26187 2888.279
331.9862 363.82336 2899.73
320.71674 443.36816 2853.1533
367.32443 294.5574 2879.5737
367.3418 375.89246 2879.5168
367.08246 454.29352 2876.86
368.3804 242.01477 2312.1287
360.23022 260.87006 2502.6062
325.6906 251.8442 2506.1873
331.55603 316.39362 2507.7058
344.6153 382.8908 2467.1194
394.8688 269.92178 2499.0251
379.49304 322.702 2512.07
363.90225 380.79034 2476.3342
354.25366 275.20068 2691.1863
330.86652 282.87784 2881.9365
331.57602 363.73486 2890.9143
320.37027 443.12726 2852.7493
367.28067 292.43832 2877.5962
367.29456 373.8287 2877.5505
367.0589 452.26193 2875.165
369.35788 237.95749 2311.8167
360.80096 258.35388 2500.9321
326.05612 249.95955 2503.3555
331.62195 313.3757 2501.437
344.29044 379.73206 2461.1814
395.61322 266.7645 2498.5088
379.6235 321.36655 2504.491
363.82816 380.1424 2465.4055
354.52878 273.9963 2687.3992
330.7536 283.16714 2875.3342
327.63498 349.4667 2843.7341
324.51944 414.46124 2812.1514
367.40613 292.05515 2872.3984
367.41727 373.5924 2872.362
367.20325 452.14963 2870.2195
370.45285 233.6843 2311.6584
361.32425 256.6862 2497.5496
326.59567 247.97636 2501.6477
331.7951 311.74463 2498.6755
344.3012 377.961 2455.7454
396.167 265.42465 2493.4514
379.6789 320.27402 2499.7773
363.71024 379.64957 2453.1443
354.78113 274.74234 2678.9453
330.39157 285.7918 2862.8645
319.31946 356.72894 2883.7969
315.16156 407.24683 2833.9358
367.77725 295.23315 2857.8174
367.7862 377.18607 2857.7883
367.59152 456.1307 2855.8638
371.54773 229.03375 2312.579
362.198 254.4054 2495.4788
327.42438 245.71756 2500.1572
332.50635 309.63376 2490.3352
345.48083 375.06677 2446.2446
397.1023 263.1259 2490.8
379.61316 317.5725 2492.3796
363.59024 376.33228 2451.9727
355.33276 274.50885 2672.2983
330.59174 287.3968 2851.9944
314.9085 358.83188 2917.9468
311.4926 400.46408 2853.3616
368.0854 296.84683 2846.2417
368.0926 379.1328 2846.2183
367.91574 458.38516 2844.489
372.29456 224.88533 2313.0432
362.67764 251.45775 2494.4084
327.84213 242.9353 2498.904
332.98477 308.58948 2485.6726
345.85886 373.31207 2442.2097
397.63895 260.01096 2489.9128
379.56857 314.08124 2494.1802
364.6064 372.8747 2450.9417
355.66412 272.54178 2669.3955
330.87918 286.43155 2847.1243
315.2572 355.29303 2892.1814
306.16306 407.43912 2871.5046
368.18396 295.6406 2841.6409
368.18973 378.05957 2841.6223
368.0295 457.42627 2840.0684
372.8435 220.36443 2313.274
363.14844 247.82828 2493.8096
328.18726 239.79588 2496.7917
334.41858 306.47653 2477.8484
345.20703 371.10864 2433.0625
398.19333 255.87993 2490.8274
379.6456 310.14114 2491.0728
364.7568 368.7342 2441.4902
355.94156 269.667 2667.482
331.12415 284.55945 2842.9512
314.1944 355.66565 2917.4248
306.65817 399.62225 2875.0217
368.1308 293.1176 2839.3574
368.1354 375.60266 2839.3425
367.99036 455.02002 2837.946
373.33844 215.48036 2319.3909
363.61298 244.14764 2495.626
328.49637 237.02646 2496.0293
334.69608 303.72693 2471.9705
345.86252 367.72113 2425.8364
398.7409 251.27113 2495.2224
379.6978 305.96832 2489.4856
365.91302 364.9713 2439.403
356.20123 267.11334 2666.7112
331.02936 283.52322 2838.0403
315.5543 340.26355 2916.3147
306.70435 401.6389 2869.4736
368.34024 291.0973 2837.5527
368.34393 373.63464 2837.5408
368.2128 453.09103 2836.2854
373.8198 210.33871 2321.9504
364.01187 240.0905 2496.191
328.81467 233.41565 2495.204
335.78363 299.05475 2465.0007
345.34702 362.72705 2420.6099
399.18127 246.76009 2497.1777
379.8508 301.7078 2487.7256
366.52484 361.07703 2438.4663
356.46252 263.91644 2665.497
331.14313 281.36545 2834.2087
315.2978 347.69455 2915.0159
307.579 394.75586 2876.3948
368.47894 288.42593 2835.3977
368.4819 371.02594 2835.3882
368.3634 450.53217 2834.2598
373.69623 205.56152 2337.7317
364.04922 237.08624 2502.5654
328.88562 230.69427 2501.6045
336.09406 295.64154 2462.0288
345.91104 358.95584 2416.3435
399.18582 243.47331 2503.5266
380.03192 298.8713 2487.3347
366.03757 358.4298 2434.4143
356.48596 262.79904 2666.146
330.94547 282.1227 2829.1438
314.73425 351.39838 2931.2634
307.56906 394.1587 2877.5603
368.64105 288.95392 2830.309
368.6434 371.7023 2830.3015
368.53625 451.34335 2829.2869
373.63812 200.82281 2346.1167
364.01437 233.97226 2506.1504
328.9055 227.52742 2506.1328
336.3627 291.25763 2459.505
347.10236 354.02878 2411.6194
399.12277 240.41702 2506.1682
381.44473 295.3115 2484.6677
366.80234 354.55667 2433.9985
356.45804 261.16553 2665.2026
330.95642 281.84576 2824.2441
314.25873 352.06342 2942.0706
306.52472 394.80304 2864.927
368.549 288.74612 2824.2654
368.55093 371.6715 2824.2593
368.45395 451.4754 2823.3472
373.66782 195.36061 2349.8171
364.37546 229.91847 2506.5925
329.1856 224.00508 2505.5286
337.45407 287.6754 2457.7966
347.49747 350.75644 2410.7056
399.5355 235.82683 2507.6565
381.72174 292.72165 2482.7932
366.9819 351.85114 2433.034
356.84998 258.6176 2661.005
331.2352 281.00317 2814.775
315.12012 351.28296 2897.1196
304.03403 405.43622 2881.0774
369.0561 287.33286 2816.0596
380.52637 355.91183 2864.6167
390.1131 415.34073 2854.2378
373.59607 190.29356 2360.6704
364.6809 226.22688 2511.1343
329.4602 221.00972 2508.4814
337.8022 285.49097 2452.9685
347.8858 349.09125 2415.1506
399.82727 231.43303 2513.787
383.04218 289.11215 2481.338
368.61084 348.7878 2424.9443
357.27133 256.52756 2659.812
331.49414 280.81732 2806.8762
314.54782 351.66205 2915.665
305.39023 400.2842 2876.899
369.77637 286.41965 2810.103
385.169 366.5987 2840.3103
397.3859 446.51743 2818.0564
373.10995 186.43918 2365.101
364.68176 222.89766 2515.452
329.44156 218.33394 2511.6482
337.4963 281.57538 2450.0122
348.13144 345.1942 2409.367
399.81552 227.44762 2519.2556
384.4587 285.5394 2482.1582
368.39783 345.4546 2420.3843
357.5763 253.82916 2662.415
332.13205 279.10278 2807.0776
315.66614 350.02487 2884.553
303.65952 407.39474 2887.3638
370.26514 283.9423 2811.6787
381.86334 355.50613 2880.453
392.80307 402.0995 2864.216
373.4514 180.81993 2374.8127
365.17285 219.22684 2519.3733
329.93558 215.14818 2514.6274
337.81207 278.5383 2450.0645
348.21896 342.504 2407.1567
400.27762 223.29016 2524.1191
385.848 280.83746 2483.5305
368.11084 340.03622 2415.854
358.25803 251.88794 2659.0986
332.87692 279.1358 2795.9573
315.50122 351.41998 2893.278
305.9761 402.30652 2872.9668
371.15115 283.43576 2801.6907
380.44925 356.93488 2891.7302
392.2122 397.68698 2858.8093
373.2807 176.09982 2387.6619
365.23135 215.28735 2526.2703
330.08 211.24826 2521.641
337.22852 274.26935 2453.031
348.2645 337.90134 2406.8574
400.25415 219.31166 2530.8992
386.74164 277.79016 2484.7598
367.9604 336.4286 2411.4233
358.3755 248.9229 2661.9602
333.0198 277.15906 2794.855
314.80093 348.44934 2916.315
306.51425 394.9005 2882.9707
371.31128 281.42804 2800.4456
378.9721 355.21243 2907.931
390.9362 392.60892 2870.1152
372.75867 171.99562 2401.0847
364.80438 211.89128 2535.1416
329.7804 207.8444 2529.931
337.74377 270.94086 2456.5146
348.27335 334.82547 2402.1348
399.68472 215.92155 2540.352
387.29044 274.6378 2485.878
369.83386 333.15305 2407.3242
357.87234 245.72519 2670.2207
332.49472 274.1664 2802.1528
313.9437 345.2707 2932.2058
306.55908 391.23798 2889.84
370.67813 278.43042 2808.4468
376.62866 352.5319 2922.5332
389.7469 389.50742 2881.6829
372.5266 167.07376 2408.799
364.67316 208.03453 2540.0588
329.70514 204.16304 2534.0586
337.29556 267.1635 2459.2686
349.99936 330.41776 2399.085
399.47638 211.88779 2546.0588
387.57007 270.62924 2486.427
372.2449 329.29922 2408.338
357.79633 242.82048 2670.754
332.41382 272.3286 2797.8247
315.3251 344.10892 2930.6152
307.2823 391.5384 2875.9448
370.65897 276.38757 2805.0732
376.73856 352.17468 2907.4429
390.387 389.7639 2869.9683
372.26337 161.81702 2419.6418
364.82953 204.41162 2545.9272
329.91763 200.58707 2542.548
337.1885 263.76328 2458.6213
350.1867 326.82355 2394.5793
399.64886 208.22603 2549.3066
387.78094 268.0495 2487.6978
373.72925 326.95874 2406.9907
358.44183 240.33499 2670.9146
333.42276 270.99405 2793.8604
317.08755 342.47513 2934.5503
307.99612 393.10565 2865.1792
371.7997 275.096 2797.9434
377.82053 351.10767 2903.0684
391.28638 390.017 2867.5342
371.8414 157.12343 2425.0703
364.8163 200.4719 2549.998
329.95023 196.63611 2548.661
336.667 260.0715 2459.3025
351.51358 322.05444 2391.1277
399.64587 204.30365 2551.335
387.89508 266.75198 2488.3428
373.54053 325.32465 2401.8848
358.73935 236.8675 2673.2734
333.9948 267.9622 2795.7412
317.96982 338.6893 2945.6907
307.35876 392.24197 2865.4675
372.39032 272.14532 2797.3567
377.18835 347.94275 2908.4219
390.4274 387.60446 2877.259
371.44083 153.14879 2443.7888
364.36264 197.26886 2560.2102
329.63602 193.39468 2559.7815
335.8137 257.51556 2460.6443
350.92444 318.6274 2387.383
399.07764 201.14175 2560.639
387.90994 262.8497 2490.173
375.4328 321.06696 2403.3975
358.4038 234.39854 2678.8677
333.75443 266.24365 2797.266
317.7491 336.62717 2951.3162
306.20508 394.7818 2858.3252
372.14297 270.51297 2797.784
375.6466 346.6302 2907.722
389.62024 388.50034 2877.3577
370.8628 149.14142 2461.147
363.96533 194.17923 2568.2405
329.34106 190.34828 2568.4475
334.43378 254.46521 2464.3208
351.93243 313.92664 2387.8005
398.59515 198.01079 2568.0332
388.09366 259.84613 2493.079
376.76968 318.03912 2405.309
358.15268 232.68738 2676.9116
333.51068 266.05408 2785.708
318.59723 337.7581 2932.8025
306.11148 396.8629 2844.342
372.0782 270.32806 2785.4578
376.15985 347.41486 2888.346
389.744 390.198 2861.644
369.92847 145.91872 2478.3247
363.1124 191.50484 2577.308
328.6102 187.67606 2577.5317
333.28186 251.43074 2466.1533
351.53116 310.08902 2384.9937
397.62057 195.33429 2577.0845
388.11517 257.5461 2493.0342
377.93265 315.69247 2402.4785
357.33636 230.76175 2680.0571
332.6846 264.97397 2782.9412
319.03113 335.60236 2942.3657
305.53754 396.37296 2851.1895
371.29105 269.26566 2782.6711
375.4376 345.2966 2897.843
389.0969 388.67755 2870.701
368.2635 142.42293 2486.917
361.61533 188.6422 2583.7053
327.21286 184.6955 2583.749
332.47546 247.58253 2466.5693
352.20523 305.52322 2384.1604
396.01898 192.58905 2583.6619
388.28806 254.18652 2495.5205
378.85696 312.41782 2403.4856
355.74463 228.3138 2683.1865
330.9982 262.9345 2782.6938
318.98065 333.74985 2943.978
304.78262 394.52292 2854.2363
369.5896 267.36325 2782.6414
374.0838 343.2872 2899.8196
388.51233 388.1351 2874.7207
367.62344 139.19543 2492.2163
360.8173 185.70822 2589.4353
326.51007 181.6076 2589.609
331.83185 244.37163 2468.2832
351.3763 302.19104 2382.2356
395.1291 189.80939 2589.2617
388.15744 252.05055 2496.2627
379.28442 310.22357 2402.938
354.82037 225.5069 2688.046
329.99045 260.18417 2786.7612
320.0049 331.62027 2945.587
305.50577 393.88867 2857.8083
368.50674 264.79376 2786.5518
374.53882 340.9117 2900.2637
388.86554 387.3652 2878.291
366.30646 136.14723 2511.359
360.07 183.1078 2598.9988
325.87234 179.20413 2600.745
331.7396 241.94377 2468.6506
351.97064 299.06912 2370.4143
394.3137 187.01672 2597.2524
388.1454 248.21722 2498.6082
379.95798 305.69928 2399.4863
354.47684 223.75246 2689.112
329.92566 259.5256 2780.2803
321.5152 331.87125 2934.508
306.14185 396.71606 2845.8872
368.5817 263.99887 2778.1704
375.80276 340.77356 2886.2078
389.70282 389.01266 2864.3093
365.71765 133.72987 2528.9307
359.8534 181.0665 2608.5186
325.7632 177.34097 2610.7834
331.3403 238.63841 2470.835
351.84677 295.09558 2365.2397
394.0028 184.79851 2606.2534
388.13284 245.95145 2500.2817
381.11646 303.27203 2398.3555
354.51218 222.43039 2690.0781
330.10266 259.2015 2773.0059
321.70096 332.39462 2921.5627
306.51074 395.37573 2850.4265
368.88715 263.52042 2770.2695
375.84927 340.26367 2881.565
389.93018 389.18045 2864.442
364.63385 131.88164 2546.7144
359.34067 179.12401 2617.1846
325.327 175.82793 2620.511
330.67505 235.70488 2471.9443
352.3432 291.3931 2360.3938
393.4409 182.42845 2613.858
387.76102 242.3998 2506.0957
379.50714 298.04816 2399.607
354.59888 221.07928 2691.1797
330.65875 258.8442 2767.1843
322.51135 330.80447 2928.1443
306.52527 396.3424 2849.0452
369.59128 262.7369 2763.1653
376.02682 338.9767 2882.4888
390.1794 388.73734 2866.064
363.42465 129.54683 2555.6135
358.4777 176.97595 2623.5793
324.52524 173.90475 2626.7395
329.50687 232.39902 2478.4792
352.3036 286.61807 2355.6458
392.51205 180.05455 2620.4192
387.6527 239.59215 2510.5376
379.12628 294.4304 2397.7961
354.01254 219.18639 2694.2688
330.3114 257.42056 2766.867
321.17767 330.0135 2922.2278
305.93884 393.89227 2858.147
369.26685 261.05896 2763.0493
374.91522 337.26303 2884.4336
389.1655 387.69107 2873.955
362.44302 127.55564 2578.067
357.93942 175.18144 2635.0938
324.1061 172.41345 2636.5156
327.0857 230.4117 2480.7786
352.4921 283.2194 2353.8816
391.8093 177.95242 2633.6716
387.4197 237.9564 2515.7334
378.74136 292.05798 2395.644
353.78378 217.86873 2696.081
330.27515 257.04294 2757.9275
322.02567 329.60165 2916.743
305.75653 396.7682 2845.799
369.36102 260.2931 2756.2095
375.0156 336.80112 2876.7715
389.43506 388.85056 2867.192
361.32153 125.684616 2598.288
357.3523 173.40608 2645.1548
323.61676 171.04636 2646.3213
325.63403 229.18034 2482.4297
352.05273 281.41376 2348.7148
391.11758 175.76788 2643.988
387.46167 235.44585 2524.8188
379.03067 288.4776 2387.605
353.75793 216.48677 2696.8047
330.6841 256.5545 2749.1594
322.3817 328.87018 2912.2668
305.7666 397.86115 2844.622
369.92325 259.3428 2747.75
375.1281 335.51144 2874.744
389.60675 388.46115 2865.0322
359.50952 125.11051 2599.4084
355.7623 172.19582 2650.7502
322.08008 170.08455 2651.574
323.96664 226.61789 2488.2124
352.7527 277.59476 2349.8923
389.46545 174.3084 2649.9265
387.5008 233.51314 2528.422
377.7494 285.19656 2376.9417
352.47208 215.14265 2705.0679
329.76547 255.15826 2759.883
320.8271 327.23746 2922.801
304.77676 395.45065 2866.4492
368.86444 257.6396 2758.888
373.14264 332.79483 2894.3538
388.08563 386.52426 2884.3606
358.21893 123.14157 2628.4548
355.15417 170.5248 2662.074
321.60532 168.55914 2662.7666
321.98123 223.4062 2495.1235
352.89044 271.9941 2350.2065
388.72052 172.49147 2661.381
387.807 230.4104 2536.6755
378.51346 281.4132 2381.0425
352.19022 213.86232 2700.0767
329.60477 254.82927 2738.4978
321.23013 328.77722 2891.3247
305.07004 399.18716 2833.7864
369.01828 257.16476 2737.6611
373.44476 333.8472 2864.6782
389.48865 389.2701 2854.208
356.81174 122.22979 2651.9644
354.50247 169.31857 2674.9219
321.0985 167.70349 2676.164
320.75735 220.88838 2499.5781
353.56888 267.6836 2350.405
387.9375 170.93515 2673.6794
387.87485 228.20479 2543.778
379.81522 277.5592 2381.2676
352.0837 212.76859 2702.9985
329.94824 254.34584 2731.8257
321.87772 326.48074 2901.1064
306.04184 396.45474 2853.4385
369.4919 256.30518 2730.3247
374.10104 331.7333 2870.6626
389.6796 388.476 2866.374
355.02118 121.45889 2646.2544
353.81747 168.25244 2679.4673
320.45078 167.50519 2681.4807
318.77286 218.31303 2508.2295
353.26462 262.47025 2355.9314
387.2343 169.00084 2677.454
388.14157 225.76653 2551.4663
379.77618 273.34006 2386.861
352.45917 211.54977 2714.5125
331.48288 253.26541 2750.7742
322.93207 325.13968 2918.6384
307.35446 394.94656 2877.0483
370.80554 254.22177 2748.341
374.6811 328.8665 2893.1155
390.09024 385.73203 2891.3704
353.6755 120.16329 2661.3728
352.82907 166.93001 2691.1677
319.62543 166.34367 2696.522
319.29013 216.86534 2607.6023
340.3909 243.1054 2406.2043
386.1651 167.5187 2685.8135
389.18356 225.26007 2558.715
377.37482 267.55222 2387.1145
351.74472 210.20592 2722.1514
331.06458 252.06082 2756.3696
320.8671 325.84616 2903.7507
305.02597 397.05197 2859.096
370.3511 252.95575 2749.9004
372.414 329.71466 2874.04
388.5119 387.1378 2874.7688
352.26437 120.3042 2688.4417
351.77072 166.19633 2704.1023
318.71695 165.82263 2709.3887
317.44415 208.73259 2612.8247
337.8748 235.87492 2422.6086
384.954 166.57149 2698.816
389.42197 222.54417 2564.8137
378.93622 265.73212 2395.2878
351.02332 209.40303 2721.275
330.55878 251.74481 2741.6401
320.83145 326.9202 2880.6921
304.9244 398.3981 2840.5376
370.05783 252.39165 2735.2546
371.95844 329.93347 2856.5415
388.96127 388.90128 2858.9724
350.56207 120.32587 2702.037
351.38617 165.59363 2712.9438
318.4442 166.09842 2713.6924
315.28986 207.44795 2589.0718
341.20132 238.62842 2409.9814
384.3463 165.08853 2712.195
389.7785 220.08647 2572.4036
379.4681 263.1703 2400.6848
351.9108 208.70558 2722.969
332.66068 251.79001 2733.4468
323.4998 326.0784 2883.667
307.16357 398.41418 2848.4697
372.20898 251.21242 2732.5417
374.36362 327.9959 2862.8516
391.1428 387.51215 2869.0864
349.23325 120.947395 2709.3416
350.95926 165.86218 2719.917
318.142 167.1253 2716.156
315.7212 209.07385 2563.14
346.54562 243.04636 2397.2168
383.68585 164.60254 2723.678
390.01926 219.18657 2573.2495
379.8202 261.9621 2400.8423
352.61362 208.86456 2727.4707
334.55252 252.45934 2732.752
323.20682 326.52457 2882.5793
307.22464 397.47806 2857.6084
373.93246 250.80087 2737.2969
373.94626 327.39786 2869.3936
390.41797 387.58926 2877.0269
348.17194 121.09584 2715.465
350.37524 165.91757 2725.143
317.67862 167.47617 2716.364
315.26498 211.38948 2552.125
348.69974 246.53255 2396.8054
382.8619 164.36899 2733.922
390.17172 219.12946 2580.651
379.9605 261.18167 2405.298
352.5955 208.83212 2730.54
335.16833 252.68025 2730.634
321.54742 326.4295 2880.566
306.0084 398.11914 2853.9739
374.36957 250.47871 2741.24
372.52777 327.78018 2865.4197
389.42728 388.09048 2877.9866
347.0905 121.11366 2736.0269
349.9222 165.56479 2736.216
317.44427 167.48386 2723.0796
315.5143 213.20004 2553.1533
349.9755 247.91464 2395.1155
382.08978 163.66406 2749.3525
390.63028 217.95694 2595.3296
379.8186 260.6361 2416.3262
352.9531 208.17899 2734.4307
336.40073 252.25563 2724.711
321.90396 326.22507 2873.2476
306.68234 397.348 2851.5913
375.46182 249.45023 2740.5796
373.882 327.7235 2855.0093
390.01233 387.57486 2873.3113
345.6618 122.065895 2746.2695
349.29425 165.9159 2743.0642
316.92642 168.1531 2728.7512
315.40253 214.70331 2558.602
351.30206 248.26952 2406.6855
381.32608 163.7019 2757.3772
391.55945 217.00195 2608.6536
379.94656 260.39185 2421.8767
352.9106 208.33264 2737.1562
336.9783 252.55658 2722.6064
321.44522 324.26205 2888.7031
305.81528 399.16806 2851.1326
375.9835 249.31943 2739.8901
373.3306 327.71436 2853.524
389.29996 388.34555 2874.222
345.23676 121.70293 2761.39
349.05798 165.41629 2751.875
316.8531 167.62033 2734.608
315.14676 216.43575 2569.814
352.28613 249.09026 2419.3071
380.86124 163.23972 2769.1418
392.4662 216.37349 2623.331
379.06036 259.35986 2435.3684
352.95413 207.56584 2740.4868
337.3476 251.73093 2718.6697
320.91226 323.64926 2883.2288
305.90765 397.34744 2852.1892
376.26932 248.4161 2739.5278
373.06253 326.84998 2853.3872
388.84753 387.55762 2873.0713
344.4017 120.12897 2768.9602
348.60043 163.99321 2758.5881
316.54947 166.22882 2738.4458
315.3696 217.84218 2587.4229
352.74915 249.51828 2432.4863
380.18674 161.79001 2778.7302
393.58005 215.84387 2630.173
378.87738 258.32523 2441.8987
352.79227 205.96138 2744.8052
337.56497 250.09076 2718.856
320.9004 321.23468 2890.336
305.8316 397.22394 2854.743
376.31522 246.63097 2743.1887
372.01553 324.69446 2860.648
388.4545 386.62238 2877.8674
343.54407 120.34359 2783.211
348.18823 163.41768 2767.6453
316.19278 165.98578 2750.4548
315.79755 219.87578 2598.709
357.4386 248.9646 2449.8445
379.78867 160.88132 2784.836
394.1448 210.31502 2651.1626
386.76706 254.89598 2466.187
352.83923 205.02196 2748.079
338.03534 249.11282 2718.1287
321.1838 320.53528 2887.8809
306.28854 397.36664 2854.0422
376.9305 245.3473 2738.8972
371.99234 323.89105 2852.7002
389.05066 387.31622 2870.7976
342.4654 121.967224 2780.3147
347.74625 164.9386 2766.804
315.71695 168.18224 2754.483
317.24857 223.12038 2606.3027
365.04788 248.64798 2464.1465
379.49152 161.72372 2779.125
394.05716 207.3335 2738.5483
390.54218 239.68309 2534.787
352.91724 206.56778 2748.8618
338.60834 250.95561 2723.4736
321.88544 322.47928 2890.7393
306.07855 400.16287 2860.261
377.5978 246.54436 2738.3655
371.88113 324.66034 2856.2878
389.32193 389.74063 2874.5232
341.63318 121.57381 2788.9028
347.15042 164.25247 2772.715
315.17014 167.69206 2762.121
318.18198 225.28854 2611.1501
370.79935 248.45122 2474.0537
378.88727 160.83908 2783.309
394.33765 205.08961 2773.764
392.1515 233.50455 2572.0244
352.5343 205.68178 2752.061
338.45047 250.03894 2725.0098
320.516 322.15082 2884.9243
305.7531 396.5289 2860.5273
377.45743 245.44708 2737.8044
371.6388 323.95917 2851.9368
388.6363 387.71964 2875.5173
341.4052 122.42823 2794.2039
347.00705 164.84882 2775.9004
315.0349 168.35463 2767.534
318.65155 226.40413 2620.0757
372.776 250.37515 2479.478
378.78702 161.36406 2784.2666
393.93683 204.63182 2768.8833
392.31094 234.45901 2575.2456
352.36627 206.18448 2753.5032
338.22897 250.5023 2726.053
320.81216 321.72433 2893.972
305.37527 399.21457 2854.0515
377.3255 245.90245 2736.1592
371.37292 324.5086 2849.525
388.7305 389.14328 2872.8938
341.11447 122.01152 2795.8596
346.57214 164.45628 2778.2217
314.6048 168.05469 2773.19
318.78302 227.66173 2633.5425
374.00308 251.34985 2488.1897
378.4239 160.8709 2783.2534
394.21814 204.00958 2752.4468
389.96976 236.75873 2564.2817
351.83035 205.77473 2755.977
337.57382 250.06596 2730.6929
320.0267 322.5886 2886.0679
305.16238 397.1567 2859.6423
376.73096 245.47032 2736.7722
371.03732 323.7804 2853.6067
388.19644 388.25244 2875.8823
340.53268 121.860634 2798.6782
346.0898 164.18298 2780.8691
314.15402 167.93887 2778.1628
315.64203 224.698 2655.555
367.29556 252.1288 2512.6301
377.9635 160.43439 2783.5757
394.82028 205.1457 2742.721
387.8226 240.55913 2556.7466
351.402 205.44934 2758.4849
337.20947 249.74553 2734.4658
320.83307 322.92657 2885.6272
305.1686 398.3753 2853.2688
376.36942 245.0391 2737.7354
371.1411 323.08075 2857.6519
388.38495 388.29364 2876.094
339.5518 121.81784 2801.589
345.21164 164.0443 2783.354
313.31244 167.92877 2781.2534
313.6607 223.92285 2675.5085
359.4512 256.69968 2526.732
377.06274 160.1657 2785.4546
395.13684 209.91731 2737.3586
383.37274 247.87923 2554.8147
350.6435 205.26299 2761.141
336.59518 249.57227 2737.6594
320.48593 323.4801 2881.951
305.249 397.24136 2859.444
375.71362 244.73045 2740.197
370.40613 322.65805 2860.7698
388.19012 388.39062 2877.029
338.55197 121.654526 2802.0422
344.48126 163.9156 2784.6514
312.62012 168.02095 2784.0015
310.78253 223.39888 2700.248
352.18112 257.96143 2543.1782
376.32755 159.81218 2785.301
394.8572 212.98582 2739.176
380.10712 252.60103 2558.0876
350.09885 205.10901 2763.021
336.25888 249.48312 2740.9983
320.72595 323.22144 2887.303
305.35092 398.24802 2857.9658
375.3457 244.42255 2741.7832
370.83618 322.81604 2856.99
388.48972 388.2104 2876.8713
338.29977 122.26455 2800.3154
345.36865 164.43245 2784.0498
313.6197 169.19763 2780.3232
310.5013 222.43181 2712.8472
346.91043 261.2237 2556.7368
377.03275 159.68001 2787.7761
394.3019 215.81601 2743.649
379.82245 256.6565 2559.1821
352.02463 205.5419 2764.4285
339.33636 250.22638 2742.5554
323.67014 324.20544 2885.9805
308.8344 397.98526 2857.3743
378.18326 244.25668 2747.059
373.93802 322.71002 2860.1677
391.479 387.52567 2879.424
337.0695 122.96489 2799.9153
345.2375 164.72679 2784.69
313.65103 170.35406 2780.0986
309.3662 222.71498 2727.917
343.02405 264.55185 2586.1914
376.71997 159.11806 2789.2812
393.83646 214.74767 2749.1345
381.5174 259.2871 2576.656
353.0494 205.66946 2766.662
341.65872 250.67458 2745.8604
322.74075 324.38812 2883.5037
308.14395 397.81482 2860.1587
380.22998 243.63092 2751.4082
373.34726 322.1118 2861.3486
390.47452 387.0129 2879.8909
336.2279 123.5109 2797.2148
344.5268 165.32463 2783.7852
312.94827 171.14635 2784.6333
310.33768 223.41 2733.912
339.0948 268.95264 2599.5684
376.1246 159.49937 2782.9368
392.62717 212.96196 2763.151
384.90363 261.0353 2605.4043
352.26752 206.36523 2767.803
340.7904 251.42615 2752.3335
319.5263 324.28555 2890.214
305.44058 397.186 2864.882
379.41312 244.33762 2751.3083
370.27747 322.84793 2858.4766
387.86917 388.77798 2873.6714
335.53555 123.029594 2797.3877
343.48615 164.79216 2784.4438
311.9242 170.55493 2790.4937
309.82336 224.8971 2740.482
335.33502 272.6652 2611.7246
375.18555 159.0043 2778.3938
391.97653 216.1213 2770.105
386.44916 267.6531 2629.9368
350.87024 205.89435 2768.6792
339.01697 250.88197 2756.5696
318.54352 323.60693 2897.0876
304.35693 397.1621 2858.4348
377.71222 244.04349 2749.2598
369.6171 322.72443 2856.4482
387.22607 388.4211 2873.334
335.79572 124.30966 2787.446
343.6645 166.33821 2779.2659
312.0503 172.13548 2787.3398
309.7861 225.0522 2744.2498
330.46722 276.39676 2634.544
375.46292 160.50714 2771.1917
390.47336 213.86275 2774.8975
389.099 268.25043 2658.853
351.00085 207.64566 2768.435
339.10825 252.66315 2762.4795
320.36472 326.21863 2896.7283
306.40927 398.49728 2860.9805
377.74973 245.88005 2752.729
371.32816 324.2255 2863.18
388.85788 390.10977 2880.1333
336.23148 122.65604 2792.504
343.6575 164.89122 2783.3677
312.07706 170.38779 2794.7239
309.77698 226.2038 2744.0603
324.5981 280.80582 2656.7166
375.4967 159.34961 2772.0115
390.4618 214.04443 2778.1143
392.65234 270.7308 2695.5452
350.43698 206.19049 2770.9312
337.9646 251.01186 2765.3545
318.7051 325.02405 2893.7634
304.881 396.22543 2854.9072
376.68683 244.69672 2751.6348
370.7667 323.08765 2862.9297
387.696 387.21835 2872.2388
336.51544 123.37416 2795.5305
343.38004 165.53345 2784.2905
311.81705 170.73413 2798.8572
309.76456 224.29561 2748.126
317.99686 280.9241 2679.7134
375.27505 160.27806 2769.7236
389.93546 213.52695 2781.1575
394.76144 271.3499 2724.0664
349.60754 206.87283 2770.3901
336.56064 251.54439 2765.289
318.34995 325.64737 2895.1064
304.8721 397.92337 2855.9185
375.35892 245.69522 2747.6907
369.6072 323.4786 2866.6777
387.6812 389.86166 2869.199
336.34235 123.53441 2796.5232
343.06778 165.72688 2785.1282
311.53238 170.8484 2801.4487
308.7143 225.04037 2751.0686
312.9477 282.22946 2693.2166
374.97495 160.54498 2768.8076
389.6632 215.10323 2782.0674
397.00687 273.33633 2750.5874
349.1175 207.10538 2772.0576
335.91153 251.70944 2768.8438
319.14648 326.20746 2896.7979
305.3734 397.8869 2860.0146
374.67603 246.0221 2749.1306
370.40283 323.6738 2869.5442
388.72546 389.22443 2876.9895
336.25665 123.2274 2798.016
342.84717 165.35793 2786.453
311.33698 170.44095 2803.6804
308.39072 224.28712 2751.9727
308.4225 281.8114 2715.954
374.74942 160.21165 2769.225
389.4549 215.51088 2784.3997
398.90128 273.52502 2775.826
348.80252 206.73558 2773.5774
335.51346 251.29309 2771.1072
319.38113 325.91983 2898.7485
305.78003 396.32486 2860.9875
374.25943 245.68413 2750.2969
370.73615 323.49292 2869.0637
389.15674 388.9688 2875.4382
335.85464 123.20386 2798.258
342.56494 165.32132 2786.6936
311.0829 170.56252 2804.0435
308.02875 223.7122 2754.2512
304.51703 281.21274 2731.2324
374.44144 160.01447 2769.3438
390.71262 215.07147 2785.6462
400.8958 272.90283 2792.7388
348.72583 206.67107 2773.999
335.65952 251.28952 2771.7842
320.10245 325.81152 2901.578
305.96503 397.59058 2858.5369
374.37418 245.4905 2750.8247
371.5154 323.33517 2869.2817
389.43555 388.6687 2875.1633
336.69247 124.128555 2798.384
343.1951 166.00342 2785.8523
311.65625 171.02231 2802.7651
307.21362 224.48741 2763.8574
301.67178 281.78918 2739.2642
375.11926 160.92323 2768.9395
391.0498 216.73917 2792.321
402.51898 274.18817 2801.261
349.08786 207.40703 2773.1245
335.71906 251.95255 2770.613
319.91403 326.2993 2901.7583
306.4132 397.7073 2858.259
374.49435 246.41182 2750.1804
371.36475 324.18423 2869.2415
389.4074 389.70712 2875.1746
337.14233 123.38677 2798.944
343.56946 165.40161 2787.35
312.02402 170.36633 2803.7036
306.19354 225.17766 2769.9797
300.3057 282.43958 2746.9043
375.4872 160.37828 2770.9963
391.17947 217.99416 2797.16
403.3948 275.25006 2804.003
349.42184 206.80197 2775.2974
336.01822 251.29927 2773.123
319.91962 325.5282 2904.5334
306.43613 397.0582 2858.7275
374.77084 245.80809 2753.3665
371.3136 323.1443 2876.4727
389.4541 387.29242 2878.0977
337.07358 122.19288 2789.728
343.681 164.63647 2785.3945
312.07462 169.59895 2799.8027
305.81003 224.6456 2775.896
299.716 281.7819 2747.182
375.61606 159.62239 2770.9863
392.35675 218.11557 2800.0874
403.83917 275.86084 2805.3677
349.662 206.13681 2778.4395
336.4072 250.60396 2780.1885
320.12845 325.1525 2906.255
306.5774 395.55566 2867.6748
375.0602 245.06956 2762.7803
371.65985 322.81293 2878.7935
389.4457 386.96997 2885.8704
337.92206 121.80111 2793.6143
344.1931 164.30643 2787.406
312.57654 169.05675 2801.843
305.60663 224.1505 2779.7449
298.84406 281.12796 2747.507
376.1389 159.50662 2772.9688
392.5772 217.77888 2804.0466
404.00342 276.17725 2795.6611
349.8812 205.80014 2779.3037
336.31808 250.1675 2779.9224
319.8215 324.98407 2902.9595
305.92432 396.88507 2858.5325
375.0088 244.88892 2762.4807
371.24597 323.42603 2869.1272
389.10516 387.8932 2875.924
338.15915 121.25369 2795.5544
344.2415 163.81723 2789.1956
312.6166 168.52159 2802.3962
305.50513 223.28078 2780.945
298.29608 280.2121 2752.1248
376.16714 159.06812 2775.9949
392.6499 217.38506 2803.5222
404.14435 276.32764 2787.0305
349.91238 205.27629 2780.4521
336.32672 249.62329 2779.6829
320.05576 324.65323 2901.283
305.8665 397.35632 2859.1577
375.02267 244.35542 2763.7346
371.87155 323.0605 2868.4802
389.10764 387.60468 2877.8687
338.54575 121.131294 2786.5312
344.64682 164.08627 2786.859
313.01334 168.74806 2801.5015
305.571 223.10599 2783.3113
298.44455 280.02405 2758.8076
376.61447 159.37526 2772.2166
392.7161 216.97057 2802.2568
404.22116 276.3945 2782.8147
350.2504 205.66862 2783.2896
336.635 249.92279 2788.5654
320.34695 325.26392 2903.8584
306.57568 396.91632 2868.082
375.2245 244.77638 2770.8748
371.80157 322.85168 2880.6384
389.40945 388.23984 2884.948
339.0721 121.3921 2782.5334
344.77054 164.5409 2786.1487
313.11032 168.77164 2802.4382
306.11227 223.50642 2784.6794
299.3695 280.45322 2759.934
376.80316 160.26038 2769.8594
391.68076 217.05293 2799.1292
404.16415 276.70264 2761.555
349.78177 206.24675 2785.436
335.57895 250.24335 2794.5645
318.826 326.11554 2900.2678
305.159 398.03775 2862.601
374.14847 245.68849 2774.882
370.8627 324.41626 2874.7734
388.18997 388.92676 2881.407
339.97986 121.470085 2781.5276
345.14838 164.71698 2786.4526
313.46756 168.54846 2803.7927
306.38846 223.52902 2787.2053
300.31424 280.47775 2759.0388
377.22598 160.8375 2769.1123
389.92526 219.66904 2797.5698
402.0888 279.6726 2753.1455
349.613 206.4959 2786.7969
334.86322 250.27132 2797.616
318.93243 326.08078 2905.1492
305.3381 397.5657 2860.347
373.4348 246.24257 2776.6663
371.4631 325.2759 2872.0266
388.68564 388.60098 2877.4587
340.00504 119.51493 2779.0186
344.8817 163.02931 2788.213
313.19812 166.73125 2805.2546
307.2131 222.4006 2785.0503
302.17978 279.4926 2760.641
376.955 159.28183 2771.1711
389.53934 219.23923 2790.5286
399.7768 279.24225 2745.6858
349.2036 204.82585 2791.3293
334.34338 248.45917 2804.7393
319.26218 324.29883 2912.4302
305.721 394.72702 2865.764
372.83014 244.58493 2784.1523
371.9897 323.43457 2879.981
388.67853 386.23703 2884.3125
340.32574 120.5848 2789.278
345.5324 163.78363 2792.3987
313.84717 167.66948 2805.6208
307.85324 220.78703 2783.1145
304.09164 278.00116 2760.0203
377.51913 159.86081 2779.1765
388.82535 216.74188 2784.9768
397.22238 276.81656 2738.5137
350.18073 205.43517 2791.4397
335.61118 249.23141 2798.47
321.38217 325.5312 2904.3486
306.99625 398.8643 2849.052
374.16373 244.98708 2782.4912
373.92508 324.5671 2868.7856
390.4631 388.603 2875.7495
340.55783 120.89993 2793.3926
345.8406 163.97575 2794.7405
314.15594 167.90434 2806.373
308.39896 221.11882 2780.2666
305.92847 278.4647 2759.5918
377.79013 160.01431 2783.108
388.98853 215.2976 2777.589
394.2408 275.59167 2729.0674
350.592 205.56694 2792.265
336.12555 249.40372 2796.8152
320.4883 325.19504 2905.9656
306.624 397.67938 2853.9993
374.67523 245.04921 2782.7634
373.3128 324.52826 2870.6082
389.42017 387.6139 2876.4492
340.98926 120.889015 2795.446
346.11423 163.91013 2795.9019
314.41647 167.7335 2806.853
308.30493 223.32216 2782.131
306.93814 280.8063 2754.6282
378.06128 160.0567 2784.9507
389.23044 217.2109 2768.7927
391.12567 278.67166 2719.465
350.74805 205.49113 2792.7368
336.1519 249.28766 2796.1863
320.10345 324.9778 2905.9338
305.93903 397.9124 2856.1963
374.7243 245.03522 2782.9573
373.16135 324.7581 2867.5422
388.85587 387.96005 2879.7817
341.07114 120.70146 2796.4756
346.23932 163.55238 2796.9043
314.54395 167.36334 2807.4937
308.1564 224.32176 2783.5676
308.37598 281.5923 2743.471
378.1756 159.71245 2786.3152
388.67865 216.01834 2764.0583
388.70966 276.87057 2706.6633
350.86896 205.12372 2793.9497
336.2731 248.903 2797.3914
320.44443 324.52524 2908.3118
306.22974 397.47208 2856.1194
374.83203 244.65338 2784.5989
373.22806 324.18112 2871.4927
388.82465 386.99426 2879.938
