353.88214 114.67846 2786.3145
348.76938 170.3633 2823.409
316.5066 169.65388 2850.211
305.31512 222.71318 2941.8328
284.1524 260.3439 2843.78
381.6506 171.08632 2796.607
393.571 221.98648 2899.7903
414.52707 263.32916 2840.2632
347.23627 210.70831 2830.808
323.453 249.83054 2856.757
317.937 344.69366 2862.113
316.06348 425.7725 2944.9917
368.2621 251.86873 2819.6575
374.53516 342.285 2849.897
369.1463 425.76468 2954.7498
353.4674 115.018974 2788.9958
348.13297 170.05006 2826.6787
315.98102 169.61891 2852.106
305.06238 222.94955 2940.1426
281.42316 265.69577 2848.71
380.86862 170.48904 2801.2515
393.26703 221.82695 2902.0286
412.42 266.84595 2848.856
346.93845 210.57193 2832.8354
323.56967 250.12277 2856.5718
317.60135 345.71786 2863.35
316.03638 427.55194 2941.228
368.20486 251.72325 2821.4126
374.20804 343.29245 2850.7043
368.07275 426.30298 2960.1292
353.33588 115.06653 2790.3474
348.29654 170.24811 2826.6672
315.8872 169.69855 2851.5688
304.97424 223.14255 2938.1306
286.69727 262.70294 2853.5151
381.28198 170.80745 2801.7659
392.83853 221.28148 2901.0989
411.19345 266.6759 2868.6733
346.97977 210.88214 2833.154
323.5567 250.47186 2856.673
317.42343 345.94797 2865.1821
316.06262 427.56744 2942.2012
368.0481 252.19954 2822.6084
373.8543 344.0307 2851.8804
368.09262 426.21036 2960.697
352.87848 115.07654 2791.8972
348.19998 170.46805 2827.0266
315.58215 170.0602 2849.8137
302.92258 224.2604 2932.9575
282.72034 269.31985 2855.6443
381.34793 170.88254 2804.2393
392.93588 228.20866 2907.1553
409.70145 269.28558 2870.5505
347.09558 212.07149 2833.8171
323.54495 252.738 2856.337
317.37015 347.17966 2868.9714
316.03845 426.85226 2963.1348
368.698 254.22221 2824.8784
373.42172 344.14294 2851.1394
367.84836 425.233 2972.26
352.6814 115.027336 2792.2302
348.2144 170.65518 2827.5488
315.47668 170.14975 2850.11
302.49847 224.83244 2930.2168
284.97806 270.57513 2864.1372
381.4787 171.16873 2804.9873
392.89688 229.11916 2903.474
408.84888 267.95822 2862.6885
346.9776 212.27983 2833.3967
323.2173 252.93214 2854.8052
317.39243 346.4634 2868.5967
316.22855 425.9145 2965.9854
368.52286 254.54268 2823.684
373.1864 345.7793 2852.5166
367.97693 426.78564 2977.857
352.40372 114.9378 2792.1294
347.9233 170.6236 2829.7444
315.27362 170.22765 2851.0046
302.8251 224.54721 2930.6733
284.46558 269.25436 2856.5833
381.06732 171.02556 2808.4844
392.71106 225.2163 2902.56
407.99573 268.35385 2859.7104
346.8464 212.21112 2835.0415
323.40173 252.94766 2854.9333
317.636 346.66843 2866.9893
315.82547 427.63818 2959.5579
368.3764 254.34656 2825.7437
373.281 346.37308 2856.183
368.32996 427.61206 2982.8281
351.6031 114.79827 2793.9133
347.7159 170.7114 2831.788
314.92285 170.23427 2852.472
302.95538 224.17606 2930.4014
283.4194 266.55807 2831.9937
380.99155 171.19554 2811.1042
392.2314 225.06958 2901.8728
408.42908 268.19717 2861.7312
346.54996 212.13799 2836.4497
322.9164 252.69028 2855.3062
317.27362 346.85648 2866.584
315.32068 427.4627 2959.0195
368.0849 254.17438 2826.9165
373.38202 345.7782 2857.7905
368.42902 427.13504 2987.2058
351.39975 115.08751 2794.1853
347.60452 170.73497 2833.2136
314.77448 170.219 2853.0518
302.75507 224.30957 2929.944
282.66888 266.5986 2850.289
380.89752 171.25821 2813.3755
391.81592 225.28795 2902.123
408.5438 269.95825 2864.7913
346.40012 212.35144 2837.4624
322.60275 253.09021 2855.3838
316.84976 347.42657 2869.0256
314.60034 426.25082 2961.9539
368.01434 254.60403 2828.0386
372.76935 346.10757 2859.211
368.2568 426.71405 2987.083
351.41168 115.07565 2793.797
347.44397 170.67798 2834.0496
314.64835 170.15993 2851.583
301.93954 224.79445 2926.989
282.99072 263.97998 2855.3604
380.64792 171.20247 2816.5159
391.5513 225.69476 2905.7742
407.9766 270.60144 2858.8184
346.30087 212.50241 2839.2148
322.54944 253.46344 2856.4956
316.53995 347.9643 2871.6316
315.63223 426.56808 2992.0757
367.96793 254.8925 2832.265
372.52084 346.29697 2858.4006
368.05426 426.56372 2986.3882
351.67075 114.70582 2792.7673
347.1079 170.64706 2834.4373
314.31442 170.22594 2851.8489
300.588 224.28137 2929.628
281.40237 266.81354 2862.5247
380.3068 171.0734 2817.0254
391.52893 224.76855 2906.3186
408.44083 269.07977 2860.5046
346.09402 212.40712 2839.6194
322.50464 253.37439 2856.8154
316.27753 348.17664 2871.109
315.5656 427.06165 2974.932
367.8545 254.66113 2832.7878
372.3562 345.9793 2858.2478
367.90616 425.78772 2985.4866
351.68423 114.481186 2792.7239
346.58487 170.75816 2835.585
313.8083 170.43932 2853.6936
299.67224 224.46667 2932.453
281.33243 267.2048 2871.6433
379.78278 171.08112 2817.4766
391.02646 224.03139 2905.9905
408.93326 270.0335 2874.6057
345.70187 212.19762 2841.376
322.16434 252.88507 2859.7158
316.34686 348.14563 2870.8037
314.3167 433.79483 2962.4392
367.6812 254.05713 2834.618
371.8859 344.8828 2862.2664
368.00424 424.10303 2985.9895
351.7585 114.59528 2792.5063
346.4998 171.03568 2837.1157
313.58203 170.70825 2855.075
299.4419 224.49782 2933.8206
281.482 266.92023 2872.177
379.83698 171.36726 2819.1565
391.39246 224.44371 2906.4421
410.24478 269.88113 2873.8723
345.6122 212.47536 2842.656
322.2544 253.17487 2860.4849
316.22073 348.0472 2873.2515
313.34326 429.71042 2979.0203
367.39658 254.33781 2835.9077
371.7222 345.36942 2863.6863
367.9521 425.28696 2989.007
351.42328 114.61341 2790.1062
346.60278 171.05461 2835.1138
313.58807 170.6781 2853.0857
299.01874 224.19511 2933.094
281.75333 268.78238 2879.6484
380.03876 171.43591 2817.1418
392.0071 224.21771 2906.1511
411.6165 266.16324 2851.6487
345.68362 212.5728 2842.88
322.48886 253.25844 2862.8203
316.20276 348.00018 2873.025
314.1148 429.69647 2969.801
367.24124 254.47632 2838.4717
371.5929 345.4452 2864.8025
369.81113 426.34656 2972.4387
350.95416 114.34714 2787.579
346.7654 171.09401 2833.4802
313.77103 170.7031 2851.4897
298.8401 223.89159 2932.3018
281.90863 267.9175 2861.3467
380.1819 171.48991 2815.4707
391.98477 223.98726 2905.2485
411.7717 267.29623 2846.7485
345.8439 212.45609 2842.2397
322.72644 252.95024 2863.1716
316.1601 347.87488 2874.9966
314.85742 429.31268 2959.8389
367.32016 254.183 2838.827
371.32605 345.5034 2862.8047
369.6987 425.89636 2968.227
350.53018 114.167694 2778.4792
346.81714 171.22592 2831.0874
313.61066 170.81606 2850.672
298.88943 223.98596 2932.152
281.89987 268.79825 2849.7559
380.48624 171.64148 2811.5027
393.08698 223.73622 2904.1045
414.12817 268.36932 2845.0825
345.87802 212.46054 2841.5918
322.82883 252.74222 2865.2122
316.28513 347.6228 2876.0942
314.85318 429.36053 2961.399
367.26712 254.04665 2838.9802
371.20322 345.52164 2861.3787
372.36972 425.1916 2946.5063
350.50058 114.020615 2768.5596
347.07553 171.27687 2825.4805
313.49893 170.7992 2847.1084
296.06387 225.42546 2914.0305
281.92114 268.6283 2834.6313
381.1701 171.76195 2803.8528
394.65475 223.66489 2897.0396
414.8284 270.7857 2828.4219
346.08182 212.55264 2839.1453
322.9643 252.70639 2867.1736
316.1993 347.41205 2877.855
315.39044 428.13568 2960.5896
367.45502 254.16696 2838.4463
371.25995 345.57584 2860.169
371.7561 425.7024 2954.2053
351.849 114.04075 2740.9504
347.62305 171.04532 2812.7542
313.54755 170.43883 2835.4736
295.0992 226.2302 2897.4087
282.51447 271.55508 2822.6494
382.2535 171.6617 2790.035
397.32986 224.25793 2879.6812
416.41055 273.04684 2822.1003
346.58118 212.5005 2832.8438
323.5389 252.55344 2867.786
316.21582 347.0581 2881.6394
314.9559 426.24088 2971.7793
367.7995 254.19884 2838.0806
373.3307 346.10562 2867.6482
369.90045 426.0768 2982.5942
352.6356 116.92691 2706.1335
348.2335 170.73196 2793.4656
314.2376 169.9358 2814.6965
294.59476 226.06393 2885.9385
281.61996 267.90164 2796.7573
382.75006 171.54031 2772.2344
398.65683 224.48573 2858.6956
417.54974 277.91898 2801.8975
347.12024 212.27808 2823.0588
324.34814 252.05838 2866.4487
316.45413 344.97168 2885.4004
316.1023 420.90994 2980.8833
367.92276 253.87477 2838.8557
373.85034 345.839 2872.1738
371.748 429.34683 2985.2603
352.6941 116.94473 2700.242
348.60162 171.05475 2784.067
314.77646 170.10237 2803.6743
295.0722 225.56827 2881.38
281.29993 272.58047 2783.6504
382.9066 172.02063 2764.4595
398.96912 224.02342 2848.5195
417.66217 276.30603 2797.4978
347.36993 212.39905 2818.7104
324.51465 251.76353 2866.1924
316.9999 342.8495 2888.1492
315.74005 420.40085 2977.4282
368.01746 253.72408 2840.5159
373.00385 345.56555 2871.6672
374.35922 429.34927 2959.737
354.5944 119.6769 2670.5063
349.07938 171.3149 2766.9995
314.9753 170.15341 2787.9023
297.71576 226.07474 2868.079
279.6427 274.49237 2772.5608
383.7026 172.49408 2746.0967
400.95267 223.86723 2831.2903
419.26047 280.5038 2793.4973
347.80307 212.26323 2811.1914
324.8605 250.81944 2869.082
316.90057 343.24084 2890.8945
315.4157 423.261 2971.3762
368.48126 253.07951 2841.6846
372.65662 345.35034 2870.9424
370.8927 424.943 2967.5476
355.90366 123.83515 2648.6384
351.4354 176.02156 2729.5334
318.5131 173.47183 2751.107
297.97498 226.76935 2857.3567
278.65625 279.08627 2768.5916
384.88223 178.61191 2707.96
403.2489 229.35062 2803.786
421.12592 282.87952 2777.7766
349.0966 214.44698 2794.0564
325.4767 249.09653 2873.2317
317.42697 342.24615 2892.8977
315.96848 423.79434 2964.75
368.4704 253.19995 2843.927
372.85297 345.44144 2874.0508
372.0192 426.0342 2962.5015
358.18744 130.28526 2626.2341
352.7219 181.81638 2707.8557
320.21582 178.66647 2725.1592
297.5465 225.95296 2836.6743
275.03815 282.2661 2759.302
385.64612 185.00677 2690.5522
405.1506 231.71773 2789.6401
421.0393 286.81018 2763.4524
349.83896 218.14932 2785.0928
325.27588 250.10132 2874.604
317.4914 343.10992 2889.2507
317.41183 419.7521 2959.1055
369.13544 254.96245 2850.0554
372.8314 345.4848 2880.1106
371.3036 425.8534 2957.9246
358.7379 132.2557 2607.3303
353.1694 183.78656 2699.149
320.28036 180.166 2716.214
297.62613 226.83966 2837.228
275.82236 284.54132 2754.0435
386.47696 187.4532 2682.0837
405.63928 233.0303 2785.771
421.34872 287.0937 2752.7317
349.99146 219.08148 2781.97
325.20425 249.64806 2876.7815
317.32996 342.776 2884.6792
317.62616 419.14395 2944.4844
368.9734 255.04585 2852.8008
372.9816 346.28226 2884.7283
373.07758 420.52292 2951.0708
359.52692 133.42625 2597.6821
353.06323 188.12836 2686.4526
319.57803 184.27827 2701.5027
294.92667 233.67686 2823.6958
275.59933 286.62756 2731.3843
386.92575 192.02185 2671.4028
405.98776 238.25151 2781.6028
421.61118 292.91544 2746.1536
349.88184 221.25943 2776.5825
324.87717 249.53699 2877.2654
317.2217 342.4086 2880.5684
317.0329 420.53903 2947.1506
369.08655 255.09789 2856.1592
373.09235 346.20547 2890.2454
372.88495 422.21188 2960.556
360.78317 143.0407 2556.3003
352.40164 194.20021 2664.24
318.399 190.11955 2681.318
293.83347 240.50899 2806.8188
273.6025 292.45584 2710.832
386.84305 198.3335 2647.1619
405.46304 242.29909 2766.6025
423.15137 300.67947 2738.1433
349.7515 225.08316 2767.6348
324.82455 250.79199 2883.1753
317.7806 342.02914 2884.216
315.8919 414.46567 2931.855
369.9508 256.71655 2858.8838
373.10645 345.55893 2888.3293
371.99658 422.46445 2961.8909
362.16254 147.62059 2521.7898
353.93042 197.47955 2643.4595
319.51505 192.54477 2654.6055
294.45276 242.13997 2776.9465
272.4417 299.27805 2694.0789
388.63724 202.45612 2632.3135
404.3189 245.39677 2755.5945
424.7643 305.73367 2735.7786
350.0264 227.36026 2760.8152
324.00037 251.4265 2886.0796
317.71957 341.35352 2878.4128
315.7577 416.82806 2929.9182
369.00482 258.20056 2870.2622
373.0758 346.7497 2895.3662
371.8798 427.67743 2959.931
363.4394 151.52707 2502.025
354.63113 201.49164 2630.8213
319.73856 196.44147 2636.047
294.81488 246.32788 2749.496
270.86398 304.16547 2691.825
389.66263 206.5619 2625.5952
405.70367 249.10738 2747.6921
425.41635 307.74048 2726.716
349.935 230.19496 2759.5896
323.4146 253.04866 2892.0146
317.8163 343.86798 2873.0022
317.95978 423.09436 2935.8662
367.95694 259.63766 2884.7012
373.11688 346.9269 2896.3096
370.48367 432.7961 2956.7676
364.72833 155.73245 2473.272
355.46545 206.43736 2621.22
321.2981 200.668 2626.155
295.4782 248.5964 2746.6199
271.40286 307.04666 2678.597
389.76172 212.22847 2616.2847
406.80994 257.15363 2730.541
426.32822 314.97885 2715.436
350.1317 234.38971 2754.18
323.01752 255.93933 2890.6829
318.01202 347.97253 2870.2756
317.82913 426.22556 2954.0032
367.6157 263.6051 2883.597
374.66937 353.2915 2885.002
371.06982 431.92337 2966.261
365.54306 163.93907 2445.3267
356.3662 215.52156 2598.3179
321.97842 207.32722 2606.6665
296.2499 251.61134 2748.204
271.1618 315.50757 2685.4478
390.97568 223.7687 2589.969
409.61362 267.19568 2713.7754
427.40936 320.69846 2699.3743
350.21512 241.11911 2742.9402
322.70084 258.8097 2893.4924
317.96277 350.13397 2867.704
317.1934 426.97455 2942.9297
366.74997 269.51743 2881.6328
373.57474 358.26794 2885.5967
371.0617 431.54483 2982.7012
364.19858 176.97237 2426.7625
354.8795 224.00685 2584.6401
320.1923 216.46451 2588.5972
296.32477 258.61197 2731.8818
270.87198 321.6337 2680.6448
389.67303 231.57233 2580.683
408.62674 271.90042 2718.692
426.81113 322.63834 2713.5476
349.2984 245.19211 2740.4727
322.63312 259.34204 2899.077
318.20486 350.906 2862.893
317.58624 435.64 2957.154
366.04422 268.86243 2893.5334
373.1128 358.1015 2884.8452
377.97272 430.51355 2954.0544
364.48245 180.35294 2419.5178
353.96732 227.45352 2575.1802
320.73737 220.51471 2578.606
296.1072 263.24982 2725.2834
270.8775 322.08633 2680.4587
387.28583 234.41083 2571.7542
406.5986 272.16956 2723.282
426.3013 324.2759 2712.9326
348.8108 246.97717 2736.434
322.8633 259.83337 2900.1665
318.43933 352.14212 2861.5457
319.26346 431.87042 2955.692
365.62955 268.83005 2895.2097
372.12854 359.28506 2880.987
376.1504 433.62607 2978.0256
364.77603 185.33804 2411.9497
354.6101 229.37292 2573.0422
321.69638 223.09883 2572.795
294.26367 269.31143 2714.5347
270.59845 330.4563 2679.0845
387.51752 235.64581 2573.2896
407.4327 278.0375 2709.0662
425.36777 327.06064 2722.3218
349.03314 248.15341 2735.9553
322.95325 260.79752 2898.6895
318.17636 352.3414 2854.3154
319.38934 429.48123 2948.1094
365.21017 268.848 2899.0474
371.30658 359.84195 2883.872
375.87146 435.3544 2985.4275
363.99844 191.57086 2392.7798
355.5486 233.12152 2572.93
322.22614 226.26776 2569.3853
294.39868 272.36813 2701.087
270.1066 333.2238 2686.731
388.7794 239.95644 2576.4749
408.68863 278.025 2728.9895
423.55692 328.04144 2741.2239
349.2309 249.93289 2737.1042
322.8887 260.6053 2898.7905
318.425 353.37994 2856.3694
318.42987 430.7565 2953.9385
364.33212 269.07077 2903.7664
371.07996 360.69733 2883.3833
374.75522 436.64813 2983.8015
363.92743 191.66982 2393.612
355.84106 235.01854 2573.3801
322.3567 229.08603 2563.4678
294.55545 274.31912 2693.8794
270.0653 333.9707 2679.2258
389.06842 240.90553 2583.2927
408.1783 278.1697 2730.0542
423.40463 327.32474 2748.6948
348.63702 250.56348 2741.0034
322.98264 260.97116 2902.1748
318.53036 354.45892 2869.7266
318.25864 430.96155 2958.4182
361.45874 267.64743 2915.0784
371.34384 358.8618 2891.4216
374.76337 437.65082 2978.2834
364.08484 192.44249 2392.5852
355.56204 236.44974 2573.7886
322.4272 230.19986 2561.0024
295.19296 272.06345 2694.1125
271.62134 327.6689 2675.2412
388.36932 242.63785 2586.575
407.8445 280.81128 2732.6047
422.75427 328.93552 2754.5078
347.7286 250.272 2744.0127
319.83374 258.6138 2905.0752
318.30496 354.88867 2856.4768
318.57535 433.4956 2948.881
361.6553 266.321 2923.3984
371.33325 357.82065 2898.935
375.36008 436.5452 2976.3062
364.0933 193.08023 2389.3433
355.23148 236.57855 2573.4094
322.1888 230.6066 2564.7039
294.12598 271.69577 2696.7454
270.01953 325.3596 2673.6155
388.0513 242.51024 2582.1152
407.9092 282.1567 2728.9934
422.28152 328.2172 2748.4841
348.5244 250.4576 2741.8916
322.8993 259.22766 2904.505
318.019 354.15128 2857.1829
317.93192 434.432 2952.3904
362.2093 266.21768 2916.2424
371.73526 357.75104 2895.7993
376.45087 438.3755 2960.871
364.18704 191.97299 2391.2537
355.72314 235.39719 2568.8086
323.34323 229.5516 2559.0403
293.49155 271.4854 2700.661
269.15503 327.5657 2689.1152
387.85773 241.19847 2578.5771
408.06583 281.58618 2726.1814
422.05502 326.27628 2745.0212
348.51297 250.19215 2737.8684
322.90585 259.86227 2900.3616
317.91418 352.6112 2855.828
319.2531 431.6184 2928.5107
361.29037 266.65488 2913.4946
371.54385 358.78348 2895.5825
377.1292 440.62143 2950.2366
362.11136 183.20438 2407.1973
353.82358 232.99196 2566.1387
319.81775 228.92535 2559.7732
292.29886 273.60352 2702.9043
267.3861 329.42807 2682.051
387.66113 237.03845 2572.504
408.7089 278.45004 2720.4766
424.50565 321.1159 2736.9792
348.10703 251.89314 2732.0122
322.305 266.2063 2893.501
318.4678 355.79507 2881.277
318.83136 431.27606 2951.8396
363.7221 271.04745 2902.2705
371.7199 361.9326 2878.9014
375.01114 437.88458 2921.8423
362.61905 178.71121 2408.8767
352.99207 227.76419 2565.6355
318.25024 222.85583 2567.503
290.85864 267.96396 2713.8623
268.75974 326.57687 2674.6753
387.78452 232.67969 2563.768
407.52893 270.21005 2716.8171
424.3272 320.19614 2722.2756
348.43533 249.70226 2728.3008
322.78906 266.10028 2892.2744
318.3625 354.2782 2880.322
318.81274 432.52655 2956.4124
366.0132 272.2456 2889.658
371.6361 361.90988 2877.5312
376.02838 436.62476 3017.2117
361.32858 171.38747 2427.8586
353.44205 222.74413 2572.5154
319.11423 219.48366 2563.3508
290.7829 265.1006 2712.1912
268.50397 318.85437 2657.9126
387.52615 225.98143 2581.6797
406.52664 269.99234 2714.7446
423.096 318.05396 2720.97
347.39587 247.2194 2727.8843
320.19705 267.09344 2876.7283
317.83173 354.05652 2878.1123
318.54254 431.93692 2959.2905
363.70715 271.0115 2889.778
370.64993 360.51425 2872.888
376.91113 438.2833 3000.3032
360.9569 166.8889 2430.5017
352.43597 214.98921 2587.336
317.5672 210.3295 2589.1445
291.59543 256.9037 2720.6746
269.6289 312.6517 2671.8435
387.35358 219.65546 2585.5273
403.92096 264.26306 2719.181
421.44116 311.08002 2711.235
347.46613 243.07112 2733.644
321.5914 265.41525 2881.1882
317.86115 353.46683 2880.856
312.84296 427.1587 3005.417
364.4294 271.1868 2878.716
369.90256 360.19568 2859.608
376.99634 440.1284 2951.7468
359.8016 160.17116 2455.9932
352.24344 211.48274 2592.4854
317.30444 206.10039 2596.5771
291.74332 252.62125 2726.6504
270.2683 308.90305 2670.8145
387.2929 216.88213 2588.3936
402.73047 263.92807 2718.704
419.11877 311.90814 2707.699
347.1177 240.08345 2736.7876
320.34125 262.34894 2883.974
317.5918 354.52063 2878.918
312.9626 428.99133 3000.2712
364.71402 269.2964 2878.2056
369.97913 359.90613 2865.9895
376.7115 438.4278 2954.473
358.89417 151.2108 2477.7246
351.32828 204.74393 2605.4883
317.3522 201.24977 2608.0518
291.92102 249.62848 2729.8105
269.63812 303.03363 2666.8386
385.37128 208.24496 2602.9246
402.5088 257.3617 2723.117
416.23553 306.81714 2706.484
347.11966 236.89536 2736.7485
320.7643 263.74606 2869.8801
316.91013 354.87762 2874.7651
314.26892 430.23178 2990.6113
365.85764 268.4647 2866.1377
368.87875 361.47885 2864.7366
377.41498 440.57986 2953.6624
356.76117 140.52293 2518.5667
350.94724 198.22195 2620.1365
317.6647 194.19737 2630.2214
292.01035 246.8724 2738.7957
272.09448 298.311 2680.6401
384.48697 202.27765 2610.0518
403.2677 252.00868 2697.7717
413.1773 303.40775 2697.4985
347.18997 232.43135 2741.2837
320.89996 260.80698 2869.9922
316.0824 353.93033 2871.8474
316.1776 430.76962 2984.5938
366.7225 266.6987 2854.8694
368.9896 359.39905 2859.314
376.13202 432.09705 2927.423
356.2104 134.96657 2549.0713
350.15866 191.60204 2642.9497
315.85822 187.49263 2658.9355
292.18008 242.64449 2754.128
273.93683 292.1689 2686.6929
384.87656 195.76146 2626.9639
402.16464 248.9459 2711.184
411.7729 300.13528 2700.3523
346.81415 228.00334 2750.5737
321.8238 258.76764 2869.223
315.6231 351.3194 2869.2954
322.631 426.179 2953.5198
365.7889 264.5814 2847.1726
369.63678 357.37253 2856.6858
376.70926 429.46524 2921.1
355.42853 130.65767 2584.353
349.34015 186.72539 2662.2832
315.87106 183.58682 2681.399
294.44888 233.84038 2780.9692
275.51038 282.2651 2702.392
383.29333 189.90936 2643.1675
400.50223 243.64462 2736.637
408.75742 296.1988 2706.1145
347.10123 223.36974 2757.6206
323.34674 255.20425 2866.197
316.22653 348.13483 2858.5986
319.89468 428.975 2916.9
366.87918 259.94775 2839.719
370.34097 351.9112 2861.438
373.33884 433.54666 2920.066
354.48608 127.62629 2600.1165
348.7001 183.07925 2670.0583
315.3576 180.34799 2690.6807
294.53986 231.78734 2795.0874
276.35855 279.8267 2716.4685
382.56168 185.85306 2649.436
399.9598 241.52766 2740.434
408.32083 290.6614 2705.1375
346.8273 220.96223 2760.4092
323.6308 254.32407 2864.8926
317.32034 347.9924 2857.8906
319.04358 429.29556 2916.3918
366.72925 258.58487 2836.6274
370.08264 347.1373 2860.8618
373.01404 421.7931 2960.1047
353.7124 121.9116 2643.8252
347.37936 181.29631 2692.4
312.1725 178.79802 2713.0496
294.76093 227.85118 2808.1199
277.6574 278.03647 2717.895
383.13046 183.8332 2671.75
398.93738 238.77374 2760.5378
406.167 286.8446 2706.2969
345.5885 218.34929 2766.316
321.36255 251.52208 2854.143
317.82602 344.83817 2858.2896
318.6429 426.9152 2922.7427
366.64087 255.4445 2826.321
369.7944 345.57062 2858.8557
373.4716 426.7818 2933.1538
352.4339 118.89081 2687.1333
347.47116 176.80995 2720.1914
313.3205 174.55467 2743.8215
294.68134 228.10321 2818.4043
278.8698 275.77814 2709.6199
382.22037 179.10475 2696.5613
398.7654 235.20119 2768.9036
404.4016 283.40768 2717.2444
345.55127 215.97131 2779.0876
321.61502 251.61888 2853.9014
317.7025 343.87238 2863.8215
318.8962 425.06424 2944.306
366.05634 255.41692 2822.0664
370.19653 345.57135 2860.3376
372.2368 425.0289 2953.4697
351.22607 116.39948 2709.1733
347.5571 174.24469 2738.0508
313.87958 172.38905 2758.64
295.03323 226.44843 2832.249
280.22388 269.56274 2739.1804
381.74493 176.12846 2717.4617
398.72147 234.29924 2788.8281
404.30295 280.23032 2733.2314
345.63293 214.27939 2786.2686
321.74118 251.35233 2848.4065
318.02927 343.2861 2862.3093
318.37787 425.12885 2943.7158
366.02475 254.56749 2820.5664
370.3865 344.30902 2863.6406
372.20135 423.90076 2956.605
350.97336 114.265755 2722.6133
346.88205 170.57138 2769.9268
313.27313 169.52399 2789.726
295.9355 224.02493 2848.5586
281.12442 266.6138 2765.608
380.97488 171.63387 2750.1277
395.75726 227.81425 2822.4578
399.34024 275.43655 2738.2395
345.49774 212.0261 2801.471
321.86005 251.47676 2846.4175
318.06656 343.69443 2864.6035
317.6995 426.13443 2947.79
366.6403 253.64885 2819.6128
370.47684 343.51788 2859.8472
371.26685 422.26492 2960.9788
351.48135 115.23556 2752.6204
346.117 169.99667 2788.2324
312.3067 169.43753 2807.7412
296.26282 223.73016 2858.6562
282.86066 268.91165 2769.2676
380.40378 170.56369 2768.7234
395.11615 227.03304 2834.0476
401.1041 273.5688 2760.3445
345.17487 211.01466 2809.2305
321.831 250.67792 2843.3318
318.0093 342.98303 2862.6382
317.23334 425.86435 2945.0867
366.8709 252.17703 2817.1255
370.58453 342.4062 2854.5237
371.1885 422.0191 2955.6462
350.27283 114.11034 2774.9775
346.04333 168.89694 2808.9775
311.9853 168.84198 2826.8096
297.4031 225.8071 2872.3308
284.50723 270.42123 2775.4634
380.53656 168.9526 2791.1455
392.48862 225.77834 2879.17
399.27264 273.38275 2802.8215
345.5679 209.44446 2818.7175
321.9386 249.32864 2840.6436
317.87625 341.70905 2864.3738
317.2565 424.8288 2946.1685
368.45328 250.1001 2816.2715
370.8183 342.1561 2849.2065
371.42703 422.66174 2949.94
349.84738 114.04476 2785.473
346.24902 168.93886 2820.5583
312.39566 168.70866 2837.0476
298.19897 225.5817 2886.6765
285.68893 269.17664 2782.0571
380.50055 169.17175 2804.0693
391.06778 225.12173 2882.9187
400.49564 271.84033 2812.859
345.52057 209.64796 2824.802
322.076 249.76326 2840.1257
317.69986 342.6991 2864.6582
317.43997 425.64322 2951.5916
367.69128 250.71034 2817.9653
370.93726 341.8122 2852.6086
371.53027 422.63556 2948.554
349.87436 114.13364 2789.6838
346.2321 170.29883 2830.5012
312.69635 170.65152 2841.016
298.3426 225.78546 2888.331
288.22836 270.73972 2802.7546
380.0179 169.94351 2819.9863
390.35635 224.24709 2900.3533
400.41214 271.76868 2844.304
346.36002 209.81009 2834.9167
321.94397 249.24286 2847.0437
317.60306 341.92007 2873.357
317.36215 425.2722 2960.7156
371.16483 249.15381 2831.6206
372.1144 340.85724 2846.3777
367.09097 419.24246 2946.3416
349.84833 114.714905 2797.9216
346.6021 171.20288 2839.536
313.0905 171.22841 2854.61
300.23474 227.57877 2904.8435
290.24878 273.10892 2830.1
380.4714 171.17708 2824.4617
389.89108 224.14957 2905.3618
402.10907 270.88522 2837.0867
346.18842 210.49968 2837.8308
322.25864 249.57022 2846.6755
317.58237 341.46555 2867.599
317.1776 425.47363 2953.4333
369.46542 250.11931 2825.576
371.98843 340.7915 2846.876
369.22446 420.86993 2945.313
350.2004 115.82948 2814.3743
347.01776 171.83571 2842.3918
314.04282 171.70235 2859.0825
302.0813 228.72952 2920.0186
289.36285 274.06082 2824.6423
380.38226 171.97066 2825.7012
390.73834 227.33025 2907.533
401.21503 274.61832 2863.252
346.35217 210.93515 2839.5923
322.60886 249.69853 2848.4324
317.81955 341.3745 2860.4458
316.89902 425.3596 2947.061
368.9518 250.52837 2825.153
372.07657 340.48126 2847.428
374.60117 422.6962 2943.348
350.19733 115.91203 2814.3608
346.9583 171.47227 2840.72
313.95978 171.38396 2857.4297
302.94247 228.89262 2925.7415
290.90036 273.2074 2826.6606
380.34738 171.56166 2824.0105
390.44073 227.91286 2903.5076
400.89615 272.82715 2861.9922
346.35596 210.61621 2839.0522
323.07007 249.4305 2848.8384
317.77267 341.7449 2860.9177
317.04074 425.18088 2947.8904
368.61957 250.18489 2825.9307
372.0411 340.43347 2850.0085
374.2234 424.57666 2946.4666
350.24557 116.44502 2821.3367
347.0075 172.09361 2842.1257
314.11353 171.75775 2860.4236
303.07568 231.66963 2930.1943
294.19794 272.8622 2827.2913
380.3278 172.43382 2823.8276
390.5147 227.9239 2900.5952
402.6075 274.57248 2824.1147
346.0972 211.1378 2842.7598
322.5411 249.58932 2855.976
317.69272 342.33026 2858.729
317.10376 426.00845 2944.026
368.03482 250.74496 2830.8115
371.9417 340.32294 2854.4775
372.98663 425.5303 2952.5654
350.54028 116.759056 2825.9136
346.54398 172.3663 2842.8057
313.49393 172.23318 2861.8425
302.72787 230.63847 2928.6514
295.88046 272.1919 2816.2354
380.03967 172.50122 2823.7688
390.9417 228.75703 2897.2278
402.11194 271.46185 2808.7878
345.84634 211.0123 2841.9712
322.6109 249.2394 2854.0867
317.6453 342.4752 2860.1792
316.77335 428.302 2934.034
367.89206 250.12665 2828.1868
371.88953 339.4379 2857.089
372.28964 424.60757 2953.2615
350.3999 116.29252 2820.852
346.6231 172.40904 2844.4792
313.71375 172.0478 2865.9995
303.1422 230.55916 2930.7537
292.15567 261.13745 2832.2292
380.03424 172.77577 2822.9587
391.68863 228.95154 2882.8784
401.14502 273.91547 2803.5522
345.60788 210.57535 2844.3945
322.6739 248.12128 2858.6128
317.67456 342.36783 2859.4233
316.20667 423.54123 2947.7136
366.73288 249.37285 2830.0068
371.80026 338.45944 2858.1091
370.9385 419.92545 2935.673
