362.2491 91.531204 2705.7188
361.2124 137.28734 2749.2815
323.94153 136.94606 2752.5671
312.00815 204.8645 2838.5562
303.4001 267.79443 2844.158
398.57248 137.62943 2745.996
407.33517 203.23885 2833.6655
411.33585 265.3331 2806.4465
360.24896 182.56175 2787.2603
339.0057 226.37492 2827.0776
333.76224 304.3256 2985.861
320.13577 398.04337 2827.4795
379.64352 226.86331 2823.4004
383.36823 310.83856 2908.3801
392.73096 381.55875 2883.6687
361.94684 91.83584 2704.9817
361.2333 137.5236 2748.466
323.95135 137.35458 2749.0068
311.8517 204.60823 2840.7861
303.32834 267.59973 2838.9324
398.52994 137.69269 2747.9253
407.38193 203.32025 2832.8408
410.83395 265.6815 2804.3738
360.4702 182.81006 2786.6028
339.42453 226.77208 2825.0422
334.5848 305.88626 2972.0115
320.5451 398.07175 2827.07
380.0353 226.97534 2824.437
383.6578 310.88614 2910.0095
393.42838 380.84726 2882.0337
362.42468 91.73891 2714.6633
361.8096 137.28194 2751.8782
324.56894 137.12703 2752.5928
311.88947 204.42952 2843.4436
303.28 267.33316 2837.9236
399.0696 137.43694 2751.1638
407.3668 203.12718 2832.2075
411.16324 265.81335 2816.2156
361.12186 182.58313 2785.2197
340.10275 226.71523 2818.961
334.24152 305.74875 2968.2412
321.02887 395.53418 2835.1226
380.8037 226.90994 2818.1614
383.51935 310.86642 2906.57
393.43393 380.738 2879.811
362.4348 91.82749 2716.945
361.6866 137.3178 2752.5737
324.45532 137.1121 2754.1184
311.98752 204.35977 2840.7183
303.26434 267.2501 2841.4436
398.95975 137.52371 2751.029
407.25583 203.13701 2830.105
411.3683 265.9638 2813.4648
360.9494 182.6208 2784.839
339.86777 226.74611 2817.9688
334.33185 305.49338 2970.9116
320.7911 394.3109 2843.6465
380.6029 227.02612 2816.2402
383.16278 311.11176 2903.651
392.85846 380.80377 2880.704
362.0858 92.25591 2709.5786
361.53342 137.85826 2750.1882
324.27747 137.86234 2754.3357
311.94598 204.35422 2841.3472
303.24866 267.24365 2837.472
398.90192 137.85419 2746.0408
407.15942 203.15747 2830.5498
411.45966 266.04303 2820.263
360.99933 183.15204 2785.562
340.13873 227.23854 2823.2568
334.70905 305.77872 2976.8313
321.12387 395.4188 2848.1072
380.85205 227.3813 2818.6147
383.578 311.01984 2911.21
393.2204 380.6435 2884.6897
362.3023 91.91917 2714.8994
361.76944 137.3093 2751.708
324.52948 137.26282 2753.8325
311.91788 204.93309 2839.6729
303.6276 267.7825 2841.2188
399.06696 137.35585 2749.5835
407.3529 203.19505 2832.7705
411.51404 266.08472 2820.2905
361.20743 182.61613 2784.6719
340.3006 226.7997 2818.8247
334.38898 306.35394 2962.4932
320.63535 395.97067 2835.983
381.03366 226.92612 2816.447
383.5291 310.7251 2908.0583
393.25327 380.03165 2879.4998
362.59976 90.9402 2716.0605
361.8493 136.57222 2752.0474
324.61276 136.35635 2753.1394
311.9009 204.71371 2838.8347
303.47424 267.66376 2840.1797
399.11542 136.78827 2750.9553
407.44662 203.41902 2833.8813
411.02454 266.5059 2812.365
361.09543 181.88753 2784.7139
340.0028 226.01456 2817.9915
334.00937 303.88226 2979.2678
319.94922 396.5632 2834.878
380.72412 226.2895 2816.7695
383.0869 310.15924 2907.6404
392.70126 380.4924 2881.6584
362.70642 91.17261 2718.6548
362.24866 136.70163 2752.321
325.0261 136.69444 2750.503
312.00433 204.33296 2840.9355
303.36578 267.4216 2832.0017
399.4221 136.7088 2754.1392
407.30884 203.21732 2833.9443
411.14102 266.49344 2815.4548
361.78702 182.02898 2783.2056
340.96677 226.38991 2813.0725
335.1939 305.07657 2967.668
321.45407 397.0053 2835.9402
381.68954 226.33292 2815.1077
384.24615 310.41104 2903.403
393.77963 380.94824 2877.5085
362.74518 91.53999 2718.458
361.6567 137.11772 2752.0298
324.42892 136.74515 2752.7854
311.84332 204.21057 2839.486
303.31012 267.27548 2823.5168
398.90494 137.4905 2751.2742
407.2675 203.10536 2832.9893
411.3141 266.35968 2817.9739
360.74182 182.43993 2783.2036
339.4729 226.54073 2814.8003
332.8752 304.16367 2979.0425
318.99484 396.76443 2840.6504
380.22766 226.97552 2813.9546
382.0331 311.04013 2903.1963
391.16547 381.15097 2878.9175
362.74832 91.305435 2717.8462
361.4279 136.81952 2751.3896
324.18954 136.27621 2752.9
311.86487 204.25725 2839.2446
303.28375 267.2212 2831.1768
398.70715 137.3634 2749.8792
407.2619 203.14474 2831.9985
410.82126 266.3279 2815.183
360.30386 182.15266 2782.7683
338.8297 226.15065 2814.9922
334.0093 302.80554 2989.5825
320.20282 395.72644 2837.636
379.59238 226.79922 2813.302
382.71173 310.45035 2907.703
392.12833 380.1935 2876.8645
362.62033 91.3454 2718.5337
361.47937 136.78467 2751.3047
324.23975 136.34634 2754.478
311.98126 203.99466 2840.6191
302.44055 266.84882 2832.5017
398.80502 137.224 2748.1313
407.3055 202.84065 2829.9976
411.0232 265.95016 2814.0496
360.4698 182.12602 2782.2827
339.0941 226.17227 2815.0364
333.11578 316.41116 2996.2358
320.89014 396.74933 2833.2625
379.8965 226.76578 2811.485
383.604 310.40173 2906.4346
393.27744 381.53268 2876.4395
362.78104 92.0787 2698.8872
361.8644 137.74684 2744.5764
324.5304 137.43384 2745.3904
312.02896 203.9614 2841.7942
302.77023 266.81937 2835.7317
399.22058 138.06004 2743.7625
407.151 202.82564 2831.0261
411.3059 265.97104 2815.7148
360.90527 183.0366 2784.0217
339.86975 226.87813 2823.9177
331.80597 317.41602 2979.7122
322.6693 399.32852 2850.7205
380.08252 227.2438 2823.016
383.36002 310.57013 2917.9065
393.50272 380.76312 2890.6624
362.31223 92.23462 2711.5532
361.5225 137.79245 2749.5308
324.25345 137.54413 2751.5352
311.96423 204.57819 2843.8943
303.35495 267.45065 2840.3376
398.84592 138.04112 2747.5264
407.33307 202.79214 2830.008
411.3401 265.7097 2815.2773
360.71432 183.08936 2783.4014
339.6821 227.1268 2818.3872
331.62482 312.43237 2965.5183
323.22607 392.13556 2859.8665
380.18506 227.46753 2816.157
383.30954 311.62234 2901.537
393.1035 381.2975 2873.217
362.3253 92.458664 2726.3953
361.28024 137.617 2753.631
324.0762 137.05757 2757.2322
311.9206 204.75087 2842.4238
302.74442 267.49463 2840.7444
398.58173 138.1779 2750.0298
407.2614 203.06358 2828.041
411.47305 265.82803 2813.832
360.17072 182.89758 2780.185
338.7037 226.95073 2808.7485
331.58597 308.57843 2965.2222
321.73346 394.69934 2838.0603
379.48984 227.69252 2804.7295
382.58252 311.67032 2897.5393
392.47504 381.33795 2867.118
362.55032 92.39515 2722.313
361.54617 137.63826 2752.187
324.3185 137.06392 2753.5066
311.8046 204.84775 2842.2136
303.36975 267.98038 2839.6082
398.80954 138.21313 2750.8674
407.35858 203.83853 2829.5232
412.1987 266.837 2812.8064
360.42514 182.95314 2780.4775
338.93875 227.01709 2809.5054
332.91595 307.27664 2964.7346
322.4262 393.10046 2854.08
379.7253 227.69347 2808.0308
383.38446 310.72043 2911.8486
393.50092 380.43268 2881.0867
362.92795 92.06772 2719.4988
361.92252 137.31842 2750.8074
324.6791 136.73923 2748.804
311.86362 204.88559 2839.0564
303.67868 268.06943 2834.0178
399.11176 137.89679 2752.8105
407.44083 203.8639 2827.1294
411.90146 267.103 2807.2058
360.81284 182.66977 2780.138
339.336 226.7929 2808.3481
333.77795 304.97626 2973.4966
320.34525 397.59293 2833.1565
380.10043 227.35522 2810.589
383.31247 310.9083 2907.187
393.4116 381.06586 2879.4817
362.76266 91.665535 2718.8572
361.92383 137.14706 2750.5242
324.6699 136.77449 2750.3943
311.8725 205.08885 2838.021
303.83942 268.3488 2835.4434
399.1743 137.51959 2750.6538
407.27817 203.61366 2828.0608
411.65372 266.7038 2814.563
361.04276 182.51164 2779.67
339.77008 226.73297 2808.7432
334.2692 305.2669 2968.4775
321.26862 396.31876 2839.1865
380.58878 227.13655 2808.8882
383.74487 310.32953 2911.257
393.60458 380.65298 2878.7686
362.99112 92.31027 2719.041
362.0355 137.61963 2750.6245
324.78015 137.26317 2751.0403
311.87845 204.79109 2838.0054
303.58963 267.99384 2836.5396
399.3021 137.9762 2750.2085
407.3139 203.07452 2828.036
411.50568 266.13394 2817.7937
361.16644 182.97952 2779.7842
339.90256 227.1949 2809.1765
334.0482 306.58713 2958.198
321.4596 394.2287 2847.8335
380.73175 227.60043 2808.7112
383.4746 310.89993 2909.9185
393.25125 381.15338 2881.5645
363.15988 91.54643 2713.4285
361.9665 137.06671 2748.8345
324.68942 136.4667 2748.7292
311.8877 204.13864 2840.2507
302.14142 266.99014 2825.6501
399.24072 137.66667 2748.9395
407.37656 201.79599 2823.506
415.85696 263.78244 2824.6719
360.7713 182.42534 2780.975
339.2216 226.4213 2813.057
334.02573 305.19983 2967.3635
321.1024 394.69186 2843.2458
379.98438 227.07365 2813.1746
383.012 310.68243 2908.3643
392.59515 380.58392 2879.4666
363.16342 91.874146 2725.3164
361.98315 136.95393 2752.0916
324.74933 136.35497 2752.4885
311.17615 204.72653 2839.6235
300.95303 267.48462 2823.0278
399.22772 137.55309 2751.6946
407.448 202.68324 2826.2532
417.2798 264.62277 2828.1414
360.85718 182.29208 2779.0554
339.31717 226.42305 2806.2415
334.68576 305.03497 2964.4934
320.69986 396.67743 2832.1113
380.1918 227.09482 2805.797
383.45032 310.8367 2901.9446
393.21817 380.73636 2872.342
362.9099 91.83376 2732.7866
362.03455 136.92497 2754.6707
324.8327 136.54048 2755.625
310.70303 204.9591 2834.3174
298.71622 267.50577 2821.825
399.26218 137.30972 2753.7163
408.3929 204.00421 2824.6143
418.7067 266.23526 2822.435
361.21304 182.23744 2777.423
339.92273 226.58473 2800.7097
335.11084 305.675 2955.4854
321.29053 395.12802 2841.9324
380.8949 227.04248 2799.6416
384.04257 310.77307 2898.5283
393.66522 381.47235 2878.7056
363.2927 91.65706 2725.4988
362.25357 136.96603 2753.3308
325.03314 136.57097 2754.502
309.5392 204.52489 2828.1611
296.4941 267.04196 2817.1387
399.50568 137.36143 2752.1597
408.74915 204.77202 2824.3086
421.1167 266.93692 2817.513
361.36752 182.2929 2779.5479
340.05615 226.53473 2806.4202
334.6345 304.19064 2973.382
320.63846 395.25497 2846.451
380.9495 227.01073 2805.1094
383.29233 309.92734 2913.1777
393.07123 380.00623 2888.8967
363.02435 91.79123 2731.8577
362.0843 136.9095 2755.5374
324.89304 136.55652 2756.879
307.4837 204.07742 2815.08
293.26056 266.6185 2793.884
399.31177 137.26285 2754.196
408.38528 203.6586 2818.6519
424.76715 264.4891 2790.236
361.28134 182.21404 2779.1797
340.02756 226.53596 2803.5725
334.2393 305.06348 2962.4836
321.19952 395.33447 2839.5208
380.96732 226.97267 2802.0713
383.39706 310.39725 2904.56
393.02563 380.74146 2879.1736
362.85065 92.08327 2735.044
361.99777 137.02333 2756.744
324.82294 136.72563 2758.8315
306.10135 204.05699 2800.5356
290.95837 266.674 2767.5884
399.22894 137.32147 2754.6562
409.90536 203.60416 2807.3235
428.11267 264.13852 2766.183
361.26486 182.31406 2779.082
340.0665 226.68106 2802.5884
334.01135 304.76404 2966.1226
321.06058 395.38272 2841.202
381.0378 227.0841 2800.252
383.4839 310.84766 2898.8457
393.19888 381.06873 2881.7874
363.03754 92.21367 2735.6343
361.9371 137.1864 2757.944
324.78088 136.77281 2760.5916
304.94147 204.75212 2783.7683
287.07095 267.24777 2741.056
399.1647 137.60078 2755.2966
411.26028 202.98949 2796.164
431.8115 262.62802 2730.3533
361.05545 182.45752 2780.3003
339.71957 226.73111 2804.138
333.37958 304.5964 2969.317
320.6891 394.86282 2845.1453
380.67783 227.282 2801.175
383.00455 310.80206 2902.8074
392.80908 380.17758 2882.2302
363.10046 92.256805 2726.432
361.97684 137.51758 2755.503
324.78928 136.9858 2758.1172
304.21027 203.86386 2767.8901
283.5924 264.57925 2697.7393
399.23502 138.05038 2752.8887
413.23248 203.28223 2773.5776
435.09195 262.8034 2693.553
360.9081 182.80519 2781.9355
339.43417 226.9015 2809.831
334.38342 304.24655 2979.1875
320.36874 395.24152 2847.4893
380.30618 227.57948 2806.9053
383.10413 310.97153 2907.5889
392.72086 381.05557 2888.8833
363.31198 92.77487 2721.8318
362.05273 138.14403 2754.4167
324.85837 137.5753 2758.8289
304.04065 202.20483 2739.949
282.93735 261.94037 2647.9678
399.36646 138.71458 2750.0044
414.2573 201.74799 2746.2896
436.71207 260.54788 2642.3662
360.89853 183.43456 2782.685
339.35907 227.42337 2813.4226
334.37524 304.66672 2982.7163
320.257 397.1999 2834.9917
380.21185 228.20564 2808.4844
383.19196 311.44095 2910.2727
393.04254 380.94025 2883.1519
363.59735 92.598434 2719.5325
362.19257 138.20544 2754.0667
325.0095 137.5839 2760.7976
305.39505 198.29767 2718.978
285.8701 256.9536 2607.4521
399.55786 138.83003 2747.3354
415.10638 200.89638 2720.1472
437.27158 258.5436 2590.4465
360.9411 183.49507 2783.313
339.32092 227.38196 2816.3262
333.41223 305.92352 2970.776
320.94138 394.99945 2845.6023
380.1651 228.30492 2808.7925
383.6377 311.6195 2908.9094
393.1731 380.69095 2882.5916
363.40665 92.8344 2720.8784
361.87576 138.32703 2755.1118
324.71146 137.56038 2762.1377
308.04022 197.71213 2695.4856
288.4709 253.1787 2545.7715
399.23007 139.09761 2748.086
414.76767 197.51956 2695.5747
433.84274 254.13768 2559.8462
360.45587 183.60129 2783.6743
338.67227 227.41002 2816.1682
333.68942 305.18405 2979.0698
320.13843 395.60995 2839.189
379.51447 228.5033 2808.3054
382.74454 311.78592 2909.2078
392.74042 380.2531 2881.6511
363.076 92.82623 2721.0508
361.47842 138.27043 2754.8306
324.30734 137.4489 2761.25
309.53662 194.80283 2668.7456
292.92685 248.01785 2498.2434
398.82315 139.0958 2748.4111
411.95206 195.63431 2672.78
430.68225 248.51488 2513.7573
360.00497 183.5511 2783.1956
338.1635 227.35284 2815.1526
334.1518 304.64996 2983.598
319.88235 396.87277 2831.1575
379.01117 228.48486 2807.9685
383.01288 311.54266 2911.2756
392.734 381.09537 2882.7349
363.4109 92.260544 2720.143
361.65427 137.79266 2754.4119
324.49387 136.8284 2762.2603
311.67358 192.27022 2644.8772
300.24524 242.24605 2453.687
399.02704 138.76244 2746.5635
409.7004 194.9834 2647.3945
425.50073 245.3337 2466.6465
359.98752 183.07573 2783.419
337.96817 226.7558 2816.818
334.65118 303.53586 2990.4612
319.50638 397.31433 2834.257
378.80588 228.09569 2808.034
383.0982 310.99802 2913.2986
393.2485 380.14542 2883.6008
363.55078 92.60896 2720.1829
361.6878 138.02727 2752.6274
324.49866 137.02188 2759.8958
313.0581 190.79965 2622.9368
309.08884 238.09763 2414.8484
399.07388 139.03798 2745.359
407.07175 192.17654 2636.694
416.71115 239.56895 2440.338
359.98413 183.34352 2780.5076
337.8982 227.07817 2812.455
334.23624 304.86618 2977.1118
320.86533 397.7569 2829.9285
378.78955 228.44382 2804.3206
383.17236 311.30704 2911.249
393.3779 380.70395 2879.5496
363.67563 92.79573 2718.6995
361.6995 138.27121 2749.801
324.46832 137.28497 2756.7588
316.94696 189.57918 2604.4658
319.44388 232.63992 2382.3665
399.11954 139.26247 2742.8433
403.34384 189.05608 2627.8394
408.1659 231.71631 2418.8926
360.02634 183.6365 2777.0034
337.93756 227.4553 2808.099
334.11066 305.15356 2974.676
320.49316 397.90012 2830.7927
378.89056 228.78987 2800.3125
383.2639 311.4186 2911.5107
393.66772 380.56076 2878.6257
363.1276 92.19891 2719.9607
361.6455 137.84172 2747.8157
324.3825 137.12053 2755.064
321.45422 187.3003 2611.7358
330.75064 223.95802 2376.0378
399.10562 138.56671 2740.5671
401.16455 188.7731 2604.913
399.4222 227.3858 2388.718
360.2939 183.25806 2773.2192
338.47296 227.32292 2802.679
334.76404 304.50244 2975.6816
320.63525 398.0215 2828.1606
379.52026 228.3784 2794.5667
383.84055 310.64508 2912.396
394.00327 380.48688 2875.5745
363.33466 92.45432 2721.1047
361.97925 138.22253 2743.6746
324.64478 137.64006 2746.8518
325.17288 185.76779 2600.8982
341.9006 217.04454 2363.711
399.40033 138.80637 2740.4976
396.98218 188.27417 2592.9502
389.99042 223.4942 2375.2158
360.91342 183.70084 2763.3257
339.25092 228.15762 2784.7551
334.83853 305.29895 2961.7898
321.02585 398.32544 2821.3713
380.5007 228.91666 2781.1985
384.01498 310.97757 2906.3076
394.32385 381.7749 2865.7913
363.35135 92.59614 2719.6665
362.10562 138.24223 2740.998
324.726 137.74612 2743.1462
328.0507 182.65147 2589.258
351.88437 212.46051 2360.8838
399.54382 138.73915 2738.85
393.95715 184.83414 2579.5576
382.9215 219.19296 2362.695
361.19452 183.76617 2758.1787
339.39023 228.40938 2776.5752
345.04984 307.09326 2939.067
329.775 389.5002 2827.773
381.21756 229.04385 2774.1433
383.81952 310.27722 2911.0938
393.95828 381.23972 2872.502
362.8488 92.59724 2719.4446
361.81097 138.10579 2737.8542
324.3852 137.59242 2739.3384
330.39175 181.39812 2586.6482
358.1538 209.3036 2360.519
399.2774 138.6197 2736.3699
392.4124 183.32654 2572.2534
377.31946 215.78775 2355.2422
360.95004 183.65659 2750.9277
338.7842 228.45613 2764.8545
350.54868 309.69086 2896.7021
332.93805 392.959 2801.1248
381.42346 229.097 2763.1482
383.5667 310.26083 2904.6416
393.76566 381.0601 2869.2676
362.82715 92.39143 2728.833
361.9908 137.46681 2739.2217
324.58163 136.96288 2740.2542
331.2704 180.61188 2584.4888
361.11325 208.4604 2362.0374
399.42822 137.97115 2738.1892
387.39737 185.25024 2556.6243
373.36377 216.62994 2333.3699
361.21808 182.94571 2747.565
339.34323 227.8456 2756.4944
353.63687 311.57605 2856.3862
334.56686 395.6716 2776.9253
381.56573 228.45297 2755.3223
383.8441 309.02853 2905.341
393.72952 380.46902 2872.7913
363.19852 92.44019 2723.5305
362.24008 137.68338 2736.4304
324.8082 137.05324 2733.9321
331.40973 179.44798 2582.9524
361.8118 207.68048 2362.5186
399.60364 138.31238 2738.9287
385.54288 186.24254 2544.3105
370.78122 217.98318 2315.6091
361.41556 183.23149 2746.1084
339.3983 228.14981 2754.3608
353.88834 313.78745 2827.2092
334.16852 398.4458 2763.037
381.77344 228.76923 2757.2117
383.3748 308.30807 2917.115
393.54807 380.86322 2879.2014
363.37186 92.45965 2720.3745
362.25955 137.74992 2734.1423
324.792 137.10066 2731.7654
332.14172 179.49551 2577.3481
361.2213 208.37338 2355.1145
399.66208 138.39804 2736.519
387.92233 184.18117 2552.3677
370.6391 216.35382 2326.87
361.42072 183.3316 2743.087
339.29984 228.29303 2750.6719
352.72873 315.44315 2802.7534
333.0122 400.57117 2752.3489
381.85376 228.9406 2753.3914
383.52298 309.20148 2907.2585
393.67032 381.70392 2876.368
362.96393 92.44615 2722.3
361.875 137.99675 2736.5889
324.43463 137.4004 2736.0996
333.05353 182.70317 2566.6748
360.5162 212.50896 2342.4536
399.30194 138.5929 2737.0781
389.08517 183.09094 2554.7456
372.65576 216.46921 2329.9019
360.99893 183.56226 2747.9136
338.65466 228.42097 2758.9553
350.42737 316.3137 2795.88
331.30017 401.4196 2757.413
381.60114 229.08641 2759.5212
383.36484 308.88486 2916.2976
393.18384 380.6193 2889.2449
362.7894 91.97886 2719.7656
361.6173 137.66672 2736.0168
324.16928 137.09561 2737.784
333.29 185.41753 2560.3374
356.63815 216.05565 2335.7373
399.11374 138.23856 2734.2498
389.73407 185.53831 2545.3755
374.73154 218.26407 2318.8533
360.69904 183.24617 2747.4573
338.37527 228.08754 2759.9163
348.39435 316.64822 2786.071
330.16394 401.87787 2757.6582
381.21725 228.80795 2757.8792
383.62314 309.46637 2906.137
393.18393 379.68057 2880.4087
362.50916 92.12427 2719.498
361.38388 137.61708 2735.947
323.94846 137.09502 2740.965
331.38193 188.14272 2557.6704
351.67007 217.95877 2327.9224
398.95688 138.14105 2730.9287
392.90543 187.23254 2552.1895
380.19843 218.91913 2326.8975
360.4123 183.20789 2748.4824
338.05112 227.99127 2763.9106
346.39874 316.89798 2782.5105
329.30197 402.11264 2762.366
380.8928 228.77898 2758.1252
383.42722 308.82617 2912.4348
393.24084 380.12268 2880.2366
362.7939 92.45898 2720.8706
361.34616 137.97993 2739.001
323.9618 137.2315 2745.1675
329.3328 188.66249 2547.8555
344.06616 222.6737 2321.4019
398.89926 138.73175 2732.8345
396.1598 188.27115 2548.5857
389.43756 219.2267 2323.4536
360.0331 183.53041 2756.5366
337.15036 227.95535 2777.6758
343.99335 316.74118 2790.9976
328.195 401.61417 2777.5156
380.37906 229.0561 2770.469
383.09637 308.88797 2923.4143
393.44153 380.03497 2891.267
362.16205 92.4536 2719.0605
361.04056 138.13017 2739.9524
323.66055 137.55658 2745.7236
326.47937 188.74321 2545.4226
336.05966 225.93472 2319.477
398.57834 138.70619 2734.1812
399.35187 188.01476 2547.3057
398.61005 219.58768 2319.5078
359.91956 183.6724 2761.6982
337.7104 228.07185 2786.752
343.27512 316.7817 2796.3804
328.78397 401.4479 2788.1672
379.97195 228.93521 2780.1365
383.5893 309.5816 2920.924
393.57474 380.1863 2891.0051
361.92017 92.4739 2718.149
361.1276 138.11003 2740.451
323.74826 137.81937 2746.1682
324.03015 187.80699 2546.2068
329.13678 227.23215 2322.2737
398.66324 138.40192 2734.734
403.7418 186.39767 2551.1616
406.41135 219.82304 2326.126
360.3309 183.6504 2764.2266
338.84076 228.14885 2791.2214
343.34607 316.85983 2798.2512
330.11774 401.45425 2794.1292
380.30273 228.67984 2784.7827
383.64825 309.79218 2919.6187
393.99564 380.31757 2886.815
361.6922 92.60416 2728.456
361.22733 137.72455 2743.3884
323.88626 137.7558 2749.5784
322.58365 186.4799 2552.0657
322.61853 225.8571 2340.3708
398.73727 137.69316 2737.1982
407.75903 184.07649 2557.2744
417.6067 218.39972 2331.9187
360.84555 183.21428 2761.9512
339.71777 228.00092 2783.997
342.65912 317.10522 2787.8633
331.7166 402.03992 2789.1782
381.2721 228.19257 2777.0308
383.48648 310.04218 2907.3662
393.93344 381.82764 2870.9854
361.07193 91.9804 2733.3418
360.93326 137.12605 2744.402
323.60507 137.37178 2750.4536
322.19833 186.53163 2548.0378
322.18436 225.434 2337.7007
398.42642 136.87923 2738.3506
408.50278 183.86711 2556.1306
419.45297 218.13565 2326.0164
360.83182 182.59952 2760.5422
339.74667 227.57065 2780.121
342.1161 316.84506 2783.0315
332.20908 401.95734 2786.0305
381.76855 227.51797 2773.2437
383.13168 308.77615 2912.0293
393.8249 380.8537 2873.0925
361.5827 91.4765 2735.78
361.15372 136.48755 2745.1902
323.83133 136.47836 2750.1687
323.01944 185.71765 2549.011
325.27557 223.03864 2332.0105
398.6117 136.49677 2740.2117
408.87494 183.64885 2555.5627
416.77768 218.74394 2325.1877
360.78354 181.94745 2759.8694
339.1191 226.82765 2777.418
341.02487 316.22107 2779.629
332.07913 401.4753 2783.8064
381.75952 227.02519 2771.6792
382.7365 308.5695 2908.416
393.79163 380.915 2877.33
361.46478 91.883095 2747.0012
361.18924 136.3851 2748.8865
323.92435 136.50757 2755.291
324.5723 186.3269 2539.0078
328.40115 222.13562 2315.8645
398.6282 136.26208 2742.482
405.33316 184.18459 2558.7737
412.22183 218.42337 2325.614
360.97894 181.71939 2757.9204
339.77893 226.7083 2770.582
341.31165 316.34433 2772.2751
333.23288 401.86545 2777.2354
381.81616 226.80713 2763.3267
382.98108 308.59793 2900.0366
394.1307 380.59625 2870.5444
361.49948 92.250725 2752.6118
361.26328 136.51147 2750.227
324.03085 136.75963 2758.5352
326.1069 186.20981 2551.503
334.8114 218.76215 2325.3826
398.72128 136.26181 2741.919
402.37747 183.66693 2555.3823
405.5778 218.24478 2322.6318
361.15903 181.77168 2755.4297
339.99466 226.84775 2765.3433
341.22598 316.66916 2766.6494
333.94315 402.40668 2772.0867
382.18768 226.8749 2755.9211
382.87054 308.03592 2901.611
393.8581 381.1452 2871.5408
361.37866 92.681564 2746.4297
361.27185 136.86566 2746.3901
323.97232 137.21046 2751.683
326.7762 187.48409 2551.261
340.0297 217.7107 2318.5293
398.71542 136.51955 2741.0974
398.91177 184.5371 2548.7021
398.87213 217.60005 2314.015
361.39642 182.20825 2752.4229
340.48962 227.44878 2761.4504
341.4777 317.4079 2762.464
334.92035 403.31763 2768.1448
382.597 227.25603 2755.4607
383.16815 307.62228 2909.2031
394.05353 381.6878 2879.4744
361.54584 92.05766 2752.3113
361.28937 136.1042 2743.8374
323.94855 136.0382 2746.2888
331.1127 187.6793 2545.0657
346.22885 218.27412 2311.9202
398.697 136.17033 2741.3857
394.6022 183.64882 2552.8813
388.70248 214.8188 2324.7317
361.18573 181.11273 2736.5293
339.32962 226.2769 2730.641
340.13046 317.25946 2731.4321
334.17496 404.18756 2737.1812
382.8561 226.44775 2727.8013
383.1622 307.5486 2885.9614
394.0133 381.4062 2854.9326
361.38568 91.87881 2745.7712
361.1244 136.21957 2739.2678
323.74252 135.89304 2736.381
335.37952 187.50119 2529.5325
354.54507 218.83261 2299.6316
398.42755 136.54541 2742.1548
393.38614 179.98569 2552.3584
379.4376 210.93466 2333.0752
360.9992 181.3457 2731.7903
339.25797 226.58595 2722.6519
339.90125 317.84158 2723.272
334.53723 405.0714 2728.96
382.46228 226.853 2725.9736
382.5063 305.16266 2907.102
393.82993 380.82257 2878.9805
361.47858 91.86993 2732.0015
361.16254 136.69125 2731.8623
323.68295 136.27959 2726.9385
335.62463 184.58868 2541.177
357.41037 216.66696 2316.9265
398.50723 137.10146 2736.7861
390.81448 178.58261 2551.7476
374.29327 208.92897 2332.4358
360.95587 182.07002 2728.7034
339.21033 227.41167 2722.7192
339.72537 318.66953 2723.207
334.90945 405.94113 2728.7412
382.24255 227.69597 2728.3696
382.92654 305.98627 2908.3354
393.57718 380.41724 2882.8708
361.93036 92.28889 2727.1494
361.16574 137.35098 2730.884
323.68243 136.95717 2733.4763
335.93948 183.78633 2540.882
359.69162 217.22533 2323.0076
398.72028 137.74553 2728.2917
390.0423 178.49626 2549.9006
372.36673 208.47331 2330.0483
360.54794 182.8542 2732.705
338.1064 228.0173 2736.0369
338.51688 318.83444 2736.4219
334.21658 405.72424 2741.7373
381.77963 228.57666 2733.0151
382.8762 307.073 2909.375
393.26968 380.36624 2884.4268
362.1511 91.68545 2722.1897
361.4655 136.80995 2730.0815
323.98572 136.571 2737.466
335.75067 182.33714 2547.9915
360.1118 215.61436 2330.9004
399.14862 137.05022 2722.697
390.29916 179.08144 2541.2324
370.37598 209.048 2324.2793
360.80347 182.39671 2735.339
338.83066 227.53305 2744.8076
339.15808 318.06274 2745.1123
335.30884 404.71616 2750.1663
381.52286 228.08492 2736.3857
383.4967 306.83612 2909.3733
393.68802 379.40076 2881.6245
362.45435 91.17907 2720.2463
360.8195 136.44789 2730.0706
323.38364 135.55783 2740.457
335.17224 181.53616 2551.5483
359.92654 215.582 2337.6973
398.5413 137.34476 2719.6843
390.4144 179.38872 2541.3489
369.77155 210.35783 2327.863
359.24484 182.0174 2735.4438
335.0952 226.66315 2747.099
335.35736 317.11942 2747.3408
331.91125 403.73853 2752.1074
380.36133 228.15671 2734.535
382.0886 306.82773 2908.8865
392.23523 380.18817 2876.7283
362.45074 90.73256 2739.2349
360.5515 135.0947 2736.8333
323.2024 134.06462 2747.4487
334.71658 180.84094 2554.5059
359.46283 215.2529 2342.031
398.19153 136.13278 2726.2178
390.8308 180.75963 2542.062
369.4883 210.92775 2327.4697
358.81772 180.16862 2729.1904
335.27582 224.69038 2727.7007
335.4871 315.7916 2727.8926
332.37134 403.06137 2732.3582
378.97128 226.3047 2715.3943
382.62686 305.3334 2890.7034
393.83627 379.77658 2860.682
362.9896 89.9669 2748.74
360.92084 133.95891 2741.5732
323.6783 132.8776 2755.1729
333.20978 180.09874 2562.9023
357.54745 214.60925 2350.8882
398.5347 135.051 2727.9734
391.14444 180.66577 2549.6687
370.27908 210.7943 2334.3535
358.94205 178.83409 2729.5432
335.3631 223.22162 2725.3132
335.5323 314.40387 2725.4658
332.7325 401.7829 2729.6267
378.65262 224.99666 2709.7134
382.29578 301.9523 2903.67
393.7202 379.82715 2871.767
362.6404 90.10406 2723.0051
360.91687 135.51685 2734.8474
323.55093 134.72688 2747.4167
333.10538 182.19075 2563.3992
355.46158 215.5528 2342.3718
398.62787 136.3141 2722.278
388.9101 184.4972 2539.9302
370.32962 214.4875 2321.1462
359.37958 180.84448 2741.6787
336.54153 225.26012 2755.7021
336.67535 315.4377 2755.8237
334.18756 401.88083 2759.683
379.27017 226.63705 2741.3179
382.49203 301.74634 2929.2085
394.32062 380.27487 2898.415
362.64734 90.55233 2722.123
360.77124 135.92741 2735.7798
323.41678 134.90613 2747.8945
331.2542 185.5574 2566.7104
350.14243 217.50003 2342.439
398.45798 136.9578 2723.665
389.63046 186.41046 2550.965
374.99646 218.31354 2334.5981
358.97113 181.36238 2744.8516
335.53384 225.67433 2760.981
335.64078 315.6802 2761.078
333.41226 401.98328 2764.6438
378.94318 227.3259 2746.8657
382.49857 306.29822 2903.3962
393.49878 382.03497 2879.4092
362.45032 91.50814 2720.6848
360.3762 136.76405 2738.1914
323.09033 135.64171 2752.1978
328.89127 186.8453 2565.3752
343.16306 222.38127 2344.3977
398.04547 137.89795 2724.185
393.45676 187.90764 2561.4817
383.1789 222.23727 2348.8513
358.40692 182.24385 2752.8423
334.82104 226.32307 2775.695
334.90616 315.8524 2775.7722
332.91617 401.72128 2779.0562
378.22464 228.16658 2759.2913
382.4745 307.03806 2918.229
393.42856 381.54184 2890.149
361.99023 91.61061 2721.1086
360.00635 137.03505 2743.4988
322.76083 135.95468 2755.301
320.0315 192.13193 2570.857
322.2902 236.12924 2368.519
397.57367 138.12476 2731.6965
402.11197 190.66261 2587.139
402.9695 234.61404 2397.5134
358.15964 182.49997 2764.333
335.54816 226.46541 2791.846
332.909 308.1011 2954.5293
320.76468 391.5653 2866.1997
377.23294 228.1079 2778.4883
382.79587 308.68677 2917.5796
393.9436 380.20764 2888.0454
361.80676 91.59945 2719.6748
360.03845 136.85184 2744.3386
322.77533 135.9188 2754.5674
314.4512 194.31346 2588.4294
313.11362 241.25676 2393.2144
397.5804 137.79187 2734.11
405.36603 193.04802 2610.0833
413.02136 238.53954 2423.56
358.39865 182.3167 2768.185
336.16437 226.30305 2797.783
333.70294 306.11563 2962.1653
321.45392 391.5996 2864.9968
377.4945 227.7097 2786.2798
382.92172 308.7486 2919.2583
394.08316 380.19928 2888.4485
362.47253 91.44412 2728.4512
360.89185 136.67409 2747.1836
323.65073 135.85847 2756.8381
310.7371 194.93147 2608.7183
304.49237 246.70113 2444.862
398.39563 137.49547 2737.529
409.20566 195.08473 2627.035
421.65704 243.4064 2458.2334
359.4027 182.10265 2767.8955
337.33395 226.23029 2794.022
335.7373 305.4606 2957.876
321.05194 394.47714 2847.2485
378.61765 227.4849 2783.193
383.65668 309.5273 2906.4968
394.74268 380.97144 2876.2473
362.44443 91.13699 2725.3389
361.03928 136.49178 2746.988
323.7925 135.89201 2757.0725
307.864 197.65323 2632.354
298.6944 253.3739 2495.7085
398.56055 137.09595 2736.9036
412.6018 195.71556 2652.0232
426.1272 246.34744 2503.6902
359.7942 181.93433 2769.9812
338.01938 226.11572 2798.6235
335.65982 303.61395 2973.9006
320.16183 395.38785 2851.1091
379.2031 227.14366 2787.3252
383.03275 309.0999 2911.9932
394.03366 380.5145 2884.3
362.50037 90.42174 2713.2883
361.0619 136.0836 2742.42
323.72623 135.45468 2748.629
305.87357 198.82153 2661.6743
295.6253 257.36874 2554.7915
398.56702 136.71538 2736.211
414.32617 196.41516 2681.0232
429.1563 248.15804 2543.9722
359.81714 181.57634 2770.7803
338.09512 225.69008 2802.6177
335.67972 302.6555 2980.5586
319.52545 396.28052 2840.2444
379.15112 226.60553 2795.6636
382.47165 308.60648 2917.985
393.2278 379.2226 2888.9248
362.42328 90.829994 2716.7588
360.85657 136.45975 2743.8354
323.5496 135.68033 2751.2102
302.72757 200.45157 2688.8347
294.89963 261.56555 2601.5054
398.3646 137.24338 2736.4607
417.1962 200.3259 2699.0178
430.3716 255.36168 2585.156
359.4277 181.93752 2770.8313
337.52942 225.97667 2801.9546
334.73495 304.08325 2967.807
319.1555 398.16907 2831.953
378.58398 227.10033 2793.7
382.25323 309.87555 2906.5557
392.69797 380.71213 2879.329
362.5127 90.72626 2706.9954
360.86115 136.59373 2739.7231
323.50467 135.74817 2747.893
302.5539 201.3576 2716.9238
294.85602 263.9895 2640.8833
398.44107 137.44438 2731.5532
419.4597 203.23216 2717.0066
430.89478 260.8907 2634.9321
359.32556 182.1007 2771.0447
337.36383 225.98058 2806.9382
334.6766 304.05908 2971.607
320.0374 396.16983 2843.2866
378.35165 227.20222 2797.7942
382.84668 309.98495 2908.3997
392.9327 380.77274 2885.7422
362.46765 90.73949 2712.1099
360.7604 136.612 2740.853
323.41296 135.8645 2748.8052
303.38016 201.64745 2742.4636
295.5488 265.20667 2685.605
398.32516 137.36385 2732.9011
420.15158 204.22902 2740.4983
428.6661 263.50314 2691.2314
359.3565 182.12889 2769.333
337.4849 226.16571 2802.263
334.81064 305.0545 2959.717
320.5806 396.06473 2835.9766
378.54282 227.27428 2793.363
383.2535 310.32205 2902.068
393.28372 380.22867 2876.3884
362.4603 91.0542 2714.6807
361.16055 136.66995 2740.8923
323.79373 136.26309 2747.0063
303.93118 201.98506 2761.749
295.9044 265.66498 2739.5027
398.6944 137.07866 2734.7786
418.12958 204.99649 2765.7544
426.7121 265.0725 2737.7756
360.18973 182.20361 2768.1372
338.71487 226.51595 2798.8037
335.81342 305.48083 2956.2202
321.43726 396.3941 2835.3706
379.81107 227.18425 2791.9604
384.40744 309.79932 2906.704
394.1237 380.75287 2880.507
362.66782 91.234024 2716.4531
361.51962 136.76666 2740.662
324.1432 136.2916 2745.9873
304.35098 203.19284 2779.3752
296.18988 266.3687 2793.0527
399.0416 137.24359 2735.337
417.111 205.14645 2784.872
425.77966 265.8768 2768.2517
360.47757 182.30836 2767.521
338.92755 226.61757 2797.3596
335.21893 304.87112 2961.8108
320.3181 396.13168 2840.4631
380.02737 227.3324 2791.4001
383.4497 310.18555 2904.402
393.18323 380.30756 2878.8796
362.6133 90.39564 2716.8398
361.593 136.05217 2740.7039
324.2192 135.71095 2746.933
304.6007 204.81425 2795.6829
298.18796 267.7389 2838.0828
399.13705 136.39494 2734.4744
415.86908 203.04073 2800.936
424.34793 263.33484 2802.2988
360.69696 181.60477 2767.3862
339.28528 225.98743 2797.5544
335.06308 304.65338 2958.0588
320.81976 394.60913 2842.6519
380.4021 226.58801 2790.5828
383.92584 309.4458 2904.1897
393.23868 379.56616 2878.9033
362.72174 89.707 2717.0305
361.712 135.37566 2740.227
324.3274 135.0416 2745.9478
305.0751 204.4875 2811.8408
300.1375 267.78497 2848.0542
399.25302 135.71112 2734.5066
413.95886 202.26862 2813.9612
422.22238 262.02985 2838.7385
360.83395 180.94658 2766.2446
339.42545 225.38124 2795.4634
335.47372 303.28696 2964.2969
320.66116 395.84344 2838.6382
380.56628 225.95595 2789.061
383.36465 308.8244 2904.0117
393.30243 378.9924 2877.8418
362.92734 89.62252 2727.63
361.81128 134.76532 2743.199
324.47168 134.3106 2749.4087
306.02768 204.33655 2820.9126
300.91592 267.31464 2855.5793
399.32028 135.2221 2736.9895
412.95834 201.90694 2821.9905
421.39984 261.55893 2861.7039
360.81998 180.27997 2763.514
339.2351 224.7667 2787.3037
335.06824 302.79526 2957.4084
320.12775 396.62122 2830.2104
380.50266 225.49489 2780.354
383.08167 308.74493 2894.0928
393.11987 380.1361 2871.4766
362.70193 89.72963 2722.4316
361.53146 135.099 2740.3115
324.1605 134.61975 2747.4705
307.336 203.29071 2828.9602
302.1492 266.68185 2856.3987
399.09818 135.58076 2733.1528
410.58197 200.52257 2827.4966
419.87854 260.33154 2874.6538
360.4757 180.66435 2763.3867
338.85043 225.08122 2790.4678
335.24652 301.66696 2972.8315
320.2354 396.94818 2842.343
380.08368 225.86995 2782.4558
382.4811 308.62927 2901.4268
392.90997 380.01245 2883.6975
363.16373 89.93851 2720.328
361.7609 135.35359 2739.0322
324.3621 134.72635 2743.1582
309.6115 200.94455 2833.4778
303.65146 263.75525 2858.4624
399.27252 135.98273 2734.906
409.11868 199.6088 2835.743
419.2059 259.30933 2890.185
360.57184 180.93904 2763.395
338.82693 225.30777 2790.0671
335.12402 303.63895 2955.4788
321.47992 394.19846 2850.1873
380.01437 226.14835 2785.4487
383.03793 308.98923 2901.7612
393.09213 380.3209 2886.7876
362.88098 89.96143 2718.783
361.8654 135.41786 2737.744
324.43976 135.05359 2740.709
310.71704 197.9634 2830.9019
303.93555 260.45398 2858.6108
399.37216 135.78291 2734.7786
408.3537 198.92043 2837.8748
417.90985 258.77875 2893.0588
361.01453 181.03197 2761.6963
339.5872 225.60738 2787.308
336.21384 303.2274 2960.5273
321.58545 396.54922 2838.04
380.79398 226.11621 2783.9895
384.0014 308.92294 2901.121
393.4015 379.85886 2881.9412
362.78314 90.17387 2718.0078
361.96408 135.70244 2737.665
324.5335 135.49715 2740.6963
311.49768 197.43611 2831.9512
305.35983 259.7871 2854.7134
399.47763 135.90817 2734.6338
407.93234 198.44652 2836.9382
417.21213 258.4024 2894.4475
361.3006 181.31886 2761.716
340.05646 225.97966 2787.4634
336.07138 303.21008 2964.1787
320.99304 396.06345 2838.5503
381.26575 226.31581 2784.071
383.5067 308.70493 2906.7488
393.44952 379.64868 2882.2747
362.69983 90.31228 2718.113
361.90076 135.79362 2737.1067
324.46085 135.68767 2740.2454
311.92117 196.6603 2826.2402
305.8342 258.9286 2852.174
399.4266 135.89983 2733.9683
407.70624 198.52133 2836.9653
415.64285 259.10352 2888.7961
361.36157 181.42134 2760.55
340.22433 226.16525 2785.7495
336.14038 303.35248 2963.336
320.52023 396.25284 2836.483
381.4646 226.39613 2782.237
383.1295 308.9517 2903.9387
393.60895 379.73175 2878.2627
362.4395 90.57607 2719.1711
361.72733 135.9622 2737.0527
324.2877 135.91972 2740.8079
312.0785 196.2725 2823.9082
305.8041 258.48566 2850.6902
399.26987 136.00479 2733.2976
407.5064 198.75403 2836.4834
414.80008 259.741 2880.1165
361.25763 181.59082 2760.2178
340.18213 226.36829 2785.4841
335.79907 303.9059 2959.7363
320.7472 396.03806 2842.837
381.44046 226.55173 2781.2815
382.91733 308.56268 2909.6763
393.35974 380.53268 2879.597
362.52774 90.89423 2719.1995
361.87347 136.15886 2736.3772
324.42227 136.10414 2738.477
312.38303 199.75493 2828.955
306.5932 262.1584 2855.2188
399.38223 136.21367 2734.277
407.61652 198.10753 2832.741
414.7998 259.1336 2874.5261
361.4245 181.79799 2759.045
340.35992 226.62492 2782.888
336.0191 303.13586 2966.784
320.6525 396.0923 2840.4553
381.62314 226.7617 2780.5376
382.98044 308.5959 2911.2417
393.60837 380.68338 2877.5347
362.42123 90.799126 2728.7136
361.93933 135.77974 2740.4421
324.5496 135.65273 2739.7063
312.12558 202.47342 2828.4783
306.8063 265.4888 2850.9136
399.30902 135.90668 2741.178
407.7328 198.00447 2832.3677
415.69724 258.87933 2875.201
361.51874 181.34338 2759.2358
340.46454 226.23386 2777.6177
335.67667 303.6506 2954.6426
321.01978 393.1689 2844.256
381.73694 226.34723 2778.4414
383.13004 308.39093 2907.6582
393.43207 380.83868 2880.5422
362.8765 91.14886 2723.4802
362.02628 136.27687 2738.4644
324.60956 135.95627 2739.946
312.08847 203.08514 2825.7551
306.3074 266.39038 2841.3892
399.48352 136.59782 2736.983
407.7479 198.0275 2830.1868
416.05856 259.0195 2864.1816
361.28958 181.87224 2759.6194
339.93973 226.57016 2781.6035
335.5802 302.82233 2968.012
320.08618 394.56403 2850.7512
381.2007 226.97768 2779.945
382.47678 309.44672 2903.374
392.83008 380.9901 2882.3235
362.66043 91.05961 2710.359
361.87158 136.48285 2734.7136
324.40094 136.21448 2737.0269
312.03232 200.2968 2821.8354
305.24365 263.35013 2835.8882
399.40567 136.75165 2732.4001
407.78638 197.92253 2828.095
416.2164 259.00403 2857.5376
361.1057 182.10617 2762.1848
339.79443 226.64178 2790.9504
335.90366 303.01196 2974.4644
320.20572 396.2332 2845.224
380.93445 227.02028 2788.3618
382.80106 309.33167 2910.4949
393.05673 379.38016 2889.3132
362.59055 90.91997 2705.8032
361.6104 136.4523 2733.267
324.12054 136.06697 2735.9375
312.1475 200.80621 2824.9211
305.6226 263.7611 2817.664
399.1736 136.83841 2730.597
407.9043 197.56648 2827.0505
417.1889 258.49887 2851.4968
360.69293 182.10425 2761.6084
339.23438 226.56897 2791.4438
335.27792 303.98544 2965.1448
319.89755 396.2467 2837.931
380.37582 227.08867 2788.4553
382.65326 309.81934 2905.1118
392.6169 380.22937 2880.5425
362.7878 91.08641 2702.0095
361.72415 136.75175 2731.8066
324.21255 136.40297 2732.8408
311.9899 202.03027 2822.9612
305.1857 265.06464 2815.5154
399.2642 137.1008 2730.7725
407.93774 197.55634 2824.0288
417.712 258.15506 2852.8562
360.84628 182.41743 2761.8232
339.4443 226.89143 2792.4185
335.69992 304.7143 2962.085
320.63745 396.57635 2843.6904
380.53882 227.31099 2791.261
383.45447 310.04843 2906.2854
393.1623 379.93112 2885.0269
363.25882 89.85144 2701.1194
361.61417 135.71088 2731.9697
324.11136 134.97969 2733.0793
312.01862 202.86833 2823.4832
304.8908 266.07565 2812.2983
399.14746 136.44264 2730.86
407.9403 197.55717 2823.016
417.9431 258.06827 2853.416
360.28024 181.37889 2762.12
338.4389 225.6402 2792.8914
334.21796 302.78134 2969.3254
319.73474 395.6584 2838.3281
379.52054 226.48135 2791.6497
382.39774 309.24084 2906.7896
391.84848 379.05887 2879.9983
363.09128 90.62208 2709.1787
361.74606 136.10814 2733.692
324.26715 135.36604 2735.807
312.12155 203.13075 2819.7388
304.70502 266.73386 2811.2417
399.28302 136.85141 2731.5771
407.9237 197.46544 2823.01
418.09525 257.93118 2848.7273
360.43713 181.76324 2759.5994
338.5646 226.12299 2786.6902
335.41516 304.06735 2957.1562
321.1517 395.4701 2843.2244
379.758 227.01555 2784.3232
383.25925 309.62988 2902.9766
393.3977 381.379 2871.476
362.90396 90.80967 2714.2012
361.74234 136.18542 2734.8865
324.2787 135.41505 2735.9548
311.97684 203.38713 2819.3687
304.61572 267.0827 2810.6836
399.23526 136.95639 2733.8184
407.87973 197.38629 2821.0027
418.17728 257.81302 2845.6
360.44427 181.82994 2758.5903
338.55872 226.25346 2782.8918
335.4054 303.19257 2963.3857
320.5098 397.4595 2827.9136
379.7868 227.14015 2781.6963
383.08426 309.30374 2906.648
393.19644 380.87338 2876.776
363.52792 90.69757 2716.2126
362.09448 136.07289 2734.972
324.63293 135.2187 2735.9377
311.68835 203.67361 2815.6807
304.56677 267.2712 2810.3691
399.58252 136.92769 2734.006
407.95825 197.24542 2819.9993
418.22305 257.62036 2837.4844
360.70905 181.71979 2757.6018
338.72223 226.13573 2780.7722
335.87326 302.81235 2964.4192
321.12436 395.9678 2838.238
379.97806 227.11166 2779.6912
383.34897 309.34207 2904.5576
393.24646 381.23825 2878.1975
363.4151 90.71786 2716.9763
361.88953 135.99886 2735.2075
324.4349 135.04916 2736.5767
311.83838 203.67163 2815.9194
304.52206 267.43768 2812.3992
399.38162 136.9495 2733.8381
407.85596 197.75629 2819.5017
418.28018 257.42 2844.0608
360.39352 181.64134 2757.0408
338.28714 226.01846 2779.6404
334.5579 302.6986 2963.477
319.8097 395.88965 2842.1843
379.56635 227.11511 2778.108
382.4141 309.3287 2904.1846
392.43625 380.93 2880.96
363.78452 90.254944 2708.1042
362.069 135.90445 2731.7776
324.57156 134.81258 2731.616
311.62817 203.76256 2817.9612
304.5219 267.45142 2808.1042
399.562 136.99622 2731.9392
407.82596 198.15527 2819.7456
418.3977 257.45416 2847.6526
360.38358 181.59041 2757.043
338.12708 225.84969 2782.2178
335.35873 302.73856 2963.9155
320.61288 393.59506 2852.1213
379.32913 227.04356 2782.3987
382.87216 309.06616 2908.736
392.96216 380.48502 2886.317
363.4576 90.49315 2703.1667
362.1675 136.33475 2730.4443
324.64365 135.56108 2731.0544
311.71826 203.65138 2814.4683
304.51752 267.48386 2808.3096
399.70816 137.10876 2729.8342
407.7526 198.381 2821.8816
417.42477 257.8758 2840.9263
360.80472 182.02853 2758.9282
338.8993 226.35324 2787.7537
335.9867 303.99686 2960.756
321.1691 395.26886 2852.3118
380.0453 227.22377 2787.0708
383.64615 309.48572 2908.8298
394.0527 380.17215 2886.185
363.7579 90.51412 2710.2012
362.21585 136.05397 2732.5217
324.72556 135.04712 2733.0542
311.76926 203.72926 2815.2202
304.51764 267.48532 2805.2925
399.72076 137.06122 2731.9893
407.6035 198.55254 2819.9521
416.91238 257.9995 2838.5713
360.6429 181.72275 2756.0598
338.47183 226.05443 2779.8958
334.97363 303.9481 2952.6152
319.92105 396.0465 2834.526
379.7258 227.18181 2779.3
382.91318 310.20886 2894.7595
392.96753 381.20047 2874.4934
