391.17184 102.59869 2737.8013
387.43265 160.57455 2759.581
353.66788 161.40771 2790.2275
346.42587 221.60472 2839.669
337.7845 285.46616 2757.326
421.95578 159.7227 2728.9348
433.8213 218.08835 2777.3289
436.89764 287.53726 2663.6614
387.42328 202.9511 2762.2158
365.71515 245.18462 2784.505
364.22015 338.08832 2822.404
366.88113 420.65186 2911.144
409.42346 245.30998 2745.196
409.9753 340.07098 2750.9663
405.07065 418.77255 2837.2324
391.24316 102.54496 2736.8015
387.46335 160.47858 2758.7783
353.65738 161.28223 2788.7615
346.2346 221.6793 2839.557
339.3997 288.50348 2739.7014
422.01224 159.65727 2728.7954
433.7686 218.07573 2777.7483
437.41913 287.5512 2662.9329
387.44492 202.91469 2762.0164
365.71194 245.18219 2784.484
364.2305 338.04114 2822.5742
366.97775 420.4896 2913.8662
409.44522 245.32161 2746.0247
409.99634 340.09018 2750.3271
405.03668 418.82822 2836.98
391.2563 102.5472 2735.994
387.55875 160.46228 2757.5598
353.7187 161.22394 2787.3862
346.1794 221.74884 2837.8945
340.93524 289.24866 2729.1719
422.1389 159.68394 2727.7332
433.9009 218.14482 2775.6013
437.366 287.61014 2660.535
387.50067 202.90382 2761.4822
365.71094 245.13164 2784.54
364.30124 337.9131 2822.339
366.62204 420.1618 2918.0938
409.4774 245.31961 2746.269
409.98077 340.23917 2749.7026
404.98633 418.95383 2837.965
391.3024 102.68889 2736.2683
387.6528 160.54028 2756.7507
353.80164 161.3307 2787.0376
346.26053 221.61559 2838.7124
338.9626 288.62854 2741.982
422.25607 159.7323 2726.4639
433.95032 217.7973 2775.9954
438.57794 284.84515 2670.0771
387.6195 202.97256 2760.78
366.00766 245.19803 2784.096
364.24472 338.0579 2821.3245
366.4798 420.21432 2916.7502
409.46808 245.36552 2745.5227
409.9357 340.15298 2749.9126
405.04712 418.97885 2839.1182
391.24573 102.62188 2735.7854
387.68018 160.53983 2756.5242
353.7662 161.32846 2786.9963
346.2856 221.6964 2839.5237
339.164 289.39594 2745.4897
422.35236 159.73355 2726.0522
434.13016 217.70978 2775.9636
437.6853 285.72528 2670.439
387.63434 202.96576 2760.267
366.04303 245.18922 2783.344
364.2031 338.07336 2820.0596
366.54114 419.07938 2920.2012
409.4378 245.36562 2744.6758
409.89844 340.01746 2749.6948
405.13696 418.78656 2838.1057
391.2787 102.430046 2734.6309
387.73618 160.61758 2755.7756
353.73013 161.36206 2786.0942
346.1878 221.78215 2839.748
338.38083 287.8355 2756.501
422.49878 159.85655 2725.457
434.19177 218.01784 2774.8206
439.28864 286.73236 2672.4397
387.64664 203.05948 2759.9995
365.8284 245.25801 2783.5798
364.13226 338.08765 2819.203
367.16724 416.8421 2908.705
409.59277 245.4869 2744.867
409.91327 339.63217 2748.404
404.95682 418.45572 2835.5872
391.2744 102.42259 2734.4827
387.7674 160.72896 2755.383
353.7474 161.41277 2785.417
346.2281 221.64024 2841.1536
337.0988 287.3913 2760.4597
422.53717 160.03009 2725.349
434.3017 218.51921 2775.0112
439.27994 286.74573 2669.2249
387.61536 203.14003 2759.9158
365.66434 245.26506 2783.6836
364.1616 337.98254 2818.927
366.92688 417.91513 2912.0615
409.5688 245.56102 2745.2131
409.97263 339.70456 2748.0947
404.99365 418.6341 2835.606
391.16022 102.42011 2734.9648
387.73407 160.7356 2755.0664
353.71588 161.31921 2785.267
346.0777 221.42744 2842.2356
337.90582 288.43137 2763.5186
422.50635 160.13902 2724.8655
434.3055 218.40565 2775.4521
439.27826 287.95947 2676.312
387.4556 203.17381 2760.0042
365.15744 245.24355 2784.4895
364.08582 337.82138 2818.3333
366.81244 418.04282 2915.2021
409.5124 245.6805 2745.3943
409.91595 339.9032 2748.5596
405.13614 418.85928 2836.596
391.14447 102.44365 2734.2646
387.75626 160.776 2754.885
353.74908 161.37619 2785.7578
345.9517 221.42561 2844.6663
336.86725 286.45053 2765.8147
422.53427 160.1622 2724.012
434.42123 218.11876 2774.4666
440.5584 288.1102 2674.567
387.48517 203.16614 2760.166
365.2443 245.17622 2785.394
364.1634 337.8903 2817.4463
366.8226 418.41226 2913.4226
409.50525 245.61568 2745.5002
409.8492 339.90216 2749.8665
405.33643 418.91202 2837.4758
391.09106 102.429375 2733.5425
387.7626 160.76631 2755.3345
353.72852 161.37871 2787.2502
345.77765 221.45879 2846.995
337.20673 286.51178 2766.681
422.59436 160.13956 2723.4185
434.42062 218.10687 2772.5835
439.6438 285.4837 2673.3533
387.47696 203.22514 2760.6592
365.37762 245.29092 2786.4392
364.3127 338.1663 2816.8567
366.84848 418.73325 2912.699
409.33234 245.7535 2745.5288
409.64487 340.0484 2751.1772
405.49033 418.7839 2838.286
391.13492 102.41937 2732.663
387.76694 160.8386 2755.0671
353.61276 161.48424 2787.9773
345.66095 221.55707 2848.316
337.84918 287.54037 2756.2158
422.74695 160.17734 2722.1572
434.34204 218.23471 2772.599
439.4221 285.34988 2678.8184
387.49643 203.37366 2760.437
365.56213 245.51732 2786.6768
364.4281 338.37903 2816.4663
366.7934 418.8332 2912.3315
409.22125 245.97322 2744.937
409.4749 340.58984 2751.684
405.59048 418.83243 2837.9668
391.19363 102.29266 2731.2805
387.79773 160.87985 2754.5818
353.42715 161.58395 2787.4612
345.55002 221.59431 2849.468
337.98648 288.43527 2765.8123
422.99875 160.15872 2721.7024
434.60278 218.58025 2772.8286
439.56165 287.51453 2671.8777
387.60596 203.45432 2760.1223
365.6793 245.66957 2786.4507
364.4185 338.58325 2816.911
366.90817 418.32236 2908.5842
409.47986 246.0497 2744.875
409.45026 340.55923 2751.2002
405.649 418.61377 2836.5894
391.1008 102.40803 2731.0398
388.40436 161.57578 2750.7256
353.07672 162.33517 2777.5432
345.1991 222.50534 2840.1467
336.73492 288.3594 2745.1594
424.42758 160.8014 2723.908
434.36417 220.56561 2782.466
438.78223 285.21457 2674.4644
388.40735 202.91895 2750.7676
367.21234 244.23752 2766.8394
364.39288 339.62698 2825.7964
366.7866 418.6214 2915.8755
409.85684 244.2845 2734.78
409.67014 339.0352 2741.812
406.3087 415.0676 2820.5532
391.17822 102.61021 2730.818
388.25034 161.41125 2751.8806
353.22144 162.15602 2781.7087
345.33038 222.17294 2844.3967
340.40576 285.16614 2710.699
424.04688 160.65019 2722.0527
434.70596 221.52415 2773.3232
439.92303 282.77505 2657.6243
388.1643 203.16586 2754.4497
366.6142 244.75081 2775.2546
364.6416 338.71042 2820.7786
366.61673 418.43567 2912.8237
409.82858 244.93571 2738.7827
409.55942 339.48346 2746.4314
406.18588 416.2479 2826.7734
391.3265 102.79157 2731.4666
388.15756 161.35768 2752.6226
353.35907 162.14352 2784.231
345.18594 221.83559 2846.5298
338.24966 285.1389 2698.4446
423.76456 160.55357 2721.014
434.68167 221.58957 2766.9614
436.0271 274.7874 2657.459
388.07462 203.19978 2755.7554
366.45633 244.84592 2778.4097
364.6628 338.0375 2818.354
366.74402 417.58853 2909.1133
409.8343 245.04926 2739.3667
409.60007 339.6848 2749.1655
406.1224 417.0624 2831.5442
391.29327 102.944496 2731.1533
388.1799 161.52788 2752.9324
353.42932 162.34053 2785.815
344.91653 222.02042 2847.5242
341.9137 282.6821 2674.9526
423.7707 160.69556 2720.0496
434.7544 222.936 2759.5208
440.9745 280.01852 2596.5388
388.0923 203.32094 2755.9722
366.47748 244.9148 2779.3362
364.60068 337.52026 2816.8103
366.69705 417.34195 2908.9878
409.85178 245.13058 2738.688
409.55826 339.75272 2750.2761
406.3483 417.76105 2833.4697
391.43765 103.04126 2730.6094
388.20096 161.56544 2753.223
353.39163 162.34503 2786.1365
344.88004 222.1656 2847.5413
342.7406 280.85828 2615.3042
423.85263 160.76701 2720.3093
435.75598 223.37978 2757.9001
441.02762 275.9424 2560.4897
388.07318 203.32056 2756.2932
366.58813 244.85643 2779.5117
364.5498 337.16306 2815.8835
366.88876 416.9358 2907.0562
409.6174 245.11093 2739.2153
409.52417 339.69012 2750.1794
406.08743 418.05887 2834.1814
391.36264 103.27252 2730.293
388.14697 161.1706 2753.7866
353.3968 162.01567 2789.0142
344.47205 222.27669 2848.716
339.60574 270.72232 2571.1665
423.7978 160.3036 2718.559
437.1655 222.7919 2750.539
441.17328 269.0833 2533.967
387.96616 202.79433 2753.9912
367.15518 244.28938 2775.007
364.56287 337.2519 2813.8901
367.02686 416.96622 2903.6963
408.7297 244.53624 2733.3845
409.60495 337.96262 2751.9531
406.0189 416.6721 2835.9119
391.20264 103.41751 2730.8792
388.03082 161.09341 2753.9702
353.34274 161.9455 2788.8784
344.385 222.08356 2848.0784
341.06595 263.5129 2535.1
423.6096 160.21947 2719.062
437.0195 221.662 2753.0132
440.6375 261.97824 2494.1187
387.8755 202.75473 2754.5515
366.9817 244.28447 2775.9082
364.61975 336.82428 2812.194
367.18127 416.64813 2903.6245
408.77383 244.51419 2734.3574
409.60632 336.69537 2749.5159
405.8767 415.84613 2834.6245
391.0143 103.51522 2732.022
388.036 161.02754 2754.1072
353.52103 161.909 2788.956
342.4016 220.49341 2836.6702
339.16992 262.378 2598.6567
423.43564 160.1235 2719.2583
439.56998 218.30373 2739.9949
438.4835 254.0017 2465.2158
387.90784 202.58014 2754.1992
367.36118 244.03711 2774.8044
364.65256 337.16943 2811.2375
367.13586 417.25836 2904.3071
408.5046 244.2242 2733.7778
409.36343 336.79846 2750.079
405.7584 415.936 2834.8743
390.83188 103.469185 2732.7786
388.04395 160.64085 2754.7642
353.66852 161.47958 2789.4565
341.89633 220.536 2835.9368
340.29532 248.24121 2575.1743
423.2962 159.78073 2720.0715
442.40457 216.02924 2720.5916
432.89487 245.42374 2433.8335
387.86652 202.40164 2755.1252
367.33054 244.03308 2775.9358
364.81595 337.01367 2811.083
367.16782 417.25848 2905.064
408.3522 244.27167 2735.037
409.31982 336.8779 2749.854
405.54688 415.3592 2835.4863
390.65543 103.325584 2733.8486
387.89166 159.31308 2756.4722
353.9666 160.13962 2791.5251
339.58807 218.38759 2832.9055
346.83923 224.42413 2466.3896
422.69067 158.46524 2721.4192
443.7644 213.9585 2709.5334
433.85748 233.90636 2390.7388
387.62253 201.47713 2755.0022
367.50998 243.54994 2773.9097
364.89612 336.85956 2807.1775
367.16687 417.2444 2900.0022
407.49213 243.82451 2733.1548
409.30746 336.50354 2753.2756
405.37955 414.658 2839.0164
390.72565 103.0968 2734.22
387.7129 157.95639 2759.2532
354.45404 158.88548 2796.422
338.32654 215.32913 2827.0308
349.0555 212.04391 2457.0012
421.88 157.00192 2722.0842
443.6191 211.36552 2698.904
431.56934 233.18196 2460.3926
387.49323 200.49591 2758.9534
367.21353 242.92288 2780.9517
364.82108 336.89847 2801.5376
366.99234 417.4728 2892.764
407.66043 243.16843 2736.3555
409.37912 336.14767 2758.882
405.475 414.3766 2844.1343
390.96603 102.85971 2735.1858
388.0861 157.83293 2758.6008
354.82782 158.77612 2800.1616
338.29504 216.0896 2825.673
350.41855 199.96078 2464.7383
422.36185 156.86089 2717.04
444.41095 211.52113 2668.019
428.17416 212.74799 2364.712
387.75824 200.40373 2759.7974
367.3751 242.74464 2785.936
364.6529 336.89896 2797.5476
366.7754 417.41806 2888.6418
407.85187 243.13416 2736.0518
409.52774 335.9333 2762.2866
405.56137 414.30536 2847.2524
391.1336 102.833565 2735.2205
388.03638 157.49544 2759.406
354.86008 158.46475 2798.7795
334.9629 212.81868 2804.7146
353.29404 191.51317 2456.877
422.17316 156.49805 2720.0327
444.1574 210.56326 2654.6172
422.8994 204.03996 2370.435
387.76477 200.08575 2758.74
367.7095 242.55989 2781.4126
364.6879 336.41678 2796.9092
366.69412 417.1238 2887.789
407.61423 242.83575 2734.7354
409.5357 335.76254 2762.7805
405.67325 414.38947 2847.2522
391.28696 103.008255 2737.2998
387.95126 157.09627 2761.626
355.30396 158.11238 2798.1624
335.75955 212.49164 2772.6245
356.30573 180.52905 2443.4385
421.474 156.0529 2725.0896
442.2537 208.60866 2650.6033
418.97366 196.50635 2362.771
387.79828 199.77919 2759.0586
367.83554 242.4812 2778.5073
364.54977 335.82336 2796.5417
366.6851 416.43747 2886.2576
407.77347 242.60303 2734.475
409.45285 335.47952 2761.8838
405.77875 414.80762 2846.2717
391.28854 103.11432 2740.088
390.85266 156.34138 2772.2961
360.7383 156.80745 2816.0984
336.66452 211.96593 2756.4785
358.6468 176.01633 2454.157
421.93393 155.86035 2728.4937
441.25806 204.79149 2628.3293
410.71814 185.89264 2334.607
389.32828 199.08057 2764.8586
368.11456 241.48274 2785.7847
364.7206 333.49966 2799.5454
366.89807 415.08026 2890.1663
407.88583 242.62967 2729.0579
409.2902 335.97122 2756.7046
405.70932 415.6724 2841.1116
391.2785 103.09285 2741.1362
389.8868 157.49948 2785.8591
358.84488 158.8928 2838.8743
336.9437 211.50986 2717.8196
362.04785 169.72748 2444.6423
422.13312 156.05206 2732.8438
439.56775 203.46167 2616.3054
407.6889 180.50739 2334.9656
388.99973 199.46695 2772.289
368.56854 241.73273 2791.562
365.01352 334.58566 2805.3489
367.1253 415.98972 2893.779
408.11008 241.9646 2725.8762
408.97644 335.1529 2752.6565
405.56348 414.44012 2836.9873
391.36188 104.08256 2752.103
389.2025 158.71332 2789.465
357.5649 160.52802 2844.6992
339.1099 211.20631 2697.893
367.4938 170.27397 2439.266
422.11832 156.82533 2734.2312
437.00757 203.3962 2580.6511
402.33072 176.50813 2335.8699
388.72165 200.20401 2773.8223
368.68213 242.28549 2791.7
365.0704 334.85678 2807.9873
367.0876 416.3241 2895.988
408.26962 242.04218 2724.6587
408.78488 334.97308 2750.737
405.57285 414.4275 2835.3262
391.25354 103.98392 2749.795
388.30542 160.51843 2776.7744
356.0177 162.11441 2824.7388
342.12918 208.98286 2684.489
371.0094 164.5027 2413.958
421.7282 158.86636 2728.81
436.1834 205.20212 2560.8376
396.71426 173.3895 2338.0857
388.21158 202.54424 2766.2346
368.12436 244.99265 2784.9795
364.64374 332.53006 2804.483
366.5779 414.31262 2892.8503
408.53912 244.78821 2726.4104
408.8905 337.1642 2754.7231
405.96918 416.86078 2838.5625
391.27844 104.089584 2751.881
388.1877 161.63805 2771.7388
356.1337 163.15858 2816.5833
344.86267 206.45898 2666.7842
391.34012 182.25998 2444.2002
421.296 160.0675 2726.8943
435.56177 205.65967 2553.2798
387.5305 172.30402 2369.2021
388.25034 202.66751 2763.6064
368.43066 244.06952 2782.9568
364.5236 333.80307 2798.9387
366.44656 415.7734 2883.9548
408.59662 243.80617 2727.9917
408.9127 335.2965 2758.375
405.92422 415.02298 2842.371
391.41757 104.428635 2753.3706
388.44507 162.46295 2768.0034
356.6793 163.7968 2812.9553
344.65308 209.10625 2657.7883
385.08936 182.10974 2450.1216
421.25964 161.08508 2723.0518
434.43338 206.58461 2549.7058
385.84027 168.68875 2350.8562
388.37073 203.80017 2762.6387
368.14563 245.30466 2785.5127
364.29507 332.81253 2794.142
366.2479 414.72095 2878.2024
408.8636 245.29169 2729.035
408.9725 335.72067 2760.9575
405.9877 415.4872 2844.2073
391.4769 104.6007 2752.61
387.36258 162.84296 2754.7966
356.8688 164.49779 2806.1611
344.94614 212.00911 2659.85
389.6485 179.42856 2454.0354
419.0151 161.12524 2703.432
432.1933 205.44853 2557.4216
387.99344 170.0901 2364.3372
387.7709 204.82036 2755.99
368.2348 246.83905 2790.575
364.28867 332.82733 2792.2434
366.15884 414.9975 2876.0728
408.6119 246.68185 2723.792
409.02896 335.54346 2759.4663
405.91388 415.34543 2842.1204
391.60156 104.77719 2754.5857
387.25812 162.69846 2752.0457
355.65656 163.99863 2796.602
347.90137 209.73936 2658.6638
387.00406 184.26646 2468.4895
419.89984 161.35548 2707.489
432.3246 206.1642 2554.351
388.25992 172.14787 2360.8594
387.50253 204.82245 2755.9543
367.27234 246.8011 2788.641
363.66275 332.1047 2777.36
365.83322 414.46655 2857.0493
408.6516 246.85371 2731.0852
409.24814 336.27155 2764.0137
406.1589 415.7486 2847.2612
391.47916 105.43815 2760.011
387.34756 162.92345 2755.7666
355.51456 164.02226 2801.6099
350.00742 209.3096 2652.342
385.61954 183.033 2463.698
420.25757 161.78746 2709.9236
431.87817 206.6203 2551.7666
387.6688 173.32922 2349.4612
387.27225 205.27693 2759.5054
366.02826 247.32602 2793.6453
363.5807 331.18976 2770.3005
365.56903 413.29663 2858.1267
408.83694 247.70984 2732.8428
409.51608 336.90295 2765.6633
406.48273 416.4472 2847.4087
391.2846 106.002846 2763.4604
387.1788 163.62115 2756.7769
355.13492 164.6556 2801.589
349.27466 209.16689 2655.3486
393.1949 181.81998 2451.4539
420.28165 162.5525 2711.9644
432.25507 207.14043 2552.4429
388.56345 175.60852 2345.4817
387.0962 204.31906 2761.0947
365.60165 244.71246 2795.2922
363.87662 334.34692 2772.4043
365.78284 416.4007 2858.7986
408.8938 245.07115 2735.5332
409.50592 333.41473 2767.6326
406.27188 412.91904 2849.6304
391.2719 105.87507 2762.2368
387.18945 164.44817 2758.6626
354.94913 165.44765 2803.0598
349.0097 208.49533 2654.714
394.54697 181.81789 2449.9343
420.4845 163.41599 2714.2651
432.75735 207.89616 2553.6204
389.14206 176.8888 2338.2314
387.0802 205.37213 2762.724
365.43747 245.97888 2796.3718
363.8225 333.66528 2771.6562
365.58148 416.1252 2852.3499
408.97058 246.37726 2737.1997
409.6626 334.59412 2767.5378
406.2754 413.93512 2850.321
391.4196 106.11449 2763.4348
386.83002 165.58136 2758.7976
353.99512 166.67448 2803.1309
348.89764 207.80779 2653.4365
394.60126 173.40504 2444.6343
420.73743 164.45251 2714.4644
433.05444 208.38098 2550.935
389.98547 174.33531 2335.5942
386.88702 206.14035 2763.4045
365.45535 246.44151 2796.9595
363.6825 333.27313 2772.0278
365.2839 416.0283 2852.6992
408.88647 246.68973 2739.0635
409.79868 334.9118 2768.7512
406.3408 414.29666 2852.2249
391.48047 105.91576 2762.5088
387.1212 165.76337 2760.2961
354.4662 166.75426 2805.675
349.31738 206.73778 2652.8552
376.5803 164.4914 2432.0156
420.86783 164.73936 2714.9175
433.20825 208.27289 2547.0496
397.57724 172.64177 2304.616
386.99216 206.36278 2764.0654
365.7564 246.64433 2797.0796
363.62015 333.0323 2771.186
365.1972 415.6583 2853.762
408.4213 247.06331 2738.5896
409.92853 334.8775 2769.0452
406.3301 414.39554 2853.242
391.55853 106.25232 2764.0964
388.04077 163.72084 2768.223
356.41022 164.85938 2818.664
348.0226 206.1954 2670.2053
374.10767 165.25673 2454.8357
420.8454 162.54004 2717.782
432.965 204.05513 2529.9514
404.6996 169.34676 2277.4204
387.74225 204.66225 2768.362
367.13037 245.38965 2800.6992
363.81122 333.28802 2773.0332
365.5525 415.8624 2853.5693
408.23526 245.81438 2736.303
409.87195 333.92743 2766.3296
406.115 413.61765 2850.5273
391.72195 106.08379 2762.6367
388.272 163.05217 2772.0564
356.75558 164.32686 2823.9355
345.15033 204.76634 2684.0752
369.11102 157.7942 2434.1624
420.99057 161.72885 2720.1772
433.5292 203.52602 2528.2878
410.23502 167.03586 2277.1375
387.98285 203.91663 2769.9478
367.87222 244.69997 2800.2031
364.0761 333.65274 2775.0588
365.90985 415.8385 2855.9492
407.98337 244.99011 2735.4749
409.87103 333.32233 2764.719
405.8857 412.95825 2848.0942
391.81583 106.142426 2762.1204
388.23483 162.50505 2773.4182
356.37344 163.75949 2821.8918
343.1829 203.70363 2681.122
366.87057 152.51999 2434.857
421.22977 161.20598 2724.9446
433.86472 201.97179 2528.4053
415.58627 165.63286 2273.9731
387.87946 202.86514 2767.4277
367.8003 243.31667 2791.1267
364.59122 334.61923 2780.6863
366.0708 416.78006 2865.605
407.6735 243.48586 2731.7478
409.50644 332.36224 2760.0977
405.53644 412.17578 2843.007
391.8315 106.48596 2763.5771
388.42203 162.32051 2775.2493
356.1168 163.45201 2820.7925
342.06934 204.32874 2679.961
364.4457 150.89537 2429.3892
421.80524 161.15128 2729.7063
434.23593 200.50217 2531.2532
417.85986 163.02806 2273.0164
387.94168 202.24191 2766.602
367.5812 242.31413 2785.641
364.7189 334.89612 2782.955
365.90924 417.31036 2868.195
407.73853 242.51517 2730.2683
409.3827 331.66656 2758.7302
405.4562 411.51465 2841.331
391.71118 106.80166 2764.4478
388.64294 161.8129 2774.669
356.24387 162.82243 2817.6443
341.20898 204.59016 2678.827
363.15726 150.37799 2441.098
422.06143 160.77159 2731.6934
434.1975 200.24995 2541.2087
419.9175 159.84857 2267.8052
388.09604 201.85417 2765.3674
367.6963 242.03331 2782.0757
364.76913 334.25577 2786.1294
366.03604 416.83057 2870.5652
407.77283 242.30066 2730.0562
409.37302 331.9007 2756.52
405.2284 411.75702 2839.304
391.76758 107.393394 2765.0166
388.97946 162.20316 2773.2356
356.32605 163.24667 2816.4985
341.1361 205.55438 2679.4587
363.49683 157.57928 2450.5518
422.6678 161.12654 2729.9724
434.65997 198.12846 2536.46
421.31982 158.17894 2271.1428
388.5116 202.14238 2764.9836
368.59006 242.20918 2782.2
364.52454 334.26505 2786.6453
364.9959 417.68265 2872.2432
407.85464 242.43431 2731.2634
409.47974 332.13733 2757.838
405.1232 412.60693 2843.9927
391.75665 107.488815 2764.7273
389.5076 161.66228 2769.1907
356.52182 162.54103 2808.7905
340.9072 206.7371 2675.939
363.806 156.04303 2443.8054
423.45047 160.75803 2729.5908
434.8706 196.34637 2533.4387
418.95715 156.09924 2279.8096
389.0963 201.92764 2764.6243
369.55667 242.1763 2782.8157
364.61368 333.7163 2787.9944
365.46182 416.84048 2871.894
408.12872 242.47868 2737.3
409.36993 332.86493 2757.475
405.04492 412.76163 2841.7861
391.74915 107.34878 2764.3743
389.42914 161.87166 2768.2756
356.29672 162.81357 2807.3352
341.1721 206.60025 2669.233
365.93195 154.89122 2442.1392
423.50992 160.90279 2729.216
434.80264 196.09508 2530.6904
415.94406 156.8441 2278.9978
389.10562 202.10815 2762.9985
369.7433 242.39525 2779.9517
364.59732 333.98 2788.8833
365.8111 416.98404 2872.1846
408.12793 242.6037 2735.491
409.3491 332.86337 2757.6272
405.10294 412.53708 2841.224
391.86566 107.14372 2763.7224
389.19962 161.58954 2766.9336
356.0671 162.5882 2806.3687
342.00204 206.79784 2667.1807
368.28912 156.1643 2426.706
423.29022 160.56201 2727.4983
434.88022 195.90689 2527.95
410.97336 157.47667 2287.2007
388.93167 202.05263 2761.9075
369.52042 242.582 2779.4517
364.43552 334.16592 2789.9756
366.24124 417.13144 2874.6453
408.121 242.74583 2734.3113
409.2532 333.1073 2757.519
405.1708 413.29733 2842.6128
391.93915 107.13834 2763.6655
389.23877 161.14108 2763.7205
356.1178 161.99266 2801.2192
342.3821 207.30618 2667.4124
374.00342 161.09671 2426.2083
423.27087 160.26607 2726.2217
435.1846 195.51237 2526.7168
405.99866 157.62148 2301.6436
388.88516 201.95125 2759.9316
369.2574 242.73245 2777.787
364.23547 334.42868 2788.3567
366.98642 417.9987 2872.9673
408.10898 243.01704 2734.4983
409.38126 333.35175 2757.5845
405.0934 413.17126 2842.6663
391.8553 107.174484 2763.9275
389.237 161.39761 2760.09
356.34094 162.14438 2796.2136
344.54156 207.95471 2662.8562
381.00385 169.59048 2423.051
423.00555 160.63106 2723.9663
434.82074 196.7602 2529.6362
398.0748 159.13223 2324.3645
388.88257 202.19394 2759.5876
369.1697 242.82411 2780.2273
364.09583 334.11304 2786.5615
366.70724 417.307 2872.4014
408.18536 243.18893 2737.943
409.389 333.5393 2759.89
405.0795 412.9743 2844.2988
391.92755 106.96184 2764.0088
388.94504 161.04138 2759.6104
356.42804 161.8461 2793.2205
348.1807 208.62938 2646.3806
389.57776 180.82602 2439.4685
422.26385 160.21683 2726.0
433.56723 198.2904 2542.8623
392.09015 158.40747 2334.2673
388.7355 201.92073 2758.5522
369.038 242.72388 2777.527
364.0728 334.2363 2786.3926
366.62323 417.04935 2873.2087
408.2989 242.94057 2737.4614
409.4876 333.17096 2760.4224
404.92667 412.4839 2844.3193
392.07208 106.80742 2765.4502
389.16473 161.7302 2757.705
357.38986 162.55121 2791.7988
351.7884 207.70583 2635.883
394.1372 180.3641 2436.7573
421.7351 160.88863 2723.6113
434.14822 199.56201 2535.7227
390.0699 161.85808 2352.3284
388.9282 201.80762 2754.9604
368.79266 241.86548 2773.43
364.0449 332.80273 2782.2798
366.5066 415.47397 2870.0046
408.8988 242.06598 2731.002
409.5335 334.08447 2763.9226
405.07224 413.4469 2847.2437
392.17896 106.65779 2765.3035
389.01425 161.74782 2755.6138
357.18384 162.43568 2788.4856
353.83386 206.89691 2631.1384
401.6629 176.76581 2435.6572
421.61322 161.04333 2722.7422
434.339 201.17863 2556.2114
390.1728 167.40564 2355.7188
388.70544 202.34338 2755.5295
368.49738 242.77307 2775.9075
364.2052 332.38742 2782.8206
366.34964 415.05664 2869.9485
408.59363 243.11235 2734.983
409.47116 334.33286 2762.8567
405.17603 414.0354 2846.3254
392.29123 106.752945 2766.1248
388.4043 162.75267 2755.92
356.16577 163.73398 2791.3167
354.4014 206.07979 2629.9219
400.48734 177.37811 2436.715
421.48172 161.74582 2720.5232
434.35843 203.00653 2563.4678
392.372 173.26933 2360.631
388.46054 203.63802 2758.1892
368.53433 244.42218 2782.327
363.81332 331.57462 2781.5132
365.8777 413.93796 2869.0276
408.8182 244.49062 2738.59
409.68585 335.3536 2764.828
405.39008 415.1532 2848.9226
392.3433 106.8278 2766.116
388.68326 163.59459 2754.7678
356.14044 164.39966 2788.1824
354.49652 207.05592 2624.7258
403.21594 183.73386 2421.819
422.02524 162.76974 2721.3533
433.9079 203.13434 2560.9373
392.76566 172.36398 2354.7869
388.59152 203.91164 2757.1362
368.52875 244.061 2779.9517
363.76895 332.3472 2784.3457
365.2498 414.7681 2878.6035
408.76935 244.25941 2739.0576
409.6826 335.3124 2763.484
405.38992 415.3742 2847.273
392.49625 106.951935 2765.9985
388.8583 163.9681 2755.0527
356.3696 164.72191 2788.21
354.0503 207.65532 2625.9448
403.98032 184.60898 2420.0115
422.13852 163.19592 2721.8958
433.6982 203.30762 2559.5396
394.93686 174.14009 2346.9944
388.71204 203.88173 2757.1814
368.7984 243.61526 2779.4229
363.75497 333.13397 2786.886
365.58325 415.0772 2876.1655
408.6239 243.85402 2739.1973
409.6892 334.89398 2762.7922
405.36453 415.0387 2846.5713
392.61978 107.0516 2766.0862
389.21304 163.86723 2755.1892
356.9258 164.5524 2788.7476
353.73477 208.53427 2628.2783
404.4652 185.96735 2415.8284
422.29648 163.16516 2721.6309
434.20453 203.3776 2558.8762
393.28403 175.30647 2356.9304
388.97925 203.3246 2757.8416
369.3763 242.548 2780.5703
363.75482 333.88602 2787.5847
365.91885 416.03494 2874.0022
408.39932 242.8666 2740.4172
409.41776 333.73123 2762.9954
405.34637 414.05142 2846.206
392.8578 107.12193 2765.7886
390.74863 163.96944 2758.646
359.0074 163.98862 2792.87
353.29083 209.95021 2626.5422
404.3933 187.08255 2409.007
423.28735 163.94975 2724.4219
434.63934 202.48195 2560.85
394.22394 175.20035 2338.0452
389.60034 203.45203 2759.461
369.07693 242.33199 2781.0977
363.8566 333.41022 2790.9294
365.60968 416.4742 2877.9019
408.12308 243.49942 2739.454
409.1544 334.2059 2761.3242
405.34335 414.8827 2843.4397
392.92343 107.32701 2765.8704
390.18637 163.37662 2759.3286
358.01874 163.56607 2793.7036
351.66956 210.90642 2632.711
403.87756 187.03717 2409.786
423.16556 163.18239 2724.9539
434.85718 202.82887 2559.7578
394.62656 176.47404 2340.7957
389.25928 202.79411 2760.2874
368.91138 241.71284 2781.9272
364.12787 334.12518 2793.5527
365.8858 416.74905 2879.952
408.04742 242.66277 2740.5647
408.99 333.3873 2760.8008
405.50323 414.9514 2842.3342
392.79117 107.5176 2766.1763
389.95728 163.03975 2759.75
357.39914 163.09741 2790.6873
348.89926 211.54695 2649.0144
399.3578 188.9784 2414.0361
423.25366 162.98077 2728.8127
435.32996 202.99496 2560.7126
404.81165 181.72409 2316.513
389.0256 202.36858 2762.8076
368.9475 241.13177 2784.0286
364.47586 333.8677 2797.079
366.01816 417.3566 2883.379
407.49756 242.09543 2747.7021
409.09238 332.23334 2756.9133
405.31726 413.75034 2838.8608
392.74274 107.29376 2765.4229
389.96448 163.07909 2759.8171
357.26935 163.15524 2790.903
345.89767 211.0264 2665.5247
373.17856 179.67255 2426.845
423.4045 163.0012 2728.7312
435.2701 203.79143 2562.6304
406.10907 182.16817 2323.0864
389.08215 202.36122 2764.3726
369.0769 241.0473 2787.0986
364.3811 334.3339 2797.0989
366.00687 417.40143 2884.2373
407.5813 241.98705 2750.7573
409.13412 331.89514 2756.298
405.2303 413.31244 2839.2175
392.65353 107.07473 2764.8918
390.05072 159.79468 2758.5994
357.52792 160.11945 2797.0713
344.6106 209.88237 2672.3125
370.19894 177.36835 2411.718
423.49347 159.46074 2720.1274
436.04913 206.75723 2566.8354
416.01376 191.18277 2319.1257
389.1614 200.88516 2763.0894
369.07584 241.3675 2790.252
364.46075 333.28052 2799.1094
366.10034 416.23428 2885.809
407.7913 242.32501 2744.9067
409.08173 332.94 2754.7095
405.15848 414.41785 2838.6436
392.71246 106.804634 2764.007
391.6867 156.58699 2759.7573
361.50922 156.68729 2801.1658
341.89374 209.1335 2709.299
366.14966 183.81969 2417.6746
422.78357 156.48363 2718.3489
440.06024 204.47429 2607.4167
423.1623 196.12907 2318.7249
390.16992 198.09612 2762.4692
369.08887 238.79282 2791.9824
364.6788 330.67188 2799.8782
366.33884 414.67538 2886.317
408.60648 240.26915 2738.38
409.13104 334.18375 2753.9912
405.1218 415.82373 2838.404
392.61346 104.54952 2756.4753
391.0621 156.63568 2760.5613
360.36212 156.89963 2799.716
339.86887 208.55785 2726.475
361.0791 188.94437 2409.437
422.6455 156.36415 2721.4065
441.3613 206.03786 2623.7378
429.10477 204.5022 2312.396
389.8992 198.25092 2763.7373
369.1672 239.19705 2791.8313
364.62717 331.3842 2800.2695
366.3441 414.7038 2886.9812
408.6665 240.3546 2741.9954
409.21774 333.50314 2753.9316
405.27194 415.215 2838.8596
392.7558 104.45007 2754.313
390.63586 156.3538 2761.493
359.60135 156.72977 2800.0552
338.9452 209.18428 2734.6384
357.51633 194.29805 2411.1848
422.5494 155.96718 2722.9307
442.0801 207.00906 2628.2566
432.63556 208.36122 2313.8914
389.6232 198.48904 2763.978
368.8467 240.04909 2790.9656
364.4961 331.6542 2798.1658
366.42755 414.64664 2884.1394
408.73123 241.057 2741.961
409.19287 333.59607 2756.672
405.44357 415.32574 2841.3738
392.81018 103.29532 2749.225
390.59286 156.95085 2763.704
359.22232 157.37079 2801.2295
338.44424 210.01263 2740.8494
351.79593 201.87338 2419.5488
422.82706 156.51936 2726.1787
442.4216 206.7828 2628.8174
438.58066 214.66891 2320.2717
389.64563 198.87651 2763.96
368.9074 240.35037 2787.7954
364.50018 331.89706 2799.3735
366.39417 414.68298 2883.4001
408.83023 241.24606 2740.636
409.32986 333.5926 2757.3833
405.5315 415.10956 2842.0337
392.56827 102.78973 2746.8323
390.21893 156.95535 2766.3167
358.48956 157.4481 2802.3352
338.14468 215.13069 2764.1758
348.613 210.19588 2424.5146
422.7855 156.4496 2730.298
444.25397 209.63805 2648.1519
441.40143 222.64331 2339.6614
389.35498 199.52188 2763.5159
368.36105 241.79224 2783.426
364.58395 330.84424 2803.323
366.4142 413.41928 2884.0217
408.9514 242.56363 2738.0044
409.5673 335.21747 2757.5864
405.9525 416.9215 2842.978
392.47546 102.66775 2744.4417
389.98364 157.906 2767.0073
357.8791 158.54604 2803.603
337.3639 218.08656 2780.566
346.17255 217.81549 2424.3042
422.9488 157.24883 2730.4116
444.55673 209.24428 2659.3083
447.98257 232.16496 2350.3032
389.3148 199.75642 2763.4563
368.74335 241.433 2782.431
364.6184 331.6567 2803.6182
366.33154 413.59167 2883.0422
408.8726 242.0007 2737.3794
409.52878 334.87653 2759.4607
405.89362 416.41544 2844.1138
392.45566 103.712524 2748.1104
389.9921 158.46588 2766.7017
357.86386 159.15381 2805.015
335.90744 213.12204 2789.7676
342.7972 227.73592 2457.0593
423.02264 157.75862 2728.3884
444.56046 210.30237 2670.3528
451.84354 240.62108 2384.7327
389.29944 199.80165 2762.07
368.72046 241.00185 2780.961
364.5264 331.5497 2803.0764
366.30307 413.37863 2882.0957
408.83063 241.55544 2733.916
409.49136 335.217 2762.0044
405.96436 416.52228 2846.5547
392.37894 103.94626 2747.5566
389.6464 158.24368 2766.1426
357.48816 159.10435 2806.2002
335.02502 212.19574 2814.7712
339.79138 234.89328 2464.1597
422.7497 157.35773 2726.085
443.00287 209.95447 2697.1663
455.86102 247.30728 2410.518
389.09146 199.5749 2761.2014
368.70068 240.85599 2780.7542
364.4003 332.0156 2801.991
366.12878 414.10547 2881.3254
408.72412 241.25623 2731.766
409.57825 335.35522 2763.7068
406.06284 416.22443 2847.9287
392.44748 103.591064 2746.5464
389.4354 157.96815 2765.7324
357.3466 158.88329 2805.3616
335.01007 212.5988 2813.9688
336.29666 241.40567 2484.6003
422.45715 157.02643 2726.1035
442.53824 209.02368 2710.7437
460.16806 254.96466 2437.3289
388.94388 199.3496 2760.0825
368.49966 240.7413 2778.8489
364.46002 331.86755 2802.5146
366.16885 413.9317 2881.418
408.75784 241.06313 2730.016
409.5893 335.6308 2762.66
406.01422 416.42627 2847.698
392.3431 103.01607 2744.7124
389.33914 158.1142 2765.2961
357.19543 159.06854 2805.1687
335.47516 212.72227 2813.2732
334.4115 248.97432 2513.6206
422.4233 157.13193 2725.4238
441.57623 208.50763 2717.6753
463.1702 260.52017 2472.1418
388.8835 199.24684 2759.308
368.3232 240.42232 2778.025
364.45422 331.3258 2803.4648
365.98657 412.82602 2879.7007
408.89264 240.69695 2728.615
409.63232 335.70663 2761.7869
406.11798 416.55133 2848.896
392.31705 102.632744 2742.9104
389.26688 158.22412 2764.783
357.14188 159.21968 2804.99
335.93484 212.68687 2821.4885
333.64435 254.47011 2544.4316
422.34 157.19917 2724.5762
441.1849 208.33728 2721.1648
464.50293 268.35846 2508.7021
388.84808 199.20232 2758.654
368.2284 240.24863 2777.5679
364.40442 331.18698 2803.95
365.944 412.87012 2880.3594
408.99738 240.47946 2727.4822
409.7396 335.80585 2761.0657
406.1202 416.69412 2849.6187
392.3199 102.50698 2741.5596
389.16968 158.19313 2763.8691
357.0574 159.21185 2804.5737
336.48654 212.74321 2827.7078
330.8549 259.13785 2583.4985
422.2419 157.14394 2723.1643
440.74255 208.68753 2724.8108
464.82068 269.76974 2549.1926
388.76566 199.05603 2758.0125
368.16815 239.98595 2777.5127
364.33514 331.0578 2805.801
365.90665 412.66428 2882.3374
408.92725 240.20174 2726.7988
409.71057 335.7791 2760.0078
406.09985 416.40988 2849.842
392.3844 102.94347 2742.3677
389.073 158.2092 2763.04
356.95465 159.20554 2803.6018
338.46417 214.69159 2837.1929
328.96695 265.19205 2613.2844
422.14838 157.18318 2722.4785
440.50912 209.76369 2726.4902
465.7116 274.03314 2587.7698
388.68066 199.16281 2758.326
368.22012 240.13747 2778.738
364.26535 331.37726 2807.6921
365.93777 412.9858 2884.6428
408.72348 240.37804 2728.4856
409.64352 335.60947 2758.3481
405.94147 416.19427 2849.2996
392.23785 103.00446 2741.2158
389.00363 158.6035 2760.4102
356.85367 159.6087 2802.0544
339.89597 215.878 2839.759
327.91562 270.33032 2641.4402
422.13852 157.5675 2718.766
440.57385 214.17682 2732.6992
465.08652 278.11902 2621.1287
388.63928 199.5134 2757.4785
368.20517 240.37793 2780.3499
362.85153 333.7849 2816.6946
366.1867 413.35242 2898.6523
408.72272 240.64532 2728.744
409.58417 336.0739 2756.1833
405.75815 416.12704 2848.3494
392.1145 103.06656 2740.1465
388.9041 158.82513 2758.555
356.598 159.91585 2802.0564
340.71158 216.93036 2844.3726
327.48874 275.22678 2674.9858
422.24542 157.6995 2715.0537
440.33804 216.13322 2735.5452
464.40594 279.05222 2660.844
388.60315 199.70274 2756.2913
368.14114 240.53546 2780.978
363.31567 332.86383 2813.6738
366.13867 413.5561 2895.0332
408.86075 240.76186 2727.0771
409.6006 336.58966 2755.4053
405.8492 415.91156 2849.2048
392.09262 103.32198 2740.2537
389.31726 160.20865 2755.0015
356.46832 161.2276 2801.0505
340.82825 218.12112 2846.4705
326.00497 280.46503 2709.9985
423.28296 159.15504 2708.9524
440.05786 217.61475 2746.736
464.40344 280.25372 2694.2031
388.9242 200.97882 2754.5593
368.18015 241.56267 2782.4678
362.09946 335.12207 2819.439
366.47638 416.87128 2900.1802
409.30524 241.96567 2725.7666
409.49857 336.37164 2754.7268
405.7954 415.51508 2849.2258
392.1314 103.246635 2738.208
389.52213 161.09068 2752.5474
356.0208 162.03069 2798.6653
341.46817 218.50912 2847.8
325.93893 282.266 2734.286
424.16513 160.11864 2706.4297
438.85483 219.16057 2768.1047
462.04388 279.04993 2737.0186
389.1167 201.81113 2753.867
368.1395 242.246 2783.3625
362.00754 336.47525 2823.3835
366.82324 417.1358 2899.9946
409.70892 242.74425 2727.0105
409.6714 338.42136 2755.675
405.81464 415.7785 2848.8777
392.20074 103.224525 2735.3823
389.52103 161.22139 2751.2886
355.77454 162.14133 2794.8088
341.98367 218.91527 2848.6223
324.70187 285.31293 2754.4185
424.35223 160.27187 2707.7686
437.09302 219.02716 2786.235
461.5021 280.06018 2753.476
389.24033 202.69983 2754.6482
368.03403 243.84756 2784.906
362.18045 338.23453 2826.5417
366.7728 417.7676 2899.2893
410.2989 244.31142 2731.1094
410.1441 340.02304 2767.9897
406.33896 417.94165 2850.3486
392.3306 103.06665 2732.7715
389.30188 161.16212 2751.4358
355.6622 161.9512 2793.5742
342.36554 219.09106 2854.7705
325.6068 286.32547 2773.1233
423.98795 160.34853 2709.297
436.63605 220.09267 2788.286
460.72012 280.0204 2759.7507
388.8834 203.33968 2754.65
367.33163 245.11604 2784.2595
362.65982 337.56598 2826.9978
366.68185 416.4295 2900.604
410.00867 245.7276 2731.4688
409.8711 339.65845 2763.6443
406.1986 418.42868 2849.072
392.40237 103.11897 2729.6792
389.25864 161.07126 2751.1553
355.55023 161.70842 2792.399
342.6647 219.40817 2858.5552
325.8691 287.21762 2784.66
423.9931 160.41469 2709.9114
436.5647 220.5623 2789.902
458.24908 282.67264 2780.1506
388.67487 204.18253 2754.9739
366.3423 246.76477 2785.3516
363.8695 338.41656 2828.9783
366.513 414.46912 2899.052
410.26596 247.59209 2732.2336
410.34674 341.9919 2768.9788
406.33676 419.82758 2847.8354
392.4056 102.929825 2727.8118
389.08157 161.4044 2749.331
355.25162 161.9429 2789.8894
343.12668 220.96597 2865.0298
327.45648 287.2013 2801.587
423.9246 160.8498 2708.773
435.95142 220.53236 2791.9805
457.91443 284.06213 2774.2754
388.41733 204.61336 2753.8845
365.92758 247.21759 2784.5718
364.15 339.44025 2829.4263
366.44086 414.69943 2899.2917
410.00058 248.15057 2732.304
410.39484 342.80478 2772.893
406.72314 421.94144 2849.82
392.39444 102.81738 2726.9136
389.0439 161.1905 2749.2666
355.25244 161.60327 2789.2288
343.57178 221.66367 2868.46
329.3435 285.20984 2822.9026
423.8322 160.76558 2709.3047
435.2925 220.2627 2793.094
454.96555 284.7295 2775.7473
388.21506 204.88773 2753.724
365.40256 247.8985 2784.1536
364.24573 340.05368 2830.8142
366.32382 415.43372 2901.4155
409.79318 248.99927 2732.2095
410.38376 343.41327 2774.8735
406.957 423.09467 2850.9438
392.62442 102.44545 2718.816
389.1247 161.0829 2748.6948
355.3391 161.52672 2788.291
344.20782 221.86241 2870.2285
331.15234 285.68307 2841.8115
423.89792 160.62613 2709.0984
435.1966 220.54028 2792.8025
454.45248 284.38724 2784.2727
388.35623 204.86592 2753.5823
365.70523 247.97685 2784.097
364.3127 340.8081 2831.342
364.9299 418.1594 2915.8545
409.8862 249.02042 2732.8428
410.1277 343.1576 2772.3794
407.0379 423.38797 2852.0703
392.55023 102.42588 2720.8416
389.06802 160.96182 2747.5566
355.21777 161.43358 2785.815
344.3881 220.95236 2868.146
332.4855 280.6719 2843.2837
423.87427 160.47673 2709.298
434.61115 219.89473 2793.5125
451.73492 282.5211 2781.4531
388.42514 204.54027 2754.1675
366.1176 247.4474 2785.276
364.00763 340.74945 2831.7222
365.4128 417.967 2913.4834
409.841 248.38089 2736.281
409.82956 341.41138 2767.802
406.80725 421.4976 2851.171
392.55078 102.43236 2720.2275
388.93692 161.02205 2747.6987
354.96878 161.50868 2785.7559
344.42935 220.8894 2868.2102
331.5443 282.126 2846.4836
423.85925 160.52176 2709.6416
434.38574 219.6072 2792.9028
449.5868 285.28842 2752.8318
388.3274 204.29733 2754.2886
366.06155 246.92397 2785.1516
364.01837 340.38275 2830.5688
365.66678 417.02374 2908.912
409.76422 247.81593 2736.6052
409.58112 341.67026 2770.2131
406.69824 420.98447 2852.1448
392.4483 102.32673 2719.7686
388.9112 161.05894 2748.0374
354.89676 161.50652 2786.3413
344.48257 220.81372 2869.0718
333.6443 282.927 2836.0403
423.88727 160.59872 2709.7332
434.06543 219.28409 2792.1384
449.0559 285.13855 2742.6323
388.23984 203.98024 2754.1482
365.87036 246.24556 2784.6958
363.97382 340.13324 2829.798
365.7139 416.65244 2907.414
409.66025 247.18575 2735.8223
409.58282 341.71957 2770.2527
406.6662 421.13153 2853.96
