376.4503 106.265625 2764.0647
376.45218 153.13464 2809.5151
339.10284 153.77277 2825.331
325.41513 229.00334 2881.929
313.53848 289.39044 2715.4634
414.2244 152.4893 2793.699
424.51498 219.84949 2823.495
428.19205 284.03342 2724.6526
376.56763 199.01003 2840.361
355.93002 243.97192 2880.1646
350.8449 332.13687 2911.149
354.04388 408.35034 2880.311
397.5611 243.82701 2862.2498
397.24893 333.17245 2881.4426
402.8374 408.68036 2857.9773
376.2272 105.96754 2771.0955
376.5394 152.77637 2812.6777
339.22314 153.65485 2827.4734
325.50647 228.5112 2882.4773
313.23602 289.30408 2718.9158
414.2503 151.88858 2797.8818
424.4308 220.0197 2821.7383
428.23578 284.4907 2722.7913
376.9601 198.6398 2839.878
356.5892 243.85747 2875.4578
351.3618 332.21014 2905.3157
354.46362 408.7586 2873.827
398.2783 243.40724 2858.6987
398.1565 332.92517 2876.4692
403.5476 409.67206 2849.4841
375.89337 105.98232 2776.1086
376.38937 152.63695 2814.4045
339.08722 153.63446 2827.9534
326.64627 228.67004 2884.2434
312.45645 288.884 2719.1733
414.05243 151.62978 2800.8557
424.61975 220.22165 2822.864
428.2584 284.72116 2721.8606
376.97452 198.49254 2839.5835
356.74783 243.85541 2872.4355
350.99405 331.9539 2908.9631
353.863 409.40598 2875.249
398.46265 243.22704 2857.0894
397.27048 332.5755 2879.9592
403.40366 409.98648 2850.4001
376.5286 106.41276 2778.1113
377.11133 152.94687 2814.7324
339.81305 153.8952 2828.8733
327.11838 228.54088 2883.1155
312.03403 288.58118 2721.082
414.78625 151.98897 2800.5918
424.4613 220.21132 2821.9312
428.21686 284.80597 2725.5054
377.633 198.80875 2838.671
357.3273 244.17908 2870.6174
351.36325 332.27188 2908.1948
354.42325 409.2176 2877.3203
399.08142 243.62653 2854.601
398.22888 333.08655 2876.752
403.18478 408.79935 2854.0142
376.12524 106.31661 2768.6091
376.8474 153.0707 2811.457
339.53345 154.2107 2827.7778
327.56534 230.17172 2880.544
312.84436 289.60947 2710.6584
414.59714 151.91737 2795.1362
424.47147 220.10307 2821.9648
428.19565 284.7801 2727.4888
377.57318 198.92987 2839.6714
357.5089 244.22954 2877.1294
351.13162 331.96677 2917.4336
353.82043 408.50528 2885.0828
399.19473 243.54169 2858.642
397.90652 332.919 2879.7773
402.6346 407.6116 2859.7976
376.5183 106.05092 2774.853
376.94632 152.78818 2813.6655
339.63757 153.59879 2827.8972
327.58597 230.28915 2879.75
312.36328 289.50644 2710.949
414.63437 151.96935 2799.434
424.37286 220.35622 2821.979
428.25455 284.75082 2722.8706
377.2946 198.65514 2838.649
356.82675 243.91862 2871.6926
350.30353 332.1543 2904.587
352.8429 409.43744 2871.3525
398.5643 243.5238 2855.572
396.8208 333.18594 2871.778
402.0784 408.93027 2852.3186
376.58832 106.374756 2777.4885
377.0978 153.12758 2814.5781
339.80505 153.78902 2829.6487
327.68677 228.85226 2881.3723
312.74405 287.08746 2704.047
414.79205 152.45901 2799.5078
424.319 220.486 2821.994
428.22232 284.813 2726.0137
377.26096 198.99292 2838.6514
356.60712 244.18565 2871.259
350.71393 332.1435 2911.0034
353.43768 409.28302 2877.969
398.36008 243.9875 2854.19
397.35202 333.47153 2875.7854
402.5939 409.12994 2853.8303
376.4149 105.90051 2778.7979
376.61124 152.62013 2815.549
339.33023 153.224 2830.443
328.03366 228.03995 2883.182
312.66843 285.087 2702.1685
414.28876 152.00984 2800.655
424.6351 220.74712 2820.9866
428.18997 284.782 2717.6487
376.7083 198.48134 2839.2417
355.9913 243.65337 2871.369
350.32095 331.7238 2909.3223
353.10587 408.10275 2879.8079
397.73923 243.51315 2854.4995
396.63153 333.01205 2875.7664
402.49683 408.8589 2852.9177
376.1577 105.37724 2768.961
376.41962 152.4451 2812.7417
339.107 153.01413 2828.1484
327.81458 226.92853 2882.595
313.65625 283.33496 2700.4692
414.14328 151.86978 2797.3347
424.69382 220.6733 2820.4917
428.20557 284.82004 2712.951
376.45465 198.29677 2841.435
355.7297 243.27309 2878.8538
350.60663 331.23312 2915.1655
353.5718 407.44168 2889.8425
397.37488 243.18997 2861.403
397.11993 332.48843 2882.4187
402.4571 409.42325 2859.7134
376.19055 105.96507 2774.5396
376.4586 152.7984 2814.466
339.17203 153.60194 2830.0654
327.2927 224.79675 2886.8018
315.3151 279.72083 2689.9375
414.16077 151.9859 2798.8667
424.74048 220.94081 2819.7378
428.19592 284.84897 2705.4023
376.78717 198.64441 2840.6294
356.3253 243.82234 2875.6272
351.61038 332.1849 2905.4607
354.2053 409.16043 2877.4524
398.02267 243.48383 2857.958
398.11908 333.1484 2872.3086
403.17267 410.80212 2848.4565
376.26822 105.61131 2767.3313
376.57874 152.58026 2812.0774
339.2678 153.51842 2828.2983
326.73767 223.32687 2887.3975
316.444 276.88022 2681.0356
414.32263 151.63121 2795.8562
424.12778 218.32419 2822.2798
427.80612 282.316 2718.097
377.05685 198.43272 2841.1277
356.76648 243.58928 2879.3647
351.4061 331.61063 2913.5576
354.13834 408.11026 2884.5825
398.41745 243.12325 2860.9915
397.97864 332.44785 2881.5046
402.96664 409.87512 2853.9827
376.4499 105.412 2773.2292
376.78476 152.20657 2814.2705
339.51974 153.03072 2832.0244
326.9554 221.8919 2887.6965
318.46786 272.20752 2663.1633
414.52292 151.37196 2796.5168
424.21347 219.26382 2821.6477
427.95242 282.9876 2711.8425
377.11432 198.05844 2840.9795
356.66544 243.1981 2877.7434
350.72876 331.39905 2908.4292
353.83832 408.75378 2878.798
398.3563 242.91327 2857.6333
397.14032 332.51196 2873.8857
402.9228 410.4955 2848.1182
376.97446 105.80838 2778.176
377.18155 152.45926 2815.7437
340.02545 153.36916 2838.5405
326.76877 221.24355 2883.846
320.22992 265.29434 2635.653
414.94424 151.5345 2792.9465
423.84613 217.0042 2822.8406
427.98615 280.88452 2720.676
377.565 198.30902 2839.5889
357.16476 243.49554 2876.3496
351.3582 331.67856 2908.6123
354.32837 408.99957 2881.8103
398.90765 243.29384 2850.5188
397.66956 332.94647 2870.9854
403.53207 411.227 2845.1233
376.54816 105.35743 2778.649
376.95062 152.12917 2816.7637
339.82047 153.12907 2840.4866
325.28528 220.72531 2881.92
321.05347 258.14087 2613.8086
414.7115 151.11227 2793.041
423.5185 218.2842 2820.424
428.13977 282.1154 2720.7156
377.43738 197.96263 2841.1477
357.16818 243.1506 2878.964
351.07123 330.98273 2916.7153
353.45892 409.19022 2880.7195
398.859 242.88023 2852.099
397.11707 331.915 2884.8926
403.4447 410.92932 2850.196
376.236 105.87273 2779.8818
376.57608 152.56845 2817.9565
339.4747 153.60277 2842.3645
325.932 218.30098 2885.4524
321.07825 249.72588 2600.6636
414.3258 151.51605 2793.5483
423.91986 219.3229 2817.7124
428.25864 283.27045 2719.3423
377.10318 198.38393 2841.8374
356.87787 243.5778 2879.5403
350.67273 331.62512 2911.959
353.34982 409.66907 2878.6213
398.56616 243.29243 2851.8965
396.58176 331.85886 2894.3308
403.95947 415.76993 2829.1116
375.98273 106.61632 2780.502
376.4555 153.30128 2818.259
339.382 154.3471 2843.822
324.2664 217.85838 2883.2236
320.77014 239.49167 2581.221
414.20773 152.23631 2792.696
423.98163 220.05417 2817.3584
428.30804 284.02518 2713.3022
376.9947 199.10641 2842.1587
356.79166 244.27577 2880.5352
350.89096 332.40463 2910.8252
353.52356 409.62164 2880.5183
398.4686 244.01816 2851.5815
397.29517 333.06155 2884.2642
403.37183 411.79575 2841.8481
375.75974 106.27463 2789.8103
376.44836 152.69704 2821.9834
339.43384 153.83035 2848.0532
322.73715 216.89659 2877.1133
320.95834 229.12708 2566.3325
414.15314 151.5426 2795.9136
424.1137 220.21646 2817.1753
428.3373 284.4071 2713.9253
377.04932 198.4621 2841.9414
356.88214 243.7578 2876.6633
350.9529 332.08426 2905.2976
353.96744 408.57913 2877.389
398.61694 243.41815 2847.1355
397.9809 332.8146 2875.6487
403.26474 409.7474 2843.1367
376.11987 106.91294 2794.9646
376.8953 153.03212 2823.5913
339.9133 154.24901 2850.3494
321.37222 212.8467 2867.5562
320.9003 218.47762 2553.352
414.58493 151.79195 2796.8333
424.07767 220.50194 2817.0845
428.36127 284.67703 2708.0007
377.56586 198.77557 2840.9124
357.44504 244.16867 2873.3875
351.52356 332.42514 2905.7302
354.18304 409.4494 2878.3574
399.23306 243.75836 2843.0793
398.54468 333.15027 2874.6145
403.68192 410.85394 2845.235
376.28778 107.571205 2798.0415
377.15582 153.66798 2824.1433
340.22073 154.97493 2852.6038
321.09155 207.2832 2853.2751
322.6263 207.96303 2539.4204
414.84293 152.33443 2795.6826
424.35605 220.42342 2814.5403
428.33228 284.95355 2708.8499
377.89648 199.40114 2839.772
357.84012 244.85837 2871.5195
351.34314 332.8423 2909.7778
354.08765 409.33392 2879.9517
399.65402 244.40642 2839.2817
398.50034 333.81607 2872.912
403.37283 410.85608 2849.3489
375.94977 107.74528 2801.0767
376.97183 153.62283 2825.5232
340.10452 155.12993 2855.727
317.29758 203.92409 2834.1335
325.6156 199.0295 2524.4558
414.63586 152.08316 2795.3193
424.56113 220.3908 2814.2644
428.4184 284.9822 2708.3164
377.9129 199.32997 2839.8274
358.0662 244.88603 2871.2378
351.2233 332.6761 2913.1826
353.86252 408.4563 2881.1306
399.8734 244.26823 2837.0256
398.33005 333.33905 2878.7437
403.2169 410.85593 2849.319
375.84955 108.132866 2800.6025
377.22485 154.09277 2825.0132
340.3343 155.70139 2854.6484
315.47064 202.51608 2815.5713
325.7258 186.93422 2522.9927
414.89764 152.45004 2795.3777
425.26035 219.76373 2814.6326
428.3835 285.00162 2714.0588
378.31168 199.80313 2839.5737
358.6012 245.42123 2870.9175
351.43915 332.98434 2916.94
354.34106 409.40042 2880.8916
400.41953 244.66856 2837.351
398.3819 333.7387 2878.8708
403.56158 411.5766 2851.1174
375.6079 107.20407 2800.862
377.00586 153.06296 2824.9512
340.10275 154.75618 2853.9963
312.48672 200.11426 2802.7876
326.64014 176.96494 2526.9304
414.6757 151.33455 2795.9062
425.77896 219.62189 2810.3132
428.3989 284.92136 2711.499
378.19348 198.77707 2839.1758
358.5718 244.46762 2869.8494
351.06277 332.3211 2910.424
353.4681 407.70743 2879.536
400.4079 243.59819 2836.9512
397.88354 332.6334 2879.6702
403.2337 411.0686 2845.9932
375.47916 107.66409 2801.9893
376.98984 153.32431 2825.2656
340.12057 155.16022 2855.3354
311.87585 198.21072 2784.3882
327.54593 166.52185 2526.5317
414.65237 151.4489 2795.1958
425.98206 219.45949 2809.6565
428.37985 284.88235 2709.032
378.33386 199.02663 2839.1128
358.87497 244.78 2869.9897
351.18442 332.55804 2911.7444
354.1401 408.8454 2880.944
400.70444 243.78465 2835.9302
398.00693 332.92252 2877.195
403.3072 411.5025 2848.1746
375.4397 107.40743 2801.0598
377.0589 153.0553 2825.3638
340.1915 154.9972 2855.3992
310.70786 194.92467 2766.197
329.12424 156.29208 2532.97
414.7186 151.07169 2795.3281
426.9272 220.97733 2803.333
429.0474 286.92294 2704.6504
378.5418 198.75267 2839.9688
359.23053 244.53737 2871.584
351.22052 332.35007 2911.2097
354.27588 408.44046 2881.4978
401.03766 243.42084 2837.5637
398.01337 332.5961 2877.0527
402.99393 410.7158 2853.2358
375.4063 107.61912 2801.5908
377.18787 153.30522 2825.4167
340.3291 155.31361 2855.7476
308.5126 190.79788 2747.593
332.11597 148.96681 2535.1384
414.8466 151.25323 2795.0857
427.2677 216.43652 2806.3767
428.95895 281.80026 2715.5015
378.7507 198.99763 2840.0132
359.52112 244.81001 2871.787
351.2243 332.57736 2911.6792
354.03793 409.09042 2880.6506
401.32556 243.6284 2837.4321
398.14612 332.8548 2875.8647
403.13684 411.46683 2850.6667
375.48175 108.02977 2801.3577
377.08612 153.53801 2824.8206
340.20166 155.54718 2854.4006
307.4989 186.88838 2736.3018
333.42593 142.4445 2541.6636
414.75122 151.4863 2795.2402
427.3917 217.52744 2803.6843
428.5666 282.4145 2710.1155
378.66833 199.23834 2839.4902
359.44684 245.06963 2870.9124
350.9593 332.76288 2912.4495
353.4913 408.89642 2879.3464
401.26718 243.86107 2837.4075
397.89502 332.96414 2878.1875
402.59598 410.63834 2853.3777
375.76648 108.06008 2812.24
377.12662 153.23724 2827.4624
340.26758 155.1542 2856.829
306.04782 183.2663 2732.143
334.52197 136.9174 2551.8906
414.75937 151.28004 2798.0957
427.46664 218.46082 2799.347
428.37897 283.52124 2710.8079
378.51782 198.8646 2835.85
359.03946 244.778 2860.8694
350.52747 332.8198 2901.5964
353.34628 409.01935 2870.5698
401.0075 243.66112 2827.6064
397.72348 333.16998 2866.4617
402.69415 410.83206 2845.3967
375.5055 108.842445 2817.181
376.9512 153.62778 2828.2876
340.0579 155.53235 2855.61
306.3357 178.4141 2721.571
336.51212 129.90475 2558.9004
414.56433 151.68605 2800.965
427.63574 219.14722 2799.1687
428.282 284.15906 2705.9558
378.35858 199.22577 2833.885
358.84494 245.2296 2854.9573
350.7244 332.85156 2907.1863
353.58188 409.85797 2873.8926
400.90503 244.05196 2824.0078
397.74533 333.12933 2872.8884
402.60355 411.10895 2852.0059
375.77246 108.68975 2820.1511
377.12643 153.34892 2828.6082
340.24966 155.28748 2856.552
306.25415 174.7567 2714.2817
339.06793 126.259094 2561.792
414.73907 151.37169 2800.6643
427.5752 219.19257 2800.0823
428.46075 284.32898 2705.529
378.53708 198.93216 2832.5776
359.01334 244.98218 2852.3726
351.07214 332.27048 2912.3472
353.96918 409.12943 2875.3225
401.10907 243.78677 2820.722
397.99872 332.4682 2878.5115
403.4638 411.93936 2846.5168
376.12396 108.54365 2821.14
377.31464 153.17188 2828.5664
340.44122 154.95398 2856.9512
306.22592 172.24036 2713.1387
340.92783 123.500015 2575.0044
414.9356 151.35364 2800.1814
427.57645 219.08562 2797.0437
428.48828 284.43567 2707.432
378.5066 198.7597 2831.958
358.75903 244.73628 2851.425
350.65372 331.9749 2912.8474
353.54602 408.69656 2878.0076
400.87112 243.73495 2819.2744
397.71915 332.2591 2880.7314
402.8409 410.54297 2850.958
376.35306 109.1191 2811.1309
377.36432 154.20047 2824.654
340.4083 155.8035 2851.8372
305.3737 169.4517 2715.077
341.66568 120.91639 2586.137
415.03854 152.56628 2797.4707
427.56207 219.16031 2798.5151
428.47623 284.39893 2708.5007
378.43018 199.88564 2832.9333
358.5834 245.7199 2856.608
350.72296 332.84076 2917.4844
353.62988 409.49554 2884.659
400.62408 244.88464 2825.8176
397.34882 333.16586 2887.6902
402.73608 410.71838 2860.247
376.43607 108.79344 2816.6282
377.3616 153.57182 2826.4065
340.37616 155.1039 2851.0781
305.178 167.79948 2718.035
342.80298 119.95947 2593.2466
414.99844 152.01274 2801.7346
426.84933 219.21028 2801.753
428.6275 284.4649 2709.94
378.38153 199.21576 2832.0957
358.44446 245.09781 2851.7585
350.92825 332.66757 2908.0125
353.3661 409.02628 2873.3923
400.55762 244.25139 2823.8113
397.60815 333.0555 2877.876
402.80664 410.14856 2851.3408
376.456 108.062546 2808.3767
377.40158 153.16814 2823.5603
340.36533 154.63985 2847.7158
304.63782 166.05602 2717.0217
344.8981 119.18395 2603.4912
415.077 151.67102 2799.4045
426.57608 218.99646 2798.3762
428.64185 284.48605 2705.863
378.38095 198.88518 2833.0789
358.43332 244.69055 2856.277
351.73077 331.3707 2925.7957
352.26224 411.11758 2873.145
400.47656 243.89772 2828.918
398.37158 332.5499 2883.27
402.23444 408.5672 2861.2834
376.88916 108.24261 2816.256
377.59042 153.0918 2825.2998
340.59433 154.47835 2850.5195
304.47165 164.54646 2716.5076
346.8421 118.040726 2609.8796
415.25293 151.6803 2800.08
426.9332 219.10028 2797.196
428.5939 284.51324 2707.5762
378.40353 198.75131 2830.6343
358.25128 244.56763 2850.2515
351.59778 331.73404 2915.1497
351.95197 410.67715 2866.786
400.38806 243.90715 2821.686
398.19635 333.1266 2869.738
402.3491 410.00592 2847.3545
377.17014 108.72281 2808.6936
377.76508 154.0334 2822.3997
340.75174 155.29243 2848.7415
304.63425 164.25308 2721.2617
348.0895 117.438805 2618.3079
415.47583 152.75063 2796.0579
427.1358 219.14442 2796.096
428.44983 284.6065 2709.8142
378.42438 199.76797 2831.1038
358.15454 245.45721 2854.7263
351.3068 332.3946 2920.8882
352.41733 410.99945 2877.8752
400.22577 244.98471 2824.8894
397.81754 333.60614 2881.3552
402.0423 409.1504 2859.9976
377.66193 109.11744 2804.411
378.11765 154.44958 2820.4006
341.04095 155.611 2845.1401
304.17108 163.94206 2721.635
349.03342 116.87601 2620.3438
415.85056 153.26762 2795.6611
426.86716 219.1808 2797.0469
428.2924 284.72455 2709.4036
378.7136 200.23001 2830.911
358.37665 245.87953 2855.4324
351.45038 333.2442 2913.613
353.24963 409.35077 2878.9062
400.44098 245.46193 2827.4102
398.16583 334.2399 2879.7646
402.46997 408.39398 2857.912
378.05994 109.685135 2813.7734
378.2042 154.91652 2822.5774
341.15173 155.90105 2847.2705
304.34668 163.17409 2718.8076
351.0229 116.03659 2626.539
415.91068 153.91463 2797.8845
427.24902 219.30055 2797.5298
428.25916 284.7357 2712.3357
378.558 200.63464 2829.0186
357.93896 246.25447 2849.444
350.52408 333.9151 2904.9768
353.2432 409.05127 2875.112
400.08942 246.03455 2821.4753
397.44147 335.12854 2871.2842
402.27765 409.83975 2847.7578
378.47247 110.79734 2819.4575
378.29764 155.80283 2823.2246
341.23505 156.47672 2847.0217
304.45627 162.89012 2720.886
352.29822 115.469215 2628.8904
415.99036 155.1175 2799.4275
426.8127 219.38103 2800.77
428.19635 284.7784 2710.7073
378.2782 201.47603 2826.1064
357.2349 247.00577 2842.4658
350.21304 334.45807 2905.3247
353.12637 408.95044 2874.0686
399.48398 247.10707 2815.5107
397.4163 336.06955 2870.5898
402.04843 410.94998 2848.8882
378.30545 111.626335 2820.295
378.19864 156.44469 2822.707
341.1519 157.23296 2847.6196
304.31186 162.60585 2724.4402
353.06247 114.90404 2633.1152
415.90512 155.64238 2797.7944
426.68024 219.38667 2797.382
428.252 284.8834 2706.5146
378.2825 202.1178 2824.353
357.32907 247.73181 2840.108
350.9846 334.61832 2913.3508
354.02234 409.04733 2876.1658
399.61456 247.7437 2811.8901
398.06387 336.21942 2876.395
402.78363 410.2848 2851.818
378.3985 111.86442 2821.205
378.20316 156.70027 2822.6125
341.17413 157.43384 2848.4526
303.19614 161.67734 2728.2173
353.67407 114.840614 2637.364
415.9164 155.95314 2796.7725
426.63297 219.17912 2795.1943
428.1991 284.9003 2707.407
378.18622 202.37387 2823.8586
357.1343 247.95335 2839.7388
350.45297 334.94064 2911.4421
353.9691 407.81076 2878.895
399.4233 248.06154 2810.4707
398.11435 336.48517 2876.592
402.71533 409.88715 2852.8027
378.28845 111.779655 2822.6284
378.2361 156.60522 2822.1985
341.20078 157.41196 2848.0403
302.74585 160.58096 2730.1057
354.06897 114.58151 2643.1062
415.95596 155.78358 2796.357
426.61026 219.17856 2794.093
428.2455 284.97342 2705.0952
378.30228 202.27675 2822.6143
357.31683 247.92233 2837.6648
351.03427 334.6781 2914.3328
353.95358 407.84378 2877.556
399.6394 247.94742 2808.395
398.72128 336.35992 2875.7861
403.1425 409.6206 2851.5369
379.2579 109.957794 2823.3767
378.80444 154.67735 2823.1401
341.73367 155.26791 2846.7021
302.5978 159.58557 2726.5461
354.62778 114.32223 2637.6697
416.49924 154.07684 2799.578
426.5039 219.0928 2796.0386
428.1948 284.9448 2706.6921
378.65985 200.32791 2823.0925
357.44397 245.88614 2836.3901
350.9214 332.553 2915.6677
354.0122 406.24573 2878.044
399.78674 246.07478 2809.6997
398.46146 334.1734 2882.0457
403.64667 409.59894 2849.1145
379.7206 109.87207 2824.2463
379.10382 154.45132 2823.9417
342.00937 154.85124 2845.643
302.14343 158.64687 2731.269
355.03552 114.17739 2638.3865
416.77283 154.0452 2802.24
426.38562 218.93974 2796.0134
428.1835 284.94052 2707.6301
378.78778 200.08295 2823.5068
357.38995 245.56029 2835.3625
350.8284 332.40076 2912.6406
353.68198 408.00076 2878.6401
399.73776 245.89844 2810.7815
398.31552 333.72986 2886.7742
403.68698 412.83487 2844.4922
380.05225 109.24395 2823.1895
379.0659 153.83267 2823.4453
341.99078 154.06435 2846.5205
301.78793 158.1794 2730.1387
354.46747 113.7515 2632.8545
416.752 153.59717 2800.37
426.87894 220.60701 2795.013
428.95032 287.01917 2700.0884
378.48352 199.47552 2823.4229
356.83517 244.8302 2836.4688
350.4659 331.77075 2912.2087
353.16446 408.25696 2876.945
399.1631 245.4107 2810.332
397.49982 333.5178 2882.5796
403.25458 412.11792 2841.7603
379.9715 109.29116 2823.1472
378.95624 153.86185 2822.4397
341.86407 153.9625 2845.2388
301.504 157.83998 2729.5671
353.82483 112.64984 2635.8154
416.65253 153.75955 2799.6404
427.07266 222.03331 2790.5034
429.46457 288.70752 2692.4722
378.21854 199.51172 2821.9263
356.40054 244.81944 2834.3245
350.6106 332.08466 2906.4946
353.1248 408.73398 2875.2695
398.75443 245.54027 2808.5015
397.55627 333.79843 2879.2358
402.6527 410.4171 2846.7698
380.17624 108.36214 2822.6501
379.07468 153.03294 2823.3125
341.98047 152.98657 2845.2825
301.06287 157.63998 2731.7864
352.22507 110.774925 2638.0725
416.75073 153.08005 2801.3425
426.68674 217.97832 2791.9812
429.2009 284.25073 2710.3928
378.18033 198.6736 2823.301
356.21536 243.88776 2835.732
350.6749 330.8559 2912.4136
353.68106 407.22916 2881.1165
398.54315 244.74527 2810.8472
397.81415 333.07654 2879.5625
402.87668 408.50732 2853.6487
380.67703 108.92237 2811.8892
379.28064 153.90138 2819.2307
342.1461 153.67409 2841.8066
301.05246 157.31578 2732.405
351.26962 109.24295 2638.133
417.01474 154.13235 2796.6548
426.39426 217.7597 2793.482
428.6701 283.90994 2713.0356
378.16928 199.65475 2824.198
356.04214 244.7078 2841.951
350.6151 331.5378 2917.7131
353.83676 408.7222 2888.0754
398.27237 245.79205 2816.3796
397.76453 334.30478 2878.949
402.84595 410.29388 2857.6821
380.88907 108.72162 2817.5103
379.52084 153.58994 2821.2898
342.38608 153.3696 2842.388
301.11838 154.67993 2727.703
352.48276 108.36239 2643.6418
417.21518 153.8136 2800.1917
425.4143 218.60039 2797.2368
428.47696 284.23093 2710.8308
378.4553 199.28223 2823.5127
356.33435 244.39314 2837.6846
351.49014 331.8719 2905.5657
354.18518 408.56995 2876.166
398.62735 245.41647 2813.7866
398.63596 334.5129 2867.694
403.14395 409.1463 2851.4744
380.87555 107.44958 2819.324
379.80716 152.14516 2823.3267
342.67123 151.9992 2842.8057
300.4462 153.93748 2730.356
352.19012 108.818726 2640.7412
417.45908 152.29312 2803.8477
425.345 220.74939 2796.118
429.02222 286.62747 2700.1306
378.87955 197.80518 2824.9807
356.8902 242.97414 2837.6667
351.41565 330.13022 2910.8098
354.68353 407.0664 2880.7021
399.18088 243.85281 2815.6028
398.91272 332.59494 2875.2576
403.48322 408.04822 2856.3503
381.4183 108.982376 2821.7244
380.09552 153.6874 2822.9922
342.96103 153.34262 2842.7595
299.69867 154.66745 2733.1753
351.6768 109.948166 2642.8494
417.75375 154.03702 2803.2246
426.3691 222.00793 2792.0608
429.51163 288.4217 2691.361
378.92245 199.33974 2824.038
356.6811 244.40233 2836.2788
350.8964 331.6604 2907.7517
353.9485 409.9621 2879.4714
398.987 245.51865 2813.8892
397.8494 334.39597 2871.8064
402.48224 411.61148 2854.5498
380.94098 109.87683 2822.363
379.88217 154.51028 2822.7136
342.74612 154.284 2842.7717
300.35083 153.11395 2730.5835
353.2685 109.02465 2639.4316
417.54974 154.7398 2802.6555
426.98676 221.50443 2790.028
428.9558 287.37143 2692.991
378.8517 200.16415 2823.224
356.74173 245.30724 2835.0942
351.49646 332.64722 2905.987
353.93823 409.89917 2878.7434
399.0719 246.29979 2812.375
398.035 335.17114 2871.0273
403.1279 411.52795 2852.1191
381.15894 109.82636 2822.7278
380.08713 154.62155 2822.8442
342.94513 154.36613 2842.4678
299.8587 153.18686 2732.7925
353.86014 110.87574 2642.8777
417.74918 154.88057 2803.2207
427.42474 220.95541 2791.006
428.59848 286.3189 2698.4731
379.03735 200.26917 2823.0269
356.90073 245.40784 2834.3228
351.36182 332.64243 2907.001
353.97794 408.32703 2880.1953
399.24136 246.41786 2812.096
398.34985 335.10083 2873.9602
403.09045 409.3806 2855.5413
381.6654 110.45742 2824.9243
380.3098 155.08879 2822.4329
343.17984 154.66405 2842.9895
300.19672 152.06577 2727.3943
354.68048 109.86202 2638.0586
417.9846 155.51976 2801.8765
427.62317 220.58202 2792.009
428.39792 285.67133 2699.3633
379.0156 200.71887 2821.4697
356.6221 245.76338 2832.1487
350.64636 332.9518 2906.0557
353.81192 408.55005 2879.815
398.99387 247.00198 2808.8643
397.3314 334.73315 2886.054
404.19708 415.42163 2831.1797
381.77866 110.09942 2825.006
380.40866 154.80255 2822.5781
343.27298 154.32756 2842.6218
300.47974 150.69202 2725.7024
355.28326 108.87805 2640.4082
418.0755 155.28436 2802.5347
427.6007 220.50117 2792.998
428.33972 285.30945 2698.1987
379.06958 200.4293 2821.5825
356.6298 245.45235 2831.9382
350.984 332.44653 2909.2969
353.85242 408.04715 2880.28
398.99982 246.72934 2809.2356
397.9666 334.67966 2883.4104
403.64124 410.973 2842.5767
381.68475 110.60486 2825.0571
380.422 155.24022 2822.12
343.2736 154.85039 2841.901
300.5317 150.06906 2726.854
355.05435 107.975174 2637.8555
418.09482 155.63553 2802.339
427.1021 220.06425 2795.4966
428.27737 285.10675 2701.479
379.20282 200.87788 2821.0986
356.87503 245.96574 2831.2798
351.1212 332.50073 2915.329
354.15265 408.75638 2880.0908
399.2589 247.13615 2808.8748
398.6127 335.2745 2880.3616
403.46277 411.45694 2846.7395
381.87964 110.54489 2824.5837
380.4213 155.27371 2822.0422
343.26215 154.84035 2841.057
300.32364 149.76515 2724.4292
354.12976 106.67783 2641.9038
418.0846 155.71297 2803.0276
427.4559 221.1495 2791.7437
428.96503 287.0521 2703.544
379.1782 200.90936 2820.831
356.81937 245.99046 2830.3887
350.8198 332.60666 2913.5205
353.89398 408.35422 2879.4846
399.2105 247.18256 2808.851
398.0301 335.36584 2879.861
403.19058 412.28088 2844.525
382.05594 110.895584 2824.3464
380.39072 155.55238 2821.3381
343.233 154.97208 2840.779
300.85675 148.99538 2723.714
354.6623 105.748695 2642.2502
418.0641 156.14073 2801.897
427.65186 220.86415 2789.374
428.6366 286.35782 2699.1118
378.95013 201.18994 2819.9077
356.39133 246.18849 2829.4875
350.44455 332.81592 2912.8503
353.53613 408.09985 2880.2903
398.7905 247.5645 2807.467
397.8116 335.6529 2880.448
403.00134 413.40244 2843.3894
381.921 111.364716 2825.2266
380.23032 155.79277 2821.8936
343.0779 155.14386 2840.9902
301.0073 148.13713 2721.8599
355.0714 105.173256 2644.4958
417.889 156.45055 2802.797
427.60815 220.52156 2789.1848
428.29214 285.73914 2698.5103
378.7202 201.42032 2820.5195
356.0974 246.37447 2829.9604
350.6303 332.9152 2914.6626
353.58548 408.05685 2881.0671
398.48248 247.8157 2808.3303
397.99323 335.73865 2883.1995
402.90714 411.89996 2848.7502
381.75723 111.82567 2824.1572
380.24844 156.1928 2821.1494
343.08868 155.64102 2840.6458
300.9669 148.07913 2719.427
355.63724 106.20661 2640.5657
417.92535 156.75223 2801.6533
427.7162 221.80931 2791.09
428.95044 287.48044 2695.742
378.8458 201.82417 2819.0327
356.31253 246.85367 2827.9573
351.14502 333.48062 2912.3118
354.03012 408.5484 2879.2954
398.73584 248.1999 2805.8745
398.78662 336.27988 2879.2288
403.29166 411.4507 2849.4863
381.87302 111.60448 2824.6323
380.50433 156.05484 2820.7534
343.3396 155.72961 2840.772
301.18323 147.63924 2721.7097
355.39288 105.35374 2642.4282
418.20038 156.3847 2800.7346
427.3966 221.10541 2791.0437
428.5794 286.7294 2700.5198
379.3611 201.69612 2818.4248
357.07767 246.86151 2827.4338
351.75043 333.528 2911.3594
354.4494 407.96326 2880.6282
399.52524 247.96873 2804.7588
399.11325 335.7578 2883.0466
404.3394 412.01703 2845.8584
382.03827 110.83321 2825.3816
380.75754 155.31018 2821.4087
343.5558 154.94757 2836.7756
300.74698 146.9283 2720.864
355.11664 105.53697 2638.575
418.3668 155.67676 2806.042
427.6282 222.09808 2791.5303
429.1424 288.03046 2698.5596
379.748 200.94962 2819.4404
357.58862 246.16527 2826.1777
351.58197 332.76465 2911.364
354.03726 407.39365 2879.8215
400.01648 247.14342 2808.7664
398.85266 334.8707 2886.6892
404.0062 409.55475 2854.9973
382.176 110.47916 2823.7505
380.7644 155.02281 2821.448
343.5428 154.58093 2834.5793
300.5005 146.01144 2716.4336
355.23593 105.745155 2643.4136
418.33408 155.46884 2808.317
427.71884 221.446 2789.7637
428.72742 287.00293 2697.4487
379.74164 200.66768 2819.8691
357.57898 245.87231 2825.7263
350.93774 332.47873 2910.569
353.7302 407.5269 2881.5813
399.9683 246.85768 2810.854
398.62454 334.81815 2884.497
403.3278 410.02817 2853.0706
382.31848 110.941574 2823.9321
381.09583 155.5054 2820.704
343.8481 155.08223 2831.5713
300.47348 144.97005 2712.7212
353.9399 103.9032 2650.6777
418.63165 155.93184 2809.8367
427.76535 221.11879 2788.8835
430.0372 286.48904 2699.5298
380.19287 201.15634 2818.5708
358.1314 246.43681 2822.592
351.28635 333.2157 2905.9053
354.30814 408.99777 2877.881
400.53836 247.318 2810.2832
398.87228 335.45056 2881.4624
404.01242 411.55783 2848.4219
382.5731 110.725006 2824.522
381.27414 155.4603 2821.4138
344.03015 154.99191 2831.71
300.67853 144.05852 2711.8645
354.47778 104.23687 2642.8218
418.79095 155.93213 2811.118
427.79443 220.66292 2790.937
429.1097 285.79166 2703.6172
380.33844 201.09877 2819.2507
358.24875 246.35258 2822.918
351.02216 332.6089 2913.0444
353.78876 408.3769 2881.3313
400.64163 247.26395 2811.257
398.51544 335.65564 2877.9155
403.0404 408.96475 2853.966
382.6048 111.07773 2833.8208
381.20096 155.39787 2824.4988
344.00818 154.97052 2836.9692
300.9682 143.38538 2708.433
355.42346 104.394 2642.7646
418.7236 155.82903 2812.0286
427.69473 220.21501 2789.472
428.6467 285.30124 2709.4492
380.2557 200.91777 2818.826
358.12207 246.14935 2820.2156
350.7916 332.5281 2909.8284
353.6046 408.66513 2877.8027
400.5978 247.09557 2806.0903
398.58694 335.75342 2871.1848
402.7895 409.50378 2848.3276
382.59943 111.70735 2827.9683
381.14484 156.03421 2822.4568
343.93878 155.56912 2836.724
301.0214 142.98412 2707.7217
354.39804 102.60022 2648.9995
418.72894 156.50401 2808.1897
427.7688 220.33006 2793.736
428.404 285.0166 2707.698
380.0618 201.6364 2819.6921
357.82437 246.80249 2825.0073
350.63452 332.86707 2916.8728
353.55045 408.8506 2887.5422
400.2506 247.85672 2808.8474
398.3176 336.04968 2879.5227
402.5375 410.62466 2856.5027
382.75897 110.97129 2835.553
381.04974 154.90742 2825.737
343.92776 154.40683 2843.4185
300.93152 142.7747 2707.3665
353.5455 101.63762 2649.7131
418.63922 155.41434 2808.0557
427.82715 220.16481 2792.3862
428.30328 284.89923 2711.4805
379.7811 200.37956 2819.379
357.3376 245.44829 2823.0356
350.4708 331.6938 2914.107
353.3179 407.43973 2880.402
399.82718 246.67055 2803.0059
398.3344 335.14658 2872.575
402.40063 409.75684 2847.5276
382.86267 111.20648 2829.8374
380.8958 155.3995 2823.748
343.76892 154.7546 2842.8562
301.11227 142.80257 2707.6926
353.10095 101.18757 2655.0835
418.52863 156.0532 2804.64
427.86624 220.17758 2791.6924
428.1946 284.80655 2710.24
379.38702 200.95251 2820.2495
356.74756 245.90239 2827.5718
350.3736 331.9989 2919.0635
353.22513 408.78732 2885.709
399.16437 247.34047 2805.9302
397.752 335.11694 2884.156
402.05005 409.88214 2855.5996
382.72263 112.25821 2837.4763
380.63562 156.02951 2825.655
343.545 155.21495 2845.1992
301.20596 142.63643 2708.8394
352.81317 100.93876 2653.3809
418.2429 156.85541 2806.1106
427.8953 220.78482 2788.3542
428.50214 285.19934 2703.194
378.89978 201.46881 2818.425
355.99344 246.31947 2822.2632
350.318 333.2911 2903.5645
352.937 408.82422 2876.2747
398.48386 247.97067 2800.1272
397.76868 336.33652 2871.8945
401.95877 410.00803 2847.0288
382.6559 111.87519 2840.293
380.56976 155.51436 2827.0532
343.494 154.70607 2846.4639
301.15118 142.57231 2709.9163
352.39078 100.96165 2650.6729
418.1582 156.33382 2807.6423
427.8531 220.78848 2788.1729
428.31665 285.14847 2705.5203
378.84293 200.91426 2818.8398
355.9381 245.76295 2821.6191
350.8863 332.17346 2911.7715
353.7885 407.95087 2879.642
398.44012 247.40245 2799.634
398.526 335.25546 2879.009
402.77335 409.02863 2851.4268
382.3712 111.24996 2831.1987
380.4397 155.47879 2823.9473
343.33765 154.78975 2844.526
301.62973 142.0788 2706.454
353.25443 101.334305 2649.641
418.08643 156.17798 2803.369
427.718 220.60326 2791.0886
428.20755 285.0017 2707.0579
378.8103 200.9927 2818.6592
356.03088 245.90854 2825.0254
350.85327 332.12854 2916.5115
354.18567 407.73782 2885.553
398.49466 247.45328 2801.7166
398.70007 335.31195 2880.246
402.86148 409.94144 2853.546
382.5197 111.23991 2826.658
380.55377 155.64825 2822.7205
343.42117 154.87494 2842.213
301.54703 141.7226 2704.73
352.71246 101.15369 2647.7285
418.2028 156.43233 2803.2283
427.31866 220.31052 2793.0437
428.15625 284.91342 2707.853
378.87076 201.21898 2819.4243
356.05545 246.0998 2827.1672
350.77203 332.6698 2912.6897
354.14017 407.7182 2885.215
398.4785 247.69923 2805.0889
398.46143 335.55603 2882.2417
402.80133 409.30573 2854.107
382.656 110.58524 2824.8923
380.6967 155.33533 2822.3394
343.54578 154.57735 2841.02
302.265 142.36258 2705.8667
352.3141 101.09926 2649.948
418.34268 156.10341 2803.6587
426.9597 219.96841 2795.523
428.13956 284.86426 2708.2427
379.06424 200.929 2819.7817
356.30283 245.83272 2827.8037
350.93375 332.3806 2913.553
354.48422 407.34232 2883.173
398.71405 247.38403 2806.6445
398.56815 335.33786 2881.8906
403.27658 409.6213 2851.4214
382.5099 109.91717 2834.499
380.51865 154.16666 2826.8691
343.43253 153.43602 2845.9573
301.8585 142.04146 2703.4333
352.01617 101.5142 2657.253
418.10898 154.90724 2807.781
425.8346 220.21315 2797.261
428.093 284.87653 2704.887
378.89325 199.61891 2820.9478
356.12085 244.49716 2825.8367
350.41763 331.15836 2911.166
354.2296 406.36395 2879.8
398.56418 246.0335 2804.216
397.99017 334.46106 2873.9795
402.9566 407.77875 2849.0027
382.2993 110.7066 2839.309
380.2682 154.57896 2828.0776
343.22485 153.83476 2848.7407
301.4678 142.34358 2706.2173
352.5251 103.53729 2654.2144
417.8568 155.33412 2807.4146
425.28854 220.16629 2803.1348
428.1401 284.81384 2703.5093
378.5519 199.95523 2819.6516
355.66803 244.80083 2822.9282
350.25327 331.30908 2911.74
353.65417 407.81747 2877.9753
398.15958 246.41292 2799.523
397.96594 334.3962 2877.644
402.5639 410.35974 2846.5225
382.16818 110.956085 2831.206
380.2247 155.2519 2824.3467
343.14166 154.5096 2845.5908
301.79767 142.4433 2706.1096
353.27383 104.686005 2655.8376
417.86987 156.00546 2803.1025
424.74936 220.33852 2805.068
428.17953 284.86923 2705.7979
378.49686 200.75365 2818.9946
355.6279 245.61693 2825.6738
351.15738 332.08005 2914.1816
353.90274 408.3652 2883.6843
398.0785 247.24702 2801.6113
398.5009 335.18066 2879.1199
402.7001 410.79007 2853.1943
381.85016 110.40162 2828.1667
380.2487 154.9556 2823.7476
343.13617 154.36232 2843.9443
302.27396 142.13626 2705.0586
354.54025 106.05385 2653.8003
417.89594 155.5574 2803.5508
424.45996 220.42958 2806.5396
428.19638 284.86887 2707.0288
378.75195 200.49602 2819.3394
356.11334 245.4718 2826.3696
351.5039 332.0962 2912.3203
354.44107 408.35187 2881.1646
398.5602 246.89212 2803.4927
398.87552 335.06842 2876.8018
403.46573 409.9208 2852.934
381.89984 110.86954 2827.1328
380.28006 155.27118 2822.0315
343.15182 154.61707 2842.587
302.50885 141.32619 2704.027
354.41394 104.999146 2655.3071
417.95316 155.93489 2801.4763
424.33408 220.47083 2806.77
428.20596 284.86273 2707.6506
378.69272 200.8245 2816.878
355.94266 245.7955 2823.3655
350.74365 332.58548 2907.7146
353.78345 408.2102 2879.2256
398.43237 247.30032 2800.0833
398.03088 335.53207 2874.2485
402.9122 410.97662 2846.6125
381.63388 110.765976 2825.573
380.26096 155.44962 2821.6492
343.11813 154.95436 2841.9175
303.2718 141.80891 2704.5127
354.4206 105.377846 2643.9592
417.94122 155.95203 2801.3806
424.29953 220.60823 2808.8904
428.20947 284.85736 2707.977
378.88855 201.04623 2818.106
356.3702 246.1047 2826.0417
351.39722 332.59708 2913.5273
354.16937 408.07065 2885.7908
398.8283 247.41592 2803.084
398.45953 335.17584 2882.696
403.66537 410.38132 2851.5137
381.6713 110.32698 2823.4094
380.4958 155.09755 2820.919
343.29166 154.82959 2836.6553
303.55997 142.99046 2707.2817
353.7333 105.25007 2643.0083
418.11734 155.3685 2805.1826
424.2226 220.754 2805.9785
428.15738 284.90244 2704.6353
379.58978 200.73085 2818.1963
357.51868 246.0116 2824.389
352.02045 332.66135 2910.0508
354.9754 407.9463 2881.401
399.9798 246.89606 2806.5583
399.7674 334.81427 2882.5142
404.24353 410.0853 2854.2302
381.57568 109.99399 2823.2693
380.3859 154.77498 2821.6868
343.1704 154.53497 2835.551
303.8085 143.24435 2708.1445
354.08752 106.49146 2635.167
417.96893 155.01736 2807.8223
425.53137 220.29085 2801.4922
428.1345 284.96948 2702.775
379.5848 200.41133 2819.6758
357.6383 245.72263 2825.5159
350.9216 332.1954 2912.2585
354.11612 407.7117 2884.1252
400.04504 246.50517 2809.814
398.57272 334.16895 2888.4011
403.38226 411.7826 2845.6033
381.49414 110.43455 2824.19
380.47632 155.14096 2822.0947
343.25143 154.98514 2834.562
303.11993 144.96358 2714.5767
353.7568 108.041046 2638.9539
418.03156 155.29817 2809.6274
426.69418 220.1439 2796.75
428.1566 285.01996 2705.4568
379.83087 200.78793 2820.9604
358.0507 246.15504 2826.8862
351.27533 332.48526 2914.921
354.2828 408.73145 2884.864
400.42514 246.7898 2812.766
398.8523 334.8189 2884.373
403.2566 410.86407 2852.1252
381.49124 110.08942 2823.1553
380.31232 154.87498 2821.8613
343.08823 154.71513 2835.1611
302.25775 146.40236 2719.2886
352.9616 108.89365 2642.9229
417.88895 155.03636 2808.5615
427.23953 219.97336 2795.3767
428.38416 284.80927 2711.8447
379.62445 200.53465 2821.312
357.80872 245.87813 2828.2944
350.67126 332.25186 2914.9023
353.59875 408.21426 2883.151
400.17706 246.54787 2813.231
397.68265 334.53058 2885.4893
403.67328 413.01035 2841.5474
380.82 110.51064 2821.6296
380.1036 155.37263 2821.102
342.8776 155.603 2835.702
302.0526 147.71613 2723.634
352.35422 109.04775 2640.9343
417.7169 155.1399 2806.502
427.4745 220.20425 2795.683
429.31558 284.27692 2703.2268
379.85056 201.05229 2820.8755
358.46524 246.603 2828.9177
351.43634 333.08475 2913.546
354.63916 408.54514 2882.9932
400.85397 246.87637 2812.3804
399.0403 334.9873 2883.0244
404.32065 411.50287 2845.6904
380.14575 110.80636 2821.374
379.4903 155.57344 2821.0654
342.3135 155.78389 2839.414
302.11984 147.62445 2719.3247
353.06155 108.514786 2644.8103
417.15384 155.36021 2802.7168
427.66248 220.39044 2791.349
429.03464 284.53885 2706.6562
379.0741 201.26129 2821.4023
357.54877 246.72246 2832.1326
350.05115 333.17245 2915.2625
352.91245 408.83087 2882.9065
399.92328 247.1556 2811.346
397.5147 335.62378 2876.6833
402.19598 410.3853 2851.7446
379.8282 110.07259 2823.2563
379.20816 154.81104 2823.5745
342.0618 155.12106 2842.0427
301.78564 148.7101 2725.6594
352.73254 108.83972 2647.6604
416.84366 154.49692 2805.1062
427.7242 220.81865 2792.6707
430.22498 285.0072 2703.6807
378.90582 200.44653 2822.9915
357.50284 245.94002 2832.8662
350.86395 332.71188 2912.0334
353.83823 408.0519 2881.5735
399.86087 246.26297 2811.9507
398.27542 334.5733 2879.8667
403.40485 409.54404 2852.4849
380.12262 109.89816 2824.6877
379.32724 154.64984 2824.12
342.19113 154.71042 2842.8215
301.73395 149.72346 2730.3293
351.91663 108.26874 2645.236
416.9584 154.58847 2805.4187
427.36807 220.73651 2795.3372
430.97968 285.28796 2700.0325
378.70505 200.27132 2823.4434
356.98627 245.60794 2833.3574
350.46567 332.4013 2912.2861
353.2327 407.85 2880.912
399.3378 246.2237 2812.1758
398.0188 334.43533 2881.61
402.52957 409.92703 2854.6704
379.92236 109.38065 2824.915
379.23386 154.15364 2825.1497
342.13287 154.36919 2845.4578
302.45923 152.18924 2734.6606
351.92984 109.36868 2636.9397
416.87207 153.935 2804.8418
427.23654 220.70605 2798.1675
431.54102 285.54266 2699.1316
378.73892 199.76361 2824.668
357.16376 245.14157 2835.6875
351.23428 331.82037 2916.0127
353.7362 407.55624 2883.0393
399.49628 245.6387 2812.685
398.48624 333.8838 2881.5842
403.24103 409.52518 2854.7314
379.7064 108.44485 2826.0188
379.09607 153.14044 2826.7673
342.0242 153.52481 2847.698
302.5149 153.99197 2738.328
352.52966 111.25886 2626.938
416.72104 152.75034 2805.8364
426.3124 217.42592 2802.7197
431.78656 282.2909 2712.167
378.7778 198.7214 2825.9902
357.3887 244.16495 2837.0667
351.16608 331.08612 2913.1965
353.99048 407.37738 2882.236
399.70755 244.4913 2813.3596
398.33975 332.91086 2879.632
403.4276 407.85635 2854.2893
379.65936 109.38382 2813.0747
378.89975 154.48352 2822.6785
341.83432 154.75587 2846.595
301.0267 157.84323 2747.1807
350.32697 112.93784 2630.994
416.59866 154.2065 2798.7617
426.1949 218.0375 2804.8484
431.67383 283.07532 2707.8071
378.37933 200.18855 2828.4146
356.8799 245.42885 2847.6973
350.39154 332.1364 2921.4597
353.3847 409.39145 2891.56
399.0437 245.99103 2820.604
397.28668 334.46628 2881.727
402.14877 409.18787 2863.0544
379.43988 109.524345 2807.6016
378.609 154.94545 2820.9172
341.58118 155.16742 2847.5068
300.08002 161.15642 2753.0962
347.37448 114.800514 2623.757
416.34152 154.71924 2794.3276
425.5404 219.38959 2807.9248
431.71118 284.20056 2702.5796
377.97122 200.70311 2829.1187
356.40875 245.83998 2852.3792
350.7057 333.1743 2913.6624
353.6502 408.86545 2885.6536
398.48886 246.5563 2822.2607
397.62253 335.58142 2872.4102
402.23624 408.8098 2859.0493
379.5453 109.350174 2815.3584
378.5976 154.54156 2824.186
341.56976 154.67186 2848.8052
299.51117 164.08891 2757.0417
345.51266 116.39466 2619.3245
416.27664 154.40897 2799.567
425.35425 220.46716 2808.4583
431.8731 284.92474 2698.7832
377.8715 200.21605 2828.7793
356.1744 245.3697 2847.315
350.8405 333.0903 2905.3857
353.7052 408.52872 2875.9194
398.32852 246.11888 2819.4304
397.9282 335.03455 2873.3284
403.0567 409.7663 2850.8618
379.60913 109.61954 2809.2424
378.53085 155.03038 2822.34
341.54684 155.14587 2849.8884
300.3546 166.51619 2756.025
345.05237 117.032974 2623.979
416.24396 154.91261 2794.792
425.1403 220.80386 2809.2285
432.1065 285.35828 2701.0774
377.7251 200.75957 2829.6672
356.00552 245.81895 2852.597
350.73508 332.84656 2919.4631
353.89935 408.67386 2885.7778
398.07288 246.69095 2821.3918
398.1005 335.1926 2881.005
402.80542 410.40845 2855.814
379.71252 109.50577 2804.6855
378.65912 154.99135 2820.4043
341.64954 154.94406 2847.9922
300.52225 171.08649 2764.5186
342.2797 121.611275 2605.9011
416.39987 155.03957 2792.8164
424.93542 220.89014 2812.1116
432.07462 285.46765 2706.1184
377.67578 200.76723 2830.3254
355.80984 245.69754 2855.8691
350.72253 333.04288 2916.0342
353.74594 408.4217 2882.021
397.8198 246.7549 2824.624
397.7567 335.2639 2882.6265
402.83395 409.59305 2857.1543
379.23145 109.14068 2804.405
378.46494 154.63489 2820.7617
341.44238 154.65436 2847.6648
301.10886 174.13293 2766.2627
340.18076 124.879196 2592.4993
416.20047 154.61505 2793.8586
424.55447 221.3563 2815.5544
432.08936 285.441 2705.6287
377.58023 200.41205 2830.739
355.80563 245.39195 2855.952
350.96948 332.97598 2912.3909
353.7853 408.546 2877.456
397.8232 246.34848 2825.4807
398.17157 335.0232 2880.2695
403.337 409.3043 2853.8154
378.81375 108.764305 2802.7576
378.3505 154.28282 2821.1787
341.3776 154.51585 2849.9788
302.16345 177.95337 2772.1218
338.67044 129.86137 2577.4988
416.08606 154.04497 2792.3787
424.27255 221.56763 2814.2744
432.15454 285.54184 2704.725
377.69632 200.0644 2832.6382
356.1913 245.08855 2860.4087
351.39923 332.52948 2917.2932
354.06897 408.0173 2883.6438
398.14407 245.87007 2827.7866
398.57214 334.4951 2882.4065
403.13943 408.9099 2855.7827
378.2226 108.23449 2803.4412
378.12823 153.78488 2821.8323
341.17535 154.1967 2851.1504
301.907 181.57013 2782.558
335.61017 135.8097 2569.0994
415.85703 153.36441 2792.514
424.29782 221.68144 2814.6394
432.1978 285.5342 2704.506
377.6855 199.56245 2833.7783
356.40616 244.65915 2862.328
351.21512 332.32828 2913.7607
353.8367 407.965 2882.5173
398.33145 245.25572 2829.1208
398.14862 334.11572 2879.157
403.0277 409.15347 2856.0798
377.74857 107.865906 2802.7751
377.70856 153.3667 2821.568
340.8674 153.95921 2854.651
303.6564 186.11266 2790.7705
333.57812 142.22592 2557.1724
415.4239 152.7601 2788.4854
424.3578 221.54243 2816.3135
432.27466 285.6016 2706.0024
377.40433 199.15317 2833.9688
356.3143 244.27876 2865.1091
350.80737 331.94452 2914.9304
353.71698 408.1868 2883.0786
398.1668 244.80609 2827.6296
397.86615 333.8908 2874.6213
402.7927 409.7428 2853.884
376.97433 107.955605 2802.9421
377.2581 153.54114 2822.2612
340.4948 154.37744 2857.4849
304.91708 191.41582 2809.8745
330.84665 151.31264 2552.644
414.9506 152.68369 2787.0374
424.61063 221.5721 2816.6514
433.7629 285.6471 2702.9688
377.2278 199.31664 2835.3276
356.4574 244.51021 2868.3418
351.09625 332.13187 2917.2966
353.83163 408.25177 2883.8923
398.23077 244.83638 2828.4463
397.74884 333.5625 2881.4072
403.20474 410.57788 2855.5083
376.90796 106.67758 2791.5364
377.00854 152.72978 2819.051
340.15854 153.53717 2852.8364
306.07465 193.68768 2804.4414
326.14954 158.14711 2544.9868
414.75256 151.9028 2785.2656
424.9171 221.79895 2817.3306
434.7374 285.98083 2695.8306
377.05835 198.54929 2837.3674
356.39825 243.62877 2874.8167
350.92023 331.3429 2918.214
353.66345 406.3172 2888.8083
398.09613 243.93532 2836.5513
397.43033 332.41006 2889.9846
402.9966 408.30096 2861.963
376.7155 106.049934 2797.3318
376.9124 151.97163 2821.1733
340.0226 152.9086 2852.644
308.0248 197.1856 2807.729
321.89087 166.34769 2542.482
414.6345 151.01352 2789.7026
424.9762 221.59947 2817.6611
435.25873 286.2597 2700.5537
377.1128 197.76602 2836.8594
356.5447 243.01855 2870.3691
350.9735 331.17792 2907.3403
354.01788 407.88406 2875.2139
398.33832 243.09546 2834.7217
397.65436 332.06125 2880.212
403.46756 408.6108 2852.5962
376.9285 105.687614 2799.728
377.34375 151.5768 2821.485
340.41574 152.63562 2851.6455
308.3101 196.79077 2816.8691
317.78625 175.31053 2541.958
415.06982 150.4951 2791.3247
424.91083 221.41557 2820.3267
435.4062 286.22562 2699.3025
377.68503 197.36615 2834.9976
357.2079 242.7745 2865.5903
351.73523 330.7636 2909.187
354.4019 408.71365 2873.5547
399.08932 242.66698 2831.4297
398.45804 331.74475 2877.0142
403.8221 409.77917 2850.9143
376.37567 105.59653 2800.4253
377.09723 151.41826 2821.8918
340.16876 152.61618 2851.7817
309.06128 197.70743 2820.9355
314.69263 184.09943 2538.852
414.81635 150.19469 2792.0017
424.80298 220.82901 2823.6616
435.629 285.8187 2708.1873
377.61438 197.20186 2835.1753
357.30692 242.6952 2865.3857
351.4295 330.4223 2913.859
353.89456 408.79385 2876.463
399.1955 242.42003 2831.5317
397.8195 331.23987 2881.954
403.0987 410.29968 2854.2031
376.0007 106.55949 2790.288
377.03638 152.65561 2816.6843
339.95914 153.88867 2842.8872
310.04987 202.79333 2826.4736
312.28473 193.73763 2539.5122
414.80994 151.39938 2790.4817
424.4514 220.64195 2824.8523
435.83618 285.3482 2717.4758
377.73254 198.50708 2834.3523
357.58636 244.01128 2866.8625
351.74152 331.85965 2911.8284
354.0843 409.98715 2878.811
399.4718 243.56737 2837.1777
397.8749 332.33127 2885.1172
403.15164 411.08246 2858.6968
375.17004 106.50843 2775.724
376.8157 153.11685 2810.736
339.61823 154.62662 2834.5586
309.72995 208.28563 2829.7307
310.35773 204.84343 2539.0903
414.6491 151.5813 2786.9138
424.59967 220.54478 2824.972
436.0086 285.0266 2718.741
377.93622 198.99936 2834.832
358.23853 244.52483 2872.4194
352.32806 332.32877 2914.7761
354.2468 408.78625 2885.2092
400.03436 243.68811 2845.4363
398.0324 332.40262 2889.3694
403.73947 409.96448 2862.7717
375.0175 107.393845 2778.424
376.82706 153.87332 2810.776
339.6111 155.51303 2833.6182
309.7084 211.7147 2838.3687
308.7169 212.48224 2545.5688
414.65286 152.20677 2787.9336
425.38077 219.94342 2819.983
435.99762 284.90012 2719.0706
378.1191 199.76346 2833.94
358.57135 245.41592 2870.039
351.74252 333.35193 2909.6328
353.8342 409.82126 2876.91
400.39838 244.39842 2844.169
397.84985 333.5542 2879.3223
403.51508 411.36374 2853.4854
374.71573 107.50095 2778.7744
376.69266 154.03143 2810.5906
339.46252 155.77806 2832.6624
311.32376 214.85669 2844.6875
307.16333 219.72046 2553.4258
414.51212 152.25713 2788.5188
425.88223 219.8645 2819.9907
436.03104 284.87204 2715.775
378.12537 199.9262 2833.581
358.70654 245.66212 2869.0708
351.21072 333.4724 2910.7563
354.07028 409.01282 2879.6768
400.54654 244.49721 2844.0723
397.88953 333.58514 2880.8816
403.41223 409.89005 2853.2788
374.3664 107.795456 2779.9468
376.46674 154.18681 2811.0461
339.24878 156.0165 2833.3171
312.65588 216.38661 2855.8389
304.7871 226.69333 2568.6995
414.27914 152.32793 2788.7751
426.12625 219.70598 2817.497
436.04828 284.93787 2718.7844
378.00278 200.07292 2833.9565
358.68924 245.84602 2869.4792
350.93167 333.4043 2915.4165
354.02274 408.37262 2882.731
400.52374 244.59456 2844.2544
397.31512 333.6857 2880.7104
403.3155 410.10995 2852.3682
374.12524 107.5848 2779.0383
376.43866 154.13393 2810.5461
339.19717 156.09792 2831.4695
315.31982 218.51535 2855.9233
303.22534 234.36032 2575.4482
414.2388 152.14047 2789.6228
426.2465 219.83018 2816.2517
436.0875 284.8615 2714.0544
378.15265 200.01927 2833.788
359.00806 245.8799 2868.88
351.08444 333.4639 2914.481
354.59924 407.5012 2883.0615
400.84293 244.43022 2845.1802
397.4084 333.44623 2882.603
403.76303 409.96622 2853.5222
374.13382 107.15873 2778.5833
376.41785 153.86978 2810.5962
339.14807 155.88055 2829.2312
316.14902 218.57925 2856.9646
301.70673 241.7478 2587.2463
414.18515 151.83215 2791.9612
426.0914 219.50499 2818.628
436.05997 284.85153 2720.3987
378.20786 199.75284 2833.968
359.13156 245.67381 2867.8943
350.92963 333.35916 2911.7178
354.2568 407.2404 2880.8416
400.96005 244.09088 2846.7856
397.24744 333.09918 2883.298
403.31503 410.33655 2854.3994
373.9978 107.368385 2780.3533
376.28116 154.01338 2811.373
339.00378 156.02643 2828.5337
317.57748 219.76958 2864.4836
301.00177 246.47275 2598.6086
414.0164 151.97562 2794.2124
426.13556 219.54268 2819.3115
436.0976 284.78113 2714.976
378.0906 199.88611 2834.2646
359.0301 245.84006 2866.8748
350.64246 333.52844 2910.9055
354.135 407.2751 2881.8923
400.85437 244.20193 2847.4377
397.1385 333.3378 2880.7683
403.1579 410.59894 2854.0457
373.85117 107.15731 2779.7375
376.2335 153.86252 2811.0872
338.94534 155.90787 2827.5947
318.98984 221.73857 2863.745
300.4582 252.9563 2608.3882
413.96216 151.79303 2794.5796
426.49393 220.04778 2816.1519
435.86234 285.30374 2711.4646
378.08832 199.74037 2833.8242
359.06693 245.7338 2865.91
350.75757 333.52838 2908.5989
354.34308 407.5186 2880.9917
400.89716 244.03644 2847.2126
397.2744 333.21967 2879.8132
403.0908 409.75983 2854.9712
373.6983 106.811134 2778.932
376.1255 153.59587 2810.9226
338.82196 155.67299 2825.8064
319.49457 224.03046 2863.3748
299.97705 260.10272 2611.819
413.82617 151.49666 2796.0388
427.00586 220.00821 2816.5767
434.10712 285.0429 2708.4102
378.0326 199.47333 2834.0054
359.0637 245.5018 2865.5176
350.89697 333.0582 2913.2908
353.93924 407.62006 2881.088
400.8774 243.71185 2848.6587
397.30746 332.82892 2881.856
402.67514 409.10913 2859.0425
373.77756 106.43587 2769.029
376.20966 153.41858 2807.39
338.84106 155.48166 2819.2988
320.54376 224.0963 2868.687
300.7157 263.971 2627.743
413.8966 151.33794 2795.4812
427.2484 219.77153 2814.294
433.11636 284.695 2708.0286
378.09317 199.31041 2834.445
359.12802 245.2692 2868.2454
351.17307 332.5549 2919.9705
353.5877 408.46423 2878.9673
400.85254 243.39523 2854.755
397.219 332.40625 2886.1807
402.76657 409.0998 2862.3926
374.10483 107.36465 2774.0896
376.1623 154.13441 2808.9746
338.81976 155.89523 2823.164
321.6722 224.02562 2870.3455
300.4901 269.13797 2652.687
413.884 152.35571 2794.785
426.23547 218.7515 2816.1714
431.88803 283.91776 2718.2903
377.68497 200.03668 2833.5312
358.3405 245.8773 2866.1245
350.1078 333.5074 2911.766
353.14685 408.7039 2877.995
400.13995 244.41896 2850.0515
396.52582 333.81427 2875.7124
402.0143 411.0355 2851.943
373.8854 107.22581 2787.6067
375.9158 153.75305 2814.4136
338.64645 155.49863 2829.1194
322.84055 225.08961 2870.1707
300.72916 272.32623 2663.8064
413.5767 151.98914 2799.7075
425.33197 218.77069 2819.5872
430.9811 283.44446 2723.9783
377.44296 199.59586 2833.0347
358.06406 245.55257 2859.9836
350.55292 333.48517 2904.688
353.78156 408.28586 2873.898
399.9586 244.1232 2843.3281
397.38815 333.81674 2867.5994
402.56488 409.52545 2851.5935
373.05002 106.84619 2772.8894
374.8488 159.95927 2819.0916
337.7001 161.4837 2838.053
323.8957 226.03496 2876.082
301.75775 278.5577 2695.528
412.50058 158.41422 2800.1301
424.89542 219.71014 2820.3518
429.62314 283.96075 2718.2332
376.08902 205.67337 2828.0935
356.39725 251.61281 2847.8076
349.55237 337.69147 2904.7178
352.7595 413.4893 2869.565
398.40414 250.57803 2826.3833
396.31808 337.96246 2867.4998
401.7667 414.75537 2842.4062
373.66904 106.4787 2775.017
374.8615 156.37987 2816.1165
337.67917 157.51611 2836.2244
325.3559 227.3194 2877.0906
302.49362 281.959 2720.2556
412.5786 155.22726 2796.0085
424.74432 220.76038 2819.6494
429.02994 284.54996 2716.1912
375.58453 202.17268 2833.0962
355.44775 247.69504 2861.4492
350.5423 336.4848 2919.4348
352.96118 405.75726 2887.2417
397.31717 247.14252 2838.7026
397.36374 336.99103 2884.3896
402.20993 406.86688 2861.682
373.97083 106.40927 2778.0762
374.96277 154.67493 2815.6987
337.79987 155.66982 2837.5913
326.27505 226.37569 2881.0576
303.89417 282.82925 2735.2573
412.70813 153.66443 2793.806
425.4746 220.9644 2816.8252
428.70444 284.97354 2712.7507
375.48096 200.50305 2835.7798
355.17816 245.8506 2868.2522
350.55063 333.9647 2922.1538
353.6479 406.7384 2885.6118
396.98694 245.52136 2843.4697
397.7022 335.01123 2883.0718
402.6415 408.27515 2857.417
374.33148 105.94742 2768.6008
375.20007 153.61745 2812.0732
337.9945 154.5801 2834.548
326.52295 224.62988 2887.535
304.6988 283.0928 2755.3328
413.00513 152.63931 2789.5984
425.1141 220.67897 2818.4102
428.52893 284.98376 2713.6587
375.69336 199.45958 2838.7473
355.42838 244.5834 2878.1455
350.96707 332.5072 2923.2983
354.382 406.44574 2890.7947
397.11166 244.31183 2852.6973
397.74774 333.4847 2887.9192
402.92426 407.7222 2863.5427
374.70276 105.65953 2765.3645
375.53696 153.00914 2810.2688
338.30127 154.016 2832.6296
326.4426 225.15752 2891.7698
306.22833 285.1531 2760.7185
413.37 151.98611 2787.908
425.8236 220.218 2817.209
428.48993 284.96613 2715.303
376.08752 198.87408 2839.2646
355.89114 243.9732 2880.922
351.26242 332.02975 2917.7942
354.42163 407.33875 2883.2273
397.54663 243.64879 2855.5989
397.90625 333.09705 2879.662
403.09488 408.73557 2857.0554
374.93637 105.00495 2772.238
375.59268 151.97745 2812.551
338.36908 152.7694 2834.0173
325.8126 226.70186 2890.874
307.16147 287.87323 2762.0806
413.38885 151.17331 2791.0847
426.66452 220.0742 2814.6057
428.3978 284.89053 2715.266
375.86298 197.85739 2838.8042
355.36264 242.95413 2877.2139
350.4118 331.21835 2910.1118
353.14224 407.4187 2876.5132
397.071 242.83841 2852.901
397.11032 332.1958 2879.9937
402.2944 409.7233 2848.8762
375.03104 104.3734 2775.1804
375.62195 151.39508 2813.938
338.4526 152.19 2837.3005
325.99142 228.27324 2891.436
307.0972 289.7328 2760.895
413.41364 150.58685 2790.5757
425.90268 216.32018 2818.3267
428.18127 281.09082 2729.4429
375.8695 197.27368 2839.2788
355.35654 242.3663 2877.8506
350.85782 330.58102 2911.177
353.72412 407.76288 2880.749
397.06146 242.3146 2851.3884
397.24924 331.5439 2881.8606
402.86594 409.85242 2850.2825
375.6353 104.86683 2787.6433
375.92105 151.30006 2817.866
338.76962 151.8983 2839.5408
327.27908 229.06783 2892.6997
308.184 290.8554 2763.4768
413.64844 150.69257 2796.1912
425.01428 214.51025 2822.8098
427.96335 278.96448 2733.4285
375.91336 197.13867 2837.3857
355.08292 242.29666 2869.1807
351.08673 330.90918 2899.5535
353.1866 408.92737 2870.8855
396.90833 242.40562 2844.6304
396.92325 331.92133 2873.1804
402.89014 410.9369 2845.1396
375.72345 104.81153 2783.3855
375.79205 151.41832 2815.8767
338.62 152.03694 2837.8918
327.52512 229.05492 2891.3518
308.73923 291.24863 2774.377
413.54993 150.78995 2793.8616
424.38162 216.7585 2823.9082
428.0505 280.97568 2728.699
375.81488 197.28989 2837.2651
355.02985 242.4259 2871.121
351.58832 330.5334 2910.8726
353.25336 408.35226 2883.2212
396.82718 242.52458 2846.1863
397.14917 331.92477 2875.9932
402.4966 409.1012 2857.519
375.38138 105.86285 2781.251
375.52206 152.59137 2815.0515
338.39484 153.28296 2839.6436
328.4428 228.75432 2891.672
309.9782 290.63593 2773.633
413.30368 151.88759 2790.4597
424.44614 218.37566 2822.4524
428.19302 282.7115 2723.7678
375.61993 198.46806 2837.234
354.93378 243.57877 2873.3447
351.29575 331.5953 2913.2593
353.34158 409.70282 2883.8608
396.70227 243.68771 2845.4875
396.844 333.09906 2875.2632
402.66977 410.45657 2856.2812
375.62427 106.70623 2780.689
375.69427 153.46109 2814.5425
338.54645 154.14316 2838.6416
329.10123 228.99925 2891.3408
310.3433 290.00842 2772.6367
413.48376 152.76726 2790.4436
424.5327 219.37901 2820.2239
428.2349 283.71106 2719.6833
375.79523 199.34143 2836.8809
355.1072 244.45403 2872.8665
351.74197 332.7576 2906.9504
353.67627 409.6854 2880.844
396.88138 244.55621 2845.5718
397.32062 334.09863 2872.0693
402.96402 409.97684 2858.076
375.07755 106.46351 2780.9028
375.3756 153.24414 2815.2686
338.27036 154.04112 2840.7886
329.01996 229.03772 2895.1665
310.70728 289.60895 2771.1519
413.15973 152.43259 2789.7483
424.29953 217.68567 2821.515
428.30527 282.10687 2728.2512
375.60535 199.11172 2837.982
355.06607 244.23943 2875.1484
351.33417 332.24872 2913.7642
353.39722 408.3631 2883.9426
396.80765 244.26257 2846.2424
397.12592 333.7192 2874.2776
402.77713 408.66315 2856.6648
375.51285 106.07863 2781.5112
375.5934 152.79924 2815.253
338.43143 153.5545 2837.9534
328.89307 228.6444 2893.0823
310.94083 289.39304 2768.964
413.35956 152.03168 2792.5525
424.08047 218.63968 2821.7551
428.25568 282.9158 2723.3435
375.79352 198.67607 2837.2517
355.1909 243.86208 2872.108
351.25592 331.99854 2910.0464
353.72913 408.29434 2878.2915
396.97815 243.83173 2846.3933
397.68726 333.32077 2873.5747
402.9561 408.69577 2855.1506
375.33328 105.70036 2769.8237
375.61002 152.68896 2811.021
338.35666 153.52318 2831.7136
328.32867 228.23637 2890.54
311.1882 289.23505 2765.7495
413.4159 151.84238 2790.3284
424.0836 219.32307 2821.393
428.2621 283.75534 2719.6326
375.94757 198.57562 2838.354
355.51306 243.6817 2877.406
351.25232 331.41605 2920.0261
354.21225 408.0108 2886.4675
397.21478 243.49144 2853.968
397.59018 332.78906 2880.342
402.74478 408.56903 2863.0745
375.30066 106.02176 2775.473
375.68002 152.86697 2813.2463
338.5094 153.75456 2836.7944
328.55106 228.42653 2887.7686
311.36313 289.27792 2760.7815
413.47812 151.9644 2789.6982
424.3103 219.96574 2820.6978
428.2934 284.2049 2717.3076
376.05072 198.74382 2838.0684
355.6479 243.89917 2876.2273
351.00992 331.76016 2916.638
354.06836 408.74353 2880.3938
397.37646 243.7504 2849.5535
397.63953 333.46725 2869.1145
402.4364 410.01276 2852.3337
375.19305 105.91873 2767.3047
375.7586 152.81 2810.769
338.51273 153.77277 2832.0251
328.4596 230.11786 2886.8853
310.2115 290.3934 2748.2654
413.57214 151.83258 2789.513
425.369 219.75305 2816.8633
428.34796 284.6106 2717.4365
376.25656 198.67424 2839.9639
356.00662 243.76169 2881.1968
351.17334 331.47217 2921.5303
354.40155 407.3653 2887.7554
397.6569 243.44722 2857.1206
397.92175 332.67596 2882.6016
402.60696 407.5246 2864.9414
375.14365 105.43907 2763.2158
375.89706 152.58333 2810.085
338.63034 153.588 2830.8728
328.02597 230.66245 2884.445
309.12607 291.3009 2751.2083
413.71927 151.56369 2789.2974
426.30643 219.62396 2812.4348
428.29233 284.77368 2721.7075
376.44925 198.44446 2840.868
356.26593 243.51048 2883.4226
351.02628 331.45657 2916.7185
354.35834 407.0702 2885.607
397.88382 243.1327 2859.879
397.92633 332.5023 2880.1528
402.64273 407.96487 2858.9424
374.98825 106.06771 2762.6694
375.95776 153.24039 2809.4011
338.68796 154.26196 2830.659
327.40875 230.33797 2883.7168
309.34308 291.48187 2745.8948
413.7959 152.20323 2788.143
426.9248 219.6723 2811.7236
428.22388 284.74146 2718.94
376.5349 199.10852 2840.2197
356.3722 244.18098 2883.0771
350.83377 332.16547 2915.3582
354.2159 407.813 2884.3408
398.0017 243.80125 2858.9998
397.40912 333.27554 2877.4036
402.9621 410.52655 2855.2112
374.70685 105.121445 2771.3936
375.8168 152.08017 2812.765
338.61996 153.26132 2835.4634
326.89984 230.46986 2882.3604
308.65024 291.96774 2744.8987
413.6189 150.8798 2790.0664
427.23123 220.10846 2811.3555
428.2498 284.80188 2713.1611
376.55878 197.94223 2839.983
356.54 243.18663 2880.0562
350.96265 331.29767 2911.8413
354.17905 406.33807 2882.3186
398.22025 242.67824 2854.3457
397.54898 332.18097 2875.8381
403.38397 410.0474 2847.8943
374.7241 105.30304 2774.7554
375.84064 152.26581 2813.8108
338.68494 153.54118 2837.8777
326.95258 230.329 2879.1775
308.47012 292.20926 2742.6248
413.63745 150.96841 2789.744
427.38614 220.22272 2811.1753
428.23447 284.94922 2706.72
376.68216 198.124 2839.567
356.75812 243.43942 2878.9531
350.89197 331.60663 2909.8118
354.39044 407.5218 2884.0718
398.45737 242.87337 2851.6929
397.17657 332.28525 2877.1453
403.6755 411.62982 2847.6208
374.73853 105.1845 2766.4434
375.8485 152.38768 2811.2979
338.62595 153.71683 2833.4707
326.97217 230.56105 2879.0894
308.38818 292.38507 2741.9165
413.66293 151.0374 2789.1252
426.8647 219.9715 2810.5974
428.19455 284.9999 2707.326
376.78726 198.23595 2840.811
356.97864 243.48593 2882.8818
350.9661 331.38086 2916.8994
354.49402 407.63965 2887.5183
398.61688 242.79381 2857.7664
397.1116 332.04395 2882.6648
403.7162 410.6163 2858.7126
375.18555 105.24307 2771.7808
375.97424 152.30026 2813.2842
338.76624 153.43802 2835.0867
326.5886 230.07747 2878.037
308.40732 292.42953 2746.9822
413.7635 151.14476 2791.4817
427.185 220.15628 2811.3013
428.28952 284.95496 2706.7654
376.66843 198.1549 2840.2998
356.59805 243.3903 2879.6626
350.33823 331.428 2912.3743
353.83768 408.10992 2879.568
398.28052 242.89851 2854.9683
397.02844 332.49597 2873.4653
403.235 411.4749 2850.0186
375.54385 105.51807 2786.458
376.07974 152.13261 2818.6943
338.96503 153.12436 2841.835
326.69467 229.6254 2876.0107
308.80798 291.86688 2742.1328
413.8089 151.12445 2795.5537
427.35132 220.12978 2808.6702
428.3332 284.94177 2706.455
376.5472 197.93788 2839.229
356.21103 243.22603 2872.8694
350.29852 331.39084 2907.826
353.80756 408.27997 2875.099
397.99643 242.94336 2846.658
397.27194 332.6661 2868.5002
402.74216 411.2182 2846.1038
375.17786 105.34657 2783.2915
375.8847 151.98068 2817.7798
338.73386 152.9147 2839.5486
326.5562 229.49489 2873.0078
309.2768 291.73767 2735.626
413.614 151.03212 2796.011
427.42654 220.2371 2810.3352
428.36737 285.02686 2707.4834
376.30856 197.80392 2840.2063
355.9414 243.04172 2874.9612
350.52396 330.83636 2916.7805
353.72617 408.26584 2883.5247
397.68994 242.77551 2850.3044
397.04657 332.1118 2878.386
402.61795 410.2166 2859.3547
375.36777 105.640724 2781.7087
375.85162 152.43039 2817.4592
338.7324 153.31764 2841.0938
327.07846 229.85016 2876.5056
309.1555 291.49652 2736.0928
413.59894 151.5281 2793.8245
426.79504 219.99214 2812.6692
428.35675 285.0342 2706.922
376.20636 198.2573 2840.7915
355.79538 243.41083 2877.5095
350.80756 331.36194 2914.8958
353.53772 408.42133 2884.264
397.51013 243.26361 2850.7383
396.89493 332.76257 2874.7776
403.06403 411.63907 2854.7864
375.65622 105.34667 2780.915
376.10938 152.0179 2817.117
338.95148 152.84555 2839.0562
327.04517 230.31656 2875.253
308.52255 291.96423 2739.7148
413.8506 151.17726 2795.1775
426.47852 219.87083 2813.8328
428.289 284.8906 2709.3108
376.40445 197.8564 2840.7402
355.9241 243.0087 2876.7886
350.8799 331.0834 2912.161
353.856 407.78366 2880.6355
397.64615 242.86832 2851.9385
397.17038 332.3933 2874.6824
403.5483 411.33313 2854.3743
375.52344 105.52328 2781.0173
375.96506 152.0666 2817.4731
338.77966 152.8519 2837.386
327.02762 230.15125 2875.1267
308.08423 291.90555 2741.6616
413.67984 151.27013 2797.56
426.52533 219.70769 2814.4143
428.27017 284.8698 2712.33
376.23166 197.90166 2841.0488
355.7138 243.06456 2875.9023
350.59784 331.08258 2913.022
353.5543 408.58072 2879.2935
397.4381 242.89935 2853.347
396.85895 332.30637 2877.8752
402.91437 411.00012 2856.496
375.2445 105.24826 2790.5703
376.0168 151.43454 2821.5813
338.87903 152.45554 2841.0605
327.22443 229.46294 2873.5747
308.4207 291.07864 2737.0505
413.67096 150.39935 2802.1023
427.01636 220.0238 2813.1958
428.2989 284.88547 2709.6492
376.5651 197.21619 2840.8906
356.29074 242.6024 2871.2314
351.4833 330.7849 2908.3687
354.3556 408.44666 2874.9207
398.08237 242.15524 2849.1685
397.95114 331.62262 2875.4053
403.60443 410.12854 2849.3652
375.55798 104.699165 2795.3467
376.55548 150.80882 2822.8066
339.41306 151.9144 2841.0073
327.11688 229.62938 2875.2915
308.35858 291.65262 2738.2515
414.18 149.6889 2804.6062
426.36813 219.47922 2814.5935
428.33096 284.86783 2715.1223
377.21964 196.57759 2839.2952
357.0204 242.11118 2866.091
351.99863 330.23877 2907.4905
354.4082 408.3998 2874.6614
398.88293 241.52237 2845.476
398.1198 330.74622 2879.5388
403.75534 410.07098 2849.5732
375.73813 105.30713 2797.7327
376.66577 151.22305 2823.1526
339.56326 152.41963 2843.6606
327.357 230.01346 2877.1428
308.31314 292.00958 2744.1792
414.31125 150.00896 2802.6448
426.0404 219.21027 2815.296
428.27832 284.81442 2715.4148
377.39777 196.98529 2838.2969
357.25937 242.56534 2865.0562
351.71594 330.5085 2910.0723
353.84824 409.06458 2880.8684
399.15515 241.95572 2841.8262
397.2153 331.25406 2876.5068
403.39798 410.9007 2850.4807
375.67584 105.74499 2778.9285
376.54276 152.20003 2816.607
339.35284 153.4322 2837.039
327.97412 230.61134 2879.568
308.1756 292.2479 2744.573
414.27618 150.94984 2796.1748
426.24103 219.26819 2814.1533
428.3168 284.90588 2716.649
377.34912 197.98863 2841.003
357.36664 243.32048 2876.9697
351.32166 330.82138 2922.8335
353.9278 408.64526 2892.3672
399.08527 242.67201 2853.828
397.0072 331.39413 2892.673
403.01016 410.318 2867.069
375.53888 105.073166 2779.0256
376.43625 151.83308 2817.216
339.2324 153.05974 2836.0947
327.98996 230.9023 2878.2856
308.08417 292.31387 2748.4434
414.14206 150.58986 2798.3374
426.87262 219.60022 2813.076
428.2675 284.8594 2716.1292
377.24878 197.63605 2841.642
357.2691 243.00565 2876.76
350.8063 330.93573 2913.0703
353.98465 407.8723 2881.5125
398.9814 242.30838 2855.3765
397.36746 331.496 2882.7979
403.10373 409.64056 2856.0845
375.03293 105.04186 2779.5732
376.10947 151.69998 2816.9424
338.90723 153.06808 2835.9148
327.79724 231.34889 2878.1414
308.0614 292.48306 2743.6294
413.81622 150.31334 2797.97
427.10617 219.55858 2812.0369
428.23434 284.8347 2715.8997
377.09576 197.51562 2841.1162
357.28345 242.98274 2876.0347
350.7312 331.02548 2910.5059
354.23654 407.82092 2881.137
399.00388 242.13046 2854.5454
397.1962 331.53952 2877.683
403.22055 409.81693 2852.436
375.06628 104.577614 2789.8477
376.28516 150.92564 2821.2559
339.14026 152.23445 2840.5076
327.69644 230.77522 2879.0662
308.1538 292.56653 2750.6729
413.9405 149.59883 2802.004
427.22824 219.65823 2814.0215
428.21536 284.9064 2718.536
377.18457 196.70058 2840.7244
357.25278 242.24039 2871.096
350.75882 330.49734 2904.5857
354.16394 407.9873 2876.4937
399.05005 241.46135 2849.29
397.31793 331.17828 2869.289
403.08252 409.2919 2849.3801
375.6386 104.90327 2794.985
376.46768 151.07188 2823.4019
339.35995 152.33516 2843.4214
327.34732 230.58682 2879.0308
307.98776 292.51328 2744.1572
414.1054 149.79056 2803.382
426.5732 219.6058 2815.0122
428.26657 284.937 2712.989
377.2961 196.82347 2840.8767
357.28467 242.36522 2869.6897
350.96457 330.41632 2908.6653
353.80807 408.6126 2880.8086
399.11005 241.66325 2847.0137
397.58463 331.3985 2868.4775
402.85132 410.42737 2855.0444
375.21442 105.13015 2800.555
376.08463 151.19948 2825.231
339.02454 152.45819 2846.547
327.07196 230.59195 2879.0134
308.01828 292.64667 2743.982
413.7082 149.92163 2803.9146
427.03693 219.66812 2813.5078
428.29117 285.00345 2713.9756
376.88025 196.92455 2840.3945
356.8261 242.48868 2867.6306
350.6208 330.6049 2906.7764
353.6959 408.07205 2881.5479
398.68567 241.83656 2843.4858
396.96002 331.28088 2873.831
402.55344 409.993 2851.634
375.18896 104.96895 2790.8398
375.92313 151.40234 2821.8352
338.81464 152.60773 2842.918
326.7403 229.38797 2877.0103
308.4976 291.56003 2745.0688
413.59027 150.17882 2800.7527
427.16782 219.59596 2812.7532
428.31808 284.95187 2717.6077
376.67444 197.17152 2841.4355
356.61343 242.61127 2872.9756
351.11362 330.5242 2913.8027
353.8491 407.71622 2888.6477
398.3918 242.01341 2849.096
397.32434 331.2006 2881.4597
402.10168 408.901 2861.6921
375.16382 104.60607 2785.4814
376.04062 151.18869 2819.8274
338.9304 152.3943 2842.3318
326.77127 229.69739 2878.5066
308.26074 291.76645 2745.3938
413.74796 149.96367 2797.323
426.546 219.4698 2814.3767
428.31982 284.8895 2717.7905
376.78043 196.98343 2842.0786
356.73853 242.33865 2877.0752
351.69565 330.25803 2915.804
353.84665 407.48715 2886.2507
398.46457 241.79228 2851.5845
397.7242 330.7854 2886.618
403.07764 410.70856 2852.5273
375.28235 105.25388 2783.8037
376.05054 151.81897 2818.918
338.93753 153.01505 2841.9563
326.88943 230.04353 2877.2532
308.17117 292.19696 2749.1877
413.77518 150.60318 2795.88
426.92285 219.59845 2813.1921
428.31387 284.8782 2717.825
376.7806 197.6257 2841.6199
356.7329 242.96324 2877.3691
351.59784 331.02878 2912.5122
353.65723 408.73645 2880.3694
398.4553 242.44705 2851.2744
397.31873 331.72556 2880.0056
402.98438 411.61426 2850.7078
375.2162 105.37121 2791.9663
375.9832 151.68489 2821.4636
338.94565 152.89685 2846.4995
326.7431 229.7148 2877.1265
308.92685 291.76114 2744.4746
413.6839 150.45122 2796.4275
427.10727 219.76874 2812.6
428.30466 284.93356 2718.01
376.6823 197.46524 2840.6763
356.5895 242.86162 2874.0686
351.17346 330.79318 2913.8171
353.5796 408.12604 2876.7341
398.36166 242.39703 2845.7095
397.2323 331.92508 2872.8887
403.23416 411.61798 2844.9434
375.57416 104.94719 2785.5454
376.0789 151.45323 2819.5571
339.01068 152.55241 2844.4692
326.6704 230.25899 2878.5684
308.41104 292.1543 2744.4902
413.80795 150.33444 2794.645
427.2034 219.64589 2812.2979
428.30206 284.85553 2717.7944
376.6604 197.25563 2841.783
356.4801 242.5168 2878.1172
350.89798 330.1051 2922.2737
353.84903 407.3856 2884.5637
398.19113 242.1758 2849.9006
397.02933 331.17776 2885.5203
402.8902 409.5199 2858.444
375.30588 104.857834 2792.3318
376.10544 151.1714 2822.8894
339.04175 152.23807 2845.786
326.33722 230.83347 2879.2822
307.82684 292.47653 2734.2603
413.77527 150.08731 2799.993
427.25485 219.6842 2812.144
428.26855 284.7583 2716.5864
376.6547 196.93524 2842.4282
356.41284 242.26218 2874.9348
351.27905 330.29816 2912.2659
353.7031 407.88235 2877.0752
398.16928 241.88454 2848.9993
396.9163 331.10965 2880.6292
403.21896 409.48184 2851.7224
375.8114 105.17009 2796.7256
376.4747 151.38063 2824.4387
339.41104 152.4636 2846.4258
326.57135 231.01617 2878.6406
307.86777 293.12265 2734.6062
414.11993 150.2807 2802.452
427.27896 219.60233 2812.0679
428.32178 284.68707 2717.003
377.04556 197.1227 2841.1228
356.7891 242.54433 2870.2585
351.43484 330.65012 2908.9377
354.43076 408.4144 2876.9573
398.6127 242.11516 2845.3552
397.85837 331.32935 2879.6848
403.03726 409.869 2849.1694
375.76242 105.65482 2799.4224
376.43027 151.82019 2824.5264
339.3521 152.90845 2845.5916
326.888 230.80708 2878.3196
307.85455 293.13516 2741.1682
414.06567 150.71558 2803.461
427.24533 219.55092 2810.5298
428.32693 284.73587 2719.3115
377.023 197.55951 2839.3347
356.75616 243.05733 2866.073
351.27707 331.22238 2905.9548
353.96332 408.44 2878.634
398.6381 242.58914 2842.2131
397.60175 331.92496 2876.013
402.9849 410.0057 2850.2664
375.60016 106.12843 2800.7715
376.23264 152.2487 2824.366
339.17288 153.38998 2846.5146
326.64734 230.5982 2877.155
307.85428 293.0514 2742.5305
413.8782 151.08939 2802.2175
426.57462 219.32869 2810.766
428.26584 284.6808 2717.4463
376.87183 197.98961 2838.7686
356.6512 243.51233 2865.7146
351.27667 331.41757 2910.935
353.97708 408.43234 2882.0547
398.54208 243.02295 2840.6274
397.21198 332.23196 2877.9727
402.87332 410.5013 2851.1199
375.5051 106.41095 2806.2876
376.21194 152.23473 2826.242
339.22525 153.51695 2850.701
325.37173 229.68019 2873.2917
307.84927 292.97385 2754.3577
413.8444 150.9301 2801.783
426.4476 219.43422 2813.1904
428.27933 284.77386 2717.8972
376.96198 197.93875 2838.3862
356.85294 243.53586 2864.3816
350.81723 331.3275 2911.8228
354.46112 407.73636 2883.5498
398.762 242.96805 2836.6794
397.3001 331.91763 2881.5918
403.3354 410.2971 2850.7964
375.49268 105.630356 2802.2087
376.21725 151.59763 2824.9495
339.21085 152.81087 2849.4187
325.18494 229.44159 2876.6497
307.74127 292.85883 2757.3723
413.8704 150.36317 2800.48
426.4908 219.49303 2814.5952
428.2724 284.72388 2716.5588
376.89285 197.3309 2839.6685
356.73544 242.83546 2868.2449
350.56262 330.4819 2916.3806
354.26288 406.8601 2888.4138
398.59067 242.34721 2840.5303
397.19382 331.29593 2883.3828
403.0278 409.83398 2855.939
375.39084 105.56442 2801.1677
376.05615 151.48882 2824.216
339.07083 152.67926 2850.0813
325.2891 229.3282 2879.8247
307.79855 292.71375 2758.635
413.72522 150.27637 2798.3508
426.89532 219.50768 2813.3
428.25208 284.75806 2716.07
376.6767 197.2379 2839.2407
356.47556 242.7104 2868.9138
350.93256 330.5771 2913.0474
353.7021 407.08282 2884.9436
398.32056 242.29819 2839.617
397.09573 331.52637 2877.3677
403.02634 411.05026 2851.1282
375.6421 106.2168 2801.646
376.21057 152.13846 2824.5918
339.20953 153.33163 2849.5889
325.14938 229.25461 2876.9148
307.79492 292.75287 2755.9436
413.87234 150.92397 2799.595
427.09784 219.51527 2812.6462
428.28015 284.7647 2716.8086
376.85648 197.87827 2839.3508
356.67105 243.3672 2868.2664
351.46695 331.52438 2907.0212
354.34375 408.0701 2883.488
398.528 242.92065 2839.9534
397.4323 332.20963 2876.1455
403.63174 411.8992 2852.8562
375.4428 106.47817 2802.385
376.06247 152.33337 2824.9343
339.05893 153.60333 2849.5105
324.9723 229.13382 2879.9612
307.95563 292.63925 2761.979
413.7155 151.04114 2800.3584
427.30225 219.82697 2812.3196
428.25073 284.85144 2713.5303
376.8146 198.0647 2839.626
356.7323 243.59822 2868.2358
350.87753 331.67862 2907.829
354.20682 407.77792 2884.0396
398.58984 243.04959 2840.3994
397.01965 332.3647 2875.7026
403.58078 411.08426 2852.2053
375.46893 106.9717 2802.2554
376.14883 152.81802 2824.9182
339.10812 154.10817 2847.4895
324.89197 229.75629 2876.484
307.9971 292.6843 2749.599
413.78622 151.5071 2802.347
427.4354 219.95674 2808.6584
428.32913 284.96445 2711.0637
376.9687 198.5452 2839.1326
356.93085 244.13686 2866.1306
350.97073 332.1764 2907.646
354.33862 408.08502 2881.932
398.8176 243.49382 2840.5632
397.12357 332.5212 2881.3955
403.60596 411.18588 2851.0413
375.36624 106.900566 2800.6914
376.12582 152.87114 2824.3782
339.08234 154.27884 2847.1265
324.65372 229.76164 2873.242
307.99188 292.82803 2746.3777
413.77087 151.44058 2801.6301
427.48965 220.14621 2809.8323
428.3722 284.973 2709.7744
377.09097 198.60329 2839.1736
357.20328 244.24413 2866.8518
350.9817 332.13647 2910.5398
354.5118 407.23825 2884.7405
399.0779 243.47496 2841.0862
397.45584 332.58575 2880.0076
403.61163 410.4686 2852.9585
375.59863 107.02693 2801.4026
376.27893 152.95894 2824.3882
339.23892 154.37045 2847.425
325.2327 229.77008 2873.1104
308.02423 292.87845 2748.2527
413.92813 151.52422 2801.3513
427.41382 219.93333 2810.4155
428.36005 284.93726 2713.4172
377.24136 198.69057 2838.8538
357.3471 244.33841 2866.3657
350.86417 332.32162 2908.1768
354.32825 407.2356 2884.0208
399.23245 243.5751 2840.273
397.28616 332.72614 2878.8496
403.29102 409.74066 2852.4048
